SAMPLES:	12795
BITSPERSAMPLE:	16
CHANNELS:	1
SAMPLERATE:	16000
NORMALIZED:	FALSE
-145
-156
-155
-136
-122
-128
-124
-111
-87
-78
-77
-84
-97
-91
-97
-98
-80
-70
-44
-26
-13
9
3
16
-11
-58
-103
-148
-175
-182
-168
-123
-68
-36
-43
-59
-53
-58
-71
-87
-95
-137
-161
-189
-223
-237
-263
-255
-227
-205
-202
-192
-184
-157
-137
-124
-103
-89
-77
-79
-75
-65
-35
10
31
16
0
-26
-39
-24
-13
10
31
59
70
81
133
206
272
324
358
358
339
302
286
288
287
274
276
288
293
298
274
269
283
318
358
380
398
401
393
380
383
383
371
365
333
299
252
206
138
92
71
72
75
42
30
1
-29
-43
-38
-51
-57
-83
-113
-165
-221
-249
-306
-351
-385
-380
-375
-375
-368
-368
-378
-366
-343
-335
-349
-355
-348
-361
-388
-391
-366
-367
-364
-359
-377
-415
-443
-484
-502
-526
-544
-566
-608
-615
-597
-568
-546
-542
-537
-552
-576
-579
-576
-573
-552
-494
-417
-309
-218
-122
-37
49
134
202
292
348
409
474
567
649
710
777
837
902
936
934
920
909
888
866
879
897
929
974
995
1033
1059
1056
1042
1014
983
933
873
818
781
721
680
654
626
621
608
556
484
427
385
317
265
231
186
136
103
63
-5
-99
-178
-262
-335
-409
-458
-534
-620
-673
-726
-767
-793
-795
-790
-760
-745
-755
-769
-778
-788
-768
-763
-798
-865
-965
-1084
-1203
-1297
-1375
-1431
-1527
-1598
-1689
-1764
-1785
-1737
-1681
-1645
-1615
-1562
-1504
-1399
-1208
-982
-740
-546
-370
-215
-60
140
356
556
703
750
761
793
857
937
1031
1092
1118
1095
1082
1094
1102
1112
1088
1014
934
874
838
858
879
908
909
888
884
906
955
1000
1030
1035
1019
1023
1068
1145
1241
1307
1356
1419
1456
1485
1492
1473
1423
1359
1300
1261
1239
1203
1142
1048
951
842
783
702
575
396
168
-80
-324
-512
-666
-818
-1004
-1174
-1291
-1338
-1322
-1283
-1252
-1233
-1194
-1122
-1039
-994
-950
-941
-962
-1009
-1058
-1111
-1216
-1360
-1513
-1655
-1815
-1972
-2113
-2262
-2412
-2552
-2687
-2820
-2931
-2968
-2970
-2938
-2882
-2760
-2570
-2337
-2062
-1746
-1410
-1069
-760
-411
-5
409
797
1157
1466
1730
2015
2290
2517
2655
2689
2645
2578
2529
2486
2439
2344
2203
2027
1837
1682
1534
1390
1228
1061
841
653
522
408
338
283
281
295
321
371
464
556
659
762
846
944
1040
1170
1295
1399
1494
1579
1635
1664
1687
1661
1629
1574
1475
1351
1222
1075
927
761
558
408
228
52
-162
-357
-602
-845
-1068
-1287
-1459
-1608
-1712
-1776
-1828
-1828
-1767
-1686
-1590
-1502
-1395
-1264
-1137
-1048
-1020
-1065
-1094
-1053
-1033
-1060
-1139
-1273
-1418
-1565
-1664
-1774
-1899
-2005
-2109
-2226
-2380
-2547
-2684
-2784
-2865
-2924
-2963
-2943
-2840
-2668
-2408
-2102
-1714
-1265
-787
-285
237
716
1135
1517
1879
2222
2510
2777
2975
3116
3195
3243
3284
3299
3291
3238
3130
2935
2723
2490
2246
2010
1741
1470
1171
909
683
490
337
248
179
166
190
243
292
319
339
370
413
462
509
582
669
774
891
1040
1193
1312
1383
1398
1389
1337
1198
1019
829
662
527
397
315
231
150
52
-55
-198
-348
-465
-602
-801
-1059
-1328
-1568
-1759
-1892
-2005
-2093
-2150
-2193
-2208
-2151
-2007
-1825
-1613
-1372
-1128
-916
-746
-631
-570
-503
-438
-408
-425
-460
-549
-698
-815
-878
-941
-1026
-1184
-1423
-1714
-1997
-2190
-2298
-2330
-2337
-2360
-2367
-2338
-2247
-2083
-1864
-1659
-1470
-1278
-1079
-791
-403
24
464
880
1233
1582
1929
2255
2562
2801
2937
3039
3138
3202
3230
3207
3113
2958
2784
2575
2333
2095
1842
1588
1336
1109
949
805
661
532
377
242
148
132
167
199
218
225
265
326
411
502
573
618
641
657
688
753
788
825
840
887
928
941
936
893
835
730
645
592
544
459
346
171
-35
-233
-447
-636
-843
-1070
-1310
-1531
-1729
-1893
-1971
-1982
-1947
-1939
-2011
-2062
-2032
-1871
-1657
-1457
-1316
-1296
-1304
-1235
-1023
-776
-606
-567
-616
-724
-808
-839
-822
-802
-882
-1088
-1370
-1624
-1820
-1955
-2069
-2172
-2275
-2361
-2408
-2345
-2127
-1876
-1663
-1470
-1250
-997
-678
-305
86
476
790
1011
1192
1396
1657
1952
2244
2457
2566
2678
2773
2934
3064
3114
3082
2946
2753
2535
2299
2092
1882
1610
1333
1103
928
777
698
620
557
454
295
135
8
-91
-136
-128
-68
40
218
438
639
832
962
1070
1141
1151
1132
1077
1032
984
921
868
824
789
766
721
627
522
408
349
328
320
245
94
-109
-334
-558
-792
-1034
-1247
-1484
-1756
-2038
-2268
-2439
-2479
-2404
-2344
-2310
-2310
-2348
-2323
-2151
-1876
-1539
-1229
-1009
-860
-699
-512
-287
-53
84
43
-140
-372
-537
-624
-699
-809
-992
-1238
-1487
-1692
-1797
-1868
-1947
-2003
-2031
-2008
-1952
-1858
-1724
-1535
-1305
-1014
-699
-368
-18
261
472
675
911
1204
1538
1798
1946
2004
2068
2194
2364
2577
2724
2762
2741
2675
2574
2453
2310
2137
1893
1611
1326
1094
949
839
732
649
582
540
518
502
483
472
438
401
434
475
575
675
795
910
1004
1102
1137
1154
1136
1111
1071
1041
1005
947
859
780
704
650
612
549
404
208
-6
-163
-293
-429
-549
-688
-870
-1095
-1319
-1528
-1718
-1916
-2098
-2297
-2434
-2515
-2521
-2475
-2397
-2271
-2136
-1903
-1560
-1184
-874
-746
-670
-605
-433
-190
17
72
-88
-292
-471
-567
-559
-561
-676
-901
-1214
-1510
-1707
-1789
-1812
-1862
-2046
-2308
-2504
-2547
-2437
-2257
-2055
-1846
-1637
-1377
-1022
-604
-211
75
292
532
801
1137
1487
1776
1952
2114
2348
2662
2971
3205
3326
3295
3171
3047
2945
2835
2682
2430
2117
1755
1467
1259
1131
1015
863
715
586
513
504
522
509
484
454
506
560
617
662
669
675
668
710
794
880
925
952
925
889
903
977
1006
978
914
796
661
517
419
346
261
155
17
-177
-405
-617
-783
-902
-1058
-1252
-1477
-1679
-1853
-1968
-2051
-2080
-2138
-2182
-2223
-2230
-2197
-2082
-1858
-1532
-1205
-1022
-946
-906
-743
-462
-188
-96
-199
-479
-788
-966
-1018
-1044
-1135
-1348
-1640
-1961
-2239
-2376
-2439
-2482
-2553
-2672
-2798
-2857
-2799
-2627
-2391
-2166
-1941
-1636
-1199
-648
-66
463
882
1204
1544
1921
2324
2692
2977
3141
3240
3317
3389
3498
3633
3690
3618
3444
3231
2975
2709
2405
2064
1695
1333
1030
819
724
645
522
374
249
208
233
273
308
314
299
327
399
542
697
802
818
728
617
554
529
584
637
658
702
763
909
1115
1324
1426
1396
1272
1050
805
543
291
29
-269
-561
-795
-937
-1022
-1130
-1298
-1512
-1725
-1915
-2096
-2256
-2355
-2444
-2515
-2531
-2505
-2499
-2484
-2374
-2142
-1745
-1266
-895
-795
-829
-766
-485
-69
209
258
17
-383
-682
-793
-800
-819
-925
-1191
-1563
-1977
-2288
-2427
-2387
-2299
-2342
-2509
-2691
-2708
-2483
-2171
-1944
-1765
-1591
-1396
-1021
-494
102
628
1052
1415
1813
2269
2712
3073
3312
3429
3430
3467
3553
3709
3817
3830
3665
3413
3210
2982
2716
2324
1856
1378
1016
768
591
422
212
-2
-222
-354
-396
-378
-336
-354
-394
-422
-367
-175
103
407
633
708
735
797
904
1036
1205
1349
1412
1432
1423
1428
1417
1424
1439
1402
1234
966
683
376
53
-224
-475
-707
-973
-1307
-1637
-1907
-2083
-2190
-2250
-2281
-2264
-2184
-2136
-2102
-2042
-1999
-1940
-1872
-1796
-1799
-1845
-1827
-1574
-1028
-441
-36
99
72
66
152
324
435
341
-37
-534
-861
-932
-847
-792
-859
-1083
-1439
-1818
-2125
-2288
-2423
-2510
-2697
-2926
-3014
-2937
-2688
-2378
-2030
-1705
-1382
-1053
-628
-176
225
516
866
1335
1828
2261
2563
2811
3014
3251
3559
3820
3971
4018
3927
3760
3510
3275
2990
2689
2338
1941
1502
1116
815
601
463
319
167
14
-116
-194
-177
-122
-99
-123
-109
-37
55
173
288
376
469
551
684
820
942
1098
1245
1383
1425
1406
1343
1255
1242
1215
1120
936
697
495
316
248
207
92
-123
-414
-729
-1065
-1355
-1624
-1841
-2061
-2256
-2431
-2548
-2572
-2507
-2393
-2296
-2292
-2384
-2483
-2468
-2298
-1943
-1424
-788
-277
-32
9
21
222
564
850
834
468
-118
-615
-840
-745
-620
-622
-792
-1152
-1574
-1921
-2143
-2283
-2456
-2739
-3065
-3359
-3453
-3350
-3111
-2737
-2306
-1874
-1355
-818
-318
130
461
800
1207
1713
2232
2554
2701
2805
2959
3195
3498
3746
3782
3606
3322
3052
2799
2675
2620
2480
2200
1757
1351
1050
837
688
508
283
33
-117
-140
-47
19
53
65
132
293
417
499
571
681
763
846
950
1116
1347
1554
1705
1757
1740
1644
1584
1599
1639
1609
1422
1176
903
716
602
520
334
71
-342
-734
-1047
-1277
-1462
-1762
-2028
-2273
-2441
-2543
-2619
-2576
-2525
-2522
-2516
-2496
-2417
-2264
-2095
-1992
-1932
-1739
-1311
-754
-366
-213
-247
-215
26
396
685
654
302
-165
-525
-692
-728
-816
-1088
-1570
-2132
-2629
-2942
-3040
-3025
-2978
-3060
-3258
-3374
-3327
-3088
-2716
-2321
-1971
-1674
-1369
-986
-504
111
726
1276
1795
2178
2451
2702
2957
3274
3629
3969
4235
4304
4181
3988
3798
3586
3370
3073
2730
2356
1915
1555
1299
1096
930
713
509
309
129
-4
-61
-3
117
257
360
447
549
675
816
933
1033
1109
1183
1220
1290
1411
1637
1842
1940
1960
1811
1668
1566
1416
1183
823
492
252
103
-31
-290
-651
-1038
-1321
-1505
-1708
-2013
-2350
-2574
-2709
-2717
-2669
-2645
-2647
-2593
-2529
-2459
-2389
-2327
-2230
-2124
-2056
-2101
-2152
-2023
-1559
-771
-15
369
382
321
462
866
1304
1418
1006
236
-511
-959
-1086
-1080
-1163
-1421
-1865
-2388
-2870
-3166
-3293
-3311
-3324
-3432
-3607
-3693
-3506
-3050
-2401
-1761
-1214
-790
-392
147
825
1478
2044
2503
2896
3242
3566
3845
4115
4309
4443
4478
4357
4129
3853
3580
3290
2992
2579
2139
1763
1461
1178
810
466
240
118
67
50
7
-43
-82
-62
17
143
279
428
541
639
667
699
804
986
1154
1215
1185
1135
1217
1415
1642
1708
1658
1558
1455
1314
1059
670
205
-232
-548
-815
-1043
-1318
-1597
-1776
-1844
-1780
-1721
-1756
-1814
-1858
-1884
-1822
-1731
-1665
-1699
-1854
-2059
-2213
-2216
-2100
-1966
-1952
-2018
-2046
-1924
-1433
-651
145
589
528
253
74
185
495
785
734
226
-454
-984
-1183
-1096
-1041
-1121
-1412
-1939
-2511
-2841
-2880
-2770
-2696
-2729
-2883
-2989
-2872
-2471
-1898
-1252
-702
-268
86
356
706
1122
1604
2027
2395
2620
2755
2886
3102
3413
3685
3816
3741
3455
3106
2811
2607
2408
2178
1937
1629
1265
837
473
188
-55
-244
-402
-552
-657
-646
-481
-186
224
686
1021
1257
1381
1445
1513
1609
1724
1805
1811
1702
1548
1485
1512
1543
1508
1358
1204
1064
935
695
375
39
-189
-222
-184
-214
-518
-920
-1211
-1285
-1122
-979
-989
-1109
-1303
-1432
-1501
-1494
-1472
-1525
-1571
-1682
-1826
-1972
-2067
-1986
-1837
-1761
-1800
-1890
-1971
-1766
-1164
-281
448
629
321
6
99
528
1004
1101
616
-366
-1364
-1938
-2058
-1954
-1967
-2272
-2829
-3457
-3915
-4089
-3874
-3500
-3258
-3235
-3328
-3304
-3018
-2418
-1571
-675
-3
326
567
917
1472
2101
2631
2928
2965
2957
3014
3247
3585
3883
4041
3994
3765
3482
3219
2967
2684
2293
1837
1346
871
470
235
91
13
-19
-7
36
137
294
421
570
805
1099
1409
1624
1696
1683
1588
1580
1630
1661
1707
1678
1545
1304
1079
1036
1116
1303
1471
1342
898
383
91
28
128
184
100
-215
-557
-846
-1020
-1082
-1112
-1115
-1148
-1218
-1431
-1677
-1871
-1846
-1749
-1678
-1691
-1851
-2083
-2258
-2193
-2038
-1885
-1849
-1969
-2146
-2189
-1862
-1155
-199
411
412
-9
-476
-510
-98
388
480
-169
-1366
-2452
-2907
-2697
-2182
-1928
-2044
-2595
-3317
-3822
-3916
-3574
-3043
-2622
-2571
-2772
-2912
-2614
-1784
-556
691
1514
1818
1681
1523
1750
2313
2947
3247
3114
2821
2656
2793
3160
3595
3915
3967
3692
3176
2700
2323
2105
1942
1673
1260
685
134
-263
-442
-417
-364
-323
-323
-289
-95
235
702
1201
1648
1941
2119
2153
2142
2092
2154
2224
2263
2226
2097
1927
1702
1573
1537
1525
1355
1051
651
242
-116
-326
-436
-515
-662
-868
-921
-918
-919
-1043
-1257
-1292
-1216
-1018
-850
-808
-969
-1249
-1439
-1440
-1393
-1516
-1842
-2288
-2648
-2792
-2714
-2511
-2306
-2222
-2184
-1921
-1274
-226
752
1126
925
354
-82
-174
111
347
113
-724
-1827
-2699
-3109
-3091
-2871
-2717
-2928
-3515
-4245
-4728
-4625
-4071
-3316
-2777
-2600
-2655
-2651
-2291
-1502
-413
704
1696
2327
2610
2724
3008
3574
4320
4890
5043
4703
3996
3402
3219
3449
3677
3556
2957
2063
1207
611
353
329
291
67
-336
-807
-1106
-1030
-696
-215
239
500
551
593
873
1384
1995
2563
2950
3052
2971
2859
2842
2838
2847
2724
2438
1943
1364
885
603
595
657
524
46
-537
-983
-1153
-1127
-1069
-1029
-1156
-1302
-1272
-1103
-827
-623
-520
-573
-628
-720
-710
-639
-620
-651
-794
-919
-1038
-1207
-1232
-1258
-1281
-1384
-1647
-2043
-2388
-2510
-2310
-1653
-594
351
603
66
-814
-1402
-1307
-771
-336
-566
-1664
-3065
-4160
-4450
-3908
-3048
-2418
-2412
-3151
-4164
-4769
-4588
-3624
-2399
-1575
-1360
-1622
-1847
-1574
-714
647
2038
3033
3364
3149
2844
2846
3451
4370
5132
5316
4820
3824
2833
2339
2468
2916
2993
2367
1241
127
-554
-682
-374
-82
-204
-713
-1333
-1632
-1450
-803
-33
605
915
1031
1163
1466
2087
2826
3441
3760
3739
3517
3296
3185
3199
3158
2958
2538
1820
957
195
-362
-598
-616
-684
-948
-1337
-1640
-1663
-1339
-828
-416
-261
-351
-634
-856
-906
-693
-335
25
205
34
-345
-751
-834
-563
-183
42
-114
-668
-1451
-2073
-2320
-2169
-1934
-1969
-2395
-2971
-3093
-2363
-778
808
1470
1043
67
-680
-739
-298
44
-319
-1648
-3317
-4541
-4901
-4382
-3519
-2899
-2986
-3768
-4765
-5361
-5080
-4029
-2725
-1792
-1438
-1545
-1670
-1301
-236
1317
2767
3743
4154
4146
3897
3802
4073
4685
5283
5448
4950
3859
2667
1854
1666
1892
2020
1676
784
-322
-1161
-1524
-1386
-1104
-951
-1177
-1589
-1771
-1558
-978
-244
554
1168
1574
1875
2145
2554
3181
3789
4232
4303
4035
3610
3145
2830
2683
2516
2113
1467
660
-31
-445
-548
-565
-664
-867
-1167
-1416
-1596
-1670
-1570
-1300
-823
-397
-223
-254
-237
-22
479
998
1296
1337
1126
830
546
293
-40
-359
-621
-867
-1271
-1820
-2536
-3262
-3739
-3814
-3614
-3388
-3150
-2685
-1748
-424
725
1163
913
402
15
-51
-2
-273
-1125
-2423
-3731
-4520
-4587
-4166
-3629
-3313
-3456
-4006
-4660
-4986
-4657
-3846
-2778
-1865
-1345
-1237
-1314
-1018
-109
1278
2700
3830
4546
4844
4793
4571
4410
4471
4687
4846
4705
3894
2531
1246
450
287
530
766
585
-27
-884
-1620
-1841
-1528
-961
-495
-232
-154
-150
-63
342
1092
2030
2917
3424
3505
3354
3337
3582
4077
4487
4486
3912
3000
2121
1513
1257
1074
729
55
-808
-1505
-1865
-1825
-1485
-1108
-955
-1083
-1227
-1232
-934
-339
366
889
1013
843
609
491
570
735
816
689
358
-43
-389
-623
-785
-955
-1288
-1701
-2271
-2799
-3185
-3545
-3861
-4083
-4184
-4011
-3324
-2001
-289
1125
1692
1242
422
-83
-45
374
442
-290
-1780
-3473
-4639
-4930
-4441
-3692
-3260
-3485
-4215
-5130
-5675
-5483
-4510
-3061
-1793
-997
-677
-629
-346
618
2057
3556
4615
5152
5388
5437
5456
5448
5316
5054
4751
4375
3772
2731
1356
47
-849
-1123
-1022
-744
-658
-950
-1391
-1740
-1734
-1335
-621
90
626
880
930
948
1147
1715
2559
3476
4084
4199
3913
3594
3465
3608
3770
3644
3060
2090
1008
145
-439
-762
-1014
-1311
-1659
-1989
-2160
-2114
-1840
-1522
-1186
-809
-491
-372
-266
-84
330
873
1368
1589
1561
1362
1266
1256
1225
992
500
-141
-731
-1109
-1423
-1778
-2259
-2815
-3266
-3420
-3476
-3581
-3841
-4252
-4528
-4161
-2765
-482
1850
3233
3247
2262
1235
992
1597
2344
2243
699
-1955
-4713
-6370
-6453
-5425
-4121
-3555
-4153
-5616
-7057
-7530
-6557
-4478
-2208
-698
-269
-564
-757
-124
1484
3766
5770
6743
6615
5924
5312
5234
5637
6039
5926
5063
3706
2204
872
-61
-626
-1102
-1624
-2201
-2738
-3107
-3189
-2859
-2244
-1624
-1177
-832
-425
181
1018
1946
2749
3233
3440
3523
3657
3996
4418
4653
4470
3939
3260
2578
1982
1455
917
376
-185
-855
-1547
-2140
-2412
-2309
-1891
-1348
-995
-886
-938
-844
-369
466
1378
1963
2158
2031
1857
1754
1889
2140
2293
2123
1562
554
-667
-1634
-2194
-2281
-2122
-2047
-2321
-2959
-3801
-4345
-4324
-3801
-3232
-2963
-3068
-3190
-2572
-785
1815
4067
5044
4492
3052
1699
1091
1206
1180
193
-1918
-4575
-6835
-7897
-7485
-6115
-4877
-4577
-5420
-6864
-7890
-7592
-5857
-3357
-976
438
766
485
520
1588
3613
5834
7314
7568
6775
5664
5009
5126
5701
5955
5371
3917
1880
-72
-1457
-2157
-2483
-2765
-3159
-3677
-3973
-3794
-3063
-1829
-507
484
943
1160
1483
2061
2878
3679
4160
4243
3986
3608
3417
3452
3624
3697
3484
2968
2223
1480
872
431
61
-315
-830
-1568
-2327
-2770
-2679
-2092
-1298
-548
-3
225
356
489
791
1366
2017
2460
2463
2121
1678
1460
1534
1717
1648
1173
295
-826
-1811
-2448
-2773
-2909
-2979
-3102
-3286
-3359
-3193
-2776
-2205
-1850
-1868
-2176
-2402
-1979
-411
1991
4229
5171
4429
2589
783
-12
272
848
447
-1600
-4902
-8213
-10292
-10354
-8603
-6251
-4668
-4702
-6040
-7561
-7963
-6438
-3298
232
2810
3719
3133
2153
2017
3283
5588
7773
8712
7993
6131
4181
3296
3693
4734
5322
4650
2675
49
-2116
-3214
-3300
-2952
-2872
-3261
-3950
-4402
-4077
-2834
-1041
699
1820
2203
2221
2247
2631
3410
4272
4787
4663
4013
3160
2560
2362
2534
2711
2530
1861
939
42
-591
-800
-780
-750
-961
-1409
-1860
-1906
-1327
-352
574
1044
958
635
585
978
1735
2422
2674
2469
1916
1471
1512
1957
2302
2102
1148
-352
-1892
-2984
-3432
-3348
-3020
-2801
-2871
-3109
-3264
-2979
-2279
-1478
-867
-747
-1160
-1820
-1951
-823
1524
4145
5688
5414
3504
994
-843
-1369
-1068
-1148
-2591
-5327
-8500
-10763
-11127
-9538
-6940
-4672
-3817
-4522
-5911
-6696
-5877
-3415
-159
2693
4213
4239
3416
2831
3362
4994
6861
7998
7788
6234
4130
2586
2196
2751
3403
3259
2010
-58
-2167
-3565
-3902
-3480
-2857
-2471
-2441
-2482
-2227
-1347
-1
1466
2630
3083
3007
2784
2669
2885
3358
3794
3856
3423
2758
2064
1658
1591
1592
1472
1093
540
35
-166
-86
74
99
-140
-510
-786
-749
-420
85
446
562
597
834
1260
1758
2084
2132
2018
1751
1424
1015
672
454
386
313
32
-558
-1315
-1973
-2344
-2415
-2406
-2515
-2825
-3140
-3245
-3020
-2512
-1852
-1237
-912
-941
-1077
-831
297
2321
4348
5301
4528
2376
-51
-1540
-1785
-1384
-1470
-2943
-5639
-8641
-10616
-10681
-8993
-6557
-4624
-4056
-4720
-5695
-5892
-4564
-1910
1215
3720
4864
4657
3822
3226
3550
4811
6342
7192
6838
5293
3257
1784
1505
2298
3185
3233
1945
-198
-2298
-3556
-3618
-2894
-2115
-1775
-2008
-2418
-2403
-1497
213
2130
3526
4014
3740
3110
2668
2736
3248
3723
3722
3050
2007
1041
514
516
791
987
900
504
39
-297
-328
-78
276
534
465
27
-533
-779
-409
416
1209
1549
1212
535
27
61
728
1601
2010
1719
826
-131
-670
-524
55
481
285
-655
-1849
-2804
-3076
-2613
-1860
-1385
-1416
-1796
-2133
-2119
-1657
-1066
-654
-581
-552
65
1585
3609
5159
5400
4192
2087
142
-1018
-1481
-2041
-3477
-5899
-8745
-10945
-11624
-10630
-8438
-6119
-4629
-4257
-4584
-4797
-4101
-2291
254
2768
4424
4889
4464
3876
3714
4375
5566
6593
6752
5766
3899
1827
480
456
1533
2677
2947
1893
-200
-2379
-3664
-3657
-2757
-1673
-1117
-1368
-1973
-2243
-1545
83
2107
3811
4644
4463
3641
2698
2086
2107
2489
2844
2773
2156
1156
123
-433
-391
95
693
992
839
296
-267
-629
-547
-123
328
586
644
622
649
855
1191
1525
1624
1603
1443
1308
1129
968
812
533
203
-238
-546
-659
-531
-407
-520
-941
-1621
-2183
-2490
-2391
-2036
-1616
-1362
-1211
-1129
-1112
-1099
-1078
-1141
-1171
-727
405
2155
3845
4619
3973
2198
219
-1020
-1243
-1143
-1741
-3639
-6561
-9525
-11267
-11110
-9217
-6570
-4366
-3464
-3794
-4561
-4821
-3720
-1362
1460
3802
4918
4704
3751
2963
3051
4084
5436
6299
6039
4663
2749
1058
341
795
1804
2518
2272
912
-947
-2495
-3159
-2846
-2019
-1250
-906
-1002
-1180
-973
-111
1261
2637
3635
3986
3780
3306
2750
2333
2103
2053
1965
1661
1205
664
160
-106
-150
20
324
606
753
756
725
629
439
189
24
-10
83
179
353
447
421
283
168
292
632
1151
1615
1789
1460
845
255
53
374
870
1091
713
-211
-1341
-2133
-2283
-1890
-1165
-652
-687
-1237
-1884
-2243
-2098
-1464
-760
-94
520
1218
2097
2931
3269
2884
1841
437
-951
-2158
-3445
-5029
-6907
-8763
-9966
-10217
-9370
-7782
-6026
-4610
-3686
-3143
-2714
-1888
-518
1175
2807
3912
4280
4034
3588
3406
3634
4127
4590
4597
3894
2637
1198
73
-308
205
1287
2223
2286
1164
-589
-2211
-2956
-2602
-1631
-833
-800
-1405
-2119
-2206
-1224
612
2679
4272
4851
4479
3575
2666
2083
2021
2275
2394
2166
1450
414
-492
-864
-626
138
1032
1567
1570
1174
651
383
534
890
1279
1462
1428
1174
840
567
413
547
989
1509
1734
1532
982
319
-150
-301
-223
-66
21
-69
-342
-780
-1190
-1428
-1477
-1364
-1240
-1285
-1596
-2038
-2401
-2355
-1835
-1113
-518
-219
30
669
1987
3574
4545
4215
2681
553
-1314
-2430
-2955
-3588
-4921
-6988
-9165
-10557
-10570
-9305
-7295
-5407
-4211
-3765
-3694
-3381
-2370
-576
1577
3537
4649
4750
4085
3264
2942
3372
4227
4897
4832
3960
2597
1239
492
610
1425
2169
2220
1312
-259
-1849
-2767
-2772
-2145
-1416
-899
-775
-878
-741
-49
1194
2622
3719
4145
3933
3308
2662
2223
2074
2076
1962
1606
1060
499
76
-93
-29
176
422
530
469
478
633
932
1221
1366
1248
826
350
144
315
627
878
872
556
130
-27
287
918
1407
1348
760
-104
-760
-959
-634
-52
396
404
-156
-1023
-1879
-2297
-2164
-1759
-1321
-1228
-1505
-1772
-1279
388
2899
5303
6423
5577
2997
-105
-2469
-3441
-3546
-3836
-5146
-7528
-10188
-11928
-11871
-9981
-7124
-4455
-2887
-2680
-3141
-3358
-2533
-452
2409
5128
6664
6592
5325
3764
2806
2802
3427
3959
3791
2650
911
-818
-1781
-1665
-800
315
1173
1445
1101
433
-191
-541
-569
-362
-132
-70
-204
-421
-595
-515
-163
487
1349
2249
2980
3321
3168
2649
1959
1396
1139
1129
1196
1096
718
39
-645
-990
-878
-436
233
811
1176
1289
1167
977
936
1277
1878
2496
2796
2572
1875
908
130
-192
-119
168
491
535
244
-217
-580
-618
-332
126
512
601
329
-230
-829
-1206
-1359
-1212
-964
-708
-524
-543
-597
-244
934
2761
4424
5041
4166
2073
-455
-2517
-3734
-4386
-5116
-6459
-8338
-10169
-11217
-11059
-9625
-7448
-5340
-3814
-3085
-2833
-2490
-1622
22
2140
4148
5480
5890
5411
4496
3747
3410
3439
3529
3253
2375
963
-521
-1466
-1699
-1200
-125
1023
1631
1368
360
-935
-1909
-2137
-1565
-669
21
215
81
-61
144
944
2229
3589
4583
4882
4303
3119
1813
924
615
770
1110
1141
571
-436
-1391
-1813
-1516
-587
548
1332
1552
1325
907
704
961
1496
2244
2936
3222
2994
2336
1546
889
683
900
1357
1681
1585
1087
376
-292
-673
-665
-391
-158
-330
-918
-1761
-2595
-3065
-3033
-2525
-1729
-812
243
1533
3037
4344
4937
4468
3084
1135
-816
-2486
-3948
-5544
-7441
-9545
-11308
-12152
-11795
-10346
-8436
-6570
-5174
-4256
-3669
-2908
-1609
278
2450
4436
5777
6120
5735
5047
4552
4503
4723
4774
4251
3102
1555
53
-927
-1183
-843
-266
167
238
-91
-784
-1580
-2114
-2290
-2036
-1475
-878
-470
-257
-72
346
1143
2249
3540
4579
5102
4977
4260
3230
2322
1734
1441
1317
1112
610
-254
-1206
-1943
-2176
-1761
-921
-43
531
659
453
208
190
549
1147
1887
2542
2926
2879
2500
2047
1823
1962
2395
2830
2873
2384
1382
294
-553
-917
-837
-643
-637
-951
-1566
-2259
-2794
-2942
-2551
-1625
-281
1370
3056
4231
4486
3755
2389
856
-373
-1323
-2263
-3680
-5753
-8146
-10322
-11588
-11608
-10492
-8738
-6999
-5861
-5517
-5500
-5181
-3954
-1752
951
3547
5365
6027
5779
5119
4698
4819
5321
5823
5778
4858
3146
1251
-287
-993
-800
-86
556
537
-393
-1956
-3539
-4514
-4521
-3666
-2455
-1432
-940
-834
-785
-358
671
2251
4022
5351
5890
5500
4447
3224
2345
2079
2297
2618
2566
1849
685
-602
-1520
-1831
-1529
-848
-265
-24
-154
-458
-718
-598
-6
1079
2287
3226
3531
3158
2375
1655
1359
1625
2155
2594
2672
2278
1569
820
274
65
139
259
159
-450
-1446
-2447
-2921
-2418
-885
1371
3530
4722
4530
3157
1293
-364
-1511
-2244
-3083
-4521
-6596
-8898
-10712
-11515
-11089
-9641
-7766
-6130
-5195
-5005
-4992
-4608
-3445
-1431
966
3124
4469
4829
4542
4166
4046
4294
4631
4839
4558
3697
2454
1273
431
96
314
666
725
145
-962
-2330
-3501
-4210
-4311
-3856
-3137
-2283
-1531
-817
-3
977
2114
3322
4444
5163
5348
4933
4122
3200
2444
1885
1479
1147
737
299
-154
-540
-854
-954
-692
-69
734
1351
1550
1328
925
721
1019
1803
2698
3322
3424
3017
2325
1659
1378
1519
1889
2175
2071
1428
391
-637
-1199
-1144
-676
-144
92
18
-130
132
1059
2404
3535
3849
3194
1703
-140
-1827
-3228
-4510
-5806
-7220
-8573
-9674
-10363
-10395
-9720
-8543
-7285
-6197
-5393
-4819
-4219
-3241
-1759
49
1763
3060
3857
4257
4388
4442
4545
4589
4516
4290
3875
3297
2563
1704
717
-171
-877
-1425
-1852
-2303
-2870
-3563
-4052
-4146
-3731
-2863
-1560
29
1526
2656
3321
3652
3849
4127
4573
5065
5316
5007
4163
3023
1818
870
334
128
-12
-274
-762
-1347
-1744
-1762
-1383
-779
-148
205
305
329
531
1030
1794
2650
3304
3642
3709
3653
3601
3707
3797
3781
3415
2606
1502
349
-549
-1052
-1269
-1217
-1020
-657
6
903
1806
2283
2102
1311
105
-1207
-2361
-3314
-4401
-5591
-6815
-7913
-8735
-9046
-8801
-8057
-6974
-5933
-5196
-4744
-4419
-3896
-2888
-1470
119
1560
2501
2888
2964
2862
2841
2987
3289
3571
3737
3664
3246
2451
1514
696
-32
-705
-1300
-1942
-2766
-3745
-4572
-4974
-4847
-4168
-2981
-1421
141
1462
2401
2930
3221
3582
4138
4774
5238
5322
4975
4271
3405
2644
2151
1868
1655
1458
1201
789
311
-132
-297
-235
-26
295
532
737
793
771
746
779
1045
1453
1938
2374
2586
2626
2498
2362
2296
2286
2271
2173
1895
1527
1157
1079
1464
2220
2966
3120
2452
1040
-746
-2401
-3673
-4583
-5455
-6451
-7587
-8790
-9711
-10093
-9847
-9063
-7939
-6820
-5859
-5244
-4816
-4241
-3271
-1767
47
1840
3264
4089
4316
4151
3825
3598
3547
3807
4134
4217
3741
2676
1266
-191
-1313
-1960
-2216
-2450
-2959
-3765
-4605
-5221
-5322
-4665
-3320
-1554
163
1402
2035
2134
2091
2355
3033
3999
4922
5467
5424
4881
4042
3201
2644
2390
2430
2567
2581
2221
1475
543
-201
-469
-131
645
1429
1830
1704
1206
673
491
858
1639
2553
3285
3526
3242
2589
1935
1583
1687
2018
2277
2362
2156
2013
2112
2281
2208
1623
601
-808
-2320
-3721
-5045
-6261
-7354
-8302
-8959
-9300
-9276
-8898
-8228
-7391
-6560
-5832
-5245
-4606
-3719
-2549
-1135
370
1777
2903
3671
4130
4313
4325
4369
4480
4553
4376
3829
2871
1563
83
-1241
-2287
-3085
-3591
-4055
-4526
-4987
-5349
-5399
-4947
-4005
-2655
-1176
79
915
1337
1503
1775
2343
3080
3857
4448
4659
4440
3920
3361
2991
2991
3370
3901
4211
4112
3530
2719
1954
1440
1176
1128
1125
1061
823
371
-63
-234
40
619
1361
2034
2423
2491
2315
2150
2132
2358
2747
3273
3939
4610
5068
5054
4438
3335
1898
339
-1113
-2380
-3684
-5142
-6632
-8030
-9117
-9839
-10013
-9663
-8965
-8196
-7569
-7236
-7084
-6801
-6139
-4933
-3379
-1707
-169
982
1747
2344
2929
3666
4570
5527
6282
6465
6021
5006
3679
2389
1274
346
-605
-1643
-2699
-3678
-4571
-5210
-5490
-5409
-5007
-4358
-3587
-2848
-2198
-1631
-1070
-455
249
990
1802
2590
3243
3634
3796
3918
4103
4447
4918
5336
5555
5489
5062
4485
3905
3322
2723
2153
1717
1224
688
159
-265
-435
-316
14
365
678
906
1087
1250
1531
1897
2350
3026
3892
4784
5433
5488
5019
4076
2880
1647
439
-803
-2187
-3583
-4941
-6112
-7041
-7623
-7904
-7817
-7548
-7308
-7190
-7221
-7273
-7072
-6465
-5502
-4311
-3115
-1988
-976
36
1087
2095
3014
3724
4130
4236
4038
3607
3054
2520
1969
1358
615
-167
-898
-1579
-2164
-2576
-2831
-3015
-3158
-3215
-3250
-3191
-3000
-2696
-2257
-1787
-1343
-947
-595
-204
317
984
1758
2641
3542
4350
4941
5242
5419
5549
5663
5693
5633
5333
4810
4080
3283
2529
1877
1372
982
733
468
233
5
-217
-398
-530
-585
-503
-354
-148
245
868
1630
2303
2713
2829
2697
2329
1869
1369
750
14
-747
-1518
-2271
-2942
-3476
-3762
-3928
-4069
-4245
-4555
-4887
-5143
-5230
-5022
-4623
-4047
-3388
-2755
-2196
-1713
-1278
-942
-612
-321
-89
7
36
79
162
341
613
936
1146
1214
1177
1049
768
416
15
-380
-675
-932
-1113
-1243
-1367
-1489
-1530
-1515
-1547
-1534
-1378
-1011
-418
287
1004
1666
2244
2729
3138
3517
3885
4164
4298
4253
4074
3815
3506
3247
3020
2885
2661
2315
1900
1464
1031
603
336
144
-78
-302
-536
-764
-959
-1062
-968
-668
-290
72
398
647
813
956
1077
1128
1050
834
491
63
-408
-796
-1090
-1367
-1593
-1809
-1989
-2231
-2543
-2826
-3051
-3187
-3240
-3179
-3089
-2952
-2852
-2777
-2696
-2582
-2339
-2082
-1797
-1557
-1312
-1109
-871
-482
-49
406
781
1068
1250
1310
1283
1173
1055
939
881
795
720
567
348
131
-26
-67
-63
-81
-77
-61
-48
-60
-113
-104
-72
55
193
335
496
697
957
1292
1700
2047
2270
2444
2558
2643
2758
2844
2777
2676
2541
2432
2300
2124
1930
1741
1500
1131
751
366
58
-194
-433
-624
-822
-924
-983
-1044
-1086
-1131
-1161
-1190
-1190
-1125
-1027
-897
-756
-640
-560
-527
-448
-405
-396
-418
-456
-557
-743
-960
-1190
-1426
-1614
-1720
-1829
-1929
-2032
-2125
-2167
-2163
-2111
-1971
-1799
-1605
-1385
-1158
-971
-857
-804
-728
-662
-587
-403
-156
78
334
551
690
817
912
935
829
706
561
499
483
514
656
753
789
738
615
536
463
448
549
674
774
847
925
1055
1224
1471
1724
1885
1886
1765
1552
1275
1172
1228
1392
1639
1802
1792
1605
1411
1254
1068
902
723
491
211
-39
-215
-295
-244
-116
-4
68
42
-54
-210
-331
-483
-649
-738
-807
-798
-795
-752
-689
-623
-630
-699
-801
-936
-1114
-1310
-1410
-1461
-1545
-1569
-1575
-1556
-1530
-1534
-1518
-1503
-1442
-1391
-1259
-1154
-1082
-1019
-899
-738
-617
-448
-289
-148
-48
-20
-21
-71
-62
-133
-189
-224
-330
-393
-339
-257
-101
77
147
303
494
561
624
710
665
613
587
466
384
445
504
615
766
824
922
1134
1214
1242
1319
1250
1210
1191
1126
1111
1106
1002
971
944
852
847
834
751
768
769
651
596
563
549
679
817
951
1039
1005
837
689
442
259
113
-25
-140
-353
-515
-577
-613
-543
-351
-166
-24
-59
-175
-442
-634
-840
-976
-984
-1062
-1101
-1140
-1194
-1246
-1355
-1363
-1348
-1361
-1317
-1368
-1345
-1342
-1344
-1213
-1141
-1036
-931
-760
-626
-590
-665
-727
-736
-722
-629
-583
-455
-308
-197
-54
-8
-30
-32
2
125
282
429
478
557
519
515
472
366
296
195
203
212
218
192
103
36
31
265
518
777
1040
1206
1338
1305
1358
1457
1515
1635
1654
1609
1518
1339
1141
991
826
659
659
521
389
300
156
84
60
45
204
334
461
535
488
402
349
364
358
335
232
86
-110
-269
-332
-367
-258
-332
-541
-818
-1135
-1200
-1218
-1128
-1072
-1112
-1167
-1230
-1137
-1133
-921
-682
-540
-421
-564
-671
-824
-851
-853
-845
-816
-1008
-1008
-1131
-1050
-895
-836
-618
-577
-557
-645
-646
-687
-652
-482
-394
-206
-75
-43
123
205
312
494
685
797
875
957
826
845
828
807
962
966
947
972
928
819
710
726
621
722
863
900
1045
1038
995
897
911
881
851
912
753
721
604
384
324
305
334
440
585
546
501
403
288
292
191
26
-57
-320
-456
-570
-502
-517
-440
-491
-581
-548
-673
-791
-819
-929
-884
-894
-939
-971
-1044
-1051
-1021
-918
-850
-751
-751
-896
-935
-941
-843
-672
-564
-427
-436
-503
-590
-462
-217
-177
-43
-113
-111
-185
-307
-139
-85
38
37
125
126
53
156
97
92
154
184
399
514
512
520
479
418
417
666
730
812
776
612
555
612
688
863
917
816
799
740
638
804
884
915
980
960
909
1010
964
855
866
569
353
371
120
79
150
-72
-87
-118
-301
-322
-382
-516
-449
-502
-631
-653
-799
-992
-854
-868
-779
-612
-733
-727
-740
-813
-719
-656
-758
-708
-748
-739
-535
-455
-347
-256
-377
-470
-512
-691
-718
-701
-834
-697
-645
-635
-505
-396
-308
-163
-51
-42
-100
-150
-259
-149
23
60
283
396
465
604
707
730
859
908
748
634
406
285
361
401
601
887
978
1044
1017
914
802
748
772
897
912
775
679
521
495
714
818
901
925
655
363
115
-91
-164
-163
-160
-152
-228
-281
-326
-333
-261
-272
-245
-248
-294
-329
-433
-442
-463
-390
-283
-295
-216
-301
-345
-372
-499
-430
-520
-594
-640
-809
-751
-761
-761
-628
-516
-564
-606
-594
-708
-567
-615
-736
-604
-566
-559
-387
-413
-430
-349
-367
-327
-166
-138
-197
-130
-172
-190
-136
-7
75
160
209
234
397
404
416
550
663
647
686
732
522
477
414
297
441
460
454
605
603
545
774
899
858
991
947
769
891
831
673
696
679
536
505
477
346
411
368
346
459
509
496
497
382
274
69
3
-29
-263
-302
-387
-526
-659
-546
-545
-570
-527
-589
-667
-742
-974
-1011
-989
-1099
-1055
-1007
-911
-794
-630
-443
-282
-162
-211
-291
-436
-466
-371
-396
-413
-545
-683
-631
-452
-285
-127
1
-88
-186
-217
-282
-153
-27
61
234
212
45
20
-90
21
258
184
239
139
-141
-141
11
165
510
721
729
665
536
445
324
311
611
503
465
414
44
174
294
242
578
553
425
541
310
272
333
319
403
367
353
235
31
72
54
208
490
470
459
381
334
353
456
607
744
788
473
492
148
-74
117
-127
-69
-189
-538
-717
-805
-787
-742
-639
-659
-533
-396
-335
-209
-311
-342
-384
-567
-610
-707
-852
-786
-829
-752
-450
-408
-346
-85
-55
14
85
-76
-163
-318
-630
-517
-547
-520
-339
-358
-422
-293
-298
-206
-26
-84
-55
-103
-222
-138
-29
65
176
130
270
411
466
532
455
425
390
455
589
584
616
469
314
376
371
492
554
455
415
344
224
288
393
346
380
385
250
188
151
259
451
534
608
593
430
386
352
262
398
289
158
203
49
54
56
4
-34
-212
-253
-472
-442
-418
-498
-273
-338
-381
-342
-418
-310
-242
-263
-300
-452
-683
-731
-638
-708
-512
-322
-378
-317
-287
-367
-297
-188
-182
-302
-341
-466
-455
-228
-219
-66
165
111
134
44
-85
-31
-120
-67
21
8
-91
-169
-251
-131
48
184
261
319
129
39
10
72
90
171
248
150
284
275
182
272
328
386
585
587
663
566
510
480
392
475
382
320
318
213
205
220
148
189
154
75
208
187
248
396
263
186
185
14
131
169
160
197
-28
-273
-559
-654
-503
-465
-262
-240
-447
-465
-664
-562
-289
-298
-202
-183
-340
-414
-401
-413
-225
-74
-117
-34
-186
-420
-359
-442
-314
-129
-87
-33
-168
-194
-212
-152
-89
-144
-213
-277
-394
-404
-320
-282
-196
-62
94
212
360
472
611
530
362
371
362
278
268
184
120
69
-77
-113
35
80
142
343
346
377
293
278
368
387
480
576
484
452
411
224
375
324
416
585
385
297
197
46
70
174
258
216
190
223
121
77
27
-75
-41
81
-32
-108
-299
-468
-513
-508
-425
-289
-365
-397
-390
-454
-369
-383
-253
-348
-402
-494
-633
-482
-425
-402
-101
-153
-249
-215
-267
-301
-368
-402
-524
-419
-383
-378
-353
-302
-346
-268
-133
-96
-5
-59
-42
-26
25
123
223
116
291
362
293
476
401
321
399
267
286
433
332
280
230
124
183
163
218
267
299
315
239
433
425
440
578
491
459
565
396
330
350
69
162
211
82
274
338
207
313
307
160
172
129
-84
-94
-69
-293
-217
-154
-228
-164
-105
-218
-275
-294
-405
-325
-381
-511
-548
-523
-443
-199
22
87
49
20
-100
-197
-119
-179
-152
-220
-310
-245
-278
-306
-280
-249
-334
-208
-216
-410
-414
-568
-653
-548
-554
-353
-257
-224
-91
-161
-22
-48
-7
21
40
93
40
117
143
231
204
237
314
191
385
273
235
258
41
50
151
238
314
556
333
399
394
290
493
438
393
436
267
221
284
340
437
552
383
307
384
234
337
390
190
198
56
40
188
118
142
202
67
20
-41
-37
4
21
8
-27
-5
-162
-75
39
27
27
0
-248
-315
-440
-602
-493
-619
-619
-616
-851
-860
-848
-892
-810
-644
-562
-415
-394
-417
-276
-333
-102
35
113
169
155
176
260
175
94
235
40
164
249
100
220
-73
-167
-166
-228
-158
-171
-207
-191
-203
-159
46
152
279
403
407
480
528
418
459
418
272
432
282
287
300
23
81
61
-94
78
120
66
234
112
243
303
289
384
156
155
86
35
42
-2
21
103
118
7
146
80
7
136
114
197
130
-42
49
124
20
253
143
35
-46
-175
-67
-109
-111
-73
-167
-185
-219
-310
-159
-245
-338
-231
-391
-499
-478
-562
-580
-462
-335
-265
-201
-191
-224
-241
-209
-29
75
170
180
83
174
64
5
81
12
124
167
30
32
-203
-325
-156
-97
63
118
-80
-189
-296
-364
-173
-87
45
26
-25
-102
-77
63
109
329
378
353
119
142
117
248
376
488
370
402
354
206
336
189
330
262
209
136
30
10
45
60
265
208
242
196
15
-31
-80
28
100
147
18
-30
-134
-191
-40
-64
4
95
31
-90
25
-94
-47
-46
-171
-166
-282
-387
-435
-501
-513
-388
-342
-184
-101
-53
-52
-8
-264
-214
-45
-81
-22
-158
-190
-164
-179
-78
35
58
102
22
58
42
-2
-79
-31
-73
19
204
94
171
146
48
164
152
132
157
-6
2
-141
-43
100
104
254
230
159
265
255
293
323
132
18
13
7
-40
73
44
29
40
15
-19
54
2
-66
-10
0
-14
20
11
-12
119
-73
-134
-168
-247
-162
-97
-140
-149
-149
-223
-49
28
113
92
108
107
55
91
-5
20
-73
-9
51
-2
-76
-201
-210
-283
-93
-9
21
196
-91
-34
-156
-324
-90
-112
137
148
72
137
116
161
357
428
412
329
205
11
-147
-204
-227
-162
-210
-134
-211
-230
-191
-210
-24
43
158
152
143
87
34
61
107
145
191
194
80
-6
-47
-15
31
121
143
-33
-122
-81
-171
-5
19
-136
-114
-254
-204
-174
-115
-14
-59
15
-81
-15
-109
21
12
-31
25
-147
36
68
96
145
87
123
70
176
203
194
64
114
-26
-12
40
-83
-2
-79
9
-10
-2
-27
-25
-64
-9
6
31
36
-67
69
30
12
-26
68
-29
-43
-176
-304
-243
-417
-250
-205
-155
-68
-34
-150
67
16
117
250
101
173
-63
-54
-43
73
60
196
8
53
-102
-120
46
-1
112
-74
1
-184
-80
-145
18
107
201
305
24
15
-132
-51
99
257
257
280
152
31
50
193
322
415
422
158
-73
-255
-271
-80
5
167
153
24
-72
-110
125
171
328
211
225
18
-138
-197
-265
-169
-182
45
-77
104
-37
-117
-51
-192
76
106
36
83
-70
-210
-253
-154
-142
29
-113
-65
-68
-229
-71
-171
-199
-67
-140
-28
-47
-242
-148
-302
-369
-167
-204
-133
-44
-105
-78
-130
-150
42
-10
135
124
38
51
-16
-10
-19
24
-50
117
22
106
113
70
91
115
265
194
282
113
118
47
-128
124
27
88
107
51
50
69
-26
12
111
51
184
41
-8
-52
-176
-24
222
196
320
364
115
349
220
231
450
170
286
277
59
125
80
-66
96
56
-74
26
-246
-276
-167
-311
-147
-77
-145
-24
-188
-98
-63
-212
-60
-46
-129
-143
-99
-179
-179
-139
-305
-171
-274
-249
-179
-191
-211
-222
-179
-275
-31
-108
-86
55
-207
-167
-153
-335
-148
-28
-38
112
-4
-36
93
64
64
283
86
23
133
-73
10
69
-52
226
170
6
116
171
75
383
354
301
461
173
258
174
40
131
108
3
20
-3
-133
27
76
146
363
98
187
79
-99
52
-2
45
77
8
-24
36
-66
-96
31
-107
83
64
-139
-146
-297
-270
-115
-37
8
191
-25
-23
-77
-292
-60
-30
-57
130
-105
-199
-7
-196
75
180
93
308
60
-65
17
-233
-109
-38
-169
-68
-203
-274
-88
-308
-45
-7
-181
87
-77
-97
160
10
98
263
-51
161
-39
-230
71
-149
-56
1
-257
-101
-68
-230
109
-96
-39
141
-161
91
29
-104
183
76
61
348
87
224
182
25
281
81
222
301
130
180
179
10
175
-5
-17
178
-160
40
49
-220
124
-87
-28
359
15
293
208
-63
150
83
-104
96
-71
-146
25
-258
-28
-98
-114
37
-86
-34
-31
-145
-152
-65
-240
-32
-113
-157
-57
-275
-86
-132
-110
-98
-16
-201
-91
-103
-129
73
7
39
-47
-51
-12
-123
-98
-42
-236
-106
-180
-204
-148
-182
-135
-51
4
49
244
4
99
156
-26
176
138
103
288
78
39
91
74
-20
108
3
77
141
36
215
29
8
207
218
246
417
74
8
-54
-240
21
57
-2
111
33
-87
147
-45
198
298
93
364
-4
29
65
-106
30
-16
-74
-38
3
-230
92
-198
-95
36
-273
132
-134
-147
-38
-238
-148
-73
-119
60
-78
-133
20
-121
84
164
-32
105
-60
-210
-2
-83
-137
116
-196
-109
-198
-295
-74
-291
-37
-7
-187
44
-110
-139
95
-108
121
89
12
170
-3
8
20
-89
-45
77
27
229
307
84
340
148
115
398
226
298
102
-62
-205
-133
-294
-15
-125
-119
-80
-170
-9
12
96
153
127
3
135
13
132
291
195
121
150
-70
23
13
38
121
-31
56
32
-79
11
30
124
225
57
244
28
-74
23
-200
-64
-153
-101
-235
-202
-277
-173
-54
-138
6
-10
81
-14
1
-103
-84
-264
-16
-129
-38
-80
-107
-206
-90
-21
-24
110
-119
84
-159
-120
-126
-143
-182
-52
-165
-66
-128
-221
75
-116
-9
159
63
-120
26
-72
38
173
114
229
99
210
216
153
311
124
55
134
-40
12
28
88
18
131
34
0
65
31
188
120
266
315
166
181
146
-23
118
90
79
223
-72
-30
-19
-181
185
110
130
374
37
48
83
-51
-102
-27
-252
-173
-260
-267
-56
-261
-26
-96
-124
-211
-132
-197
12
-145
-100
-73
-414
-190
-391
-176
0
-74
-129
3
-294
-153
-29
-77
71
102
-44
-5
-285
-305
-77
-334
86
-18
8
63
3
20
156
126
300
179
64
57
-138
-37
-27
127
16
154
61
54
193
270
341
415
214
132
116
-106
113
-36
249
136
112
75
133
126
93
198
151
281
-8
112
-71
-72
-175
-107
-22
-134
49
-22
72
-13
162
25
167
139
155
182
-38
12
-114
-124
53
-77
-178
-79
-291
-96
-205
-180
-74
-106
-13
-65
-155
26
-64
-111
-31
-279
-289
-293
-347
-216
-144
-223
-200
-186
-78
25
187
210
63
135
145
55
-5
-74
-124
-205
-256
-129
-124
-39
-70
-56
-49
11
18
-78
154
48
-170
18
-147
-48
93
155
237
211
319
140
102
243
281
326
556
463
231
334
45
22
88
115
189
87
87
-37
-112
-144
9
-4
135
194
80
-40
-91
-148
-77
60
42
78
67
46
-31
-20
101
16
-17
54
-136
-63
-197
-172
-87
-180
-61
-94
-64
-13
-1
-79
44
-127
-129
-150
-347
-283
-226
-60
80
-58
-19
-147
-90
-25
3
172
-115
8
-258
-284
-167
-198
28
-82
162
177
3
6
-29
-178
101
20
29
114
-34
-73
-20
-109
35
116
-8
147
-110
-24
-81
-209
-83
-70
-22
157
72
95
121
-40
165
42
241
196
99
61
-46
-75
57
58
93
246
187
169
128
111
94
-51
120
22
85
90
11
148
164
174
39
67
-153
-66
15
51
157
36
-30
-156
-131
114
320
209
194
-50
-119
-167
-179
112
3
133
-17
-159
-226
-267
-299
-200
-125
-82
-166
-55
-183
-132
23
-91
246
17
152
26
-68
-128
-168
-249
-128
-70
-114
-41
-162
-28
-192
-87
54
-33
-34
-22
-108
-49
-93
-61
-108
27
96
9
17
-25
-151
-108
-80
39
26
27
153
-31
127
245
108
314
313
105
87
-55
24
70
100
138
24
84
97
113
79
223
-5
130
127
23
91
-89
103
62
201
294
40
-117
-108
-97
140
183
64
124
-185
-72
-232
-73
2
128
74
18
-44
-292
-205
-140
8
149
138
-101
-125
-213
-245
-99
32
197
111
5
-112
-183
-130
-273
-72
-87
-76
-120
-98
-233
-193
-132
-115
72
57
112
63
37
183
86
85
270
89
133
137
-32
-164
-233
-322
-330
-195
-48
181
287
171
237
37
152
339
318
424
244
-146
-172
-361
-367
-6
28
138
49
-131
-125
-113
-30
104
237
104
154
-74
-66
-63
-135
1
41
-7
-28
-108
-161
-126
-4
102
51
64
14
15
39
108
99
163
170
-7
-3
35
2
126
218
87
-59
-184
-57
-171
97
289
-55
14
-146
-221
-154
10
2
16
-60
-163
-211
-233
31
-53
151
157
-44
-49
35
-84
72
17
53
-18
-104
-142
4
-12
19
44
-129
-19
-229
-38
110
-39
-65
-156
-202
-28
10
38
64
-88
-68
-204
-124
-178
76
-68
6
133
58
278
213
145
119
113
132
170
123
77
-58
-79
-26
114
303
116
96
27
-137
-19
85
136
167
-61
-10
-103
-6
377
181
309
301
139
278
149
50
-4
-130
-45
-151
49
-52
-123
-165
-132
-58
-88
175
-158
-274
-215
-475
-472
-101
-160
-157
-91
-438
-294
-222
96
108
24
6
-315
-352
-328
-47
-65
174
49
-66
-183
-150
-1
-9
335
165
74
-76
-25
-212
104
290
259
299
257
95
-79
286
71
267
302
129
196
-24
35
61
34
118
277
198
100
62
75
167
210
136
78
38
-1
-51
35
166
-11
-33
65
-59
34
160
-21
-126
-255
-416
-291
-190
-55
-18
-93
-162
-51
1
191
284
260
5
5
-337
-412
-231
-376
-156
-203
-79
-208
-147
-113
57
91
206
177
-10
83
-238
-10
-104
0
48
19
219
-25
-47
44
-118
2
33
-194
50
-231
-75
-35
-213
144
20
176
168
-100
79
-118
-76
26
-52
28
-111
-189
-12
-52
131
162
194
256
-17
130
-17
27
164
-14
199
253
136
302
182
329
304
210
256
99
-66
-12
-124
-130
-117
-54
104
85
236
243
53
111
-73
-82
-55
-140
38
-235
-168
-105
-138
-19
107
-2
50
25
-175
-140
-203
-176
-130
-153
-70
-181
-177
-218
-152
-59
-124
-133
-142
-49
-14
-129
-21
-179
-128
-10
-55
63
-66
-236
-160
-255
-112
100
16
173
107
62
108
34
198
71
153
267
6
179
-89
-97
23
-34
181
100
226
136
154
161
56
80
71
170
56
52
-30
-1
-97
4
63
41
-10
-27
-32
24
88
18
62
-21
108
-1
110
21
-63
-29
-83
2
-19
-30
-92
-91
-199
-102
-101
87
81
23
33
-129
32
29
204
177
274
-11
4
-162
-76
-59
-147
36
-21
-164
-105
-148
-91
49
-34
113
-20
58
-182
-89
-164
-123
15
-33
82
58
-63
47
-57
41
123
-89
88
-227
-126
-89
-178
65
-2
104
-11
47
18
59
72
117
-5
7
89
-111
-90
-85
40
1
276
174
104
-30
-128
5
43
184
118
-42
-80
-208
-293
10
-33
296
295
223
146
-103
17
0
112
316
42
102
-97
-90
-3
1
328
41
72
-66
-258
-263
-248
-124
-105
127
-34
-17
-115
-72
2
24
47
31
-220
-136
-305
-201
-82
17
-11
6
161
-80
-27
9
-91
92
138
139
89
11
-37
-32
-70
11
121
115
56
-133
-152
-101
-93
20
221
80
245
120
80
108
-13
22
103
40
34
-28
-137
-82
-78
14
140
246
65
132
-41
-73
25
6
20
176
-18
-24
-179
-142
-118
-81
115
-8
4
-13
2
62
209
292
196
253
64
83
22
0
81
27
-4
-119
-264
-135
-121
-148
72
114
-22
-28
-153
-157
-239
-108
-155
-108
-96
-244
-332
-300
-128
-89
188
123
130
20
-78
-184
-183
-27
16
-1
70
-203
-120
-228
-206
44
79
183
145
108
41
-41
-13
114
169
238
228
104
62
-74
1
29
77
149
23
6
-66
-105
34
0
96
211
-53
118
-114
-1
-8
-47
105
70
139
17
84
55
-79
108
-18
113
118
24
47
-57
-14
-42
23
37
-61
-116
-168
-140
-142
-75
124
47
148
93
77
94
-95
3
-31
48
90
-44
35
-167
-123
27
55
74
167
32
41
-30
-94
-162
-149
4
-106
52
2
-29
5
61
1
63
40
-51
4
-104
-68
-96
-50
-45
-23
-41
-36
28
-43
-3
-34
-35
-160
30
-91
28
-114
-41
-158
-76
-176
-63
-114
-64
-163
-157
23
-18
124
188
190
280
359
173
272
-32
41
-116
-112
-52
-40
-33
-11
-42
38
114
140
151
204
110
54
-55
-85
-41
7
37
70
-37
21
25
27
3
84
72
74
166
85
163
89
104
78
72
-11
44
-92
-9
-109
-39
-87
33
3
51
69
-32
29
-80
-8
-52
-81
-33
-75
-66
-43
-78
37
-19
49
-54
-59
-74
-108
-145
-143
-153
-187
-93
-102
32
31
89
50
74
54
21
-6
37
39
-34
5
-206
-53
-242
-63
-116
-21
-39
-132
-104
-177
-5
-66
72
130
146
146
134
-21
16
-95
-20
-22
37
-21
-97
-84
-78
56
-14
86
79
-15
-14
-87
0
53
32
191
87
88
85
13
106
57
142
-96
39
-265
-57
-58
-22
201
134
195
113
161
-3
128
85
186
127
155
-35
-38
-16
-48
147
96
84
18
-106
-116
-121
-44
138
164
149
108
125
31
62
77
34
11
-51
-205
-301
-266
-264
-101
-98
28
11
19
-79
-173
-79
-226
-190
-150
-148
-200
-136
-257
-233
-95
-105
-59
76
-144
-52
-96
-244
-116
-90
-25
74
142
-17
164
-2
23
111
66
162
127
151
101
121
150
195
193
259
213
160
183
51
53
56
11
24
1
16
35
62
62
111
103
129
167
93
81
91
92
138
42
-6
-63
-24
-94
-46
3
43
25
49
-5
-99
-7
-10
-21
16
-36
-94
-129
-243
-290
-128
-109
-112
-78
-157
-147
-90
-126
21
-54
-45
-65
-133
-136
-77
-109
-44
-118
-49
-51
16
-44
24
-45
-63
34
-65
89
-13
-74
-9
-52
93
104
245
132
129
75
46
76
77
106
1
-34
0
-178
8
-45
2
171
78
198
131
150
114
89
217
67
216
42
74
76
-38
82
-58
67
-69
29
71
-149
131
-70
88
33
-72
-3
-237
-88
-174
-112
-110
-54
-24
-37
37
70
69
86
-129
-5
-225
-108
-104
-95
-37
-58
87
-86
108
50
-86
102
-82
142
-62
-2
-108
-137
-29
23
94
127
-12
68
-109
-43
-104
25
-33
-43
-78
-151
-62
-112
-56
45
-79
21
-61
-29
-7
115
29
109
64
-33
18
-37
-32
37
-28
99
33
88
67
135
104
57
195
-6
120
-2
-6
90
-30
164
72
63
102
50
9
56
47
-19
94
56
-124
153
-156
119
78
7
155
-152
-37
-214
-113
-178
-83
0
-229
-17
-273
-93
-131
-94
30
-55
74
-115
6
-52
-146
81
-25
139
42
95
-42
-144
-79
-123
91
33
186
23
12
-56
-127
42
-125
37
-165
-55
-94
-115
-39
-37
159
34
195
75
52
61
-48
40
-33
65
-8
54
116
55
123
34
71
105
63
92
74
97
7
-74
-57
-104
-13
2
9
27
-45
1
-27
41
11
56
161
45
98
9
-79
-118
-127
-78
-20
149
71
173
-80
-18
-84
-48
110
29
152
32
-39
-47
36
181
137
124
130
40
-70
-164
-56
-179
-72
-133
-153
-6
-63
171
76
134
130
32
155
29
130
-19
-42
-167
-165
-104
-129
-35
-142
-91
-72
-101
-91
-230
-165
-212
-255
-202
-168
-83
-125
-83
-26
58
-10
60
52
17
5
-121
-155
-74
-132
-76
45
53
110
144
140
132
231
145
177
148
29
-25
-11
-70
50
114
65
180
40
153
11
126
140
60
243
120
218
164
127
98
143
115
125
17
76
-88
-67
-153
-115
-36
-49
54
61
48
-34
-32
-70
43
-33
118
34
-66
6
-179
56
11
32
86
-65
-154
-139
-231
-94
-100
-44
6
-21
16
-136
-70
-129
-53
-187
-167
-145
-292
-149
-93
-97
11
17
20
68
-121
-49
-144
-22
38
25
60
63
-4
36
74
64
66
-138
-14
-189
-110
-86
-38
50
-2
78
82
215
300
226
164
158
-5
15
-6
-8
21
41
19
98
76
67
27
144
54
135
33
54
-57
-14
-98
-149
55
94
118
188
54
-3
-4
69
71
115
117
-63
24
-75
-16
71
23
25
11
-57
-48
-233
-4
-187
-81
-136
-164
-30
-47
-151
35
-216
-2
-155
-94
-113
-243
-152
-120
-67
102
-10
255
23
111
81
-1
52
-68
5
-85
-79
16
-12
87
98
76
173
4
98
51
-10
-11
-79
-18
-60
-73
71
-72
72
-24
-9
-45
-35
-33
31
56
214
23
237
50
105
136
76
80
2
-119
-73
-254
-128
-87
-132
-41
-135
97
68
113
92
115
-22
35
-105
11
-88
48
-34
-32
45
44
164
138
207
210
44
45
-34
69
-50
-24
-113
36
-172
54
9
84
89
99
37
-40
-42
-101
-136
-158
-93
-158
-41
-134
-112
-137
-81
-48
-11
-3
22
-132
39
-235
41
23
53
80
5
-51
-101
35
-44
20
4
-138
-2
-142
-22
50
0
90
120
55
32
87
75
173
63
266
-82
214
42
69
202
93
62
82
-60
-16
-125
-46
-55
44
95
52
171
12
90
97
23
202
-16
-45
-44
-166
-94
-36
-65
-14
-18
-106
-27
-118
98
45
84
22
-154
-50
-58
-114
40
-49
-20
-274
-173
-225
-161
-11
-57
79
78
41
35
62
114
-56
142
-62
-114
-47
-257
-7
-42
17
56
44
63
-35
-15
37
-49
-57
-143
-103
-121
-7
128
107
336
245
59
202
0
-79
19
-109
-34
-53
-48
75
-2
153
49
134
89
-3
61
-61
73
-54
-230
-89
-198
-97
124
107
116
-121
-107
-104
-126
98
121
85
174
-27
-36
-96
79
77
119
264
-13
74
-84
-99
4
86
117
110
131
-68
-138
-221
-92
-46
95
-20
13
-108
-207
-104
-185
-18
127
31
17
-6
-183
-67
-29
82
149
69
-58
-89
-153
-101
30
137
203
52
-22
-49
-82
3
177
92
-26
37
-157
29
27
6
253
140
106
6
-231
-110
-148
-124
54
32
-18
-7
-56
-69
38
50
56
21
-45
-160
-110
-140
-140
25
19
132
168
115
163
99
-17
-8
-70
-84
-20
90
-10
-47
-134
-130
-3
9
228
80
41
-50
-195
-107
-66
5
167
138
48
80
-32
44
109
104
129
56
-67
-117
-206
-131
-85
6
185
97
138
17
-134
-58
64
143
164
-47
-6
-97
-48
64
140
374
181
59
115
34
-108
115
32
33
23
-161
-151
-257
-218
-66
-106
98
86
-13
23
-194
-112
-69
-9
12
-52
-233
-268
-277
-275
-120
-43
94
44
24
-100
-13
2
-12
162
135
138
146
89
-9
-8
-45
27
6
8
107
105
-43
44
64
34
132
115
226
109
30
22
-77
-57
24
52
51
33
-157
-200
-242
-215
-107
-53
30
-19
-133
-53
2
49
290
261
196
111
-45
-188
-89
10
39
158
103
76
-49
-13
-67
41
106
145
227
34
-20
-88
-109
49
54
141
104
-25
-180
-186
-133
-149
32
31
104
37
6
68
-3
-31
-3
-40
18
-41
-144
-112
-231
-242
-137
-99
33
-77
-76
-96
-145
-9
8
8
114
39
110
-26
94
-10
-57
50
-137
34
-29
-35
71
33
-7
-22
-26
-4
23
185
101
57
-88
-76
-41
17
303
155
236
55
-104
-68
-58
98
145
130
19
-10
-71
105
83
160
84
6
-99
-149
-74
-127
-26
-101
-56
-1
-74
-21
107
70
154
-33
50
-73
-163
-35
-143
30
38
19
-33
-112
-114
-128
63
118
203
213
30
-91
-47
-81
-14
151
29
45
-142
-357
-187
-214
1
94
71
139
-22
1
-28
-88
1
72
58
148
143
59
56
-34
-31
54
20
206
9
-113
-126
-252
-116
-157
-18
25
21
109
-18
-59
-45
41
82
94
121
-12
57
59
25
69
-39
-10
-176
-23
-33
-92
-53
-66
-7
83
245
327
287
278
95
-148
-94
-318
-76
-20
0
40
-65
55
3
206
223
311
131
-28
-5
-273
-202
-232
-260
-41
-29
12
70
7
-2
-18
17
-12
8
-37
-31
-48
-145
-182
-24
-220
-10
-29
-16
165
20
-12
-130
-158
-28
127
267
296
69
-27
-187
-84
-24
222
202
108
23
-330
-94
-150
49
345
151
130
-35
-220
-79
114
217
266
143
-63
-308
-230
-216
-68
256
134
271
-75
-52
-88
21
240
218
319
-49
-140
-319
-306
-141
27
198
74
77
-62
28
46
81
195
124
41
-145
-215
-243
-246
-208
49
-69
-107
-202
-361
-195
-133
130
91
196
-38
-191
-84
-83
172
237
122
125
-148
-239
-170
-158
33
101
52
63
-118
-178
-179
-10
1
59
116
-65
-14
-172
-12
114
123
223
206
115
74
90
42
203
185
265
185
107
156
113
117
156
231
10
7
-165
-287
-99
-109
-76
193
127
-75
43
-45
39
12
86
65
7
-11
-219
-95
-169
-58
168
88
177
-79
-79
-122
-220
66
-97
9
-189
-263
-220
-369
-167
-72
-10
142
-20
5
-46
-25
217
234
293
135
9
-87
-100
-82
81
110
74
-2
-81
-160
-178
7
146
244
203
92
-56
-163
-224
-26
-39
-39
-14
-252
-239
-199
-70
-16
277
224
241
210
63
40
30
-51
54
43
-108
-38
-176
31
9
186
186
140
14
-53
-95
-74
-57
-51
58
-154
3
-49
127
177
239
273
149
71
18
-98
-103
76
-60
134
-26
-72
-141
-155
-121
-95
117
-3
-1
-189
-292
-149
-102
130
203
106
111
-143
-16
-183
-71
-1
-101
53
15
-102
-109
-15
-21
253
215
168
104
16
-63
-37
-19
-98
34
-98
-149
-86
-71
-68
3
-18
-11
23
-2
-70
-49
-62
-11
123
-17
102
18
76
243
179
224
169
59
5
-3
-67
-18
-28
-82
4
5
-26
-111
-92
-65
-45
21
5
-100
-184
-139
-138
27
8
47
96
40
84
66
16
33
70
126
64
-37
-126
-53
-24
105
172
227
114
26
11
-41
29
56
7
-29
-78
-163
-81
-32
-28
78
42
-85
-158
-226
-199
-142
-20
38
152
148
96
66
57
57
0
64
-18
-39
-129
-203
-37
83
68
186
164
50
57
30
23
-35
-118
-201
-247
-181
-125
24
78
-13
-26
-137
-182
-168
-133
-111
-64
-52
-76
-107
-75
57
217
367
312
419
225
158
102
21
113
14
18
-40
-92
-58
-19
24
61
83
142
111
11
-21
-129
-95
-92
-49
-113
-1
-28
-9
149
75
146
91
63
35
-23
-3
-11
85
73
-33
-76
-190
-206
-139
-61
-66
-124
-216
-288
-262
-159
12
98
148
88
-43
-169
-169
-205
-70
8
-35
-56
-82
-26
81
139
291
339
226
161
-5
-118
-89
-94
-3
70
74
96
85
78
42
81
159
166
138
80
-4
-38
30
28
87
131
93
85
8
-65
-106
-99
-129
-67
-69
-90
-37
-14
-17
-39
4
-17
7
30
-17
73
92
-25
-61
-93
-83
-63
-5
18
-20
9
-54
-103
-83
-9
58
104
94
46
2
-38
-63
68
91
120
126
6
-76
-144
-173
-168
-98
-75
-70
-45
-98
-77
-6
28
88
124
144
107
62
10
-36
-49
-46
14
5
6
-10
-34
-20
11
24
35
9
-32
-61
-50
-55
-23
1
87
107
124
156
155
120
22
7
-39
-10
-67
-114
-134
-131
-101
-150
-90
-82
-77
-75
-2
65
136
138
79
22
8
33
22
-7
-38
-80
-147
-128
-106
8
131
155
144
98
22
7
11
2
11
4
28
4
17
17
10
24
83
75
36
70
60
75
61
64
65
97
97
106
59
-42
-71
-138
-128
-124
-85
-80
-66
-96
-119
-22
72
91
113
100
20
-75
-129
-177
-162
-68
-37
48
-35
-70
-59
-33
52
21
40
-39
-89
-126
-89
29
170
206
164
66
20
-14
-4
44
2
-16
-76
-131
-134
-130
-68
31
83
35
-25
-68
-58
-17
32
69
65
41
9
20
43
114
113
106
63
25
-26
-6
12
5
-28
-64
-87
-102
-55
-74
-41
-7
-39
-99
-91
0
76
57
66
55
53
91
109
171
174
149
68
11
-15
-52
-12
-50
-39
-86
-171
-203
-203
-207
-136
-50
-44
-54
-79
-66
-34
-29
42
134
140
90
31
-28
-81
-36
51
128
128
122
75
38
63
99
174
223
227
103
-21
-105
-174
-166
-92
-62
-28
16
30
46
72
146
156
203
157
65
-30
-128
-191
-201
-206
-144
-139
-168
-134
-98
-49
-3
75
120
111
70
53
12
22
25
25
24
-21
-25
3
2
-49
-104
-130
-85
-62
-34
-20
-35
-57
-64
-18
-29
-37
64
124
142
102
51
38
13
27
30
24
53
70
89
96
73
15
6
-29
15
20
-27
-50
-59
-59
-43
-25
-15
39
75
155
147
111
3
-44
-7
-14
8
66
65
47
12
-83
-110
-102
-75
-36
-5
-19
-78
-100
-75
-41
-12
33
51
71
16
-91
-207
-229
-213
-147
-40
44
89
66
32
20
-4
9
34
10
-42
-87
-107
-109
-83
-32
69
116
220
199
198
165
97
71
17
30
30
4
6
-25
-56
-49
-19
39
81
122
131
97
61
-4
-44
-23
-19
-39
-52
-47
-105
-104
-92
-67
-50
-47
-11
-5
7
-21
-33
-33
-42
-22
-32
-73
-94
-126
-143
-115
-109
-66
-42
-20
-5
69
166
198
196
177
88
13
-36
10
48
79
43
0
-28
-56
6
77
153
106
86
8
-54
-31
8
49
69
58
-6
-30
-112
-104
-98
-72
-60
-40
30
29
42
30
42
38
24
33
26
-17
-8
18
-21
-46
-82
-134
-218
-215
-158
-119
-48
1
17
-35
-39
-32
-16
40
60
90
74
36
10
25
39
99
103
141
154
85
37
5
31
95
151
230
260
188
128
40
-39
-28
-36
-31
-4
-27
-60
-69
-103
-90
-39
-59
-109
-134
-154
-157
-135
-87
-71
-49
-46
-26
-14
-23
-17
-20
-26
-51
-44
-49
-51
-53
-30
-38
-60
-60
-83
-79
-74
-64
-8
52
63
74
59
93
139
144
157
159
176
145
136
137
153
132
72
10
-13
-43
-16
8
-12
-6
-19
21
30
39
42
12
-33
-89
-87
-49
-59
-85
-128
-146
-151
-134
-64
8
54
48
-21
-54
-49
-9
84
137
98
51
-19
-70
-115
-106
-70
-26
-57
-111
-133
-168
-137
-57
48
139
107
90
90
99
145
135
138
120
91
57
80
82
80
73
45
-13
-33
-36
-39
-48
-45
-60
-31
-19
-2
21
58
43
3
-11
-21
-63
-103
-87
-59
-38
-12
5
-24
-46
-88
-60
-52
-8
11
-30
-55
-69
-50
-77
-32
-27
-36
-13
-8
26
47
99
111
94
111
77
61
4
-24
-13
-27
10
-15
-65
-67
-48
-11
4
33
17
-36
-85
-56
0
31
59
73
29
-16
-48
-25
-2
20
65
38
15
32
28
41
84
101
109
107
81
68
38
3
7
1
-50
-83
-143
-154
-172
-153
-106
-74
-44
-46
-12
11
63
135
158
146
79
-28
-46
-51
-31
-3
-29
-56
-59
-70
-48
3
75
132
164
134
44
-11
-75
-98
-39
53
84
46
-34
-61
-86
-76
-41
29
67
31
-27
-119
-105
-34
48
94
99
49
-58
-120
-117
-73
2
76
106
114
113
108
99
83
92
101
86
55
-5
-62
-96
-116
-97
-74
-70
-63
-49
-68
-93
-103
-57
12
30
43
26
-15
-9
-30
4
46
50
70
47
-2
6
-31
-43
-21
-11
-8
-35
-76
-135
-144
-158
-150
-82
-24
-5
-52
-52
-41
-21
8
61
119
160
140
96
62
10
8
-6
11
5
0
8
30
41
58
99
108
128
135
109
92
20
-3
-2
-9
37
58
91
71
21
-17
-36
-39
-16
-35
-44
-25
-27
-46
-78
-59
-44
-39
-28
7
50
83
62
16
-37
-52
-45
-18
-25
-25
-57
-100
-126
-117
-66
-32
20
18
20
-32
-103
-106
-75
-38
-3
17
42
28
10
29
11
19
29
9
-11
-32
-76
-44
-12
52
110
127
109
67
54
55
76
63
18
-51
-63
-43
10
59
100
124
100
40
-33
-37
-69
-62
-61
-9
7
-3
31
47
70
86
105
71
32
-48
-81
-103
-85
-67
-60
-44
-55
-100
-85
-51
-36
-63
-95
-105
-114
-80
-33
38
40
37
21
-23
-74
-101
-86
-73
-22
31
47
59
67
98
132
162
167
133
68
-11
-60
-68
-45
-4
53
75
97
71
40
37
11
16
17
32
30
-25
-38
-46
-32
-27
-16
-9
1
-17
-20
-38
-9
19
19
4
-32
-14
-22
-45
-31
-39
-43
-11
22
60
86
66
60
10
-20
-39
-51
-12
-11
46
52
57
69
99
117
96
66
-14
-76
-125
-168
-157
-91
-3
81
153
220
224
154
86
28
-68
-155
-189
-152
-101
-63
-25
8
26
15
18
4
-31
-89
-140
-187
-171
-156
-128
-65
-31
-6
-9
-51
-84
-115
-135
-123
-80
-21
32
76
134
150
136
144
123
88
27
17
7
9
45
77
85
85
70
36
14
-5
-23
-24
-6
6
75
134
164
163
153
97
52
-3
-53
-70
-73
-34
-40
14
20
20
25
-13
-25
-85
-116
-170
-185
-174
-151
-106
-55
4
42
22
-6
-33
-38
-28
8
41
31
46
10
9
-26
-39
-42
-63
-78
-93
-104
-129
-61
62
128
196
232
213
176
119
40
-23
-46
-66
-63
-35
26
81
108
142
127
111
65
49
-13
-47
-44
-47
19
39
70
106
112
68
40
30
-30
-66
-78
-70
-71
-47
-37
-46
-60
-83
-90
-103
-94
-102
-55
-31
-18
8
30
18
14
24
26
17
-20
-20
-18
-4
20
37
62
64
10
-20
-46
-86
-106
-88
-62
-22
-22
-25
-24
-21
-46
-64
-58
-56
-56
-75
-36
-14
1
34
75
104
134
139
80
36
-7
-50
-59
-57
-72
-72
-35
-11
3
14
17
39
55
49
14
-7
-5
7
-20
-38
-27
-12
-28
-26
-19
-3
53
83
127
125
137
157
189
181
164
159
106
65
11
-24
-46
-38
-40
-19
-15
15
65
92
73
27
-3
-39
-65
-100
-97
-97
-65
-46
-47
-48
-49
-57
-70
-59
-24
-57
-85
-106
-138
-135
-121
-79
-65
-59
-74
-83
-86
-91
-71
-53
-19
8
10
2
-10
10
33
73
102
108
103
91
39
19
-6
-14
-27
-32
-27
-64
-43
-17
52
95
105
105
82
59
26
-4
-19
13
33
50
66
66
79
92
98
101
94
64
55
3
-18
-15
-14
14
47
80
66
54
35
53
29
26
5
-54
-92
-87
-90
-85
-67
-61
-41
-40
-27
-44
-55
-64
-102
-102
-49
-21
-4
26
52
60
57
51
30
3
-31
-71
-79
-99
-104
-107
-84
-64
-40
-23
6
12
-11
-18
-25
-25
-28
-40
-34
-22
-1
-10
-36
-48
-49
-11
46
25
7
14
19
48
62
51
98
105
120
111
41
21
-2
19
6
9
6
-2
15
2
14
16
16
22
-1
-9
-17
-20
-10
-4
19
13
15
56
77
108
114
113
79
47
24
18
2
-39
-57
-40
-23
-4
7
50
49
39
14
-36
-55
-62
-46
-82
-100
-121
-86
-30
4
40
52
61
40
6
-16
-36
-37
22
21
-22
-37
-35
-44
-32
-29
3
-24
-44
-43
-78
-53
-30
38
64
65
61
34
11
29
18
22
-13
-32
-35
-66
-57
-50
-27
-26
-17
-27
-38
-40
-50
-79
-51
-16
-8
-28
-23
-10
-19
21
44
58
47
25
71
68
46
37
40
10
28
21
16
12
15
10
10
33
49
68
50
65
48
44
41
46
34
25
30
17
0
-13
-9
-1
21
32
5
-20
-48
-62
-63
-63
-70
-66
-31
-30
-48
-65
-58
-28
14
70
55
59
40
-1
-33
-61
-69
-49
-40
-33
-46
-68
-49
-29
8
60
45
25
-5
-40
-44
-59
-36
17
55
39
41
15
-9
23
33
19
29
7
-35
-58
-36
12
53
90
87
69
36
19
11
27
66
70
68
34
-5
-16
-36
-31
-1
19
21
17
19
32
45
46
47
49
30
15
-7
-55
-42
-39
-44
-48
-44
-36
-45
-43
-62
-67
-84
-67
-78
-94
-49
-22
-13
-20
-19
-20
-6
7
1
1
11
3
-14
-17
-9
32
48
55
27
25
33
10
-7
-6
0
15
39
62
84
75
40
10
-11
-30
-59
-96
-105
-95
-56
-44
-9
27
68
65
62
59
37
28
24
24
15
3
-12
17
10
-19
-16
-11
-29
-33
-27
-50
-71
-24
4
22
12
4
4
8
16
11
19
9
35
27
46
43
59
76
62
37
15
3
-10
-41
-52
-47
-52
-4
33
62
63
55
18
-13
-32
-56
-75
-63
-45
-25
-6
18
44
48
25
-13
-50
-56
-48
-46
-49
-67
-63
-30
20
70
75
74
62
37
6
-21
-20
-24
9
20
-15
-8
1
21
42
72
64
24
-14
-71
-97
-93
-79
-52
2
-16
-21
-22
-26
-17
4
23
68
60
53
42
23
43
62
67
64
53
1
-38
-29
-17
11
23
-9
10
-2
-2
12
13
10
-9
-12
6
8
-5
3
22
34
18
-4
-27
-42
-36
-47
-60
-61
-63
-61
-67
-41
-8
-7
2
0
-11
-13
-4
10
17
40
46
41
35
35
32
28
-4
-37
-65
-84
-61
-28
30
47
44
38
48
50
23
-1
-18
-46
-61
