0
0
0
0
0
0
0
0
0
0
0
0
0
0
0
0
0
0
0
0
0
0
0
0
0
0
0
0
0
0
0
0
0
0
0
0
0
0
0
0
0
0
0
0
0
0
0
0
0
0
0
0
0
0
0
0
0
0
0
0
0
0
0
0
0
0
0
0
0
0
0
0
0
0
0
0
0
0
0
0
0
0
0
0
0
0
0
0
0
0
0
0
0
0
0
0
0
0
0
0
0
0
0
0
0
0
0
0
0
0
0
0
0
0
0
0
0
0
0
0
0
0
0
0
0
0
0
0
0
0
0
0
0
0
0
0
0
0
0
0
0
0
0
0
0
0
0
0
0
0
0
0
0
0
0
0
0
0
0
0
0
0
0
0
0
0
0
0
0
0
0
0
0
0
0
0
0
0
0
0
0
0
0
0
0
0
0
0
0
0
0
0
0
0
0
0
0
0
0
0
0
0
0
0
0
0
0
0
0
0
0
0
0
0
0
0
0
0
0
0
0
0
0
0
0
0
0
0
0
0
0
0
0
0
0
0
0
0
0
0
0
0
0
0
0
0
0
0
0
0
0
0
0
0
0
0
0
0
0
0
0
0
0
0
0
0
0
0
0
0
0
0
0
0
0
0
0
0
0
0
0
0
0
0
0
0
0
0
0
0
0
0
0
0
0
0
0
0
0
0
0
0
0
0
0
0
0
0
0
0
0
0
0
0
0
0
0
0
0
0
0
0
0
0
0
0
0
0
0
0
0
0
0
0
0
0
0
0
0
0
0
0
0
0
0
0
0
0
0
0
0
0
0
0
0
0
0
0
0
0
0
0
0
0
0
0
0
0
0
0
0
0
0
0
0
0
0
0
0
0
0
0
0
0
0
0
0
0
0
0
0
0
0
0
0
0
0
0
0
0
2033
1109
98
-860
-1778
-2605
-3052
-3029
-2747
-2270
-1593
-746
317
1332
1874
2062
2224
2290
2107
1681
1161
779
522
163
-331
-799
-1182
-1585
-2110
-2677
-3058
-3113
-2903
-2536
-1957
-1080
18
1168
2097
2627
2920
2991
2573
1760
810
-165
-1014
-1717
-2274
-2522
-2409
-2024
-1600
-1260
-839
-380
-98
67
264
552
893
1168
1416
1718
1948
2025
1915
1569
1038
375
-410
-1178
-1823
-2290
-2434
-2247
-1848
-1261
-483
397
1194
1743
2030
2053
1840
1473
1005
588
290
28
-158
-225
-259
-309
-430
-658
-943
-1299
-1642
-1750
-1647
-1424
-948
-249
484
1197
1751
2037
2153
2031
1569
929
236
-451
-921
-1193
-1403
-1436
-1177
-768
-413
-178
-54
107
224
169
142
259
527
730
845
975
1051
1065
864
512
116
-293
-612
-903
-1127
-1126
-915
-597
-268
0
260
530
670
634
462
276
134
-37
-241
-380
-386
-300
-228
-200
-186
-166
-189
-282
-410
-473
-450
-373
-242
-93
112
302
435
498
483
464
324
129
-73
-272
-315
-286
-216
-112
7
141
241
254
192
166
148
87
57
116
221
327
450
567
641
644
548
374
175
-13
-148
-217
-273
-256
-100
123
344
565
748
834
761
553
337
160
-30
-221
-327
-349
-333
-279
-217
-164
-113
-97
-175
-256
-305
-378
-394
-372
-345
-268
-137
-65
-63
-38
-125
-266
-462
-689
-796
-890
-925
-891
-796
-604
-423
-270
-152
-92
-50
-33
-46
-10
28
43
132
211
187
135
76
-61
-233
-373
-510
-598
-588
-572
-510
-294
-39
170
351
497
629
739
765
701
561
407
285
161
48
2
21
-12
-138
-292
-435
-572
-621
-571
-485
-269
55
466
876
1251
1563
1643
1630
1459
1053
609
137
-304
-644
-858
-966
-930
-755
-562
-370
-189
-9
145
314
604
1022
1486
1937
2370
2758
2993
2923
2513
1784
772
-432
-1655
-2770
-3631
-4022
-3941
-3461
-2657
-1542
-252
960
1962
2568
2861
2817
2380
1807
1155
515
27
-353
-718
-1037
-1321
-1661
-2035
-2399
-2705
-2935
-3003
-2781
-2297
-1579
-629
396
1384
2245
2800
3057
2900
2336
1562
588
-413
-1310
-1976
-2374
-2497
-2287
-1920
-1493
-1091
-769
-508
-283
-14
339
830
1433
2062
2622
3054
3299
3265
2855
2047
979
-159
-1228
-2140
-2792
-3052
-2841
-2228
-1384
-412
624
1602
2331
2667
2538
2032
1317
501
-304
-967
-1312
-1348
-1195
-885
-472
-50
217
317
234
6
-166
-373
-546
-585
-613
-495
-311
-148
46
96
21
-162
-490
-848
-1152
-1325
-1358
-1316
-1191
-947
-615
-268
69
401
678
788
726
564
327
16
-319
-577
-675
-648
-570
-442
-286
-254
-469
-898
-1388
-1781
-1903
-1610
-820
568
2558
4768
6795
8404
9347
9433
8428
6198
3069
-453
-3942
-6954
-9104
-10123
-9843
-8313
-5844
-2896
208
3240
5729
7185
7596
7286
6492
5297
3847
2510
1585
986
387
-344
-1163
-2133
-3409
-4969
-6580
-7888
-8561
-8440
-7506
-5743
-3190
-90
3103
5884
7878
8898
8885
7831
5849
3241
434
-2191
-4411
-6060
-6954
-7021
-6489
-5688
-4735
-3655
-2600
-1740
-1049
-375
385
1249
2203
3229
4280
5179
5658
5582
4936
3695
1894
-237
-2338
-4225
-5774
-6698
-6816
-6177
-4856
-2986
-760
1564
3642
5259
6322
6667
6300
5420
4161
2672
1119
-371
-1580
-2414
-2950
-3155
-3029
-2704
-2253
-1750
-1238
-675
-110
470
1180
1925
2486
2793
2919
2873
2559
1961
1205
370
-545
-1477
-2206
-2560
-2582
-2366
-1922
-1287
-603
16
583
1061
1301
1297
1160
920
562
162
-125
-290
-421
-492
-543
-559
-482
-439
-466
-496
-558
-614
-741
-984
-1067
-1024
-1019
-878
-616
-386
-154
2
5
-98
-287
-516
-676
-740
-800
-857
-772
-577
-433
-370
-368
-489
-714
-871
-749
-266
588
1855
3473
5171
6639
7744
8385
8247
6973
4610
1592
-1674
-4880
-7589
-9366
-9994
-9416
-7736
-5273
-2322
949
4161
6710
8193
8646
8341
7471
6086
4333
2603
1180
-82
-1396
-2615
-3524
-4300
-5215
-6163
-6874
-7227
-7148
-6525
-5338
-3607
-1317
1376
4093
6416
8017
8702
8416
7115
4830
1943
-998
-3719
-6170
-8068
-8996
-8872
-8033
-6800
-5227
-3423
-1764
-528
434
1349
2151
2705
3158
3739
4403
4900
5078
4909
4328
3221
1600
-281
-2099
-3714
-5008
-5692
-5542
-4694
-3330
-1435
856
3128
5058
6511
7325
7356
6658
5419
3859
2158
481
-982
-2072
-2788
-3194
-3249
-2971
-2546
-2080
-1470
-695
37
597
1083
1550
1859
1879
1658
1302
785
22
-902
-1728
-2329
-2760
-2949
-2725
-2181
-1579
-937
-187
503
879
917
763
501
157
-215
-499
-655
-768
-874
-876
-755
-694
-782
-899
-963
-1067
-1234
-1302
-1154
-913
-751
-693
-717
-859
-1159
-1544
-1821
-1746
-1161
13
1856
4329
7081
9609
11584
12766
12733
11053
7763
3384
-1448
-6164
-10157
-12841
-13837
-13097
-10880
-7599
-3650
662
4891
8325
10322
10826
10286
9062
7280
5248
3531
2367
1422
316
-927
-2219
-3747
-5705
-7893
-9880
-11348
-12089
-11811
-10263
-7494
-3804
426
4733
8489
11086
12208
11812
9974
6896
3061
-872
-4402
-7307
-9337
-10123
-9648
-8432
-6997
-5429
-3800
-2448
-1523
-717
239
1291
2385
3639
5091
6558
7774
8465
8396
7405
5441
2652
-549
-3704
-6524
-8695
-9768
-9490
-8000
-5501
-2160
1582
5141
8083
10015
10615
9915
8202
5754
2999
406
-1837
-3607
-4684
-5083
-5045
-4584
-3691
-2656
-1764
-1033
-371
240
778
1225
1682
2204
2629
2817
2804
2534
1865
872
-211
-1312
-2409
-3282
-3669
-3578
-3212
-2570
-1500
-125
1144
2050
2651
2944
2765
2137
1314
483
-354
-1148
-1664
-1828
-1742
-1414
-998
-692
-455
-390
-580
-828
-1227
-1883
-2394
-2502
-2383
-2123
-1678
-1112
-491
21
151
-34
-374
-1118
-2127
-2647
-2279
-1087
897
3703
7075
10285
12747
14340
14764
13452
10218
5425
-251
-6018
-11076
-14730
-16543
-16388
-14399
-10878
-6213
-993
4050
8274
11184
12425
12111
10834
9032
6837
4594
2921
1938
1044
-175
-1587
-3066
-4824
-7045
-9327
-10999
-11914
-12077
-11196
-9000
-5572
-1507
2686
6834
10181
11929
12187
11129
8705
5226
1377
-2243
-5389
-7945
-9519
-9735
-8769
-7309
-5855
-4382
-2970
-1921
-1263
-599
365
1361
2204
3201
4469
5766
6729
7134
7057
6207
4162
1377
-1486
-4228
-6555
-7982
-8194
-7297
-5590
-3094
111
3475
6268
8031
8765
8532
7235
5227
3212
1381
-422
-1866
-2504
-2552
-2357
-1817
-894
-35
281
88
-197
-403
-792
-1354
-1633
-1486
-1272
-1115
-795
-332
2
111
167
299
368
202
-17
-11
83
0
-128
-49
52
-155
-563
-908
-1172
-1458
-1656
-1580
-1254
-886
-495
35
510
768
672
416
68
-577
-1216
-1782
-2181
-2420
-2446
-2103
-1819
-1726
-1849
-2206
-2679
-3050
-2914
-2004
-151
2619
6006
9499
12610
14951
16166
15861
13644
9537
4153
-1656
-7210
-11919
-15102
-16266
-15359
-12664
-8691
-3983
1073
5985
9874
12022
12489
11799
10282
8067
5550
3407
1941
732
-674
-2170
-3593
-5207
-7185
-9260
-11172
-12796
-13704
-13336
-11652
-8936
-5208
-492
4486
8692
11588
13111
13173
11628
8665
4865
865
-2946
-6237
-8505
-9386
-9005
-7789
-6183
-4545
-3075
-1820
-868
-303
105
758
1769
2938
4261
5926
7642
8626
8452
7395
5615
2883
-665
-4221
-7157
-9433
-10880
-10856
-9115
-6230
-2824
940
4734
7743
9431
9979
9605
8110
5596
2870
607
-1202
-2680
-3498
-3389
-2679
-1885
-1103
-287
275
378
312
278
77
-232
-294
-148
-85
-25
206
457
456
167
-216
-530
-882
-1359
-1615
-1367
-910
-590
-228
364
885
999
740
206
-723
-1995
-3125
-3662
-3640
-3227
-2353
-1021
341
1305
1917
2305
2225
1414
152
-1027
-1926
-2589
-2887
-2652
-2105
-1691
-1577
-1591
-1572
-1429
-847
585
2862
5596
8439
11218
13646
15200
15401
13916
10542
5522
-424
-6382
-11514
-15356
-17406
-17162
-15051
-11796
-7472
-2165
3472
8339
11520
12974
13061
11905
9638
6781
4171
2247
695
-842
-2356
-3786
-5268
-6963
-8764
-10422
-11690
-12302
-12081
-10869
-8595
-5162
-574
4450
8832
11992
13726
14034
12869
10040
5968
1502
-2885
-6891
-10168
-12182
-12367
-11038
-9094
-6872
-4299
-1702
420
2028
3263
4160
4811
5334
5763
6183
6565
6601
6096
5021
3319
978
-1794
-4608
-7018
-8666
-9404
-9107
-7646
-5236
-2247
1189
4791
7814
9702
10532
10410
9182
6966
4371
1901
-445
-2697
-4502
-5514
-5886
-5892
-5404
-4245
-2700
-1162
384
2039
3483
4320
4584
4486
3938
2775
1187
-522
-2252
-3938
-5272
-5924
-5857
-5117
-3656
-1622
442
2098
3319
4062
4073
3291
2016
538
-916
-2146
-3026
-3454
-3332
-2753
-2034
-1411
-989
-792
-751
-795
-979
-1274
-1451
-1319
-989
-745
-734
-931
-1299
-1787
-2054
-1592
-129
2230
5215
8518
11725
14382
16122
16588
15259
11702
6117
-535
-7077
-12681
-16843
-19029
-18768
-16159
-11920
-6780
-1049
4974
10403
14061
15402
14858
13122
10500
7165
3781
1300
32
-715
-1740
-3081
-4457
-5975
-7973
-10373
-12547
-13809
-13969
-13152
-11167
-7611
-2662
2914
8277
12648
15286
15876
14594
11629
7189
1938
-3133
-7485
-11090
-13635
-14400
-13253
-11042
-8601
-5977
-3098
-476
1389
2726
4061
5421
6540
7442
8302
8949
8995
8347
7115
5222
2453
-1023
-4634
-7885
-10475
-11990
-11940
-10288
-7500
-3963
229
4770
8890
11926
13757
14357
13476
11070
7725
4135
529
-3020
-6075
-8152
-9274
-9630
-9077
-7498
-5278
-2912
-451
2103
4319
5726
6383
6545
6096
4835
3040
1171
-734
-2730
-4446
-5458
-5901
-6047
-5640
-4459
-2946
-1562
-409
571
1257
1307
915
746
801
593
215
-128
-451
-606
-569
-522
-516
-632
-991
-1482
-1953
-2258
-2251
-1939
-1530
-1319
-1361
-1522
-1858
-2355
-2518
-1899
-457
1820
5024
8835
12522
15608
17911
18965
17960
14394
8512
1288
-6020
-12502
-17655
-20897
-21564
-19631
-15902
-11044
-5103
1646
8137
12926
15279
15686
14799
12709
9509
6010
3543
2432
1468
-82
-1815
-3446
-5242
-7686
-10756
-13539
-15277
-16028
-15829
-14147
-10492
-5020
1511
8017
13403
17032
18866
18804
16422
11790
5959
266
-5011
-10145
-14245
-15931
-15302
-13511
-11290
-8601
-5386
-2428
-437
1083
2773
4492
5860
6873
8048
9601
10730
10857
10236
8665
5592
1306
-3317
-7507
-10839
-13065
-13753
-12706
-10288
-6997
-3011
1527
5943
9422
11849
13289
13340
11867
9434
6596
3553
518
-2143
-4235
-5911
-7288
-8091
-7913
-6873
-5406
-3586
-1385
890
2927
4746
6321
7300
7344
6452
4828
2609
-74
-2780
-4866
-6165
-6918
-7067
-6318
-4802
-3181
-1842
-527
674
1333
1446
1191
771
301
-260
-697
-716
-570
-615
-852
-1150
-1430
-1794
-2202
-2473
-2700
-2983
-3059
-2799
-2412
-2147
-2080
-1900
-1503
-1074
-261
1347
3709
6620
9549
12206
14610
16276
16583
14929
10893
5065
-1423
-7697
-13147
-17287
-19232
-18292
-15265
-11423
-6889
-1159
5312
10691
13471
14135
13943
12859
10070
6119
3082
1972
1484
291
-1310
-2559
-3347
-4547
-6963
-9837
-11799
-12533
-12580
-12170
-10646
-7193
-2121
3089
7230
10370
12833
14091
13370
10531
6523
2536
-1525
-6114
-10317
-12634
-12596
-11328
-10171
-8909
-6759
-4266
-2676
-1872
-482
1801
3730
4835
6166
8281
10250
11032
10764
9896
8044
4712
400
-3865
-7645
-10773
-12557
-12487
-10936
-8403
-4871
-313
4419
8222
10899
12670
13297
12375
10055
7281
4564
1422
-1950
-4471
-5860
-6654
-7061
-6755
-5669
-4357
-3151
-1810
-195
1503
3083
4433
5350
5479
4789
3698
2350
516
-1521
-2986
-3723
-4268
-4702
-4568
-3704
-2538
-1697
-1356
-1112
-744
-667
-1046
-1354
-1207
-907
-864
-1049
-1045
-616
-137
-91
-453
-936
-1425
-1862
-2277
-2698
-2892
-2792
-2985
-3907
-4846
-4773
-3514
-1396
1718
6073
10977
15089
17828
19709
20867
20056
15929
8934
1010
-6430
-13118
-18638
-21819
-21791
-19086
-15208
-10919
-5451
1729
8929
13623
15351
15600
15161
13246
9478
5478
3312
2710
1560
-859
-3109
-4252
-5231
-7249
-10052
-12335
-13341
-13547
-13371
-12117
-8931
-3940
1854
7107
10879
13439
15244
15398
12868
8453
3961
-62
-4364
-9085
-12641
-13408
-12130
-10901
-10033
-8220
-5446
-3163
-1890
-664
1144
2915
3948
4762
6268
8269
9814
10562
10628
9645
7179
3555
-427
-4262
-7737
-10508
-12055
-12049
-10531
-7645
-3465
1744
7098
11269
13395
13496
12076
9658
6516
2921
-658
-3586
-5442
-6373
-6419
-5295
-3270
-1220
9
383
719
1152
1106
752
543
598
618
149
-450
-643
-624
-640
-846
-1249
-1507
-1534
-1376
-996
-552
-248
-143
-210
-577
-1331
-1981
-2065
-1919
-1921
-1944
-1658
-1278
-1246
-1238
-881
-432
-344
-891
-1595
-1723
-1498
-1453
-1698
-2306
-3219
-4082
-4335
-3759
-2335
457
4682
9248
13106
15991
18308
20022
19639
15842
9289
1896
-5099
-11624
-17199
-20442
-20615
-18332
-14963
-11151
-5894
1306
8420
12961
14624
14765
14256
12522
9050
5227
3140
2784
2164
193
-2050
-3305
-4240
-6295
-9377
-11982
-13114
-13292
-13388
-12798
-10075
-5070
988
6566
10733
13697
15695
16096
14268
10469
5907
1511
-3041
-7883
-11827
-13449
-12806
-11446
-10298
-8732
-6308
-3864
-2418
-1508
116
2030
3111
3863
5315
7325
8999
9872
10105
9689
8171
5459
2069
-1549
-5326
-8878
-11126
-11406
-10238
-8206
-5079
-779
3722
7261
9478
10461
10276
8995
6734
3771
780
-1509
-2874
-3615
-3953
-3653
-2549
-1214
-456
-195
161
644
620
79
-116
307
780
778
679
779
683
-29
-774
-1066
-1441
-1909
-2526
-2464
-2028
-1778
-1148
-739
-242
-373
-909
-990
-1139
-1152
-1524
-1744
-1590
-1564
-1553
-1348
-960
-825
-1163
-1527
-1359
-1344
-1710
-2971
-4519
-5461
-6110
-5471
-3556
94
4910
9483
13619
16757
19588
21392
20258
15495
8060
132
-7249
-13932
-19361
-21981
-20943
-17547
-13850
-9881
-3971
3624
10139
13438
14429
14993
14903
12608
8359
4746
3523
3434
2170
-373
-2450
-3456
-4817
-7639
-10885
-12767
-13138
-13350
-13809
-12859
-8865
-2577
3636
8466
12336
15595
17413
16669
13495
9353
5378
964
-4970
-11211
-14698
-14396
-12776
-12047
-11133
-8369
-4925
-3084
-2496
-978
1769
3722
3934
4111
5736
7837
8990
9551
10161
9976
7963
4504
676
-2927
-6118
-8587
-10031
-10419
-9706
-7562
-4002
88
3796
6873
9068
9680
8516
6465
4442
2471
330
-1552
-2559
-2806
-2836
-2637
-1852
-748
-106
-171
-489
-771
-1173
-1671
-1809
-1330
-471
450
1341
2061
2433
2556
2562
2171
1096
-253
-1221
-1841
-2598
-3443
-3801
-3423
-2658
-1981
-1566
-1216
-752
-395
-418
-603
-638
-669
-977
-1480
-1783
-1467
-590
39
-356
-1596
-2987
-4182
-5032
-5078
-3668
-609
3388
7133
10126
12947
15913
17878
17116
13166
7165
720
-5262
-10713
-15380
-18001
-17475
-14732
-11804
-8817
-3908
3141
9364
12072
12204
12269
12234
9971
5558
2200
1895
2732
2034
162
-889
-981
-1836
-4268
-7176
-9128
-10033
-10815
-11694
-11485
-8896
-4092
1339
5848
9251
12289
14747
15074
12625
8913
5537
2049
-2820
-8392
-12128
-12739
-11843
-11328
-10584
-8171
-4837
-2657
-1900
-951
957
2653
3036
2850
3459
4879
6160
6907
7266
7109
6036
3897
1027
-1911
-4399
-6202
-7157
-7171
-6269
-4305
-1204
2320
5146
6798
7497
7374
6279
4279
2016
318
-651
-1451
-2315
-2661
-2083
-1125
-587
-475
-247
107
-84
-1071
-2022
-1941
-991
-172
157
561
1426
2237
2383
2049
1668
1256
456
-784
-1674
-1614
-1099
-785
-879
-1228
-1382
-1397
-1656
-1940
-1796
-1330
-1201
-1697
-2156
-1932
-1276
-829
-820
-855
-507
37
103
-824
-2443
-3970
-5001
-5548
-5352
-3509
416
5232
9459
12643
15103
17091
17676
15515
10639
4151
-2585
-8639
-13820
-17465
-18491
-16758
-13386
-9865
-6129
-874
5344
10046
11984
12261
12271
11461
8669
4977
2917
3073
3425
2429
713
-668
-1842
-3600
-6150
-8668
-10246
-10878
-11242
-11641
-10957
-7788
-2432
3248
7506
10419
13148
15085
14458
11415
7922
4934
1128
-4407
-9730
-12258
-12067
-11394
-11287
-10323
-7680
-4909
-3307
-2221
-316
2294
3998
4328
4643
5799
7090
7559
7297
6877
6165
4560
1871
-1226
-3912
-5969
-7330
-8009
-8244
-7771
-6021
-3177
79
3024
5719
8329
9773
9173
7164
5148
3417
1480
-802
-2578
-3394
-3762
-3973
-4101
-3129
-1654
-431
141
-3
375
596
1063
1299
1318
1824
2090
2391
1731
1089
1077
981
375
-1382
-2396
-2385
-2053
-1955
-2216
-1533
-896
-754
-876
-1199
-855
-651
-655
-964
-1474
-1397
-1387
-1377
-1532
-1597
-978
-257
-235
-984
-1929
-2854
-3957
-4992
-4774
-3290
-339
3433
7057
10611
13165
15193
16176
15248
11817
5705
-631
-6294
-11487
-15990
-18518
-17795
-15138
-12299
-9087
-3944
2760
8367
11105
12057
12806
12732
10541
6845
4063
3298
3207
2326
810
-544
-1668
-3127
-5425
-8135
-9943
-10282
-10255
-10731
-10513
-7841
-2852
2565
6888
10185
12984
14705
14182
11520
8231
5232
1855
-2733
-7637
-10936
-11895
-11674
-11569
-11038
-8892
-5675
-3339
-2232
-759
1775
3919
4480
4569
5340
6589
7085
6818
6923
6794
5523
2918
-27
-2678
-5276
-7138
-7973
-7798
-6863
-5211
-2580
797
4075
6540
8041
8263
7046
4699
2460
525
-1247
-2689
-3649
-3813
-3829
-3231
-2191
-789
397
642
812
502
31
-723
-926
-49
705
1322
1664
2340
2603
1884
1001
311
-262
-1478
-2441
-2470
-2156
-1988
-1956
-1241
-205
312
184
-198
-43
65
-353
-731
-658
-129
-39
-400
-708
-893
-823
-927
-1224
-1614
-2595
-3955
-5307
-6067
-5351
-3524
-403
3593
7447
11006
13511
15601
16970
16214
12895
7162
1029
-4518
-9693
-14211
-17108
-17318
-15563
-13380
-10803
-6610
-700
5219
8874
10311
10982
11282
10429
7770
5187
4229
4220
3594
1680
-146
-1224
-2278
-4261
-7140
-9435
-10408
-10672
-11147
-11049
-8759
-4181
1346
5857
9546
12892
15391
15920
13473
10021
6484
2614
-2258
-7868
-11516
-12593
-11932
-11314
-10842
-8931
-6227
-3887
-2539
-1126
1286
3446
4388
4465
4917
6156
7151
7528
7538
7188
6110
3838
697
-2365
-4698
-6409
-7705
-8362
-7991
-6515
-4113
-1020
2392
5522
7756
8712
8326
7055
5003
2586
341
-1816
-3533
-4773
-5371
-5165
-4509
-3230
-1863
-821
87
543
815
1019
1340
1909
2186
2374
2630
2736
2351
1543
938
528
-485
-2033
-3129
-3380
-3035
-2982
-2587
-1609
-798
-334
-499
-97
490
601
481
114
197
139
-235
-694
-1152
-1266
-1191
-1040
-1242
-2123
-3449
-4739
-5760
-6159
-5415
-3175
419
4533
8518
11968
14831
17218
18175
16398
11863
5728
-605
-6435
-11700
-15801
-17576
-16648
-14257
-11746
-8473
-3357
2559
6991
8879
9435
10094
10061
8047
5063
3390
3643
4128
3230
1391
-74
-1020
-2497
-5114
-8112
-10231
-11117
-11506
-11805
-10866
-7277
-1664
3794
7911
11270
14317
15991
15040
11987
8663
5734
2044
-3074
-8122
-11064
-11745
-11577
-11258
-10084
-7653
-5095
-3669
-2893
-1351
1089
3104
3936
4316
5111
6139
6833
7186
7409
7164
5780
3113
-334
-3730
-6373
-8064
-8839
-8708
-7573
-5281
-2161
1132
4141
6533
8176
8727
7619
5266
2803
735
-1036
-2685
-4048
-4798
-4853
-4228
-3161
-1983
-874
-177
-41
-51
-34
307
963
1467
1860
2353
3081
3427
2979
2203
1884
1389
19
-1845
-3240
-3139
-3339
-3629
-3559
-2950
-1431
-1278
-1020
-442
355
1372
1060
811
303
-91
-92
-455
-747
-794
-504
-670
-1765
-3458
-4840
-5438
-5413
-4776
-2865
1060
5717
9345
11903
14419
16812
17363
14572
8957
2751
-2574
-7491
-12558
-16454
-17367
-15720
-13572
-11392
-7375
-884
5418
8653
9353
9960
10793
9888
6723
3659
2760
3026
2341
714
-330
-598
-1378
-3357
-5815
-7850
-9203
-10004
-10366
-10055
-8396
-4806
89
4888
8524
11369
13951
15239
13998
10630
7281
4324
141
-5511
-9887
-11354
-11201
-11034
-11245
-9417
-6530
-4394
-3260
-2392
463
2477
3141
3674
4447
6130
6797
7120
7520
7654
7096
5119
2389
-552
-3397
-6117
-7951
-8902
-8929
-7614
-5197
-1775
1384
4051
6402
7724
8104
7095
5206
2937
168
-2081
-3888
-4780
-4727
-4554
-3651
-2801
-1920
-840
-166
542
491
486
954
1267
1360
1000
1244
1821
2234
2045
1738
1603
937
39
-1304
-2065
-2480
-2647
-2417
-2270
-1580
-1167
-747
-288
12
458
611
709
307
-600
-1118
-977
-397
-4
-201
-503
-1104
-2503
-4157
-5361
-5367
-4417
-2739
110
3662
7383
10538
13018
15485
16953
15824
11361
5058
-776
-5842
-10401
-14491
-17022
-16955
-15172
-12786
-9913
-5337
900
6464
9401
10187
10671
11022
9788
6883
4560
4155
4167
2675
180
-1448
-1993
-3141
-5727
-8191
-9375
-9720
-10383
-11052
-10082
-7099
-2526
2268
6621
10592
13582
15260
15151
13307
10327
6962
3279
-1583
-6978
-10555
-11308
-11001
-11220
-11063
-9122
-6343
-4830
-4354
-2847
21
2372
3400
4470
6492
8533
9451
9404
9136
8555
6824
3788
318
-2904
-5850
-8346
-9906
-10309
-9483
-7217
-3780
-209
2742
5279
7554
8748
8032
5972
3816
1941
-60
-2158
-3721
-4480
-4659
-4460
-3846
-2821
-1587
-475
72
-33
-262
178
947
1195
955
1067
1978
2577
2321
2023
2364
2264
951
-813
-1684
-1537
-1976
-2171
-2265
-1984
-1443
-1715
-913
-183
425
751
490
771
-71
-1106
-1501
-1350
-908
-1116
-1442
-1636
-2026
-3188
-4642
-5373
-5034
-3979
-1967
1633
5945
9675
12487
15124
17458
17772
14743
9227
3181
-2419
-7760
-12846
-16499
-17890
-16983
-14874
-12164
-7916
-2105
3989
8023
9685
10532
11094
10685
8323
5371
3835
3675
3065
1038
-1151
-2089
-2480
-3997
-6555
-8903
-9746
-10116
-10758
-10909
-9557
-5530
-429
4472
8330
11438
14443
15894
15336
12745
9545
6385
2298
-2665
-7221
-9519
-10292
-11048
-11626
-10904
-8827
-6923
-5815
-4627
-2288
436
2260
3645
5499
7812
9442
10032
10213
9638
8109
5646
2524
-673
-4019
-6815
-8536
-9495
-9632
-8762
-6484
-3205
-94
2816
5316
7087
7914
7198
5721
3671
1665
36
-1666
-2770
-3655
-3795
-3466
-3141
-2473
-1779
-871
-670
-1064
-1211
-600
398
740
908
1060
1592
2067
1868
1737
1490
1328
564
-698
-1244
-1766
-1884
-2062
-2051
-1586
-1407
-751
-283
295
605
401
325
-73
-592
-1146
-1135
-834
-699
-938
-958
-1190
-2530
-3961
-5178
-5196
-4452
-2616
986
5032
8946
11836
14423
16827
17329
14703
9372
3213
-2491
-7655
-12235
-15339
-16479
-15401
-13612
-11595
-8155
-3138
2790
6735
8320
9067
9495
9299
7224
4923
4205
4503
4281
2601
763
-433
-1474
-3385
-6099
-8387
-9988
-10687
-11261
-11235
-9796
-6735
-1831
2803
6966
10422
13295
15230
14475
12164
9098
6422
3040
-1825
-5923
-8149
-8671
-9474
-10286
-9690
-8085
-6742
-6297
-5247
-2950
-638
712
1862
3803
6134
8000
9235
10240
10339
8928
6416
3387
437
-3007
-6161
-7752
-8539
-8561
-8050
-6408
-3397
-580
2198
4452
5855
6600
5914
4751
3190
970
-831
-2059
-2595
-3149
-3732
-3117
-1994
-1063
-672
-416
227
193
-530
-1322
-1279
-666
-421
-409
-54
861
1486
1928
1810
1597
1033
226
27
-620
-743
-986
-726
-422
-937
-841
-743
111
183
-296
-502
-749
-999
-2019
-2220
-1569
-633
-625
-973
-1221
-1908
-2749
-3955
-3904
-3324
-1643
1443
5044
8811
11379
13939
16023
16347
13865
8710
2942
-2652
-7643
-12015
-14957
-15812
-15002
-13153
-10572
-6702
-1761
3157
6694
8398
9133
9153
8333
6335
4147
3319
3402
3383
2226
754
-318
-1343
-2839
-5297
-7528
-8986
-9502
-9958
-10155
-8939
-6048
-1566
2729
6684
10089
12942
14634
13861
11731
8807
5966
2589
-1911
-5802
-8209
-8851
-9159
-9774
-9194
-7670
-6224
-5453
-4868
-3128
-1021
635
2173
3759
5760
7429
8475
9277
9403
8527
6452
3653
641
-2518
-5385
-7313
-8379
-8693
-8108
-6487
-3753
-992
1695
4186
6062
7241
6828
5588
3603
1069
-924
-2327
-2585
-2785
-3199
-3039
-2699
-1885
-1321
-600
219
168
-162
-805
-584
-56
246
694
948
1666
1754
1640
1616
1333
928
-158
-682
-949
-1287
-1296
-1084
-292
-206
-421
-62
311
546
-147
-905
-1408
-2142
-2752
-3233
-2671
-1620
-1083
-891
-889
-1168
-2066
-3258
-3974
-3948
-2968
-384
3064
6732
9975
12714
15827
17490
16349
12069
5759
-124
-5692
-10624
-14476
-16820
-16471
-14671
-12275
-8746
-3931
2130
7001
9222
9884
9733
9413
7451
4540
2740
2208
2460
1557
350
-654
-1341
-2220
-4464
-6706
-8503
-9055
-9434
-9948
-9508
-7453
-2916
1878
6161
9707
12656
15013
14771
12740
9757
6626
3419
-1147
-5526
-8662
-9841
-9826
-10139
-9674
-8417
-6650
-5445
-4794
-3380
-1680
77
1564
3199
5123
6871
8448
9605
10144
9547
7814
5218
2037
-1460
-4960
-7514
-8996
-9752
-9429
-7798
-4837
-1376
1712
4570
6852
8285
8222
6494
4228
1608
-746
-2380
-3378
-3725
-3886
-3477
-2828
-2290
-1463
-739
-3
359
55
-274
-527
-521
-495
-213
511
1083
1423
1626
1695
1261
630
-279
-984
-1239
-1671
-1701
-1608
-1034
-501
-208
396
551
637
318
-190
-640
-1288
-1922
-2489
-2365
-1997
-1717
-1277
-767
-649
-1305
-2250
-3057
-3344
-2983
-1674
1027
4475
7797
10778
13916
16722
17233
14635
9525
3351
-2537
-8165
-12974
-16140
-16918
-15549
-13622
-10781
-6754
-1228
4499
8153
9947
10160
10146
8959
6245
3666
2139
2413
2186
1065
-364
-1550
-2284
-4082
-6333
-8332
-9398
-9846
-10286
-9971
-8223
-4702
-183
4252
7926
10995
13574
14899
14253
11867
8876
5683
1727
-2946
-7104
-9364
-9909
-10002
-10206
-9589
-7894
-6335
-5168
-4035
-1972
256
1639
2920
4279
6458
8268
9234
9965
9728
8495
5967
2930
-242
-3526
-6172
-7953
-8980
-9236
-8527
-6594
-3439
-227
2738
4891
6197
6857
6397
5481
3461
1193
-406
-1521
-2041
-2820
-3202
-2805
-1961
-1269
-1273
-1327
-1242
-1290
-1438
-1280
-825
-216
459
1150
1788
2241
2543
2417
1807
853
-131
-889
-1309
-1585
-1681
-1431
-1088
-656
-702
-412
221
478
523
-214
-646
-1159
-1991
-2571
-2708
-1825
-1067
-747
-574
-355
-852
-1941
-3154
-3971
-3596
-2526
213
3633
7212
10300
12592
15237
16429
15390
11338
5544
-285
-5953
-10590
-14349
-16102
-15565
-13610
-11164
-8279
-3732
1935
6627
8944
9710
10019
9560
7601
4833
3125
2982
3077
2049
236
-1218
-2175
-3501
-5741
-8234
-9834
-10208
-10106
-9933
-8961
-6134
-1617
3257
7400
10503
12890
14329
14155
12054
9030
6008
2680
-1595
-6279
-9201
-10240
-10156
-10116
-9847
-8359
-6971
-5704
-4762
-2922
-517
1073
2590
3841
5752
7442
8656
9718
9890
9357
7434
4730
1436
-2319
-5381
-7261
-8081
-8553
-8175
-6540
-3906
-786
2179
5219
7332
7982
7226
5220
3162
790
-1123
-2168
-2799
-3011
-3491
-3407
-2827
-2263
-1529
-919
-478
-520
-953
-1135
-866
-609
-375
196
1107
1870
2076
2077
1907
1279
271
-863
-1670
-1903
-1823
-1521
-989
-593
-429
-183
227
577
490
-55
-556
-1024
-1897
-2826
-3007
-2278
-1388
-1107
-1070
-733
-799
-1962
-3505
-4386
-4409
-3560
-1450
1846
5479
8653
11293
13860
16051
16384
13968
9286
3372
-2542
-7708
-12263
-15710
-16669
-15029
-12298
-9520
-6101
-1189
4294
8291
10017
10354
10152
9019
6513
3816
2457
2377
2260
1095
-599
-1730
-2606
-4214
-6572
-8629
-9446
-9431
-9513
-9499
-8123
-4528
480
5249
9025
11838
13726
14379
13252
10625
7729
4872
1182
-3376
-7452
-9715
-10243
-10134
-10011
-9283
-7725
-6285
-5362
-4202
-2099
132
1848
3317
4760
6502
7974
8966
9477
9111
7988
5909
3023
-179
-3453
-5942
-7343
-8377
-8807
-8235
-6302
-3292
-196
2947
5349
6912
7566
6616
5015
2702
349
-1219
-2573
-3150
-3638
-3390
-2136
-1379
-422
107
458
608
-18
-371
-743
-759
-693
-573
-171
346
1084
1700
2341
2362
1792
640
-697
-1431
-1807
-1644
-1246
-802
-662
-962
-1072
-808
-391
-273
-616
-1011
-1329
-2062
-2833
-2736
-1617
-314
191
281
-24
-982
-2031
-3145
-3479
-2953
-1749
772
3765
6913
9512
11958
14730
15750
14048
9508
3817
-1499
-6527
-10878
-14456
-16262
-15718
-13858
-11301
-7794
-2830
2879
7196
9374
10342
10607
10101
8180
5473
3853
3338
2824
1459
-384
-1429
-2167
-3535
-5696
-7975
-9156
-9551
-9899
-10080
-9228
-6407
-1955
2930
7185
10517
13049
14454
13935
11581
8601
5669
2162
-2384
-6764
-9345
-10122
-10359
-10565
-10060
-8598
-7015
-5894
-4666
-2748
-553
1210
2609
4200
6109
7991
9509
10401
10273
8952
6717
3872
548
-2767
-5257
-6667
-7419
-7698
-7185
-5694
-3568
-1280
989
3144
4757
5294
4756
3589
2171
835
50
-111
-95
-208
-325
-230
-12
27
-244
-582
-1103
-1930
-2783
-3037
-2472
-1700
-898
-104
724
1456
2055
2311
2344
1974
863
203
-568
-980
-1203
-1192
-138
-115
-60
-339
-636
-268
-794
-1298
-2229
-3055
-3701
-4225
-3444
-1835
-440
328
476
142
-479
-1930
-2703
-2672
-1673
590
2678
5495
7828
10374
13696
15377
14836
10736
5017
-374
-5934
-10563
-14221
-15734
-14882
-13451
-11255
-8095
-2945
3390
7981
10327
10693
10343
9448
7075
4623
3310
3401
3545
2306
723
-513
-1433
-2477
-4353
-6687
-8773
-10086
-10912
-11358
-10722
-8160
-3497
1496
5741
9055
11956
14440
14667
12867
9812
6534
3323
-861
-5030
-7961
-9053
-9314
-9808
-9726
-8483
-6810
-5748
-4959
-3672
-1880
-267
1236
3186
5486
7441
8840
9937
10335
9521
7228
4528
1669
-1772
-5002
-7281
-7823
-7629
-7038
-5248
-2927
-325
1561
2975
4243
4284
3943
2766
1255
-19
-1482
-1227
-127
877
1520
1370
1961
2106
1382
588
-694
-1627
-2745
-3932
-4265
-3731
-2354
-983
268
1329
2205
2411
2287
1783
782
240
-451
-402
-628
-580
276
689
1326
620
175
-53
-670
-1244
-2885
-3827
-4392
-4624
-4290
-3340
-1338
261
652
106
-473
-1015
-1717
-2155
-1407
821
3505
5818
7715
10002
12862
14796
13950
9763
3901
-1587
-6310
-10722
-14502
-15979
-14727
-12311
-10122
-7162
-2373
3393
8049
9698
10386
10678
9958
7387
3376
1990
2302
2708
1849
-157
-740
-1170
-2152
-4346
-7068
-8694
-9767
-10492
-10934
-10172
-7279
-2746
2004
5903
9141
12012
14248
14387
12424
9507
6262
2938
-1649
-5579
-7468
-7958
-7864
-8858
-8582
-7034
-5652
-4759
-4829
-3391
-1673
-613
630
1837
4212
5905
7110
8591
9080
9033
7044
4380
1602
-1856
-4676
-7082
-8002
-7948
-7303
-5434
-2881
-191
1930
3400
4500
5019
4463
3408
1561
-348
-1763
-2555
-1865
-961
427
1621
2105
2531
2186
1688
808
-666
-2264
-3747
-4487
-4480
-4266
-3441
-1734
166
1751
2305
2431
2441
1845
1080
150
-196
-59
-73
293
525
832
957
472
96
-745
-1574
-2365
-3247
-3796
-4200
-4086
-3463
-2261
-876
555
1006
417
-517
-1667
-1881
-1833
-531
2011
4567
6948
8487
10755
13036
13532
11278
6428
1261
-3659
-8260
-12275
-14917
-15053
-13461
-11414
-9096
-5433
148
5796
9129
10052
10301
10259
8756
5398
2225
1556
2347
2514
1311
-148
-567
-961
-2337
-4554
-6766
-8028
-8793
-9625
-9968
-9021
-5910
-1356
2964
6565
9409
12082
13829
13262
10961
7736
4541
928
-3500
-6613
-7907
-7772
-7644
-8094
-7368
-6290
-5201
-4493
-3908
-2388
-1028
237
1361
2685
4427
5950
7216
8326
8745
8108
6366
3591
892
-2146
-4482
-5919
-6916
-6630
-6081
-4061
-1614
407
2403
2913
3181
2629
1706
1059
-408
-1033
-1454
-1299
-437
-15
1258
2143
2911
3176
2142
1293
10
-1362
-2985
-4375
-4460
-3973
-3202
-2190
-739
763
1692
1932
1934
1850
1422
891
473
232
14
-108
90
248
203
79
63
61
-456
-1220
-1847
-2281
-3019
-3618
-3604
-2955
-1828
-847
253
91
-389
-1056
-1837
-1531
-1142
1011
3320
5819
7985
9280
11846
13345
13603
10787
5762
533
-4967
-9269
-13193
-15074
-14596
-12984
-11076
-8965
-5009
462
5666
8712
9706
9728
9165
7375
4350
1890
1229
1743
1634
543
-542
-993
-1392
-2608
-4582
-6323
-7201
-7938
-8954
-9732
-8618
-5300
-977
3209
6432
9405
11871
13306
13009
11106
8711
5694
1909
-2720
-6379
-8198
-8522
-8341
-8331
-7361
-6108
-4776
-3898
-3136
-1800
-662
422
1212
2199
3571
5095
6489
7546
7907
7176
5585
3344
1118
-1500
-3886
-5440
-6320
-6376
-6016
-4255
-1663
754
2623
3182
3221
2524
1566
745
-510
-1204
-1709
-1474
-844
-360
1003
2243
3340
3242
2251
1357
-91
-1625
-3390
-4397
-4580
-4215
-3285
-2101
-519
753
1856
2435
2580
2592
2034
1634
1013
460
203
-152
132
136
167
204
-3
-15
-852
-1521
-2063
-2677
-3359
-4250
-4201
-3520
-2706
-1827
-910
-483
-501
-1059
-1169
-692
-4
1956
3952
6243
7850
9230
11378
12444
12176
8963
4252
-603
-5355
-9068
-12386
-14082
-13789
-12282
-10340
-7679
-3317
2516
7449
10006
10905
10502
9477
6742
3234
1117
662
1076
419
-730
-1458
-1615
-2162
-3913
-5795
-7053
-7551
-8350
-9133
-8821
-6904
-3109
977
4612
7742
10435
12680
13244
12315
10063
7018
3786
-421
-4480
-7287
-8298
-8142
-8250
-7880
-6927
-5515
-4114
-3399
-2310
-1009
22
728
1484
2830
4179
5672
6998
7744
7551
6371
4801
2737
575
-1798
-3935
-5408
-6473
-6674
-5700
-3424
-705
1477
2794
3538
3950
3915
3251
1697
-19
-1358
-2044
-2145
-2188
-1484
-133
1251
2040
1781
1554
1046
65
-1267
-2793
-3479
-3951
-3844
-3039
-2008
-642
350
1399
2238
2241
1882
1347
1029
739
222
-5
79
204
199
186
390
594
363
-365
-1313
-2280
-3052
-3736
-3981
-3526
-2595
-1833
-1351
-943
-979
-989
-1317
-1262
-711
558
2906
4831
7021
8663
10490
12367
12647
11236
7259
2791
-2097
-6895
-10844
-13952
-14738
-13857
-11755
-9226
-5776
-1085
3746
7375
9351
10303
10256
9065
5986
2801
935
606
642
-160
-741
-1243
-1383
-2352
-4051
-5782
-7277
-7872
-8658
-8976
-8684
-6718
-2925
1308
5320
8338
11091
12893
13077
11496
8893
6026
2446
-1351
-5078
-7436
-8291
-8427
-7807
-7062
-5957
-5071
-4599
-3510
-2282
-949
284
1361
2693
3601
4477
5732
7088
7946
7628
6461
4676
2231
-603
-3239
-5318
-6667
-7199
-6756
-5112
-2622
17
2312
4124
5117
5092
4141
2409
139
-1959
-3060
-3369
-3222
-2610
-1273
445
1947
2819
3151
3376
2777
1421
-656
-2505
-3788
-4948
-4943
-4250
-2556
-843
606
2138
2749
3093
2494
1656
796
-87
-414
-969
-1245
-1418
-1227
-603
-125
146
-109
-655
-1357
-2039
-2553
-2927
-3036
-2902
-2445
-1877
-1241
-811
-696
-637
-1111
-1424
-1294
-116
2119
4566
7235
9010
11017
12790
13063
11253
7042
2422
-2589
-6984
-10767
-13702
-14392
-13380
-11321
-8997
-5424
-450
4699
8176
9903
10617
10389
9000
5738
2940
1371
974
619
-595
-1236
-1761
-1983
-2874
-4331
-5626
-7121
-7996
-8926
-9514
-9108
-7061
-2997
1076
4740
7642
10085
12310
12836
12005
9914
7368
4029
-532
-4444
-7231
-8346
-8653
-8482
-7638
-6602
-5050
-4089
-2918
-1452
-260
1355
2156
3226
4227
4842
6316
6919
7174
6573
5047
3441
928
-1176
-3011
-4420
-5184
-5895
-5760
-4739
-2909
-1222
227
1556
2218
2631
2170
1720
999
-46
-358
-967
-699
-537
-462
353
741
1553
1558
1012
473
-745
-1656
-2270
-2620
-2729
-2637
-2051
-1280
-592
243
1123
1566
1934
1635
967
1009
806
949
732
443
433
-403
-500
-930
-951
-459
-737
-1020
-1825
-2210
-2597
-2712
-2064
-1528
-1093
-756
-631
-594
-729
-1532
-1931
-2085
-837
1652
4282
7297
8860
10784
12575
12816
11074
6740
2261
-2284
-6496
-10345
-13423
-14409
-13667
-11921
-9459
-6167
-1756
3491
7131
9253
9737
9428
8705
6152
3864
1878
1322
1191
404
58
-880
-1443
-2716
-4558
-6120
-7194
-7401
-8023
-8476
-8432
-6781
-3210
809
4632
7622
10414
12689
13043
11837
9552
6934
4135
142
-3872
-6828
-8448
-8849
-9140
-8567
-7207
-6009
-4966
-3975
-2231
-351
774
1673
2592
3607
4657
5887
7286
8139
7995
6694
4639
2284
39
-2157
-3844
-4854
-5857
-6109
-5715
-4066
-2061
-370
1592
2460
3178
2939
2125
1217
-281
-754
-1248
-1114
-652
-407
467
1008
1640
1922
1633
1381
385
-1089
-2281
-3162
-3314
-2835
-2209
-1133
-225
344
1161
1396
1658
1560
776
854
738
790
780
452
781
368
-43
-480
-1327
-1643
-1997
-2109
-2196
-2473
-2579
-2925
-2640
-1686
-1125
-569
-352
-453
-798
-1652
-2008
-1913
-860
1416
3973
6517
8405
10158
12272
13529
12561
9045
4170
-806
-5468
-9716
-12996
-14459
-13924
-12296
-10454
-7918
-3824
1429
6159
8862
9777
9762
9009
7148
4444
2306
1493
1484
1075
125
-950
-1602
-2156
-3329
-4810
-6568
-7376
-7981
-8574
-8666
-7939
-4492
-508
3443
6824
9172
11715
12469
11662
9697
7268
4928
1410
-2548
-5715
-7631
-8544
-8938
-8984
-8125
-6763
-5794
-4834
-3407
-1494
192
1387
2485
3756
5029
6242
7263
7783
7783
6952
5412
3338
975
-1518
-3531
-4779
-5394
-5348
-5163
-3722
-2060
-563
991
1832
3136
3222
2457
1289
-298
-845
-1434
-1321
-954
-762
7
588
1140
1523
1598
1309
226
-1402
-2724
-3330
-3413
-2908
-2366
-1422
-118
572
1210
1368
1925
2123
1338
1147
574
634
482
147
293
-199
-207
-604
-939
-943
-1421
-2035
-2461
-2742
-3188
-3397
-2713
-1219
-512
107
189
-96
-311
-1586
-1994
-1999
-817
1485
4072
7177
8710
10119
12060
13293
12255
8324
3298
-1397
-5747
-9864
-12960
-14334
-13217
-11617
-9748
-6936
-2840
2618
6414
9003
9941
9769
9177
6521
3930
2295
1884
1983
1281
50
-1220
-1714
-2244
-3809
-5771
-7050
-7912
-8746
-9287
-9179
-7479
-3995
272
4087
7183
9926
12181
13184
12171
9742
7308
4628
745
-3482
-6509
-7872
-8323
-8854
-9131
-8394
-7018
-5750
-4649
-3042
-964
639
1822
3056
4233
5525
6911
7965
8442
8044
6802
5119
3004
608
-1654
-3321
-4211
-4766
-5250
-5334
-4399
-2725
-1293
-503
344
1442
2225
2337
1533
880
537
790
1451
1472
1617
1477
1307
883
-53
-629
-1264
-1959
-2791
-3276
-3118
-2457
-2053
-1830
-1127
-349
627
987
1281
1587
1160
781
197
10
50
26
547
589
439
97
-218
-10
-655
-1657
-2592
-3012
-3166
-3737
-3614
-2648
-1208
-114
458
345
18
-507
-1163
-1040
-362
1732
4060
6299
8190
9573
11732
13079
12623
9101
3932
-852
-5412
-9598
-13501
-15371
-14873
-13070
-10930
-8323
-3990
1590
6319
8764
9493
9474
9104
7246
4502
2523
2136
2844
2264
899
-447
-1291
-1852
-3559
-5741
-7731
-8809
-9336
-10012
-9939
-8147
-4447
16
4061
7428
10483
12882
13906
13088
10822
8062
4927
1160
-3151
-6565
-8246
-8955
-9659
-9818
-9016
-7606
-5907
-4714
-2796
-893
579
1812
2534
4478
5816
6853
7959
8270
8435
7080
5045
2743
380
-1591
-3712
-5281
-6055
-6163
-5711
-4600
-3205
-1890
-647
537
1603
2206
2415
2162
1474
796
568
841
1321
1707
1788
1625
1228
575
-255
-902
-1676
-2918
-3873
-4056
-3652
-3090
-2198
-1038
162
1020
1562
1814
1618
1760
1378
1277
1187
563
573
168
504
428
-190
-338
-1007
-1254
-2036
-2894
-3308
-3499
-3127
-2530
-1685
-636
-99
-448
-887
-1613
-1635
-1458
-617
1495
3285
5533
7026
8925
11608
13356
13604
10348
5190
-214
-5110
-9099
-12769
-15070
-15257
-13791
-11909
-9464
-5184
732
6013
8833
9922
10468
10584
9226
6267
3659
2570
2578
2141
827
-414
-1177
-1421
-2551
-4864
-7202
-8571
-9157
-10216
-10892
-9788
-6258
-1685
2269
5552
8500
11616
13491
13328
11630
8998
5894
1626
-2904
-6094
-7476
-7721
-8307
-8889
-8177
-6490
-5036
-4315
-3304
-1381
363
1318
1979
3273
4958
6104
6778
7362
7806
7311
6101
4290
1960
-475
-2729
-4280
-5976
-6990
-6808
-5510
-3500
-2176
-631
673
1737
2447
2394
2765
2655
2121
1331
604
679
531
768
1202
1294
1152
331
-253
-1024
-1935
-2762
-3540
-3772
-3799
-3263
-2459
-1245
-294
437
1168
1324
1579
1149
951
883
586
774
540
504
326
65
331
321
214
-289
-1208
-2052
-3014
-3199
-2504
-1741
-1229
-1476
-1824
-1856
-1974
-1625
-954
147
2272
4357
6365
7983
9616
12247
13766
13436
10357
5188
247
-4427
-8398
-12125
-14515
-14622
-13716
-12161
-9842
-5739
61
5194
7972
9032
9492
9590
8118
5508
3785
2993
2934
2333
871
-443
-1512
-2220
-3428
-5534
-7627
-9062
-10033
-10542
-10693
-9347
-5834
-1610
2475
5307
8156
11366
13411
13919
12276
10174
7476
3280
-1324
-5107
-6303
-6354
-7143
-7938
-7966
-6761
-5452
-4914
-3942
-2240
-526
522
926
1939
3782
5487
6906
7909
8321
7966
6367
4196
1778
-711
-2832
-4803
-6333
-7225
-7142
-5839
-3846
-1681
432
2335
3772
4073
3153
2146
1392
827
24
-841
-691
-232
238
685
979
1675
1572
838
-73
-1318
-2119
-3308
-4101
-4224
-3965
-2913
-2033
-885
105
1018
1900
2044
2058
1918
1895
1670
1240
1088
989
738
103
-546
-855
-860
-996
-1548
-2213
-2839
-3188
-3093
-2414
-1168
-207
-243
-1281
-2402
-2887
-2416
-1327
411
3091
5420
7423
8417
9666
12064
13445
13235
9529
4253
-772
-5774
-9794
-13473
-15054
-14440
-13006
-11159
-8710
-4369
1161
5871
8523
9745
10335
10018
8140
5319
3481
3190
3211
2065
64
-1365
-1943
-2712
-4356
-6227
-7512
-8423
-9588
-10684
-10604
-8645
-5093
-992
2769
6124
9340
12000
13289
12967
11396
8990
5893
1984
-2342
-5814
-7541
-8145
-8577
-8565
-7516
-5942
-4843
-4098
-2926
-1090
599
1662
2639
3718
4744
5547
6489
7460
7906
7224
5795
4015
1619
-557
-2881
-4463
-5844
-7268
-7157
-6509
-4518
-2413
-402
1931
3137
4270
4243
3341
2221
894
574
127
-321
-745
-943
-271
48
440
592
635
265
-989
-1914
-2642
-2636
-2770
-2673
-2087
-1455
-463
112
1059
1312
1268
1130
696
702
156
262
478
704
929
264
259
250
56
-246
-1224
-1840
-2696
-3440
-3359
-2713
-1269
-433
-563
-1091
-1806
-2134
-1890
-918
909
3356
5871
7727
8531
9736
11645
12924
11915
7780
2642
-2433
-7036
-11060
-14217
-14992
-14110
-12728
-11013
-8217
-3470
1870
5959
8505
9942
10797
10228
7590
4765
3257
3415
3489
2246
703
-823
-1825
-3097
-4898
-6425
-7807
-8788
-9933
-11083
-11102
-9055
-4799
-16
4014
7256
10358
12932
13755
12763
10685
8645
5727
1107
-3528
-6615
-7590
-8202
-8895
-8269
-6590
-4654
-3846
-3472
-2238
-955
-4
288
1007
2546
3854
5212
6381
7434
7787
6926
5648
3782
1569
-779
-3050
-4896
-6489
-7314
-6965
-5598
-3924
-2202
-103
2019
3704
4317
4132
3401
2188
1188
306
-147
-500
-813
-717
-338
238
410
497
295
-165
-999
-2048
-2436
-2779
-2728
-2636
-2500
-1772
-1268
-386
408
846
1367
1285
1294
1064
796
958
781
543
-24
-274
-61
66
12
-302
-672
-1201
-1748
-2193
-1953
-1672
-1334
-1201
-1556
-1772
-2558
-2638
-2123
-709
1868
4389
6973
8517
9940
11771
13088
12844
9827
5194
135
-4718
-8969
-12381
-14185
-14029
-12868
-11382
-9381
-5894
-826
3740
6914
8859
10132
10484
8954
6470
4419
3770
3680
2687
1092
-465
-1389
-2481
-4332
-6348
-8136
-8830
-9476
-10449
-11020
-10066
-6338
-1842
2473
5811
8692
11631
13050
13048
11379
9432
6832
2569
-2121
-5817
-7048
-7322
-7659
-7649
-6643
-4887
-3837
-3534
-2749
-1053
397
989
1146
2124
3364
4402
5682
6786
7688
7247
6020
4537
2514
542
-1728
-3484
-5005
-6560
-6962
-6214
-4337
-2324
-622
1389
2758
3363
3412
2921
2688
1728
542
-238
-1109
-1326
-1584
-1007
-66
359
911
718
529
-116
-998
-1526
-2040
-2149
-2288
-2030
-1421
-851
-423
270
908
1008
911
354
124
-81
-137
428
582
826
636
349
622
269
-23
-727
-1533
-2034
-2944
-2900
-2485
-1749
-957
-963
-839
-1234
-1899
-2207
-2209
-973
1214
3695
6257
7878
9309
11306
12705
12540
9566
5010
610
-3683
-7595
-11182
-13379
-13482
-12438
-10959
-8887
-5413
-754
3598
6555
8433
9701
9982
8553
5851
3689
3114
3412
3095
1731
6
-1502
-2975
-4770
-6740
-8199
-8741
-9140
-9764
-10221
-9249
-6186
-1957
2361
5659
8400
10836
12144
11858
10200
8168
5763
2534
-1428
-4721
-6290
-6633
-6947
-7210
-6361
-5183
-4231
-3731
-2828
-1400
-592
130
736
1852
3031
3802
5178
6590
7503
7149
5745
4338
2549
297
-1890
-3668
-4932
-5909
-6296
-5472
-3695
-1589
291
1905
3122
3575
3188
2380
1721
796
41
-542
-1248
-1525
-1590
-803
284
869
1204
898
473
-88
-950
-1519
-1892
-2230
-2447
-2567
-2240
-1540
-815
165
872
1146
1236
990
846
601
311
128
-305
-503
-817
-853
-204
159
332
62
-359
-890
-1859
-2228
-2079
-1636
-1337
-1732
-1992
-1961
-1955
-1779
-1186
268
2271
4262
5971
6948
8033
9888
11627
11818
9256
4905
406
-3552
-6882
-10106
-12342
-12652
-11850
-10817
-9536
-6592
-1759
2960
6142
7725
8659
9157
8327
6366
4694
4279
4279
3390
1487
-548
-1865
-2898
-4174
-5799
-7218
-7938
-8543
-9078
-9410
-8559
-5703
-1725
2154
4929
7270
9719
11356
11504
10121
8161
6047
2835
-1022
-4187
-5935
-6331
-6895
-7083
-6250
-5368
-4530
-4333
-3577
-2070
-1181
-271
568
1759
3194
4283
5808
7023
7478
6991
5542
4082
2382
456
-1615
-3576
-4972
-5688
-5407
-4255
-2662
-1133
265
1160
1759
2089
2021
1896
1165
479
-52
-503
-501
-508
60
591
703
790
421
221
-345
-1159
-2009
-2624
-2362
-2537
-2380
-2099
-1424
-479
-24
1057
1348
1601
1514
1064
1085
527
533
439
284
58
-603
-512
-231
81
417
61
-492
-1101
-1702
-1407
-1198
-752
-496
-1329
-1887
-2822
-3033
-2514
-1691
463
2727
5039
6663
7716
9529
11601
12548
10928
6912
2176
-2112
-6104
-9751
-12521
-13066
-11874
-10890
-9699
-7384
-3096
1860
5216
7220
8166
8841
8454
6355
4791
4085
4169
3835
2289
594
-1073
-1913
-3148
-5180
-7078
-8555
-9180
-9884
-10439
-9801
-7099
-2883
952
3829
6265
8946
11065
11533
10273
8267
6516
3913
129
-3171
-4834
-4923
-5269
-6081
-5953
-5352
-4468
-4115
-3844
-2632
-1717
-776
-252
525
2153
3514
5392
6827
7637
7601
6232
4880
2987
772
-1099
-2949
-4438
-5762
-6431
-5357
-3517
-1641
-187
573
1629
2132
2052
1900
1163
474
-368
-720
-309
-159
490
1101
1382
1501
999
641
30
-754
-1633
-2435
-2466
-2481
-2358
-2091
-1614
-717
12
545
795
863
854
583
363
310
200
212
415
150
-241
-426
-575
-176
27
115
-81
-696
-873
-1058
-519
-194
-805
-1675
-2832
-3676
-4103
-3701
-2221
457
3241
5629
7475
9026
11238
12535
12372
9966
5688
1157
-3214
-6951
-10217
-12023
-12071
-11050
-10017
-8498
-5514
-1387
2757
5030
6379
7298
7771
7338
5433
4304
4370
4752
4428
2848
902
-842
-2227
-3767
-5780
-7690
-8856
-9479
-10067
-10128
-8755
-5461
-1330
2230
5008
7109
9177
10340
10039
8782
7018
5307
2397
-1093
-3933
-5292
-5110
-5375
-5670
-5320
-4408
-3468
-3299
-3139
-2316
-1328
-523
181
1013
2497
3975
5522
6915
7419
7415
6178
4457
2693
466
-1396
-3230
-4679
-5598
-5830
-4480
-2753
-1168
268
1173
2275
2712
2298
1768
901
473
-180
-839
-941
-971
-149
500
683
563
238
270
36
-618
-1594
-2330
-2916
-3224
-3159
-2746
-2143
-1725
-658
239
877
1216
1099
1461
1489
1322
898
516
692
195
-280
-521
-762
-373
-432
-742
-1020
-1392
-1059
-612
-177
41
-762
-1891
-3033
-4076
-3963
-3000
-813
2236
4891
7501
8958
10317
11984
12711
11762
7917
3226
-1253
-5182
-8549
-11403
-12429
-11869
-10564
-9338
-7397
-3936
552
4036
5721
6685
7208
7522
6447
4792
4033
4232
4645
3510
1516
-135
-1174
-2181
-3904
-6184
-8106
-9053
-9879
-10688
-10698
-8723
-4785
-673
2780
5431
8085
10663
11501
10729
9124
7268
4726
940
-2533
-4620
-5147
-5241
-5919
-6078
-5292
-4051
-3125
-2764
-2073
-1043
-333
27
261
1131
2853
4513
5788
6433
6489
6219
5230
3692
1922
41
-1561
-3127
-4689
-5496
-5469
-4371
-2546
-846
644
1593
2345
2581
2010
1437
679
-80
-793
-1322
-1331
-1385
-1062
-274
608
1376
1358
1035
570
-141
-1082
-2132
-2895
-3259
-3115
-2944
-2443
-1922
-1002
355
1079
1646
1482
1510
1547
932
618
267
664
808
187
-337
-779
-367
-88
-253
-378
-682
-611
-695
-871
-878
-1227
-1810
-2731
-3502
-3686
-3270
-2105
86
3070
5910
7955
9167
10610
12062
12110
9833
5558
1286
-2574
-6332
-9744
-12166
-12348
-11162
-9677
-7875
-5300
-1338
2285
4589
6066
6930
7698
7348
5772
4210
3457
3849
3682
2409
831
-508
-1315
-2803
-5110
-7360
-8638
-9063
-9741
-10212
-9201
-6187
-2284
1373
4432
7277
9797
11167
11093
9611
7814
5592
2572
-735
-3425
-4666
-5241
-5796
-6248
-5782
-4542
-3479
-3109
-2564
-1198
-62
502
338
826
1840
2779
3992
4757
5796
6011
5267
4057
2012
331
-1338
-2624
-3551
-4726
-5141
-4675
-3285
-1566
-52
1643
2780
3027
2697
2196
1609
649
-165
-668
-949
-1007
-940
-570
185
992
1254
1093
862
433
-225
-1098
-1861
-2292
-2319
-2159
-2029
-1864
-1699
-940
-245
142
486
631
1084
906
569
570
603
729
137
-394
-602
-641
-423
-530
-632
-615
-780
-1027
-991
-638
-448
-883
-1903
-2807
-3333
-3292
-2672
-1414
1028
3845
6575
8467
9618
11174
12052
11480
8378
3714
-331
-3960
-7281
-10334
-11949
-11518
-10140
-8717
-6988
-3822
319
3775
5552
6308
7066
7565
6821
4903
3357
3157
3528
3081
1682
440
-239
-1165
-3185
-5870
-7827
-8679
-9271
-10103
-10265
-8751
-5550
-1714
1843
5022
7797
10468
11759
11261
9703
7355
4989
1683
-1930
-4536
-5838
-5903
-6270
-6317
-5229
-3812
-2901
-2622
-1842
-739
1
141
4
639
1644
2788
4168
5545
6542
6273
5190
3595
1723
-7
-1838
-3221
-4155
-4791
-4843
-4239
-2777
-951
760
2364
3289
3396
2868
1970
1228
313
-517
-1044
-1242
-1087
-901
-170
584
1026
994
561
148
-573
-1294
-2126
-2478
-2316
-2202
-2165
-2151
-1684
-1177
-513
116
659
1198
1340
1314
832
654
935
1003
987
469
292
322
-61
-357
-955
-1220
-1555
-1932
-1695
-1361
-884
-998
-1448
-2056
-2722
-3124
-3138
-2298
-802
1611
4320
6699
8323
9646
11413
12322
11417
8067
3592
-354
-4068
-7551
-10859
-12564
-11929
-10504
-8789
-6760
-3464
949
4313
6096
6737
7270
7517
6182
4039
2487
2407
2910
2447
1337
270
-401
-1325
-3144
-5312
-7175
-8252
-9025
-9929
-10221
-8806
-5416
-1130
2796
5915
8538
10625
11484
10715
9082
7385
5154
1730
-2271
-5192
-6329
-6454
-6518
-6115
-4889
-3631
-3118
-3071
-2263
-1041
-55
83
-77
556
1349
2783
4330
5666
6688
6540
5804
4238
2341
490
-1485
-3059
-4442
-5356
-5219
-4202
-2616
-642
1309
2811
3399
3072
2542
1870
929
-39
-958
-1509
-1935
-2143
-1730
-879
46
726
1468
1824
1775
866
-388
-1030
-1718
-1872
-2338
-2535
-2061
-1673
-1001
-697
47
563
692
894
777
1075
1112
1049
764
312
395
108
-68
-346
-735
-541
-581
-645
-1185
-1741
-1708
-1686
-1510
-1588
-1923
-2554
-2970
-2938
-2349
-1349
269
3036
5682
7860
8802
9784
11443
11772
10202
6266
1799
-2280
-6165
-9410
-11816
-12201
-10977
-9483
-7996
-5877
-2490
1631
4945
6911
7687
7913
7695
5897
3778
2757
3119
3705
2983
1544
-144
-1235
-2271
-4063
-5991
-7355
-7881
-8534
-9486
-9789
-8014
-4224
187
3650
5922
8013
9634
10429
9663
8163
6601
4196
729
-3166
-5370
-5814
-5495
-5335
-5208
-4631
-4410
-4177
-3779
-2784
-1615
-1028
-375
184
949
2212
3969
6180
7672
7936
7167
5584
3722
1397
-1047
-2989
-4541
-5533
-5951
-5387
-3772
-1897
144
2005
3280
3790
3131
2205
1342
447
-360
-1471
-2056
-2196
-1821
-937
-77
1000
1742
2240
2015
1163
164
-731
-1277
-2140
-2747
-2904
-2361
-1655
-1232
-547
184
1009
1276
1245
1292
1331
1338
971
818
421
-96
-250
-570
-454
-427
-525
-629
-1235
-1530
-1925
-1998
-1857
-1911
-1664
-1521
-1409
-1672
-1957
-1993
-1756
-1339
-270
1626
3609
5904
7506
8961
10450
10912
9833
6464
2539
-965
-4159
-7107
-9856
-11100
-10637
-9604
-8462
-6590
-3236
1286
5083
6992
7625
7720
7424
6152
4318
3270
3150
3140
2382
784
-615
-1318
-1983
-3334
-5296
-6702
-7173
-7780
-8744
-8985
-7384
-4032
-499
2188
4504
6936
9056
9905
9279
8086
6785
4818
1808
-1465
-3656
-4419
-4681
-5244
-5856
-5845
-5253
-4746
-4526
-4119
-3209
-2069
-1088
-153
1170
2981
4905
6522
7547
7782
7288
6174
4308
1734
-922
-3034
-4612
-5636
-5765
-4862
-3304
-1581
-125
962
1869
2402
2444
1801
812
-97
-840
-1029
-1012
-874
-529
15
845
1394
1772
1881
1377
638
-297
-1017
-1627
-2171
-2213
-1888
-973
-199
71
262
384
333
48
-104
-93
157
236
262
180
10
233
175
374
409
10
-495
-1355
-1799
-2112
-2338
-2435
-2436
-2055
-1537
-863
3
689
807
396
-536
-1481
-2062
-1775
-201
2067
4549
6336
7548
8960
10131
10326
8577
5029
1056
-2699
-6087
-9127
-11395
-11786
-10673
-9098
-7086
-4274
-312
3567
5968
7161
7607
7612
6592
4526
2921
2452
2749
2581
1509
317
-705
-1467
-2571
-4217
-5694
-6685
-7142
-7806
-8543
-8034
-5670
-1887
1468
3926
6191
8277
9604
9269
8315
7445
6189
3699
22
-2986
-4635
-5285
-6076
-6740
-6426
-5627
-4970
-5004
-4606
-3398
-1789
-172
735
1581
2691
4090
5602
6596
7152
7127
6278
4646
2209
-38
-1409
-2359
-3370
-4613
-5065
-4430
-3275
-1795
-325
1293
2410
2468
1684
666
302
306
335
291
43
-199
-239
-11
304
607
967
991
254
-715
-1320
-1394
-1111
-1062
-970
-724
-584
-319
-301
-3
323
283
340
-4
157
315
131
92
-73
339
447
416
283
-254
-366
-745
-1282
-1908
-2395
-2365
-2524
-2480
-2052
-1058
509
1343
1188
321
-749
-1591
-2384
-2352
-1142
905
3418
5516
7110
8664
10130
10965
9867
6669
2697
-1336
-5054
-8481
-11071
-11672
-10734
-9277
-7895
-5831
-1960
2399
5570
7036
7748
8224
7256
4925
2366
1385
2028
2453
1777
350
-530
-1074
-1768
-2913
-4431
-5382
-6157
-6997
-7978
-8341
-6630
-3305
443
3452
5844
8271
9906
10266
9438
8276
6970
4350
529
-3221
-5535
-6477
-7002
-7292
-7139
-6431
-5589
-4983
-4365
-3203
-1635
-298
566
1275
2250
3503
4830
5983
6829
7249
6967
5801
3968
1977
182
-1519
-3387
-5221
-6441
-6521
-5493
-3788
-1718
335
1973
2867
2881
2513
2361
2200
1808
1181
260
-497
-1281
-1974
-1917
-1295
-331
188
81
-62
-209
-30
55
-152
-160
-102
187
244
-110
-231
-80
217
115
-334
-388
74
611
726
414
173
164
80
-189
-816
-1415
-1771
-2077
-2203
-2478
-2600
-2434
-2165
-1523
-695
452
1300
1130
373
-799
-1651
-2049
-2163
-1236
477
2608
4766
6560
8461
10248
11097
10318
7498
3418
-634
-4221
-7260
-9596
-10749
-10332
-9120
-7754
-5742
-2466
1680
5179
7071
7738
7681
6809
4716
2143
919
1276
1818
1539
425
-631
-1200
-1930
-3083
-4296
-5166
-5622
-6231
-7286
-7946
-6813
-3498
486
3636
5912
7785
9371
10079
9446
8163
6705
4413
793
-3338
-6358
-7703
-8105
-8126
-7708
-6546
-5086
-4252
-3696
-2567
-1040
337
1200
1734
2348
3086
4104
5314
6376
7135
7053
5921
4182
1930
-426
-2300
-3932
-5556
-6885
-7336
-6473
-4566
-2131
417
2732
4512
5283
5119
4630
3929
2897
1522
-57
-1441
-2558
-3341
-3375
-2682
-1676
-741
-73
344
570
614
566
323
-45
-266
-357
-240
-247
-204
277
718
950
595
77
53
126
302
225
-72
-212
-541
-796
-978
-1140
-1139
-1446
-1764
-1948
-2072
-1875
-1656
-1122
-341
228
601
465
199
-218
-1083
-1877
-2523
-2330
-821
1461
3944
5785
7274
8872
10031
10368
9049
6117
2505
-1309
-4813
-8250
-10859
-11492
-10418
-8411
-6575
-4288
-964
2539
5184
6478
7108
7176
6191
4101
2122
1213
1251
1407
920
308
-446
-1159
-2070
-3514
-4766
-5651
-6165
-6879
-7683
-7414
-5321
-1680
2123
5089
7344
9274
10349
9871
8206
6381
4544
1891
-1605
-4899
-6874
-7449
-7295
-6848
-6010
-4959
-4208
-3834
-3298
-2105
-773
526
1542
2123
2763
3505
4758
6169
7247
7660
6810
5119
2810
263
-2019
-3993
-5673
-7117
-7740
-7038
-5082
-2522
82
2623
4458
5296
5098
4379
3710
2577
1166
-468
-2045
-3252
-4121
-3998
-3053
-1726
-557
94
422
531
626
835
954
809
514
128
4
15
180
626
797
791
456
79
7
-237
-410
-617
-775
-649
-694
-660
-642
-801
-847
-1041
-1141
-1179
-1306
-1267
-1245
-869
-405
-308
-161
-215
-485
-975
-1723
-2236
-2539
-1993
-355
1739
4196
6298
8014
9696
10887
11018
9282
5922
1868
-2125
-5549
-8437
-10438
-10881
-9881
-8408
-6892
-4724
-1427
2146
4591
5675
6144
6247
5386
3482
1766
1373
1905
2145
1643
846
127
-650
-1795
-3283
-4650
-5489
-5975
-6522
-7025
-6734
-4852
-1475
2203
5042
7038
8623
9510
9146
7711
5996
4261
1936
-1273
-4534
-6552
-7156
-7097
-6770
-6002
-4998
-4217
-3777
-3341
-2396
-1222
89
1306
2282
3288
4148
5321
6426
6967
6914
6008
4488
2193
-371
-2375
-3698
-4690
-5638
-5925
-5032
-3337
-1529
188
1772
2969
3478
3213
2487
1688
987
282
-456
-1077
-1579
-1920
-1894
-1432
-760
-283
-141
-146
-96
-44
-101
-304
-368
-74
308
759
1009
1166
1433
1452
1383
914
194
-205
-493
-518
-720
-1110
-1071
-921
-648
-602
-816
-861
-1003
-1156
-1386
-1654
-1740
-1706
-1518
-1181
-820
-470
-325
-707
-1347
-2072
-2298
-1841
-829
912
2894
5085
6937
8433
9941
10697
10089
7676
4111
305
-3265
-6310
-8825
-10215
-10022
-8818
-7525
-6066
-3658
-271
2910
4939
5991
6452
6327
5154
3158
1769
1806
2412
2389
1484
406
-284
-1143
-2648
-4299
-5357
-5841
-6261
-6860
-7142
-6030
-3498
-173
2869
5169
7103
8370
8985
8445
6968
5428
3650
1347
-1644
-4218
-5468
-5931
-6330
-6667
-6223
-5055
-4090
-3770
-3400
-2369
-1014
78
951
2125
3610
4960
5919
6530
6771
6446
5498
3941
1816
-437
-2223
-3400
-4378
-5189
-5404
-4625
-3143
-1608
-132
1302
2760
3521
3165
2178
1152
498
-298
-991
-1514
-1801
-1640
-1644
-1401
-826
-180
446
581
300
-52
-426
-620
-519
-302
70
322
553
835
953
1138
1093
936
697
250
-17
-362
-550
-730
-1016
-876
-1004
-1252
-1632
-2085
-1859
-1721
-1764
-1942
-1965
-1298
-639
-96
96
7
-85
-702
-1453
-1854
-1631
-601
878
2796
4810
6553
8166
9601
10436
9857
7502
3899
-55
-3737
-6811
-8980
-9899
-9528
-8494
-7348
-5841
-3314
80
3197
5168
6156
6540
6083
4541
2589
1466
1692
2509
2705
1862
584
-449
-1230
-2144
-3299
-4374
-5076
-5590
-6270
-6801
-6165
-3830
-507
2528
4641
6095
7218
7737
7281
6165
4969
3557
1324
-1562
-3986
-5157
-5418
-5510
-5552
-5241
-4682
-4334
-4206
-3762
-2675
-1251
49
1094
2037
3086
4315
5549
6442
6737
6304
5131
3443
1685
212
-905
-1808
-2699
-3560
-4104
-3961
-3092
-1882
-727
96
554
667
511
264
268
581
905
926
438
-76
-518
-712
-609
-605
-481
-578
-756
-968
-1200
-896
-393
106
406
577
773
752
654
677
813
836
715
586
479
346
246
286
235
-135
-702
-1125
-1312
-1539
-1809
-1874
-1798
-1962
-2367
-2381
-1681
-600
264
556
182
-559
-1360
-2058
-2128
-1429
178
2141
3852
5419
6792
8583
10194
10445
8757
5284
1486
-2048
-5241
-7923
-9606
-9732
-8820
-7665
-6404
-4387
-1301
2113
4651
5860
6141
5769
4680
2997
1517
1009
1366
1757
1536
761
-147
-977
-1868
-2910
-3881
-4544
-5052
-5778
-6546
-6468
-4843
-2055
853
3211
5091
6572
7373
7349
6748
5968
4862
2996
391
-2174
-3958
-4793
-5052
-5111
-4874
-4687
-4515
-4251
-3614
-2278
-964
259
1111
1626
2192
2837
4032
5303
6070
6057
5291
4046
2421
809
-395
-1167
-1888
-2660
-3319
-3601
-3408
-2847
-2001
-918
72
502
557
407
394
514
750
1224
1354
1229
689
-78
-537
-921
-1030
-1080
-1055
-968
-1179
-1217
-1185
-924
-404
-146
-17
-140
-96
148
244
369
378
527
737
766
649
470
376
237
-64
-476
-831
-1203
-1650
-2077
-2318
-2273
-2053
-1845
-1478
-676
230
909
926
507
23
-762
-1384
-1706
-1244
443
2634
4842
6381
7529
8960
9843
9388
7176
3782
355
-3189
-6651
-9423
-10694
-9993
-8619
-7229
-5602
-3134
262
3144
5089
6165
6632
6270
4536
2445
1120
1072
1481
1258
483
-205
-500
-869
-1829
-3070
-3812
-4243
-4890
-6193
-7214
-6593
-4429
-1403
1197
3447
5728
7600
8570
8109
7042
5959
4523
2282
-664
-3173
-4586
-5169
-5464
-5583
-5309
-4713
-4090
-3546
-2772
-1637
-291
806
1279
1502
1770
2606
3801
4836
5598
5587
5041
3869
2333
1060
20
-616
-1300
-2120
-2818
-3246
-3138
-2672
-1991
-1237
-576
-118
57
6
-107
-44
237
708
1057
1104
982
671
439
66
-339
-577
-882
-1034
-1341
-1478
-1250
-905
-396
-161
-18
124
245
449
544
596
596
572
549
468
324
149
47
47
147
102
-149
-566
-1111
-1492
-1959
-2303
-2503
-2550
-2112
-1595
-770
-74
157
21
-489
-800
-918
-778
-210
1060
2750
4410
5669
6703
8096
9072
8978
7144
4095
895
-2453
-5637
-8435
-9947
-9852
-8934
-7742
-6152
-3527
11
3253
5269
6252
6534
6234
4848
2816
1504
1209
1604
1447
587
-88
-557
-798
-1479
-2642
-3545
-4344
-5067
-6066
-6990
-6569
-4614
-1658
1199
3402
5278
6890
7978
8118
7352
6174
4693
2509
-317
-2871
-4404
-5013
-5286
-5415
-5224
-4780
-4269
-3731
-2983
-1981
-878
-10
539
1006
1472
2314
3334
4309
4976
5006
4821
4043
2716
1182
-224
-1008
-1725
-2494
-3093
-3224
-2717
-2008
-1293
-635
59
633
898
891
653
652
706
798
899
747
719
467
221
87
-159
-431
-980
-1424
-1562
-1474
-1421
-1330
-1095
-653
-131
121
494
725
800
662
272
277
375
564
618
420
384
198
55
-135
-400
-491
-864
-1317
-1909
-2445
-2605
-2546
-2049
-1458
-888
-427
-247
-246
-400
-634
-850
-928
-633
324
1738
3521
5152
6591
8138
9249
9336
7526
4544
1405
-1726
-4591
-7219
-8958
-9516
-9047
-7854
-6277
-3976
-856
2409
4852
6175
6688
6610
5755
4135
2493
1574
1366
1187
564
-327
-1014
-1346
-1741
-2593
-3669
-4473
-5014
-5679
-6457
-6595
-5263
-2608
275
2569
4452
6293
7770
8242
7655
6567
5253
3330
566
-2329
-4333
-5224
-5526
-5584
-5330
-4780
-4162
-3570
-2930
-2208
-1405
-585
86
580
1139
1974
3104
4296
5176
5531
5387
4746
3402
1656
125
-857
-1568
-2301
-3036
-3374
-2927
-2229
-1498
-832
64
1023
1356
1151
347
-14
125
278
371
285
550
570
472
316
110
176
-4
-413
-1077
-1547
-1631
-1582
-1329
-980
-523
-86
251
517
710
802
752
656
549
542
557
581
644
470
320
61
-256
-586
-1163
-1530
-1947
-2253
-2534
-2949
-2863
-2211
-1178
-350
132
287
119
-438
-1059
-1320
-1119
156
2027
3908
5340
6464
8024
9249
9479
8169
5516
2487
-809
-4039
-7042
-9286
-9969
-9703
-8852
-7437
-5329
-2154
1177
3959
5741
6289
6313
5541
3996
2467
1547
1579
1725
1392
708
-162
-911
-1660
-2437
-3263
-4084
-4725
-5337
-6029
-6622
-5892
-3599
-587
2337
4569
6596
8027
8578
7978
6500
5242
3564
1394
-1112
-3386
-4741
-5617
-5823
-5730
-5424
-4684
-4128
-3596
-2917
-2033
-845
181
1032
1767
2509
3479
4451
5329
5885
5875
5317
4192
2541
733
-689
-1630
-2377
-3183
-3719
-3669
-3214
-2504
-1811
-902
-46
325
422
261
401
758
1095
1332
1106
929
734
515
324
-136
-367
-571
-910
-1445
-2037
-1851
-1385
-949
-498
5
611
801
696
568
460
237
57
3
147
513
688
987
1067
777
368
-290
-724
-1207
-1682
-1787
-2066
-2501
-3013
-3211
-2449
-1305
-230
412
483
328
-321
-926
-1130
-774
519
2182
3899
5129
6189
7666
8970
9376
8027
5264
1926
-1484
-4700
-7520
-9245
-9504
-8912
-8131
-7036
-5203
-2116
1378
4237
5978
6431
6374
5402
3645
2191
1665
2121
2438
1901
629
-611
-1257
-1697
-2345
-3246
-4066
-4927
-5925
-6850
-7222
-5883
-3156
-64
2690
4730
6652
8140
8716
8113
6771
5424
3529
1008
-1722
-3846
-4921
-5378
-5611
-5679
-5420
-4891
-4357
-3860
-2878
-1684
-568
171
595
1302
2078
3371
4841
5925
6364
6002
5270
3882
2035
311
-771
-1577
-2420
-3331
-3908
-3697
-3377
-2798
-2068
-895
239
625
861
814
902
1008
1318
1783
1751
1478
958
558
207
-183
-453
-748
-1054
-1494
-1812
-1681
-1165
-623
-229
66
219
240
161
214
379
509
603
367
147
130
174
381
270
81
-105
-482
-749
-1263
-1709
-1910
-2229
-2540
-3069
-3221
-2431
-1298
-198
385
563
443
-367
-1169
-1550
-1103
265
2010
3998
5538
6802
8102
9200
9638
8425
5722
2238
-1215
-4260
-6962
-8842
-9328
-8594
-7423
-6262
-4731
-2082
1104
3877
5574
6241
6265
5106
3198
1393
679
1271
1917
2065
1380
306
-665
-1795
-2823
-3833
-4499
-4894
-5720
-6612
-6959
-5720
-3024
-102
2485
4509
6365
7792
8245
7805
6794
5487
3560
812
-2210
-4509
-5593
-5755
-5532
-5196
-4780
-4404
-4076
-3677
-2971
-1815
-464
570
1130
1569
2296
3479
4884
5940
6235
5959
5381
4303
2580
720
-593
-1395
-2250
-3334
-4091
-4114
-3686
-3038
-2100
-847
317
998
1017
675
526
816
1341
1495
1412
1014
455
-115
-714
-844
-910
-760
-806
-1098
-1201
-1241
-737
-195
316
460
215
218
171
181
168
303
492
503
443
186
-48
-53
20
-177
-512
-739
-1016
-1517
-2067
-2292
-2253
-2254
-2325
-2101
-1431
-695
-251
-98
-136
-352
-628
-727
-320
780
2478
4384
6057
7409
8563
9514
9627
8130
5099
1612
-1574
-4532
-7262
-9280
-9673
-8890
-7781
-6530
-4775
-1844
1266
3748
5264
5831
5844
4860
3170
1567
1052
1738
2446
2265
1295
174
-805
-1839
-3134
-4095
-4735
-5308
-6275
-7350
-7368
-5994
-2984
397
3327
5524
7008
8135
8130
7395
6236
4934
3284
771
-1762
-3737
-4709
-4988
-4936
-4488
-4029
-3888
-4076
-3903
-3096
-1933
-755
132
978
1631
2333
3399
4663
5980
6369
5828
4704
3199
1783
355
-797
-1823
-2824
-3524
-3810
-3561
-2943
-2164
-1252
-399
101
376
361
313
308
275
575
771
911
924
755
924
871
565
175
-473
-1043
-1554
-1651
-1339
-1140
-750
-395
-137
142
83
109
175
139
-120
-527
-357
-93
149
459
600
601
220
-175
-403
-518
-674
-1095
-1538
-1885
-2216
-2459
-2237
-1542
-710
-106
108
-76
-555
-1089
-1350
-1048
-268
1220
3061
4827
6217
7124
8254
9021
8691
6734
3440
95
-3060
-5901
-8282
-9592
-9359
-8223
-6956
-5650
-3683
-898
2007
4093
5246
5761
5588
4509
2872
1653
1610
2433
2819
2483
1727
929
-63
-1608
-3047
-4323
-5103
-5669
-6638
-7399
-7131
-5074
-1917
1235
3880
5946
7594
8448
8048
6708
5107
3354
1412
-989
-3198
-4517
-4885
-4569
-4424
-4082
-3622
-3299
-2970
-2689
-2097
-1505
-855
-46
638
1231
2011
3209
4503
5450
5701
5238
4164
2759
1215
-298
-1580
-2529
-3112
-3473
-3416
-3059
-2191
-1155
-320
454
825
1108
1016
969
1063
904
771
387
298
311
354
489
417
467
341
62
-431
-1021
-1257
-1208
-981
-815
-527
-111
191
324
271
351
209
-125
-392
-499
-264
-295
-304
-340
-392
-313
-492
-418
-561
-862
-1096
-1539
-1788
-2146
-2214
-1868
-1525
-869
-276
24
-80
-625
-967
-1040
-789
-7
1351
3239
5079
6493
7660
8726
9231
8383
5954
2674
-564
-3548
-6320
-8503
-9400
-8926
-7814
-6595
-4917
-2229
1098
3901
5409
5871
5780
5095
3625
1909
1015
1324
2025
2074
1337
485
-105
-847
-2162
-3688
-4727
-5259
-5848
-6659
-7000
-6106
-3864
-856
2027
4431
6481
8047
8494
7706
6284
4726
2852
448
-1922
-3861
-4883
-5126
-4969
-4434
-3962
-3384
-2940
-2646
-2177
-1756
-1066
-434
66
679
1325
2410
3481
4399
5074
5114
4883
4078
2797
1241
-318
-1450
-2402
-3035
-3322
-3246
-2709
-1684
-758
-169
446
996
1466
1357
999
793
600
568
201
-88
-29
16
42
-225
-255
-220
-466
-820
-1271
-1211
-1097
-933
-700
-556
-295
-364
-218
55
420
789
779
752
515
266
48
-89
-71
-118
-187
-302
-362
-421
-645
-1085
-1471
-1674
-1882
-2020
-1905
-1509
-955
-348
-13
-202
-621
-894
-1011
-928
-325
988
2789
4527
5822
6791
7730
8402
7976
6049
3060
-196
-3202
-5790
-7782
-8687
-8434
-7508
-6210
-4705
-2530
268
2909
4821
5486
5519
5179
4052
2693
1489
1245
1706
1769
1456
512
-397
-1199
-2218
-3143
-4199
-4837
-5390
-6053
-6397
-5987
-4146
-1470
1325
3614
5308
6747
7618
7520
6421
5027
3540
1629
-694
-2945
-4261
-4817
-4874
-4613
-4247
-3419
-2635
-2041
-1617
-1282
-619
-13
553
1007
1385
2069
3038
4056
4722
4929
4652
3829
2502
959
-471
-1603
-2398
-3000
-3387
-3405
-3037
-2472
-1802
-945
46
923
1439
1469
1070
590
381
401
397
309
236
195
138
33
-122
-279
-395
-548
-821
-1093
-1123
-884
-581
-325
-67
178
310
347
353
296
173
122
163
152
68
-22
-100
-228
-351
-421
-519
-767
-1079
-1286
-1401
-1424
-1473
-1322
-915
-466
-132
-215
-460
-789
-1056
-1054
-840
-125
1130
2775
4332
5483
6446
7255
7789
7540
5897
3154
206
-2599
-5156
-7130
-8226
-8257
-7474
-6395
-4984
-2900
-272
2336
4255
5182
5447
5246
4368
3036
2044
1841
2026
1918
1333
531
-284
-1126
-2084
-3092
-3964
-4668
-5379
-6146
-6590
-6102
-4416
-1840
889
3160
4887
6155
6898
6912
6247
5146
3697
1795
-436
-2491
-3825
-4268
-4336
-4178
-3933
-3609
-2993
-2466
-1929
-1334
-627
101
620
1010
1269
1905
2821
3718
4414
4463
4091
3373
2412
1381
168
-909
-1826
-2633
-3131
-3297
-2924
-2142
-1221
-319
265
716
1161
1338
1204
802
533
531
360
197
-69
-236
-146
-142
36
-36
-111
-234
-697
-952
-1181
-897
-434
-213
40
31
187
250
59
-16
-202
-204
-109
-48
138
159
185
244
229
187
12
-256
-684
-1325
-1951
-2262
-2214
-1970
-1667
-1267
-715
-263
-164
-414
-756
-969
-1033
-883
-279
953
2621
4303
5760
7055
8106
8433
7522
5384
2550
-407
-3217
-5717
-7608
-8458
-8179
-7132
-5688
-3927
-1609
1129
3562
4977
5466
5416
4891
3770
2350
1481
1199
1330
1252
679
135
-525
-1173
-2163
-3319
-4171
-4959
-5576
-6245
-6432
-5504
-3542
-1006
1480
3704
5669
7156
7743
7301
5952
4367
2480
261
-1860
-3632
-4472
-4829
-4752
-4296
-3774
-3112
-2668
-2167
-1575
-1014
-403
104
492
848
1455
2357
3351
4130
4538
4512
4017
3106
1843
515
-587
-1495
-2277
-2808
-2976
-2663
-1955
-1200
-431
285
705
867
876
747
646
619
554
478
309
104
4
17
10
-25
-89
-308
-591
-1067
-1344
-1353
-1214
-804
-577
-280
-98
-19
231
376
612
684
608
516
337
211
64
-73
-207
-345
-487
-569
-573
-550
-581
-769
-1069
-1425
-1700
-1715
-1406
-869
-415
-266
-419
-738
-1044
-1259
-1277
-942
-104
1175
2713
4236
5653
7025
7949
8154
7089
4918
2227
-749
-3409
-5813
-7440
-8013
-7806
-6844
-5528
-3533
-892
1837
4047
5217
5500
5090
4148
2912
1818
1291
1272
1234
907
359
-234
-687
-1327
-2327
-3355
-4268
-5060
-5797
-6429
-6362
-5092
-2886
-367
1985
4041
5746
6871
7218
6783
5803
4388
2450
244
-1852
-3455
-4248
-4425
-4184
-3609
-3089
-2682
-2297
-1943
-1404
-800
-344
83
496
955
1669
2541
3419
4127
4366
4170
3592
2664
1492
325
-670
-1485
-2101
-2675
-2894
-2672
-2014
-1185
-564
65
431
755
824
444
256
116
154
256
219
297
347
302
112
-31
-140
-370
-661
-1002
-1066
-975
-799
-612
-479
-127
13
162
228
46
38
-131
-224
-144
-37
159
246
232
157
97
87
93
-26
-307
-696
-1096
-1393
-1612
-1677
-1475
-997
-400
33
149
-26
-358
-693
-950
-977
-583
335
1646
3100
4485
5823
7108
7960
7847
6339
3801
794
-2208
-4721
-6682
-7847
-8227
-7848
-6721
-5108
-2787
20
2684
4554
5310
5318
4587
3295
1935
970
815
1023
1066
738
243
-184
-872
-1671
-2359
-2909
-3322
-4048
-5070
-5903
-5803
-4352
-2166
326
2673
4545
6119
7050
7068
6307
4974
3346
1331
-915
-2689
-3759
-4069
-3912
-3761
-3446
-3078
-2610
-2036
-1540
-1009
-530
-106
222
543
1058
1918
2890
3604
4018
4015
3658
2800
1675
636
-263
-879
-1604
-2251
-2552
-2673
-2323
-1660
-895
-84
415
644
675
561
519
457
531
578
503
506
333
229
112
-77
-232
-480
-698
-965
-1059
-1092
-1001
-713
-533
-315
-182
-86
67
183
128
5
-174
-410
-382
-185
120
351
603
840
848
867
637
189
-346
-1037
-1584
-1919
-2063
-1897
-1477
-957
-492
-299
-398
-631
-975
-1281
-1335
-876
173
1466
2899
4374
5930
7402
8176
7950
6420
3901
896
-2188
-4822
-6848
-7990
-8239
-7786
-6736
-5112
-2755
174
3099
5297
6368
6339
5470
4074
2556
1447
1040
1126
1119
661
-34
-556
-888
-1417
-2373
-3507
-4463
-5236
-5969
-6429
-5990
-4331
-1858
690
2882
4754
6294
7243
7326
6572
5189
3361
1178
-1133
-2982
-4063
-4319
-4141
-3877
-3464
-3032
-2517
-2090
-1723
-1191
-700
-245
56
387
1017
1814
2787
3576
4024
4036
3542
2819
1782
665
-445
-1380
-2005
-2495
-2564
-2204
-1379
-441
200
612
755
878
764
441
211
-3
70
124
137
195
215
501
549
498
423
74
-342
-925
-1337
-1562
-1570
-1279
-912
-453
-37
165
280
321
132
-38
-212
-243
-188
-177
71
155
314
533
494
575
366
-12
-388
-1001
-1503
-2049
-2286
-2060
-1724
-1104
-624
-457
-514
-767
-1021
-1171
-990
-225
959
2210
3426
4564
6053
7539
8375
8042
6146
3447
237
-2869
-5535
-7579
-8426
-8399
-7656
-6480
-4712
-2074
1002
3816
5729
6573
6536
5704
4122
2520
1346
981
1069
941
594
-87
-445
-776
-1520
-2479
-3623
-4539
-5473
-6325
-6610
-5881
-3870
-1253
1156
3028
4599
5978
6857
6817
5876
4394
2503
262
-1993
-3587
-4150
-3968
-3580
-3250
-2912
-2500
-2076
-1678
-1212
-638
-71
329
569
838
1307
2005
2807
3529
3959
3921
3383
2480
1379
245
-781
-1608
-2131
-2346
-2221
-1741
-1087
-395
162
539
780
749
520
152
-160
-240
-242
-118
29
289
635
824
899
722
458
93
-388
-807
-1205
-1394
-1434
-1381
-1269
-1186
-923
-489
21
363
355
138
-208
-487
-627
-542
-234
62
270
305
318
342
295
126
-258
-755
-1325
-1744
-1761
-1297
-571
-50
-5
-324
-761
-1104
-1144
-801
163
1469
2745
3796
4573
5649
6884
7771
7564
5802
3114
12
-3024
-5678
-7613
-8329
-8024
-7256
-6246
-4755
-2410
521
3217
5111
5980
5955
5110
3624
2107
1125
928
1016
855
316
-356
-850
-1325
-1878
-2574
-3288
-4026
-4955
-5840
-6150
-5257
-3183
-616
1680
3407
4746
5738
6206
6039
5307
4125
2506
450
-1726
-3465
-4318
-4260
-3739
-3069
-2319
-1726
-1436
-1269
-960
-417
144
474
629
803
1148
1679
2318
2966
3359
3231
2628
1723
766
22
-538
-1054
-1493
-1794
-1829
-1433
-743
-34
602
1051
1129
804
256
-253
-559
-642
-551
-379
-177
27
239
441
543
509
370
119
-221
-631
-1067
-1311
-1307
-1244
-1169
-1030
-841
-543
-143
224
524
721
688
475
250
68
-20
2
8
-94
-246
-354
-402
-498
-695
-989
-1341
-1529
-1393
-1031
-538
-96
6
-269
-766
-1324
-1716
-1735
-1199
-86
1299
2624
3797
4930
6127
7157
7488
6679
4730
2049
-857
-3604
-5840
-7210
-7533
-6996
-5981
-4662
-2889
-563
1984
4143
5508
6073
5936
5092
3652
2110
1066
639
403
-95
-861
-1607
-2169
-2627
-3040
-3297
-3374
-3522
-3962
-4457
-4439
-3554
-1934
-5
1796
3237
4274
4856
4862
4365
3626
2728
1503
-98
-1745
-2942
-3437
-3373
-3018
-2517
-1975
-1514
-1151
-771
-367
-4
308
588
819
1045
1374
1810
2244
2564
2685
2489
1933
1158
379
-269
-777
-1206
-1549
-1678
-1517
-1116
-534
153
798
1233
1330
989
320
-322
-626
-587
-408
-242
-99
65
213
291
387
547
596
325
-247
-927
-1510
-1831
-1814
-1546
-1177
-767
-362
-61
97
201
321
378
241
-62
-397
-630
-670
-553
-359
-129
64
190
219
118
22
-40
-190
-386
-518
-519
-377
-284
-442
-801
-1221
-1563
-1645
-1277
-313
1116
2602
3820
4724
5457
6105
6366
5861
4525
2516
135
-2294
-4557
-6283
-7056
-6893
-6116
-5034
-3676
-1868
299
2383
3969
4961
5419
5242
4282
2791
1420
679
438
170
-396
-1081
-1635
-2110
-2650
-3079
-3199
-3092
-3021
-3249
-3555
-3334
-2327
-787
820
2148
3202
4016
4358
4036
3237
2396
1631
652
-627
-1848
-2585
-2772
-2628
-2268
-1747
-1179
-693
-415
-259
-18
323
683
926
958
985
1187
1422
1634
1839
1883
1699
1302
678
31
-414
-717
-1002
-1227
-1258
-989
-530
-77
328
656
852
788
419
-102
-517
-720
-786
-708
-612
-382
-109
67
255
310
445
560
478
143
-452
-883
-1168
-1311
-1229
-991
-626
-215
148
318
356
432
565
605
496
243
-106
-442
-712
-812
-735
-589
-454
-306
-222
-268
-356
-347
-193
-13
177
24
-513
-1124
-1669
-1877
-1774
-1176
-106
1134
2464
3598
4609
5550
6267
6495
5818
4207
1992
-333
-2524
-4415
-5699
-6227
-6018
-5483
-4641
-3227
-1298
876
2584
3707
4318
4325
3863
2921
1817
885
343
96
-287
-788
-1107
-1195
-1405
-1932
-2505
-2764
-2798
-2938
-3161
-3105
-2491
-1390
-115
1021
1959
2815
3511
3767
3474
2792
1855
731
-466
-1527
-2219
-2424
-2214
-1805
-1363
-955
-555
-167
151
332
360
314
204
69
-9
134
537
1096
1597
1848
1851
1569
1220
805
465
234
-115
-477
-939
-1107
-910
-394
312
779
1075
1082
967
565
-34
-514
-879
-1008
-1206
-1251
-1130
-916
-519
-278
17
249
351
366
30
-384
-860
-1129
-1066
-995
-810
-621
-287
26
173
313
311
273
158
13
-153
-309
-275
-119
24
74
93
24
-141
-329
-451
-444
-252
77
340
349
58
-373
-958
-1432
-1649
-1557
-955
-57
1096
2201
3233
4344
5248
5816
5666
4626
2842
718
-1298
-3067
-4379
-4968
-4853
-4388
-3687
-2631
-1175
476
1979
3005
3414
3317
2868
2204
1299
493
14
-205
-282
-500
-659
-761
-932
-1200
-1704
-2120
-2440
-2688
-2799
-2855
-2489
-1699
-572
581
1467
2285
2824
3104
2909
2237
1377
390
-448
-1246
-1740
-1926
-1830
-1447
-1077
-604
-145
251
497
572
458
301
142
-18
-15
12
296
623
965
1250
1316
1411
1310
1159
835
402
16
-394
-603
-690
-531
-174
279
744
1020
1128
1098
1001
828
483
-26
-580
-1029
-1332
-1439
-1341
-1035
-617
-243
60
100
95
21
-164
-237
-422
-570
-714
-809
-868
-839
-569
-367
-40
198
296
349
170
-59
-326
-476
-566
-679
-755
-745
-596
-369
-133
-18
102
313
565
806
887
680
227
-428
-1192
-1797
-2051
-1653
-767
383
1622
2709
3900
5019
5782
5844
4983
3426
1356
-812
-2834
-4348
-5014
-4958
-4376
-3468
-2300
-811
883
2320
3203
3493
3234
2554
1654
701
-106
-544
-683
-602
-558
-582
-624
-760
-863
-1182
-1584
-1925
-2301
-2595
-2805
-2628
-1975
-981
139
1067
1745
2212
2468
2402
1970
1205
265
-681
-1475
-1945
-2001
-1655
-1079
-521
-57
421
827
1113
1189
951
644
425
285
178
195
199
225
370
380
522
717
845
917
705
418
109
-162
-290
-401
-446
-286
19
317
671
966
1078
1062
755
200
-425
-949
-1214
-1282
-1235
-1169
-993
-766
-469
-93
320
674
606
431
-14
-640
-1015
-1244
-1119
-949
-787
-623
-474
-219
-4
257
410
454
423
278
93
-101
-213
-308
-422
-504
-475
-368
-305
-247
-48
363
806
1026
868
343
-368
-1027
-1482
-1637
-1338
-543
477
1418
2351
3495
4670
5365
5210
4156
2431
478
-1313
-2796
-3838
-4246
-4056
-3530
-2783
-1706
-246
1389
2776
3579
3700
3186
2170
957
-112
-848
-1200
-1241
-1169
-1119
-1058
-927
-695
-386
-206
-368
-855
-1541
-2284
-2733
-2525
-1743
-778
125
866
1381
1688
1825
1749
1383
744
-59
-874
-1511
-1776
-1580
-1053
-463
-20
267
506
766
1019
1168
1127
896
601
357
138
-91
-238
-245
-199
-178
-116
85
399
680
796
717
482
198
15
-10
19
37
86
184
331
548
786
951
998
851
428
-140
-625
-939
-1066
-1022
-928
-842
-689
-463
-235
-21
122
94
-67
-270
-538
-766
-794
-702
-565
-374
-266
-272
-254
-193
-70
133
325
410
344
152
-74
-277
-454
-543
-488
-431
-481
-506
-438
-258
167
713
1070
1128
876
349
-272
-760
-950
-830
-519
-141
244
707
1401
2332
3221
3623
3275
2279
955
-331
-1338
-1945
-2144
-2059
-1861
-1604
-1140
-323
703
1636
2252
2440
2233
1697
871
-4
-670
-1092
-1273
-1265
-1229
-1165
-981
-688
-335
-62
-48
-278
-664
-1161
-1557
-1649
-1464
-1096
-633
-199
191
594
992
1276
1295
997
427
-309
-938
-1256
-1300
-1107
-764
-408
14
504
892
1140
1287
1268
1073
718
326
33
-139
-224
-211
-128
-6
189
321
453
643
731
694
584
458
220
15
-116
-272
-263
-140
58
285
426
474
379
215
44
-156
-286
-361
-543
-689
-833
-941
-857
-724
-465
-129
126
281
313
218
-4
-215
-386
-505
-552
-510
-394
-286
-201
-139
-77
15
156
241
269
198
-24
-265
-491
-607
-619
-503
-354
-335
-290
-162
130
511
724
729
444
-68
-550
-838
-910
-715
-249
300
885
1470
2089
2750
3174
3235
2793
1907
796
-433
-1497
-2249
-2609
-2563
-2217
-1634
-916
-96
760
1524
2042
2218
2065
1590
1036
435
-232
-757
-1170
-1430
-1487
-1339
-1047
-710
-326
-70
13
-81
-326
-560
-761
-918
-940
-851
-720
-455
-86
248
546
728
718
524
135
-321
-683
-968
-1109
-1040
-824
-435
75
570
956
1088
989
821
585
348
253
238
215
143
-4
-97
-30
137
362
535
587
622
617
518
441
437
473
486
400
224
-2
-173
-203
-152
-54
12
-63
-218
-415
-563
-507
-370
-321
-343
-463
-671
-775
-646
-358
-48
181
236
87
-142
-305
-358
-313
-232
-213
-289
-422
-558
-609
-497
-229
27
109
50
-70
-222
-296
-261
-189
-141
-217
-360
-358
-182
132
536
833
883
730
473
206
0
-94
-98
-76
27
272
634
1110
1637
2032
2189
2094
1696
996
225
-427
-981
-1438
-1695
-1719
-1551
-1192
-620
89
767
1311
1671
1780
1586
1138
617
106
-396
-799
-1088
-1291
-1334
-1243
-1042
-716
-380
-137
8
12
-139
-400
-677
-839
-869
-792
-652
-461
-190
58
198
297
399
366
262
122
-152
-381
-538
-555
-362
-80
253
539
736
828
900
948
854
707
492
159
-192
-447
-542
-488
-305
-119
85
254
340
476
505
455
384
261
129
25
28
-35
-57
10
18
133
258
367
412
265
79
-199
-431
-575
-670
-655
-645
-649
-673
-561
-410
-271
-93
-75
-106
-197
-290
-357
-392
-367
-376
-325
-267
-174
-39
73
156
150
162
215
205
180
153
29
-135
-251
-297
-193
23
361
801
1088
1151
1016
802
548
207
-31
-265
-564
-774
-790
-568
-195
330
872
1208
1288
1188
973
683
394
81
-263
-633
-975
-1174
-1198
-1005
-590
-133
273
634
838
860
758
566
332
84
-166
-421
-675
-849
-847
-659
-355
-53
143
213
100
-121
-246
-254
-264
-256
-299
-459
-533
-449
-187
133
382
519
352
101
-58
-144
-129
-130
-195
-320
-390
-336
-129
237
638
954
1062
965
724
397
92
-130
-271
-331
-357
-430
-501
-459
-270
30
363
635
715
588
413
267
176
176
152
6
-158
-294
-376
-325
-147
91
263
265
120
-107
-349
-485
-481
-502
-562
-613
-611
-492
-368
-180
26
117
169
79
-87
-216
-320
-293
-234
-162
-83
-73
-46
-18
14
75
141
109
7
-120
-274
-355
-379
-250
-56
75
264
424
558
652
664
659
509
273
66
-169
-345
-435
-327
-1
352
761
1135
1395
1489
1376
1174
805
383
-10
-481
-869
-1090
-1193
-1157
-932
-633
-305
90
407
570
656
727
697
530
340
116
-216
-545
-715
-748
-688
-552
-404
-298
-241
-185
-125
-99
-94
-109
-167
-233
-309
-370
-327
-227
-142
-68
-56
-84
-72
-85
-132
-151
-177
-196
-180
-172
-120
9
152
333
521
593
616
598
461
271
140
41
-90
-180
-214
-182
-151
-79
135
343
543
662
692
657
526
426
295
181
102
-60
-176
-162
-122
-66
76
191
199
161
93
-16
-166
-309
-410
-521
-661
-724
-690
-631
-504
-278
-88
-31
-53
-88
-167
-271
-338
-350
-375
-389
-364
-344
-262
-119
35
136
102
53
-22
-95
-116
-188
-204
-171
-140
-62
50
233
343
409
501
498
480
379
181
57
-11
-24
85
300
565
784
943
1064
1030
980
856
529
251
-58
0
0
0
0
0
0
0
0
0
0
0
0
0
0
0
0
0
0
0
0
0
0
0
0
0
0
0
0
0
0
0
0
0
0
0
0
0
0
0
0
0
0
0
0
0
0
0
0
0
0
0
0
0
0
0
0
0
0
0
0
0
0
0
0
0
0
0
0
0
0
0
0
0
0
0
0
0
0
0
0
0
0
0
0
0
0
0
0
0
0
0
0
0
0
0
0
0
0
0
0
0
0
0
0
0
0
0
0
0
0
0
0
0
0
0
0
0
0
0
0
0
0
0
0
0
0
0
0
0
0
0
0
0
0
0
0
0
0
0
0
0
0
0
0
0
0
0
0
0
0
0
0
0
0
0
0
0
0
0
0
0
0
0
0
0
0
0
0
0
0
0
0
0
0
0
0
0
0
0
0
0
0
0
0
0
0
0
0
0
0
0
0
0
0
0
0
0
0
0
0
0
0
0
0
0
0
0
0
0
0
0
0
0
0
0
0
0
0
0
0
0
0
0
0
0
0
0
0
0
0
0
0
0
0
0
0
0
0
0
0
0
0
0
0
0
0
0
0
0
0
0
0
0
0
0
0
0
0
0
0
0
0
0
0
0
0
0
0
0
0
0
0
0
0
0
0
0
0
0
0
0
0
0
0
0
0
0
0
0
0
0
0
0
0
0
0
0
0
0
0
0
0
0
0
0
0
0
0
0
0
0
0
0
0
0
0
0
0
0
0
0
0
0
0
0
0
0
0
0
0
0
0
0
0
0
0
0
0
0
0
0
0
0
0
0
0
0
0
0
0
0
0
0
0
0
0
0
0
0
0
0
0
0
0
0
0
0
0
0
0
0
0
0
0
0
0
0
0
0
0
0
0
0
0
0
0
0
0
0
0
0
0
0
0
0
0
0
0
0
0
