0
0
0
0
0
0
0
0
0
0
0
0
0
0
0
0
0
0
0
0
0
0
0
0
0
0
0
0
0
0
0
0
0
0
0
0
0
0
0
0
0
0
0
0
0
0
0
0
0
0
0
0
0
0
0
0
0
0
0
0
0
0
0
0
0
0
0
0
0
0
0
0
0
0
0
0
0
0
0
0
0
0
0
0
0
0
0
0
0
0
0
0
0
0
0
0
0
0
0
0
0
0
0
0
0
0
0
0
0
0
0
0
0
0
0
0
0
0
0
0
0
0
0
0
0
0
0
0
0
0
0
0
0
0
0
0
0
0
0
0
0
0
0
0
0
0
0
0
0
0
0
0
0
0
0
0
0
0
0
0
0
0
0
0
0
0
0
0
0
0
0
0
0
0
0
0
0
0
0
0
0
0
0
0
0
0
0
0
0
0
0
0
0
0
0
0
0
0
0
0
0
0
0
0
0
0
0
0
0
0
0
0
0
0
0
0
0
0
0
0
0
0
0
0
0
0
0
0
0
0
0
0
0
0
0
0
0
0
0
0
0
0
0
0
0
0
0
0
0
0
0
0
0
0
0
0
0
0
0
0
0
0
0
0
0
0
0
0
0
0
0
0
0
0
0
0
0
0
0
0
0
0
0
0
0
0
0
0
0
0
0
0
0
0
0
0
0
0
0
0
0
0
0
0
0
0
0
0
0
0
0
0
0
0
0
0
0
0
0
0
0
0
0
0
0
0
0
0
0
0
0
0
0
0
0
0
0
0
0
0
0
0
0
0
0
0
0
0
0
0
0
0
0
0
0
0
0
0
0
0
0
0
0
0
0
0
0
0
0
0
0
0
0
0
0
0
0
0
0
0
0
0
0
0
0
0
0
0
0
0
0
0
0
0
0
0
0
0
0
0
-734
-856
-833
-702
-440
-51
371
744
1023
1121
951
575
173
-186
-466
-507
-335
-69
332
779
1091
1246
1218
957
522
92
-111
11
475
1305
2364
3433
4384
5072
5292
4877
3787
2114
82
-1991
-3787
-5082
-5714
-5592
-4796
-3496
-1861
-105
1575
2954
3802
4099
3902
3334
2556
1642
802
152
-430
-881
-1266
-1754
-2249
-2820
-3530
-4177
-4705
-4980
-4802
-4190
-3145
-1756
-138
1555
2939
3854
4301
4134
3395
2229
842
-521
-1772
-2707
-3188
-3299
-3047
-2499
-1881
-1278
-744
-323
-17
160
304
490
704
981
1387
1923
2485
2920
3106
2936
2379
1527
534
-470
-1392
-2098
-2506
-2630
-2419
-1865
-1155
-399
359
931
1277
1509
1601
1581
1568
1574
1615
1693
1770
1901
1935
1644
1115
394
-537
-1506
-2351
-2949
-3168
-2989
-2436
-1632
-737
216
1129
1785
2056
1933
1483
804
31
-658
-1152
-1437
-1495
-1350
-1066
-671
-302
-96
-82
-261
-571
-917
-1192
-1220
-1057
-817
-399
40
336
553
592
392
-10
-590
-1171
-1629
-1913
-1886
-1563
-1067
-484
138
719
1086
1251
1347
1328
1313
1549
2068
2875
3881
4877
5694
6137
6032
5221
3613
1380
-1109
-3518
-5556
-6966
-7524
-7079
-5695
-3652
-1249
1277
3661
5509
6499
6654
6171
5217
3977
2582
1232
179
-645
-1395
-2022
-2575
-3194
-3970
-4871
-5675
-6175
-6229
-5780
-4845
-3408
-1546
536
2618
4332
5377
5701
5258
4113
2487
583
-1326
-2960
-4162
-4837
-4932
-4440
-3515
-2463
-1467
-587
95
523
767
932
1132
1385
1660
2026
2514
2979
3200
3047
2595
1834
688
-594
-1745
-2660
-3186
-3265
-2815
-1828
-592
773
2207
3340
3954
4047
3630
2786
1608
262
-1030
-2095
-2788
-3038
-2841
-2218
-1339
-387
534
1287
1752
1890
1700
1226
603
8
-512
-918
-1151
-1270
-1271
-1157
-1065
-964
-794
-671
-612
-556
-473
-322
-138
61
290
497
678
801
769
608
419
207
-57
-270
-314
-252
-153
29
261
397
392
300
125
-189
-580
-945
-1265
-1490
-1579
-1500
-1228
-842
-365
144
532
802
920
839
670
375
113
181
528
1172
2173
3329
4472
5392
5910
5918
5249
3940
1991
-528
-3057
-5181
-6768
-7626
-7638
-6716
-5063
-3078
-807
1580
3723
5386
6302
6391
5811
4799
3625
2283
889
-166
-881
-1491
-2035
-2504
-2954
-3530
-4247
-4949
-5453
-5532
-5163
-4393
-3081
-1309
662
2648
4325
5422
5855
5576
4612
3084
1229
-665
-2381
-3719
-4564
-4849
-4484
-3694
-2871
-2077
-1282
-625
-162
171
436
695
1022
1402
1898
2630
3360
3710
3637
3158
2196
865
-606
-2003
-3088
-3710
-3777
-3213
-2111
-696
810
2203
3312
3919
3864
3309
2451
1321
185
-625
-1135
-1348
-1158
-700
-96
547
968
1083
930
512
-31
-595
-1092
-1418
-1567
-1483
-1233
-918
-560
-338
-291
-403
-734
-1033
-1194
-1278
-1071
-649
-144
463
878
1069
1165
996
616
100
-546
-1060
-1347
-1458
-1314
-973
-530
-90
162
194
0
-425
-926
-1403
-1813
-1996
-1943
-1645
-988
-161
647
1394
1851
1991
2038
2073
2227
2643
3334
4261
5240
6032
6528
6650
6227
4894
2515
-455
-3474
-6266
-8520
-9851
-10036
-8980
-6804
-4028
-1054
2140
5280
7569
8562
8451
7581
6173
4303
2130
181
-1108
-1960
-2692
-3205
-3489
-3850
-4432
-5165
-5912
-6377
-6310
-5764
-4808
-3276
-1118
1417
3899
5872
7024
7273
6622
5124
2965
545
-1754
-3759
-5295
-6165
-6190
-5446
-4259
-2926
-1597
-457
373
852
1051
1310
1461
1598
1898
2194
2788
3320
3518
3557
3308
2592
1221
-498
-2034
-3217
-4189
-4654
-4298
-3385
-1943
-14
2080
4034
5541
6408
6559
5859
4464
2805
1010
-767
-2223
-3268
-3787
-3749
-3385
-2676
-1548
-402
384
813
1127
1350
1304
996
686
492
145
-341
-849
-1214
-1473
-1816
-2050
-2267
-2413
-2406
-2066
-1355
-721
-48
649
1225
1629
1604
1343
1046
558
-96
-676
-1072
-1217
-1123
-839
-387
70
405
524
382
-13
-627
-1278
-1856
-2246
-2261
-1971
-1441
-713
74
812
1318
1423
1186
695
333
417
689
1610
3302
5062
6659
7851
8652
8778
7690
5277
1830
-1904
-5400
-8336
-10565
-11543
-10817
-8844
-6024
-2635
958
4528
7536
9137
9333
8716
7475
5503
2987
767
-652
-1609
-2492
-3252
-3735
-4026
-4493
-5282
-6180
-6937
-7213
-7173
-6673
-5338
-3179
-120
3122
5830
7849
9043
9268
8259
6126
3246
259
-2492
-5117
-7186
-8210
-7966
-6744
-5220
-3566
-1806
-127
1105
1888
2335
2631
2849
2615
2523
2830
3269
3500
3299
3012
2188
902
-532
-2057
-3321
-4270
-4789
-4696
-3735
-2188
-319
1849
3906
5440
6306
6613
6280
5229
3760
2167
384
-1305
-2438
-3072
-3373
-3376
-2973
-2247
-1410
-736
-88
701
1296
1758
1959
1878
1624
982
195
-710
-1654
-2424
-3106
-3475
-3624
-3456
-2835
-1849
-563
610
1688
2332
2471
2254
1667
973
-61
-996
-1702
-2249
-2436
-2185
-1633
-1199
-644
-280
-161
-147
-336
-572
-925
-1181
-1341
-1392
-1234
-809
-337
63
304
116
-77
10
541
1468
2855
4816
6682
8178
9276
9930
9952
8837
6269
2508
-1635
-5557
-8943
-11385
-12396
-11762
-9658
-6620
-3327
29
3546
6706
8511
8723
8158
7324
5901
3835
1889
776
298
-207
-1104
-2207
-3358
-4701
-6363
-8071
-9164
-9543
-9281
-8476
-6848
-4015
-394
3520
6811
9079
10115
9789
8406
5976
3066
53
-2694
-5088
-7180
-8303
-8165
-6944
-5309
-3665
-2100
-810
105
655
1183
1966
2840
3425
3841
4402
4944
5080
4774
4230
3272
1677
-339
-2265
-3803
-4890
-5367
-4961
-3763
-2208
-372
1670
3806
5526
6483
6831
6459
5532
4077
2358
752
-761
-1930
-2763
-3364
-3680
-3515
-2871
-2224
-1709
-978
53
974
1677
2260
2636
2693
2221
1287
216
-1016
-2377
-3549
-4355
-4547
-4182
-3580
-2617
-1336
-73
1019
1734
2098
2211
1861
1124
291
-536
-1260
-1743
-1901
-1765
-1518
-1206
-832
-620
-772
-1152
-1393
-1434
-1519
-1674
-1691
-1463
-1047
-552
-42
445
691
445
-69
-247
134
902
2138
4078
6486
8674
10166
11002
11283
10578
8285
4518
98
-4230
-8027
-10924
-12529
-12498
-10754
-7895
-4840
-1782
1752
5544
8342
9312
9052
8466
7390
5284
2803
1227
656
65
-1087
-2437
-3650
-4874
-6326
-7853
-9016
-9545
-9509
-8933
-7658
-5526
-2447
1337
4991
7645
9058
9450
8882
7274
4781
1819
-1074
-3690
-6159
-7983
-8490
-7749
-6268
-4610
-2966
-1299
178
1115
1717
2426
3148
3690
3825
4010
4655
4971
4884
4706
4283
3519
2004
-29
-2030
-3758
-4795
-5138
-4727
-3379
-1407
828
3246
5464
6998
7792
7638
6432
4356
1768
-759
-3033
-4959
-5957
-6041
-5517
-4228
-2537
-671
1012
2226
3260
3735
3622
3034
2022
1050
11
-1221
-2287
-2942
-3275
-3462
-3690
-3785
-3447
-2951
-2392
-1752
-900
212
871
1275
1550
1419
1260
1009
697
105
-589
-1013
-1243
-1464
-1650
-1453
-1235
-1128
-1427
-1743
-1613
-1555
-1428
-1300
-947
-417
-111
-173
-481
-567
-361
415
1554
3069
5245
7529
9550
10845
11585
11890
10770
7805
3130
-2005
-6417
-10048
-12903
-14594
-13952
-11222
-7747
-4260
-377
4198
8013
9961
10159
9781
9166
7505
4959
2549
1393
1190
768
-451
-2090
-3459
-4789
-6659
-8843
-10351
-10765
-10588
-10163
-8973
-6242
-2051
2544
6380
9071
10850
11664
10961
8630
5371
1968
-1270
-4562
-7800
-9976
-10229
-9083
-7831
-6669
-4842
-2675
-1146
-222
754
2357
4086
4949
5403
6098
6741
6972
6459
5591
4742
3031
435
-2007
-3924
-5160
-5722
-5648
-4653
-3012
-1050
1298
3664
5612
6995
7710
7572
6403
4582
2731
906
-1067
-2874
-3964
-4290
-4251
-3953
-3217
-2132
-1003
6
894
1681
2288
2551
2439
2138
1653
758
-465
-1620
-2576
-3396
-3932
-4045
-3932
-3727
-3292
-2600
-1892
-1322
-738
-11
668
991
956
766
524
244
-30
-339
-695
-1038
-1278
-1482
-1747
-1894
-1813
-1624
-1624
-1753
-1630
-1058
-392
25
200
-8
-163
-111
414
1590
3345
6033
8647
10572
11716
12313
12665
11782
8999
4541
-407
-5028
-9101
-12563
-14645
-14555
-12727
-9760
-6638
-2883
1842
6341
9243
9921
9855
9685
8571
6076
3155
1285
520
-141
-1203
-2318
-3237
-3994
-5278
-6992
-8599
-9527
-9445
-9347
-9058
-7754
-4615
-243
3552
6502
8733
10250
10366
8754
6265
3741
1171
-1912
-5308
-8042
-9185
-9107
-8231
-7094
-5574
-3664
-2185
-1229
-767
399
2070
3434
4526
5646
7258
8262
8579
8186
7239
5565
2791
-293
-3394
-5607
-6982
-7291
-6317
-4668
-2397
135
3025
5604
7160
7793
7668
6700
4665
2248
311
-1003
-2102
-2866
-2944
-2609
-2254
-1915
-1387
-772
-424
-361
-245
-27
204
412
641
1101
1421
1102
390
-442
-1232
-1798
-2345
-2929
-3402
-3628
-3264
-2490
-1957
-1649
-1145
-377
217
208
31
270
606
491
-13
-470
-687
-834
-1031
-1139
-1190
-1347
-1621
-1897
-1905
-1603
-1402
-1471
-1700
-2086
-2260
-1820
-920
553
3077
6363
9367
11338
12510
13515
13872
12374
8763
3839
-1259
-5705
-9479
-12561
-14148
-13526
-11101
-8170
-5426
-2099
2489
7055
9552
9845
9573
9289
7796
4851
2169
1077
912
279
-1128
-2500
-3372
-4064
-5105
-6727
-8317
-9078
-9174
-9053
-8539
-6954
-3710
590
4374
6884
8600
9910
10218
8734
5865
2902
282
-2672
-6029
-8405
-8768
-7887
-7037
-6316
-5060
-3344
-2100
-1607
-908
626
2241
3240
4178
5663
7191
8012
8120
7773
6735
4599
1644
-1270
-3697
-5721
-7085
-7296
-6524
-5264
-3530
-1138
1627
4074
5752
6578
6579
5836
4493
2994
1679
415
-579
-985
-1136
-1278
-1298
-997
-469
-412
-872
-1123
-1118
-1158
-1338
-1425
-1001
-412
-66
284
628
816
750
377
65
-141
-636
-1431
-2305
-2889
-2882
-2549
-2252
-1999
-1622
-1054
-520
-239
-72
122
169
-203
-913
-1508
-1746
-1747
-1673
-1705
-1907
-2013
-1957
-1746
-1257
-936
-1233
-1825
-2141
-1867
-948
813
3769
7453
10689
12850
14297
15537
15894
14032
9674
3760
-2305
-7584
-12056
-15401
-16615
-15331
-12377
-9029
-5628
-1322
4037
8759
11075
11208
10729
9956
7635
3826
760
-66
323
-156
-1953
-3473
-3930
-4472
-5890
-7519
-8456
-8797
-9257
-9643
-8894
-6373
-2380
2009
5825
8557
10142
11056
11130
9489
6414
3081
-222
-3971
-7846
-10321
-10467
-9219
-7933
-6757
-5032
-2818
-1175
-494
146
1312
2482
3290
4233
5697
7153
7902
8061
7984
7173
5030
2052
-825
-3502
-6052
-7620
-7650
-6767
-5457
-3567
-886
2193
4595
5941
6575
6449
5534
4077
2404
933
-213
-893
-1110
-1365
-1480
-1037
-434
-191
-564
-1161
-1315
-1306
-1575
-1756
-1449
-757
-78
453
1022
1486
1550
1212
658
67
-565
-1282
-1920
-2420
-2814
-2881
-2390
-1606
-1008
-644
-289
59
171
-23
-255
-317
-429
-922
-1569
-1979
-2273
-2661
-2890
-2645
-2156
-2067
-2541
-3142
-3619
-3880
-3613
-2283
560
4446
8238
11380
13935
16171
17840
17552
14175
8362
1822
-4231
-9722
-14746
-18177
-18452
-15867
-12601
-9706
-5645
757
7534
11641
12799
13197
13560
12094
8146
4249
2880
3133
2467
380
-1629
-2748
-3762
-5562
-7955
-10023
-11177
-11740
-12195
-12020
-9879
-5377
207
5150
8767
11401
13272
13773
12277
9282
5948
2400
-2269
-7763
-11790
-12661
-11615
-10805
-10134
-8159
-5237
-3232
-2441
-1218
1215
3381
3909
3783
4714
6397
7452
7937
8561
8676
7230
4547
1641
-1119
-3746
-5907
-7064
-7191
-6805
-5931
-3926
-836
2271
4637
6210
6866
6529
5554
4280
2867
1591
637
-171
-982
-1613
-1743
-1346
-871
-881
-1365
-1863
-2196
-2501
-2613
-2085
-914
300
1088
1651
2210
2650
2666
2114
1254
126
-1118
-2076
-2443
-2611
-2871
-3023
-2813
-2273
-1965
-1404
-1110
-960
-585
-654
-550
-688
-388
122
96
-103
-728
-995
-855
-603
-930
-1773
-3066
-4242
-4847
-5045
-3785
-1664
1826
5619
8877
11644
13409
15508
16258
14570
10044
3988
-1343
-6198
-10588
-14410
-16008
-14747
-11978
-9527
-6555
-1662
3932
8122
9273
9652
10183
9845
7916
4810
3336
3432
3401
2068
-166
-1662
-2536
-3915
-6432
-9130
-10559
-10705
-10744
-10986
-9897
-6319
-1125
3380
6645
9817
12549
13915
12796
10124
7288
4085
575
-4156
-8639
-11114
-11682
-11024
-10472
-9165
-6840
-4458
-2643
-1371
180
1905
3080
3492
3973
5000
5934
6262
6569
7202
7121
5633
3284
870
-1493
-4037
-6316
-7441
-7340
-6728
-5566
-3336
-609
1689
3620
5260
5957
5609
4921
4264
3402
2195
971
181
-343
-1221
-2131
-2309
-2098
-2538
-3170
-3122
-2642
-2185
-1779
-923
201
1384
2265
2935
3252
3148
2888
2158
1541
54
-962
-1242
-1316
-1091
-2019
-1849
-1769
-1575
-1602
-2089
-1152
-1306
-1361
-1815
-1851
-1086
-977
-643
-901
-852
-667
-441
-380
-265
-1048
-2658
-3801
-5099
-4800
-3598
-823
2944
6072
9337
11434
13473
15036
14568
11839
6847
1189
-4314
-9367
-13739
-16445
-16133
-13458
-10649
-8300
-4184
1948
7584
10195
10344
10974
11187
9843
6352
2818
2460
2868
2624
688
-1424
-2074
-3080
-4345
-6683
-8860
-9524
-9874
-10434
-10662
-8581
-4018
1110
5097
7829
10438
13009
14110
12621
9919
7073
3882
-192
-5525
-9609
-11547
-11538
-10918
-10873
-8972
-6272
-3946
-2609
-1558
1008
3093
4047
4280
4770
5630
6152
6181
6213
6415
5641
4154
1687
-903
-3302
-5472
-6592
-7424
-7507
-6691
-4950
-2644
-259
2347
4921
6501
6769
6340
5346
4346
2588
1239
471
-527
-1354
-2577
-2355
-2003
-2063
-1904
-1971
-1357
-1300
-1098
-784
-356
672
1347
2068
2259
2162
1892
1534
1482
644
-296
-965
-1123
-932
-1470
-1734
-1797
-1416
-1397
-2068
-2108
-1873
-1305
-1411
-1382
-1085
-967
-836
-1020
-758
-726
-221
165
-239
-1553
-3405
-4124
-4432
-3964
-2693
105
4126
7410
9998
12034
14144
15238
13933
10194
4922
-292
-5066
-9585
-13593
-15850
-15539
-13279
-10615
-7857
-3641
2215
7452
9888
10500
11177
11506
9641
5854
2852
2395
2821
1630
-410
-1800
-2221
-3203
-5320
-7171
-8456
-8705
-8935
-9369
-8982
-7360
-3694
980
5125
7807
9707
11825
12826
11372
8492
5839
3229
-544
-5604
-9409
-10679
-10594
-10641
-10614
-8691
-6086
-4149
-2675
-716
2217
4131
4814
5148
5776
6609
6466
6354
6546
6079
4934
2963
1061
-785
-2890
-4197
-5247
-6218
-6590
-6359
-4863
-2792
-832
1336
3058
4286
4969
4691
4253
3463
2120
1190
242
-827
-1965
-2921
-2623
-2407
-2493
-2024
-1147
-93
94
35
447
1111
1755
2056
1967
1775
1242
326
-196
-556
-267
-495
-960
-769
-819
-222
-243
-226
14
-200
-198
-769
-897
-870
-1181
-1539
-1623
-1718
-1912
-1759
-1537
-1082
-1135
-1029
-1489
-2747
-3707
-4501
-3935
-2744
-401
3433
7221
10737
12978
14856
16334
15338
11793
6103
247
-4878
-9843
-13977
-16506
-16601
-14908
-12596
-10136
-6256
-644
5141
9112
10149
10666
10957
10045
7059
3535
2995
3698
3508
1335
-1162
-1732
-2261
-3908
-6714
-8558
-8370
-8820
-10043
-10257
-8201
-4133
165
4265
7787
10486
12593
13521
12688
10143
6955
3992
541
-4174
-8632
-10741
-10708
-10444
-10457
-9243
-6604
-4373
-3551
-2546
-3
2640
3577
3835
4848
6082
6823
6788
6745
6528
5417
3808
1593
-319
-2137
-4365
-5472
-5923
-5990
-5791
-4991
-2578
-423
1379
2955
4040
5065
4787
4131
3166
1692
739
-420
-1366
-2591
-3791
-3496
-2933
-2468
-2364
-2133
-1271
-619
-163
519
1587
1905
1971
1748
1707
1886
1310
1430
741
-152
-948
-2129
-1966
-1586
-1031
-720
-480
5
-274
-472
100
751
432
-293
-514
-516
-1179
-2160
-2094
-1229
-848
-1332
-1689
-1501
-1819
-3088
-4196
-4250
-3408
-1449
2072
6098
9201
11391
13602
15559
15711
13119
8031
2233
-3050
-8179
-13465
-17120
-17655
-15752
-13079
-10855
-6855
-1115
4730
8550
9360
10492
11314
10791
8022
3979
2406
2421
2541
1259
-750
-1596
-2255
-3713
-6111
-7988
-8391
-8450
-9273
-10109
-9053
-5537
-436
4184
7724
10716
13173
14813
13892
11810
9287
5991
2479
-2754
-7630
-10911
-11900
-11298
-11595
-10817
-8680
-6235
-4588
-3467
-1018
1922
3822
4601
5572
6953
7807
7798
7669
7496
6096
3555
1092
-717
-2433
-4147
-5265
-5750
-5850
-5475
-4491
-2992
-1137
563
1767
2629
3219
3487
3504
3054
1905
867
532
251
-737
-1756
-1887
-1759
-2071
-2758
-2934
-2273
-1319
-779
-129
923
1526
2083
2030
2189
2129
1517
1585
1009
793
-63
-1205
-1134
-1067
-690
-955
-1123
-906
-932
-772
-530
-290
-272
-795
-1334
-1085
-1368
-1906
-2380
-2012
-1030
-1167
-1104
-1606
-2143
-2577
-3537
-3240
-2320
296
4063
7459
10821
12661
14569
15948
15078
12067
6106
114
-5470
-10551
-14513
-17710
-18128
-15922
-12687
-9753
-5558
468
6589
10146
11110
12084
11891
10683
7298
3501
2518
2296
1609
-229
-1414
-1785
-3108
-5041
-7190
-8568
-8905
-9087
-9738
-9832
-8057
-4405
288
4863
8990
12361
14686
15540
14241
11782
8611
5183
1026
-4671
-9451
-11923
-12237
-12216
-12296
-10725
-8068
-5496
-3677
-1762
786
3281
4479
4969
6097
7237
8149
8216
8149
7669
5761
3388
712
-1327
-3085
-5034
-6189
-6934
-7088
-6724
-5434
-3015
-1065
535
1995
3264
4205
4137
4000
3525
2505
1751
1273
1399
635
-789
-1756
-2292
-2244
-2790
-2697
-2136
-1577
-1067
-947
-136
540
1516
1825
1679
1794
1753
1850
1341
994
-4
-671
-723
-976
-1359
-1940
-1311
-1120
-1300
-1271
-837
-9
-342
-1173
-1764
-1654
-1608
-2127
-2463
-1710
-750
-988
-1288
-1653
-2169
-2946
-3739
-3200
-1939
770
4596
8133
11740
14024
15762
16833
15588
11601
5183
-689
-6179
-11566
-16156
-19150
-19099
-16907
-14070
-10853
-5400
1467
7428
10417
11705
12908
12628
10807
6681
3725
3144
2914
2201
365
-680
-1735
-3212
-5535
-8168
-9508
-10036
-10262
-11218
-11078
-8805
-4734
654
5389
9939
13661
16051
16836
15036
12615
9252
5289
493
-5388
-9612
-12381
-13097
-13196
-12789
-10633
-8378
-6480
-5008
-2679
113
2587
4132
5515
6727
7412
8563
8988
9753
9276
7376
4984
1931
-440
-3256
-5478
-6992
-7703
-8086
-8316
-6950
-4557
-1691
192
2024
3668
4325
4639
4353
4025
3256
2324
1390
352
-516
-1391
-1981
-2360
-2818
-3208
-2878
-2316
-2176
-2050
-1386
-480
18
462
1008
1711
2227
2502
2499
2203
1298
42
-136
-4
163
-512
-702
-101
-528
-680
-1184
-832
-979
-1434
-1286
-1795
-1589
-2126
-2213
-2310
-1868
-1148
-1286
-1088
-2002
-2594
-3531
-3568
-2829
-1136
2746
5943
9453
11847
14298
17028
17010
14613
8875
2805
-2484
-8598
-13713
-17479
-18646
-17351
-15657
-12731
-8054
-1574
4891
8714
10505
11719
12710
11960
8439
4436
2880
2931
1995
73
-1190
-1442
-2132
-4091
-6561
-8249
-8953
-9850
-11354
-12077
-10666
-7355
-3007
1795
6617
10978
14497
16667
16805
14943
12042
8720
4441
-1031
-6332
-9749
-11328
-12362
-12966
-11949
-9413
-7287
-6315
-4863
-1915
1142
2876
3928
5380
6915
7911
8711
9722
10160
8933
6142
3139
577
-1857
-4267
-6149
-7093
-7739
-8063
-7341
-5397
-3159
-1053
679
1828
2607
2771
3324
3055
2293
2237
2007
2145
1220
581
883
607
87
-1478
-2654
-3272
-4113
-4251
-3702
-2488
-1642
-1027
-136
1090
2602
3121
3409
2942
2339
1654
527
857
699
695
33
-608
-362
-1214
-1173
-1309
-819
-772
-1754
-1883
-1978
-1837
-2420
-2693
-2042
-774
-44
455
658
-118
-483
-1680
-2425
-2559
-1182
2276
5220
8135
10440
12867
15420
15834
13360
8392
2738
-2822
-8235
-13144
-16851
-18439
-17652
-15540
-13082
-9027
-3012
3472
8029
9588
10886
11963
11191
8137
3893
2363
2124
1080
6
-1157
-670
-697
-2687
-4582
-6346
-6719
-7172
-8655
-9136
-8634
-6354
-2746
1363
5769
9448
12412
14369
14586
13188
11072
8401
4557
-601
-5719
-9036
-10599
-11284
-11304
-10268
-8488
-7027
-5950
-4212
-1498
1058
2508
3358
4455
5773
6761
7706
8798
9093
7991
5838
3542
1230
-1058
-3182
-4760
-5993
-7044
-7262
-6715
-4578
-2481
-1128
69
735
1847
1681
995
614
399
752
158
117
190
-166
486
1040
915
70
-1353
-2704
-3589
-3783
-3208
-2219
-1543
-744
165
1337
2551
2947
3507
3461
3102
1788
326
797
1209
1716
1008
512
412
-292
86
-176
-27
-343
-1139
-1697
-2316
-2212
-3082
-3177
-2352
-1723
-778
-641
-977
-1411
-1605
-1995
-2643
-2365
-993
2063
5195
8400
11257
13156
15543
15519
13146
8117
2302
-2573
-8416
-13247
-17436
-18826
-17799
-15831
-12324
-7948
-1611
4578
8611
10176
11401
12226
11254
7761
3436
1797
830
203
-1190
-2390
-2198
-2741
-3923
-5921
-6972
-7108
-7629
-9203
-9948
-8968
-6529
-2091
2247
6812
10145
13102
15481
15356
14536
11892
9134
5718
459
-4670
-9082
-10494
-11067
-11792
-10590
-8861
-7004
-6061
-4574
-1358
1370
3245
3987
4978
6337
7561
8416
8567
8537
7196
4906
1892
-621
-2328
-4229
-5655
-6674
-6835
-6559
-5784
-4002
-1872
-91
969
1617
2126
2350
2167
2031
1714
1413
1076
593
704
689
644
564
-205
-995
-2058
-2909
-3591
-4529
-4210
-3300
-2410
-1464
-366
988
1786
2007
1795
1809
1465
1098
629
213
469
-39
-10
-121
-193
13
-335
109
24
-7
-148
-728
-749
-1146
-1500
-1927
-2161
-1590
-1148
-722
-92
-72
-529
-1238
-2067
-2270
-1735
140
3376
6444
8978
10682
12531
14692
14384
11559
6533
790
-4359
-9210
-12933
-15874
-16575
-15212
-13055
-9988
-5848
-145
5862
10027
11460
12303
12633
11550
8009
3760
2344
1362
342
-949
-2274
-3246
-4787
-6025
-7803
-8608
-8556
-9170
-9640
-9757
-8904
-6026
-1660
3069
7605
10671
13176
14091
13392
12018
9211
6923
3126
-2552
-7654
-10700
-11277
-11849
-12163
-11629
-10020
-7805
-6076
-3712
-342
2913
4300
4109
4845
7050
8919
9373
9488
9230
7758
4866
1596
-265
-2210
-3963
-5307
-6154
-5808
-6088
-4883
-2609
-526
1229
1992
3257
4039
3766
3110
2814
1885
980
478
58
569
52
308
1165
980
381
-1043
-1921
-2487
-2622
-2321
-2363
-2102
-1618
-776
93
1367
2219
1598
1272
355
-579
-989
-987
-856
-1872
-1786
-2039
-1651
-665
-885
-603
-718
-533
-1398
-1713
-1108
-1797
-2659
-3387
-2750
-2097
-1692
-1016
-167
-296
-1443
-2452
-3568
-3491
-3041
-406
3650
6849
9581
10750
12969
15574
15505
12432
7346
1571
-4141
-9109
-12883
-15282
-16007
-14082
-11729
-9021
-4890
583
6718
10193
12186
13093
13029
11946
8289
4934
3526
3595
2794
378
-1417
-2457
-3493
-4735
-5934
-7041
-7796
-8495
-9572
-10226
-9165
-5880
-1408
3038
6871
9991
12285
13182
12408
10627
8594
5881
1421
-4347
-9276
-11620
-12231
-12798
-13103
-12067
-9784
-7796
-5990
-3039
835
3455
4253
4581
5249
6826
7511
7711
7774
7249
6269
3670
1848
170
-1692
-2836
-3964
-4630
-5564
-5293
-4039
-3060
-2260
-1031
342
1659
2860
2510
2914
3403
2973
2436
1582
1835
751
-687
-373
-213
154
-793
-1930
-1599
-1514
-1138
-1009
-196
941
943
1361
1743
1703
1444
1393
1253
734
500
237
0
-371
-636
-498
-295
-193
-95
-131
-316
-403
-862
-1672
-2399
-3110
-4013
-4311
-3665
-2759
-2228
-1833
-1022
-1438
-2552
-3321
-3763
-3318
-2919
-897
2304
5453
9145
10881
12356
14382
13849
11063
6089
568
-3832
-8275
-12154
-15226
-16034
-14290
-12171
-8682
-4314
1178
6973
10485
12783
13623
13749
12315
8632
5546
3804
3446
2364
79
-1819
-3541
-4958
-6630
-8105
-8385
-8674
-9656
-10134
-9735
-8238
-4897
-681
3900
8085
11155
13511
13893
12969
11159
8398
5860
1476
-4045
-8640
-11445
-11584
-12175
-12334
-10436
-8384
-6143
-4800
-2624
892
3193
4491
5444
7032
8630
9398
9477
9431
8336
5752
3316
744
-1338
-3584
-5266
-5359
-6161
-6645
-6789
-5653
-3176
-2141
-862
258
1066
1703
1565
2458
1745
445
331
-497
30
-225
-903
-180
-529
-648
-1676
-1804
-827
-1122
-975
-486
1122
1764
2598
3349
3645
4575
3855
3825
2540
1755
1452
259
484
-419
-808
-1420
-1732
-1659
-2247
-1415
-1691
-2357
-2632
-3148
-2682
-2631
-2855
-2825
-2686
-1709
-1352
-1677
-1449
-1608
-2809
-4052
-4699
-4901
-4280
-2028
1906
6049
9591
11994
14405
17011
17304
15163
10073
3959
-1136
-6708
-11366
-14636
-15761
-14146
-12403
-9872
-6067
-1238
4150
7563
9452
10528
10429
8903
5667
2723
1542
1604
1670
713
-927
-2537
-4047
-5727
-7233
-8370
-8886
-9413
-10328
-10382
-9582
-6134
-1143
3326
7839
10540
12877
14733
14631
12967
10241
8181
5022
8
-5037
-8310
-9504
-9860
-9789
-9173
-7515
-5989
-4918
-3001
-367
1737
2742
2989
3256
4041
4769
5479
6028
6015
4993
3116
916
-1157
-2624
-3909
-4620
-5852
-7101
-6971
-6005
-4106
-2655
-737
1243
1945
2376
2247
3460
4267
3280
3068
2452
2435
2104
923
1295
944
196
-594
-1376
-1299
-1286
-942
27
907
810
1174
1301
1297
1649
1632
1816
664
-81
-799
-1820
-1455
-1395
-1528
-1783
-2061
-2260
-2234
-2063
-2177
-2283
-2330
-1801
-1656
-2101
-2338
-2843
-2569
-1274
-467
-53
35
-545
-1354
-2238
-2904
-2519
-1595
470
4167
7787
11034
13128
15235
17273
17333
14755
9117
3446
-2451
-7931
-11906
-15544
-16969
-16235
-14480
-12660
-9463
-4186
1598
5794
8098
10075
10315
9380
6391
2687
1998
1797
976
-281
-1911
-2583
-3462
-5187
-6209
-7400
-7438
-7210
-9045
-9573
-8729
-5004
90
4208
8597
11622
14631
16025
15911
15032
12413
9401
5439
501
-5210
-9297
-10931
-11183
-11514
-11267
-9511
-8362
-7036
-5509
-2579
404
1551
2530
3130
4471
5384
5602
6582
6657
5295
3219
808
-1506
-3071
-3958
-4554
-5148
-6010
-5949
-4933
-3370
-1041
1068
2618
3238
4078
4596
4555
4774
3764
3427
3223
2903
2495
1408
1383
1191
724
-360
-1925
-3131
-3462
-3987
-4433
-3730
-3394
-2115
-1708
-1429
-340
304
1487
763
-115
-576
-935
-491
-1491
-1998
-2130
-1847
-787
-915
-294
-226
-734
-893
-1440
-443
-17
71
-76
-1032
25
1204
1253
1612
1259
174
-446
-1306
-1161
-1058
-279
2888
5611
8958
10825
11951
14321
14738
12944
8006
2069
-3533
-9390
-14233
-17967
-19516
-18249
-15606
-13241
-10192
-5223
734
5729
8718
10504
11367
10693
8205
5136
3430
3087
2625
1177
-637
-1691
-2023
-2458
-3475
-4438
-4902
-5083
-5735
-6629
-6271
-4285
-386
3749
7329
10562
12847
14533
14281
12811
10460
6906
2985
-2345
-7312
-11382
-14127
-14141
-14227
-13591
-11651
-9739
-7732
-6092
-2920
246
1737
2639
2980
3466
4524
6223
7613
8318
7467
5770
4175
2347
1004
-664
-1956
-3201
-4153
-3872
-3375
-1389
701
2567
4446
4941
5783
4921
3654
3586
2032
1221
130
-636
-582
-2019
-2002
-1608
-2218
-2539
-3733
-4583
-4138
-4187
-4212
-3617
-2987
-1910
-1502
-1143
-213
-200
770
1307
481
251
-664
-529
-177
-443
-293
-221
732
549
511
1164
1611
2456
1892
1607
1879
1355
1087
866
1193
2251
1630
1208
1225
-270
-1590
-3985
-5210
-5022
-4359
-1333
1305
4557
7274
8798
11828
13415
12580
8892
3167
-2017
-7338
-11985
-15808
-18327
-17713
-15663
-13522
-10634
-5975
214
6045
9508
10774
11807
11853
9814
6744
4675
4624
4694
3117
1038
-366
-1261
-1756
-2737
-4135
-5141
-5773
-6997
-8460
-8651
-7385
-4107
109
4333
7456
9532
11492
12158
12248
10753
8602
5884
581
-4706
-9015
-11019
-11072
-11483
-11156
-9857
-8243
-6354
-4272
-1714
1324
3509
4325
4702
5085
5765
6354
7177
8114
7596
6431
4531
2433
733
-1469
-2426
-3453
-5168
-6116
-6211
-4139
-1396
217
1752
2556
2444
2727
2013
1354
303
-1927
-2207
-2647
-2969
-2766
-3226
-1846
-911
-805
-393
-891
-828
-1237
-2062
-2102
-2209
-1470
-503
217
1251
2181
2401
2501
2364
1690
754
-105
561
340
256
417
50
486
-52
1029
1534
1611
1575
215
455
-117
-491
-1553
-2211
-1236
-2013
-2344
-1426
-1217
-2163
-3464
-5349
-5771
-4982
-3797
-699
2388
6159
9023
10442
13548
15434
14297
10588
4834
-1145
-6511
-10513
-14249
-16550
-15611
-13440
-11001
-7668
-2409
3869
9546
12458
13281
13890
13166
11011
7146
4582
4188
3590
2337
-143
-1918
-3018
-4670
-6645
-8488
-9320
-9630
-10234
-11265
-11621
-10098
-6477
-1832
2494
6105
8820
10477
10794
9985
8678
6940
4023
-611
-5870
-9518
-10469
-9900
-9392
-8869
-7441
-5369
-3607
-1939
569
3427
5148
5387
5640
6689
7794
8580
9288
10014
9678
7863
5178
2628
267
-1875
-3499
-5122
-6274
-7454
-7123
-5901
-4631
-2437
-785
1456
2451
2638
2543
1586
971
-806
-1625
-1921
-2220
-2766
-3453
-2054
-1471
-1815
-1670
-1515
-1603
-1708
-1225
-1313
-891
661
2091
3224
3857
4503
4416
4733
4897
3642
3085
2039
1239
253
-491
-424
-1185
-707
-1020
-1159
-305
-636
-1055
-1974
-2593
-3153
-4328
-4895
-5254
-5360
-4648
-4499
-3289
-1683
-2198
-2884
-4448
-5040
-4718
-4453
-1578
1860
6035
9231
10929
14461
17205
18218
15616
9165
3530
-1909
-6771
-10872
-14377
-14332
-13018
-11496
-8796
-4937
1578
7737
11118
12444
12281
12075
9950
5711
3008
2098
1877
628
-1797
-3172
-3617
-4169
-4915
-5621
-6811
-8072
-9416
-10462
-10105
-9035
-5348
-95
4210
7685
9236
11288
13350
13097
11933
9320
5799
754
-5734
-9879
-10801
-10037
-10037
-10178
-8835
-6780
-4138
-2396
-270
2800
3986
4154
3809
4576
6625
7353
7740
7726
7440
6057
2931
308
-1971
-4370
-6818
-8931
-10277
-10189
-8764
-6970
-4472
-1652
994
2816
3771
4227
3829
2758
1523
-196
-1570
-1847
-2468
-2146
-1549
-980
263
1157
2807
3263
3012
2915
2249
2047
2198
2400
2816
3772
3919
4771
4990
4412
4204
2543
2084
887
-566
-1218
-2658
-3276
-4295
-4220
-3560
-3346
-2420
-2371
-2052
-1993
-2598
-3036
-3914
-3971
-4416
-4644
-4347
-3742
-1478
-595
-1730
-3110
-3865
-4507
-4379
-3459
-1261
2683
6048
9822
12262
15069
18625
19397
17332
11907
6328
436
-5327
-9905
-13645
-14938
-14949
-13691
-12085
-8821
-2632
3213
6839
8380
8896
8889
7416
3717
624
391
836
-157
-1799
-2495
-2635
-2997
-3598
-4511
-5707
-7113
-8705
-9979
-10051
-8372
-5013
-770
3364
6947
10169
13091
14937
14955
13309
10723
7513
3026
-2489
-6940
-8773
-8561
-8286
-8581
-7824
-5948
-4264
-2663
-953
929
2311
2099
1855
2825
3993
5315
6551
7188
7295
6007
3601
1241
-1004
-2830
-4265
-5604
-6838
-7964
-8112
-7105
-5441
-2958
-598
1237
2755
3052
2623
2071
1169
848
855
671
667
243
-107
203
572
1313
1906
1544
1074
464
61
481
936
1229
1287
1013
716
724
751
749
291
-618
-1583
-2810
-3276
-3724
-3570
-3347
-3455
-2908
-2919
-2153
-2046
-1753
-1364
-1738
-1921
-3158
-3152
-2783
-1694
-702
49
1774
3144
3948
2286
541
-1072
-1313
-923
-437
2839
5901
9694
11982
13895
17484
18906
18120
13177
6625
1139
-4776
-9874
-14342
-17434
-17918
-17244
-15783
-12588
-6694
485
5237
6831
7939
9068
8488
5721
2293
963
1430
1744
36
-1970
-1920
-2157
-2438
-3448
-5181
-6328
-7922
-8801
-8745
-7815
-5596
-2028
2021
5018
7477
9859
11954
12832
11773
9810
7656
4550
-25
-4616
-7793
-8914
-8996
-9791
-9947
-8856
-6688
-4172
-2316
410
2295
2833
3597
4074
5395
6526
6530
6805
6764
6114
4443
1580
-393
-1995
-3963
-5025
-6010
-6769
-6928
-5870
-3097
-779
1317
3392
4147
4741
4316
2093
1314
892
83
-397
-1773
-1770
-1888
-1614
-539
-797
224
643
239
72
-643
-676
-400
-308
-552
-70
799
1013
1125
1160
1628
1481
506
-651
-1995
-2064
-1885
-1651
-1703
-1335
-494
-1111
-893
-946
-112
376
-78
392
-233
790
874
842
1657
1901
3032
2965
2094
-34
-2282
-4187
-4938
-4623
-2371
1719
4327
7063
8447
11053
14184
15183
14203
8168
1878
-3602
-8648
-12700
-16885
-17983
-17166
-15390
-13253
-10867
-4881
1357
5436
8068
8320
9356
9428
6204
3544
2628
4034
5174
3675
2261
1453
1059
166
-1828
-2944
-4043
-5522
-6026
-6645
-6748
-4443
-980
2359
5523
7971
9996
11236
11403
10524
7984
5441
2154
-3042
-8156
-11158
-10969
-10810
-11253
-10725
-9742
-7485
-5965
-4496
-1245
872
1774
2295
3201
5198
6055
6851
7882
7897
7621
5697
3996
2301
180
-988
-3162
-4577
-5656
-6285
-5402
-3512
-988
274
1402
1924
2782
3484
2820
2668
1654
1276
824
-507
-668
-1515
-1824
-1708
-1999
-1371
-1680
-2338
-2658
-2485
-1479
-779
-175
133
844
1864
2450
2824
2464
1749
910
191
1
170
505
627
512
166
48
-19
5
499
464
626
204
-489
-856
-1659
-1608
-2289
-2601
-2318
-2413
-1508
-655
-656
-1860
-2889
-3709
-4260
-3700
-1415
1976
5021
8530
10681
12793
15683
16887
14997
8980
3039
-1892
-7055
-11398
-15655
-17463
-16291
-14656
-12619
-9427
-3604
2643
6219
7945
7825
7870
7556
4613
2230
1232
1563
1682
-80
-1297
-1951
-2277
-2781
-4018
-4854
-5023
-5400
-6238
-6969
-6775
-4698
-1064
4154
7827
9589
11601
12813
13490
12381
10895
8663
4038
-1466
-6595
-8743
-8753
-9026
-10051
-9400
-7138
-5144
-3717
-2464
195
1539
1886
2352
2955
4934
6364
7133
6938
6385
5640
3365
797
-1792
-4334
-5737
-6635
-8312
-9807
-10080
-8246
-4776
-1383
1733
3567
4326
5211
5748
5404
4682
3346
2231
1871
1083
427
-566
-242
814
1339
2265
2149
2223
1118
-407
-633
-70
836
278
289
-307
-848
-83
155
547
60
-346
-1046
-2283
-2626
-3373
-3540
-3352
-3140
-2237
-1739
-871
-546
-714
-725
-1329
-1557
-1687
-1330
-839
-503
392
1447
2206
2245
882
-1163
-2328
-3641
-3840
-2453
90
3402
6268
8871
10283
12869
15036
15047
13001
7775
2006
-4235
-9284
-13526
-17124
-17944
-17050
-15577
-14370
-11323
-5619
1417
6735
9184
10077
10272
9615
6334
3765
3514
4303
4225
2329
1472
1273
1513
1533
311
-914
-1998
-2893
-3676
-4913
-5391
-2797
1445
4981
7488
9195
10125
10212
9757
8287
6385
4149
49
-6254
-11440
-13757
-14521
-14635
-15144
-14080
-12532
-10868
-8804
-7124
-3237
-190
1695
2698
3326
6076
7670
8779
8976
8191
8034
6449
5019
3809
1512
-299
-1991
-3657
-4617
-4482
-2481
-324
2056
4606
5868
7093
7465
7058
5756
3104
1134
-1142
-2789
-3590
-5384
-5947
-6412
-6693
-5447
-4897
-3772
-2674
-2321
-1540
-1336
-775
201
1065
2458
3113
3268
3770
3369
3391
3103
1908
1304
122
-358
-1135
-1620
-1432
-1947
-488
612
1406
2278
1631
1680
1355
368
-443
-1310
-1452
-1914
-3005
-3101
-2945
-2588
-2626
-3980
-4842
-5922
-6699
-6736
-6218
-2993
804
4587
8419
11062
15163
18658
19541
17414
11070
4076
-2363
-7291
-10557
-13602
-14396
-12732
-10671
-9139
-6034
-640
4594
7226
7461
8020
8663
7969
5739
3265
2726
2968
1468
-1194
-3312
-4432
-4833
-5514
-7068
-8771
-10075
-10835
-11198
-11250
-9961
-6755
-2434
1513
4580
7380
10270
12101
12369
11692
9342
6489
2331
-3061
-6177
-7942
-8665
-8906
-9483
-8761
-7132
-5220
-3640
-1316
1820
4037
6076
7373
8840
10230
10491
10876
10346
9851
8333
5962
4050
1477
-200
-2245
-4067
-5395
-6962
-6862
-5841
-3696
-783
1621
3439
4105
3917
3415
2399
2251
1730
330
-186
-2298
-4021
-5211
-6921
-6058
-5169
-4302
-3683
-3967
-2598
-1587
-619
114
-530
176
376
251
1144
1112
1860
1785
-42
-1183
-2666
-2944
-2193
-2390
-1558
-1657
-1727
-825
-1163
306
1027
1369
2154
2135
3085
1845
1554
1702
378
116
-594
-1104
-1601
-2495
-3905
-4630
-5159
-5965
-5859
-4984
-1567
2964
7286
10332
12116
14990
16668
15783
12570
7856
3115
-2331
-7270
-11743
-14791
-14140
-12912
-11684
-9113
-4942
1591
7625
10400
11452
11723
11317
9993
6554
4513
4355
3631
2040
-347
-1539
-2400
-3052
-4258
-6610
-8405
-9907
-10702
-12101
-12959
-10976
-7288
-2296
2236
5118
8129
10719
10746
9461
8327
6692
3969
-360
-4981
-8421
-9961
-9739
-10275
-10002
-8039
-6323
-4312
-2542
383
3658
5300
6511
6705
7410
9028
9290
9209
8562
6884
5920
3864
1039
-1153
-4063
-6323
-8312
-10070
-10877
-10433
-7512
-4509
-2443
-386
1654
3470
4637
5252
5182
4460
2945
943
-795
-2013
-2713
-2871
-2081
-881
-387
-58
716
1117
1533
2118
1675
1376
2633
4034
4484
4671
4979
5014
4669
4006
2699
1131
386
593
883
1
-1710
-2688
-3216
-3905
-4131
-3632
-2725
-2376
-2821
-3080
-3781
-4455
-3957
-3999
-3992
-3614
-4032
-3142
-2702
-3971
-5172
-6701
-6069
-5130
-3591
1021
4344
8015
10551
11402
14961
17169
17491
14942
9191
4608
-640
-5403
-9273
-13313
-14307
-13738
-12606
-10942
-8385
-3244
1059
2926
4076
4878
5861
5147
1962
425
896
1168
1535
880
608
1100
-188
-1164
-2456
-4440
-5213
-6893
-8141
-8158
-6594
-1287
4499
8620
11596
14404
17623
18740
17555
15336
12555
9730
4882
-1484
-5987
-7850
-8989
-10775
-11446
-10772
-8871
-6882
-6673
-5529
-3651
-2078
-717
-220
1295
2859
3709
4228
4356
5203
4514
2376
556
-1916
-4197
-6235
-7581
-8446
-10528
-11114
-9303
-6721
-3301
-57
3180
5728
6041
5971
5932
5374
4660
2698
751
-173
-1769
-2687
-2644
-2127
-1263
-1952
-1996
-956
68
1279
1853
2261
2215
1725
1328
1953
2763
3473
4023
3480
3319
2288
1391
1022
-400
-1087
-1887
-2474
-2247
-1675
-573
-175
181
135
299
1328
1363
1157
217
-109
115
-1071
-1219
-848
-778
-1100
-1936
-2776
-4231
-5681
-6049
-5854
-4620
-1312
2587
6823
9330
10595
12978
14401
13904
10000
4907
502
-4325
-9284
-14279
-16698
-16388
-15448
-14291
-11067
-4753
1834
6862
9818
10728
10632
9871
7293
3955
2369
2414
2957
2925
1941
910
304
-1170
-3206
-4853
-6118
-7061
-8641
-10426
-11146
-8918
-4962
-639
4209
7993
11566
13331
13717
13842
11741
9075
5250
-285
-5121
-7699
-8522
-8985
-9124
-8951
-7954
-6551
-5844
-4583
-1885
1237
3718
5001
5000
5416
6137
5867
6824
7599
7712
7272
4200
1607
-731
-3732
-6783
-9855
-11696
-12186
-11305
-9148
-5110
-800
2879
5630
7225
8211
7860
7474
5515
2675
1352
-372
-1902
-3418
-4247
-3321
-2691
-1806
-1231
-1294
-505
-129
-34
491
1383
2636
3409
4302
4746
4367
3951
3345
1970
-256
-1425
-3132
-4825
-5501
-6626
-6784
-6602
-4978
-3793
-2807
-970
-580
307
1468
2706
2343
2079
1867
317
-283
-1655
-1719
-1742
-2344
-1709
-1660
-2151
-3130
-3532
-3976
-4344
-3899
-2655
320
3910
7222
9739
12628
16300
17892
16478
11759
5852
346
-5239
-9595
-13650
-15661
-14959
-13723
-12113
-9664
-3727
3917
9132
11298
11983
12523
11618
8653
5231
3456
3465
3627
2548
800
122
138
-965
-3428
-5474
-6183
-6835
-8335
-9971
-10395
-8625
-4676
12
3390
5521
7871
10934
12538
11430
8891
5323
920
-4827
-10043
-12527
-12919
-13486
-14714
-13311
-10866
-8453
-5983
-4225
-599
2171
2604
2885
3288
4745
5383
5549
6477
6500
6584
6150
5062
3695
1165
-646
-1800
-2895
-3314
-3866
-3090
-116
2909
6184
8633
9958
10685
9931
9799
8144
5213
2126
-2104
-3996
-6168
-8317
-7558
-6539
-5295
-4716
-4181
-3555
-4538
-5256
-5503
-4611
-2812
-1236
324
1442
2816
3805
4100
3279
2489
1885
1284
936
-745
-1259
-1236
-579
-430
-1572
-1249
-928
343
783
480
845
1082
1432
338
-895
-1503
-2130
-3241
-3522
-2748
-2060
-1341
-1264
-781
-1353
-2500
-2477
-3530
-4419
-4993
-3852
336
4059
7321
9463
12794
17571
18900
16616
10833
4691
-982
-6574
-11179
-15195
-16488
-15803
-14136
-11809
-7847
-1546
4539
8337
10222
11685
12654
11965
8498
5260
3774
3103
2059
165
-498
-1589
-2267
-2629
-4515
-6638
-8347
-8967
-10612
-12465
-12283
-9872
-4990
101
3397
6570
9972
11696
12629
11828
10028
6769
1173
-3802
-7684
-9534
-10472
-9891
-8436
-6654
-3148
-801
1144
2374
3655
4881
3670
3313
3698
3615
3391
3388
3969
4010
4465
3643
2262
1563
-428
-1952
-4007
-5374
-5801
-5665
-3527
-1811
187
1807
3299
3828
3665
4176
3253
2751
1317
-677
-2235
-4026
-4793
-5799
-5014
-3285
-3266
-3006
-1974
-377
309
244
1485
1764
1094
1156
1180
2360
3660
3880
3951
3802
2823
1105
15
-776
-639
-1236
-2587
-2847
-3167
-2172
-2051
-2016
-1618
-1602
-814
-1015
-739
-932
-521
-344
-1160
-1497
-2030
-1105
-747
532
2272
2321
1076
-1782
-4136
-6112
-6791
-5177
-1698
2205
6133
9806
12780
17019
20409
21229
18347
11700
4796
-1943
-6853
-11109
-15567
-15997
-14742
-13196
-11317
-7459
-561
4434
7042
7255
7585
8291
6352
3036
289
-77
566
1046
-176
-1970
-2598
-2162
-2893
-5673
-6466
-7120
-8628
-11637
-13491
-12009
-9159
-3894
1245
6676
10574
12776
14469
13967
12523
10206
7915
3501
-1546
-5567
-7512
-5845
-5266
-5347
-4374
-2645
-1061
-150
1801
3876
3946
2716
1843
1709
2109
1346
1057
1720
2033
2641
750
-1650
-2305
-3756
-4857
-5951
-7339
-8316
-8544
-6299
-3497
-1027
921
2456
4545
5650
5959
5689
5190
4170
2997
1724
21
-1103
-1516
-178
65
31
1118
1255
1782
1609
721
468
592
-209
-349
806
1848
2362
1029
719
200
-1298
-1387
-1850
-2958
-4402
-5235
-5217
-4792
-4780
-4703
-3500
-2166
-1176
-755
-355
-106
155
-172
-515
-271
-289
-141
-243
1501
3207
3392
3839
2292
316
-985
-2612
-3997
-4652
-3437
-285
3916
7791
10547
13316
16725
18751
17798
13216
5995
-606
-6393
-11875
-15709
-17890
-18081
-16476
-14474
-10894
-4945
1212
5653
7388
7241
7387
7922
6705
3419
1287
1501
1931
2044
1325
-229
-110
996
320
-1730
-3655
-4629
-5673
-8101
-9570
-8072
-4946
-1586
1374
4080
7469
11124
13118
12415
10147
7692
4134
-975
-5771
-8307
-8733
-8906
-9049
-8155
-6042
-4233
-3042
-1450
869
2561
2106
1254
540
984
1500
1687
2854
3329
4010
3328
2739
2681
2215
1893
-553
-2930
-5327
-6407
-6210
-5390
-3048
-1059
1806
4049
5302
5640
5595
5164
3661
3431
1503
-630
-1046
-2554
-2501
-1579
-973
-198
-702
-919
-779
-1053
-1797
-1512
12
143
-321
-564
-594
-30
1553
2883
3337
2696
422
-420
-1397
-2729
-1825
-1552
-1954
-2305
-2445
-1930
-1785
-626
288
97
341
297
353
380
263
108
-78
211
859
1211
1423
1192
-921
-2716
-3634
-4791
-5926
-5176
-2525
388
4837
7746
10250
13728
15427
15023
10985
6171
399
-6341
-10768
-14082
-15809
-16332
-15660
-13102
-9117
-2695
3810
8546
11052
11189
12196
12391
9125
4993
2044
1272
1664
912
-410
-705
-432
-433
-1584
-3449
-4584
-5440
-6837
-8373
-8584
-6821
-3636
-7
3590
6772
9760
11994
11798
10749
9625
7844
4225
-1190
-6905
-11181
-11246
-11073
-11843
-10698
-8345
-5386
-3125
-1393
256
2188
2789
1896
1038
464
89
-286
870
1930
3831
4868
3406
3127
2280
1547
709
-1072
-2854
-4890
-5062
-4048
-2904
-365
2149
3208
4296
4712
5097
4933
3450
3219
1573
-465
-1477
-2828
-1972
-628
93
-23
-1486
-1302
-515
-498
-727
-1579
-1767
-1849
-2366
-1742
-87
1347
2048
2171
2219
2127
1863
1544
82
-819
-517
-572
-510
-1051
-1049
-266
33
433
-83
-144
283
-328
164
877
658
-414
-1810
-1580
-959
-826
-554
-512
-1243
-2483
-3941
-5179
-5544
-4912
-2430
1056
3608
4898
7232
10691
12854
13104
9193
3575
-333
-4479
-8156
-11283
-13197
-12859
-11933
-10207
-8054
-3226
4302
9148
11504
12242
11680
10694
7428
3454
1364
762
824
450
-110
191
930
1627
1399
-688
-2726
-4926
-7894
-9290
-10091
-8891
-5279
-1712
1603
3408
5861
8982
11207
12234
10991
8689
5115
-55
-5619
-8703
-9226
-9425
-9423
-8883
-7323
-4948
-2783
-1441
934
2306
1109
223
182
376
633
2290
3079
3501
5023
4183
3553
3842
3153
2421
874
-1430
-4186
-6708
-7102
-5715
-3829
-1513
406
1640
2464
2947
4455
5079
3774
3108
1817
414
-444
-1738
-1551
-835
-220
-282
-1569
-1828
-2015
-2013
-1904
-2736
-2450
-1655
-747
89
365
1269
2170
2607
3015
3318
2689
2387
1380
-789
-882
-728
-1147
-1851
-2169
-1192
-494
68
174
549
1155
918
499
254
233
-258
-1234
-1088
-75
843
1361
125
-504
-2006
-4279
-3926
-4534
-3594
-1295
762
3043
3908
6722
9863
12430
12511
8209
3503
-1134
-5199
-8751
-11827
-13266
-12909
-12040
-11356
-7904
-1726
4419
8603
9837
10926
11433
8991
6364
4119
2898
3508
2467
439
-477
-1117
-462
215
-829
-2343
-4581
-6369
-7716
-9655
-10383
-9236
-6024
-1434
1531
3685
7638
10135
11315
11625
10203
8533
3919
-1410
-6137
-9221
-8679
-8571
-8756
-8117
-6418
-4568
-3094
-666
2348
4272
3937
3085
1917
2149
3281
2476
2733
3449
3431
4154
3803
3074
2398
410
-2220
-4612
-5642
-6108
-6091
-4754
-3251
-1549
918
2797
3611
3907
4343
4433
2903
2698
1960
677
-438
-3260
-2190
-923
12
1645
265
77
-263
-922
-944
-1574
-1923
-1504
-1110
-1304
-675
296
1687
1747
1133
1633
1270
1548
1556
821
60
-1367
-1293
-2325
-3372
-2359
-2192
-2333
-3697
-3578
-2534
-2929
-2241
-1761
-1207
-1233
-2074
-1914
-797
609
1642
1761
118
-1713
-2598
-2833
-2445
-1094
558
2232
4651
5897
7560
11464
14886
15642
11973
7002
2612
-2179
-4888
-8121
-10885
-10248
-10542
-10953
-9531
-5458
599
4408
7226
9477
10085
9907
6620
2516
1697
1718
838
-439
-1693
-2111
-1583
-1006
-1490
-2877
-4648
-6346
-7586
-8985
-10666
-9681
-5819
-2162
1838
4478
6453
9633
10960
11296
11137
9605
6015
906
-4077
-7921
-8661
-8868
-9779
-9485
-8029
-5117
-2247
-280
2346
4846
4998
3439
2494
2797
3071
2710
3567
4697
4528
4413
3014
1732
1320
135
-740
-2512
-5021
-7243
-7876
-7451
-6616
-3201
-132
963
1569
2111
2994
3857
3752
2904
1835
-209
-1168
-1013
-1575
-926
163
-1028
-1591
-810
-1194
-551
536
1216
1282
941
1331
640
1118
1953
1651
2379
2713
1722
1186
1646
992
365
-24
-646
-1234
-1980
-1430
-1165
-849
-680
-1727
-2263
-2031
-1251
-1577
-2443
-2148
-2253
-2382
-2237
-2934
-1893
-582
-1241
-1656
-3591
-5063
-4544
-3924
-1311
1914
4693
6893
8041
10482
13865
15046
12397
7500
2843
-2065
-7282
-10654
-12801
-13683
-12259
-10642
-8417
-4543
57
5638
9491
10350
11911
12193
8028
3698
1785
1634
3134
2841
-601
-2425
-1963
-2354
-2443
-2166
-3525
-4639
-5493
-8324
-10373
-9331
-6418
-2357
961
3122
6538
10294
12116
12232
11482
10409
8119
3576
-1874
-6260
-8561
-9656
-10889
-11162
-8988
-5694
-3477
-1625
1204
3268
3822
4299
3705
3434
4931
4669
3522
4065
3982
2938
3167
2445
799
-198
-1786
-3075
-4305
-5016
-6591
-7086
-6106
-5499
-2551
-1728
-726
1320
1727
3509
4810
4668
3288
2071
1110
792
-980
-2219
-1714
-3512
-2748
-2273
-2793
-1382
-364
381
510
1816
2594
2211
1780
1446
1095
605
508
-607
-823
304
490
-178
-506
-1686
-2080
-483
-484
96
1009
174
-803
-997
-502
-572
-644
-939
-1087
-785
-697
95
1434
1682
163
-929
-2111
-3860
-4147
-3992
-1149
2921
4728
6407
7074
9465
12500
13378
12416
7901
3195
-2231
-6750
-10064
-14228
-14844
-13750
-13127
-11080
-7512
-2661
3676
7779
9114
9791
9914
9930
7049
4082
2865
3024
3594
629
-1456
-1934
-2538
-2329
-3776
-4962
-5295
-6647
-7825
-9064
-9172
-6824
-3393
165
2569
5262
9181
11635
12528
11917
10065
8129
4307
-1107
-5794
-8982
-9654
-9585
-10288
-10172
-9410
-6746
-2821
-256
2526
4372
4203
3570
3283
4583
5773
5254
4344
3850
2877
1862
1721
462
-1124
-1576
-2632
-4216
-5665
-6652
-6140
-3828
-1445
-271
1642
3065
2868
3754
4118
4077
4009
2608
1469
160
-221
-1576
-2867
-911
-419
-210
-276
-1810
-1668
-970
-114
478
183
-14
-31
1070
1819
-305
-1537
-1318
-2244
-2340
-2325
-2497
-1968
-1552
-1649
-1992
-1009
-39
240
-21
-1226
-155
786
-531
-420
-431
-542
239
218
283
-120
-135
965
351
-1013
-1840
-3117
-3813
-3373
-1828
882
4225
7578
9438
11309
13947
14135
12984
10364
4972
125
-4332
-8720
-11760
-13838
-13520
-12279
-11252
-8821
-4823
1144
5357
7267
9097
10229
10108
7695
5444
3016
2483
3095
1348
290
-1476
-2004
-1489
-2448
-3633
-4531
-5450
-7064
-7958
-9522
-7989
-2978
863
3755
5257
7898
11040
12471
12204
10586
9464
7043
1301
-4548
-7513
-8745
-9246
-9920
-11022
-10653
-9076
-7503
-5123
-1529
1739
3322
3661
3340
3617
4683
4860
4056
3190
2724
1665
1043
695
-601
-1686
-3935
-6016
-6800
-6555
-5218
-4014
-1655
-558
405
2850
3294
4754
5524
4789
4626
2414
1931
1014
-1878
-2099
-2595
-2289
-1735
-2364
-903
-79
-138
216
586
529
1443
3328
2892
3164
2523
1573
1893
844
991
-14
-1049
-1275
-1713
-1386
-1243
-594
-1275
-747
855
407
466
558
723
1065
1
-768
-730
-715
-1284
-2406
-2584
-2091
-1269
-457
-1246
-2464
-2764
-3799
-4444
-4124
-1937
1847
4038
6411
6972
8272
12553
14782
14002
9137
3615
-1292
-4576
-7541
-12420
-13973
-13960
-13887
-13148
-10767
-4997
1419
6683
9513
9717
10579
11067
7771
5532
4842
3371
2285
-299
-2214
-2475
-2828
-3155
-3791
-4562
-5490
-5714
-5966
-6987
-7256
-5988
-2240
1459
3794
5804
7776
10686
11778
11838
11023
8607
5178
-714
-4701
-6878
-8967
-9939
-10636
-10552
-9285
-7056
-4737
-1548
1698
3918
4784
4836
5267
5059
5154
4883
4507
4987
4005
2572
946
-748
-1499
-2756
-3995
-5524
-6340
-5932
-5776
-4433
-1955
90
1275
2959
3605
3921
4126
2591
3157
2428
214
-406
-1868
-2963
-3725
-3263
-1915
-2179
-2344
-1615
-882
329
799
174
72
393
1516
2764
3180
2617
2753
2477
282
-611
-1674
-2152
-1958
-2545
-2159
-2477
-2272
-1344
-190
1312
2221
2924
2270
1592
964
-113
-407
-734
-1387
-2955
-3836
-2508
-847
147
-946
-2499
-2404
-3252
-4630
-4624
-1888
1780
4092
7341
9018
9957
12842
14295
13817
10261
5429
869
-4477
-7818
-11110
-13040
-11668
-11671
-11906
-10108
-4782
2461
7715
10561
11959
13621
12627
9788
6893
3935
3011
1668
117
-1931
-3837
-3926
-4677
-5630
-6509
-7126
-6871
-7387
-8546
-8853
-8137
-5103
-1462
1057
4138
6805
9711
11508
10274
8591
7098
4157
-751
-5958
-9861
-10985
-11153
-11992
-11344
-9417
-6895
-4901
-3160
78
3798
6584
6669
6682
7482
6313
6285
6859
7150
6587
3513
1189
-624
-1850
-2379
-3412
-5053
-6691
-5688
-3412
-1743
-621
698
2859
4948
6412
6623
6653
6317
4292
2065
411
-1112
-2965
-4222
-4621
-5389
-4801
-3717
-3369
-2075
-1914
-1389
607
832
709
935
1634
2881
2481
595
131
1463
1426
747
-6
-1824
-3250
-3702
-3733
-3530
-1840
-321
289
1178
1200
2891
4035
2397
2350
2151
1659
1317
230
-717
-2771
-3166
-2389
-2157
-1577
-2358
-3037
-3428
-3862
-3581
-3007
-648
2358
4983
6923
7605
10151
13716
14925
12952
7410
897
-3658
-7033
-10600
-13727
-15324
-14950
-13783
-12258
-8401
-2527
3089
7380
10011
11927
13462
12390
8997
5458
2731
2574
2989
293
-2642
-3043
-2484
-1973
-3002
-5335
-5739
-5005
-5976
-7744
-8313
-6189
-1824
1556
3855
7153
9908
10559
10184
10074
9943
7820
3598
-1651
-7209
-10390
-11003
-11186
-10707
-10128
-8903
-5864
-3539
-1525
1980
4085
4149
4403
4977
5363
5030
4337
4381
4389
3212
1293
-353
-1248
-2032
-3536
-5375
-6808
-7313
-6831
-6151
-4693
-1877
951
3998
7156
8019
6928
5455
4160
4086
3520
1290
-1406
-4254
-5864
-5705
-5295
-4452
-2240
-1078
-1304
-836
-288
1272
2694
2477
2325
2329
3483
3961
2457
2185
1838
722
100
-917
-2692
-4699
-4488
-2931
-2344
-2132
-2298
-1606
682
2701
3352
3176
2927
3005
2613
921
-682
-1186
-1996
-2094
-1878
-3261
-2598
-2364
-2430
-1061
-3575
-4924
-4007
-2587
591
2886
5929
7978
9243
12055
13643
13371
10788
5851
944
-3314
-7140
-11249
-15153
-15544
-14900
-13988
-10653
-6607
-1189
4415
8339
10504
12054
12519
10049
6691
3870
2733
2673
1192
-1708
-3543
-3382
-3265
-3575
-4867
-6370
-6792
-6546
-6453
-8214
-7580
-3613
-429
3701
6801
8688
10762
11549
12428
10818
8399
6546
1501
-3104
-6105
-9323
-10912
-11052
-10379
-8591
-6548
-4745
-3057
-195
3637
5279
5345
4778
3934
5439
6172
4990
4846
3733
2879
1994
-980
-2116
-2818
-4573
-6535
-7740
-6874
-6722
-3768
-542
-816
1171
3813
6448
8101
6850
5160
3616
2186
-46
-1943
-2890
-3941
-3762
-3097
-3238
-2114
-1100
-1201
214
988
500
757
1095
1335
1179
977
1565
2097
3021
3431
976
-601
-694
-1928
-1973
-2567
-3789
-3152
-2313
-1417
-2020
-1746
855
1344
1831
2027
1807
2564
1211
24
-796
-2074
-2321
-3195
-3388
-2432
-2534
-3412
-4053
-4767
-4939
-3219
-1272
699
3177
5675
8270
10112
12930
14750
13171
10095
5522
1624
-1508
-6932
-12920
-15118
-14191
-13344
-11800
-9041
-5017
1265
7465
10412
11712
13204
13166
11067
7769
4260
2689
2716
1406
-833
-2611
-4328
-4792
-4635
-5821
-6286
-5866
-7897
-10951
-10737
-6962
-2425
769
2712
4837
8068
10960
11664
10891
9487
7330
4574
386
-4747
-7722
-8366
-9172
-10411
-11022
-9841
-6781
-4437
-3179
-208
3566
5456
5907
5704
5375
5908
6570
6249
5284
4328
3391
1416
-1505
-3133
-3431
-4455
-5718
-6282
-7123
-7289
-5218
-1952
1260
3657
4724
5555
6645
6105
4549
3903
2888
603
-1617
-3114
-4030
-4197
-4711
-4091
-2199
-1178
-420
-170
216
1170
2905
2331
1280
2953
2835
3065
2500
1466
1591
380
-69
-1908
-3676
-3717
-4194
-4696
-4388
-3291
-2685
-2134
-710
975
1985
3693
3217
1366
1522
1378
1150
-496
-2196
-2681
-2381
-2067
-3140
-4339
-4844
-3773
-4846
-5797
-4154
-2591
-75
2278
5155
7413
9171
11951
14484
15783
13793
9897
4725
-484
-3992
-7959
-12038
-14398
-13974
-12156
-11226
-8338
-2949
1978
6346
9125
10953
12398
11951
10181
7302
5146
3628
1446
45
-1632
-3290
-3613
-3864
-4652
-5590
-6326
-7560
-9164
-10111
-10207
-7597
-2291
1281
2914
6218
9210
10278
10906
10435
9703
7729
4261
-281
-5947
-8560
-9211
-10479
-12186
-12865
-10435
-6758
-3766
-1169
1238
3000
5028
5173
4538
6383
6694
5427
4969
4569
3324
1793
855
-1255
-2943
-3224
-3726
-3963
-5204
-5839
-4702
-1890
1151
3231
5907
6387
7296
6346
4521
5722
3730
1492
-636
-2289
-3395
-3735
-2485
-3573
-2406
-1313
-2892
-2906
-1596
-1252
-485
1119
642
1544
2397
849
-528
-513
753
501
-374
-881
-2310
-3168
-3401
-5176
-5921
-4118
-793
1447
490
1069
1976
2400
3064
2357
2670
2190
1686
1038
-1340
-2865
-2448
-1303
-2119
-3457
-4158
-4138
-3105
-2073
-1275
-256
2072
5340
7863
9651
13135
15507
14607
11740
7266
3554
-1255
-7077
-11786
-15384
-16319
-15557
-14263
-12829
-9764
-4056
1610
6173
8872
10143
11837
12466
10245
6533
5297
5403
3270
1472
-1105
-4015
-3521
-4048
-5811
-6250
-7696
-8679
-8822
-8298
-6691
-5458
-1866
2564
5592
8577
11543
13526
13016
12697
10916
7918
4649
-1010
-5814
-9504
-11567
-12331
-11930
-11353
-10351
-7346
-5690
-2873
391
3180
6469
6392
5866
6260
5216
4660
4945
4864
4611
3420
1393
-1694
-5204
-5906
-5709
-6842
-7333
-6718
-5537
-3714
-141
3399
5276
7826
8429
6399
5716
5464
4746
2274
-320
-488
-2382
-4395
-4734
-5417
-4904
-3488
-1815
-1533
-1773
-363
717
966
493
136
1363
2861
2344
1355
1502
1100
898
39
-2836
-4035
-2913
-2611
-3204
-2668
-1937
-2327
-2223
-717
1583
2958
3908
3942
2847
3186
2523
1621
1672
281
-846
-1314
-1896
-2485
-2326
-2724
-4323
-4169
-4756
-6002
-3215
868
4247
7313
9181
11361
13233
14060
12917
9257
5162
187
-4316
-8391
-12771
-15163
-16022
-15337
-13123
-9882
-5196
919
6286
8947
10382
11408
11853
9977
7332
6596
4841
3351
1895
-930
-2091
-2701
-2738
-4191
-6644
-7101
-8496
-8936
-8284
-8216
-6976
-3996
292
3156
5694
8656
10447
11768
12050
11355
8353
4601
750
-4903
-8405
-10863
-11781
-10718
-10375
-9910
-8485
-5545
-2907
1168
4019
5049
6674
6800
6796
5736
5749
6187
5939
5536
3120
714
-635
-1188
-3830
-5917
-6265
-7646
-6801
-4734
-2724
-415
953
2664
4321
4550
5398
5554
4319
3500
1471
-391
-2266
-4241
-4246
-3692
-2816
-1855
-575
-46
-1195
-601
1539
2226
2323
2375
1760
2192
3029
2234
815
719
1286
825
-61
-1140
-2411
-3604
-4622
-5571
-5649
-4035
-3264
-2260
182
1161
1705
1423
1532
2351
372
-420
-575
-2009
-1922
-1676
-2588
-3582
-3127
-3811
-4405
-3523
-3895
-3100
-2362
-1487
2142
5855
8345
9261
11550
14585
14823
14532
11677
6304
2009
-2069
-7129
-11389
-13336
-13949
-12515
-10292
-8121
-5331
122
5446
6964
9549
11445
11205
9553
6110
3570
3654
4071
1232
-1028
-3025
-4746
-4519
-5203
-6633
-8393
-8566
-8995
-11331
-11260
-7243
-2714
222
2355
4435
9077
13527
14212
13385
11539
9805
6615
1566
-3171
-8173
-8822
-7966
-9827
-11044
-11747
-9288
-5288
-2004
1461
3565
4788
5277
4963
4308
4170
3769
3835
4288
3477
1958
-165
-2255
-4029
-4142
-3637
-5049
-7935
-8700
-6566
-3458
565
2108
3699
5434
4819
5321
4716
3806
3489
2245
979
-229
-1117
-3266
-4068
-2070
-1243
-613
81
-469
-225
721
1472
1451
1070
1508
2138
3651
4169
2362
1131
44
-1494
-2217
-1927
-1869
-2695
-2993
-4175
-4293
-1736
-1510
-1233
158
336
2259
4061
4524
4198
1955
673
395
-1054
-2111
-2310
-2421
-2215
-2603
-4167
-5886
-6932
-6036
-3684
-665
3233
6345
8647
9913
11251
13350
14486
14090
10178
5236
536
-4737
-9100
-13648
-16144
-15031
-13392
-12367
-9535
-5142
-924
3386
7048
9585
10819
11166
9948
6977
4023
2932
2409
510
290
-412
-2894
-3611
-4930
-6615
-6517
-6412
-7040
-8397
-8836
-6642
-3311
1884
6286
6705
8819
12105
12435
11824
11752
10578
6761
1704
-4649
-10401
-12115
-11879
-12465
-12277
-9942
-7640
-5712
-3578
-1406
1424
4323
5768
6469
6885
6618
6345
4996
4600
4794
3183
1824
264
-1434
-3023
-3581
-3884
-5974
-7036
-6148
-3292
772
3332
4319
6037
7926
7126
5454
4747
3341
1172
-592
-2151
-4023
-5650
-6066
-5175
-4312
-3480
-1715
-940
-1100
-90
1120
1030
416
440
-122
-100
1210
2171
1885
526
11
-1387
-2268
-1563
-1971
-2028
-2262
-2555
-2251
-2153
-1313
273
1781
2768
3571
4050
3377
2339
2011
872
-757
-1083
-1689
-2536
-2441
-2277
-2381
-3292
-4463
-4801
-4792
-3817
-1774
913
4127
5774
6211
8029
10202
12244
12850
9941
7123
3534
-1963
-5945
-9506
-12296
-13273
-12242
-10250
-9124
-6161
-908
4188
8018
9919
11021
11649
10614
8178
4718
3175
3798
2353
170
-2238
-4253
-4056
-4894
-6511
-7397
-7102
-6262
-8428
-10758
-9859
-6920
-2819
776
4680
8132
9639
10822
10274
9224
9178
7356
2985
-3316
-8312
-10127
-10472
-9366
-8715
-9162
-7827
-5341
-3313
-1118
1999
3924
4812
5224
5210
6642
5955
5700
5587
3603
2985
921
492
-159
-1934
-2402
-4446
-5624
-6289
-5969
-3663
-637
1126
2080
4477
6354
7548
6584
4238
2711
1066
165
-1929
-3762
-4136
-5385
-4715
-3381
-2156
-1044
-273
1999
1962
1127
1982
1531
163
280
1061
1472
2193
2717
2405
732
-82
-847
-1956
-2214
-2963
-2991
-3537
-3132
-1836
-1708
-370
641
2322
3938
3515
4040
2647
130
-16
-377
-1364
-1809
-2305
-3900
-5066
-5713
-4959
-3927
-4518
-3660
-2651
77
3566
5341
7488
8589
10702
12886
13387
11844
6514
1848
-1300
-5036
-8240
-11456
-13158
-12749
-12298
-9821
-5647
-1185
3743
7348
9678
10832
11119
10223
8279
6553
4796
3951
2451
-573
-2741
-3718
-3920
-3721
-5187
-7602
-7631
-6827
-7188
-8527
-7837
-4756
-2677
81
3751
7053
9463
11629
12724
11555
10404
7906
4472
1644
-1825
-5525
-7630
-9497
-11413
-9768
-6404
-3937
-3508
-2757
637
3353
5809
7409
6795
5670
4330
3409
3318
3119
2151
-74
-3633
-5927
-5603
-4954
-5782
-8051
-9422
-8215
-5876
-3621
-1089
1963
3664
4223
5485
5403
4945
4849
2775
412
-2299
-3054
-819
-588
-1098
-1967
-2226
629
2644
3807
4683
4353
4228
3006
1607
1909
2516
2245
2178
3108
2383
725
489
-363
-1896
-2675
-3572
-4103
-4468
-4981
-2909
-1581
-2727
-2201
-686
1132
2527
3423
3667
1581
-96
-562
-1597
-2080
-2266
-2825
-3153
-3858
-4176
-4120
-3978
-3529
-2880
-165
2654
4481
6190
7458
10556
12214
11345
9593
5148
2254
-993
-5457
-7552
-10735
-12394
-12682
-12576
-10216
-7615
-2813
1672
4424
7889
9667
10391
10859
8790
6095
5242
3986
1988
818
-838
-2754
-3450
-3877
-4469
-4924
-4499
-3725
-5170
-6632
-5897
-4438
-1632
1995
4095
5886
8901
10538
10381
9555
7878
6146
2857
-1363
-4728
-7501
-8782
-10678
-12229
-10911
-9654
-7765
-4535
-1908
331
2212
3685
4474
5103
5978
6774
6898
5311
3313
2195
1700
1609
505
-2022
-3661
-4354
-5378
-5502
-4677
-3354
-1060
890
2626
4663
4591
3727
4954
4872
2295
635
-994
-2584
-2857
-3947
-4720
-3167
-2178
-2463
-847
797
798
1625
1963
849
-744
-1067
556
613
22
789
1882
2816
2246
1917
1274
-1055
-1516
-1273
-1669
-1250
-1485
-2567
-3087
-3020
-2077
4
1277
2557
3404
787
-248
401
-681
-167
-767
-2329
-2375
-3811
-4936
-5268
-5875
-4528
-2698
-1770
428
3192
5279
7238
10303
13160
14310
14667
11396
5695
1129
-2474
-5720
-9640
-12481
-12874
-11438
-9894
-8609
-6591
-2487
3630
7452
9109
9858
9624
8809
6245
4538
3726
2226
965
-1365
-2637
-2403
-3386
-3493
-3455
-4995
-6901
-7642
-6653
-7400
-7956
-5616
-3003
651
3376
4857
7777
9579
10244
10380
9425
8635
5516
109
-3681
-6454
-7428
-7321
-9078
-10004
-8674
-6539
-5027
-2793
948
3042
3658
4166
4670
5534
6587
6568
5678
5464
4482
2499
811
-1355
-3355
-3920
-4817
-6833
-7765
-6510
-3643
-812
765
1337
1193
1942
3872
3953
3104
3481
1942
-1229
-2631
-3405
-3719
-2720
-2156
-1490
360
1149
851
1052
1112
1068
1116
1044
897
832
1052
1931
2218
1874
2531
2522
2020
1224
857
566
-284
2
-1543
-3198
-3039
-1600
-308
-734
-408
-408
106
844
1253
394
-2485
-2554
-997
-1082
-1979
-2063
-2810
-4555
-6008
-7020
-6578
-5485
-2107
1852
3743
5704
6554
7347
9312
10866
11346
7923
2343
-1919
-5664
-8214
-9138
-9166
-8818
-8111
-7215
-5410
-1893
2065
5916
8677
9562
9248
8370
6347
3748
2603
3419
3942
2338
-316
-2927
-2190
-1453
-3793
-4512
-4482
-4794
-5955
-7317
-8210
-6388
-1091
2441
4598
5658
6891
9030
10381
10729
9322
8144
4913
-1126
-5337
-6740
-7193
-7681
-8010
-8812
-9319
-8189
-6268
-5141
-3952
-1286
664
1097
2035
2725
2676
3340
3845
3499
3111
2149
1071
-602
-3122
-3535
-3903
-3888
-2195
-3316
-3932
-1726
461
2948
5204
6713
6874
5879
5533
5307
4025
2536
1565
678
-970
-1111
-27
-898
-564
254
-131
515
127
-1060
-1388
-1634
-1976
-2027
-2130
-2072
-1020
-154
-176
-658
-540
-6
-432
-512
-207
-1680
-3203
-3426
-3946
-4084
-3937
-2956
-1323
-937
159
1437
1491
2256
3043
1753
1101
1110
353
1474
990
-727
-1504
-3619
-4375
-3595
-1713
1641
4330
5636
7041
9473
11159
11559
11037
8043
3262
-85
-3326
-7302
-10340
-11859
-10839
-9718
-9638
-7461
-2561
1457
4244
5947
5704
6570
6191
4456
3628
2018
1485
1353
149
-1010
-1612
-2159
-2947
-3737
-5117
-6013
-5679
-5398
-5489
-4918
-4051
-3040
-1160
1417
4725
7670
9280
9248
7751
6741
7032
6229
3838
471
-3719
-5210
-5418
-6251
-6211
-5686
-4224
-3645
-2718
-405
1172
2388
2947
3190
3546
4201
4807
5036
4301
2327
1343
815
-529
-1723
-3117
-4696
-4906
-4888
-5778
-5114
-3327
-2778
-1684
688
1997
2379
2724
2095
1106
945
663
-45
-958
-1903
-2569
-2376
-1348
-817
-538
14
1311
1089
-477
-449
-483
-367
-319
257
995
91
130
1209
2494
3303
3584
3585
2514
1139
398
-417
-1268
-950
-714
-430
-392
-504
-623
-1126
-116
287
686
1773
1794
1652
1038
411
-471
-1401
-1825
-2772
-4232
-4975
-4755
-4451
-2948
-629
1113
3131
5026
6307
7966
8596
6583
3708
769
-2114
-4558
-7725
-9956
-9402
-8502
-7146
-4648
-3425
-919
4021
7110
8309
8517
7850
7571
6712
4616
3407
2890
1730
240
-193
292
-1577
-2882
-3477
-5435
-5636
-5758
-6798
-7968
-7323
-5086
-1765
1970
3090
4867
7171
9222
10643
9388
7678
4709
699
-2918
-5457
-6200
-6731
-7020
-6945
-6333
-5571
-4176
-1314
-45
1513
3792
3431
3116
3353
3658
3978
3381
2895
1779
1324
1896
555
-1362
-1753
-2593
-4724
-5716
-6833
-7414
-5706
-4438
-2570
-327
1763
3214
2971
3002
2975
3101
3435
3462
3018
2302
1200
514
1390
921
224
384
-54
111
487
1036
809
181
328
-436
-44
1068
1073
2275
2711
1988
1679
431
-960
-2018
-3093
-3108
-2343
-2982
-4174
-4387
-4491
-3515
-2523
-1762
173
83
-520
-99
-815
-9
896
967
1424
749
638
859
921
89
-1377
-1744
-1525
-464
567
3469
6348
6885
8897
10648
10834
9256
6191
3371
-769
-4223
-6578
-9275
-10836
-10751
-8690
-7136
-5868
-3274
406
4052
4408
3393
3369
3109
1485
-220
-1323
-1201
10
-476
-585
-855
-1587
-1160
-1880
-2952
-3285
-3076
-3400
-4324
-4382
-2858
935
4164
5499
7164
9259
10637
10900
10630
8580
5918
4027
534
-3086
-6229
-7780
-6884
-7365
-8111
-7129
-5196
-3627
-2619
-985
-364
425
1253
672
1242
1974
2731
2965
1987
2099
1797
580
-369
-1674
-3070
-3028
-2941
-4141
-4315
-3892
-3229
-1134
785
2377
4587
5642
5397
5579
5208
3933
2838
1550
334
-872
-2218
-2791
-2684
-2207
-1163
-343
-1150
-1257
-423
-903
-340
135
-668
-705
-488
18
-94
-239
-44
-787
-455
-392
-790
6
-415
-1069
-760
-571
-727
-1058
-475
925
1939
2522
3214
3515
3313
3210
2955
2395
1545
820
568
94
-249
-492
-1649
-2795
-2869
-3525
-4103
-3189
-2727
-1632
-13
1463
3259
4452
5907
6292
5086
2139
-1326
-3486
-5811
-7644
-9437
-10279
-9295
-8760
-7366
-3838
-214
2738
5256
6235
6557
7359
7703
6854
5704
5502
5240
4272
3049
1751
614
290
242
-751
-2849
-4268
-3617
-3534
-3701
-3783
-3661
-1456
563
2414
4094
5209
6229
7033
7359
5275
3069
1026
-2758
-6042
-7863
-8842
-9236
-8976
-7861
-6212
-4430
-2395
-1120
-255
1776
3712
4999
5531
4543
3485
3142
2883
3204
3458
2354
601
-867
-1713
-2507
-3609
-4315
-4829
-5142
-4023
-2024
-798
509
1776
2470
3359
3985
4279
4329
3625
1386
-359
-958
-1774
-2381
-3716
-3669
-2536
-2367
-1507
-917
-348
90
623
1670
1332
2467
3974
3356
3442
3588
3327
2824
2306
1642
553
132
-988
-1935
-1941
-2570
-3171
-2921
-2769
-2891
-1858
-681
-299
34
289
587
741
110
-832
-1317
-1513
-1555
-1932
-2853
-3733
-4340
-4474
-4049
-3077
-1598
115
1659
3242
4887
6123
7306
8604
9187
8401
6841
4315
1316
-875
-2679
-4801
-6655
-6169
-4996
-3880
-1685
851
3405
4371
5423
6201
6225
7185
5545
2286
756
-289
-1251
-912
-1336
-3429
-4094
-4631
-6427
-7394
-7292
-6454
-5082
-5057
-5860
-4743
-2512
-587
1382
3386
4958
5680
5334
4744
4657
4172
2481
-471
-3473
-5536
-6220
-5694
-4642
-3426
-2824
-2081
-1709
-961
1218
3685
5573
5020
4846
5149
4033
4162
3802
2307
1833
1517
357
-753
-1649
-2339
-2266
-3386
-4213
-3328
-2894
-1143
646
1659
2834
2538
2780
2830
2314
2502
2004
979
206
-51
-712
-1347
-1358
-1388
-1713
-1190
567
1166
1234
1185
-42
-639
-487
-45
1022
1178
838
1090
1099
1320
1319
137
-716
-1706
-3102
-3044
-2886
-3426
-3844
-3915
-4122
-4092
-2710
-1789
-995
285
995
1095
407
-192
-54
494
305
-92
-502
-1439
-2274
-2387
-1678
-1625
-813
991
2368
3904
5327
6573
7563
8284
7803
6243
4239
1753
-576
-2299
-3494
-4865
-5133
-4718
-4696
-4583
-4153
-1832
820
2167
2998
3010
3136
3489
3031
2181
1345
748
798
854
-61
-931
-1325
-1480
-1257
-1596
-1727
-1693
-1916
-1999
-2472
-1767
-287
913
2432
3235
3950
4729
4474
3724
2396
1004
-153
-1872
-3665
-5277
-5801
-5561
-5933
-5904
-5210
-3905
-2744
-1693
-158
540
1252
2277
1996
947
1332
2165
1808
1272
941
873
104
-522
-698
-1689
-1946
-1314
-503
155
830
1742
2020
2357
3113
3137
3008
3657
3938
3454
2817
2039
1273
490
-268
-710
-847
-819
-1011
-1021
-421
-267
-744
-763
-627
-1270
-1669
-1718
-1697
-1115
-559
-715
-1594
-1305
-614
-470
-372
-806
-1309
-1700
-729
-870
-1725
-1100
-2160
-2404
-898
-139
840
1669
1203
681
995
1255
1248
343
-921
-1065
-535
-506
-724
-1338
-2364
-2506
-2687
-2353
-438
1963
3675
4644
5706
5662
5371
4848
2828
1348
-324
-1364
-1752
-4086
-5073
-4858
-4531
-2783
-2022
-911
1902
4146
5289
5805
5758
5681
4843
2464
1146
1146
957
810
47
-1097
-1180
-1816
-2862
-2407
-2540
-2516
-2352
-3285
-4360
-4627
-3002
-1526
438
2034
1741
2212
2437
1730
1323
1545
962
-1084
-3448
-5236
-5380
-4752
-4333
-4003
-3659
-3032
-2106
-1010
311
1867
3149
3826
3826
3357
3109
3311
3555
3451
3132
2874
2158
740
-496
-650
-237
-258
-1083
-2014
-1810
-1136
-274
473
1028
1571
1313
1650
1891
1434
1621
1416
315
-725
-1175
-1608
-1271
-521
-855
-1146
-851
-693
-287
5
-676
-668
-443
-613
-217
-1
455
1054
1550
1398
686
282
-248
-343
-325
-880
-1864
-2642
-2846
-3083
-3126
-2349
-1615
-1789
-1514
-347
482
-6
-883
-790
-955
-1124
-614
-233
-200
-990
-1431
-1458
-1618
-1078
-533
557
1488
2718
4945
5389
5596
6467
6757
6724
5750
3696
1531
468
-588
-1955
-2775
-3202
-2563
-2480
-2850
-1277
956
2880
4030
3916
3356
3243
2960
1204
-223
-784
-1940
-2882
-3270
-3667
-3407
-2611
-3177
-4511
-4279
-3586
-3838
-3598
-2952
-3143
-2453
-367
760
1109
1779
3117
4215
4104
3816
3639
3049
1149
-728
-1711
-1688
-1058
-1345
-1267
-1574
-722
932
571
1034
1810
2037
2255
2212
2362
2331
1777
994
71
-602
-635
-962
-930
-1500
-2255
-1911
-2457
-2853
-3501
-3764
-2479
-1691
-931
-603
-302
1096
1310
1036
1660
1210
1067
1440
1336
1493
670
804
1310
315
442
1200
1270
1201
1196
1135
1328
914
201
911
1517
1721
1937
1444
1135
601
-98
410
429
-417
-470
-1282
-2683
-2833
-2965
-3098
-2484
-2391
-2398
-1799
-1636
-1231
-336
-318
-602
-836
-1348
-1362
-1222
-951
-41
-488
-2304
-2611
-1985
-1811
-781
882
1546
1844
2298
2772
4266
5403
4428
2846
1358
-874
-2405
-3012
-3464
-2834
-2737
-2991
-2367
-1406
498
2647
4718
5362
4730
4896
3962
3150
2591
1122
1629
1521
219
344
656
407
324
608
-44
-192
251
-48
-1429
-2864
-2537
-1550
-266
-273
-132
807
456
909
1065
401
-96
-1133
-2724
-4635
-5468
-4735
-3760
-3861
-4580
-4382
-2758
-993
-339
210
928
1425
1416
666
849
1505
2044
2420
1786
1866
2081
2243
2462
1034
252
431
535
117
-1294
-1214
-867
-862
-132
181
836
541
220
1473
1358
753
911
209
-375
-316
-253
426
421
-69
342
266
-77
138
372
390
96
-111
-144
-366
31
850
1338
1573
874
351
-201
-925
64
577
281
238
-763
-1652
-1843
-1381
-395
-179
-160
-348
-1172
-691
-148
-298
564
358
-1275
-2187
-2554
-2854
-2023
-882
-1286
-1807
-2044
-2558
-2400
-1545
-147
1342
1911
2069
2889
3608
3656
3541
2856
1292
37
-329
-1031
-1864
-1609
-1244
-1334
-1023
-555
519
2714
4042
4067
4408
4314
3642
3455
2511
804
-345
-885
-541
-74
-588
-689
-476
-821
-793
-1132
-1041
-554
-1533
-2383
-2071
-1317
-1004
-739
-180
42
647
1105
1292
1629
1435
848
-404
-1421
-2035
-2838
-2968
-3111
-2973
-2541
-2298
-1684
-1107
-675
-329
126
339
382
333
5
-403
-654
13
121
-383
-282
-519
-706
-679
-449
-342
-927
-808
-485
-429
315
1393
2654
3203
3043
3076
2871
2726
2777
2166
1173
845
972
1009
966
889
661
893
1606
1397
1091
1544
1285
478
400
19
-265
552
370
-485
-657
-397
-271
-393
-1130
-1981
-1671
-1878
-1886
-2159
-3140
-3258
-4110
-4204
-3510
-3035
-2176
-1760
-1573
-1390
-1320
-1007
-622
-1033
-681
-183
-881
-1096
-1348
-1186
-246
755
1642
1886
1973
1406
1057
2114
2668
2902
3525
3593
3441
3874
4845
5008
3755
1980
675
-267
-1401
-2119
-2241
-2240
-2371
-2577
-2457
-1501
245
1917
2672
2436
1979
1899
2058
1663
948
639
394
-346
-1201
-1166
-479
202
-157
-547
100
32
218
666
190
-33
43
13
-298
-320
254
1154
1668
585
20
225
-450
-786
-1634
-2766
-2894
-3216
-3757
-3551
-3000
-3159
-3047
-2442
-2111
-1347
-320
194
160
-215
-946
-1253
-730
-338
-57
615
599
-439
-710
-4
473
1012
2247
2825
2448
2655
3179
3601
3897
3870
3348
2508
1696
1077
1165
772
212
-49
-1289
-1429
-267
-125
-179
125
412
669
152
-135
-113
-718
-927
-1625
-2308
-1764
-1242
-1374
-2164
-2237
-1376
-1104
-1557
-1799
-1980
-1943
-716
490
351
-210
-85
-136
68
260
-211
437
484
-291
-326
-900
-1583
-1218
-525
-570
-735
-846
-1229
-1436
-1199
-1029
-1338
-717
39
-817
-1851
-2622
-2321
1075
4681
4794
3104
2709
4884
8569
10298
8264
4654
2839
2888
2620
1943
944
235
39
-995
-1309
390
3000
4299
3066
1457
43
-928
-689
-931
-1883
-3062
-4094
-4540
-5519
-6691
-7139
-7273
-7421
-7687
-7859
-7291
-5934
-5188
-4565
-3339
-2851
-1987
-962
-1326
-1375
542
2615
2416
1935
2110
2429
3685
4355
4023
3559
3470
4470
5809
6597
7421
8233
7719
7237
7910
8611
9228
7728
4456
2572
1580
698
-87
-869
-2258
-3580
-4072
-4591
-4281
-3374
-2891
-2899
-3173
-3447
-4561
-5986
-6435
-6856
-7744
-7931
-8104
-8675
-8359
-7610
-6939
-5898
-4866
-3644
-1472
-78
-839
-1027
754
2283
3556
5082
4923
3815
3502
2916
2609
3623
4180
3999
4128
3930
3840
4664
5177
5502
6410
6216
5026
4542
3506
2029
2095
2298
1706
1398
674
-462
-1004
-1129
-1148
-1603
-2095
-1890
-2275
-2775
-1959
-1891
-2697
-2166
-2124
-3407
-3593
-3821
-5150
-5241
-4443
-4081
-3090
-1904
-1761
-1779
-1359
-1507
-1806
-1057
-729
-1350
-1262
-1355
-2161
-2557
-2852
-2429
-1055
98
1512
2942
3693
4149
3889
3693
4526
5451
5771
5360
4716
3800
2002
1295
2371
2956
3377
3909
3772
3603
3353
2854
2794
3187
3135
3124
2944
2252
1425
271
-223
-1018
-2260
-3016
-3969
-4531
-4478
-4092
-4176
-4502
-3954
-3118
-2524
-2152
-2555
-3971
-4746
-4058
-2994
-2341
-2583
-4049
-6161
-7324
-6398
-4291
-2662
-1618
-1875
-3095
-3008
-1778
-172
1778
3233
3116
1958
277
-781
-346
-344
315
1963
2797
3201
3495
3891
3482
2998
3848
4834
5138
5347
6138
7113
7653
7745
6977
5226
4607
5273
5697
6045
5642
4213
2482
651
-853
-725
20
84
-88
-1563
-3179
-3979
-4317
-3976
-4156
-4662
-5638
-7446
-9036
-9908
-9752
-9052
-8692
-9323
-10143
-9607
-8189
-6651
-5218
-3551
-2133
-1274
204
1720
2432
2053
2069
2852
2757
2915
2681
2063
2707
3239
3826
5616
7806
9399
9483
8466
7663
7111
7297
7772
6588
4456
2631
2123
2723
1241
-1284
-3041
-4865
-4747
-2639
-904
-824
-1954
-2883
-3868
-3922
-2582
-1222
45
283
-600
-1391
-2092
-2518
-3108
-3419
-2259
-780
80
-209
-1801
-3587
-3779
-2342
-544
1729
2221
865
-51
-926
-410
934
1409
1572
-82
-3472
-4836
-3704
-2311
-922
-432
-1146
-1639
-1988
-1792
-392
623
967
1465
933
-152
163
1147
1324
850
443
226
390
1667
3534
4360
4088
3531
2647
2052
2727
3748
4141
4653
5083
4221
2848
2115
1278
438
383
33
-551
-183
211
311
207
-1035
-1934
-1695
-2314
-3182
-3276
-3904
-4450
-3970
-3801
-4268
-4496
-4437
-4323
-4069
-3529
-3118
-3246
-3214
-2881
-2509
-1089
678
862
331
-89
-754
-200
1874
3295
3526
3583
3739
3722
3272
2594
2237
1991
1593
2039
3456
3932
2598
563
-990
-1422
-863
152
973
1063
829
316
-844
-1568
-1493
-1176
-130
1077
1220
441
-897
-2178
-2927
-3453
-3366
-2633
-1566
72
1400
1454
693
-374
-1516
-1434
348
2245
3331
4215
4017
1942
578
251
300
906
898
454
-12
394
772
53
-238
152
956
1469
1472
1460
979
-356
-1283
-840
-788
-1488
-1763
-2020
-2210
-1855
-1498
-753
101
-311
-302
853
1268
2035
2760
1139
-434
-466
-824
-1081
-1172
-2409
-3669
-4132
-3966
-3177
-2772
-2829
-2919
-3246
-4062
-4515
-4324
-4339
-3248
-1893
-1588
-731
54
41
-410
-343
1417
3395
5078
6532
7127
7644
7738
7804
8438
8538
8471
8560
8602
8357
7748
7458
6790
5671
4517
2707
501
-1632
-2508
-2713
-3644
-4083
-4759
-5250
-4999
-6502
-8361
-9225
-10241
-10488
-9671
-9461
-10038
-10272
-10258
-9924
-8554
-6887
-5996
-4919
-3187
-2380
-2095
-1078
-395
368
2615
4487
5184
5934
6437
7794
10929
13437
13797
12465
10580
9593
9332
9461
10141
10130
8831
7182
5380
3282
1270
-214
-836
-878
-1393
-2658
-4011
-5379
-6504
-6623
-6507
-7244
-8379
-9489
-10311
-10283
-9773
-9033
-7603
-6449
-6434
-6395
-6036
-5829
-4656
-2201
94
1464
2189
2983
4229
5404
6037
6362
6710
6762
6680
7135
7239
6769
6977
7168
6791
6094
4075
1589
371
44
186
460
199
-1151
-3143
-3867
-3932
-4940
-5538
-5700
-6219
-6013
-5464
-5405
-5542
-5553
-4740
-3326
-1888
-365
674
1273
1951
2596
3442
4166
4543
5397
6411
6730
6456
5582
4125
2624
1665
1618
2351
2983
2766
2112
1141
-709
-2344
-2706
-3004
-3668
-4096
-4510
-4951
-5148
-5103
-5313
-6009
-6388
-6046
-5600
-4978
-4623
-4972
-4442
-2998
-1426
279
1764
2506
2537
3062
3323
3416
4713
5461
6177
7596
7865
7427
7050
6923
6813
7030
7338
6067
4683
3872
2948
2819
2442
569
-1288
-2677
-4171
-5221
-6160
-6865
-7505
-7493
-6329
-5591
-5647
-6632
-7486
-7658
-6779
-4422
-2437
-1608
-1817
-2012
-2061
-2083
-685
1015
1515
2419
3633
3673
3984
4186
3323
2621
2676
3714
5301
6697
6372
4559
2632
475
35
1278
2223
3173
3381
2641
983
-1169
-1940
-1920
-1417
13
1097
663
-1120
-3066
-4586
-5278
-4839
-4140
-3463
-2421
-2059
-2366
-2385
-2924
-3355
-2582
-2042
-1560
-272
192
-168
254
715
708
1175
1629
1829
2198
2868
3831
4261
3563
2418
2204
2628
3395
3799
2716
988
-560
-230
1546
3031
3531
2383
854
-848
-2086
-2072
-2217
-2517
-2538
-2641
-2407
-1899
-1777
-1589
-1645
-2401
-2880
-3188
-3765
-3851
-3280
-2698
-2160
-1669
-1374
-1198
-1049
-541
234
566
720
1317
1943
2199
2682
3537
3753
3506
3827
4012
3586
3329
3240
3115
2830
2232
1756
1260
641
593
872
691
-146
-1256
-2013
-2374
-2199
-1269
-564
-679
-1151
-1903
-2521
-2536
-2563
-2594
-2134
-1907
-2047
-1700
-1341
-1242
-544
-50
-620
-1079
-1404
-2092
-1826
-589
207
686
973
400
-544
-902
-768
-631
-644
-873
-1008
-709
-426
-294
-44
-486
-1524
-1370
-390
-205
70
1173
2000
2364
2821
3271
3049
2098
2068
3203
3876
4625
5661
5305
4223
3704
3602
4513
5738
5802
5450
4420
2108
549
87
-199
513
1208
638
-368
-2397
-5406
-7471
-8462
-8755
-7922
-6738
-6488
-7014
-7677
-8803
-9768
-9483
-8992
-8195
-5939
-3935
-3064
-2272
-2322
-2998
-2349
-530
1571
3840
5384
5994
6614
6825
6534
7015
7595
7721
9002
10613
10789
10545
9851
8044
6877
6746
6587
6875
6938
5276
2919
815
-1307
-2580
-2609
-2588
-3041
-3659
-4451
-5502
-6570
-7639
-8687
-8890
-8402
-8287
-7899
-7251
-7816
-8349
-7609
-7321
-7401
-6712
-6567
-6555
-4787
-2689
-1530
-249
603
924
2462
4581
6041
7169
7324
6698
6555
6364
6214
6972
7703
7982
8218
7807
7061
6825
6734
6536
6331
5398
3619
2088
903
-199
-684
-942
-2028
-3213
-3882
-4815
-5724
-6282
-6546
-6997
-7532
-7803
-8626
-8864
-8269
-7451
-5650
-4236
-3715
-3237
-2735
-2555
-2936
-2361
-1583
-1140
463
1379
1514
2189
2382
2986
4857
6167
6358
6720
6944
6528
6595
7077
6590
5779
5377
4583
3911
3304
2105
1160
422
-196
-133
-269
-837
-1239
-1663
-1999
-2343
-2686
-2822
-3254
-3363
-2787
-2585
-2391
-2084
-2731
-3071
-2477
-2596
-2550
-1757
-1895
-2276
-1626
-1262
-999
-57
418
580
766
1150
1241
1174
1653
1445
1110
963
645
27
-746
-545
-201
228
1146
1577
1113
387
-223
-1150
-1661
-1045
-9
903
1741
1825
742
-386
-858
-874
-579
-259
-282
-477
-505
-324
159
808
1067
966
1147
1599
1929
2264
2637
2652
2271
2021
1949
1545
1082
731
-62
-949
-1255
-1024
-631
-307
-165
-851
-2486
-3407
-3246
-3103
-2379
-1772
-2234
-3018
-3747
-3819
-3398
-2668
-1706
-1143
-1000
-1037
-1053
-1018
-406
780
1807
2447
2834
2988
2879
3140
3718
3820
3540
3411
3444
3436
3716
4217
3770
2420
1438
427
-473
-452
-756
-1893
-2863
-3570
-4041
-3585
-3200
-3654
-3980
-4119
-4200
-4230
-3877
-3641
-3777
-3028
-1888
-1063
-545
-590
-967
-1144
-478
960
2391
3226
3235
2724
2582
3101
4131
5244
5656
5500
4964
4244
4065
4392
4701
4592
3915
3318
2493
1209
801
219
-1013
-1294
-1568
-2310
-2646
-2827
-3343
-3765
-3684
-4170
-5107
-5517
-6160
-6693
-6132
-5535
-5233
-4363
-3132
-2218
-1602
-937
-635
-802
-506
433
1691
2818
3842
4965
5027
4719
5012
4814
5006
5800
6064
6238
5998
5391
5135
5012
4574
3629
2643
1293
-156
-552
-938
-1832
-2484
-3539
-4992
-5658
-5724
-6244
-7070
-7318
-7830
-8723
-8344
-7646
-7343
-6322
-4926
-3799
-2771
-1730
-1196
-1065
-733
-246
786
2469
3977
4885
5444
5422
5061
5788
6695
6689
7041
7204
6587
6301
6460
6492
6017
5061
3603
2338
1697
880
600
683
-206
-1123
-1736
-2755
-3743
-4293
-4972
-5900
-6468
-6640
-6585
-6397
-6224
-6029
-5761
-5350
-4559
-3623
-3074
-2788
-2564
-2339
-1958
-1446
-578
429
830
1069
1605
1911
2338
3281
4153
4837
5417
5412
4769
4156
3680
3185
3442
4100
3974
3519
2847
2034
1912
1842
1581
1595
885
-26
-308
-976
-1401
-1575
-2162
-2160
-1766
-1421
-970
-664
-994
-1532
-1440
-1429
-1433
-808
-528
-516
-86
165
334
448
156
-409
-1106
-1050
-456
-104
448
554
-358
-1465
-2089
-2330
-2348
-1942
-1804
-2214
-2942
-3933
-4278
-4167
-3769
-3002
-2586
-2298
-2127
-1884
-1222
-592
4
593
1222
1927
2774
3809
4594
5400
5969
5900
6379
6962
6888
7107
7683
8072
7871
7398
6669
5521
4712
3981
3389
2997
1856
631
-371
-1837
-3186
-4246
-5210
-5680
-6128
-6736
-7212
-8142
-9125
-9525
-9625
-9343
-8744
-7873
-7372
-7543
-7314
-6804
-6268
-5442
-4215
-2748
-1738
-619
698
1366
1829
2330
2960
3629
4191
5006
5625
5893
6037
6114
6429
6599
6403
6135
5914
5744
5356
4953
4691
3940
2981
2339
1994
1741
1245
869
294
-858
-1740
-1870
-1678
-1468
-1033
-1012
-1602
-2130
-2649
-2832
-2594
-2380
-2222
-2217
-2400
-2591
-2210
-1518
-1417
-965
-279
-683
-861
-411
-639
-868
-431
-241
-564
-591
-390
-553
-742
-881
-1065
-1134
-1108
-916
-872
-848
-564
-351
109
825
1189
1171
1211
1466
1822
2473
3322
3710
3646
3471
3047
2945
3107
3161
3537
3585
3194
2861
2189
1281
675
279
-340
-970
-1425
-2127
-3230
-4300
-4973
-5693
-6467
-6765
-6874
-7149
-7494
-7370
-6891
-6635
-6018
-5119
-4310
-3464
-2949
-2197
-1018
-350
219
1148
1820
2379
3512
4902
6096
7228
7976
8441
8873
8884
8936
8869
8384
8163
7886
7509
7272
6779
6158
5506
4578
3642
2581
1242
-4
-1284
-2392
-3279
-4232
-5268
-6430
-7372
-8166
-8584
-8801
-9264
-9556
-10005
-10420
-10246
-9976
-9640
-9194
-8778
-7960
-7217
-6406
-4931
-3784
-2860
-1609
-321
806
1999
3707
4976
5601
6506
7335
7708
8204
9030
9640
9961
10219
10227
9957
9683
9231
8552
7962
7250
6369
5549
4700
3884
2885
1679
959
361
-736
-1455
-1895
-2951
-3806
-4142
-4770
-5306
-5653
-6355
-6939
-7215
-7347
-7093
-6879
-6993
-7059
-7140
-7074
-6529
-5821
-5243
-4649
-3927
-3257
-2774
-2136
-1298
-701
-248
501
1324
1885
2407
2964
3184
3204
3627
4258
4479
4503
4488
4164
3893
3882
3877
3960
4094
4186
4126
3752
3431
3187
2716
2457
2341
1745
922
196
-317
-587
-768
-797
-814
-1223
-1628
-1478
-1495
-1541
-1194
-1214
-1366
-1410
-1443
-1376
-1431
-1015
-492
-452
-456
-412
-373
-845
-829
-235
-170
77
255
215
27
-294
-425
-589
-643
-753
-959
-1194
-1412
-1587
-1888
-2183
-2483
-2717
-2922
-3060
-2977
-2846
-2689
-2554
-2315
-1998
-1843
-1523
-1009
-644
-445
65
533
714
1264
1678
1984
2334
2656
3166
3492
3795
4000
4024
3904
3627
3689
3789
3646
3745
3867
3518
3124
2803
2315
1791
1338
1044
755
427
262
38
-403
-791
-1115
-1643
-2297
-2691
-2686
-2690
-2939
-3233
-3560
-4043
-4357
-4063
-3430
-2951
-2631
-2288
-2066
-1860
-1379
-812
-308
100
418
649
887
1064
1001
988
915
943
1179
1255
1464
1578
1336
1186
1207
1036
602
428
341
-48
-285
-366
-339
-280
-668
-910
-854
-1081
-1169
-979
-805
-771
-743
-555
-420
-437
-370
-147
51
382
655
920
1254
1319
1580
1811
1816
1935
1830
1657
1674
1583
1507
1586
1401
1257
1290
1063
914
710
299
236
187
-101
-138
-244
-861
-1267
-1304
-1584
-1727
-1678
-1686
-1620
-1604
-1670
-1517
-1368
-1733
-1721
-1476
-1536
-1231
-817
-378
-72
16
269
466
496
694
1080
1103
949
892
768
675
532
518
732
773
584
361
130
-203
-533
-808
-908
-937
-1254
-1351
-1293
-1564
-1744
-1636
-1588
-1933
-2008
-1564
-1413
-1152
-520
-308
-272
164
513
645
1156
1680
1902
2122
2310
2463
2644
2877
2904
3008
3311
3290
3413
3608
3263
2820
2515
1934
1340
1175
1086
814
370
-49
-414
-1062
-1775
-2067
-2266
-2655
-2921
-3039
-3155
-3574
-3725
-3438
-3596
-3699
-3354
-3030
-2891
-2741
-2468
-2235
-2019
-1705
-1241
-878
-559
-266
77
497
678
933
1249
1493
1719
2008
2496
2719
2655
2712
2650
2166
1924
2264
2344
2224
2406
2422
2054
1808
1849
1606
1352
1352
1138
819
438
153
-112
-345
-567
-846
-882
-1075
-1241
-1134
-1055
-1124
-1118
-1021
-1192
-1061
-700
-630
-645
-631
-714
-894
-1089
-1107
-841
-928
-967
-713
-864
-981
-866
-807
-861
-923
-908
-1040
-1190
-1071
-944
-972
-769
-498
-525
-475
-163
-33
-187
-130
193
209
23
311
620
504
695
1133
1243
1322
1602
1836
1841
1752
1821
1887
1831
1894
1924
1862
1641
1370
1352
1284
1044
908
819
339
-18
-80
-287
-283
-347
-418
-493
-604
-491
-708
-840
-727
-988
-1335
-1331
-1316
-1583
-1545
-1303
-1298
-1347
-1319
-1027
-957
-998
-657
-413
-424
-503
-328
-418
-577
-167
23
248
691
741
504
414
464
370
385
615
698
530
410
383
344
230
158
319
274
10
-3
128
1
-190
-90
74
-154
-307
80
-56
-372
-201
-242
-470
-474
-95
-77
-278
-188
-186
-265
-429
-220
108
125
415
811
884
994
1203
1143
1101
1057
815
692
514
119
-4
77
-57
-156
0
0
0
0
0
0
0
0
0
0
0
0
0
0
0
0
0
0
0
0
0
0
0
0
0
0
0
0
0
0
0
0
0
0
0
0
0
0
0
0
0
0
0
0
0
0
0
0
0
0
0
0
0
0
0
0
0
0
0
0
0
0
0
0
0
0
0
0
0
0
0
0
0
0
0
0
0
0
0
0
0
0
0
0
0
0
0
0
0
0
0
0
0
0
0
0
0
0
0
0
0
0
0
0
0
0
0
0
0
0
0
0
0
0
0
0
0
0
0
0
0
0
0
0
0
0
0
0
0
0
0
0
0
0
0
0
0
0
0
0
0
0
0
0
0
0
0
0
0
0
0
0
0
0
0
0
0
0
0
0
0
0
0
0
0
0
0
0
0
0
0
0
0
0
0
0
0
0
0
0
0
0
0
0
0
0
0
0
0
0
0
0
0
0
0
0
0
0
0
0
0
0
0
0
0
0
0
0
0
0
0
0
0
0
0
0
0
0
0
0
0
0
0
0
0
0
0
0
0
0
0
0
0
0
0
0
0
0
0
0
0
0
0
0
0
0
0
0
0
0
0
0
0
0
0
0
0
0
0
0
0
0
0
0
0
0
0
0
0
0
0
0
0
0
0
0
0
0
0
0
0
0
0
0
0
0
0
0
0
0
0
0
0
0
0
0
0
0
0
0
0
0
0
0
0
0
0
0
0
0
0
0
0
0
0
0
0
0
0
0
0
0
0
0
0
0
0
0
0
0
0
0
0
0
0
0
0
0
0
0
0
0
0
0
0
0
0
0
0
0
0
0
0
0
0
0
0
0
0
0
0
0
0
0
0
0
0
0
0
0
0
0
0
0
0
0
0
0
0
0
0
0
0
0
0
0
0
0
0
0
0
0
0
0
0
0
0
0
0
0
