0
0
0
0
0
0
0
0
0
0
0
0
0
0
0
0
0
0
0
0
0
0
0
0
0
0
0
0
0
0
0
0
0
0
0
0
0
0
0
0
0
0
0
0
0
0
0
0
0
0
0
0
0
0
0
0
0
0
0
0
0
0
0
0
0
0
0
0
0
0
0
0
0
0
0
0
0
0
0
0
0
0
0
0
0
0
0
0
0
0
0
0
0
0
0
0
0
0
0
0
0
0
0
0
0
0
0
0
0
0
0
0
0
0
0
0
0
0
0
0
0
0
0
0
0
0
0
0
0
0
0
0
0
0
0
0
0
0
0
0
0
0
0
0
0
0
0
0
0
0
0
0
0
0
0
0
0
0
0
0
0
0
0
0
0
0
0
0
0
0
0
0
0
0
0
0
0
0
0
0
0
0
0
0
0
0
0
0
0
0
0
0
0
0
0
0
0
0
0
0
0
0
0
0
0
0
0
0
0
0
0
0
0
0
0
0
0
0
0
0
0
0
0
0
0
0
0
0
0
0
0
0
0
0
0
0
0
0
0
0
0
0
0
0
0
0
0
0
0
0
0
0
0
0
0
0
0
0
0
0
0
0
0
0
0
0
0
0
0
0
0
0
0
0
0
0
0
0
0
0
0
0
0
0
0
0
0
0
0
0
0
0
0
0
0
0
0
0
0
0
0
0
0
0
0
0
0
0
0
0
0
0
0
0
0
0
0
0
0
0
0
0
0
0
0
0
0
0
0
0
0
0
0
0
0
0
0
0
0
0
0
0
0
0
0
0
0
0
0
0
0
0
0
0
0
0
0
0
0
0
0
0
0
0
0
0
0
0
0
0
0
0
0
0
0
0
0
0
0
0
0
0
0
0
0
0
0
0
0
0
0
0
0
0
0
0
0
0
0
0
-281
-298
-293
-289
-306
-231
-153
-100
48
185
267
401
514
581
595
483
350
169
-48
-272
-473
-579
-724
-865
-936
-910
-849
-831
-730
-657
-607
-512
-450
-389
-333
-315
-336
-373
-451
-540
-576
-655
-693
-715
-709
-586
-485
-287
-25
168
351
447
458
457
521
664
911
1361
2022
2753
3412
3980
4296
4285
3937
3037
1692
165
-1479
-2982
-4036
-4619
-4724
-4298
-3423
-2255
-929
490
1799
2721
3216
3281
3033
2586
2018
1446
897
491
112
-309
-721
-1179
-1691
-2403
-3159
-3807
-4340
-4499
-4323
-3855
-2999
-1887
-606
663
1772
2637
2994
2918
2487
1734
936
138
-597
-1141
-1450
-1532
-1416
-1100
-694
-298
3
235
364
401
454
496
606
764
988
1310
1563
1763
1802
1634
1323
818
310
-141
-556
-835
-955
-878
-604
-154
310
683
927
1028
932
640
342
-45
-421
-698
-915
-957
-809
-533
-257
29
308
491
536
506
460
337
229
79
-74
-152
-293
-387
-418
-447
-466
-517
-494
-472
-485
-425
-330
-192
-66
14
119
210
301
316
240
136
-47
-282
-471
-547
-519
-364
-168
36
293
418
405
298
94
-177
-594
-956
-1241
-1514
-1623
-1677
-1642
-1544
-1507
-1476
-1555
-1736
-1945
-1983
-1675
-1041
31
1547
3405
5330
7013
8332
9140
9212
8313
6381
3623
424
-2761
-5505
-7493
-8536
-8577
-7714
-6136
-4053
-1613
947
3132
4585
5324
5522
5366
4925
4246
3561
3016
2452
1799
1091
243
-786
-2009
-3499
-5074
-6421
-7354
-7755
-7535
-6643
-5181
-3339
-1226
959
2907
4394
5213
5317
4805
3745
2382
963
-430
-1612
-2495
-3101
-3334
-3261
-3043
-2665
-2191
-1740
-1262
-726
-120
613
1383
2103
2814
3480
4001
4258
4161
3687
2834
1707
490
-699
-1696
-2401
-2788
-2787
-2456
-1891
-1094
-273
380
904
1230
1299
1255
1167
1008
846
701
533
425
380
261
28
-287
-675
-1127
-1649
-2120
-2314
-2240
-1984
-1496
-828
-108
622
1278
1770
2059
2095
1891
1575
1253
942
675
532
513
549
646
791
876
847
703
466
212
-23
-182
-189
-161
-176
-151
-158
-268
-412
-588
-841
-1145
-1403
-1520
-1546
-1510
-1325
-1017
-706
-422
-161
-4
7
-83
-286
-616
-956
-1241
-1555
-1839
-1949
-1909
-1810
-1667
-1520
-1431
-1373
-1318
-1306
-1387
-1529
-1643
-1560
-1107
-235
1075
2779
4647
6491
8156
9373
10016
9970
8978
6974
4165
912
-2287
-5046
-7124
-8293
-8483
-7745
-6147
-3867
-1168
1598
3927
5495
6268
6349
5971
5237
4087
2714
1432
292
-744
-1636
-2391
-3162
-4111
-5204
-6253
-7020
-7345
-7205
-6635
-5603
-4049
-2000
365
2782
4890
6325
6899
6606
5530
3856
1868
-159
-2112
-3868
-5113
-5683
-5621
-4970
-3950
-2844
-1808
-927
-161
592
1360
2144
2892
3555
4209
4835
5270
5372
4995
3974
2327
343
-1631
-3396
-4777
-5554
-5666
-5189
-4108
-2455
-489
1489
3251
4573
5203
5132
4604
3727
2592
1378
153
-892
-1614
-2126
-2375
-2370
-2337
-2258
-2105
-1885
-1415
-715
73
939
1778
2461
2911
3041
2873
2430
1666
661
-476
-1595
-2397
-2784
-2769
-2311
-1653
-972
-242
388
867
1202
1231
994
615
133
-254
-444
-527
-503
-382
-260
-170
-79
-81
-288
-576
-825
-1103
-1397
-1644
-1873
-2067
-2167
-2158
-2014
-1742
-1461
-1236
-1018
-847
-779
-715
-650
-782
-1133
-1422
-1330
-652
738
2786
5194
7560
9547
10991
11811
11783
10551
7933
4145
-242
-4560
-8262
-10975
-12419
-12475
-11232
-8916
-5747
-1989
1860
5096
7154
7964
7869
7209
6162
4889
3603
2471
1532
757
139
-403
-1116
-2306
-4067
-6095
-7957
-9323
-9974
-9838
-8895
-7077
-4482
-1347
2026
5099
7284
8337
8226
7103
5342
3234
983
-1157
-3002
-4391
-5073
-4972
-4297
-3399
-2592
-1968
-1486
-1112
-764
-349
147
743
1543
2632
3921
5172
6141
6597
6340
5361
3862
2073
186
-1626
-3196
-4364
-4961
-4836
-4081
-2959
-1626
-295
789
1563
2042
2297
2403
2325
2132
1935
1739
1553
1275
786
167
-445
-1005
-1583
-2139
-2462
-2487
-2230
-1689
-986
-202
564
1049
1156
955
501
-100
-692
-1152
-1367
-1301
-939
-267
544
1284
1856
2209
2320
2145
1675
1088
473
-147
-615
-898
-1034
-1001
-925
-893
-816
-690
-640
-764
-929
-1004
-1066
-1098
-1040
-936
-785
-654
-665
-720
-755
-842
-993
-1209
-1444
-1595
-1739
-1975
-2251
-2538
-2669
-2490
-1975
-906
866
3115
5555
7867
9756
11007
11365
10674
8798
5741
1967
-2012
-5837
-8962
-10899
-11473
-10743
-8824
-5939
-2514
1091
4508
7130
8638
9087
8603
7492
6079
4520
3005
1715
666
-282
-1293
-2427
-3706
-5144
-6704
-8235
-9420
-9978
-9761
-8690
-6769
-4099
-961
2264
5258
7636
9090
9549
8970
7465
5297
2677
-8
-2451
-4487
-5815
-6352
-6237
-5668
-4985
-4278
-3473
-2636
-1766
-880
71
1163
2256
3322
4413
5396
6127
6383
5912
4750
3075
1135
-826
-2556
-3827
-4618
-4877
-4463
-3443
-1948
-205
1394
2606
3321
3490
3296
2959
2474
1803
1057
407
-40
-274
-338
-395
-601
-963
-1428
-1904
-2224
-2262
-2005
-1513
-864
-80
752
1453
1948
2155
1954
1439
745
-26
-688
-1141
-1395
-1392
-1111
-638
-13
625
1122
1378
1303
978
569
116
-280
-546
-741
-844
-778
-550
-250
-17
72
-14
-242
-507
-819
-1213
-1656
-2136
-2514
-2685
-2723
-2608
-2342
-2079
-1815
-1528
-1389
-1418
-1500
-1624
-1653
-1280
-334
1279
3529
6076
8495
10494
11858
12419
11962
10164
6944
2681
-2031
-6547
-10255
-12767
-13832
-13370
-11559
-8582
-4739
-531
3591
7058
9306
10340
10345
9476
8116
6513
4704
2889
1269
-153
-1408
-2578
-3903
-5528
-7338
-9083
-10393
-10932
-10641
-9548
-7644
-4962
-1583
2160
5719
8609
10337
10665
9814
8061
5662
2942
131
-2625
-4996
-6628
-7302
-7038
-6111
-4898
-3744
-2755
-1805
-821
172
1137
1948
2613
3285
3971
4645
5202
5404
5136
4328
2934
1132
-759
-2428
-3799
-4853
-5372
-5283
-4524
-2999
-967
1120
2899
4124
4743
4844
4588
4040
3126
1940
660
-538
-1392
-1815
-1884
-1704
-1513
-1411
-1321
-1182
-879
-407
86
482
712
779
751
685
599
425
118
-315
-796
-1114
-1188
-1055
-706
-265
127
456
642
692
665
469
78
-392
-800
-1019
-1022
-863
-652
-490
-372
-284
-199
-35
193
333
299
126
-186
-611
-990
-1177
-1272
-1439
-1754
-2172
-2553
-2793
-2893
-2989
-3198
-3484
-3687
-3502
-2526
-626
2031
5142
8213
10784
12695
13844
14058
13149
10781
6834
1823
-3397
-8035
-11513
-13591
-14282
-13686
-11942
-9169
-5530
-1423
2590
5911
8090
9138
9390
9156
8580
7614
6318
4897
3388
1836
371
-1155
-2957
-5053
-7324
-9437
-10924
-11480
-11087
-9884
-7942
-5316
-2141
1409
4968
7967
9916
10553
9843
8058
5700
3125
450
-2177
-4534
-6361
-7310
-7299
-6623
-5630
-4602
-3603
-2554
-1476
-385
750
1808
2739
3674
4628
5475
6030
6127
5703
4710
3175
1333
-591
-2375
-3782
-4760
-5220
-4923
-3926
-2476
-707
1126
2699
3843
4487
4645
4424
3871
3033
2050
1113
313
-375
-885
-1113
-1210
-1288
-1299
-1305
-1324
-1303
-1278
-1204
-975
-622
-258
5
131
125
6
-195
-495
-863
-1087
-1022
-742
-322
177
581
815
979
1078
934
500
-162
-957
-1669
-2079
-2135
-1856
-1262
-509
197
793
1292
1619
1642
1248
431
-668
-1775
-2555
-2797
-2571
-2158
-1743
-1319
-836
-345
-39
-177
-961
-2322
-3811
-4748
-4583
-3146
-608
2642
6130
9448
12328
14526
15594
14941
12242
7741
2172
-3501
-8382
-11936
-13971
-14437
-13428
-11158
-7811
-3651
647
4225
6585
7706
7828
7306
6455
5458
4481
3712
3201
2816
2370
1688
603
-1012
-3135
-5518
-7751
-9462
-10449
-10598
-9820
-8083
-5493
-2277
1178
4346
6725
8035
8241
7504
6056
4129
1905
-365
-2366
-3813
-4465
-4339
-3721
-2982
-2315
-1818
-1537
-1405
-1235
-917
-592
-117
517
1370
2464
3571
4561
4927
4624
3758
2369
862
-565
-1713
-2618
-3216
-3192
-2527
-1325
168
1761
3193
4213
4610
4226
3385
2281
1075
-125
-1171
-1673
-1871
-1842
-1559
-1105
-468
82
555
844
830
643
362
62
-251
-555
-873
-1226
-1651
-2056
-2366
-2648
-2782
-2647
-2302
-1700
-800
197
1230
2263
2990
3347
3369
2876
2003
921
-410
-1722
-2747
-3456
-3606
-3197
-2507
-1595
-675
-20
427
612
471
165
-281
-788
-1105
-1195
-1048
-620
-225
-195
-534
-1278
-2291
-3030
-3090
-2355
-792
1460
4160
7074
10022
12669
14278
14220
12280
8404
3216
-2135
-6986
-10904
-13365
-14225
-13546
-11363
-7837
-3408
1161
5063
7697
8806
8677
7760
6268
4565
3099
1982
1265
1001
955
821
274
-1002
-3011
-5470
-7994
-10107
-11384
-11588
-10622
-8445
-5110
-1052
3102
6765
9325
10354
9855
8146
5631
2656
-335
-2964
-5017
-6178
-6288
-5537
-4244
-2863
-1743
-967
-582
-507
-527
-511
-326
131
935
2075
3385
4692
5694
6036
5571
4259
2259
38
-2031
-3669
-4557
-4650
-4004
-2567
-542
1695
3857
5538
6369
6280
5354
3807
2020
306
-1192
-2376
-3100
-3270
-2985
-2352
-1496
-708
-222
-44
-20
-25
25
203
426
614
816
924
778
452
-92
-1007
-2178
-3372
-4372
-4890
-4778
-4087
-2899
-1359
311
1935
3284
4136
4353
3873
2811
1404
-40
-1250
-2096
-2522
-2517
-2235
-1850
-1429
-1067
-902
-974
-1232
-1597
-1881
-1842
-1406
-659
242
1083
1603
1625
1131
320
-440
-739
-293
961
2874
5109
7325
9340
10914
11582
10735
8057
3852
-1190
-6145
-10133
-12717
-13616
-12833
-10753
-7534
-3410
1040
5289
8615
10358
10462
9222
7183
4922
2846
1247
111
-565
-780
-783
-679
-783
-1702
-3438
-5602
-7815
-9481
-10196
-9918
-8727
-6642
-3645
-4
3777
7093
9156
9546
8484
6364
3612
747
-1936
-4332
-6160
-7089
-7049
-6031
-4210
-2228
-667
269
552
446
401
641
1071
1467
1856
2307
2825
3576
4346
4594
4062
2622
503
-1552
-3113
-4060
-4288
-4017
-3436
-2404
-753
1436
3850
6100
7695
8273
7852
6724
5208
3623
2043
373
-1369
-3043
-4265
-4933
-4934
-4357
-3708
-3002
-2236
-1218
72
1490
2906
3761
3956
3564
2691
1587
299
-1198
-2859
-4386
-5498
-5961
-5619
-4577
-3221
-1889
-746
156
930
1575
1894
1731
1110
169
-728
-1155
-1005
-500
71
440
442
164
-224
-654
-1154
-1817
-2689
-3564
-4072
-3955
-3193
-2059
-1035
-492
-449
-659
-689
-80
1291
3187
5321
7499
9615
11614
13323
14307
13970
11829
7818
2542
-3011
-8001
-11884
-14307
-15198
-14651
-12653
-9250
-4798
110
4727
8222
10126
10585
10034
8903
7554
6163
4748
3320
1924
607
-606
-1879
-3532
-5721
-8269
-10774
-12695
-13543
-13117
-11495
-8808
-5248
-1086
3286
7336
10440
12081
12014
10394
7719
4460
935
-2475
-5350
-7437
-8526
-8453
-7390
-5833
-4241
-2890
-1863
-1006
-136
820
1847
2860
3722
4484
5284
6012
6410
6254
5301
3418
916
-1655
-3856
-5407
-6202
-6301
-5737
-4463
-2501
18
2819
5456
7470
8564
8636
7878
6637
5106
3329
1401
-601
-2592
-4224
-5093
-5134
-4573
-3666
-2651
-1650
-549
772
2194
3380
4011
3913
3135
1959
695
-491
-1568
-2613
-3633
-4501
-4970
-4841
-4182
-3114
-1864
-815
37
828
1343
1550
1460
853
-115
-1109
-1883
-2243
-2251
-2063
-1798
-1569
-1327
-1017
-726
-579
-694
-974
-1198
-1237
-990
-523
-176
-320
-927
-1668
-2233
-2183
-1118
772
3194
5920
8581
11145
13543
15204
15536
13971
10235
4936
-838
-6106
-10279
-13101
-14395
-14165
-12555
-9628
-5585
-952
3497
6892
8702
8997
8231
6875
5277
3719
2459
1652
1285
1203
1163
843
-92
-1851
-4302
-6992
-9515
-11470
-12571
-12602
-11339
-8840
-5187
-797
3613
7379
9910
11034
10786
9247
6760
3697
373
-2811
-5494
-7187
-7672
-7238
-6264
-5218
-4268
-3380
-2516
-1527
-397
828
2042
3201
4343
5539
6672
7485
7753
7164
5642
3233
324
-2498
-4890
-6622
-7667
-7847
-6983
-5090
-2359
770
3771
6195
7728
8343
8194
7333
5937
4053
1941
-28
-1765
-3006
-3792
-4072
-3769
-3162
-2264
-1275
-322
678
1576
2403
3058
3291
3137
2545
1633
589
-620
-1828
-3016
-4123
-4971
-5462
-5407
-4737
-3542
-2044
-534
679
1487
1910
1979
1836
1459
884
180
-583
-1186
-1597
-1762
-1769
-1793
-1922
-2235
-2674
-3119
-3423
-3488
-3294
-2904
-2421
-1921
-1458
-982
-352
629
2132
4143
6427
8666
10586
12040
12937
13127
12352
10201
6611
2031
-2900
-7356
-10698
-12741
-13292
-12377
-10323
-7226
-3303
932
4914
7860
9266
9273
8286
6731
4912
3041
1383
148
-532
-672
-488
-361
-733
-1840
-3598
-5681
-7630
-9096
-9837
-9704
-8743
-6781
-3745
-146
3410
6310
7993
8425
7700
6020
3899
1633
-709
-2972
-4890
-6145
-6558
-6233
-5373
-4346
-3431
-2641
-2065
-1467
-662
329
1487
2855
4496
6012
7337
8269
8260
7588
6169
3778
890
-2063
-4694
-6832
-8070
-8117
-7167
-5199
-2554
437
3446
5827
7449
8298
8256
7474
5963
3817
1506
-574
-2024
-2788
-3186
-3132
-2739
-2421
-2169
-1883
-1629
-1428
-1136
-708
-311
256
1142
1875
2305
2550
2288
1493
511
-546
-1627
-2600
-3349
-3810
-3889
-3478
-2724
-1881
-1027
-269
178
376
536
609
444
157
-135
-438
-675
-757
-741
-723
-822
-1136
-1552
-1969
-2423
-2835
-3119
-3465
-3998
-4463
-4536
-3895
-2193
566
3993
7646
11023
13670
15553
16720
16706
14891
11088
5591
-755
-6746
-11498
-14706
-16218
-15989
-14247
-11238
-7124
-2225
2824
7155
9961
10943
10436
9007
7128
5166
3437
2141
1308
812
481
143
-431
-1516
-3242
-5438
-7671
-9489
-10625
-10982
-10459
-8865
-6098
-2318
1883
5656
8260
9376
9121
7820
5850
3516
1019
-1521
-3888
-5664
-6461
-6243
-5366
-4314
-3447
-2914
-2714
-2674
-2460
-1792
-680
768
2473
4296
6077
7715
8975
9405
8676
6679
3531
-243
-3793
-6478
-8129
-8784
-8493
-7245
-5038
-2035
1310
4353
6545
7550
7410
6431
4994
3431
1999
799
-75
-534
-697
-539
-248
-6
26
-285
-724
-1397
-2004
-2242
-2133
-1646
-989
-202
502
986
1309
1279
837
109
-673
-1386
-1956
-2248
-2220
-1907
-1339
-610
-48
189
149
-77
-309
-566
-766
-1027
-1423
-1751
-2090
-2232
-2231
-2109
-1837
-1692
-1625
-1678
-1662
-1531
-1522
-1805
-2433
-3147
-3517
-3133
-1689
931
4299
7865
10949
13317
15045
15879
15547
13378
9289
3726
-2463
-8014
-12186
-14542
-15184
-14352
-12155
-8806
-4518
283
4944
8653
10783
11197
10263
8510
6410
4360
2664
1495
715
109
-407
-816
-1252
-2048
-3535
-5606
-7756
-9504
-10501
-10656
-9692
-7679
-4887
-1404
2183
5339
7455
8396
8279
6992
4888
2254
-457
-2829
-4668
-5738
-5952
-5439
-4556
-3534
-2485
-1574
-1047
-1016
-1305
-1535
-1355
-650
602
2387
4373
6134
7451
8203
8118
7062
5108
2397
-674
-3710
-6081
-7405
-7518
-6316
-4177
-1320
1691
4313
6277
7290
7496
6746
5069
2745
113
-2032
-3374
-3847
-3600
-2860
-1575
-171
1113
2113
2573
2435
1640
577
-448
-1237
-1579
-1603
-1502
-1380
-1143
-800
-545
-467
-591
-1001
-1746
-2559
-3082
-3067
-2576
-1931
-1224
-615
40
686
1218
1589
1428
912
44
-816
-1465
-1954
-2162
-2357
-2326
-2121
-1615
-1040
-831
-1280
-2671
-4381
-5904
-6362
-5254
-2674
1044
5160
9404
13347
16850
19657
20764
19202
14717
8056
437
-6672
-12284
-16037
-17655
-17316
-15361
-12078
-7432
-1695
3954
8542
11142
11562
10447
8325
5756
3177
1234
182
-155
112
556
937
928
30
-1748
-4086
-6580
-8862
-10556
-11509
-11244
-9292
-5921
-1583
2731
6297
8644
9543
9308
7818
5427
2536
-792
-4026
-6476
-7632
-7333
-6109
-4663
-3312
-2298
-1532
-1074
-832
-607
-585
-556
-296
580
2112
3982
5940
7427
8233
8150
7016
4992
2409
-299
-2884
-5084
-6595
-7074
-6403
-4760
-2450
203
2731
4624
5721
6049
5650
4623
3201
1533
-94
-1305
-1834
-1608
-895
112
995
1502
1524
1121
441
-463
-1275
-2184
-2825
-3039
-2910
-2119
-1111
-47
796
1161
1084
801
715
587
315
-162
-829
-1524
-2097
-2383
-2512
-2626
-2809
-2990
-2964
-2644
-2057
-1324
-568
47
476
689
605
327
-99
-444
-686
-961
-1311
-1939
-2665
-3467
-4216
-4553
-4236
-2820
-422
2593
5799
8744
11449
13688
15127
15161
13132
9187
3916
-1557
-6338
-9976
-12068
-12602
-11625
-9452
-6359
-2519
1650
5471
8166
9271
8812
7195
4896
2551
696
-284
-463
-237
55
152
125
-274
-1098
-2488
-4304
-6131
-7840
-8919
-9283
-8547
-6559
-3591
9
3361
6050
7655
8105
7495
5886
3553
647
-2390
-5022
-6635
-6922
-6060
-4532
-2912
-1515
-494
149
443
468
268
-96
-448
-484
77
1225
2659
3955
4799
4984
4473
3369
1865
171
-1577
-3174
-4352
-4831
-4421
-3078
-1013
1357
3480
4925
5670
5751
5364
4467
3017
1320
-417
-1695
-2344
-2340
-1679
-776
212
966
1409
1665
1549
1119
296
-657
-1439
-1929
-1948
-1710
-1139
-523
-66
274
399
588
573
419
129
-423
-714
-959
-1210
-1315
-1592
-2035
-2501
-2772
-2734
-2515
-2115
-1709
-1316
-820
-368
14
246
282
136
-23
-104
-419
-742
-1124
-1848
-2676
-3572
-4158
-4057
-2990
-731
2189
5404
8338
10551
12308
13493
13749
12363
9179
4632
-607
-5442
-9162
-11350
-11916
-11069
-9305
-6799
-3595
112
3991
7122
9028
9403
8360
6335
3772
1611
243
-265
-185
-49
-26
-35
-82
-541
-1671
-3362
-5299
-7166
-8572
-9099
-8458
-6554
-3659
-293
2968
5633
7433
8284
8140
6916
4595
1409
-2110
-5246
-7405
-8311
-8042
-6936
-5429
-3830
-2222
-662
683
1590
1995
2043
1966
1958
2187
2744
3544
4300
4715
4592
3815
2386
437
-1717
-3739
-5330
-6248
-6245
-5235
-3346
-892
1600
3867
5580
6617
6933
6378
5198
3440
1488
-272
-1600
-2171
-2133
-1583
-783
-19
603
951
1038
817
287
-473
-1278
-1960
-2368
-2390
-2004
-1283
-451
295
857
1252
1521
1655
1623
1420
1059
562
-11
-583
-1098
-1565
-2050
-2522
-2872
-3019
-2934
-2675
-2285
-1797
-1236
-692
-233
35
51
-156
-566
-902
-1109
-1143
-1094
-1273
-1634
-2311
-3051
-3507
-3358
-2178
-140
2455
5065
7333
9323
11081
12399
12587
10985
7520
2904
-1832
-5828
-8665
-10177
-10379
-9468
-7629
-5013
-1641
2234
5842
8192
8877
8079
6155
3623
1115
-647
-1420
-1158
-463
52
470
755
874
348
-781
-2425
-4549
-6640
-8467
-9321
-8793
-6748
-3556
-111
3071
5404
6790
7272
6818
5450
3226
494
-2446
-5060
-6713
-7027
-6205
-4819
-3188
-1744
-593
303
813
1048
920
656
464
519
1177
2265
3559
4671
5241
5132
4204
2575
477
-1758
-3828
-5465
-6379
-6269
-5082
-3091
-671
1802
4014
5690
6592
6565
5698
4240
2379
391
-1235
-2129
-2319
-1946
-1134
-103
883
1635
1980
1800
1149
138
-1091
-2319
-3238
-3611
-3359
-2511
-1291
-2
1073
1796
2147
2241
2133
1777
1147
253
-669
-1543
-2116
-2263
-2301
-2270
-2265
-2187
-2031
-1795
-1269
-764
-389
-273
-503
-755
-970
-991
-957
-920
-676
-436
-277
-558
-1355
-2363
-3386
-3954
-3717
-2263
416
3658
6717
9220
11385
13350
14556
13989
11081
6268
650
-4736
-9224
-12246
-13380
-12682
-10792
-8308
-5203
-1171
3487
7660
10217
10803
9753
7518
4579
1640
-428
-1189
-1031
-657
-433
-234
-2
-13
-616
-1846
-3583
-5692
-7886
-9659
-10075
-8691
-5638
-1682
2079
5175
7264
8392
8512
7483
5523
2639
-882
-4552
-7522
-8893
-8591
-7187
-5416
-3641
-1934
-372
883
1706
2034
1823
1183
491
325
1020
2410
4026
5399
6228
6275
5408
3769
1670
-611
-2998
-5336
-7109
-7627
-6611
-4351
-1452
1521
4238
6180
7111
6990
6005
4481
2413
296
-1428
-2402
-2515
-2108
-1191
54
1319
2092
2058
1517
596
-586
-2051
-3710
-4959
-5377
-4960
-3720
-1649
642
2568
3849
4285
4184
3599
2636
1469
-24
-1491
-2819
-3797
-4199
-4144
-3540
-2859
-2242
-1757
-1627
-1430
-1187
-938
-855
-1010
-1265
-1359
-859
-54
947
1630
1511
578
-1092
-2780
-3991
-4260
-3429
-1687
833
3829
6952
10034
13024
15346
15886
13711
9153
3267
-2563
-7352
-11018
-13282
-13956
-12896
-10570
-7426
-3278
1465
5886
8845
9888
9457
8162
6391
4141
1714
-107
-800
-642
-207
203
554
661
90
-1383
-3434
-5335
-6840
-8192
-9166
-9183
-7836
-5123
-1618
2002
5168
7250
8127
8040
7070
5368
2955
-210
-3616
-6314
-7602
-7404
-6252
-4710
-3182
-1937
-988
-349
278
889
1181
1115
712
557
915
1804
3093
4276
5086
5083
4157
2572
722
-982
-2498
-3855
-4884
-5178
-4442
-2789
-664
1505
3419
4843
5580
5493
4661
3330
1746
218
-953
-1545
-1560
-1141
-369
606
1611
2308
2300
1629
638
-657
-2126
-3415
-4404
-4751
-4460
-3686
-2357
-651
1045
2253
3045
3402
3325
3084
2429
1452
230
-1212
-2459
-3381
-3792
-3760
-3465
-2940
-2431
-1841
-1191
-449
228
571
626
200
-340
-588
-514
-82
295
113
-715
-2136
-3757
-4757
-4712
-3515
-1544
839
3498
6238
9198
12169
14690
15729
14144
9984
4212
-1546
-6318
-9897
-12115
-13101
-12791
-11388
-8916
-5049
-168
4784
8305
9711
9507
8328
6696
4665
2608
1094
301
28
-85
-81
83
178
-266
-1466
-3154
-4877
-6364
-7524
-8148
-7926
-6536
-3981
-753
2483
5170
6917
7575
7275
6161
4304
1866
-952
-3855
-6220
-7411
-7429
-6730
-5589
-4087
-2403
-842
347
1183
1836
2208
2047
1539
1235
1415
2007
2842
3632
4030
3823
2979
1641
99
-1423
-2810
-3882
-4411
-4263
-3408
-1968
-184
1704
3411
4554
4949
4687
3850
2562
1162
-22
-909
-1454
-1529
-1078
-175
947
1906
2331
2093
1324
236
-970
-2112
-2978
-3367
-3207
-2638
-1891
-1060
-174
658
1308
1729
1885
1831
1731
1578
1174
517
-223
-1022
-1885
-2671
-3214
-3408
-3221
-2815
-2332
-1753
-1116
-555
-120
121
61
-120
-68
279
655
682
6
-1423
-3173
-4619
-5217
-4645
-2942
-507
2139
4670
7130
9774
12438
14190
13948
11279
6675
1333
-3571
-7465
-10166
-11529
-11630
-10839
-9238
-6389
-2171
2685
6832
9057
9348
8504
7023
5187
3256
1587
640
217
-283
-871
-1203
-1158
-1125
-1740
-3045
-4499
-5736
-6749
-7461
-7421
-6170
-3777
-753
2292
4883
6749
7786
8039
7603
6490
4599
1844
-1576
-4981
-7463
-8516
-8377
-7600
-6478
-5066
-3509
-2056
-774
494
1722
2559
2784
2601
2476
2658
3110
3747
4314
4434
3742
2186
429
-855
-1766
-2613
-3435
-3983
-3832
-2998
-1718
70
2109
3732
4522
4335
3422
2316
1230
311
-192
-467
-780
-1028
-1070
-674
192
982
1126
600
-197
-856
-1351
-1711
-1717
-1305
-663
-22
454
794
1115
1319
1365
1175
733
372
98
-333
-915
-1331
-1681
-2020
-2205
-2422
-2429
-2318
-2170
-2008
-1831
-1241
-556
-91
158
262
363
537
751
903
921
608
-344
-2018
-3731
-4964
-5226
-4120
-1898
1073
4055
6827
9434
11888
13940
14469
12643
8539
3206
-2155
-6789
-10433
-12732
-13358
-12592
-10767
-8207
-4618
-16
4569
8004
9471
9434
8541
6953
4971
2980
1781
1344
1034
548
-87
-414
-800
-1596
-2880
-4409
-5731
-7031
-8039
-8420
-7565
-5180
-1851
1728
4750
7036
8456
8878
8406
7140
5202
2553
-709
-4175
-6998
-8466
-8594
-7921
-6834
-5471
-4093
-2909
-1894
-836
354
1502
2268
2559
2649
2824
3220
3814
4526
5058
4911
3765
1890
-61
-1586
-2672
-3561
-4074
-4079
-3511
-2450
-1101
780
2876
4474
5060
4441
3181
1673
334
-508
-1084
-1288
-1226
-1105
-762
-155
784
1602
1761
1223
105
-950
-1654
-2046
-1913
-1449
-813
-202
246
743
1108
1362
1367
842
222
-245
-484
-692
-1055
-1272
-1387
-1428
-1435
-1549
-1672
-1688
-1659
-1699
-1718
-1452
-867
-366
-97
-123
-171
38
288
428
-50
-1262
-2932
-4483
-5200
-4889
-3257
-549
2536
5412
7866
10152
12501
14504
14990
12923
8414
2767
-2789
-7358
-10704
-12721
-13063
-12133
-10351
-7881
-4317
380
5004
8385
9832
9633
8456
6560
4258
2119
813
295
1
-435
-860
-953
-1097
-1784
-3178
-4774
-5949
-6874
-7562
-7802
-6918
-4468
-1088
2450
5355
7430
8757
9081
8450
6861
4672
2080
-1071
-4323
-7045
-8517
-8746
-8271
-7304
-5961
-4193
-2442
-1189
-278
603
1454
2017
2331
2606
2942
3319
3746
4212
4590
4548
3684
2053
199
-1286
-2233
-2876
-3338
-3414
-2892
-1900
-706
614
1999
3138
3571
3019
1760
429
-630
-1334
-1633
-1564
-1250
-987
-760
-231
525
1257
1728
1505
656
-255
-898
-1186
-1138
-752
-85
509
775
707
537
547
476
60
-316
-514
-730
-861
-863
-854
-712
-427
-399
-754
-1234
-1699
-2061
-2188
-2185
-2165
-1926
-1532
-1252
-892
-121
961
1907
2009
847
-1154
-3340
-5176
-6008
-5321
-3112
-13
3065
5725
8256
11033
13780
15261
14204
10495
5165
-553
-5858
-10227
-13092
-14076
-13455
-11938
-9776
-6428
-1591
3821
8112
10224
10391
9336
7492
5157
2973
1613
1137
889
333
-399
-948
-1220
-1719
-2740
-4089
-5528
-6856
-8158
-8906
-8241
-5842
-2121
1736
5091
7801
9790
10909
10716
9397
7217
4262
650
-3443
-7009
-9223
-9925
-9541
-8713
-7506
-5919
-4048
-2095
-228
1415
2673
3322
3348
3209
3138
3292
3519
3586
3619
3309
2600
1478
89
-1045
-2077
-2947
-3699
-4129
-3704
-2631
-997
635
1915
2908
3369
3482
3093
2202
1107
-136
-1121
-1739
-1941
-1708
-1290
-876
-578
-329
-116
78
5
-294
-559
-718
-485
-126
474
1307
2019
2367
1922
1014
63
-697
-1226
-1583
-1668
-1458
-1141
-904
-584
-88
590
971
802
258
-481
-1055
-1644
-2109
-2213
-2055
-1734
-1685
-1645
-1097
-58
1030
1184
130
-1637
-3470
-4625
-4698
-3387
-800
2259
4985
7163
9335
11922
14286
14952
12836
8162
2213
-3658
-8596
-12032
-13610
-13460
-12269
-10625
-8279
-4532
560
5678
9208
10517
10124
8750
6738
4385
2361
1302
1072
894
274
-470
-843
-986
-1554
-2869
-4583
-6234
-7708
-8953
-9416
-8262
-5255
-1166
2863
6210
8846
10699
11418
10776
8986
6366
2942
-1234
-5510
-8743
-10248
-10264
-9497
-8406
-7081
-5537
-3814
-1939
57
1913
3203
3751
3856
4022
4448
4968
5349
5480
5235
4386
2827
853
-1016
-2495
-3700
-4746
-5393
-5226
-4114
-2320
-226
1854
3622
4738
4975
4376
3169
1625
16
-1405
-2459
-3061
-3196
-2927
-2405
-1761
-1042
-303
269
472
342
123
-18
-103
-150
-9
511
1337
2103
2398
2089
1348
424
-503
-1342
-1954
-2188
-2051
-1746
-1472
-1195
-744
-60
654
1081
1084
756
278
-222
-621
-849
-994
-1266
-1683
-1885
-1474
-613
-86
-598
-2108
-3854
-4982
-4974
-3634
-1061
2230
5418
7934
9953
12110
14449
15809
14657
10554
4525
-1885
-7535
-11804
-14309
-14907
-13999
-12340
-10169
-6790
-1714
4068
8675
10960
11205
10111
8075
5450
2988
1396
700
199
-749
-1860
-2545
-2503
-2369
-2845
-3869
-5335
-6910
-8374
-9146
-8445
-6089
-2251
1979
5705
8770
11110
12683
12938
11750
9330
5761
1425
-3356
-7584
-10295
-11291
-11063
-10410
-9324
-7731
-5887
-4055
-2230
-282
1612
3101
4064
4693
5182
5634
5819
5864
5770
5209
4008
2014
-209
-2283
-3974
-5143
-5928
-6023
-5311
-3801
-1730
514
2680
4348
5173
5038
4168
2957
1722
549
-504
-1267
-1751
-2183
-2610
-2629
-1999
-1156
-705
-764
-1074
-1394
-1514
-1314
-792
14
1084
2269
3231
3699
3598
3025
2161
1083
-81
-997
-1646
-2229
-2632
-2793
-2671
-2090
-1264
-588
-100
137
24
-155
-159
-145
-261
-483
-898
-1396
-1606
-1344
-645
59
-99
-1431
-3376
-5095
-5866
-5329
-3422
-281
3474
6976
9782
12088
14267
16031
16138
13402
8020
1551
-4529
-9656
-13550
-15716
-15941
-14705
-12665
-9799
-5538
64
5673
9575
11111
10810
9440
7404
5063
3100
2042
1645
1138
155
-969
-1730
-2102
-2563
-3517
-4878
-6292
-7599
-8642
-8903
-7707
-4807
-727
3462
6916
9548
11589
12817
12719
11160
8400
4648
65
-4735
-8656
-10836
-11388
-11105
-10510
-9549
-8052
-6129
-3980
-1727
498
2415
3731
4526
5202
6007
6774
7219
7259
6868
5831
3932
1357
-1333
-3645
-5406
-6583
-7012
-6506
-5132
-3155
-875
1415
3357
4687
5263
5043
4171
2900
1426
-74
-1357
-2293
-2867
-3005
-2684
-2077
-1393
-811
-522
-532
-593
-573
-579
-623
-488
42
945
2002
2844
3143
2854
2134
1115
-83
-1163
-1872
-2278
-2586
-2867
-2995
-2772
-2056
-994
34
745
1129
1274
1189
912
577
253
-201
-858
-1460
-1614
-1221
-616
-446
-1192
-2729
-4438
-5649
-5838
-4647
-2101
1323
4925
8149
10899
13436
15679
16736
15446
11403
5432
-977
-6679
-11247
-14450
-15937
-15685
-14192
-11829
-8373
-3590
1907
6717
9715
10810
10557
9320
7277
4984
3262
2392
1804
868
-319
-1204
-1695
-2303
-3397
-4784
-6142
-7464
-8749
-9537
-9092
-7029
-3636
377
4341
7857
10707
12618
13215
12357
10309
7317
3449
-1045
-5373
-8610
-10410
-11170
-11284
-10696
-9275
-7223
-5180
-3258
-1400
396
2110
3306
4267
5285
6320
7033
7174
7042
6454
5213
3325
988
-1439
-3273
-4489
-5547
-6166
-6031
-4903
-3170
-1044
1216
2943
4091
4623
4490
3758
2874
2038
1111
-93
-1383
-2247
-2730
-2650
-2227
-1762
-1429
-1495
-1665
-1678
-1300
-698
-157
253
819
1620
2380
2899
2870
2556
1945
993
-33
-1020
-1604
-1913
-2224
-2587
-2809
-2517
-1792
-992
-493
-298
-150
184
609
760
832
641
70
-316
-496
-448
-324
-532
-1405
-2961
-4500
-5493
-5619
-4646
-2436
799
4302
7490
10230
12758
14985
16051
14877
11151
5686
-211
-5576
-10031
-13243
-14828
-14802
-13694
-11862
-8935
-4542
678
5232
7977
9051
9226
8685
7411
5781
4372
3628
3145
2146
755
-467
-1401
-2295
-3472
-4897
-6205
-7294
-8302
-9066
-8828
-6919
-3628
201
3906
7028
9433
11155
11916
11375
9686
7184
3808
-368
-4625
-7975
-9862
-10526
-10650
-10402
-9394
-7680
-5838
-4047
-1915
462
2393
3663
4713
5925
7068
7549
7308
6751
6034
5038
3402
1145
-1023
-2770
-4326
-5657
-6477
-6393
-5274
-3614
-1862
-88
1542
2754
3504
3864
3755
3189
2417
1498
323
-864
-1631
-1963
-2190
-2370
-2267
-1857
-1476
-1304
-1120
-682
-96
356
669
1073
1647
2181
2456
2420
2096
1556
898
194
-512
-1097
-1429
-1631
-1932
-2280
-2415
-2262
-1944
-1622
-1364
-1047
-531
42
402
494
368
73
-258
-457
-425
-165
-92
-881
-2607
-4477
-5609
-5541
-4155
-1607
1695
5107
7954
10170
12339
14517
15572
14216
10175
4407
-1537
-6566
-10462
-13070
-14017
-13542
-12455
-10953
-8361
-4124
1207
5967
8679
9375
9038
8114
6524
4706
3511
3188
3012
2142
656
-614
-1356
-2227
-3785
-5690
-7265
-8368
-9258
-9770
-9078
-6538
-2554
1712
5340
8166
10425
12017
12432
11452
9451
6746
3220
-1014
-5152
-8102
-9386
-9528
-9339
-8941
-7987
-6575
-5081
-3538
-1832
-109
1392
2573
3564
4675
5955
6917
7152
6779
5980
4696
2936
920
-1104
-2963
-4554
-5773
-6386
-6126
-4905
-2973
-827
1052
2457
3443
4047
4192
3871
3219
2377
1331
56
-1202
-1974
-2081
-1895
-1864
-2005
-2002
-1757
-1464
-1194
-778
-192
289
472
570
953
1626
2185
2291
1965
1441
859
250
-339
-793
-1058
-1297
-1658
-1998
-2107
-1974
-1673
-1336
-1095
-869
-487
-71
157
215
101
-243
-616
-748
-596
-260
-114
-742
-2221
-3934
-5221
-5603
-4643
-2296
916
4251
7117
9418
11605
13820
15130
14206
10622
5263
-438
-5465
-9415
-11959
-12816
-12283
-11139
-9696
-7418
-3647
1251
5687
8196
8765
8299
7205
5414
3381
2090
1929
2111
1576
279
-809
-1143
-1350
-2254
-3801
-5382
-6774
-8204
-9473
-9552
-7524
-3716
533
4129
6916
9232
11044
11820
11255
9574
6949
3292
-1094
-5314
-8317
-9565
-9542
-9262
-8966
-8059
-6432
-4644
-2973
-1271
453
1908
2823
3383
4199
5427
6439
6772
6533
5792
4536
2954
1175
-776
-2619
-4081
-5188
-5905
-5937
-5009
-3128
-744
1399
2854
3744
4259
4292
3752
2844
1898
995
-45
-1240
-2203
-2501
-2187
-1715
-1440
-1336
-1274
-1228
-1176
-1000
-620
-169
139
339
756
1530
2336
2784
2719
2149
1207
154
-787
-1411
-1607
-1695
-2086
-2563
-2611
-2261
-1830
-1368
-866
-460
-198
-9
166
383
589
599
329
-18
-162
-49
0
-498
-1752
-3497
-5157
-6091
-5744
-3899
-879
2589
5822
8564
10966
13179
14806
14824
12368
7625
1790
-3772
-8219
-11285
-12908
-13096
-12220
-10800
-8706
-5243
-406
4460
7750
8986
8804
7818
6142
4096
2509
1920
1955
1847
1230
416
-37
-151
-696
-2185
-4208
-6151
-7928
-9450
-10014
-8807
-5793
-1799
2132
5428
8148
10418
11878
12043
10861
8556
5232
1074
-3324
-6984
-9067
-9597
-9380
-8952
-8125
-6785
-5273
-3815
-2236
-430
1239
2252
2657
3141
4099
5143
5799
6042
5921
5278
3997
2204
217
-1602
-3151
-4566
-5759
-6279
-5759
-4249
-2045
402
2519
3978
4837
5111
4711
3816
2770
1648
380
-994
-2276
-3064
-3085
-2602
-2053
-1549
-1187
-1168
-1324
-1237
-819
-311
117
480
983
1769
2565
2908
2764
2428
1886
945
-169
-985
-1379
-1615
-1956
-2475
-2852
-2698
-2131
-1600
-1213
-857
-531
-206
139
346
426
474
317
-86
-397
-372
-183
-201
-871
-2351
-4178
-5532
-5854
-4900
-2524
648
3798
6556
8858
11148
13250
14359
13501
10197
5435
302
-4484
-8386
-11252
-12594
-12422
-11240
-9387
-6843
-3056
1561
5523
7763
8350
7960
6877
5172
3363
2243
1989
1898
1284
343
-253
-462
-890
-1980
-3610
-5314
-6856
-8260
-9371
-9464
-7807
-4474
-401
3315
6446
8995
10903
11808
11296
9678
7078
3598
-642
-4911
-7873
-9235
-9481
-9226
-8531
-7276
-5768
-4258
-2730
-1059
578
1812
2573
3288
4254
5229
5815
5951
5865
5521
4715
3371
1633
-324
-2402
-4538
-6409
-7469
-7337
-5947
-3750
-1122
1408
3469
5155
6187
6459
5823
4518
2858
809
-1259
-3058
-4183
-4429
-4022
-3255
-2376
-1441
-603
-44
256
474
637
636
465
362
637
1213
1758
2093
2306
2295
1720
614
-561
-1380
-1746
-1959
-2377
-2946
-3319
-3167
-2542
-1759
-937
-197
277
690
1126
1379
1456
1309
712
-157
-789
-991
-963
-1078
-1852
-3319
-4846
-5987
-6447
-5611
-3305
-18
3589
6806
9347
11582
13729
15163
14713
11784
7028
1650
-3456
-7836
-11079
-12682
-12630
-11670
-10321
-8055
-4237
569
4868
7541
8458
8206
7282
5763
4003
2732
2177
1840
1306
694
202
-201
-770
-1857
-3433
-5209
-7085
-8753
-9675
-9506
-7926
-4966
-1200
2791
6416
9266
11244
12027
11342
9439
6698
3291
-648
-4666
-7882
-9668
-10132
-9751
-8869
-7565
-5922
-4122
-2282
-523
973
2125
2940
3594
4344
5060
5481
5733
5905
5788
5101
3532
1260
-963
-2841
-4554
-6018
-6938
-6968
-5853
-3897
-1594
860
3186
4959
5957
6164
5730
4761
3215
1232
-776
-2356
-3259
-3617
-3646
-3328
-2797
-2278
-1753
-1260
-814
-295
91
159
334
906
1672
2476
3117
3346
3159
2563
1589
503
-458
-1225
-1850
-2463
-3054
-3425
-3317
-2679
-1879
-1250
-743
-286
78
361
588
767
880
768
236
-552
-1174
-1378
-1260
-1237
-1769
-2897
-4208
-5282
-5652
-4750
-2481
650
3973
6874
9102
10970
12833
14228
13894
11081
6373
943
-4174
-8290
-11181
-12586
-12375
-11270
-9844
-7471
-3626
978
5013
7447
8223
8012
7205
5861
4268
2922
2159
1829
1482
936
354
-102
-598
-1542
-3088
-4947
-6713
-8031
-8614
-8241
-6768
-4161
-692
2951
6142
8656
10340
10908
10233
8516
5955
2615
-1312
-5198
-8167
-9675
-9907
-9456
-8639
-7337
-5516
-3586
-1925
-369
1294
2746
3612
4031
4412
4846
5186
5381
5368
5052
4199
2539
407
-1593
-3331
-4761
-5797
-6347
-6066
-4926
-3262
-1227
976
2968
4435
5242
5440
5023
3992
2625
1169
-301
-1657
-2649
-3066
-2876
-2290
-1608
-1040
-643
-404
-269
-138
26
157
282
589
1228
2022
2537
2502
2029
1353
600
-135
-749
-1201
-1644
-2268
-2997
-3454
-3288
-2553
-1697
-1037
-657
-451
-166
183
493
795
834
399
-306
-979
-1156
-667
-161
-361
-1497
-3219
-4728
-5351
-4737
-2766
269
3571
6266
8119
9742
11673
13394
13524
11131
6682
1475
-3500
-7782
-10935
-12430
-12285
-11252
-9916
-7942
-4584
11
4449
7327
8426
8397
7607
6047
4102
2507
1685
1396
918
-5
-785
-1166
-1511
-2045
-2923
-4168
-5399
-6411
-7220
-7444
-6499
-4112
-598
3042
6007
8267
9856
10533
10110
8658
6470
3685
239
-3558
-6824
-8761
-9351
-9195
-8660
-7618
-6024
-4233
-2599
-1133
393
1924
3059
3617
3948
4446
4950
5093
4943
4637
3971
2792
1064
-973
-2783
-4205
-5265
-5772
-5551
-4504
-2820
-955
976
2930
4533
5466
5574
4838
3540
2023
467
-1055
-2370
-3127
-3217
-2924
-2418
-1744
-1058
-381
242
588
698
697
458
159
171
504
1100
1732
1985
1861
1567
1038
338
-388
-1041
-1400
-1665
-1987
-2391
-2664
-2362
-1733
-1018
-531
-352
-62
220
446
649
642
401
-236
-1128
-1655
-1583
-1036
-739
-1304
-2290
-3394
-4236
-4417
-3752
-1840
1063
4273
6932
8614
10017
11501
12700
12560
10016
5583
509
-4135
-7894
-10685
-11966
-11848
-10957
-9559
-7534
-4174
277
4468
7241
8302
8377
7816
6518
4801
3301
2489
2085
1405
250
-781
-1180
-1320
-1907
-3059
-4476
-5917
-7058
-7619
-7449
-6255
-3752
-321
3114
5876
7844
9112
9586
9055
7563
5364
2476
-1156
-4951
-7833
-9225
-9434
-9041
-8240
-6945
-5297
-3643
-2065
-386
1314
2683
3510
3927
4252
4655
4979
5042
4986
4813
4093
2500
390
-1601
-3250
-4604
-5633
-6069
-5649
-4381
-2604
-551
1725
3977
5729
6382
6008
4862
3230
1517
-289
-1882
-3060
-3719
-3874
-3703
-2929
-1764
-693
24
396
693
901
869
553
308
478
1013
1708
2167
2350
2247
1810
1036
-56
-881
-1365
-1788
-2245
-2815
-3100
-2980
-2398
-1514
-794
-217
109
317
558
709
801
552
32
-658
-1400
-1766
-1687
-1243
-916
-1216
-2221
-3548
-4504
-4729
-4056
-2296
429
3445
6078
8203
10153
12200
13810
13758
11268
6867
1793
-3024
-7153
-10352
-12284
-12727
-11998
-10543
-8131
-4251
659
5186
8110
9220
9094
8257
6787
4901
3221
2089
1225
329
-530
-1129
-1373
-1534
-2119
-3309
-4699
-5827
-6677
-7348
-7567
-6660
-4233
-808
2629
5544
7932
9749
10547
10024
8496
6204
3118
-550
-4303
-7340
-9031
-9602
-9454
-8718
-7565
-6084
-4334
-2422
-389
1571
3037
3789
4004
4137
4458
4801
5058
5238
5062
4204
2555
356
-1703
-3252
-4589
-5709
-6199
-5852
-4663
-2804
-595
1746
3886
5252
5586
5327
4780
3819
2472
878
-685
-1879
-2810
-3539
-3649
-3017
-2036
-1275
-941
-717
-450
-230
-183
-299
-67
725
1647
2442
2968
3141
2996
2404
1473
559
-158
-820
-1726
-2717
-3362
-3606
-3433
-2877
-2159
-1300
-530
-97
287
808
1213
1207
767
127
-524
-1103
-1542
-1826
-1812
-1498
-1465
-2222
-3421
-4365
-4697
-4239
-2760
-300
2596
5252
7310
9068
11062
13097
14008
12607
8846
3782
-1307
-5788
-9406
-11811
-12699
-12139
-10812
-8923
-6026
-1829
2912
6716
8693
9022
8693
7749
6010
4024
2380
1702
1306
295
-953
-1744
-1776
-1831
-2883
-4517
-5852
-6731
-7321
-7718
-7115
-4823
-1300
2418
5195
7315
9150
10063
9901
8746
6904
4509
1187
-2894
-6757
-9111
-9888
-9959
-9535
-8506
-6764
-4599
-2549
-682
1134
2785
3831
4150
4195
4340
4654
4975
5043
4866
4363
3057
1060
-986
-2722
-4075
-5160
-5817
-5623
-4643
-3164
-1291
772
2762
4361
5230
5223
4477
3277
1773
188
-1124
-2139
-2876
-3279
-3378
-2992
-2205
-1415
-757
-263
4
165
176
149
483
1182
2203
3145
3558
3348
2691
2001
1155
232
-668
-1541
-2279
-3025
-3580
-3830
-3544
-2604
-1607
-948
-447
-4
356
752
991
922
762
448
-217
-1084
-1820
-2105
-1808
-1372
-1430
-2175
-3282
-4240
-4640
-4126
-2396
449
3727
6524
8498
10236
12347
14279
14584
12376
8021
2611
-2797
-7567
-11286
-13351
-13515
-12550
-11255
-9240
-5676
-787
4089
7571
9151
9294
8557
7022
5012
3297
2319
1876
1368
418
-702
-1453
-1719
-2151
-3269
-4551
-5524
-6428
-7263
-7616
-6835
-4414
-891
2569
5390
7654
9417
10298
10085
8977
7066
4376
862
-3289
-7092
-9301
-9852
-9695
-9268
-8238
-6639
-4852
-2834
-873
1012
2861
4044
4584
4726
4766
4943
4963
4868
4606
3806
2336
335
-1677
-3357
-4672
-5536
-5925
-5660
-4716
-3328
-1385
840
2775
4370
5327
5500
4967
3635
2091
641
-627
-1727
-2787
-3333
-3327
-2973
-2356
-1695
-1126
-553
-126
5
180
453
932
1411
1880
2627
3204
3296
2712
1813
1147
412
-566
-1564
-2376
-2875
-3169
-3426
-3329
-2628
-1667
-813
-207
262
669
880
773
461
210
175
41
-632
-1521
-2003
-1980
-1795
-1948
-2634
-3449
-4095
-4592
-4501
-3148
-556
2563
5437
7636
9462
11581
13680
14418
12854
9111
4065
-1124
-5728
-9557
-12211
-13228
-12939
-11954
-10129
-6949
-2412
2635
6742
8906
9499
9261
8186
6318
4321
2787
1808
1088
112
-995
-1617
-1702
-1940
-2823
-4042
-5163
-5988
-6671
-7023
-6463
-4515
-1292
1971
4672
6866
8544
9657
9791
8816
6790
4066
780
-3078
-6576
-8899
-9930
-9867
-9230
-8196
-6565
-4612
-2689
-920
762
2490
3785
4448
4862
5074
5098
4940
4456
3926
3268
2077
621
-952
-2444
-3625
-4515
-4870
-4613
-3806
-2724
-1295
736
2800
4452
5314
5283
4845
3841
2272
518
-1065
-2070
-2648
-2924
-2977
-2827
-2340
-1750
-1140
-504
-94
121
300
437
777
1342
1908
2421
2695
2592
2112
1376
544
-410
-1341
-2070
-2750
-3292
-3534
-3519
-2927
-1758
-685
-35
445
907
1166
1103
857
525
252
102
-301
-1031
-1493
-1472
-1278
-1130
-1287
-2007
-3051
-4012
-4645
-4531
-3140
-574
2352
5011
7334
9442
11536
13403
13932
12209
8573
3840
-1260
-5994
-9928
-12571
-13493
-13035
-11805
-9693
-6360
-1894
2941
6787
9017
9698
9255
7969
6013
4147
2751
1861
972
-306
-1436
-2012
-2099
-2380
-3230
-4296
-5175
-5779
-6349
-6684
-6089
-4119
-1126
2143
5017
7181
8815
9881
9932
8900
7081
4527
1189
-2542
-5888
-8290
-9555
-9686
-9130
-8218
-6788
-5142
-3636
-1947
-15
1758
3147
4089
4550
4661
4609
4597
4579
4350
3764
2612
1083
-606
-2275
-3693
-4639
-4948
-4869
-4102
-2706
-1120
781
2628
3963
4722
4932
4421
3156
1619
229
-860
-1785
-2572
-2968
-2729
-2019
-1335
-754
-162
258
380
344
339
310
393
628
972
1544
2167
2444
2018
1412
888
52
-795
-1672
-2513
-2992
-3181
-2997
-2668
-2044
-1124
-459
31
387
695
965
1010
739
339
92
-357
-1080
-1741
-1961
-1707
-1304
-1340
-2017
-2783
-3557
-4006
-3918
-2880
-561
2333
5143
7299
9259
11459
13415
13950
12194
8603
3746
-1471
-6359
-10495
-13006
-13650
-13085
-11865
-9752
-6290
-1574
3488
7575
9693
10066
9557
8241
6128
3961
2491
1728
1101
217
-788
-1437
-1576
-2008
-3266
-4655
-5711
-6609
-7326
-7667
-7101
-5035
-1782
1593
4299
6499
8483
9769
9918
9013
7238
4689
1235
-2904
-6561
-8754
-9633
-9736
-9232
-8148
-6588
-4659
-2593
-588
1378
3011
3944
4336
4425
4392
4486
4661
4743
4607
4042
2907
1339
-364
-1922
-3216
-4203
-4797
-4926
-4459
-3280
-1516
511
2412
3783
4442
4491
3913
2673
1200
0
-998
-1922
-2491
-2685
-2670
-2276
-1714
-1315
-803
-236
-49
-58
16
127
438
1092
1869
2553
3010
3004
2407
1582
934
284
-565
-1420
-2240
-2821
-2845
-2705
-2550
-1867
-810
67
611
736
528
300
111
-235
-659
-870
-1179
-1910
-2451
-2243
-1525
-744
-496
-1218
-2459
-3518
-4222
-4358
-3301
-888
2210
5145
7443
9360
11595
13915
14906
13483
9758
4592
-952
-6058
-10320
-13217
-14222
-13665
-12353
-10293
-6837
-1950
3320
7379
9294
9677
9456
8447
6426
4148
2432
1441
729
-259
-1403
-1987
-1821
-1884
-2945
-4297
-5259
-6069
-6824
-7327
-7059
-5151
-1853
1474
4332
7032
9335
10708
10850
9636
7465
4891
1654
-2402
-6212
-8741
-10014
-10268
-9734
-8725
-7187
-5190
-3247
-1378
649
2415
3522
4140
4521
4739
4869
4984
4948
4656
4113
3077
1445
-296
-1765
-3021
-4092
-4822
-5015
-4532
-3397
-1804
28
1918
3581
4688
5081
4700
3595
2013
381
-946
-1993
-2805
-3262
-3253
-2722
-1877
-1189
-698
-211
135
339
526
649
858
1292
1711
2061
2438
2534
2154
1540
856
29
-924
-1748
-2268
-2651
-2987
-3152
-3018
-2471
-1594
-721
-57
491
1000
1317
1277
882
301
-192
-561
-1011
-1426
-1580
-1408
-1076
-1145
-1832
-2784
-3743
-4404
-4297
-3171
-1021
1712
4362
6732
9055
11478
13641
14583
13363
9822
4736
-735
-5780
-9956
-12857
-14211
-14150
-13031
-10901
-7430
-2563
2811
7202
9716
10574
10321
9169
7249
5038
3204
2081
1270
150
-1108
-1830
-2039
-2484
-3456
-4586
-5555
-6373
-7137
-7679
-7396
-5633
-2524
1018
4240
6974
9130
10408
10594
9724
7978
5496
2181
-1920
-5944
-8723
-9977
-10193
-9673
-8545
-7048
-5281
-3287
-1275
610
2344
3667
4317
4443
4379
4310
4299
4330
4231
3746
2663
977
-913
-2459
-3495
-4222
-4689
-4700
-4155
-3087
-1489
490
2395
3794
4537
4601
4046
3081
1975
991
245
-397
-1137
-1877
-2278
-2184
-1762
-1316
-998
-758
-578
-500
-411
-113
382
944
1562
2192
2579
2520
2091
1460
662
-299
-1358
-2371
-3108
-3425
-3442
-3301
-2831
-1885
-740
145
620
882
1132
1270
1034
497
2
-371
-814
-1257
-1388
-1092
-614
-428
-929
-2075
-3388
-4391
-4769
-4213
-2485
184
3083
5591
7803
10262
12962
14854
14614
11863
7324
2018
-3339
-8188
-11904
-13944
-14283
-13530
-12139
-9689
-5545
-207
4799
8224
9873
10225
9608
8097
6026
4169
2979
2132
1046
-285
-1309
-1824
-2096
-2773
-3940
-5170
-6295
-7244
-8100
-8270
-7055
-4298
-623
2781
5647
7930
9587
10514
10283
9012
6984
4080
295
-3822
-7318
-9342
-9964
-9853
-9307
-8223
-6574
-4636
-2553
-364
1723
3413
4405
4759
4959
5168
5258
5331
5307
4873
3913
2359
410
-1358
-2798
-4040
-4936
-5321
-5109
-4165
-2655
-821
1194
2899
4003
4307
3933
3092
1826
533
-658
-1517
-2077
-2508
-2571
-2282
-1719
-1159
-674
-130
312
483
383
312
489
819
1122
1451
1829
2023
1862
1421
940
537
18
-873
-1909
-2564
-2809
-2909
-2761
-2221
-1464
-648
75
463
640
870
876
380
-298
-838
-1312
-1659
-1701
-1476
-1137
-998
-1539
-2766
-3998
-4590
-4363
-3292
-1301
1497
4552
7168
9245
11353
13628
15015
14078
10437
5158
-323
-5324
-9647
-12826
-14244
-13992
-12829
-11028
-8064
-3571
1777
6336
9010
10072
10050
9133
7471
5435
3807
2976
2293
1100
-403
-1581
-2112
-2462
-3269
-4517
-5856
-7158
-8445
-9421
-9205
-7122
-3630
297
3937
6985
9533
11338
11899
11298
9757
7210
3631
-726
-4962
-7968
-9411
-9765
-9555
-8869
-7612
-5949
-4144
-2356
-631
1034
2393
3276
3889
4472
5002
5126
4755
4401
4181
3552
2368
845
-874
-2439
-3683
-4810
-5537
-5302
-4105
-2362
-547
1062
2492
3685
4332
4296
3739
2857
1662
215
-1167
-2136
-2532
-2480
-2179
-1706
-1107
-428
127
360
420
447
464
509
440
365
594
965
1223
1351
1292
1037
562
-186
-998
-1657
-2108
-2320
-2378
-2374
-2249
-1859
-1110
-242
314
639
1009
1173
844
120
-719
-1277
-1452
-1490
-1267
-717
-522
-1217
-2584
-4096
-5044
-4803
-3303
-893
1945
4713
7038
9010
11135
13326
14369
13071
9425
4401
-879
-5719
-9745
-12530
-13748
-13578
-12534
-10678
-7504
-2841
2394
6643
8949
9566
9185
8101
6346
4384
3055
2624
2435
1657
224
-1061
-1682
-2150
-3077
-4393
-5611
-6677
-7981
-9028
-8599
-6296
-2716
1131
4338
6804
8842
10315
10831
10224
8716
6548
3420
-790
-5060
-7991
-9158
-9267
-9059
-8460
-7302
-5900
-4421
-2798
-956
1055
2553
3088
3319
3950
4886
5511
5384
4724
3970
3142
1993
532
-860
-2080
-3328
-4538
-5353
-5246
-4053
-2234
-254
1465
2690
3665
4287
4189
3494
2521
1451
248
-1103
-2243
-2741
-2501
-1928
-1588
-1342
-863
-465
-322
-247
-173
22
307
349
287
640
1365
1964
2124
1864
1319
553
-321
-1066
-1566
-1876
-2141
-2516
-2824
-2699
-2042
-1120
-298
221
513
698
732
574
306
-8
-401
-826
-1072
-902
-375
-94
-732
-2248
-3948
-5133
-5269
-4050
-1660
1301
4205
6687
8807
10902
12960
14100
13124
9630
4423
-1001
-5631
-9348
-11982
-13149
-12981
-11928
-10221
-7592
-3392
1938
6415
8640
9040
8620
7741
6206
4277
3000
2783
2715
1957
740
-177
-501
-923
-2185
-4004
-5614
-6925
-8382
-9736
-9814
-7753
-4036
-10
3411
6304
8956
11057
11964
11446
9787
7201
3624
-727
-4923
-7794
-8959
-9134
-9121
-8905
-7979
-6312
-4453
-2723
-1064
563
1967
2809
3182
3700
4532
5282
5695
5635
5143
4399
3254
1603
-176
-1857
-3453
-4813
-5787
-6110
-5361
-3591
-1322
876
2600
3871
4799
5124
4650
3690
2661
1516
39
-1584
-2748
-3004
-2588
-2133
-1799
-1353
-945
-886
-990
-847
-327
396
925
1058
1144
1551
2057
2299
2246
1917
1297
530
-261
-1054
-1701
-2188
-2666
-3085
-3224
-2865
-2067
-1192
-543
-165
134
471
670
703
620
247
-286
-744
-1106
-1083
-724
-835
-1814
-3338
-4906
-5739
-5317
-3874
-1646
1291
4304
6772
8825
10948
13254
14842
14190
10796
5706
369
-4318
-8195
-11160
-12649
-12566
-11678
-10355
-7926
-3824
1160
5291
7527
8180
8052
7389
5984
4095
2654
2210
2182
1660
633
-167
-512
-1016
-2248
-3971
-5569
-6908
-8260
-9409
-9400
-7532
-4202
-493
2909
6019
8882
11035
11940
11566
10196
7866
4402
61
-4209
-7357
-9074
-9757
-9813
-9277
-8078
-6389
-4528
-2708
-949
664
1924
2798
3543
4316
4943
5239
5248
5107
4764
4025
2810
1317
-257
-2006
-3999
-5831
-6887
-6855
-5777
-3861
-1503
787
2711
4264
5423
5914
5509
4404
2968
1338
-394
-1853
-2692
-2966
-2946
-2779
-2444
-1913
-1326
-891
-584
-210
232
566
744
967
1507
2355
3083
3303
3038
2416
1430
249
-830
-1697
-2363
-2854
-3221
-3377
-3108
-2461
-1709
-1068
-612
-302
36
471
810
1015
1061
601
-356
-1240
-1615
-1356
-810
-763
-1589
-3028
-4626
-5721
-5727
-4475
-2034
1023
3808
6101
8361
10972
13702
15303
14321
10715
5691
371
-4651
-8885
-11739
-12903
-12769
-12014
-10649
-7849
-3200
2164
6388
8545
9016
8603
7585
5861
4016
2950
2617
2263
1410
340
-225
-262
-665
-1901
-3649
-5501
-7176
-8616
-9633
-9430
-7456
-4175
-413
3177
6287
8912
10828
11549
11032
9639
7376
3918
-531
-4879
-7923
-9278
-9592
-9565
-9128
-7967
-6179
-4189
-2284
-511
1035
2208
2996
3463
3869
4476
4993
5192
5306
5115
4176
2724
1056
-715
-2438
-4195
-5833
-6751
-6622
-5384
-3304
-987
1341
3489
4996
5784
5956
5414
4277
2851
1165
-688
-2305
-3393
-3886
-3735
-3069
-2278
-1559
-975
-561
-120
417
676
625
700
921
1409
1994
2277
2281
1890
1289
578
-83
-557
-1044
-1559
-2310
-3149
-3632
-3505
-2838
-2097
-1528
-1068
-540
79
696
1228
1647
1875
1677
951
-77
-931
-1225
-1007
-875
-1439
-2609
-3827
-4684
-4894
-4091
-2185
504
3336
5610
7252
9003
11260
13167
13371
11199
7029
2008
-2810
-7016
-10323
-12185
-12533
-12027
-11042
-9130
-5718
-1055
3588
6843
8369
8739
8356
7175
5411
3815
2979
2614
1950
753
-362
-889
-1107
-1652
-2828
-4356
-5776
-6871
-7540
-7522
-6444
-4260
-1368
1776
4712
7126
9014
10186
10298
9307
7280
4338
717
-3238
-6584
-8522
-9267
-9343
-8957
-8006
-6324
-4258
-2341
-591
1189
2761
3655
3934
4007
4086
4143
4185
4232
4271
3987
2957
1341
-523
-2198
-3665
-4952
-5729
-5910
-5140
-3618
-1691
494
2650
4658
6113
6655
6200
4972
3175
1120
-873
-2512
-3483
-4016
-4015
-3598
-2978
-1889
-793
124
926
1280
1232
977
799
856
1090
1515
1774
1676
1308
763
343
37
-166
-504
-1228
-1993
-2725
-3204
-3198
-2733
-2023
-1572
-1170
-586
87
876
1564
2143
2260
1702
753
-361
-1014
-1208
-1265
-1328
-1829
-2787
-3866
-4652
-4821
-4206
-2818
-745
1817
4262
6353
8447
10818
13055
14048
12840
9389
4614
-313
-4738
-8463
-11108
-12296
-12233
-11416
-9839
-6984
-2716
2054
5897
8023
8756
8662
7835
6142
4037
2501
1846
1614
1057
117
-718
-1240
-1653
-2576
-3747
-4844
-5940
-6911
-7775
-7806
-6225
-3301
86
3245
5820
7778
9241
9870
9453
8237
6390
3697
44
-3808
-6719
-8240
-8708
-8768
-8543
-7529
-5846
-4098
-2344
-504
1272
2711
3475
3623
3615
3776
4133
4543
4821
4660
3771
2214
316
-1607
-3377
-4844
-5791
-6065
-5704
-4751
-3123
-820
1803
4114
5630
6241
6031
5079
3463
1456
-487
-1988
-2904
-3255
-3070
-2438
-1527
-545
309
865
1050
936
640
263
-80
-195
67
605
1100
1331
1380
1404
1365
1085
503
-257
-1055
-1903
-2775
-3381
-3396
-2943
-2457
-2068
-1506
-590
452
1243
1572
1530
1333
970
254
-698
-1366
-1493
-1357
-1257
-1207
-1271
-1694
-2507
-3382
-3896
-3797
-2985
-1457
645
3016
5379
7692
10030
12161
13352
12735
9971
5594
646
-4028
-8023
-10994
-12497
-12431
-11240
-9338
-6541
-2575
2012
5949
8328
9251
9215
8271
6278
3730
1702
819
680
481
-7
-412
-612
-1059
-2041
-3224
-4255
-5247
-6425
-7609
-8129
-7228
-4746
-1433
1757
4424
6579
8176
9014
8958
8056
6356
3720
154
-3676
-6688
-8244
-8515
-8022
-7072
-5739
-4194
-2704
-1292
248
1822
2893
3094
2762
2591
2861
3333
3762
4115
4180
3549
2155
427
-1178
-2523
-3662
-4571
-5070
-4991
-4325
-3055
-1131
1155
3174
4509
5109
4956
4079
2733
1302
61
-927
-1752
-2392
-2608
-2249
-1442
-441
452
926
860
414
-101
-384
-318
7
508
1083
1451
1437
1277
1201
1044
570
-151
-895
-1538
-2125
-2633
-2795
-2417
-1762
-1280
-1010
-648
-57
546
936
1140
1223
1030
405
-464
-1232
-1731
-1984
-2009
-1748
-1172
-524
-299
-805
-1881
-3135
-4146
-4443
-3634
-1645
1166
4119
6678
8983
11449
13633
14166
12124
7972
2935
-2097
-6756
-10609
-12938
-13342
-12276
-10554
-8312
-4878
-100
4801
8264
9824
10075
9342
7424
4557
1847
327
71
271
247
101
-9
-108
-610
-1604
-2546
-3542
-4848
-6530
-8051
-8281
-6832
-3852
-272
2814
5338
7236
8496
9027
8706
7652
5490
2066
-2102
-5898
-8273
-9101
-8886
-7990
-6581
-4896
-3248
-1877
-485
916
2018
2510
2318
2103
2112
2448
3084
3949
4847
4842
3599
1717
61
-1119
-2219
-3316
-4189
-4637
-4591
-3899
-2408
-203
2213
4017
4685
4300
3394
2389
1353
379
-343
-894
-1397
-1786
-1861
-1270
-111
859
1185
973
491
45
-269
-478
-332
257
793
911
824
731
624
558
417
36
-388
-745
-1315
-1981
-2268
-2137
-1770
-1293
-851
-430
-2
273
371
330
111
-229
-652
-1127
-1579
-1964
-2147
-1860
-995
92
692
341
-774
-2123
-3283
-4016
-4007
-2922
-855
1610
3995
6382
9112
12051
14276
14570
12301
7920
2562
-2756
-7480
-11191
-13333
-13611
-12473
-10562
-7801
-3721
1330
6034
9212
10600
10499
9152
6702
3662
1057
-259
-462
-464
-741
-879
-506
-33
-121
-886
-2011
-3373
-5130
-7178
-8742
-8743
-6775
-3514
-82
2843
5184
7017
8318
8959
8748
7480
5005
1422
-2652
-6108
-8068
-8535
-8103
-7221
-6001
-4561
-3090
-1596
32
1591
2545
2642
2226
1836
1744
2024
2668
3486
4061
3989
3169
1919
700
-327
-1366
-2478
-3386
-3884
-3961
-3422
-2025
-43
1791
2932
3344
3276
2878
2115
1109
247
-241
-575
-972
-1225
-952
-175
611
978
961
801
498
-66
-708
-1007
-800
-358
-79
-29
9
89
114
14
-193
-475
-741
-979
-1217
-1361
-1251
-848
-575
-439
-363
-319
-168
-142
-136
-239
-375
-500
-994
-1732
-2348
-2381
-1853
-1033
-230
339
301
-511
-1676
-2937
-3713
-3711
-2721
-780
1535
4011
6436
8960
11602
13614
13932
11861
7759
2626
-2587
-7315
-11100
-13390
-13869
-12791
-10673
-7632
-3500
1500
6298
9586
10970
10907
9681
7301
4293
1681
164
-329
-463
-775
-1094
-1051
-888
-1113
-1764
-2638
-3771
-5357
-7326
-8956
-9093
-7206
-4022
-703
2278
4985
7302
8830
9399
9240
8447
6592
3259
-1046
-5027
-7625
-8714
-8769
-8160
-7017
-5505
-3877
-2225
-499
1169
2390
2890
2816
2526
2249
2089
2201
2676
3275
3497
3073
2218
1304
426
-554
-1637
-2622
-3366
-3834
-3865
-3169
-1696
121
1674
2636
3046
3045
2725
2161
1486
826
229
-323
-794
-1018
-876
-446
6
235
204
50
-67
-104
-77
32
231
387
269
-156
-611
-792
-754
-779
-946
-1081
-1075
-1017
-962
-782
-363
142
416
345
110
-105
-287
-500
-800
-1150
-1429
-1627
-1915
-2241
-2241
-1697
-776
209
923
1014
356
-859
-2237
-3340
-3766
-3260
-1789
404
2853
5264
7767
10480
12856
13777
12422
8984
4374
-594
-5471
-9678
-12390
-13142
-12314
-10608
-8149
-4559
71
4702
8137
9929
10294
9424
7336
4396
1558
-218
-789
-856
-1091
-1436
-1421
-1008
-761
-1139
-1985
-2952
-4121
-5739
-7405
-8042
-6888
-4288
-1256
1539
4053
6293
7939
8680
8611
7936
6452
3798
184
-3434
-6101
-7569
-8116
-7943
-7049
-5577
-3900
-2304
-787
692
1919
2557
2550
2205
1865
1677
1680
1966
2525
3040
3061
2463
1553
603
-452
-1712
-2903
-3599
-3696
-3370
-2654
-1436
134
1603
2663
3337
3650
3408
2520
1310
256
-476
-1053
-1573
-1857
-1666
-1051
-306
340
879
1345
1647
1636
1309
868
504
223
-79
-490
-984
-1372
-1514
-1530
-1546
-1421
-1085
-782
-683
-614
-355
75
448
532
303
10
-205
-525
-1080
-1582
-1714
-1598
-1519
-1536
-1497
-1228
-610
212
834
891
223
-1061
-2568
-3783
-4286
-3726
-2000
455
2992
5326
7614
10043
12312
13408
12263
8823
4096
-866
-5512
-9401
-11952
-12859
-12339
-10799
-8384
-4920
-425
4329
8081
10115
10604
9865
7955
5164
2344
387
-476
-723
-890
-1008
-825
-396
-174
-528
-1396
-2534
-3925
-5660
-7408
-8275
-7487
-5128
-2050
939
3595
5977
7910
8965
8906
7889
6099
3465
58
-3478
-6251
-7800
-8264
-7998
-7192
-5896
-4322
-2821
-1517
-254
949
1812
2203
2313
2345
2398
2633
3178
3854
4253
4086
3327
2148
827
-460
-1686
-2798
-3615
-3975
-3855
-3315
-2413
-1209
217
1635
2712
3169
2972
2354
1649
1090
698
380
21
-406
-789
-960
-818
-402
93
388
302
-79
-444
-453
-18
592
989
971
541
-125
-718
-1035
-1149
-1153
-1009
-791
-708
-736
-598
-131
522
1038
1113
686
11
-649
-1254
-1761
-2011
-1998
-1948
-1985
-2028
-1924
-1486
-616
411
1023
860
-59
-1520
-3099
-4089
-3929
-2640
-631
1658
3901
6059
8406
10955
13006
13487
11697
7822
2838
-2182
-6606
-10066
-12151
-12616
-11718
-9993
-7589
-4088
546
5150
8223
9378
9237
8232
6307
3663
1135
-377
-750
-695
-813
-893
-479
169
316
-331
-1466
-2813
-4388
-6118
-7502
-7728
-6348
-3792
-983
1588
4013
6297
8022
8764
8486
7385
5445
2488
-1207
-4649
-6875
-7808
-8013
-7785
-6932
-5358
-3487
-1834
-467
839
1997
2598
2510
2169
2101
2370
2741
3108
3494
3707
3395
2507
1392
355
-648
-1742
-2750
-3350
-3462
-3228
-2779
-2053
-985
262
1378
2097
2365
2273
1923
1528
1192
834
430
-99
-670
-925
-812
-429
107
378
229
-90
-380
-442
-221
134
459
498
107
-436
-744
-754
-722
-818
-883
-815
-772
-897
-998
-675
136
973
1285
968
362
-180
-606
-1001
-1309
-1404
-1376
-1532
-1915
-2060
-1483
-324
716
1034
486
-729
-2232
-3446
-3760
-2883
-1047
1193
3279
4988
6621
8654
10929
12302
11499
8338
3816
-944
-5354
-9015
-11356
-12082
-11633
-10713
-9310
-6652
-2358
2676
6880
9339
10226
10019
8777
6574
4089
2306
1522
1066
267
-758
-1315
-1162
-824
-965
-1678
-2731
-4090
-5831
-7679
-8529
-7675
-5316
-2401
224
2730
5156
7347
8838
9289
8855
7340
4676
1007
-2932
-6017
-7694
-8165
-8102
-7841
-7177
-5875
-4123
-2293
-494
1254
2650
3268
3192
2972
3003
3252
3550
3811
3871
3475
2577
1470
453
-440
-1318
-2208
-2993
-3485
-3480
-2909
-1922
-780
368
1405
2139
2381
2166
1807
1504
1190
695
61
-465
-700
-755
-726
-545
-233
174
335
212
40
-180
-236
-203
44
601
970
978
603
134
-99
-419
-902
-1311
-1526
-1462
-1518
-1733
-1556
-885
98
747
798
706
542
311
-152
-692
-832
-857
-1098
-1680
-2211
-2001
-1212
-238
341
0
-1057
-2574
-3830
-4198
-3568
-1767
636
3003
4952
6586
8649
11132
13059
13073
10619
6252
1178
-3735
-7946
-10820
-12196
-12115
-11282
-9992
-7658
-3912
1008
5660
8835
10313
10388
9368
7312
4741
2619
1507
948
101
-1153
-2081
-2108
-1651
-1576
-2244
-3326
-4529
-5964
-7542
-8495
-7858
-5480
-2242
869
3518
5892
8018
9498
9909
9228
7577
4918
1275
-2839
-6203
-8123
-8754
-8716
-8405
-7440
-5885
-4002
-2111
-371
1296
2500
3129
3311
3315
3365
3416
3538
3750
3896
3640
2801
1557
265
-905
-2026
-3101
-3968
-4354
-4112
-3233
-1835
-155
1465
2720
3465
3667
3349
2585
1559
494
-424
-1125
-1613
-1871
-1894
-1631
-1105
-421
211
643
814
798
720
592
567
606
816
1015
975
738
265
-81
-467
-908
-1385
-1810
-1906
-2063
-2180
-2114
-1507
-370
622
1137
1105
907
603
107
-462
-799
-913
-1086
-1475
-2027
-2028
-1369
-553
-419
-1237
-2354
-3490
-4219
-4223
-3146
-759
2174
4826
6750
8460
10831
13281
14465
13159
9316
4226
-1157
-6202
-10368
-13107
-13883
-13275
-12139
-10274
-7113
-2354
3002
7170
9643
10731
10802
9522
6867
4293
2834
2290
1674
337
-1186
-1995
-1983
-2019
-2758
-3909
-4972
-6074
-7534
-8969
-9279
-7589
-4246
-501
2698
5341
7790
9823
10838
10671
9593
7559
4234
-88
-4273
-7190
-8546
-8833
-8638
-8152
-7274
-6050
-4614
-2960
-1006
991
2469
3117
3144
3035
3205
3735
4330
4639
4506
3814
2510
881
-650
-1901
-2861
-3555
-4055
-4255
-3830
-2688
-1120
508
1956
3092
3793
3830
3177
2326
1757
1326
694
-80
-697
-978
-966
-843
-688
-437
-209
-257
-567
-921
-1151
-1119
-730
-110
537
1080
1365
1306
1007
599
71
-586
-1263
-1811
-2159
-2345
-2409
-2228
-1630
-724
99
549
711
795
780
527
123
-136
-199
-394
-925
-1450
-1429
-827
-271
-403
-1273
-2471
-3586
-4314
-4175
-2647
190
3376
5839
7472
9082
11179
13029
13169
10802
6459
1322
-3742
-8253
-11592
-13105
-12873
-11839
-10644
-8701
-5057
30
4956
8336
10036
10552
9953
8039
5349
3186
2349
2263
1754
417
-1022
-1820
-2095
-2469
-3258
-4225
-5336
-6909
-8709
-9746
-8901
-5935
-2022
1527
4414
6916
9199
10806
11123
10382
8889
6183
2037
-2768
-6820
-9116
-9776
-9619
-9170
-8338
-6988
-5279
-3332
-1148
1039
2716
3466
3427
3217
3237
3467
3840
4299
4519
4111
3115
1936
884
9
-921
-2038
-3069
-3623
-3515
-2916
-2080
-1076
-94
741
1530
2155
2486
2529
2150
1474
798
153
-359
-607
-659
-583
-524
-601
-789
-988
-1046
-927
-704
-494
-374
-273
-71
302
797
1190
1312
1091
571
45
-400
-816
-1125
-1492
-1943
-2208
-2163
-1686
-866
-125
370
623
641
420
-136
-835
-1312
-1398
-1203
-1071
-1029
-955
-1194
-1882
-2749
-3551
-3826
-3186
-1639
676
3378
5885
7971
9891
11824
13228
13034
10647
6586
1957
-2599
-6905
-10408
-12297
-12451
-11589
-10344
-8473
-5274
-822
3574
6513
7826
8267
8157
7059
5010
3182
2637
2985
2869
1714
266
-681
-1287
-2147
-3281
-4282
-5198
-6453
-8077
-9323
-8855
-6232
-2674
565
3231
5623
7984
9798
10387
9900
8736
6729
3422
-914
-4850
-7145
-7966
-8206
-8274
-7943
-7059
-5907
-4673
-3211
-1448
339
1725
2568
3112
3707
4431
5002
5156
4982
4687
4200
3258
1880
456
-750
-1862
-2971
-3792
-3956
-3413
-2410
-1262
-161
839
1620
1891
1548
989
706
688
539
73
-496
-840
-833
-603
-273
131
522
567
117
-468
-795
-822
-731
-616
-492
-342
-86
372
926
1387
1661
1470
915
276
-258
-526
-796
-1040
-1376
-1876
-2072
-2005
-1735
-1339
-945
-461
-293
-561
-1049
-1487
-1388
-861
-280
-27
-414
-1392
-2801
-4184
-4820
-4077
-1846
1153
3865
5801
7407
9356
11722
13539
13541
11225
7039
2068
-2999
-7457
-10570
-12090
-12105
-11484
-10603
-8963
-5714
-820
3972
7100
8241
8098
7321
5889
3965
2346
1872
2281
2416
1581
330
-399
-495
-655
-1447
-2715
-4106
-5658
-7388
-8723
-8586
-6317
-2574
1007
3566
5595
7556
9219
9897
9577
8596
6683
3572
-648
-4697
-7156
-8112
-8269
-8407
-8515
-8031
-6914
-5190
-3205
-1305
352
1376
1871
2246
2962
4186
5356
5843
5472
4566
3570
2719
1990
1269
430
-631
-1946
-3268
-3960
-3611
-2510
-1322
-448
101
482
793
979
972
891
932
1012
783
176
-335
-227
379
865
877
588
185
-428
-1235
-1833
-1883
-1516
-1126
-918
-747
-290
562
1495
2083
2164
1844
1276
617
6
-513
-986
-1480
-1987
-2367
-2399
-2009
-1395
-843
-487
-304
-266
-398
-715
-1083
-1239
-1024
-551
-116
-31
-454
-1284
-2265
-3127
-3425
-2542
-359
2357
4566
5951
7100
8799
10958
12287
11408
8231
3849
-717
-5000
-8530
-10642
-11096
-10470
-9631
-8724
-6901
-3385
1191
5110
7251
7810
7394
6195
4323
2366
1197
1163
1685
1852
1322
508
-46
-249
-450
-984
-1935
-3339
-5245
-7340
-8682
-8241
-5842
-2411
808
3233
5080
6676
7995
8812
8951
8164
6039
2507
-1614
-4919
-6586
-6956
-6951
-7049
-7041
-6522
-5362
-3721
-1850
-71
1223
1779
1753
1735
2265
3328
4381
4858
4592
3827
2915
2073
1422
990
534
-304
-1535
-2752
-3504
-3497
-2744
-1708
-928
-528
-313
-166
-52
109
411
813
1088
1004
704
627
956
1350
1366
944
320
-350
-1098
-1880
-2405
-2371
-1855
-1251
-804
-374
316
1286
2229
2780
2818
2470
1878
1121
365
-254
-794
-1352
-1842
-2151
-2312
-2339
-2158
-1809
-1508
-1430
-1627
-1987
-2147
-1681
-641
335
614
67
-995
-2106
-2838
-2792
-1647
523
3012
4981
6275
7543
9398
11345
11860
9929
6117
1687
-2671
-6688
-9822
-11357
-11221
-10203
-9053
-7450
-4355
206
4657
7426
8421
8422
7698
5827
2954
558
-208
367
746
150
-568
-726
-432
-635
-1482
-2211
-2778
-3752
-5668
-7680
-8283
-6900
-4107
-1058
1639
3953
5918
7356
8008
7917
7402
6469
4565
1618
-1432
-3465
-4409
-5044
-5521
-5675
-5449
-5060
-4663
-3844
-2633
-1206
68
902
1553
2120
2800
3565
4260
4680
4492
3733
2669
1588
642
-93
-585
-892
-1191
-1589
-1913
-1946
-1734
-1558
-1506
-1364
-1008
-660
-584
-667
-526
30
775
1393
1846
2295
2719
2795
2246
1199
122
-700
-1476
-2425
-3246
-3510
-3288
-2900
-2267
-1181
111
1096
1616
1849
1899
1765
1529
1280
1036
796
579
317
-107
-669
-1115
-1275
-1380
-1748
-2246
-2492
-2568
-2865
-3226
-2852
-1369
521
1696
1646
704
-534
-1634
-2258
-2005
-635
1494
3458
4576
5286
6723
9175
11314
11297
8567
4185
-497
-4872
-8671
-11162
-11678
-10652
-9219
-7891
-5940
-2324
2534
6845
9268
9855
9398
8012
5403
2372
168
-744
-856
-1262
-2093
-2392
-1914
-1208
-906
-1241
-1750
-2359
-3574
-5335
-6826
-6964
-5277
-2495
327
2697
4668
6389
7656
8167
7903
7003
5444
3019
-156
-3231
-5178
-5738
-5624
-5625
-5729
-5445
-4636
-3551
-2305
-864
446
1087
1069
1058
1630
2687
3720
4363
4427
3852
2822
1740
936
373
-199
-854
-1547
-2058
-2177
-1968
-1504
-985
-803
-858
-822
-667
-450
-350
-307
60
662
1138
1539
2088
2744
3101
2803
1935
743
-608
-1931
-2968
-3526
-3681
-3623
-3331
-2655
-1589
-298
1052
2276
3092
3270
2821
1997
1226
768
431
-9
-453
-745
-924
-982
-887
-804
-939
-1270
-1652
-2060
-2574
-3128
-3374
-2980
-2012
-745
544
1479
1649
979
-186
-1189
-1286
-216
1501
3105
4222
4955
5832
7326
9003
9556
7951
4329
-195
-4482
-8040
-10627
-11754
-11263
-9872
-8309
-6270
-2936
1642
6195
9235
10264
9848
8577
6452
3573
862
-612
-842
-839
-1363
-2128
-2331
-1771
-1149
-1130
-1576
-2148
-3087
-4638
-6120
-6336
-4743
-1991
691
2610
4045
5534
7014
7935
7953
7117
5477
2836
-653
-3969
-5908
-6256
-5823
-5452
-5348
-5185
-4641
-3667
-2319
-712
682
1283
1130
899
1134
1956
3099
4027
4341
3954
3072
2037
1202
599
77
-470
-1129
-1944
-2700
-2728
-1978
-915
-146
-102
-397
-737
-852
-786
-548
177
1053
1669
1869
2014
2495
3012
3026
2244
937
-468
-1821
-3064
-3882
-4115
-4068
-3940
-3462
-2317
-659
1087
2544
3440
3660
3266
2510
1720
1125
661
97
-632
-1309
-1618
-1460
-1064
-808
-856
-1094
-1421
-1857
-2372
-2848
-3161
-3094
-2413
-1228
36
1011
1504
1371
649
-294
-903
-688
471
2128
3518
4377
5235
6568
8101
8921
8211
5784
2191
-1819
-5686
-8939
-10942
-11194
-10228
-8711
-6824
-4117
-234
4017
7636
9715
10158
9395
7455
4778
2047
21
-1030
-1475
-1803
-2401
-2961
-3034
-2723
-2510
-2535
-2622
-3064
-3968
-5126
-5795
-5050
-2934
-44
2533
4364
5764
6828
7555
7643
7228
6471
4932
2258
-1133
-4069
-5722
-6213
-6234
-6214
-6035
-5409
-4324
-2998
-1551
-134
982
1598
1822
1992
2359
2923
3447
3654
3493
3097
2568
1930
1229
481
-270
-976
-1719
-2526
-3058
-2945
-2364
-1778
-1348
-939
-475
-72
117
226
586
1248
1857
2137
2203
2308
2468
2378
1819
940
-29
-1152
-2467
-3627
-4235
-4286
-3994
-3424
-2530
-1336
51
1414
2450
2943
2909
2480
1846
1235
788
421
-30
-551
-978
-1153
-1075
-899
-795
-801
-883
-1064
-1382
-1790
-2146
-2270
-1971
-1151
15
1071
1537
1283
555
-297
-966
-1111
-437
966
2496
3554
4224
5154
6633
7956
7948
6064
2820
-835
-4262
-7127
-9009
-9545
-8931
-7872
-6680
-4817
-1650
2446
6153
8457
9336
9164
7999
5851
3247
1043
-240
-792
-1236
-1964
-2718
-3033
-2919
-2752
-2677
-2630
-2800
-3518
-4701
-5669
-5517
-3787
-995
1736
3714
5085
6249
7275
7840
7615
6597
4885
2393
-728
-3654
-5497
-6151
-6151
-6004
-5815
-5372
-4498
-3313
-2042
-846
122
779
1206
1595
2129
2814
3412
3711
3750
3622
3270
2683
1914
969
-61
-961
-1646
-2179
-2454
-2301
-1842
-1382
-982
-497
65
485
573
364
168
316
759
1128
1278
1435
1671
1728
1435
909
276
-458
-1281
-2163
-3009
-3586
-3693
-3337
-2554
-1319
180
1519
2370
2680
2556
2191
1776
1373
932
399
-217
-833
-1252
-1313
-1089
-810
-656
-740
-1105
-1612
-2018
-2233
-2353
-2398
-2281
-1891
-1070
254
1700
2537
2381
1463
236
-894
-1442
-1016
260
1741
2839
3615
4677
6361
8072
8611
7156
3965
47
-3641
-6597
-8596
-9406
-9073
-8045
-6739
-4957
-2208
1487
5169
7637
8555
8139
6828
4671
1992
-97
-950
-671
-422
-878
-1571
-1980
-1862
-1693
-1699
-1794
-2103
-2873
-4226
-5504
-5612
-3936
-1044
1805
3766
5011
6077
6978
7361
7037
6054
4274
1547
-1710
-4448
-5883
-6154
-5952
-5781
-5585
-5140
-4308
-3135
-1753
-427
587
1134
1312
1598
2189
3079
3807
4026
3949
3607
3167
2439
1494
705
38
-607
-1581
-2680
-3324
-3270
-2702
-2118
-1675
-1194
-559
1
280
438
774
1285
1677
1773
1650
1612
1775
1803
1322
437
-508
-1402
-2243
-2893
-3195
-3142
-2777
-2127
-1225
-85
1202
2314
2843
2721
2251
1686
1064
484
146
31
-96
-333
-562
-657
-588
-449
-457
-749
-1227
-1703
-2124
-2482
-2677
-2545
-1989
-1071
-37
775
1086
782
-43
-1115
-2010
-2207
-1371
279
2027
3332
4404
5885
7888
9500
9511
7497
4056
118
-3636
-6740
-8728
-9311
-8833
-8044
-7157
-5517
-2547
1354
5020
7372
8108
7670
6521
4765
2686
1083
519
639
563
-149
-1140
-1811
-2085
-2327
-2657
-2877
-3074
-3709
-4891
-5864
-5551
-3594
-710
2020
4018
5339
6281
6981
7373
7298
6538
4802
2013
-1291
-4139
-5811
-6338
-6311
-6224
-6067
-5590
-4731
-3512
-1967
-355
926
1698
2060
2279
2711
3438
4111
4376
4201
3683
2852
1792
667
-294
-935
-1475
-2188
-2936
-3420
-3446
-3042
-2323
-1407
-562
59
508
658
610
703
900
1073
1093
773
376
279
378
362
53
-395
-702
-861
-1011
-1111
-890
-281
329
589
633
898
1494
1964
1945
1536
1053
695
213
-477
-891
-836
-592
-513
-786
-1049
-932
-733
-772
-1027
-1342
-1550
-1722
-1969
-2163
-2076
-1593
-823
-29
590
877
666
-154
-1453
-2695
-3201
-2609
-1067
937
2908
4616
6210
7965
9710
10648
9887
7147
3044
-1290
-4967
-7654
-9235
-9674
-9298
-8622
-7553
-5344
-1699
2454
5622
7063
7131
6477
5322
3707
2061
1074
964
1042
415
-861
-1772
-1678
-1107
-958
-1504
-2453
-3617
-5027
-6370
-6719
-5280
-2380
733
3071
4632
5967
7305
8339
8674
8111
6449
3510
-313
-3938
-6282
-7128
-7137
-7010
-6810
-6226
-5178
-3740
-1967
-108
1357
2093
2154
1992
2212
2974
3790
4188
4137
3737
3035
2149
1277
576
-34
-940
-2309
-3661
-4388
-4311
-3547
-2316
-998
119
939
1372
1456
1478
1598
1655
1481
1049
343
-527
-1197
-1435
-1442
-1509
-1616
-1595
-1402
-1085
-695
-212
404
1051
1523
1823
2105
2334
2367
2152
1677
968
202
-447
-951
-1277
-1367
-1285
-1154
-1022
-896
-740
-507
-224
-30
-43
-254
-542
-743
-806
-804
-792
-727
-510
-118
284
374
-66
-985
-2104
-3075
-3571
-3302
-2096
-144
1967
3746
5283
6998
8879
10112
9626
7152
3570
-55
-3367
-6299
-8423
-9318
-9185
-8514
-7379
-5326
-2062
1761
4883
6579
7130
7009
6209
4618
2682
1258
715
513
-86
-1035
-1629
-1502
-1111
-1148
-1723
-2437
-3116
-4001
-5051
-5555
-4780
-2786
-368
1755
3559
5354
7039
8070
8119
7342
5890
3603
466
-2829
-5252
-6423
-6852
-7097
-7100
-6526
-5343
-3859
-2360
-914
436
1478
2044
2321
2648
3120
3587
3899
3959
3713
3137
2292
1379
612
-94
-1041
-2278
-3444
-4135
-4195
-3648
-2570
-1110
399
1529
2085
2235
2224
2121
1821
1242
477
-258
-838
-1272
-1496
-1425
-1160
-952
-862
-700
-347
74
341
391
398
640
1153
1630
1792
1694
1531
1306
888
267
-342
-703
-842
-975
-1163
-1265
-1240
-1199
-1181
-1087
-876
-620
-431
-346
-304
-183
82
361
436
209
-192
-534
-619
-392
-117
-238
-952
-2034
-3079
-3705
-3647
-2799
-1198
891
2873
4300
5432
6854
8501
9520
9048
6855
3422
-408
-3911
-6662
-8382
-8971
-8680
-7846
-6396
-3980
-656
2848
5557
6912
7079
6513
5308
3393
1245
-285
-838
-794
-707
-781
-798
-492
-24
122
-236
-859
-1557
-2452
-3617
-4603
-4605
-3220
-925
1387
3203
4562
5581
6109
5890
4898
3327
1267
-1268
-3983
-6178
-7220
-7072
-6272
-5334
-4311
-3006
-1433
146
1497
2511
3106
3187
2800
2284
2033
2122
2305
2348
2145
1730
1252
712
-93
-1155
-2115
-2768
-3178
-3296
-2878
-1856
-528
694
1606
2327
2927
3145
2706
1784
803
-26
-762
-1469
-1914
-1894
-1459
-879
-368
177
693
995
884
420
-25
-307
-408
-486
-559
-439
-102
376
750
907
1060
1219
1209
841
82
-596
-1038
-1311
-1485
-1692
-1650
-1427
-1087
-601
-73
566
1045
1165
920
454
5
-436
-955
-1508
-1871
-1829
-1404
-903
-639
-734
-1157
-1787
-2452
-2760
-2275
-905
897
2529
3851
5249
6983
8647
9387
8540
6215
2930
-656
-3949
-6480
-7826
-8094
-7601
-6611
-5099
-2817
59
3006
5356
6679
6883
6036
4394
2403
669
-362
-644
-549
-451
-442
-374
-153
73
16
-474
-1357
-2527
-3769
-4830
-5266
-4657
-3069
-931
1057
2612
3930
5050
5762
5589
4384
2477
124
-2310
-4427
-5726
-5903
-5283
-4322
-3257
-2003
-486
1011
2089
2528
2402
1928
1317
771
539
727
1134
1391
1270
887
504
224
-72
-547
-1215
-1960
-2618
-2982
-2816
-1983
-645
755
1777
2281
2424
2389
2172
1678
939
148
-521
-1021
-1293
-1170
-575
265
941
1210
1127
851
433
-104
-633
-980
-1113
-1112
-996
-663
-33
771
1432
1713
1644
1336
848
279
-249
-738
-1238
-1679
-1964
-2018
-1752
-1172
-488
77
482
735
716
349
-209
-681
-993
-1266
-1514
-1650
-1686
-1634
-1296
-535
421
1101
1075
205
-1187
-2454
-3048
-2758
-1669
-81
1614
3156
4622
6296
8199
9689
9797
8006
4691
798
-2773
-5516
-7250
-7999
-7944
-7332
-6218
-4412
-1778
1363
4188
5876
6171
5431
4204
2840
1535
494
-86
-214
-114
22
203
489
738
640
20
-1003
-2179
-3344
-4364
-4948
-4758
-3682
-2028
-278
1296
2659
3705
4149
3812
2838
1504
25
-1544
-3099
-4228
-4505
-3915
-2803
-1521
-243
867
1676
2155
2255
2068
1779
1341
796
308
-48
-45
275
541
669
617
329
-80
-667
-1379
-1958
-2318
-2428
-2250
-1814
-1156
-333
532
1221
1767
2344
2683
2524
1923
1068
448
238
100
-54
-150
-206
-166
-112
-87
-33
-65
-337
-840
-1301
-1305
-801
-119
431
755
933
1041
1079
1048
958
723
224
-456
-996
-1160
-1023
-779
-547
-403
-364
-374
-383
-371
-272
-144
-269
-790
-1414
-1744
-1683
-1357
-943
-577
-333
-243
-251
-185
31
198
38
-562
-1501
-2413
-2764
-2183
-720
1207
3016
4321
5227
6145
7190
7906
7625
5953
3039
-442
-3596
-5763
-6759
-6760
-6120
-5204
-4159
-2761
-696
1894
4319
5820
6104
5362
3968
2346
946
76
-273
-345
-386
-454
-429
-241
-52
-135
-571
-1214
-1939
-2731
-3484
-3920
-3754
-2911
-1638
-327
816
1791
2497
2679
2289
1579
767
-155
-1250
-2402
-3300
-3655
-3391
-2621
-1556
-473
359
775
831
765
776
833
741
453
200
256
633
1146
1643
2015
2086
1701
897
-67
-896
-1547
-2160
-2670
-2763
-2275
-1323
-118
1126
2238
3117
3634
3627
3112
2283
1308
316
-523
-1103
-1418
-1445
-1202
-884
-680
-557
-402
-251
-204
-245
-313
-375
-404
-351
-177
101
382
566
672
757
787
689
441
43
-444
-878
-1162
-1326
-1410
-1406
-1318
-1144
-848
-431
-44
173
258
291
264
132
-140
-508
-849
-1061
-1094
-991
-791
-551
-424
-466
-720
-1192
-1620
-1766
-1447
-509
797
2182
3504
4540
5399
6293
6925
6854
5777
3628
867
-1798
-3838
-5081
-5613
-5542
-4983
-4023
-2582
-649
1475
3272
4275
4298
3546
2475
1460
645
120
-51
28
156
242
324
433
479
323
-127
-873
-1839
-2861
-3710
-4168
-4060
-3341
-2138
-789
345
1186
1818
2208
2236
1832
1058
2
-1181
-2191
-2793
-2796
-2246
-1597
-1100
-728
-483
-213
95
238
326
390
329
267
292
506
1052
1768
2353
2593
2394
1824
1007
92
-749
-1382
-1769
-1966
-1982
-1702
-1048
-108
884
1680
2168
2354
2257
1893
1318
658
54
-396
-689
-818
-699
-340
22
149
38
-216
-564
-950
-1262
-1414
-1386
-1204
-900
-460
146
841
1403
1662
1607
1271
686
-14
-652
-1121
-1425
-1584
-1640
-1662
-1589
-1266
-644
154
851
1209
1181
886
564
267
-50
-296
-603
-1088
-1471
-1612
-1431
-830
-180
109
3
-403
-863
-1159
-1228
-1041
-633
-22
757
1593
2537
3688
4904
5843
6074
5297
3619
1532
-472
-2134
-3338
-4018
-4215
-4016
-3451
-2470
-1015
756
2411
3489
3809
3523
2919
2228
1569
1020
634
400
253
137
30
-78
-213
-480
-977
-1671
-2423
-3074
-3477
-3542
-3245
-2566
-1558
-449
539
1347
1914
2138
2041
1706
1144
333
-630
-1554
-2338
-2850
-2909
-2589
-2076
-1461
-866
-390
-33
182
309
456
637
859
1114
1318
1476
1587
1606
1615
1605
1495
1201
524
-480
-1447
-2146
-2401
-2195
-1809
-1352
-777
-173
414
1039
1700
2190
2240
1832
1189
644
451
523
634
719
688
415
-34
-517
-931
-1149
-1171
-1132
-1053
-854
-462
163
875
1511
2007
2134
1773
1163
466
-252
-899
-1484
-1959
-2261
-2343
-2107
-1617
-1060
-523
-99
165
328
380
337
247
103
-160
-571
-959
-1161
-1246
-1223
-983
-655
-298
136
448
523
337
-232
-968
-1540
-1816
-1580
-784
361
1599
2662
3566
4481
5265
5632
5342
4252
2532
555
-1247
-2591
-3382
-3587
-3316
-2739
-1910
-752
694
2147
3191
3634
3492
2850
2015
1108
377
-179
-636
-861
-1016
-967
-870
-845
-864
-1079
-1269
-1450
-1639
-1840
-2037
-2066
-1914
-1498
-766
165
1035
1636
1838
1633
1139
468
-257
-961
-1646
-2318
-2847
-3035
-2873
-2399
-1659
-794
41
715
1140
1330
1424
1488
1525
1502
1381
1187
966
931
883
740
591
285
-119
-686
-1084
-1235
-1349
-1303
-1188
-979
-719
-337
277
935
1545
2021
2286
2266
1998
1614
1259
921
492
3
-454
-859
-1242
-1561
-1760
-1848
-1790
-1558
-1198
-750
-190
424
927
1236
1414
1479
1343
946
320
-375
-921
-1228
-1343
-1271
-1005
-708
-525
-401
-324
-352
-378
-305
-201
-122
-95
-77
50
201
215
163
112
12
-125
-312
-500
-507
-324
-100
17
-110
-438
-730
-830
-687
-297
273
911
1565
2280
3044
3755
4287
4440
4035
2974
1344
-385
-1735
-2630
-3089
-3138
-2946
-2509
-1733
-735
363
1405
2093
2285
2045
1537
1010
579
230
16
-99
-120
20
206
300
306
101
-334
-797
-1250
-1669
-1949
-2127
-2167
-1914
-1346
-589
163
760
1069
1049
852
460
-154
-796
-1465
-2126
-2536
-2631
-2346
-1649
-799
21
697
1116
1337
1428
1385
1219
951
649
329
92
116
352
612
759
734
512
132
-218
-466
-707
-852
-808
-695
-503
-168
325
908
1393
1703
1839
1788
1509
1121
728
381
66
-287
-595
-871
-982
-916
-875
-770
-741
-832
-872
-911
-885
-749
-411
49
390
642
786
889
926
868
800
644
314
-178
-628
-985
-1278
-1421
-1363
-1237
-1152
-965
-676
-282
87
405
744
835
727
577
383
141
-152
-427
-655
-854
-1003
-1000
-813
-516
-229
-15
61
-52
-207
-239
-105
168
602
1167
1744
2218
2602
2964
3240
3332
3064
2480
1594
519
-435
-1196
-1650
-1878
-1825
-1592
-1343
-957
-438
271
911
1364
1565
1472
1236
880
573
319
145
-41
-290
-497
-778
-935
-935
-939
-923
-1050
-1221
-1326
-1441
-1468
-1307
-920
-528
-287
-86
9
20
33
-74
-231
-377
-653
-930
-1148
-1246
-1105
-827
-368
0
110
227
300
365
527
639
596
362
81
-79
-69
23
155
380
475
377
350
439
489
427
297
140
-34
-136
5
344
623
852
1108
1282
1368
1363
1199
916
572
187
-121
-359
-576
-736
-826
-760
-649
-574
-454
-286
-68
64
183
349
444
495
465
414
311
80
-164
-445
-741
-1042
-1280
-1388
-1402
-1291
-1212
-1105
-888
-679
-396
-129
104
334
442
429
345
198
-30
-281
-500
0
0
0
0
0
0
0
0
0
0
0
0
0
0
0
0
0
0
0
0
0
0
0
0
0
0
0
0
0
0
0
0
0
0
0
0
0
0
0
0
0
0
0
0
0
0
0
0
0
0
0
0
0
0
0
0
0
0
0
0
0
0
0
0
0
0
0
0
0
0
0
0
0
0
0
0
0
0
0
0
0
0
0
0
0
0
0
0
0
0
0
0
0
0
0
0
0
0
0
0
0
0
0
0
0
0
0
0
0
0
0
0
0
0
0
0
0
0
0
0
0
0
0
0
0
0
0
0
0
0
0
0
0
0
0
0
0
0
0
0
0
0
0
0
0
0
0
0
0
0
0
0
0
0
0
0
0
0
0
0
0
0
0
0
0
0
0
0
0
0
0
0
0
0
0
0
0
0
0
0
0
0
0
0
0
0
0
0
0
0
0
0
0
0
0
0
0
0
0
0
0
0
0
0
0
0
0
0
0
0
0
0
0
0
0
0
0
0
0
0
0
0
0
0
0
0
0
0
0
0
0
0
0
0
0
0
0
0
0
0
0
0
0
0
0
0
0
0
0
0
0
0
0
0
0
0
0
0
0
0
0
0
0
0
0
0
0
0
0
0
0
0
0
0
0
0
0
0
0
0
0
0
0
0
0
0
0
0
0
0
0
0
0
0
0
0
0
0
0
0
0
0
0
0
0
0
0
0
0
0
0
0
0
0
0
0
0
0
0
0
0
0
0
0
0
0
0
0
0
0
0
0
0
0
0
0
0
0
0
0
0
0
0
0
0
0
0
0
0
0
0
0
0
0
0
0
0
0
0
0
0
0
0
0
0
0
0
0
0
0
0
0
0
0
0
0
0
0
0
0
0
0
0
0
0
0
0
0
0
0
0
0
0
0
0
0
0
0
0
0
