0
0
0
0
0
0
0
0
0
0
0
0
0
0
0
0
0
0
0
0
0
0
0
0
0
0
0
0
0
0
0
0
0
0
0
0
0
0
0
0
0
0
0
0
0
0
0
0
0
0
0
0
0
0
0
0
0
0
0
0
0
0
0
0
0
0
0
0
0
0
0
0
0
0
0
0
0
0
0
0
0
0
0
0
0
0
0
0
0
0
0
0
0
0
0
0
0
0
0
0
0
0
0
0
0
0
0
0
0
0
0
0
0
0
0
0
0
0
0
0
0
0
0
0
0
0
0
0
0
0
0
0
0
0
0
0
0
0
0
0
0
0
0
0
0
0
0
0
0
0
0
0
0
0
0
0
0
0
0
0
0
0
0
0
0
0
0
0
0
0
0
0
0
0
0
0
0
0
0
0
0
0
0
0
0
0
0
0
0
0
0
0
0
0
0
0
0
0
0
0
0
0
0
0
0
0
0
0
0
0
0
0
0
0
0
0
0
0
0
0
0
0
0
0
0
0
0
0
0
0
0
0
0
0
0
0
0
0
0
0
0
0
0
0
0
0
0
0
0
0
0
0
0
0
0
0
0
0
0
0
0
0
0
0
0
0
0
0
0
0
0
0
0
0
0
0
0
0
0
0
0
0
0
0
0
0
0
0
0
0
0
0
0
0
0
0
0
0
0
0
0
0
0
0
0
0
0
0
0
0
0
0
0
0
0
0
0
0
0
0
0
0
0
0
0
0
0
0
0
0
0
0
0
0
0
0
0
0
0
0
0
0
0
0
0
0
0
0
0
0
0
0
0
0
0
0
0
0
0
0
0
0
0
0
0
0
0
0
0
0
0
0
0
0
0
0
0
0
0
0
0
0
0
0
0
0
0
0
0
0
0
0
0
0
0
0
0
0
0
0
278
288
288
199
58
-77
-203
-257
-241
-229
-223
-250
-312
-315
-282
-258
-183
-123
-154
-163
-141
-146
-159
-183
-222
-266
-313
-324
-294
-287
-309
-329
-289
-252
-252
-195
-125
-120
-98
15
78
144
244
251
286
301
276
220
154
131
61
-5
-72
-136
-215
-314
-356
-411
-496
-492
-468
-494
-445
-421
-415
-400
-426
-387
-382
-369
-296
-190
-85
65
315
510
767
1098
1360
1650
1897
2043
2218
2369
2387
2371
2313
2162
1973
1757
1482
1161
821
419
-13
-439
-783
-1123
-1494
-1767
-1976
-2082
-2203
-2291
-2214
-2071
-1936
-1893
-1793
-1603
-1453
-1344
-1265
-1179
-1085
-1026
-926
-747
-649
-551
-426
-316
-137
76
290
461
672
838
919
1071
1201
1321
1395
1369
1323
1296
1276
1211
1099
958
806
634
454
293
134
-2
-129
-242
-288
-312
-369
-407
-409
-375
-345
-349
-275
-173
-107
-9
35
0
53
84
44
100
151
181
191
159
131
75
25
-15
20
63
71
69
-73
-181
-210
-313
-403
-460
-523
-581
-640
-714
-734
-779
-905
-913
-942
-1015
-1018
-1051
-1030
-1010
-976
-948
-926
-883
-846
-750
-714
-630
-542
-484
-395
-292
-89
32
144
340
538
784
1069
1377
1756
2126
2414
2769
3147
3499
3810
4065
4235
4269
4237
4060
3864
3565
3117
2644
2059
1432
786
130
-635
-1420
-2082
-2682
-3116
-3470
-3772
-3970
-4088
-4118
-4053
-3853
-3554
-3246
-2980
-2732
-2455
-2135
-1821
-1566
-1353
-1165
-966
-768
-555
-303
-98
74
242
359
503
695
850
1050
1251
1380
1490
1586
1686
1741
1693
1612
1580
1494
1385
1284
1055
872
714
540
458
374
293
209
79
-77
-173
-239
-330
-396
-432
-423
-396
-361
-358
-401
-445
-447
-434
-385
-300
-241
-182
-210
-162
-68
-29
73
85
138
172
110
64
34
65
-10
-56
-32
-73
-79
-93
-134
-165
-192
-222
-226
-206
-197
-153
-114
-115
-137
-189
-250
-361
-479
-559
-733
-849
-898
-1029
-1094
-1159
-1241
-1293
-1318
-1234
-1194
-1181
-1118
-1120
-1063
-894
-689
-448
-156
108
352
718
1124
1554
2010
2450
2907
3352
3833
4195
4477
4719
4821
4892
4829
4567
4171
3709
3176
2603
1971
1268
540
-297
-1124
-1891
-2550
-3061
-3543
-3887
-4133
-4268
-4266
-4219
-4054
-3860
-3638
-3367
-3097
-2769
-2488
-2224
-1968
-1772
-1566
-1366
-1175
-993
-794
-611
-437
-233
36
331
543
791
1047
1280
1522
1693
1892
2082
2223
2347
2371
2391
2359
2199
2000
1756
1496
1184
827
508
189
-115
-341
-489
-617
-734
-805
-830
-847
-859
-855
-834
-754
-608
-452
-335
-259
-214
-144
-27
52
60
67
101
114
109
128
161
142
63
-21
-28
57
131
156
180
219
257
281
349
407
334
200
134
47
-67
-129
-282
-509
-756
-970
-1108
-1216
-1296
-1420
-1490
-1587
-1670
-1662
-1785
-1892
-1927
-1871
-1774
-1695
-1537
-1377
-1185
-1007
-842
-564
-275
103
533
895
1385
1951
2508
3126
3727
4314
4785
5202
5600
5834
6002
6049
5940
5638
5113
4525
3839
3041
2234
1376
386
-616
-1538
-2378
-3077
-3723
-4308
-4718
-5008
-5143
-5109
-5021
-4868
-4632
-4422
-4225
-3916
-3569
-3282
-3055
-2809
-2492
-2166
-1849
-1503
-1060
-688
-381
-29
353
808
1198
1565
1861
2125
2406
2548
2670
2737
2766
2691
2546
2430
2292
2126
1792
1406
1068
776
526
276
31
-135
-227
-363
-365
-294
-240
-104
-80
-73
42
94
53
-75
-248
-393
-567
-719
-815
-903
-959
-1046
-1078
-1002
-917
-733
-550
-426
-199
-34
60
276
492
696
853
883
888
791
682
619
510
444
342
208
52
-153
-344
-545
-644
-619
-653
-668
-601
-645
-698
-651
-686
-811
-943
-1086
-1230
-1354
-1473
-1617
-1821
-2043
-2166
-2147
-2016
-1851
-1611
-1385
-1167
-901
-591
-124
374
929
1582
2232
2925
3623
4321
4950
5458
5836
6119
6318
6294
6077
5731
5167
4417
3602
2730
1883
1046
118
-805
-1660
-2414
-3067
-3636
-4114
-4427
-4649
-4840
-4890
-4882
-4700
-4432
-4234
-3924
-3568
-3223
-2892
-2598
-2280
-1912
-1597
-1338
-999
-608
-253
46
334
693
1126
1487
1752
2012
2232
2456
2610
2653
2703
2655
2498
2348
2197
2043
1810
1445
1047
616
253
-13
-308
-525
-689
-928
-1112
-1171
-1132
-988
-767
-574
-406
-235
-143
-81
0
55
59
-47
-155
-194
-248
-307
-392
-497
-569
-620
-607
-483
-330
-163
-46
43
174
258
361
460
517
554
532
466
350
288
221
74
-122
-332
-411
-459
-575
-609
-557
-603
-667
-679
-671
-588
-598
-619
-541
-526
-600
-684
-806
-1006
-1197
-1368
-1540
-1683
-1779
-1855
-1959
-1960
-1793
-1570
-1307
-900
-321
326
994
1702
2428
3198
3984
4686
5294
5767
6101
6392
6507
6325
6000
5499
4888
4178
3349
2524
1608
691
-189
-1058
-1786
-2357
-2854
-3330
-3690
-3991
-4208
-4249
-4258
-4224
-4086
-3959
-3846
-3660
-3449
-3253
-3075
-2906
-2683
-2442
-2210
-1929
-1589
-1181
-729
-320
67
517
1007
1465
1824
2119
2412
2609
2678
2745
2799
2739
2593
2371
2108
1852
1531
1142
779
415
68
-234
-539
-764
-898
-1072
-1193
-1235
-1247
-1174
-1100
-1070
-1007
-1006
-1009
-973
-1020
-985
-932
-965
-969
-991
-960
-958
-964
-795
-634
-525
-333
-113
59
229
425
568
649
755
779
737
755
731
708
612
490
429
257
74
7
5
-52
-129
-206
-273
-346
-400
-328
-332
-347
-368
-417
-446
-518
-503
-537
-610
-735
-911
-1079
-1203
-1198
-1244
-1301
-1295
-1231
-1092
-930
-692
-306
146
544
1069
1656
2271
3012
3700
4398
5060
5568
5980
6204
6286
6188
5879
5527
4972
4229
3409
2435
1488
508
-494
-1364
-2164
-2776
-3287
-3765
-4096
-4288
-4392
-4444
-4417
-4315
-4133
-3967
-3870
-3657
-3331
-3033
-2815
-2593
-2290
-1993
-1780
-1577
-1289
-928
-578
-300
10
427
785
1056
1363
1711
2069
2397
2606
2706
2827
2795
2602
2341
1982
1669
1276
812
342
-40
-392
-809
-1047
-1144
-1100
-1060
-1055
-951
-851
-739
-679
-643
-562
-489
-550
-643
-727
-862
-938
-1087
-1204
-1249
-1265
-1204
-1162
-1108
-993
-831
-712
-536
-248
10
224
378
497
647
738
733
768
791
706
587
447
302
153
-2
-124
-138
-183
-281
-280
-269
-206
-148
-174
-120
-108
-97
-21
-35
-53
-143
-339
-529
-680
-819
-975
-1089
-1207
-1270
-1302
-1341
-1261
-1042
-746
-379
130
686
1406
2171
2788
3509
4228
4830
5324
5649
5924
6076
6022
5820
5452
4975
4444
3775
3039
2304
1460
561
-319
-1121
-1796
-2426
-2974
-3464
-3857
-4068
-4179
-4170
-4066
-3844
-3603
-3433
-3252
-3068
-2817
-2581
-2407
-2173
-1942
-1767
-1641
-1525
-1348
-1075
-797
-533
-140
259
651
1028
1295
1648
1977
2161
2279
2363
2420
2316
2078
1804
1485
1087
693
288
-144
-479
-783
-1115
-1407
-1591
-1696
-1696
-1663
-1579
-1387
-1257
-1095
-970
-910
-800
-778
-805
-862
-1001
-1175
-1313
-1422
-1487
-1477
-1454
-1362
-1196
-950
-609
-287
16
294
488
719
981
1124
1267
1417
1392
1314
1264
1098
855
626
433
217
-75
-311
-389
-474
-549
-523
-523
-484
-450
-453
-390
-332
-283
-301
-313
-305
-368
-475
-606
-717
-836
-922
-982
-1026
-1024
-969
-857
-704
-428
-101
289
766
1268
1893
2506
3131
3874
4517
5121
5663
5994
6232
6386
6328
5985
5490
4934
4274
3501
2664
1826
953
52
-788
-1549
-2292
-2858
-3350
-3867
-4152
-4286
-4353
-4373
-4276
-4023
-3764
-3488
-3191
-2843
-2506
-2283
-2152
-2048
-1897
-1755
-1639
-1483
-1243
-960
-673
-372
10
460
863
1217
1578
1933
2222
2407
2563
2691
2672
2506
2224
1838
1490
1134
628
90
-333
-688
-1050
-1336
-1558
-1727
-1876
-1944
-1874
-1781
-1585
-1402
-1313
-1217
-1151
-1103
-1169
-1244
-1244
-1291
-1361
-1499
-1558
-1469
-1389
-1254
-1102
-938
-755
-555
-198
166
409
646
875
1036
1188
1279
1252
1224
1129
996
885
691
518
369
214
116
-5
-82
-113
-120
-67
-58
-33
-13
-1
84
148
214
244
199
149
34
-105
-255
-466
-718
-980
-1214
-1385
-1477
-1501
-1404
-1180
-921
-581
-115
370
898
1574
2286
3014
3755
4424
5044
5557
5859
6071
6190
6091
5879
5505
4993
4343
3513
2665
1812
997
177
-652
-1452
-2148
-2637
-3126
-3594
-3915
-4055
-4077
-4040
-3967
-3800
-3553
-3411
-3223
-3024
-2858
-2670
-2529
-2329
-2123
-1925
-1732
-1552
-1303
-1011
-730
-425
-45
359
741
1054
1401
1750
2050
2295
2417
2520
2553
2483
2277
2016
1823
1515
1107
670
249
-101
-476
-839
-1067
-1243
-1478
-1624
-1687
-1722
-1681
-1647
-1618
-1522
-1483
-1533
-1596
-1717
-1825
-1883
-1966
-2049
-2057
-1986
-1871
-1699
-1478
-1200
-945
-692
-354
-43
290
601
903
1242
1502
1711
1783
1806
1818
1722
1633
1503
1359
1196
917
671
423
203
81
-54
-183
-212
-165
-198
-232
-210
-243
-278
-336
-462
-581
-727
-919
-1106
-1281
-1442
-1551
-1654
-1714
-1708
-1677
-1534
-1329
-1044
-657
-168
452
1069
1732
2429
3163
3966
4761
5541
6125
6549
6930
7122
7077
6815
6366
5793
5103
4194
3178
2206
1136
117
-799
-1683
-2403
-3080
-3671
-4085
-4335
-4475
-4566
-4567
-4509
-4367
-4206
-4009
-3774
-3511
-3235
-3024
-2844
-2669
-2407
-2188
-1948
-1614
-1330
-994
-692
-378
130
676
1100
1452
1825
2189
2520
2751
2837
2894
2881
2688
2421
2213
1949
1604
1216
741
308
-117
-572
-973
-1296
-1471
-1649
-1822
-1928
-2019
-2066
-2100
-2085
-2035
-1989
-1984
-2047
-2083
-2106
-2164
-2186
-2084
-1949
-1791
-1547
-1348
-1195
-951
-643
-323
-2
273
529
804
1028
1218
1397
1524
1612
1622
1601
1575
1523
1334
1045
910
712
456
279
119
28
-10
-48
-65
-51
-89
-80
-107
-202
-237
-340
-412
-540
-730
-870
-1108
-1283
-1441
-1605
-1617
-1582
-1463
-1285
-1068
-773
-544
-215
292
825
1461
2161
2828
3603
4383
5072
5740
6282
6735
6940
6923
6782
6411
5947
5346
4562
3590
2589
1616
562
-422
-1325
-2083
-2798
-3460
-3954
-4353
-4559
-4634
-4648
-4590
-4507
-4326
-4086
-3838
-3538
-3280
-3041
-2817
-2633
-2356
-2118
-1947
-1776
-1530
-1184
-930
-590
-202
220
735
1137
1579
2042
2461
2873
3104
3253
3366
3306
3090
2745
2374
1936
1367
851
390
-99
-520
-900
-1292
-1564
-1708
-1894
-2044
-2098
-2094
-2031
-2059
-2113
-2144
-2218
-2298
-2430
-2469
-2423
-2479
-2455
-2329
-2231
-2086
-1894
-1690
-1408
-1026
-669
-342
106
519
867
1156
1335
1578
1753
1822
1860
1881
1889
1810
1656
1478
1323
1062
828
688
566
483
380
297
144
80
-21
-64
-17
-166
-177
-260
-479
-607
-804
-1004
-1128
-1228
-1292
-1314
-1352
-1294
-1238
-1268
-1191
-1028
-717
-285
201
730
1250
1897
2552
3279
4112
4799
5483
6007
6441
6821
6941
6841
6466
5999
5391
4659
3867
2997
2086
1091
143
-807
-1687
-2466
-3179
-3805
-4329
-4578
-4740
-4839
-4764
-4634
-4449
-4215
-4001
-3773
-3479
-3131
-2823
-2549
-2282
-2100
-1857
-1635
-1468
-1146
-876
-612
-254
99
569
986
1323
1726
2090
2424
2645
2756
2869
2900
2801
2622
2346
1968
1584
1084
511
66
-359
-799
-1229
-1552
-1751
-1908
-2024
-2072
-1984
-1937
-1992
-2006
-2030
-2080
-2145
-2211
-2279
-2306
-2251
-2221
-2216
-2162
-2008
-1846
-1708
-1467
-1221
-957
-718
-477
-99
249
570
888
1145
1387
1606
1751
1843
1892
1824
1711
1603
1440
1243
1076
897
703
577
523
478
426
415
340
236
152
-7
-111
-253
-470
-630
-759
-922
-1077
-1138
-1239
-1265
-1179
-1224
-1289
-1278
-1230
-1074
-864
-566
-77
468
1053
1754
2439
3201
4058
4822
5587
6259
6717
7022
7179
7121
6808
6383
5763
4994
4186
3249
2330
1379
326
-676
-1568
-2398
-3094
-3676
-4223
-4599
-4786
-4854
-4851
-4749
-4516
-4250
-4043
-3794
-3464
-3250
-3102
-2958
-2806
-2525
-2360
-2254
-1970
-1657
-1289
-934
-628
-175
400
964
1413
1856
2354
2745
3022
3209
3289
3350
3335
3074
2682
2263
1748
1215
729
259
-129
-475
-849
-1175
-1461
-1760
-2055
-2293
-2395
-2499
-2617
-2558
-2533
-2601
-2547
-2562
-2642
-2569
-2512
-2476
-2336
-2179
-1985
-1796
-1697
-1523
-1205
-885
-562
-152
245
554
840
1074
1311
1596
1738
1805
1939
2012
2006
1871
1614
1440
1220
934
803
707
646
643
507
346
236
86
-33
-125
-172
-180
-343
-511
-585
-748
-1020
-1204
-1250
-1337
-1382
-1383
-1374
-1361
-1357
-1323
-1185
-786
-440
42
761
1472
2351
3081
3767
4630
5358
5966
6413
6749
7129
7340
7259
7019
6607
6065
5386
4468
3497
2562
1591
530
-598
-1570
-2423
-3228
-3921
-4488
-4832
-5058
-5217
-5281
-5248
-5010
-4728
-4496
-4167
-3772
-3450
-3247
-3065
-2853
-2570
-2351
-2171
-1780
-1414
-1094
-735
-390
148
701
1084
1424
1833
2256
2539
2803
2971
3088
3278
3192
2999
2883
2638
2350
1924
1352
855
364
-204
-794
-1213
-1537
-1931
-2229
-2435
-2575
-2625
-2774
-2996
-3109
-3154
-3191
-3217
-3229
-3176
-3097
-3044
-2951
-2751
-2465
-2173
-1916
-1612
-1158
-748
-408
6
436
829
1096
1308
1548
1729
1856
1950
2056
2069
1988
1940
1798
1668
1540
1308
1067
841
637
449
388
252
106
104
-55
-112
-191
-451
-602
-804
-951
-1079
-1320
-1437
-1495
-1602
-1660
-1677
-1627
-1497
-1250
-907
-534
-75
392
925
1620
2344
3135
4027
4867
5620
6353
6970
7367
7648
7778
7637
7314
6837
6117
5239
4285
3243
2173
1094
-1
-1039
-1946
-2688
-3328
-3968
-4493
-4809
-5040
-5247
-5315
-5246
-5144
-5059
-4918
-4642
-4300
-3925
-3559
-3265
-2964
-2588
-2312
-2124
-1791
-1427
-1022
-667
-260
318
863
1406
1816
2347
2952
3322
3573
3696
3751
3666
3398
3001
2688
2341
1824
1255
630
145
-375
-840
-1221
-1617
-1891
-2197
-2422
-2583
-2694
-2761
-2885
-2899
-2856
-2888
-2960
-3039
-3067
-3015
-3016
-3011
-2863
-2653
-2421
-2210
-1937
-1457
-995
-660
-254
188
586
1008
1331
1569
1906
2154
2275
2347
2299
2235
2114
1899
1681
1522
1294
999
744
514
338
14
-229
-285
-438
-454
-581
-743
-597
-657
-743
-683
-713
-706
-779
-949
-1057
-1047
-1066
-1151
-1163
-1159
-1087
-911
-638
-272
243
840
1485
2225
2995
3851
4692
5514
6231
6760
7235
7610
7823
7736
7384
6910
6283
5476
4504
3462
2390
1268
128
-961
-1967
-2802
-3545
-4264
-4789
-5093
-5244
-5301
-5283
-5106
-4722
-4435
-4312
-3993
-3612
-3300
-3089
-2972
-2751
-2526
-2404
-2260
-1916
-1468
-1073
-718
-430
-5
599
1049
1436
1970
2460
2839
3104
3213
3387
3487
3277
2995
2677
2320
1878
1246
661
207
-207
-684
-1206
-1528
-1752
-2033
-2325
-2515
-2557
-2608
-2680
-2782
-2845
-2753
-2765
-2850
-2822
-2807
-2772
-2753
-2754
-2596
-2294
-2033
-1820
-1476
-1063
-583
-212
68
467
753
1029
1296
1528
1742
1840
1942
1896
1866
1860
1665
1516
1374
1136
849
554
305
94
-130
-374
-417
-439
-512
-470
-491
-423
-429
-523
-530
-588
-565
-595
-721
-813
-862
-906
-1003
-994
-913
-815
-608
-316
42
513
1006
1595
2342
3034
3782
4625
5389
6157
6803
7236
7658
7892
7801
7546
7103
6463
5650
4625
3515
2430
1357
239
-885
-1831
-2607
-3321
-3976
-4555
-4943
-5095
-5218
-5316
-5207
-4983
-4834
-4739
-4593
-4328
-4044
-3867
-3694
-3402
-3086
-2856
-2660
-2316
-1835
-1403
-974
-479
79
744
1306
1710
2202
2739
3077
3285
3471
3684
3831
3645
3291
2970
2741
2360
1721
1109
549
95
-477
-1095
-1446
-1751
-2012
-2339
-2698
-2839
-2919
-3020
-3147
-3233
-3160
-3148
-3219
-3226
-3208
-3133
-3091
-3081
-2921
-2631
-2370
-2145
-1849
-1468
-990
-559
-170
344
866
1350
1682
1915
2189
2359
2436
2463
2419
2296
2116
1889
1576
1286
981
627
315
59
-140
-303
-344
-398
-483
-485
-551
-536
-533
-616
-696
-773
-864
-996
-1073
-1166
-1149
-1118
-1180
-1158
-1127
-1004
-848
-598
-192
273
851
1467
2191
2987
3828
4777
5624
6451
7166
7617
7989
8190
8139
7852
7427
6879
6087
5103
3985
2920
1859
705
-414
-1521
-2430
-3174
-3976
-4742
-5282
-5517
-5728
-5896
-5897
-5672
-5285
-5061
-4804
-4432
-4040
-3696
-3489
-3240
-2900
-2573
-2382
-2136
-1704
-1234
-799
-373
166
845
1499
2009
2474
2952
3402
3668
3749
3831
3811
3676
3396
2986
2691
2340
1811
1254
691
162
-384
-990
-1514
-1870
-2181
-2571
-2896
-3125
-3273
-3318
-3395
-3520
-3554
-3547
-3610
-3609
-3493
-3374
-3234
-3044
-2810
-2518
-2214
-1897
-1502
-1072
-619
-180
194
586
991
1307
1588
1914
2131
2231
2249
2219
2298
2238
2042
1920
1695
1393
1068
703
432
264
88
-109
-197
-316
-433
-526
-762
-802
-777
-918
-1033
-1194
-1308
-1392
-1489
-1459
-1364
-1245
-1225
-1252
-1140
-953
-678
-354
44
649
1252
1821
2568
3349
4157
5059
5856
6603
7224
7642
7973
8107
8055
7802
7366
6778
5983
5025
3933
2818
1722
572
-549
-1528
-2434
-3244
-3875
-4469
-4911
-5131
-5308
-5340
-5319
-5262
-5097
-5011
-4848
-4551
-4215
-3890
-3670
-3418
-3069
-2773
-2537
-2190
-1772
-1319
-804
-358
212
942
1548
2045
2535
3034
3486
3829
3964
4005
4075
3839
3415
3016
2563
2066
1410
703
187
-233
-761
-1255
-1649
-1890
-2073
-2439
-2666
-2768
-2924
-3036
-3167
-3258
-3263
-3294
-3363
-3369
-3361
-3285
-3131
-3017
-2790
-2482
-2236
-1965
-1656
-1294
-848
-402
-14
401
826
1162
1481
1777
2070
2313
2415
2447
2448
2435
2232
1935
1708
1449
1171
802
447
196
-53
-318
-558
-719
-833
-986
-1160
-1247
-1304
-1351
-1411
-1444
-1425
-1434
-1410
-1398
-1310
-1116
-1043
-904
-658
-431
-115
190
514
1010
1563
2100
2719
3480
4267
5002
5744
6489
7092
7504
7831
8017
8008
7764
7249
6670
5938
4913
3802
2748
1665
494
-643
-1724
-2582
-3311
-4047
-4624
-5073
-5279
-5477
-5649
-5609
-5487
-5276
-5211
-5056
-4670
-4383
-4138
-3841
-3509
-3093
-2682
-2454
-2193
-1731
-1227
-803
-357
303
1117
1808
2312
2876
3480
3927
4174
4305
4385
4350
4054
3485
2989
2518
2007
1417
687
197
-258
-829
-1405
-1833
-2056
-2417
-2796
-3058
-3218
-3323
-3522
-3705
-3729
-3675
-3727
-3793
-3772
-3624
-3393
-3315
-3247
-2943
-2599
-2303
-1934
-1549
-1125
-647
-226
244
839
1388
1810
2121
2420
2680
2786
2699
2623
2634
2450
2158
1879
1651
1400
1060
696
354
178
-170
-582
-829
-1038
-1128
-1385
-1568
-1439
-1357
-1341
-1366
-1382
-1288
-1235
-1296
-1261
-1143
-1058
-1033
-1038
-928
-683
-385
-79
336
949
1578
2152
2830
3622
4456
5265
5988
6685
7326
7752
7971
8044
7980
7711
7214
6563
5795
4885
3858
2736
1550
356
-798
-1838
-2741
-3526
-4239
-4842
-5237
-5511
-5711
-5740
-5641
-5422
-5170
-5053
-4856
-4509
-4297
-4155
-3925
-3617
-3238
-2896
-2575
-2174
-1699
-1118
-556
-69
587
1361
1977
2477
2993
3508
3902
4080
4139
4228
4261
4014
3543
3062
2610
2098
1404
631
61
-470
-1150
-1761
-2197
-2448
-2624
-2967
-3227
-3201
-3220
-3339
-3437
-3494
-3424
-3395
-3541
-3589
-3474
-3415
-3424
-3306
-2985
-2574
-2204
-1861
-1379
-751
-213
211
687
1168
1556
1882
2127
2367
2672
2829
2764
2697
2636
2437
2162
1869
1596
1312
887
408
86
-173
-487
-762
-1025
-1171
-1232
-1420
-1493
-1436
-1417
-1348
-1348
-1302
-1130
-1087
-1165
-1146
-1000
-915
-854
-763
-647
-370
-102
118
537
1158
1751
2407
3129
3820
4687
5490
6198
6957
7501
7856
8149
8215
8014
7678
7094
6295
5319
4206
3157
2056
883
-349
-1522
-2484
-3374
-4186
-4884
-5383
-5625
-5822
-5976
-5959
-5758
-5441
-5217
-5002
-4596
-4174
-3882
-3672
-3411
-3108
-2785
-2543
-2338
-1859
-1340
-895
-415
80
747
1441
1997
2529
3126
3635
4011
4221
4287
4369
4270
3920
3418
2952
2527
1879
1165
540
-10
-553
-1172
-1806
-2226
-2467
-2795
-3163
-3434
-3440
-3347
-3493
-3595
-3500
-3521
-3615
-3693
-3698
-3506
-3323
-3201
-2995
-2700
-2299
-1986
-1736
-1229
-650
-233
149
577
1120
1654
1964
2201
2515
2780
2843
2771
2785
2812
2620
2263
1923
1652
1306
839
392
33
-249
-609
-1073
-1268
-1279
-1462
-1640
-1752
-1834
-1765
-1763
-1811
-1620
-1418
-1436
-1474
-1368
-1206
-1073
-949
-838
-642
-278
82
526
1179
1834
2488
3181
3868
4705
5595
6354
7079
7695
8127
8419
8438
8223
7961
7547
6881
5963
4866
3776
2664
1388
99
-1058
-2116
-3061
-3945
-4756
-5260
-5546
-5883
-6124
-6122
-5937
-5648
-5472
-5355
-4984
-4522
-4221
-4006
-3759
-3389
-3029
-2873
-2638
-2113
-1480
-910
-489
-32
725
1475
1957
2460
3095
3713
4214
4441
4537
4747
4695
4190
3675
3284
2820
2218
1403
598
31
-594
-1297
-1786
-2159
-2475
-2730
-3112
-3430
-3469
-3532
-3697
-3773
-3785
-3750
-3730
-3806
-3763
-3549
-3407
-3330
-3197
-2924
-2497
-2120
-1833
-1417
-857
-298
189
667
1204
1737
2142
2376
2615
2964
3132
3057
2969
2850
2646
2328
1899
1569
1312
917
475
91
-253
-578
-926
-1240
-1441
-1560
-1643
-1751
-1867
-1872
-1820
-1801
-1714
-1550
-1438
-1350
-1237
-1105
-925
-762
-627
-331
57
396
807
1239
1713
2432
3143
3739
4506
5338
6033
6585
7029
7522
7950
8056
7911
7570
7060
6435
5587
4548
3544
2583
1493
250
-926
-1888
-2753
-3616
-4368
-4860
-5126
-5375
-5676
-5799
-5593
-5261
-5046
-4883
-4523
-3990
-3606
-3407
-3180
-2825
-2416
-2202
-2118
-1772
-1257
-866
-554
-194
397
1141
1671
2057
2571
3169
3625
3850
4002
4251
4396
4205
3738
3204
2789
2181
1408
668
85
-346
-1025
-1719
-2211
-2466
-2625
-2997
-3291
-3413
-3434
-3497
-3639
-3658
-3575
-3554
-3631
-3634
-3496
-3277
-3135
-3053
-2776
-2391
-2111
-1841
-1468
-974
-453
-74
317
876
1342
1645
1927
2167
2387
2580
2576
2458
2389
2299
2115
1824
1576
1368
971
513
243
21
-162
-426
-862
-1046
-1182
-1370
-1383
-1536
-1643
-1656
-1739
-1635
-1504
-1398
-1354
-1319
-1132
-1035
-921
-707
-469
-168
171
608
1122
1732
2333
2974
3615
4325
5089
5740
6511
7042
7419
7836
7943
7875
7667
7213
6681
6043
4977
3862
2822
1637
487
-721
-1738
-2548
-3368
-4160
-4907
-5283
-5474
-5729
-5824
-5718
-5348
-5053
-4988
-4791
-4387
-3941
-3687
-3535
-3256
-2788
-2440
-2262
-1952
-1527
-1002
-711
-449
212
973
1619
2001
2372
3035
3595
3884
4074
4214
4397
4307
3873
3464
3010
2541
1857
982
335
-209
-793
-1454
-2009
-2310
-2607
-2966
-3253
-3380
-3420
-3546
-3786
-3918
-3879
-3879
-3962
-3926
-3673
-3413
-3297
-3201
-2938
-2483
-2061
-1784
-1442
-948
-483
-139
209
665
1085
1354
1537
1737
2081
2337
2324
2412
2544
2436
2326
2173
1886
1717
1409
939
617
344
-29
-447
-742
-915
-1077
-1307
-1433
-1506
-1639
-1684
-1794
-1698
-1507
-1516
-1444
-1370
-1269
-1117
-945
-783
-632
-374
-92
276
822
1409
2035
2749
3426
4152
4968
5685
6374
7005
7427
7742
7932
7883
7656
7300
6767
6023
5089
4087
3060
1981
860
-258
-1253
-2066
-2863
-3717
-4389
-4771
-5094
-5452
-5711
-5749
-5538
-5272
-5144
-4941
-4501
-4089
-3870
-3665
-3308
-2882
-2579
-2412
-2152
-1672
-1165
-829
-528
-13
677
1312
1795
2280
2877
3402
3686
3832
4024
4191
4136
3827
3470
3152
2704
2073
1278
639
168
-451
-1132
-1722
-2030
-2296
-2784
-3212
-3476
-3528
-3686
-3990
-4027
-4016
-3918
-3857
-3989
-3771
-3445
-3351
-3176
-2817
-2356
-1955
-1785
-1524
-911
-387
-77
287
689
1170
1543
1622
1842
2257
2449
2500
2496
2418
2498
2372
1957
1862
1735
1259
840
557
268
51
-312
-761
-843
-1028
-1310
-1460
-1665
-1617
-1679
-1850
-1715
-1595
-1549
-1622
-1569
-1301
-1149
-938
-782
-513
-10
268
545
1045
1628
2326
2966
3453
4256
5179
5841
6487
6990
7482
7977
7989
7812
7645
7211
6564
5656
4583
3644
2678
1486
212
-941
-1823
-2607
-3411
-4075
-4585
-4851
-5104
-5374
-5450
-5340
-5005
-4831
-4734
-4464
-4075
-3678
-3531
-3373
-3068
-2775
-2618
-2523
-2221
-1762
-1358
-1042
-633
-29
635
1160
1586
2160
2845
3343
3578
3806
4088
4170
3956
3583
3215
2894
2489
1867
1178
640
200
-359
-983
-1446
-1794
-2177
-2634
-3007
-3130
-3184
-3385
-3592
-3708
-3757
-3713
-3758
-3807
-3617
-3392
-3356
-3291
-2974
-2556
-2158
-1964
-1636
-1056
-669
-263
154
636
1151
1415
1497
1647
1963
2083
2029
1969
1999
2093
2043
1884
1777
1723
1430
1088
713
354
147
-304
-682
-913
-1184
-1319
-1582
-1749
-1732
-1795
-1821
-1860
-1802
-1697
-1620
-1522
-1438
-1193
-924
-727
-451
-55
411
864
1397
2016
2690
3312
3962
4805
5556
6269
6813
7207
7732
7923
7856
7610
7142
6693
6043
5080
4077
3179
2188
1131
-37
-1042
-1736
-2498
-3253
-3995
-4476
-4732
-5083
-5323
-5401
-5208
-4885
-4755
-4535
-4131
-3758
-3462
-3329
-3086
-2640
-2416
-2279
-2085
-1764
-1292
-1057
-859
-367
185
738
1147
1531
2253
2892
3309
3701
3983
4268
4334
4027
3625
3214
2770
2087
1300
653
61
-429
-1068
-1635
-1950
-2273
-2584
-2994
-3173
-3272
-3398
-3500
-3653
-3584
-3569
-3562
-3608
-3528
-3281
-3179
-3070
-2993
-2691
-2323
-2010
-1694
-1308
-761
-395
-8
401
810
1242
1412
1555
1797
1973
2074
2132
2124
2108
2061
1828
1644
1472
1131
881
521
161
-37
-429
-741
-908
-1111
-1181
-1299
-1487
-1509
-1502
-1497
-1495
-1495
-1374
-1277
-1253
-1264
-1221
-1064
-980
-805
-496
-212
252
866
1482
2220
2840
3579
4566
5355
6218
6833
7292
7887
8222
8399
8253
7998
7632
6908
5979
4837
3680
2605
1473
217
-803
-1671
-2488
-3233
-3935
-4298
-4567
-4832
-5097
-5181
-4988
-4867
-4788
-4687
-4335
-3818
-3512
-3399
-3245
-2920
-2632
-2501
-2405
-2145
-1718
-1312
-1003
-635
-26
656
1191
1708
2334
2946
3354
3609
3836
4072
4159
3959
3714
3473
3200
2654
1866
1223
643
77
-698
-1480
-1925
-2293
-2677
-3079
-3292
-3371
-3455
-3497
-3651
-3768
-3690
-3668
-3728
-3595
-3386
-3285
-3195
-3066
-2800
-2454
-2242
-1965
-1451
-946
-570
-209
168
637
1043
1192
1351
1606
1900
1984
1859
1916
1954
1906
1764
1560
1550
1405
1059
717
402
245
24
-380
-676
-891
-1030
-1163
-1416
-1479
-1474
-1555
-1542
-1522
-1451
-1339
-1290
-1179
-1108
-1061
-917
-772
-475
-154
158
699
1188
1810
2525
3151
4061
4946
5709
6472
7035
7545
7955
8047
7932
7664
7171
6485
5658
4780
3901
3047
2122
962
-141
-1007
-1844
-2638
-3369
-3980
-4358
-4697
-5031
-5174
-5112
-4899
-4635
-4446
-4168
-3767
-3471
-3326
-3223
-2927
-2658
-2496
-2323
-2116
-1676
-1329
-1059
-647
-161
382
822
1281
1772
2268
2735
3085
3438
3741
3857
3764
3566
3338
2971
2392
1755
1187
667
168
-451
-1150
-1581
-1855
-2242
-2670
-2942
-3031
-3076
-3239
-3521
-3534
-3428
-3388
-3421
-3456
-3198
-3036
-2979
-2964
-2820
-2429
-2150
-1921
-1686
-1177
-695
-361
79
479
977
1318
1448
1595
1749
1754
1591
1485
1488
1469
1348
1209
1079
1039
924
656
420
244
169
-84
-399
-562
-794
-928
-1069
-1243
-1308
-1477
-1568
-1568
-1532
-1412
-1405
-1346
-1214
-1127
-1025
-850
-603
-330
-49
345
861
1383
2002
2656
3374
4256
5195
6020
6628
7301
7888
8168
8278
8008
7636
7201
6363
5394
4328
3332
2406
1297
235
-686
-1528
-2326
-3017
-3602
-4004
-4326
-4655
-4783
-4840
-4654
-4453
-4481
-4244
-3882
-3579
-3322
-3213
-2954
-2568
-2418
-2324
-2159
-1864
-1492
-1272
-980
-627
-159
400
818
1246
1664
2084
2533
2897
3222
3574
3760
3628
3428
3203
2836
2343
1710
1109
594
-26
-662
-1129
-1495
-1843
-2269
-2710
-2980
-3086
-3221
-3499
-3634
-3548
-3501
-3545
-3587
-3509
-3168
-2912
-2967
-2822
-2480
-2110
-1934
-1894
-1494
-967
-495
-203
91
567
995
1264
1370
1539
1723
1816
1642
1472
1502
1463
1354
1092
1101
1120
869
833
667
586
510
119
-63
-286
-508
-740
-1128
-1207
-1321
-1494
-1542
-1609
-1492
-1359
-1376
-1340
-1260
-1220
-1073
-871
-647
-310
81
533
1043
1622
2284
2945
3627
4501
5363
6009
6627
7177
7614
7932
7979
7747
7444
6919
6128
5193
4094
3100
1956
744
-348
-1252
-1906
-2704
-3305
-3859
-4262
-4436
-4832
-4941
-4850
-4713
-4492
-4353
-4126
-3720
-3330
-3146
-2960
-2724
-2507
-2330
-2244
-2125
-1835
-1493
-1219
-893
-479
59
657
1074
1486
2036
2488
2850
3136
3304
3524
3608
3404
3167
2940
2683
2248
1537
901
418
-190
-815
-1319
-1722
-1982
-2242
-2559
-2780
-2859
-2962
-3156
-3317
-3322
-3258
-3357
-3398
-3284
-3215
-3193
-3256
-3105
-2782
-2581
-2313
-2129
-1842
-1395
-1102
-720
-342
167
701
977
1270
1598
1850
1833
1804
1765
1673
1670
1498
1412
1312
1077
913
668
512
457
243
-2
-206
-423
-566
-787
-1035
-1123
-1226
-1325
-1357
-1360
-1349
-1373
-1315
-1203
-1175
-1108
-978
-779
-455
-193
95
577
1108
1688
2330
2945
3659
4486
5292
5983
6597
7174
7563
7770
7772
7517
7164
6659
5844
4956
4049
3085
2172
1012
-77
-980
-1942
-2722
-3493
-4076
-4385
-4652
-4843
-4889
-4724
-4466
-4209
-4020
-3764
-3459
-3150
-2915
-2806
-2566
-2435
-2333
-2209
-2116
-1777
-1539
-1349
-930
-482
35
497
910
1453
2039
2520
2821
3159
3524
3729
3741
3521
3256
2990
2510
1878
1331
911
469
-59
-597
-998
-1363
-1859
-2404
-2823
-3022
-3170
-3400
-3649
-3747
-3698
-3733
-3767
-3712
-3511
-3294
-3168
-3028
-2841
-2452
-2217
-2069
-1753
-1445
-1010
-659
-387
25
462
835
1104
1388
1724
1977
2048
1983
1943
1937
1859
1722
1584
1366
1178
975
612
410
188
-110
-256
-475
-686
-918
-1090
-1201
-1407
-1570
-1679
-1669
-1659
-1735
-1726
-1591
-1393
-1224
-981
-735
-481
-152
139
582
1110
1677
2302
2885
3650
4460
5252
5984
6640
7340
7831
8145
8276
8163
7891
7385
6586
5640
4638
3501
2394
1258
67
-921
-1777
-2585
-3241
-3873
-4372
-4606
-4858
-4967
-4926
-4823
-4595
-4442
-4220
-3953
-3686
-3347
-3153
-2932
-2686
-2458
-2173
-1940
-1575
-1200
-995
-742
-380
101
534
897
1332
1804
2330
2720
2950
3281
3646
3754
3670
3663
3510
3237
2813
2127
1591
961
214
-407
-1034
-1536
-1963
-2446
-2895
-3132
-3297
-3541
-3802
-3963
-3902
-3898
-3995
-3843
-3524
-3346
-3295
-3167
-2931
-2647
-2350
-2109
-1858
-1467
-1066
-740
-377
3
390
755
939
1124
1466
1618
1549
1635
1743
1671
1616
1517
1485
1437
1249
1176
1000
811
647
275
-46
-397
-665
-813
-1138
-1318
-1372
-1516
-1538
-1495
-1519
-1526
-1475
-1462
-1414
-1276
-1107
-863
-625
-305
49
346
838
1483
2194
2860
3520
4385
5139
5781
6391
6900
7431
7762
7965
8054
7826
7442
6722
5735
4721
3660
2574
1310
40
-1011
-1945
-2812
-3542
-4028
-4292
-4461
-4610
-4698
-4658
-4510
-4296
-4149
-3991
-3689
-3420
-3243
-3094
-2862
-2560
-2378
-2341
-2132
-1859
-1665
-1294
-1077
-709
-168
223
771
1189
1713
2257
2608
2892
3172
3647
3759
3620
3464
3195
2929
2479
1910
1422
922
279
-361
-894
-1320
-1703
-2166
-2641
-2983
-3130
-3315
-3618
-3752
-3694
-3635
-3652
-3639
-3377
-3043
-2964
-2905
-2678
-2411
-2118
-1902
-1781
-1548
-1229
-1001
-817
-502
-21
385
600
862
1242
1562
1718
1745
1766
1860
1880
1670
1500
1429
1249
980
732
479
358
235
-129
-267
-373
-598
-720
-983
-1067
-1123
-1224
-1215
-1405
-1397
-1352
-1356
-1152
-1110
-969
-815
-742
-510
-364
-63
380
898
1566
2159
2829
3676
4534
5358
6092
6621
7125
7581
7693
7566
7361
7019
6493
5740
4839
4017
3176
2187
1178
184
-706
-1458
-2285
-3135
-3712
-4070
-4353
-4546
-4593
-4467
-4299
-4132
-3991
-3673
-3242
-3054
-2885
-2751
-2632
-2421
-2416
-2373
-2195
-1991
-1716
-1532
-1207
-730
-258
192
541
1022
1667
2208
2545
2906
3233
3430
3480
3255
3110
2927
2551
2116
1520
1056
616
10
-523
-1011
-1381
-1753
-2224
-2560
-2740
-2861
-3084
-3300
-3326
-3253
-3218
-3305
-3291
-3079
-2937
-2913
-2881
-2810
-2641
-2463
-2390
-2181
-1778
-1403
-1060
-752
-362
174
622
885
1197
1631
1855
1893
1840
1834
1812
1621
1458
1250
1124
924
682
570
393
381
204
-102
-261
-554
-744
-934
-1124
-1185
-1402
-1527
-1565
-1555
-1427
-1411
-1288
-1179
-1164
-970
-879
-781
-521
-279
83
552
1069
1650
2262
3018
3880
4686
5442
6210
6864
7383
7813
7972
8029
7947
7509
6937
6166
5247
4314
3259
2071
774
-299
-1168
-2057
-2836
-3533
-4014
-4336
-4665
-4747
-4717
-4616
-4425
-4363
-4165
-3834
-3545
-3317
-3178
-2984
-2793
-2572
-2405
-2301
-1979
-1625
-1303
-1026
-741
-260
188
545
912
1413
1989
2380
2756
3081
3350
3511
3402
3303
3172
2908
2466
1873
1325
789
203
-412
-992
-1404
-1689
-2056
-2432
-2632
-2741
-2860
-3028
-3233
-3370
-3417
-3494
-3643
-3659
-3525
-3443
-3415
-3302
-3000
-2647
-2413
-2254
-1921
-1455
-1139
-840
-509
-129
212
447
739
1014
1328
1539
1567
1583
1586
1588
1510
1377
1325
1221
1021
873
726
573
383
125
5
-99
-247
-401
-664
-796
-901
-1072
-1139
-1214
-1232
-1303
-1420
-1365
-1293
-1241
-1201
-1099
-890
-563
-136
324
770
1233
1815
2398
3098
3988
4885
5691
6352
6949
7425
7726
7855
7764
7493
7053
6405
5563
4595
3560
2563
1507
380
-642
-1425
-2058
-2748
-3327
-3732
-4027
-4216
-4352
-4357
-4256
-4091
-3968
-3915
-3701
-3424
-3237
-3094
-2934
-2658
-2429
-2325
-2223
-2076
-1817
-1576
-1381
-994
-439
100
560
1008
1540
2028
2435
2847
3160
3407
3574
3515
3328
3076
2718
2217
1632
1133
658
150
-334
-848
-1238
-1571
-2017
-2406
-2721
-2772
-2791
-2956
-2992
-3113
-3175
-3188
-3286
-3250
-3091
-2946
-2936
-2843
-2619
-2394
-2207
-2087
-1867
-1513
-1133
-825
-500
-109
254
549
801
1099
1418
1560
1509
1474
1518
1582
1518
1351
1257
1051
757
617
551
455
348
68
-263
-460
-663
-787
-938
-1030
-1126
-1275
-1301
-1369
-1255
-1185
-1153
-1102
-1077
-910
-815
-671
-554
-298
-44
234
707
1230
2036
2655
3303
4154
4911
5691
6324
6795
7236
7608
7618
7456
7184
6754
6222
5413
4505
3584
2718
1725
642
-161
-975
-1746
-2470
-3229
-3628
-3910
-4231
-4400
-4479
-4357
-4151
-4074
-3989
-3652
-3223
-3009
-2898
-2744
-2521
-2320
-2218
-2130
-1941
-1674
-1483
-1365
-1067
-501
23
393
847
1434
2006
2449
2747
3042
3375
3520
3393
3182
2981
2705
2266
1714
1224
864
425
-199
-731
-1040
-1365
-1837
-2327
-2631
-2729
-2873
-3124
-3243
-3181
-3093
-3105
-3208
-3173
-2952
-2849
-2853
-2712
-2510
-2397
-2342
-2254
-2023
-1735
-1515
-1265
-975
-637
-189
141
333
720
1185
1396
1475
1591
1742
1835
1744
1609
1564
1447
1254
1060
884
786
604
239
-38
-228
-506
-766
-957
-1093
-1096
-1071
-1124
-1138
-1106
-1119
-1167
-1215
-1229
-1148
-1017
-942
-882
-674
-301
110
583
1190
1859
2515
3174
3922
4781
5568
6116
6530
6993
7437
7638
7576
7345
6919
6294
5507
4548
3563
2659
1594
386
-580
-1342
-2128
-2864
-3422
-3739
-3921
-4110
-4224
-4169
-3975
-3861
-3910
-3784
-3439
-3209
-3068
-2991
-2920
-2636
-2383
-2359
-2300
-2032
-1688
-1428
-1211
-856
-378
95
483
851
1481
2050
2464
2913
3234
3604
3738
3540
3277
2978
2622
2088
1498
872
258
-299
-849
-1291
-1574
-1750
-2020
-2351
-2540
-2601
-2718
-2900
-2974
-2988
-3070
-3197
-3290
-3220
-2994
-2875
-2841
-2661
-2405
-2140
-1898
-1712
-1387
-1030
-910
-847
-636
-300
63
283
417
730
1082
1263
1394
1604
1851
1928
1819
1677
1684
1636
1331
1125
901
638
438
23
-332
-579
-797
-898
-1100
-1129
-1081
-1264
-1386
-1339
-1251
-1202
-1160
-1218
-1217
-1184
-1145
-943
-706
-348
-51
206
561
1092
1788
2349
3031
3895
4704
5398
5984
6600
7226
7673
7793
7664
7369
6970
6444
5643
4671
3738
2731
1542
423
-500
-1308
-2017
-2721
-3377
-3855
-4247
-4502
-4564
-4554
-4358
-4086
-3983
-3780
-3433
-3206
-3029
-2888
-2736
-2483
-2376
-2449
-2408
-2240
-2012
-1767
-1595
-1249
-598
-1
470
1031
1668
2329
2873
3201
3479
3730
3786
3583
3263
3005
2739
2292
1731
1174
656
134
-401
-859
-1206
-1523
-1908
-2317
-2548
-2637
-2806
-3025
-3184
-3247
-3253
-3339
-3439
-3323
-3090
-3005
-3029
-2924
-2660
-2404
-2221
-2009
-1729
-1443
-1194
-947
-624
-219
179
506
809
1164
1541
1725
1735
1833
1965
1936
1769
1637
1611
1489
1185
944
730
463
248
-150
-506
-628
-795
-958
-1130
-1166
-1155
-1290
-1295
-1280
-1278
-1263
-1313
-1260
-1293
-1295
-1178
-1017
-700
-445
-221
90
490
1019
1746
2374
3015
3984
4770
5495
6185
6741
7345
7758
7892
7827
7588
7077
6456
5626
4629
3631
2524
1426
330
-597
-1383
-2094
-2738
-3368
-3740
-4086
-4312
-4293
-4321
-4199
-4137
-4129
-3909
-3590
-3251
-3093
-2958
-2859
-2637
-2414
-2486
-2345
-2105
-1846
-1592
-1352
-930
-336
338
696
1019
1578
2102
2481
2711
2997
3347
3451
3223
3000
2844
2571
2168
1684
1237
831
335
-264
-816
-1193
-1446
-1837
-2347
-2637
-2767
-2961
-3192
-3370
-3356
-3239
-3331
-3433
-3270
-3107
-3059
-2962
-2815
-2565
-2277
-2204
-2188
-1956
-1687
-1486
-1240
-885
-396
66
348
638
1058
1398
1527
1564
1639
1728
1677
1509
1465
1483
1303
1013
788
612
492
312
24
-162
-270
-489
-748
-975
-1117
-1100
-1091
-1159
-1120
-986
-937
-960
-954
-913
-844
-767
-695
-535
-276
0
317
687
1124
1686
2252
2810
3508
4270
4964
5589
6182
6751
7136
7272
7298
7191
6863
6343
5618
4738
3847
2890
1760
622
-314
-1131
-1962
-2707
-3240
-3599
-3839
-3978
-4040
-3982
-3797
-3620
-3535
-3426
-3178
-2913
-2798
-2742
-2633
-2495
-2358
-2312
-2321
-2153
-1857
-1632
-1472
-1227
-766
-258
100
480
1006
1597
2117
2440
2712
3050
3245
3214
3065
2860
2602
2183
1666
1279
915
395
-161
-617
-969
-1292
-1743
-2237
-2506
-2563
-2662
-2880
-2997
-2901
-2856
-2955
-3009
-2949
-2832
-2840
-2978
-2990
-2899
-2783
-2617
-2486
-2249
-1879
-1622
-1373
-984
-530
-84
271
597
1006
1356
1540
1653
1828
2024
2013
1826
1692
1569
1341
1044
771
629
532
253
-95
-292
-433
-632
-865
-998
-932
-906
-1047
-1132
-1058
-905
-845
-934
-948
-853
-814
-817
-780
-606
-343
-163
15
380
941
1571
2163
2806
3605
4446
5192
5834
6479
7129
7585
7791
7863
7766
7421
6825
5963
4989
4077
3104
1981
900
-72
-1011
-1865
-2625
-3280
-3686
-3926
-4214
-4453
-4463
-4287
-4076
-3915
-3718
-3401
-3125
-3007
-2908
-2753
-2572
-2450
-2450
-2460
-2349
-2188
-1971
-1699
-1443
-978
-376
108
610
1219
1815
2281
2658
2969
3303
3565
3484
3329
3162
2790
2317
1723
1140
682
194
-356
-881
-1244
-1541
-1869
-2218
-2510
-2591
-2643
-2802
-2937
-2956
-2916
-2925
-2973
-2972
-2853
-2756
-2747
-2692
-2554
-2461
-2400
-2290
-2107
-1813
-1536
-1289
-919
-487
-147
155
444
767
1129
1305
1427
1579
1712
1773
1691
1648
1562
1426
1184
893
750
486
204
-12
-265
-425
-625
-835
-990
-1018
-981
-1090
-1069
-981
-968
-946
-1002
-945
-806
-761
-760
-715
-505
-314
-134
120
480
982
1491
2086
2683
3468
4323
4966
5648
6246
6799
7173
7347
7412
7301
7025
6444
5809
4984
4056
3191
2205
1284
350
-496
-1215
-1904
-2455
-2980
-3350
-3675
-3942
-4050
-4117
-3929
-3811
-3709
-3474
-3245
-3025
-3035
-2972
-2891
-2799
-2673
-2676
-2553
-2336
-2062
-1828
-1487
-931
-405
83
549
1035
1557
2051
2443
2742
3042
3292
3367
3227
3020
2756
2377
1934
1350
904
459
-181
-685
-1144
-1484
-1827
-2282
-2567
-2649
-2661
-2824
-2964
-3018
-3039
-3047
-3211
-3267
-3076
-2948
-2975
-2973
-2855
-2619
-2410
-2313
-2060
-1696
-1446
-1178
-838
-471
-38
327
536
848
1199
1356
1501
1648
1817
1955
1918
1911
1948
1918
1661
1332
1223
937
596
269
-177
-355
-587
-845
-973
-1092
-1142
-1249
-1277
-1293
-1180
-1060
-1130
-1025
-876
-769
-747
-748
-609
-472
-348
-160
222
779
1405
2014
2594
3369
4164
4879
5522
6047
6657
7106
7337
7346
7163
6971
6506
5818
5056
4262
3410
2381
1288
277
-599
-1377
-2060
-2687
-3187
-3510
-3799
-4028
-4102
-4105
-4030
-3860
-3740
-3567
-3244
-2985
-2819
-2649
-2573
-2522
-2428
-2418
-2393
-2175
-1924
-1751
-1518
-1152
-709
-291
91
582
1196
1795
2298
2680
3012
3326
3350
3167
2996
2785
2501
2010
1484
1145
813
266
-263
-652
-1053
-1378
-1852
-2220
-2378
-2590
-2674
-2884
-2988
-2846
-2874
-2938
-2955
-2920
-2844
-2965
-3071
-2890
-2724
-2626
-2496
-2367
-2084
-1764
-1525
-1202
-800
-356
44
339
627
996
1336
1486
1587
1694
1797
1775
1707
1783
1770
1671
1485
1301
1090
748
524
164
-188
-372
-679
-858
-1019
-1156
-1173
-1313
-1365
-1330
-1309
-1253
-1126
-961
-950
-903
-784
-688
-553
-399
-167
127
497
928
1426
2003
2579
3292
3991
4728
5501
6099
6732
7167
7383
7459
7325
7087
6671
6042
5221
4410
3511
2477
1388
310
-636
-1470
-2190
-2974
-3476
-3751
-4085
-4214
-4327
-4325
-4088
-3915
-3806
-3597
-3355
-3169
-2970
-2856
-2668
-2409
-2374
-2270
-2174
-2098
-1846
-1688
-1464
-1059
-538
-102
271
793
1356
1864
2161
2423
2736
3008
3136
3092
2946
2765
2588
2069
1562
1216
671
132
-453
-959
-1292
-1661
-2078
-2472
-2617
-2753
-2939
-3012
-3150
-3129
-3086
-3160
-3174
-3127
-2990
-3000
-3022
-2852
-2649
-2518
-2410
-2260
-1980
-1615
-1406
-1174
-804
-385
-71
219
545
877
1248
1366
1566
1864
2008
2158
2151
2137
2166
1967
1605
1386
1118
776
464
8
-196
-386
-736
-869
-969
-981
-956
-1069
-1050
-991
-1054
-1061
-1110
-1103
-993
-909
-756
-635
-386
-64
138
465
919
1363
1790
2262
2789
3483
4223
4790
5337
5909
6446
6795
6957
7064
7007
6782
6401
5675
4858
4115
3094
2023
967
5
-763
-1608
-2257
-2809
-3334
-3643
-3949
-4229
-4330
-4226
-4098
-3978
-3809
-3581
-3274
-3020
-2859
-2797
-2629
-2416
-2451
-2349
-2148
-1956
-1648
-1454
-1251
-905
-395
44
368
881
1443
1967
2364
2692
2992
3091
3021
2800
2558
2407
2127
1610
1186
873
415
-90
-553
-953
-1227
-1527
-1950
-2274
-2459
-2660
-2846
-2975
-3016
-2913
-2831
-2897
-2930
-2888
-2869
-2845
-2762
-2538
-2269
-2150
-2056
-1841
-1556
-1238
-981
-707
-332
-28
183
411
654
947
1154
1233
1443
1652
1645
1677
1733
1663
1623
1464
1147
989
806
495
309
145
-29
-156
-373
-559
-650
-770
-906
-1056
-1096
-1005
-982
-947
-844
-743
-640
-631
-610
-413
-220
-84
130
448
869
1361
1856
2343
2934
3640
4289
4839
5335
5729
6076
6364
6517
6618
6588
6295
5859
5265
4486
3701
2875
1894
911
2
-865
-1643
-2351
-2958
-3335
-3588
-3837
-3961
-3955
-3903
-3808
-3780
-3738
-3471
-3197
-3061
-2924
-2785
-2653
-2605
-2672
-2563
-2293
-2096
-1920
-1702
-1341
-793
-310
32
443
1024
1576
1959
2298
2605
2847
3030
2952
2828
2835
2626
2260
1911
1505
1074
652
100
-333
-552
-959
-1334
-1645
-1977
-2123
-2388
-2669
-2820
-2960
-2988
-3163
-3316
-3210
-3066
-2946
-2957
-2921
-2709
-2545
-2452
-2303
-2028
-1707
-1423
-1177
-860
-448
-105
93
269
620
1012
1222
1445
1737
1894
2024
2079
1991
2019
1982
1733
1570
1334
980
692
379
90
-123
-380
-665
-788
-947
-1102
-1180
-1269
-1211
-1250
-1258
-1204
-1186
-1074
-1019
-963
-850
-621
-364
-112
156
543
1032
1440
1958
2463
3086
3828
4464
5065
5561
6130
6659
6955
7056
6987
6803
6403
5793
5098
4369
3520
2531
1445
369
-537
-1266
-1973
-2688
-3182
-3516
-3885
-4163
-4250
-4222
-4118
-4026
-3983
-3773
-3437
-3282
-3146
-3030
-2925
-2703
-2606
-2485
-2234
-1942
-1675
-1556
-1293
-895
-434
92
461
894
1452
1867
2201
2579
2946
3189
3182
2958
2760
2593
2310
1899
1432
1088
650
116
-290
-668
-975
-1367
-1888
-2230
-2386
-2599
-2822
-2964
-3029
-2979
-3042
-3154
-3095
-2891
-2714
-2746
-2756
-2627
-2458
-2299
-2158
-1890
-1525
-1258
-1098
-871
-530
-135
247
445
629
965
1256
1448
1536
1641
1791
1819
1787
1746
1667
1529
1370
1185
909
684
436
161
-24
-261
-504
-721
-935
-1109
-1223
-1245
-1257
-1275
-1308
-1318
-1278
-1188
-1076
-1000
-891
-695
-424
-197
45
419
856
1403
1894
2359
3060
3765
4382
4992
5519
6001
6409
6726
6868
6822
6713
6407
5833
5171
4484
3785
3026
2112
1153
278
-520
-1266
-2000
-2593
-2983
-3379
-3796
-4045
-4131
-4126
-4089
-4097
-3982
-3707
-3467
-3283
-3066
-2845
-2608
-2453
-2421
-2261
-2056
-1825
-1600
-1433
-1061
-608
-158
259
693
1223
1640
1984
2223
2468
2816
2901
2825
2783
2560
2345
2013
1533
1341
1058
632
188
-360
-686
-1025
-1480
-1849
-2117
-2291
-2556
-2893
-3086
-3168
-3266
-3409
-3539
-3492
-3377
-3351
-3246
-3042
-2806
-2560
-2401
-2257
-1963
-1667
-1427
-1078
-675
-286
50
311
625
1025
1278
1417
1590
1711
1903
2023
1985
1843
1734
1709
1497
1314
1142
972
812
439
110
-153
-382
-639
-952
-1129
-1223
-1339
-1453
-1475
-1407
-1292
-1240
-1237
-1155
-1017
-906
-789
-581
-318
-12
348
736
1238
1806
2332
2981
3741
4402
5029
5625
6161
6684
6986
7031
7007
6873
6587
6151
5524
4790
4030
3196
2236
1266
415
-406
-1227
-2036
-2818
-3373
-3795
-4261
-4538
-4549
-4464
-4385
-4381
-4252
-3873
-3521
-3316
-3181
-2990
-2709
-2562
-2553
-2410
-2127
-1834
-1596
-1368
-955
-382
36
288
597
1032
1479
1840
2148
2502
2812
2918
2846
2743
2686
2543
2192
1763
1363
957
530
86
-284
-550
-891
-1362
-1778
-2061
-2297
-2564
-2877
-3162
-3274
-3265
-3327
-3361
-3240
-3144
-3158
-3172
-3086
-2819
-2525
-2410
-2291
-2049
-1849
-1627
-1259
-832
-385
-32
127
331
680
1019
1276
1424
1566
1735
1843
1870
1926
1963
1881
1629
1327
1131
918
713
425
140
-60
-326
-488
-674
-803
-880
-1035
-1128
-1267
-1328
-1320
-1291
-1223
-1177
-1127
-1074
-966
-773
-475
-152
170
519
949
1451
1987
2566
3215
3957
4629
5263
5819
6362
6900
7170
7253
7108
6881
6495
5892
5233
4425
3653
2750
1660
729
-86
-845
-1579
-2373
-3091
-3555
-3982
-4365
-4530
-4572
-4514
-4456
-4463
-4226
-3753
-3408
-3156
-2963
-2808
-2602
-2521
-2468
-2239
-1995
-1755
-1476
-1253
-830
-214
193
494
916
1449
1806
2121
2513
2805
3062
2985
2780
2673
2481
2314
2020
1590
1189
763
202
-316
-661
-999
-1351
-1755
-2101
-2269
-2394
-2610
-2916
-3125
-3197
-3281
-3372
-3397
-3315
-3111
-3032
-2994
-2727
-2478
-2334
-2183
-2005
-1697
-1362
-1138
-822
-446
-118
197
447
858
1288
1503
1656
1768
1904
1951
1944
1961
1871
1785
1534
1263
1205
1062
882
577
205
-37
-336
-532
-697
-978
-1189
-1368
-1506
-1488
-1355
-1232
-1171
-1142
-1092
-1035
-932
-733
-527
-312
-73
126
402
911
1529
2084
2598
3155
3844
4603
5221
5697
6182
6564
6709
6735
6747
6714
6479
5930
5213
4474
3693
2858
1943
977
59
-791
-1554
-2254
-2860
-3303
-3719
-4093
-4287
-4381
-4371
-4302
-4246
-4047
-3763
-3497
-3239
-3089
-2912
-2647
-2539
-2507
-2371
-2162
-1894
-1689
-1484
-1123
-669
-248
105
532
1045
1561
1966
2264
2520
2814
3069
3049
2985
2854
2606
2252
1743
1343
933
548
216
-204
-568
-912
-1288
-1652
-1942
-2219
-2474
-2734
-2998
-3142
-3215
-3271
-3366
-3428
-3405
-3375
-3272
-3044
-2775
-2507
-2325
-2186
-1934
-1677
-1333
-958
-691
-327
-7
238
556
856
1109
1206
1267
1430
1536
1662
1786
1767
1793
1768
1624
1557
1431
1277
1133
773
417
156
-148
-407
-626
-867
-1159
-1406
-1537
-1538
-1496
-1562
-1595
-1512
-1346
-1130
-922
-720
-492
-232
13
404
897
1378
1889
2335
2923
3660
4320
4953
5470
5954
6456
6780
6915
6922
6835
6551
6059
5449
4767
4021
3218
2333
1340
478
-252
-1005
-1713
-2388
-2878
-3282
-3767
-4089
-4267
-4357
-4388
-4472
-4452
-4235
-3910
-3641
-3483
-3341
-3148
-2955
-2839
-2689
-2409
-2148
-1982
-1751
-1337
-743
-149
267
684
1257
1762
2080
2365
2704
3013
3156
3116
3045
3008
2880
2573
2129
1720
1334
749
87
-337
-597
-884
-1276
-1743
-2085
-2273
-2495
-2777
-3047
-3244
-3409
-3648
-3824
-3730
-3516
-3427
-3399
-3268
-3009
-2672
-2336
-2039
-1665
-1253
-1009
-844
-528
-141
167
397
574
788
1069
1288
1470
1707
1918
2029
2047
2024
2056
2082
2000
1859
1683
1427
1084
696
353
92
-141
-386
-643
-903
-1192
-1465
-1616
-1639
-1638
-1716
-1856
-1863
-1691
-1489
-1300
-1088
-801
-498
-223
186
720
1312
1959
2432
2833
3483
4171
4787
5416
5918
6353
6735
6885
6916
6898
6721
6369
5799
5052
4317
3584
2737
1828
933
48
-809
-1579
-2251
-2861
-3382
-3766
-4114
-4415
-4495
-4457
-4498
-4482
-4291
-4041
-3789
-3527
-3301
-3076
-2814
-2621
-2489
-2277
-1979
-1691
-1438
-1153
-736
-232
155
447
854
1369
1813
2094
2307
2627
2943
3004
2903
2828
2734
2543
2203
1737
1323
969
544
87
-310
-671
-1075
-1548
-1929
-2096
-2265
-2578
-2889
-3124
-3278
-3359
-3457
-3556
-3512
-3370
-3295
-3255
-3061
-2746
-2523
-2343
-2035
-1674
-1313
-899
-555
-313
-58
182
404
649
881
1068
1184
1277
1445
1629
1795
1968
2080
2064
1928
1773
1681
1571
1390
1123
764
435
135
-245
-592
-821
-1091
-1438
-1711
-1796
-1681
-1485
-1412
-1410
-1288
-1087
-913
-723
-516
-285
-85
31
254
648
1082
1535
1973
2486
3158
3775
4295
4858
5385
5837
6193
6380
6454
6442
6295
5951
5400
4787
4181
3514
2741
1860
929
40
-740
-1416
-2064
-2657
-3144
-3598
-3965
-4132
-4163
-4144
-4149
-4212
-4160
-3893
-3591
-3335
-3069
-2812
-2603
-2475
-2410
-2219
-1869
-1576
-1440
-1298
-965
-494
-56
309
681
1108
1452
1617
1808
2176
2535
2659
2563
2477
2472
2330
2050
1778
1445
1018
567
128
-213
-440
-699
-1105
-1555
-1886
-2163
-2530
-2899
-3161
-3364
-3525
-3587
-3549
-3429
-3248
-3104
-3015
-2844
-2556
-2323
-2185
-1969
-1651
-1309
-998
-763
-527
-222
57
324
675
1030
1328
1510
1601
1691
1791
1907
2039
2189
2203
2199
2180
2065
1926
1647
1356
971
558
221
-175
-504
-873
-1206
-1465
-1679
-1662
-1544
-1524
-1573
-1633
-1650
-1504
-1292
-1095
-811
-487
-213
54
379
779
1322
1906
2339
2746
3291
3870
4374
4766
5118
5527
5849
6037
6191
6210
6073
5765
5154
4373
3592
2781
1905
965
66
-722
-1434
-2051
-2548
-2975
-3330
-3650
-4000
-4349
-4608
-4687
-4728
-4697
-4467
-4172
-3852
-3573
-3290
-2927
-2634
-2367
-2132
-1883
-1452
-1016
-686
-295
207
688
1016
1279
1522
1749
1963
2062
2121
2178
2237
2325
2381
2487
2521
2355
2017
1533
1053
600
141
-348
-787
-1060
-1278
-1518
-1728
-1895
-2094
-2398
-2774
-3098
-3280
-3320
-3293
-3243
-3044
-2737
-2557
-2419
-2109
-1716
-1416
-1210
-1008
-733
-386
-60
191
430
632
716
753
835
956
1072
1093
1056
1132
1326
1571
1847
2123
2321
2366
2288
2141
1872
1487
1015
427
-153
-609
-1041
-1415
-1567
-1542
-1438
-1275
-1104
-976
-920
-1000
-1227
-1506
-1698
-1781
-1803
-1674
-1329
-861
-315
258
763
1221
1678
2124
2574
3009
3456
3959
4401
4782
5218
5545
5703
5859
5921
5766
5444
4998
4447
3750
2940
2113
1239
393
-363
-1079
-1754
-2396
-2941
-3415
-3950
-4369
-4552
-4634
-4608
-4567
-4542
-4269
-3816
-3453
-3210
-2962
-2644
-2392
-2246
-2068
-1832
-1523
-1171
-859
-447
101
575
881
1110
1447
1855
2156
2308
2369
2440
2526
2468
2384
2456
2459
2311
2031
1721
1442
1100
716
253
-146
-516
-949
-1392
-1796
-2047
-2372
-2775
-3144
-3454
-3569
-3663
-3693
-3548
-3311
-3012
-2788
-2492
-2147
-1844
-1488
-1209
-950
-702
-456
-218
-5
282
503
634
738
904
1120
1252
1350
1417
1512
1720
1940
2081
2158
2182
2065
1846
1532
1101
612
36
-436
-763
-1017
-1146
-1124
-821
-501
-364
-258
-237
-382
-723
-1197
-1612
-1950
-2218
-2253
-2077
-1740
-1242
-717
-188
397
992
1476
1904
2360
2920
3487
3914
4349
4837
5376
5790
6013
6125
6058
5881
5469
4858
4314
3821
3268
2594
1795
986
224
-541
-1279
-2054
-2761
-3380
-4001
-4489
-4817
-4910
-4874
-4804
-4603
-4215
-3740
-3411
-3112
-2825
-2633
-2423
-2291
-2166
-1852
-1466
-1135
-829
-511
-118
191
345
547
804
1080
1355
1544
1808
2221
2573
2767
2853
2923
2940
2704
2258
1891
1654
1392
994
507
93
-241
-685
-1264
-1818
-2211
-2523
-2918
-3286
-3510
-3662
-3656
-3521
-3436
-3263
-2934
-2623
-2308
-1958
-1675
-1511
-1405
-1214
-910
-579
-265
11
266
542
753
863
966
1077
1162
1211
1231
1319
1533
1786
2029
2188
2209
2173
2060
1779
1415
1006
524
117
-106
-202
-223
-236
-280
-383
-633
-987
-1357
-1765
-2157
-2473
-2733
-2804
-2610
-2262
-1800
-1223
-641
-121
352
772
1134
1478
1785
2065
2455
3023
3667
4309
4914
5422
5796
6041
6169
6097
5818
5403
4854
4268
3739
3236
2669
2077
1457
779
150
-544
-1287
-1978
-2722
-3456
-4175
-4766
-5055
-5178
-5164
-5040
-4770
-4309
-3865
-3497
-3191
-2912
-2645
-2397
-2107
-1718
-1312
-968
-644
-305
106
483
740
924
1103
1270
1366
1489
1662
2016
2443
2680
2877
2986
3032
2977
2602
2145
1748
1383
1016
565
191
-113
-435
-859
-1448
-2028
-2567
-3098
-3562
-3917
-4127
-4220
-4142
-4018
-3838
-3531
-3221
-2803
-2359
-1959
-1631
-1412
-1155
-878
-538
-131
256
552
851
1151
1371
1573
1699
1751
1656
1626
1679
1714
1850
1918
2026
2104
2064
1974
1757
1436
958
365
-236
-703
-1018
-1228
-1308
-1267
-1174
-1168
-1186
-1232
-1438
-1720
-2026
-2334
-2534
-2571
-2407
-2015
-1520
-986
-376
275
860
1323
1729
2112
2522
3028
3546
4090
4724
5317
5796
6112
6258
6307
6145
5761
5316
4737
4045
3377
2701
2041
1399
781
262
-253
-847
-1511
-2211
-2912
-3627
-4281
-4757
-5094
-5245
-5149
-4957
-4575
-4034
-3580
-3266
-2987
-2652
-2417
-2227
-1994
-1716
-1340
-975
-576
-131
292
642
863
1026
1224
1427
1564
1733
2031
2455
2874
3078
3141
3179
3076
2813
2402
1945
1576
1176
669
241
-114
-470
-878
-1398
-1830
-2226
-2721
-3238
-3753
-4078
-4230
-4286
-4265
-4084
-3701
-3351
-3108
-2875
-2547
-2183
-1848
-1563
-1256
-833
-419
-3
397
778
1088
1230
1333
1402
1474
1496
1379
1373
1468
1587
1769
1920
2108
2250
2193
1985
1638
1227
718
103
-470
-920
-1161
-1187
-1070
-833
-537
-385
-399
-548
-950
-1451
-2002
-2524
-2826
-2941
-2719
-2313
-1856
-1226
-573
157
941
1594
2183
2632
3069
3600
4016
4413
4837
5297
5776
6095
6319
6384
6281
5998
5496
4819
4037
3353
2623
1833
1085
339
-338
-1010
-1616
-2208
-2774
-3258
-3835
-4360
-4728
-4930
-4911
-4866
-4719
-4355
-3912
-3451
-3089
-2812
-2540
-2334
-2167
-1949
-1646
-1309
-1023
-657
-227
200
683
1002
1253
1520
1702
1858
1968
2213
2542
2782
2980
3140
3205
3215
3052
2657
2247
1707
1122
533
-55
-432
-827
-1200
-1648
-2180
-2537
-2979
-3469
-3833
-4166
-4402
-4584
-4697
-4533
-4132
-3679
-3238
-2799
-2323
-1833
-1454
-1116
-718
-325
74
445
759
1069
1309
1406
1402
1372
1348
1303
1198
1119
1162
1312
1544
1783
2001
2174
2173
1998
1717
1223
566
-108
-746
-1239
-1537
-1648
-1554
-1356
-1126
-912
-856
-917
-1025
-1280
-1692
-2100
-2371
-2431
-2278
-1906
-1314
-596
163
934
1650
2259
2770
3225
3663
4042
4359
4704
5071
5455
5896
6201
6239
6189
6019
5566
4961
4280
3502
2758
2042
1327
746
296
-143
-696
-1332
-1913
-2565
-3308
-3963
-4497
-4843
-5029
-5144
-5036
-4714
-4333
-3927
-3547
-3132
-2749
-2528
-2306
-2028
-1720
-1332
-992
-682
-235
191
485
754
955
1109
1269
1356
1505
1792
2076
2401
2696
2914
3212
3372
3275
3128
2866
2500
2048
1397
768
255
-309
-928
-1597
-2218
-2760
-3330
-3850
-4312
-4711
-4898
-4954
-4933
-4726
-4415
-4057
-3646
-3190
-2682
-2200
-1794
-1356
-870
-490
-143
195
533
935
1194
1383
1562
1617
1664
1669
1633
1629
1624
1665
1740
1830
1864
1831
1760
1528
1291
1052
654
295
-86
-402
-598
-918
-1119
-1172
-1214
-1227
-1318
-1440
-1481
-1552
-1723
-1870
-1953
-1874
-1754
-1590
-1153
-602
37
720
1386
2093
2677
3189
3679
4067
4426
4751
5049
5345
5572
5807
6010
6065
6008
5672
5100
4527
3820
2960
2085
1291
670
119
-422
-972
-1474
-1913
-2420
-2974
-3567
-4082
-4460
-4848
-5169
-5263
-5160
-4919
-4547
-4085
-3578
-3073
-2609
-2232
-1951
-1677
-1419
-1168
-867
-465
-33
330
623
949
1274
1527
1744
1831
1982
2200
2371
2632
2818
3028
3192
3143
3036
2803
2478
2064
1546
990
412
-93
-669
-1333
-1886
-2409
-2984
-3589
-4178
-4655
-4947
-5104
-5112
-4928
-4630
-4138
-3590
-3096
-2462
-1844
-1331
-823
-335
169
579
872
1141
1408
1601
1596
1516
1483
1467
1426
1333
1335
1445
1551
1690
1846
1970
2036
1956
1696
1372
950
344
-259
-836
-1342
-1596
-1759
-1762
-1549
-1369
-1249
-1251
-1324
-1531
-1902
-2271
-2602
-2761
-2786
-2623
-2178
-1545
-739
99
940
1746
2410
2943
3443
3936
4410
4832
5163
5584
6050
6322
6384
6274
6029
5683
5110
4384
3706
3047
2496
1960
1428
1090
838
540
31
-573
-1221
-2028
-2878
-3634
-4246
-4724
-4977
-5069
-4964
-4609
-4172
-3787
-3454
-3139
-2921
-2670
-2433
-2240
-1892
-1520
-1138
-703
-232
199
516
771
913
1001
1124
1191
1247
1424
1653
1961
2321
2667
3088
3375
3413
3334
3072
2659
2171
1526
902
365
-251
-823
-1342
-1793
-2245
-2818
-3353
-3841
-4272
-4628
-4812
-4810
-4691
-4412
-4107
-3722
-3220
-2719
-2208
-1724
-1258
-779
-349
19
368
704
1009
1204
1296
1357
1382
1415
1405
1309
1271
1253
1267
1391
1486
1582
1703
1719
1627
1493
1163
717
296
-216
-642
-990
-1231
-1254
-1238
-1167
-1053
-1001
-1028
-1083
-1232
-1512
-1750
-1986
-2203
-2183
-1971
-1692
-1231
-585
178
1034
1825
2558
3261
3823
4317
4699
4960
5250
5519
5740
5811
5756
5702
5478
5150
4685
4016
3355
2646
1917
1227
677
263
-182
-611
-981
-1333
-1861
-2465
-3041
-3632
-4058
-4487
-4812
-4835
-4751
-4520
-4254
-3942
-3440
-2974
-2646
-2357
-2020
-1707
-1456
-1189
-897
-510
-129
178
507
829
1065
1246
1398
1492
1638
1846
2061
2350
2719
3054
3263
3328
3315
3213
2899
2437
1856
1264
679
-57
-765
-1413
-2029
-2602
-3158
-3650
-4079
-4378
-4594
-4744
-4741
-4561
-4273
-3950
-3531
-3040
-2541
-2046
-1546
-1075
-654
-277
27
250
477
759
1002
1223
1379
1518
1648
1619
1564
1483
1372
1279
1235
1281
1356
1473
1509
1431
1293
964
460
-86
-584
-987
-1294
-1532
-1595
-1446
-1241
-1073
-979
-983
-1106
-1371
-1761
-2175
-2500
-2611
-2506
-2246
-1755
-1075
-337
483
1311
2045
2705
3260
3761
4249
4625
4929
5251
5551
5812
5981
6022
5988
5802
5377
4802
4141
3442
2755
2068
1486
1109
779
385
-63
-568
-1085
-1673
-2385
-3046
-3592
-4080
-4456
-4670
-4669
-4445
-4183
-3952
-3642
-3310
-3016
-2714
-2459
-2201
-1818
-1504
-1302
-950
-555
-294
-47
203
455
754
969
1072
1180
1343
1612
1942
2294
2734
3098
3236
3252
3157
2912
2586
2133
1599
1124
608
20
-527
-1072
-1620
-2126
-2662
-3212
-3732
-4244
-4701
-5029
-5139
-5018
-4737
-4315
-3725
-3041
-2398
-1883
-1471
-1089
-758
-467
-212
82
408
686
914
1066
1239
1367
1410
1271
1117
1120
1012
1036
1122
1205
1384
1456
1496
1470
1408
1240
908
518
72
-344
-707
-1013
-1139
-1098
-1076
-960
-899
-992
-1097
-1382
-1706
-2025
-2286
-2352
-2278
-1904
-1402
-778
35
765
1596
2384
2971
3507
3926
4342
4682
4929
5249
5537
5727
5865
5937
5927
5762
5388
4899
4183
3402
2661
1881
1233
632
208
-132
-572
-880
-1289
-1817
-2365
-2992
-3493
-3990
-4377
-4548
-4620
-4468
-4266
-4086
-3828
-3548
-3290
-3112
-2955
-2771
-2587
-2385
-2029
-1520
-951
-342
200
613
958
1206
1325
1380
1412
1523
1747
1994
2281
2620
2930
3149
3239
3230
3065
2722
2314
1820
1209
608
25
-546
-1050
-1542
-2055
-2587
-3157
-3720
-4236
-4672
-4962
-5062
-4964
-4707
-4365
-3929
-3372
-2767
-2208
-1734
-1313
-936
-680
-489
-232
57
400
799
1103
1389
1737
1925
1971
2027
1953
1774
1653
1527
1442
1514
1624
1730
1835
1802
1620
1320
860
306
-270
-842
-1336
-1694
-1885
-1916
-1851
-1757
-1709
-1742
-1852
-2035
-2236
-2374
-2384
-2252
-1949
-1427
-706
119
977
1807
2565
3234
3832
4354
4760
5084
5400
5671
5828
5914
5948
5912
5732
5422
5035
4515
3931
3295
2593
1969
1422
834
314
-187
-692
-1005
-1445
-1998
-2537
-3100
-3509
-3939
-4310
-4595
-4735
-4670
-4539
-4216
-3867
-3548
-3256
-3040
-2805
-2521
-2195
-1849
-1390
-849
-352
54
436
758
958
1130
1322
1497
1663
1925
2175
2430
2683
2906
3128
3190
3149
2961
2675
2317
1881
1380
729
167
-437
-1125
-1719
-2338
-2917
-3412
-3856
-4258
-4549
-4712
-4757
-4694
-4504
-4149
-3794
-3392
-2876
-2437
-2079
-1735
-1412
-1110
-800
-423
-23
392
898
1358
1708
1995
2094
2066
1975
1751
1539
1416
1329
1367
1489
1614
1728
1789
1790
1651
1337
897
336
-199
-610
-985
-1310
-1507
-1595
-1603
-1644
-1769
-1888
-2060
-2233
-2329
-2322
-2208
-1979
-1591
-1111
-445
307
1021
1800
2561
3273
3852
4289
4635
4854
5062
5291
5490
5687
5832
5867
5818
5629
5265
4805
4235
3568
2853
2101
1358
659
52
-459
-905
-1316
-1754
-2246
-2732
-3109
-3516
-3915
-4154
-4294
-4353
-4414
-4425
-4345
-4166
-3858
-3575
-3235
-2797
-2379
-2030
-1667
-1223
-733
-243
184
557
886
1173
1428
1619
1857
2165
2438
2715
2960
3094
3199
3226
3159
3100
2907
2565
2158
1626
1081
493
-189
-831
-1439
-1945
-2450
-2995
-3471
-3937
-4296
-4550
-4766
-4807
-4692
-4457
-4156
-3780
-3370
-2986
-2547
-2168
-1796
-1362
-988
-600
-144
293
744
1138
1374
1588
1719
1806
1816
1656
1513
1392
1337
1299
1260
1286
1299
1335
1372
1303
1029
678
242
-239
-618
-917
-1132
-1320
-1421
-1567
-1701
-1775
-1926
-2040
-2121
-2144
-2075
-1896
-1614
-1206
-735
-204
507
1224
1913
2523
3093
3652
4072
4472
4836
5168
5487
5719
5866
5918
5853
5658
5382
5015
4518
3909
3217
2497
1739
1009
391
-143
-540
-843
-1184
-1617
-1991
-2341
-2734
-3044
-3356
-3548
-3664
-3785
-3833
-3859
-3762
-3685
-3617
-3493
-3307
-2987
-2656
-2305
-1946
-1537
-1051
-616
-208
160
410
740
1072
1276
1554
1780
2088
2415
2570
2744
2887
3001
2940
2776
2653
2368
1943
1478
1005
441
-236
-935
-1494
-1964
-2464
-2930
-3407
-3844
-4139
-4312
-4382
-4257
-4072
-3865
-3527
-3235
-2898
-2494
-2127
-1799
-1512
-1175
-875
-580
-193
242
641
963
1264
1507
1649
1702
1673
1573
1461
1362
1252
1153
1111
1140
1168
1134
1096
1069
949
665
304
-66
-505
-947
-1297
-1564
-1750
-1814
-1831
-1868
-1858
-1794
-1678
-1614
-1493
-1271
-1088
-835
-546
-175
314
880
1487
2110
2826
3442
3996
4510
4883
5248
5508
5724
5855
5758
5563
5237
4903
4523
4007
3468
2851
2220
1517
817
208
-359
-812
-1194
-1491
-1752
-1956
-2135
-2435
-2769
-3056
-3276
-3432
-3588
-3712
-3689
-3592
-3458
-3232
-2960
-2680
-2417
-2126
-1848
-1575
-1286
-968
-650
-336
25
366
761
1116
1419
1784
2089
2411
2689
2849
2992
3011
2896
2753
2595
2402
2111
1681
1254
841
312
-331
-986
-1580
-2137
-2654
-3104
-3480
-3739
-3877
-3971
-4009
-3932
-3766
-3519
-3293
-3050
-2762
-2435
-2059
-1756
-1416
-1074
-768
-457
-203
100
442
772
1011
1174
1366
1506
1546
1544
1528
1468
1379
1252
1110
946
755
569
390
262
68
-174
-406
-657
-906
-1151
-1344
-1508
-1645
-1745
-1810
-1918
-2018
-2037
-2033
-1947
-1775
-1524
-1190
-736
-194
402
1095
1724
2338
2973
3537
4027
4398
4677
4940
5250
5500
5616
5645
5564
5355
5049
4697
4296
3759
3118
2498
1938
1425
937
421
-81
-565
-1101
-1585
-2014
-2410
-2717
-2997
-3259
-3493
-3657
-3730
-3727
-3681
-3615
-3444
-3218
-3022
-2814
-2545
-2262
-1989
-1627
-1185
-811
-516
-187
183
512
745
947
1213
1509
1797
2021
2181
2418
2669
2795
2875
2864
2716
2570
2289
1853
1425
968
441
-149
-737
-1293
-1807
-2263
-2742
-3191
-3570
-3895
-4051
-4104
-4051
-3820
-3570
-3396
-3210
-2933
-2588
-2203
-1816
-1430
-1058
-747
-472
-201
78
338
629
948
1252
1520
1779
2029
2130
2221
2289
2200
2018
1658
1234
832
434
135
-152
-358
-492
-621
-686
-815
-996
-1211
-1379
-1471
-1604
-1717
-1847
-2014
-2157
-2210
-2114
-1893
-1606
-1285
-894
-438
56
525
943
1419
1934
2425
2912
3341
3743
4138
4469
4810
5134
5265
5309
5289
5080
4769
4340
3861
3343
2739
2188
1669
1202
746
291
-118
-553
-1004
-1549
-2067
-2410
-2705
-2977
-3240
-3400
-3478
-3552
-3514
-3426
-3274
-3076
-2900
-2670
-2405
-2095
-1767
-1432
-1103
-815
-494
-167
67
242
467
743
1011
1277
1560
1873
2168
2393
2578
2769
2912
2933
2875
2757
2506
2124
1720
1333
882
346
-225
-779
-1300
-1791
-2270
-2749
-3182
-3532
-3785
-3909
-3901
-3807
-3630
-3358
-3076
-2809
-2496
-2141
-1827
-1547
-1242
-974
-761
-542
-291
24
432
816
1106
1393
1654
1848
1889
1866
1824
1655
1422
1070
771
570
311
143
113
85
-6
-79
-217
-430
-677
-905
-1083
-1330
-1582
-1825
-2033
-2211
-2328
-2300
-2205
-1993
-1763
-1548
-1271
-1007
-595
-4
586
1125
1622
2090
2581
3084
3506
3923
4305
4595
4874
5004
5067
5094
4965
4792
4526
4144
3677
3146
2633
2149
1759
1339
888
473
-26
-491
-926
-1346
-1689
-2079
-2420
-2681
-2945
-3162
-3253
-3209
-3203
-3190
-3126
-3056
-2926
-2796
-2612
-2378
-2086
-1728
-1453
-1147
-815
-517
-210
56
337
658
922
1127
1362
1656
1995
2304
2611
2879
3018
3081
3043
2898
2665
2348
1907
1421
881
295
-231
-831
-1344
-1797
-2264
-2716
-3165
-3427
-3626
-3741
-3804
-3828
-3682
-3513
-3287
-2910
-2453
-2061
-1710
-1324
-958
-611
-280
69
415
689
950
1202
1433
1640
1806
1871
1845
1791
1650
1430
1137
871
631
370
231
106
20
-43
-79
-85
-224
-407
-674
-986
-1334
-1674
-1859
-2076
-2195
-2139
-2125
-2050
-1943
-1842
-1670
-1446
-1185
-896
-539
-156
244
748
1279
1777
2280
2790
3265
3668
3968
4203
4453
4684
4806
4812
4762
4641
4435
4168
3807
3353
2855
2341
1840
1347
856
410
-8
-373
-724
-1138
-1534
-1952
-2411
-2773
-3010
-3190
-3257
-3231
-3193
-3088
-3025
-2921
-2712
-2535
-2312
-2068
-1853
-1606
-1363
-1096
-724
-359
-66
245
484
638
803
1011
1241
1488
1776
2112
2366
2460
2589
2628
2502
2303
2021
1768
1430
1020
638
278
-87
-452
-848
-1319
-1753
-2249
-2758
-3139
-3451
-3610
-3659
-3674
-3586
-3384
-3110
-2731
-2338
-1980
-1581
-1233
-913
-599
-369
-113
134
299
429
495
593
759
947
1213
1520
1780
2009
2047
1858
1639
1299
941
665
415
263
142
121
144
115
57
-148
-457
-835
-1345
-1840
-2224
-2544
-2736
-2769
-2632
-2363
-2052
-1684
-1288
-925
-636
-396
-127
181
564
1011
1518
2099
2682
3197
3613
3958
4207
4346
4439
4484
4483
4441
4388
4295
4104
3835
3470
3029
2479
1852
1219
597
92
-364
-779
-1065
-1318
-1571
-1819
-2107
-2359
-2574
-2817
-3015
-3168
-3249
-3264
-3190
-2966
-2796
-2633
-2368
-2088
-1784
-1496
-1229
-928
-618
-341
-18
322
522
696
920
1112
1283
1438
1668
1966
2174
2395
2623
2710
2711
2610
2414
2174
1849
1442
993
523
43
-408
-814
-1193
-1580
-1964
-2351
-2755
-3024
-3179
-3332
-3426
-3423
-3338
-3123
-2834
-2531
-2143
-1754
-1344
-902
-598
-347
-134
-24
79
179
304
401
512
788
1092
1400
1730
1924
1985
1918
1679
1340
948
540
166
-128
-294
-372
-421
-411
-358
-339
-430
-643
-943
-1335
-1732
-2018
-2207
-2283
-2207
-2030
-1791
-1555
-1365
-1102
-795
-575
-322
40
390
736
1174
1623
2092
2594
2987
3281
3510
3660
3785
3937
4088
4170
4254
4275
4182
4010
3661
3279
2837
2310
1847
1226
622
132
-361
-729
-1050
-1290
-1518
-1790
-2076
-2365
-2596
-2800
-2887
-2917
-2910
-2840
-2804
-2755
-2650
-2521
-2323
-2015
-1725
-1440
-1087
-767
-443
-61
258
458
598
647
672
759
935
1198
1496
1778
2026
2247
2393
2514
2540
2400
2176
1791
1354
916
459
81
-297
-633
-908
-1188
-1436
-1710
-2048
-2387
-2714
-2955
-3182
-3369
-3317
-3216
-3018
-2627
-2207
-1753
-1362
-1026
-691
-408
-139
102
254
346
418
472
569
727
910
1076
1200
1266
1256
1183
1065
942
790
679
593
507
521
567
557
439
216
-47
-456
-883
-1299
-1717
-2014
-2319
-2432
-2374
-2296
-2057
-1795
-1522
-1290
-1107
-938
-825
-657
-445
-191
122
546
1093
1651
2170
2643
3085
3423
3689
3926
4073
4179
4175
4157
4153
4010
3854
3597
3219
2817
2312
1759
1232
743
291
-116
-523
-888
-1158
-1402
-1577
-1742
-1971
-2229
-2516
-2797
-2962
-3010
-3004
-2894
-2710
-2495
-2221
-1931
-1676
-1391
-1084
-847
-639
-434
-264
-90
102
235
370
559
722
905
1129
1361
1613
1889
2118
2279
2415
2394
2297
2155
1844
1515
1114
653
264
-144
-477
-769
-1093
-1322
-1560
-1866
-2167
-2401
-2569
-2732
-2789
-2745
-2630
-2437
-2282
-2020
-1686
-1403
-1030
-709
-463
-174
47
216
345
492
612
632
641
608
594
607
569
585
667
693
700
773
811
790
783
752
640
436
149
-171
-506
-863
-1180
-1412
-1586
-1692
-1713
-1655
-1537
-1390
-1273
-1193
-1108
-1046
-1033
-1003
-905
-760
-540
-212
152
520
944
1396
1804
2186
2532
2777
2925
3058
3200
3330
3487
3651
3766
3784
3671
3490
3255
2887
2451
2003
1469
935
460
-5
-430
-763
-1035
-1281
-1464
-1627
-1765
-1947
-2145
-2239
-2357
-2386
-2348
-2286
-2167
-2071
-1942
-1801
-1653
-1457
-1199
-907
-629
-326
-72
111
320
506
579
641
729
758
794
902
1039
1207
1439
1660
1823
1939
1918
1757
1583
1347
997
671
368
26
-235
-465
-683
-857
-1038
-1288
-1595
-1888
-2119
-2224
-2204
-2115
-2035
-1811
-1652
-1433
-1238
-992
-776
-652
-486
-433
-373
-384
-380
-315
-200
-141
-111
-85
-45
-33
47
77
71
207
236
279
395
438
528
481
366
251
66
-132
-340
-514
-710
-890
-1005
-1140
-1242
-1294
-1318
-1207
-1087
-1025
-905
-819
-708
-575
-417
-191
-9
226
514
753
946
1125
1362
1630
1884
2152
2418
2650
2889
3021
3089
3164
3239
3310
3217
3079
2906
2589
2303
1950
1529
1104
643
253
-28
-268
-468
-692
-910
-1132
-1394
-1594
-1799
-1920
-2042
-2091
-2154
-2099
-2027
-1924
-1722
-1425
-1118
-811
-560
-384
-238
-116
-19
48
170
278
331
472
531
554
552
451
464
534
569
623
663
770
881
947
1056
1056
966
916
722
442
163
-189
-539
-922
-1239
-1402
-1580
-1668
-1625
-1543
-1414
-1265
-1089
-913
-742
-564
-395
-285
-214
-117
-86
-62
-7
-6
-26
-83
-155
-256
-379
-442
-582
-738
-825
-873
-838
-792
-648
-454
-346
-208
-137
-106
-34
-77
-142
-162
-234
-326
-357
-424
-555
-588
-594
-662
-710
-718
-705
-719
-717
-718
-685
-557
-473
-329
-94
115
375
560
737
986
1144
1312
1466
1596
1813
2066
2249
2317
2358
2369
2365
2381
2419
2498
2538
2483
2375
2199
1927
1671
1312
843
464
110
-189
-405
-531
-679
-827
-912
-1080
-1230
-1381
-1598
-1726
-1719
-1655
-1527
-1314
-1083
-860
-668
-472
-328
-233
-173
-136
-97
-111
-23
101
212
351
425
493
476
412
343
261
255
257
218
280
441
529
587
658
617
467
314
101
-166
-356
-534
-697
-814
-887
-906
-900
-927
-948
-820
-699
-550
-347
-236
-43
104
156
259
301
288
221
132
20
-147
-287
-518
-810
-1053
-1227
-1343
-1457
-1498
-1521
-1481
-1307
-1083
-816
-583
-418
-233
-114
-107
-25
-19
-88
-90
-124
-196
-273
-286
-295
-242
-138
-161
-192
-243
-309
-336
-337
-216
-97
13
159
251
338
387
496
645
695
753
837
922
1034
1170
1263
1326
1430
1523
1608
1694
1791
1909
2011
2060
2051
2004
1932
1815
1647
1459
1203
864
530
229
-85
-378
-591
-747
-889
-1050
-1140
-1187
-1234
-1188
-1127
-1088
-1022
-935
-798
-657
-523
-362
-155
23
76
174
240
157
120
110
111
155
186
173
131
146
138
104
134
149
106
2
-45
-19
-23
-5
-11
3
18
-41
-98
-215
-382
-523
-689
-848
-909
-925
-926
-886
-774
-607
-366
-42
184
369
476
457
461
454
451
426
351
196
17
-150
-367
-548
-736
-909
-1085
-1237
-1323
-1423
-1461
-1431
-1381
-1314
-1193
-1038
-873
-750
-654
-480
-356
-288
-192
-120
-77
-66
-36
7
88
155
166
201
150
130
197
152
140
212
280
318
372
505
604
687
744
737
727
717
781
824
789
779
761
794
869
925
1031
1101
1162
1226
1306
1471
1500
1480
1494
1404
1334
1258
1083
841
535
237
8
-174
-311
-395
-513
-599
-605
-645
-666
-645
-684
-742
-751
-725
-610
-486
-408
-332
-260
-177
-71
34
104
168
153
103
62
-8
-31
-99
-151
-172
-209
-178
-136
-68
-1
49
101
126
136
101
23
-45
-89
-167
-252
-321
-399
-467
-462
-441
-498
-559
-574
-545
-567
-582
-513
-430
-283
-138
-6
58
71
103
57
34
-11
-120
-197
-289
-371
-437
-517
-587
-635
-710
-858
-1012
-1122
-1153
-1126
-1046
-839
-596
-338
-106
31
172
160
49
20
-68
-138
-165
-192
-147
-71
72
222
351
473
531
544
546
515
476
434
347
301
254
223
212
201
212
158
172
187
160
190
202
206
199
261
0
0
0
0
0
0
0
0
0
0
0
0
0
0
0
0
0
0
0
0
0
0
0
0
0
0
0
0
0
0
0
0
0
0
0
0
0
0
0
0
0
0
0
0
0
0
0
0
0
0
0
0
0
0
0
0
0
0
0
0
0
0
0
0
0
0
0
0
0
0
0
0
0
0
0
0
0
0
0
0
0
0
0
0
0
0
0
0
0
0
0
0
0
0
0
0
0
0
0
0
0
0
0
0
0
0
0
0
0
0
0
0
0
0
0
0
0
0
0
0
0
0
0
0
0
0
0
0
0
0
0
0
0
0
0
0
0
0
0
0
0
0
0
0
0
0
0
0
0
0
0
0
0
0
0
0
0
0
0
0
0
0
0
0
0
0
0
0
0
0
0
0
0
0
0
0
0
0
0
0
0
0
0
0
0
0
0
0
0
0
0
0
0
0
0
0
0
0
0
0
0
0
0
0
0
0
0
0
0
0
0
0
0
0
0
0
0
0
0
0
0
0
0
0
0
0
0
0
0
0
0
0
0
0
0
0
0
0
0
0
0
0
0
0
0
0
0
0
0
0
0
0
0
0
0
0
0
0
0
0
0
0
0
0
0
0
0
0
0
0
0
0
0
0
0
0
0
0
0
0
0
0
0
0
0
0
0
0
0
0
0
0
0
0
0
0
0
0
0
0
0
0
0
0
0
0
0
0
0
0
0
0
0
0
0
0
0
0
0
0
0
0
0
0
0
0
0
0
0
0
0
0
0
0
0
0
0
0
0
0
0
0
0
0
0
0
0
0
0
0
0
0
0
0
0
0
0
0
0
0
0
0
0
0
0
0
0
0
0
0
0
0
0
0
0
0
0
0
0
0
0
0
0
0
0
0
0
0
0
0
0
0
0
0
0
0
0
0
0
0
