0
0
0
0
0
0
0
0
0
0
0
0
0
0
0
0
0
0
0
0
0
0
0
0
0
0
0
0
0
0
0
0
0
0
0
0
0
0
0
0
0
0
0
0
0
0
0
0
0
0
0
0
0
0
0
0
0
0
0
0
0
0
0
0
0
0
0
0
0
0
0
0
0
0
0
0
0
0
0
0
0
0
0
0
0
0
0
0
0
0
0
0
0
0
0
0
0
0
0
0
0
0
0
0
0
0
0
0
0
0
0
0
0
0
0
0
0
0
0
0
0
0
0
0
0
0
0
0
0
0
0
0
0
0
0
0
0
0
0
0
0
0
0
0
0
0
0
0
0
0
0
0
0
0
0
0
0
0
0
0
0
0
0
0
0
0
0
0
0
0
0
0
0
0
0
0
0
0
0
0
0
0
0
0
0
0
0
0
0
0
0
0
0
0
0
0
0
0
0
0
0
0
0
0
0
0
0
0
0
0
0
0
0
0
0
0
0
0
0
0
0
0
0
0
0
0
0
0
0
0
0
0
0
0
0
0
0
0
0
0
0
0
0
0
0
0
0
0
0
0
0
0
0
0
0
0
0
0
0
0
0
0
0
0
0
0
0
0
0
0
0
0
0
0
0
0
0
0
0
0
0
0
0
0
0
0
0
0
0
0
0
0
0
0
0
0
0
0
0
0
0
0
0
0
0
0
0
0
0
0
0
0
0
0
0
0
0
0
0
0
0
0
0
0
0
0
0
0
0
0
0
0
0
0
0
0
0
0
0
0
0
0
0
0
0
0
0
0
0
0
0
0
0
0
0
0
0
0
0
0
0
0
0
0
0
0
0
0
0
0
0
0
0
0
0
0
0
0
0
0
0
0
0
0
0
0
0
0
0
0
0
0
0
0
0
0
0
0
0
0
292
356
417
389
356
334
340
325
313
372
420
503
556
569
551
516
596
639
640
620
572
631
656
598
595
561
492
488
467
420
365
248
162
107
39
-21
-151
-273
-341
-408
-510
-645
-713
-744
-772
-867
-1072
-1148
-1136
-1115
-1074
-1165
-1207
-1131
-1057
-1026
-1058
-1040
-989
-942
-874
-754
-674
-629
-543
-452
-345
-302
-203
-59
28
78
98
224
292
248
310
465
554
618
749
879
946
923
999
1154
1213
1209
1170
1152
1129
1054
982
914
796
695
678
652
594
535
487
452
433
342
225
150
4
-119
-206
-341
-420
-445
-430
-454
-597
-661
-593
-608
-651
-647
-649
-673
-714
-679
-624
-559
-529
-592
-640
-648
-649
-692
-673
-652
-706
-732
-740
-700
-654
-661
-659
-606
-586
-559
-446
-372
-400
-475
-438
-322
-288
-287
-265
-183
-81
12
155
297
364
480
702
821
904
1167
1480
1705
1760
1672
1634
1816
2181
2368
2167
1832
1737
1847
1945
2019
1921
1613
1327
1216
1182
1104
886
529
182
-116
-222
-312
-531
-789
-1040
-1300
-1689
-1871
-1691
-1475
-1766
-2367
-2463
-2111
-1749
-1733
-1935
-2108
-2274
-2197
-1777
-1368
-1448
-1690
-1607
-1356
-1198
-1036
-682
-394
-491
-659
-340
150
339
364
469
580
503
518
781
1151
1314
1144
1022
1048
1161
1306
1350
1292
1205
1105
917
776
956
1266
1146
658
494
703
694
466
536
739
433
-116
-56
465
503
20
-159
65
28
-330
-206
223
46
-498
-576
-151
-86
-456
-491
-238
-361
-824
-779
-316
-274
-588
-671
-494
-476
-606
-467
-136
-208
-600
-571
-167
-60
-256
-222
25
-13
-242
-147
149
137
-72
-95
5
-32
-217
-125
133
77
-129
-193
-110
-112
-149
-71
-63
-205
-427
-454
-285
-253
-428
-551
-496
-477
-535
-450
-254
-253
-468
-581
-480
-333
-254
-155
-6
72
52
95
349
714
967
1059
1141
1291
1510
1812
2133
2272
2154
2017
2108
2347
2467
2357
2149
1977
1833
1725
1676
1595
1341
949
636
495
376
176
-90
-373
-708
-1154
-1472
-1514
-1555
-1781
-2159
-2528
-2631
-2514
-2399
-2421
-2655
-2935
-2994
-2834
-2564
-2448
-2558
-2629
-2568
-2438
-2189
-1834
-1625
-1585
-1540
-1310
-883
-483
-89
189
316
424
601
973
1388
1719
1889
1914
2000
2164
2368
2566
2697
2749
2671
2489
2447
2565
2620
2567
2394
2112
1831
1646
1628
1679
1531
1118
686
418
246
112
50
-58
-393
-828
-1083
-1116
-1129
-1236
-1403
-1615
-1869
-2041
-2032
-1954
-2002
-2151
-2249
-2260
-2191
-1988
-1712
-1628
-1822
-1996
-1882
-1658
-1614
-1709
-1743
-1699
-1649
-1531
-1314
-1191
-1290
-1367
-1157
-837
-687
-619
-472
-348
-256
49
612
1142
1453
1605
1721
1985
2603
3439
3993
3979
3716
3782
4414
5224
5539
5181
4637
4379
4448
4681
4765
4310
3391
2655
2434
2351
2064
1634
1021
194
-464
-670
-834
-1357
-1870
-2131
-2723
-3754
-4204
-3589
-3124
-3926
-5126
-5335
-4688
-4143
-4156
-4494
-4833
-5086
-4853
-4010
-3450
-3643
-3867
-3567
-3043
-2671
-2162
-1357
-903
-1027
-967
-210
764
1213
1329
1716
2016
1856
1945
2652
3307
3387
3053
2768
2848
3131
3356
3425
3282
3070
2773
2272
2029
2540
2962
2283
1162
936
1374
1224
795
857
984
218
-857
-574
353
302
-772
-1328
-999
-1187
-1762
-1521
-624
-881
-2089
-2261
-1489
-1141
-1583
-1548
-930
-1181
-2004
-1757
-525
-205
-1026
-1294
-633
-338
-772
-591
147
75
-719
-918
-156
87
-419
-580
-361
-547
-1272
-1180
-494
-768
-1670
-1836
-1178
-1272
-1936
-1695
-1044
-1032
-1664
-1635
-900
-623
-691
-565
105
555
539
867
1617
2071
2138
2898
3810
3788
3235
3475
4879
5748
5295
4484
4398
4894
5191
5205
5025
4461
3591
3121
3229
3323
2979
2271
1466
709
310
432
272
-728
-1601
-1784
-2252
-3296
-3640
-2731
-2397
-4155
-6174
-5873
-4110
-3566
-4646
-5747
-6085
-5941
-5245
-4218
-3879
-4540
-5027
-4550
-3865
-3456
-2782
-1741
-1609
-2570
-2596
-883
786
754
295
852
1344
1063
1118
2524
3790
3175
2130
2225
3168
3853
3822
3729
3769
3691
3033
2501
3131
4191
4077
2388
1349
2005
2591
1880
1090
1626
1788
123
-1338
-439
1016
176
-1625
-1607
-783
-1625
-2814
-1832
-288
-1192
-3342
-3316
-1534
-1126
-2067
-1981
-1123
-1500
-2538
-2041
-410
-150
-1205
-1415
-977
-1075
-1230
-510
311
-358
-1568
-1568
-703
-422
-1017
-1170
-874
-1351
-2206
-1936
-833
-852
-1707
-1777
-1211
-1145
-1577
-1147
-328
-234
-352
154
1101
1288
1172
1793
2911
3684
3841
3947
3929
4050
5061
6500
6766
5499
4600
5307
6460
6529
5758
5131
4716
4104
3497
3462
3629
2826
945
-354
-20
573
-272
-1883
-2499
-2270
-2853
-4233
-4405
-3031
-2762
-4989
-7019
-6143
-3910
-3428
-4748
-5900
-6217
-5980
-5016
-3812
-3750
-4780
-5264
-4648
-3987
-3535
-2494
-1370
-1695
-3113
-3039
-756
1069
624
-147
481
1086
747
971
2925
4388
3441
1900
1901
3498
4596
4326
3882
3850
3912
3012
2157
3174
4722
4444
2060
676
1782
2967
2527
1396
1745
1731
-350
-1668
60
2039
191
-2504
-2345
-965
-1604
-3025
-2061
-783
-1963
-4412
-4171
-1900
-1368
-2449
-2752
-1915
-2528
-3474
-2137
35
-173
-2398
-2550
-743
66
-517
-759
-68
-233
-1021
-907
-203
-36
-853
-1107
-547
-722
-1283
-1077
-318
-464
-1351
-1254
-183
92
-565
-308
773
1035
633
1180
2608
2889
1880
1875
3517
4944
5056
4462
4115
4436
5275
6242
6617
5718
4246
3987
5100
5667
4679
3338
2908
2891
2245
1607
1930
1851
-83
-2065
-1668
-214
-879
-3223
-3787
-2466
-2915
-5404
-5704
-3003
-2190
-5419
-8021
-6271
-3185
-2974
-4852
-5819
-5566
-5208
-4403
-2972
-2493
-3543
-4146
-3253
-2499
-2523
-1571
206
-109
-2449
-2605
575
2693
1376
147
1494
2510
1221
806
3310
5252
3662
1283
1880
4227
4805
3590
3274
4287
4167
2395
1899
3832
5277
3795
1062
499
2251
2942
1502
422
913
893
-1115
-2315
-597
840
-1238
-3924
-3443
-1501
-1864
-3782
-3267
-1598
-2106
-4447
-4633
-1861
-1006
-2567
-3612
-2403
-1716
-2534
-1478
160
-23
-1842
-1615
739
1176
-65
-501
869
1248
-151
-492
720
1135
-105
-614
215
395
-544
-773
-35
-147
-1123
-1144
-63
45
-1059
-1293
-279
185
-81
491
1537
1282
318
819
2584
3548
3368
3212
3159
2922
3672
5875
7041
5189
2755
3255
5703
6387
4821
3670
3717
3189
1882
1805
3071
2972
499
-1471
-604
938
-7
-2261
-2510
-1342
-2151
-4580
-4744
-2166
-1124
-3869
-6913
-6256
-3152
-1901
-3564
-5552
-5969
-5221
-4105
-3094
-3142
-4120
-4542
-3913
-3451
-3206
-2023
-548
-1016
-3320
-3289
-329
1767
863
-551
774
1896
921
392
2408
4912
3757
1045
1125
3735
5010
3627
2840
3925
4349
2740
1620
3154
5331
4542
1226
-254
1600
3216
1883
144
669
1195
-884
-3063
-1668
1077
74
-3591
-4270
-1723
-1102
-3391
-3740
-1119
-982
-4377
-5269
-1911
284
-1449
-3171
-1979
-820
-1607
-1406
791
1446
-873
-2162
56
1899
705
-213
997
1451
-106
-707
1105
2133
472
-973
-328
196
-749
-1155
-92
39
-1665
-2370
-880
-19
-1211
-2018
-1155
-697
-1375
-1017
713
1237
99
-99
1333
2334
2542
3545
4565
3405
1778
3424
7069
7591
4327
2392
4319
6404
5868
4590
4279
4009
2908
2204
3021
3555
1969
-189
-729
23
150
-1130
-2421
-2388
-1941
-2881
-4806
-4959
-2626
-1360
-3893
-7403
-7279
-3759
-1538
-3295
-6465
-7116
-5120
-3422
-3351
-3765
-3788
-3608
-3672
-3995
-3501
-1451
291
-731
-2999
-2717
-24
1589
1006
390
1330
2247
1400
791
2715
5157
4745
2051
1229
3573
5224
4074
2995
3969
4712
3126
1502
2853
5419
5164
1992
-35
1271
2853
1885
612
1099
942
-1464
-3252
-1645
1151
416
-3428
-4814
-2577
-1514
-3201
-3761
-1914
-1716
-4455
-5509
-2809
-436
-1492
-3505
-3081
-1679
-1996
-2046
201
1534
-618
-2711
-955
1985
1908
357
637
1472
516
-466
895
2578
1592
-644
-975
260
597
-3
17
6
-1209
-2056
-999
253
-465
-1849
-1563
-741
-1054
-1114
27
940
544
-177
410
1809
2739
3471
3627
2458
1576
3052
6026
6952
4425
2177
3426
5894
6115
4624
4038
4296
3452
2120
2480
3726
2980
388
-715
561
1091
-735
-2236
-1359
-516
-2411
-4883
-4156
-1363
-1260
-4845
-7590
-6075
-2722
-1911
-4176
-6581
-6796
-4975
-3054
-2989
-4473
-5091
-3977
-3258
-4086
-4203
-2090
-441
-1885
-4026
-3007
49
978
-397
-448
1412
1869
325
441
3291
4916
3156
1312
2339
4482
4969
4097
3733
4252
4556
4062
3665
4160
4865
4372
2741
1887
2732
3513
2171
378
720
1617
-209
-2765
-1704
972
153
-3890
-4761
-1984
-1303
-3675
-4608
-1954
-1738
-5143
-6088
-2706
-348
-3123
-5022
-2678
-630
-2240
-3796
-732
2018
192
-2516
-1353
1774
1672
648
1440
2012
626
-680
1363
3102
1769
-330
-177
1136
52
-834
314
1277
-905
-3132
-1355
543
-570
-2760
-1728
-127
-1595
-2726
-898
1552
496
-1621
-762
1664
2607
2306
2890
3213
1946
1702
4781
7452
5515
2080
2522
5695
6401
4387
3534
4405
4034
2186
1892
3430
3466
1115
-389
521
1153
-327
-1682
-931
-153
-1874
-4357
-4074
-1388
-507
-3345
-6682
-6485
-3111
-1040
-2926
-6276
-6924
-4692
-2850
-3325
-4487
-4247
-3588
-3789
-4798
-4225
-1641
-496
-1907
-4010
-3319
-577
650
266
-132
681
1020
158
438
2757
4728
3716
1352
1174
3452
5159
4741
3762
3902
4492
3761
2408
3049
5568
5993
2621
-247
1193
3988
3518
1116
743
1465
-176
-2589
-1364
1898
1061
-3875
-5821
-2421
-130
-2732
-4928
-2851
-1357
-4105
-6078
-3161
-5
-1447
-4205
-3531
-1331
-1328
-1782
134
1544
-787
-2970
-359
3474
2907
53
-23
1643
1480
680
1843
2969
1257
-1093
-619
1253
1146
-345
-682
-490
-1639
-2699
-1447
219
-742
-2901
-3026
-1752
-1392
-1273
-65
630
-681
-1989
-883
1575
2895
2762
2140
1229
739
2534
6081
7218
4010
791
2202
6130
7165
4761
2978
3394
3610
2609
2508
3782
3796
1360
-729
-43
1482
1074
-589
-1084
-877
-2130
-3985
-3155
-322
-328
-4127
-7404
-5806
-1823
-751
-3270
-6506
-6460
-4104
-2716
-3246
-4550
-4170
-3210
-3791
-5125
-4455
-1296
204
-2062
-4745
-3676
-221
1028
-322
-1118
337
736
-942
-387
2872
4847
2584
-104
1054
3895
5316
4359
3253
3453
3871
3752
3617
4277
4988
4524
2916
2114
3024
3889
2747
1210
1854
2831
758
-2457
-1354
1971
1473
-2858
-4604
-2063
-1361
-3051
-3543
-1628
-1950
-5573
-6059
-2384
32
-3038
-5310
-2570
-338
-2487
-4448
-806
2820
1183
-2592
-2148
1214
2605
2550
1626
1045
21
-145
2318
3502
1592
-742
-213
1249
241
-1304
-378
1178
-1166
-3875
-2166
19
-896
-3310
-2876
-1432
-2498
-2981
-1217
530
-692
-2468
-1581
729
2159
2122
2616
2230
641
1358
5078
7951
5636
1139
1704
6264
7507
5015
3410
4075
4340
2773
1996
3362
4047
1709
-793
-565
1267
1246
-800
-1309
-960
-1452
-2830
-3472
-1384
447
-1521
-5890
-7057
-2802
1022
-953
-5999
-7418
-4358
-1460
-2128
-4620
-4175
-2467
-3185
-5141
-4932
-1598
365
-1363
-4655
-4810
-1199
1011
152
-1444
-435
933
-283
-945
1521
4981
4052
116
-502
2845
5960
5054
2846
2768
3822
4022
3012
4063
5975
5014
1851
576
3327
4990
3065
420
674
2546
784
-2703
-2254
1612
1678
-3283
-5505
-2577
-606
-2837
-4330
-2069
-940
-4164
-6546
-3300
589
-760
-3992
-3122
-304
-1145
-2757
-608
2673
1638
-1881
-1352
1612
2772
1835
1790
2372
806
-203
1089
2846
1911
-397
-364
289
-248
-1127
-304
638
-1350
-3395
-2797
-909
-1209
-3087
-2806
-1951
-2290
-2814
-1222
720
-557
-2253
-1628
1038
2795
2793
2274
912
645
3035
6620
6994
3079
366
2756
6926
6897
3333
1895
3876
4617
2304
1060
2860
3809
1091
-1625
-375
2248
1251
-2119
-2288
354
-271
-4139
-3951
1077
2147
-4228
-9040
-4876
2076
1736
-5061
-8749
-5614
-1349
-1352
-3885
-4814
-3637
-2757
-4100
-5278
-3755
-160
892
-3002
-6030
-3837
1232
2156
-808
-1205
963
1388
-1067
-91
5057
6764
1842
-2197
1527
6456
5979
2726
2547
4642
4345
2167
2606
5379
5550
3187
598
1355
3543
2557
468
185
1877
1038
-2689
-4166
-551
2499
-970
-5249
-5131
-2075
-1390
-3292
-2845
-1182
-2655
-6306
-5255
140
1530
-2554
-4632
-1552
241
-1649
-1457
2341
3516
-467
-3093
12
4181
3818
1254
1031
1285
215
298
3242
4290
434
-2241
-639
1551
413
-916
-12
-851
-3289
-3876
-1277
150
-1942
-3844
-3609
-2298
-2255
-1848
169
406
-1976
-3506
-842
3106
3865
2323
569
275
1949
4998
7345
5624
1593
796
4652
7654
5523
2318
2721
4427
3396
1491
2295
3857
2149
-1068
-899
1651
1367
-1756
-2394
-24
-305
-4246
-5035
-232
2256
-2948
-8958
-6853
159
1964
-3571
-8406
-6708
-2169
-982
-3602
-5026
-3687
-2222
-3084
-4944
-3587
102
1708
-1718
-5493
-3392
1582
2967
-285
-1382
1361
2160
-449
-1070
3665
6740
3181
-1350
21
5219
6280
3064
1820
3750
4593
2331
1385
4366
5899
3053
-321
577
3899
3244
183
-572
1549
1626
-2307
-3988
-1146
1722
-871
-5195
-5155
-2257
-1586
-3760
-3372
-1467
-1974
-4996
-4775
-562
994
-1070
-3044
-1147
-69
-1241
-897
1612
3416
593
-1447
14
2551
3220
1753
1807
1309
207
563
2360
3428
737
-1296
-569
349
-194
-1307
-299
-925
-2938
-3421
-1853
-390
-2746
-3724
-2679
-2420
-2816
-2685
-233
664
-1692
-3674
-1455
2629
4135
2907
604
-62
1859
5465
7771
5886
1816
827
4437
7850
6801
3386
2506
3889
3682
2068
2237
3719
2746
-414
-1104
992
1143
-1223
-2089
-341
16
-3564
-5671
-1749
1840
-1760
-8246
-8327
-1468
2206
-2388
-7958
-7539
-2965
-464
-2503
-4932
-4283
-2555
-2609
-4166
-4321
-1487
1184
-378
-4295
-4335
486
3667
1525
-1162
138
2370
1388
9
2739
6328
4383
-714
-732
4781
7642
4115
565
2287
4992
3825
1652
2816
5418
4144
-55
-468
3005
3576
6
-1766
884
2313
-1912
-5781
-2636
2280
537
-5041
-5925
-2643
-1901
-3855
-3317
-1020
-2295
-6085
-5762
-669
1573
-1500
-3622
-1280
541
-969
-1338
1516
3867
1414
-1393
-395
2606
4325
3145
2640
1658
639
1283
2783
3783
1530
-184
-379
-237
-139
-398
358
-906
-3256
-3590
-1830
-346
-2262
-3599
-3123
-2875
-2956
-2565
52
493
-1749
-3508
-2250
2164
4158
3347
576
-846
1353
4933
7570
5767
2239
1207
3614
6491
6271
4367
3318
3523
3174
2232
2314
3358
2970
616
-593
465
1014
-519
-1394
-301
-704
-4041
-5439
-1521
2012
-1787
-8838
-8653
-973
2845
-2706
-9187
-7924
-2404
-821
-3638
-5280
-3734
-2268
-3367
-5141
-4157
-444
1736
-651
-4520
-4220
450
3609
1824
-853
148
2191
913
-624
2718
7143
5103
-957
-1517
4461
7989
4724
1060
2554
5195
3626
899
2611
6242
4979
-157
-1421
2488
4157
496
-2017
572
2120
-2093
-5766
-2479
2223
9
-5794
-6323
-2575
-1848
-3817
-3011
-553
-2402
-6716
-5678
160
2306
-1159
-3489
-1720
-185
-1437
-608
3427
4287
243
-2442
-27
3105
4422
3618
2444
870
-878
1303
4019
4178
993
-1313
-44
338
-240
-148
1459
-419
-4087
-4318
-1668
729
-1612
-3388
-3158
-3450
-3630
-2275
649
484
-2122
-3773
-2526
483
3072
4353
2268
-1542
-1977
3120
8477
7590
2148
-223
2787
6190
6628
4914
3603
3429
2888
2186
2817
3840
3195
1086
-409
166
1031
450
-358
28
-125
-2837
-4987
-2407
2291
711
-6697
-9681
-3870
2760
275
-6968
-8976
-4189
-263
-2228
-4841
-4170
-2009
-2689
-5142
-5154
-1957
1566
453
-3952
-5981
-2146
3050
2723
-622
-1152
1528
1934
-463
478
4938
6460
1738
-2131
1354
6545
5975
1527
1249
4675
4724
1776
1264
4649
5798
2253
-134
1201
3004
1284
-862
865
2195
-711
-4982
-3641
1702
2255
-2464
-5802
-3596
-1297
-2136
-2738
-1230
-1039
-4746
-6360
-3009
1263
368
-2901
-3067
-1774
-1316
-1589
1379
3698
1561
-2293
-2703
1727
4275
3780
1631
421
184
387
2437
3640
3087
793
-537
-367
-195
693
1631
1239
-1808
-4171
-2836
-313
-88
-1796
-2893
-3526
-4046
-3291
-1095
179
-1002
-2807
-2943
-1474
461
2784
4100
1689
-2492
-1857
4618
9122
6235
580
-480
3393
6778
6475
4444
3335
2919
2331
2309
3369
4114
3005
627
-636
344
1535
806
-463
-341
-514
-2783
-4150
-1339
2108
-33
-6304
-8342
-3172
2001
311
-5390
-7777
-5084
-1681
-1370
-3370
-4350
-3204
-2509
-4101
-5318
-2693
1544
1206
-4178
-6692
-1672
3745
1903
-2415
-962
2802
1280
-2314
27
6070
6281
422
-2109
2200
5921
4374
2132
3232
4481
2209
717
2511
5138
4912
1456
46
956
2415
2208
725
1210
1318
-727
-3362
-2551
1424
2208
-2164
-6148
-4662
-975
-555
-2734
-2870
-1854
-3467
-5611
-3290
1181
891
-3013
-4351
-1335
-111
-1160
178
2687
2281
-2335
-2764
2252
5592
3796
16
469
1562
1384
1909
3602
3880
-64
-2324
-615
1869
1990
-8
-606
-1681
-3124
-2551
-499
926
-1379
-3947
-3793
-2771
-1893
-1515
-385
-272
-2296
-3524
-1975
1340
3376
2978
924
-1007
-407
3619
7511
6449
1655
-592
2543
6324
5958
3257
2324
2988
2657
1731
2310
3573
2850
513
-458
533
1065
247
-153
130
-912
-3132
-3372
-598
1489
-826
-5489
-6645
-2649
1223
10
-4468
-6912
-5021
-1375
-550
-3283
-4976
-2871
-1062
-3473
-5840
-2647
2177
1066
-4666
-6319
-1218
2654
457
-1900
-245
1435
-481
-2309
930
5428
4247
-209
-1174
1706
4423
4272
3116
2879
2683
1989
1825
3033
4436
5085
2830
39
342
2517
4043
1868
495
1225
18
-2310
-2508
926
2061
-1646
-5469
-4280
-735
-992
-2564
-2311
-1512
-3272
-5418
-2935
931
67
-3232
-3439
-1596
-1041
-1262
832
2692
470
-2813
-1957
2467
4115
2388
967
1308
1022
-284
1968
4785
3271
-490
-1891
455
1785
861
126
-106
-746
-2606
-2631
-665
81
-1444
-3418
-3163
-2879
-2710
-1504
-498
-603
-1972
-2580
-2084
-426
1618
3082
3088
195
-1671
857
5973
8447
4568
29
782
4254
6413
5496
3378
2552
1915
1776
2514
3376
3106
1536
204
-587
227
988
848
402
-913
-1983
-3262
-3027
-131
1901
-1262
-7333
-7541
-1405
2736
-669
-6812
-7456
-2763
-9
-2527
-4961
-3079
-650
-2755
-6189
-5280
-161
2602
-1399
-5930
-4644
393
1856
-645
-848
1169
1049
-1896
-2030
2711
6036
3117
-1431
-1124
2685
4523
3025
2273
2659
2999
1889
1057
3491
5646
5072
1254
33
2681
3645
2133
195
1753
2250
-808
-3092
-1293
2748
1584
-3171
-4737
-1717
-119
-2519
-3087
-628
-957
-4848
-5559
-1562
1338
-1078
-3707
-2594
-1116
-1468
-1710
1528
3069
-475
-2989
-673
3601
3433
1133
1000
730
530
500
2555
4064
1199
-472
66
1242
942
-114
586
1069
-1225
-4294
-1627
1227
30
-2252
-3178
-1913
-2714
-2593
-634
278
-1177
-3260
-2089
-396
-8
273
2263
3379
367
-2206
812
6768
7854
3226
-317
1375
4990
5982
4816
3342
1938
1247
2073
3284
3251
2416
1276
-179
-740
728
2180
810
-1230
-1593
-1198
-2163
-3389
-952
1969
-332
-6729
-8508
-1629
4310
757
-7163
-8266
-2364
1150
-1994
-5000
-2853
-793
-2872
-6541
-5068
791
2673
-1735
-6469
-4856
827
2688
-530
-1641
555
887
-1384
-2103
2167
5699
3085
-1644
-1868
2467
5005
3473
1348
1988
3391
2482
1178
2504
5038
4361
1033
118
2706
3704
1053
-290
2441
3720
-648
-4379
-1324
3833
2032
-3872
-4693
-1206
-464
-3534
-3015
463
-381
-5253
-6499
-1099
1955
-884
-3362
-1686
-263
-2623
-2673
1795
3981
34
-3745
-1402
3176
3618
1275
971
1440
744
614
2170
3152
1807
-109
-272
358
-191
308
1476
478
-2078
-3622
-1499
570
-658
-1777
-2098
-2501
-3494
-3340
-614
463
-1430
-3106
-2175
-923
-758
566
2836
3442
-110
-2177
1914
6509
6327
2744
1146
2323
3511
4492
5725
4508
1148
575
2831
3977
2424
992
1248
1146
-386
-636
1285
1922
267
-2245
-2337
-999
-860
-81
406
-1399
-5071
-6448
-2335
2821
1098
-5568
-7856
-3975
467
-574
-3537
-3588
-2245
-2421
-4830
-4537
-791
1638
-1333
-5791
-4880
-428
1823
-632
-2245
-128
1354
-704
-2859
443
4826
3655
-1086
-2491
1681
4928
3552
1222
1898
3931
2640
510
2406
5876
5318
935
-159
3115
4445
2053
215
2164
3376
22
-3248
-1371
3124
2304
-3119
-4734
-1814
-396
-2488
-2884
-596
-1221
-4518
-5318
-1723
1072
-936
-3297
-2622
-882
-1285
-2043
299
2401
704
-2139
-1230
2217
3285
1988
1552
1959
1087
362
1661
3378
2589
324
-378
479
649
212
723
450
-941
-2773
-1978
237
-696
-2145
-2770
-2081
-2528
-3755
-2599
-868
-504
-2586
-2670
-1302
-906
-7
1331
3225
2063
-830
-269
3467
6110
5143
2518
902
1935
4410
6093
5166
2062
684
2500
3991
2913
1710
2035
1796
-311
-1170
1184
2920
688
-2574
-2245
-79
-620
-2002
-513
1082
-1885
-6753
-5303
1713
3600
-2466
-7717
-5671
49
1209
-2868
-4839
-2690
-1088
-3228
-5619
-3359
801
657
-4060
-6463
-3606
813
854
-2592
-2070
186
-388
-2919
-2157
3302
4679
11
-3345
-555
4133
4273
1697
1778
3668
2696
1066
2953
6264
6156
2420
497
2779
4467
2829
1310
2082
3492
1339
-2555
-1846
2300
3656
-506
-4245
-2964
-440
-864
-2720
-1894
-744
-3265
-5966
-3688
296
-13
-3223
-4018
-1574
-698
-2105
-1432
1558
1926
-1165
-2727
-92
3495
3027
871
783
1143
1279
1296
2447
3670
1921
48
-29
550
880
894
1008
-330
-2318
-3015
-1358
-199
-1611
-2346
-2578
-3048
-3667
-2841
-574
-570
-2590
-3193
-935
134
-842
-406
1849
3282
817
-1354
1005
4651
6352
4788
1993
1313
2649
5257
6656
4255
1142
1213
3256
3752
2357
1253
1482
1161
-490
-121
1511
960
-1132
-1600
5
-677
-2590
-1306
1446
663
-4241
-6577
-2297
3180
1864
-4695
-7699
-4017
712
298
-3527
-4811
-2402
-1391
-3579
-5026
-2329
1285
-742
-5632
-6224
-1627
1403
-1202
-3485
-1599
601
-1063
-3299
-725
3703
3280
-1231
-2481
1327
4437
3247
1262
1824
3134
2735
2041
3397
5338
5097
2292
1163
3297
5078
3765
1132
1803
3153
1579
-898
-622
2089
1826
-1658
-3745
-1756
187
-1474
-3380
-2732
-1203
-2891
-4562
-2291
-743
-1910
-3124
-2676
-955
-608
-1913
-1272
710
258
-991
-513
882
1685
765
743
2103
1092
261
1500
2311
1925
348
216
1432
1107
36
542
1090
-630
-1686
-1175
-323
-710
-2577
-2194
-975
-1840
-3123
-2795
-1379
-1231
-1921
-1577
-701
-840
-1284
-471
925
2066
1824
648
605
1952
4273
5188
3633
1486
1269
4252
6288
4204
1154
1278
3599
3597
1580
1055
2142
1877
-113
-490
1084
2022
283
-1673
-934
6
-741
-1982
-473
1244
-1188
-4795
-4597
486
2825
-1551
-6405
-5362
70
1244
-3173
-5517
-2540
-34
-2464
-6205
-4867
503
979
-4433
-7196
-3465
793
-898
-4288
-2432
975
-379
-3918
-2964
2421
4175
-81
-2765
-159
3259
3129
1195
1908
3819
2854
1167
2614
5653
5963
2822
960
3357
5723
4112
1625
2192
3977
2863
-400
-621
2627
3164
-658
-2971
-1025
731
-1359
-3814
-1910
853
-1455
-5401
-4315
-471
-227
-3018
-3345
-788
-621
-3376
-3273
318
1674
-710
-2737
-1513
979
1269
515
911
909
-91
-373
798
2367
2178
509
-301
-259
399
1216
993
142
-757
-1342
-1397
-1299
-1415
-798
-542
-2035
-3204
-3055
-1467
-460
-989
-1132
-1168
-1423
-1516
-459
1577
2663
1853
321
-18
1460
4105
5562
4466
1807
480
2655
5680
5873
3133
1198
2331
3557
2686
1492
2174
3006
1180
-1035
-422
1994
2157
-282
-1292
-288
-244
-1912
-1425
1641
1374
-3709
-6797
-2662
2663
878
-5225
-6965
-2672
46
-2649
-5207
-3453
-836
-2679
-6484
-5993
-1467
858
-2196
-5857
-5105
-1451
-329
-1805
-2093
-468
-34
-2429
-2766
561
3666
2173
-1670
-1737
1285
3504
2739
2223
3104
2951
1464
1368
4838
6960
4651
873
1299
4940
5509
2805
1103
3077
4020
1587
-413
973
3051
1089
-1836
-1435
670
-395
-3355
-2672
108
-462
-4094
-4628
-1583
-555
-2706
-3696
-2008
-1167
-2467
-2672
-666
205
-773
-1350
-477
160
-437
336
1879
1594
-119
-1018
852
2561
1804
655
152
320
107
50
960
1036
-48
-1010
-1109
-1127
-1094
-683
-355
-1091
-2624
-2797
-2268
-1680
-1147
-1068
-1159
-1933
-1929
-941
-41
1039
1739
1892
715
-453
1301
4686
6359
3915
434
747
4090
6503
5215
2585
1834
2635
3221
2904
2664
2638
1879
390
-241
754
1851
1206
-538
-1235
-973
-1234
-1652
-444
1122
-739
-5288
-6140
-1095
3204
246
-6343
-7237
-2265
686
-1850
-5128
-3715
-1452
-3385
-6410
-5616
-712
1188
-2861
-6379
-5477
-1397
352
-1303
-1900
-933
-1348
-3058
-1964
1282
3876
2117
-1898
-1502
1437
3929
4143
2952
2475
2335
2052
2926
5478
5801
3870
1939
2291
4636
4793
3384
2948
3757
3332
812
-276
1666
3351
1636
-1175
-1981
-1025
-846
-2076
-1336
-422
-2427
-4342
-4248
-2117
-1001
-2661
-3126
-2459
-3186
-3726
-2215
-70
127
-1893
-3007
-1340
49
567
1487
1354
501
-836
-865
2091
3183
1417
246
-32
238
349
797
1555
1019
-904
-1712
-761
-875
-581
-139
-1038
-1876
-3120
-2504
-737
-900
-1570
-1467
-1088
-1271
-1200
-493
432
1168
1425
2002
1513
507
1423
4011
6193
4270
601
226
3777
7124
5308
1487
359
2462
4193
3050
1810
1807
1913
676
-250
1189
2747
1434
-1419
-1692
160
270
-1373
-695
1798
171
-5375
-6664
-476
4636
308
-7708
-8100
-1942
1131
-2149
-5899
-4349
-1488
-3449
-6558
-5195
-1108
410
-3026
-6989
-5736
-1276
436
-1506
-2773
-1262
-516
-2393
-2651
1492
4980
2414
-2614
-2438
2770
5730
3920
1533
1948
2962
2578
2707
5102
6799
4131
843
1283
5140
6298
3223
1395
2015
3312
1191
-486
1606
3310
1651
-2542
-2407
-35
-108
-1721
-2050
-213
-1207
-3944
-3864
-915
183
-2287
-3752
-2171
-859
-2218
-2697
-910
425
-441
-2135
-1554
415
371
10
863
277
-501
-795
443
2367
714
-926
-184
761
564
-339
72
461
52
-918
-1343
-516
-753
-879
-1109
-1534
-1632
-2380
-1670
-1393
-1468
-1380
-1816
-1511
-1319
64
494
-319
-147
1023
2682
1859
736
1452
3684
5232
2825
1225
2521
4670
5976
3576
1634
2781
4057
3825
2542
2263
2500
2082
1112
1184
2035
1716
538
-490
-103
480
-635
-1280
625
1293
-2218
-6008
-4419
1193
2452
-2744
-7613
-5979
-1595
-753
-3198
-5260
-3780
-3105
-5239
-6366
-5040
-1226
-591
-4700
-7098
-4870
-321
185
-2457
-2776
-661
-29
-2582
-1426
3005
4890
1740
-2579
-19
4213
4750
3194
2853
4125
3009
1475
2787
6127
6870
3654
717
1736
5044
5084
2768
2353
3313
2535
233
-224
1916
3042
571
-2152
-1659
-248
-1264
-2546
-1365
-327
-2141
-4682
-4352
-1706
-541
-2568
-4089
-2918
-1934
-2559
-2554
-775
-102
-721
-1399
-1128
111
315
1293
1555
-156
-729
266
2214
1902
34
467
1441
871
-522
453
2057
1078
-707
-1858
-360
561
-664
-1315
-1592
-980
-1739
-2904
-2135
-1328
-1566
-2341
-2182
-1753
-1113
-325
-405
-823
-883
765
2459
1982
941
673
2453
4627
4049
2386
2373
4028
4976
3826
2406
2931
4274
4209
3257
2406
2163
2168
1797
2045
2565
1687
-56
-906
-155
933
128
-1523
-756
198
-2061
-4797
-3916
-6
1427
-2323
-7181
-7002
-2365
442
-1910
-6196
-5943
-3352
-3219
-5242
-5869
-1829
388
-3845
-8178
-5653
597
1601
-2259
-3844
-1054
273
-1901
-1324
2615
4341
753
-2898
-174
4226
4886
3122
2336
2973
2856
2644
3899
6548
6793
3633
1558
2388
5174
6182
4286
2660
1780
1695
1731
1061
1598
2193
419
-1822
-1905
-326
-55
-1990
-2898
-1282
-1425
-4143
-4673
-2512
-707
-2522
-5355
-3880
-1554
-1698
-2621
-2561
-1058
-563
-1436
-1171
94
300
177
694
602
613
726
1064
2118
1380
464
1193
1296
945
737
715
960
210
-931
-415
87
-1163
-1836
-1630
-1244
-1072
-2103
-2085
-1602
-2228
-2344
-1498
-605
-1024
-1541
-1452
-806
-334
195
2266
2612
850
-285
1535
5425
5823
3062
1830
3204
5185
5584
3840
2946
3989
4057
3561
3020
2215
2553
2623
1653
1147
1081
668
-54
-285
-90
-525
-1964
-1831
-236
-650
-3543
-5910
-3097
1259
139
-5597
-8644
-4561
-349
-1827
-5839
-6224
-3122
-3147
-6122
-6399
-2179
628
-2738
-6759
-5709
-1026
993
-1152
-2330
-1198
-163
-1417
-1808
1516
4301
2821
-1191
-1353
2543
4971
4371
2762
2761
3003
2591
3340
5452
7081
5109
1706
1436
4233
6217
4565
2488
1877
2303
1726
358
1827
2846
780
-2203
-2507
-409
63
-1964
-3368
-1411
-1109
-3812
-4950
-2850
-537
-2137
-4530
-3830
-1890
-1833
-2359
-2080
-990
-466
-1591
-1147
106
230
54
758
1305
394
-76
491
1821
1588
144
340
810
754
377
612
985
24
-596
-706
-589
-739
-1405
-1342
-1405
-1583
-2297
-2784
-2480
-2175
-1231
-923
-1314
-2122
-1804
-459
139
613
917
1840
1977
1185
1339
3085
5470
5151
2930
2128
3831
5850
5528
3979
3217
3668
3849
3161
2737
2715
2724
1752
1069
1419
1378
885
-163
-298
-343
-911
-1291
-1239
-330
-1274
-3735
-4738
-2053
694
-1448
-5565
-6703
-3246
-768
-2577
-5402
-5508
-3126
-3133
-5473
-5870
-2860
-497
-2815
-6445
-5796
-1378
586
-1511
-2775
-1259
-129
-1634
-1795
1686
4079
2122
-1391
-596
3397
4919
3826
2996
3459
3247
2587
3734
5922
6435
4219
1873
2214
4423
5399
4329
2832
1929
1565
1369
1327
1639
1814
651
-1407
-1947
-660
-374
-1880
-2527
-1743
-2038
-3940
-4655
-2693
-1124
-2800
-4805
-3710
-1817
-1882
-2515
-2198
-1292
-755
-933
-536
225
-133
-230
1024
1756
945
-137
485
2224
1914
580
838
1507
995
51
439
1356
753
-1103
-1303
-636
-1090
-1150
-1300
-1483
-2300
-3188
-2560
-1976
-1962
-2151
-1761
-1856
-2122
-1633
-960
203
487
752
1477
1196
821
1477
3546
5347
4218
1932
2314
4583
6089
5652
3890
2992
3441
4165
4356
3722
2829
2211
1786
1738
1940
1741
1113
128
-680
-561
-701
-1403
-894
-325
-2125
-4911
-5006
-1466
817
-2277
-6670
-6745
-3161
-1067
-3454
-6199
-4883
-2760
-4184
-6936
-5967
-1646
-199
-3990
-7252
-4884
2
946
-1921
-2681
-50
1009
-1050
-1349
2341
4917
2435
-1145
-369
3419
5035
3628
2668
3299
3372
2628
3371
5664
6343
4011
1589
2155
4472
5118
3629
2492
2517
1937
506
502
2184
2437
-116
-2353
-1654
-141
-789
-2498
-2450
-1422
-2152
-4191
-4186
-2035
-1426
-3054
-4065
-3226
-2462
-2399
-2091
-1389
-1338
-1776
-1350
-711
9
-215
-44
1024
690
240
223
1790
2477
901
405
877
1714
1035
62
861
1273
-1
-1736
-986
-7
-801
-1297
-1875
-1602
-1704
-2735
-2370
-1722
-1639
-2228
-2185
-1569
-1024
-879
-1238
-433
515
1641
2025
1243
1125
2247
4456
5100
3648
2708
3607
4738
5564
5151
3458
3451
4066
4248
3818
2833
2446
2310
1861
1375
1804
1703
345
-679
-653
-329
-1038
-1606
-701
-505
-2934
-5375
-4527
-607
1014
-3456
-8099
-6680
-1915
-648
-3900
-6768
-4968
-2226
-4351
-7001
-5200
-466
267
-4922
-7608
-3819
1182
796
-2509
-2478
260
749
-1618
-453
3581
4163
1083
-1660
663
4881
5055
3025
2538
3677
3389
2754
3833
5765
6139
3709
2079
2675
4625
5077
3621
2596
1910
1638
956
1285
2167
1367
-683
-2241
-1301
-207
-1137
-2670
-2610
-1610
-2428
-4191
-4003
-1872
-1401
-3342
-4224
-3039
-1748
-1906
-2323
-1721
-1636
-1810
-1259
-531
117
-135
142
1030
655
155
571
2273
2555
610
113
1328
2151
953
24
838
883
-363
-1371
-425
339
-842
-1922
-1971
-1100
-1553
-2789
-2375
-1998
-2113
-2250
-1899
-1397
-1329
-961
-747
-500
-115
1378
2807
1783
1068
2125
4133
5302
3926
2885
3685
4832
5207
4371
3767
3836
3801
3829
3739
2958
2111
1998
2078
2047
1572
387
-442
-355
-321
-725
-1435
-1922
-1573
-1660
-3007
-4613
-4389
-1822
-461
-3155
-7167
-6722
-2473
-932
-3369
-6078
-4860
-2234
-3851
-6015
-4517
-644
11
-4563
-6854
-3354
1055
579
-2276
-2279
-242
334
-1325
-222
3294
4051
1282
-1336
1000
4680
4779
3283
2617
3215
3077
2644
3692
5376
5641
3166
1439
2465
4491
4965
3246
2109
1824
1696
1202
663
1394
1616
-280
-2093
-1680
-639
-1128
-2598
-2755
-1746
-2280
-3945
-3847
-2171
-1792
-3399
-4310
-2957
-1851
-2295
-2219
-1573
-1419
-1287
-849
-101
119
-208
570
1540
1198
588
794
1849
2224
995
598
1732
1913
945
266
717
1142
-16
-1277
-856
-288
-1202
-1960
-2071
-1648
-1667
-2691
-2741
-2670
-2483
-1868
-1753
-1843
-1685
-898
-639
-496
172
1356
2595
1892
1392
2350
3806
5172
4206
3362
3872
4456
5183
4936
4307
3598
3713
4162
4004
3181
1966
1878
1691
1822
1861
1041
191
-972
-1109
-635
-1165
-2102
-1497
-747
-2533
-5373
-5266
-1441
560
-2761
-7178
-6893
-2958
-815
-3156
-5954
-4423
-2628
-4091
-6138
-5090
-852
258
-3838
-6988
-4606
156
1007
-1490
-2656
-928
100
-1053
-171
2438
3790
1864
-868
591
3962
5354
4213
3278
3562
3276
3217
4334
6155
5961
3623
2292
2747
4669
4944
3068
2160
2038
1952
854
94
1016
1490
-23
-2121
-2106
-1395
-1386
-2383
-3011
-2158
-2730
-4129
-4336
-3007
-1744
-2756
-4007
-3147
-2059
-2389
-2411
-1357
-501
-970
-1696
-1007
309
859
1028
1133
572
269
669
1902
2460
1045
622
1211
1136
658
342
1079
1060
-619
-1512
-584
68
-1131
-1985
-1765
-1385
-1799
-2620
-1998
-1954
-2020
-1596
-1633
-1379
-1347
-792
-70
447
554
1215
2197
1830
1953
2507
3670
4279
3306
3185
3999
4743
4457
3687
3353
3516
3882
3486
3238
2876
1928
1665
1507
1673
1737
873
57
-639
-700
-322
-544
-1023
-1153
-1587
-2985
-4240
-3583
-936
-323
-3852
-6950
-5885
-2372
-1024
-3748
-6080
-4720
-3062
-4107
-5902
-4533
-941
-1101
-5021
-6408
-3265
403
380
-2077
-2366
-593
-94
-558
631
3171
3514
786
-655
1706
4514
4701
3504
3049
3233
3066
3324
4898
6007
5095
3109
2073
3396
5288
4553
2444
2125
2727
2160
786
436
1265
1395
-207
-1723
-1507
-1326
-2141
-2819
-2105
-1689
-3353
-4480
-3832
-2219
-1930
-3402
-3580
-2475
-2041
-2712
-2607
-983
8
-798
-1677
-1108
110
1356
1600
591
25
352
1135
1975
1789
984
898
773
424
408
768
1080
301
-1196
-1518
-483
-409
-950
-1613
-1996
-1681
-2256
-2332
-1833
-1594
-1655
-1820
-1567
-1396
-646
-156
208
450
686
1980
2239
1756
2150
3296
4300
3986
3008
2986
4406
5415
4873
3651
3215
4140
4240
3585
3196
2427
2081
1509
1295
1962
1593
131
-1027
-967
-560
-795
-1715
-1776
-1153
-2372
-4828
-5154
-2326
-202
-2282
-6733
-7412
-3827
-1286
-2720
-5848
-5325
-3241
-3550
-5236
-5118
-2045
-321
-2557
-5902
-4856
-598
1037
-672
-2566
-1242
123
-945
-556
1808
3817
2308
-871
-146
3087
4979
4352
3425
3073
2894
3241
4245
6148
6103
4223
2568
2972
4978
4986
3579
2434
2686
2561
996
444
1135
1729
192
-1770
-1750
-1309
-1684
-2843
-2763
-2073
-3010
-4405
-4789
-3275
-2239
-2930
-3612
-3614
-2846
-2669
-2433
-1538
-599
-450
-1396
-1437
-722
793
2009
1127
304
49
751
2078
2194
1909
1316
851
731
711
940
1126
1037
-268
-1234
-1287
-915
-69
-730
-1637
-1929
-2511
-2213
-1729
-1350
-871
-1520
-2373
-2095
-1073
-45
419
129
262
1115
1545
1790
2174
3214
4457
3908
2419
2539
4224
5870
5352
3159
2832
3825
4309
3796
2957
3103
2575
1329
938
1926
2332
258
-1661
-1400
-242
-548
-1797
-1828
-1331
-2615
-5019
-4881
-1975
-180
-2481
-6253
-6480
-3410
-1444
-2393
-4391
-4701
-3090
-3206
-4453
-4123
-2119
-513
-2552
-5313
-4584
-935
805
-768
-1950
-1495
-402
-987
-667
2272
3650
1938
-528
-69
2825
4513
3864
3192
3502
2965
2209
3261
5676
6450
4232
1957
2434
4421
4994
3776
2599
2389
2220
1277
695
1168
1524
294
-1512
-1525
-964
-1619
-2764
-2482
-1587
-2149
-3696
-4745
-3402
-2214
-2800
-3347
-3603
-2864
-2546
-2710
-2216
-1401
-260
-373
-1254
-1631
-657
1666
2351
1291
-173
-72
1798
2190
1866
1584
1307
1263
583
607
1293
1162
106
-694
-948
-1368
-1026
-837
-1085
-1459
-2493
-2641
-2638
-2258
-1330
-1246
-1508
-1860
-1670
-1206
-65
1026
1467
1827
1034
703
1852
3960
5718
4741
2302
1836
3964
6244
6237
3875
2227
3100
4419
4107
2825
2565
2891
1726
205
760
2049
1444
-710
-1979
-1263
-709
-1419
-1093
-405
-2157
-5152
-5268
-1511
979
-1861
-6500
-6693
-3377
-1345
-2497
-4995
-4463
-2839
-3782
-5483
-5006
-1743
-11
-2791
-6134
-5201
-1535
274
-858
-2034
-816
-139
-1666
-1544
1813
4599
2794
-1135
-914
2863
4670
3863
3104
3355
3333
2497
3191
5701
6544
4346
2071
2601
4827
5286
3483
2289
2693
2772
1278
124
908
1889
769
-1425
-2131
-1567
-1248
-2315
-2606
-1587
-2204
-3801
-4572
-3462
-2341
-2576
-3001
-3120
-2734
-3098
-2777
-1455
-802
-498
-927
-1179
-869
-22
1596
2125
1086
-185
-3
1929
2508
1719
1544
949
377
155
756
1593
865
-399
-1353
-1273
-1137
-1115
-727
-966
-1678
-2941
-2977
-1962
-1481
-1394
-1860
-1775
-1477
-1141
-739
-752
262
1674
2262
1392
400
1830
4309
6003
4912
2317
1822
4034
6846
6168
3436
2215
3308
4654
3591
2135
2149
2822
2079
505
611
1434
712
-904
-1022
-448
-1399
-2623
-1442
471
-1208
-5497
-6376
-1843
1958
-785
-6730
-7950
-3363
98
-1847
-5158
-4861
-2694
-3065
-5326
-5055
-1601
243
-2658
-6400
-5261
-548
1158
-1507
-2979
-830
386
-1810
-2664
1190
4797
2716
-1840
-1963
2467
5356
4081
2369
2730
3165
2453
2965
5627
6698
4383
1959
2302
4579
5831
4288
2436
2630
2891
2175
1040
1008
1805
756
-1182
-1997
-1197
-958
-2288
-2741
-2034
-1894
-3446
-4632
-3678
-2357
-2463
-3291
-3362
-3020
-2727
-2358
-1861
-1444
-999
-490
-550
-1187
-1019
524
1899
1899
172
-508
1338
2627
2323
1208
864
1303
940
544
839
1344
483
-1125
-1225
-834
-635
-1119
-1510
-1335
-2154
-2625
-2737
-2224
-1233
-1167
-1660
-1951
-1361
-1096
-491
245
1298
2117
807
174
1033
3450
5383
4109
1972
1886
4210
5945
5141
3171
2811
3846
4052
3523
2800
2668
2759
1718
868
1573
2065
1018
-194
-497
-151
-667
-1911
-978
220
-1462
-4520
-5245
-1573
1137
-1600
-6028
-6339
-2779
-974
-2792
-5083
-4417
-2744
-3647
-5377
-4864
-2195
-809
-3151
-5894
-4728
-1612
-672
-1974
-2653
-1166
-273
-1714
-1943
883
3240
2317
-345
-695
2366
4501
3769
3325
3793
3506
2980
3706
5715
6231
4080
2807
3894
4982
4544
3068
2675
3377
2753
1184
606
970
1193
238
-1229
-1561
-1350
-1746
-2475
-2539
-2150
-2498
-3502
-3811
-2971
-2685
-3100
-3263
-2902
-2525
-2860
-2471
-1648
-1179
-973
-1258
-1077
-749
-59
707
750
913
434
264
1254
1790
1919
1325
797
1209
1096
741
839
1052
674
-300
-913
-912
-297
-634
-1466
-1770
-2371
-2327
-2285
-1847
-1273
-1680
-1976
-1991
-1082
-379
-276
-35
793
1999
1713
893
1089
3297
5737
4800
2192
1829
4120
6391
5785
2973
2371
4323
4758
3205
2120
2534
3096
1896
302
912
1885
721
-1134
-1372
-142
-426
-2387
-2030
72
-936
-4641
-5602
-1713
1565
-1422
-6427
-6554
-2687
-509
-2560
-5233
-4395
-2261
-3570
-5615
-4792
-1927
-374
-3311
-6074
-4488
-1020
-269
-2120
-2607
-1124
150
-1491
-2201
1025
3648
2255
-980
-526
2718
3989
3127
2904
3878
3779
2661
3018
5334
6525
4661
2415
2941
4896
4817
3091
2420
2836
2626
1485
739
953
1126
52
-1196
-1006
-776
-1656
-2729
-2332
-1597
-2557
-3548
-3583
-2904
-2585
-3094
-2904
-2583
-2537
-2539
-2344
-1530
-1175
-850
-504
-639
-1027
-966
481
1531
1513
216
-348
1248
1585
1444
1343
1104
1370
423
-269
720
1354
374
-768
-1348
-1269
-524
-1026
-1746
-1703
-2243
-2326
-2418
-2401
-1268
-1270
-2124
-2006
-1206
-577
-338
-5
720
2112
2167
666
937
3122
5199
4685
2141
1788
3986
6217
5697
3031
2406
3938
5169
4095
2425
2553
2791
2209
1022
1296
2369
1390
-717
-1528
2
167
-1566
-1781
-426
-773
-4393
-5652
-2038
1195
-938
-6322
-7250
-3340
-796
-2285
-5368
-5271
-3121
-3581
-5139
-5287
-2743
-182
-2680
-6228
-5217
-1139
658
-1445
-3161
-1486
356
-1460
-2098
1095
3698
2726
-796
-775
2898
4496
3716
3010
3649
3640
2493
3001
5127
6563
4992
2612
2975
4631
4770
3296
2910
3482
2780
1185
749
1628
1778
306
-1238
-1207
-915
-1439
-2437
-2371
-1674
-2394
-3509
-3851
-2792
-2413
-3233
-3348
-3035
-2464
-2786
-2771
-1672
-1173
-1223
-1709
-1105
-84
-98
165
574
1051
784
257
1125
1814
1867
1227
767
1207
615
411
1022
977
379
-655
-786
-537
-384
-642
-1294
-1311
-2018
-2459
-2243
-1866
-1223
-1781
-2397
-1928
-1263
-994
-821
-636
73
1278
1570
1222
1020
2156
4409
4695
2796
1782
3230
5663
5729
3224
2189
3666
4913
4312
2664
2145
2797
2428
1554
1954
2561
1624
-280
-871
367
539
-1225
-1515
-301
-1012
-3939
-5272
-2264
1171
-608
-5864
-7223
-3787
-867
-1840
-4990
-5012
-3195
-3511
-5096
-5310
-2657
-741
-2983
-6119
-5261
-1629
98
-1381
-2939
-1649
-425
-1549
-1754
832
3416
2360
-837
-722
2701
4597
3862
2876
3265
3752
2854
2928
5258
6610
4818
2278
2205
4197
5104
3876
2526
2344
2530
1818
921
906
1201
576
-683
-1162
-1265
-1486
-2119
-2166
-1779
-2386
-3195
-3767
-3077
-2512
-2847
-2835
-2691
-2403
-2797
-2501
-1501
-1047
-803
-801
-444
-563
-567
278
1090
1420
293
-258
947
1639
1446
917
926
1223
775
390
660
1186
437
-887
-1056
-877
-361
-554
-1363
-1382
-2072
-2745
-2350
-1551
-919
-1558
-2325
-1854
-795
-218
-202
250
1138
1900
1267
343
1545
3604
5032
4057
1576
1640
3917
5882
5415
2865
1830
3286
4444
3728
2593
2119
2243
1774
870
1757
2345
943
-562
-924
56
-241
-1543
-919
228
-1284
-4887
-5310
-1197
1700
-1357
-6586
-6699
-2884
-1007
-2803
-5158
-4071
-2424
-4213
-5977
-4813
-1432
24
-3254
-6174
-4883
-1095
357
-1485
-2398
-1144
-264
-1830
-1854
1419
3424
1881
-1292
-949
2496
3887
3061
2509
3112
3072
2244
2806
4852
6087
4239
2266
2800
4241
5031
3891
2828
3054
2643
1596
1305
1683
1712
514
-932
-662
-496
-1578
-2483
-1922
-1126
-1997
-3389
-3845
-2642
-2445
-3111
-2720
-2640
-2556
-2867
-2764
-1805
-1360
-1458
-1378
-758
-1040
-962
326
1166
1321
135
-168
1368
2047
1713
1033
1005
1063
599
414
671
1024
176
-440
-754
-1345
-815
-814
-1063
-1144
-2280
-2747
-2249
-1665
-1158
-1454
-2007
-1831
-1137
-544
-199
37
854
1855
1342
359
980
3295
5339
4425
1699
1248
3648
5857
5433
2991
1942
3353
4329
3686
2843
2678
2901
2212
1082
1524
2350
1373
-252
-675
-36
-118
-1290
-940
284
-1326
-4857
-5272
-1316
1641
-1130
-6694
-7364
-3231
-840
-2543
-5190
-4250
-2381
-3607
-5824
-5390
-1725
149
-2924
-6468
-5297
-1349
295
-1306
-2804
-1333
-36
-1622
-2252
626
3340
1933
-1449
-1385
2211
4279
3306
2383
3068
3404
2517
2920
5249
6304
4538
2526
2645
4263
5207
4513
3422
3017
2813
2023
1445
1691
1667
463
-732
-766
-717
-1235
-2480
-2501
-1411
-2086
-3351
-3696
-2916
-2645
-3114
-2967
-2724
-2548
-3027
-2692
-1568
-1362
-1333
-1064
-279
-548
-1376
-96
1345
1168
22
-587
821
2072
1556
779
716
1091
895
311
368
859
437
-627
-983
-1026
-668
-599
-967
-1001
-1805
-2349
-2247
-2060
-1167
-842
-1627
-2297
-1664
-560
-157
180
582
1509
1613
416
902
3043
5104
4797
2242
1619
3693
5865
5832
3766
2410
3370
4351
3484
2684
2727
2526
1447
385
1058
2190
1132
-913
-1336
-597
-479
-1348
-1376
13
-569
-3824
-4992
-2042
1189
122
-4475
-6378
-3648
-1151
-1847
-3963
-4258
-2938
-3488
-5355
-5183
-2745
-547
-1797
-5426
-5942
-2661
-168
-945
-2629
-1980
-663
-1470
-2283
55
3309
3008
-401
-1511
1401
3946
3918
2774
2968
3410
2853
3008
4260
5962
5122
2927
2544
3811
4868
4068
3244
2802
2846
2314
1418
1375
1467
1609
24
-1036
-538
-847
-1556
-1961
-1781
-1930
-2719
-3597
-3424
-2798
-2953
-3087
-3088
-2961
-2790
-2724
-2355
-1620
-1361
-1144
-824
-1089
-913
24
1094
1140
313
-105
998
2128
1485
1124
969
1059
866
123
734
1031
342
-533
-829
-704
-715
-673
-1229
-1325
-1673
-2517
-2257
-1932
-1363
-1406
-2078
-1603
-1097
-593
-264
-40
544
1482
2172
1656
1397
1953
3755
4715
3308
2328
2700
4475
5456
3785
2070
2730
4226
4075
2724
1835
2189
2272
1274
1033
1812
1637
162
-842
-465
71
-574
-1125
-543
-640
-2710
-4489
-3037
-131
-48
-3263
-5836
-4884
-2247
-1641
-3048
-3949
-3805
-3433
-4476
-5237
-3683
-1738
-1260
-3773
-5865
-3759
-713
-430
-2014
-2193
-891
-599
-1696
-887
2243
3131
716
-1137
486
3308
3940
3010
2718
2917
2642
2409
3514
5402
5326
3583
2393
3136
4499
4389
3815
3138
2914
2642
1515
975
1336
1833
1001
-606
-1216
-1159
-1503
-2053
-1934
-1709
-2269
-3493
-3813
-2879
-2413
-2702
-2890
-2879
-2621
-2276
-2205
-1674
-1265
-1100
-734
-745
-738
-169
956
1154
581
-101
412
1707
1050
854
902
757
856
-116
243
1108
506
-550
-935
-698
-669
-969
-1418
-1263
-1364
-2254
-2532
-2133
-1465
-1310
-1630
-1588
-1326
-1124
-905
-37
389
1123
1753
938
1112
1750
3488
4914
3623
2459
2623
4283
5545
4609
3019
3085
4259
4226
3364
2686
2839
2837
1663
1144
1973
2049
475
-970
-759
94
-434
-1391
-939
-584
-2405
-4690
-3826
-550
293
-3069
-6405
-5636
-2437
-1343
-3300
-4912
-4340
-3509
-4444
-5493
-4207
-1623
-1213
-3936
-5796
-4211
-924
-261
-2108
-2293
-979
-512
-1841
-1133
2093
3217
1135
-1223
304
3179
3922
3282
3126
3754
3093
2557
3828
5669
5771
3937
2581
3028
4504
4989
3926
2561
2397
2781
2288
1252
967
1210
715
-223
-999
-1087
-1521
-2038
-1844
-1687
-1998
-3551
-4041
-3209
-2635
-2638
-3105
-2819
-2879
-2970
-2721
-2224
-1441
-748
-155
-1243
-2130
-866
1144
2094
855
-594
-14
1324
1627
1371
1184
1433
1196
101
168
1409
1469
106
-889
-1082
-483
-496
-1083
-785
-1254
-2165
-2563
-2365
-1370
-1078
-1505
-1759
-1486
-1045
-721
-108
448
1447
1881
975
784
1925
4193
5119
3307
1781
2548
4959
5886
4303
2775
2893
3893
4011
3090
2322
2165
1871
1206
967
1398
1253
-154
-1162
-826
-624
-1418
-1602
-290
-114
-2804
-5151
-3521
332
859
-3082
-5938
-4290
-1290
-1047
-3365
-4247
-2507
-2181
-4298
-5479
-3536
-497
-982
-4730
-6209
-3287
-627
-1123
-2720
-2481
-672
-1034
-2133
-861
1685
2520
280
-1166
393
2684
3420
2855
2721
2867
2525
2510
3891
5470
5195
3314
2321
3450
4819
4536
3215
2623
2888
2695
1794
1352
1740
1692
540
-535
-534
-444
-1315
-2105
-1680
-1233
-2245
-3678
-3712
-2693
-2399
-2872
-2888
-2514
-2533
-2914
-2707
-1753
-937
-711
-854
-1287
-1272
-138
1298
1899
470
-645
397
1340
1661
1247
925
1051
311
-232
217
862
484
-613
-1219
-1357
-1168
-1456
-1411
-960
-1874
-2755
-2891
-2327
-1255
-1174
-1498
-1538
-1307
-817
-63
1073
1790
1859
1302
899
1699
3554
5290
4671
2664
1774
3349
5845
5710
3786
2279
2999
4151
3579
2814
2264
2294
1510
526
894
1562
1268
-648
-1649
-942
-629
-1294
-1419
-767
-1530
-3871
-4864
-2305
491
-918
-4913
-6472
-3869
-990
-1740
-4031
-4113
-2935
-3333
-4954
-4663
-1755
-206
-2424
-5244
-4793
-1527
170
-1251
-2463
-1539
-645
-1288
-1288
625
2826
2067
-674
-857
1536
3886
3688
2523
2653
2791
2785
3299
4602
5215
4173
2821
2952
4360
4768
3582
2613
2922
2914
2001
845
1028
1810
941
-223
-801
-650
-1148
-2116
-1841
-1278
-1384
-2978
-3586
-2458
-2132
-2493
-2945
-2282
-1840
-2775
-2757
-1662
-369
-540
-1769
-1678
-1106
-273
389
628
870
21
-324
283
1155
1851
924
264
181
195
477
648
624
-235
-720
-1224
-1128
-533
-563
-499
-1387
-2170
-2348
-1804
-945
-961
-1331
-1850
-1465
-790
-607
-220
720
1516
1206
666
1033
2649
4423
4647
2993
1365
2091
4501
5836
4706
2503
1810
3168
4122
3609
2803
2093
1557
1020
824
1675
2164
659
-1077
-1293
-731
-660
-1179
-610
-380
-2512
-4944
-4102
-93
865
-2856
-6138
-5060
-1593
-1078
-3213
-4238
-3105
-2551
-4295
-5354
-3296
-631
-1376
-4503
-5471
-2968
-651
-1256
-2575
-1962
-584
-990
-2218
-1191
1816
2571
427
-924
369
2785
3669
3220
2825
2978
2743
3104
4809
5443
4749
2956
2673
4274
4996
4115
2394
2443
2922
2437
1218
641
1191
749
-107
-759
-456
-704
-2105
-2330
-1431
-661
-1892
-3365
-2989
-2186
-1983
-2597
-2424
-1763
-2422
-3093
-2570
-1038
-113
-671
-1420
-1728
-939
186
1001
1351
162
-609
-46
828
1702
1566
916
210
-293
20
563
989
424
-621
-1154
-1475
-989
-435
-159
-875
-2528
-2913
-2464
-1433
-882
-1101
-1251
-1615
-1429
-890
339
1431
1769
1540
598
986
2464
4276
5147
3509
1844
1958
3805
5482
4969
3473
2233
2296
3174
3407
3076
2327
1769
1312
945
1212
1389
945
-70
-736
-884
-1029
-839
-394
-263
-1971
-4022
-3711
-1516
-213
-2431
-4910
-4659
-2351
-1464
-3613
-4383
-3092
-2131
-3512
-5326
-4004
-1447
-1117
-3527
-4835
-3384
-1738
-1748
-2223
-1368
-477
-981
-1822
-867
1268
2165
1083
-59
423
1823
2705
2659
2856
2806
2544
2558
3520
5026
4631
3487
2856
3784
4625
3740
2813
2512
3272
2902
1822
1250
1365
1343
60
-377
-169
-87
-1470
-2623
-1821
-1059
-1575
-3353
-3387
-2372
-2298
-3073
-3319
-2079
-1763
-2529
-3099
-2240
-670
-311
-677
-1234
-1350
-413
689
1129
907
28
-170
611
898
1149
1452
1009
304
-123
176
903
728
-22
-340
-720
-1254
-1245
-628
-246
-1057
-2379
-2719
-2206
-1555
-927
-884
-1269
-1689
-1980
-1050
537
1474
1808
1211
108
533
2508
4672
5332
3129
1401
2255
4572
6041
4966
3400
2600
3076
3417
3207
3271
2911
2189
886
781
1457
1580
1037
-261
-706
-1091
-1714
-1414
-308
-333
-2740
-5062
-3894
-500
-225
-3738
-6175
-4309
-1730
-2354
-4631
-4844
-2576
-2484
-4846
-5715
-3238
-124
-1317
-4579
-4751
-2147
-578
-1462
-1965
-537
467
-992
-2048
-16
2440
2539
307
-530
1363
2736
2970
2764
3034
3152
2316
2172
3486
5039
4792
3295
2634
3693
4607
3975
3082
2728
3051
2424
1379
1575
1571
926
-265
-801
-132
-597
-1975
-2690
-1964
-1033
-2049
-3522
-3437
-2571
-2709
-3267
-3009
-2129
-1773
-2491
-2476
-1817
-1233
-662
-583
-582
-1111
-971
673
1420
861
-237
-416
817
1341
1216
1205
996
561
198
431
844
675
132
-249
-725
-1074
-725
-204
-220
-1022
-2102
-2445
-2003
-1437
-832
-745
-1382
-1919
-1877
-915
258
606
478
522
464
673
1692
3279
4287
3137
1612
1702
3656
5432
5052
3933
2783
2947
3662
3941
3974
3111
2032
826
998
1801
1725
878
-391
-508
-737
-1644
-1789
-567
234
-1614
-4569
-4687
-1487
386
-1757
-5087
-5177
-2953
-1873
-2879
-4003
-3003
-2602
-4018
-5207
-4438
-1761
-913
-3062
-5065
-4355
-2069
-1061
-1485
-1587
-806
-1004
-1969
-1231
989
2779
1626
-434
-86
1657
3119
2994
2869
2991
2877
2793
3245
4709
4728
3881
3172
3444
4183
3678
3144
2997
3351
2846
1787
1234
1165
1662
916
-32
-380
-786
-1166
-2088
-1989
-1292
-1673
-2771
-3660
-3093
-2478
-2309
-2382
-2485
-2238
-2812
-2971
-2160
-831
-266
-1261
-1761
-1387
-118
929
950
684
25
256
930
1371
1719
1227
878
428
88
425
987
1267
70
-1195
-1701
-1254
-291
-596
-996
-1799
-2805
-2695
-2262
-1089
-558
-1131
-1636
-1931
-1391
-520
674
1420
1351
965
159
680
2455
4485
5077
2859
1172
1847
4368
6044
4663
2818
2338
3146
3216
2946
3252
2986
1938
156
527
2095
2121
685
-563
-347
-668
-1336
-1368
145
608
-2460
-4992
-3791
-230
398
-3102
-5785
-4600
-1936
-1916
-3981
-4465
-2799
-2484
-4688
-5863
-3727
-953
-1419
-4207
-5081
-3163
-1473
-1943
-2595
-1414
-72
-1101
-2563
-956
1932
2636
343
-1058
718
2605
2838
2182
3005
3578
2593
2064
3222
5539
5268
3422
2940
4299
5453
4081
2538
2717
3582
3079
1661
961
1609
1656
168
-353
-257
-387
-1439
-2503
-1863
-1013
-1676
-3475
-3895
-3164
-2840
-2793
-2829
-2504
-2393
-3039
-3150
-1964
-832
-549
-986
-1846
-1778
-372
1124
1616
651
-521
-96
1019
1407
1526
1441
996
407
-279
261
1360
1015
-157
-1038
-1074
-772
-629
-571
-366
-1178
-2509
-2459
-1945
-773
-564
-1398
-1484
-1660
-1200
-421
442
1198
1364
898
71
784
2583
4538
4705
2086
769
2038
4487
5536
3768
2357
2512
3124
2856
2707
3262
3107
1983
111
509
2171
2065
831
-543
-675
-556
-1113
-967
339
108
-2590
-4536
-3110
115
145
-3325
-5385
-3635
-1474
-2014
-4072
-4166
-2099
-2669
-5083
-5476
-3312
-750
-1878
-4952
-4998
-2538
-1317
-2215
-2810
-1653
-424
-1575
-2612
-611
1623
1687
-222
-606
1591
2653
2376
2400
3570
3912
2892
2614
4150
6073
4822
3005
3286
4847
5679
3788
1918
2503
3867
3238
1598
704
962
1022
-40
-296
-144
-652
-2226
-2904
-1593
-1029
-2110
-3535
-3426
-2671
-2897
-3187
-2591
-1724
-1957
-2949
-3124
-1838
-323
-10
-802
-1706
-1549
-30
1605
1632
176
-694
89
1102
1146
965
1108
991
128
-534
246
1230
730
-492
-1330
-1414
-957
-739
-694
-685
-1554
-2676
-2505
-1448
-580
-516
-1051
-1432
-1277
-764
73
1033
1556
1796
1005
425
1459
3000
4603
4246
2070
978
2268
4551
4848
3301
2082
2493
3190
2719
2302
2700
2865
1656
298
656
2073
2183
479
-871
-689
-321
-721
-649
372
133
-2447
-4200
-2278
644
99
-3456
-5270
-3473
-1599
-2409
-4002
-3755
-2535
-3208
-5402
-5410
-2798
-1327
-2861
-5009
-4708
-2609
-1854
-2893
-2961
-1242
-411
-1807
-2691
-655
1968
1883
-241
-587
1443
2762
2570
2671
3880
4085
3010
2489
4041
6002
5172
3622
3365
4616
4965
3364
2715
3188
3788
2674
1141
1045
1269
1038
33
-293
-279
-1092
-2292
-2583
-1579
-1116
-2041
-3162
-3220
-2803
-2784
-2840
-2280
-1852
-2335
-2870
-2614
-1603
-778
-564
-1059
-1561
-1391
-354
1285
1470
418
-253
-124
787
1008
1220
1427
722
337
-299
388
1306
719
-52
-1062
-780
-836
-712
-491
-907
-1055
-2524
-2615
-2138
-1499
-604
-1271
-1645
-1626
-946
-238
223
793
1275
1401
752
987
2416
3937
4187
2672
1427
2460
4569
5162
3968
2598
2763
3569
3288
2794
2867
2677
1830
765
760
1979
2035
454
-498
-185
-21
-818
-1119
98
306
-2090
-4188
-3193
-527
-65
-2857
-5119
-4018
-1940
-2057
-3749
-4207
-2815
-2356
-4159
-5431
-4030
-1630
-1418
-3806
-5180
-3588
-1775
-1945
-2713
-1946
-517
-982
-2348
-1545
1027
2239
853
-520
562
2285
2437
2194
2924
3583
3082
2623
3549
4818
4845
3929
3646
4454
4879
3966
2856
2994
3987
3795
1929
588
952
1567
1157
56
-705
-919
-1531
-2302
-1856
-980
-1516
-2963
-3662
-3181
-2461
-2366
-2390
-2279
-2548
-3082
-3062
-1871
-396
-231
-1353
-2058
-1475
-92
1131
988
136
-142
73
831
1193
1191
1525
1048
176
-234
380
1427
1178
-93
-983
-780
-629
-624
-767
-1020
-1127
-2174
-2666
-1970
-1092
-716
-1578
-2345
-1965
-1189
-507
240
504
451
764
1135
1714
2370
3137
3851
3268
2143
2298
4085
5352
4265
2508
2123
3217
3643
2979
2811
2892
2232
690
612
2219
2462
663
-1116
-662
497
-158
-1227
-710
325
-889
-3691
-3736
-723
925
-1244
-4575
-4815
-2528
-1496
-2952
-4339
-3657
-2888
-3761
-5204
-4780
-2157
-1069
-3094
-5287
-4572
-1783
-885
-1976
-2313
-1166
-650
-1826
-1802
222
2107
1350
-401
127
1756
2858
2718
2907
3552
3078
2566
3019
4619
5412
4275
2993
3084
4176
4166
2939
2247
2900
3432
2221
835
584
1207
1232
111
-408
-750
-1471
-2354
-2299
-1117
-1307
-2648
-3597
-3241
-2310
-2317
-2422
-2007
-1970
-2591
-2975
-2378
-898
48
-216
-1203
-1926
-1081
910
1974
946
-333
-379
732
1299
820
1306
1449
551
-381
-501
931
1531
219
-1045
-1121
-830
-906
-882
-595
-522
-1810
-3073
-2380
-1278
-657
-1112
-1777
-1592
-1209
-434
98
679
830
901
1128
850
1673
3004
4096
3563
1931
1849
3126
4679
4619
3293
2497
2793
3397
3398
3153
2636
1958
1345
1095
1646
2246
1408
-192
-580
-191
-420
-1101
-1001
-188
-632
-2704
-3796
-2243
-84
-524
-3335
-4948
-3722
-1818
-1787
-3338
-3948
-3156
-3116
-4350
-4962
-3548
-1522
-1847
-4312
-5289
-3436
-1438
-1572
-2485
-1989
-952
-1330
-2159
-950
1579
2237
500
-634
590
2440
3200
3067
3031
3074
2993
3130
3981
5032
4876
4012
3402
4055
4464
3501
2813
2995
3878
2873
903
298
1104
1996
971
-194
-1021
-1323
-1584
-1584
-805
-995
-1903
-3363
-3637
-2957
-2474
-2101
-2312
-2550
-3381
-3701
-2699
-1225
-349
-919
-1943
-2132
-1155
568
1608
766
-30
1
573
1359
1367
1663
1627
879
286
190
1021
1343
656
-369
-1072
-1123
-1177
-837
-603
-939
-1860
-3101
-2758
-1816
-1311
-1238
-1810
-1880
-1679
-1215
-298
548
940
1049
1015
954
1498
2563
3850
3891
2610
1943
2763
4487
4934
3634
2325
2367
3386
3707
3017
2276
1965
1561
1114
1514
2104
1696
276
-492
119
287
-333
-611
-69
-201
-2178
-3571
-2406
-248
-400
-3189
-5138
-4205
-2246
-2041
-3449
-4277
-3724
-3243
-4022
-4836
-3855
-1803
-1581
-3824
-5289
-3685
-1120
-776
-1992
-2061
-956
-954
-2050
-1366
1201
2502
772
-1203
-153
2272
3388
2938
2754
3015
2713
2653
3463
4797
4999
3694
2817
3743
4740
4054
2724
2466
3747
3780
1944
515
713
1585
1066
-73
-739
-983
-1718
-2270
-1585
-1052
-1538
-3212
-4014
-3111
-2335
-2147
-2352
-2582
-2818
-3080
-2764
-1627
-260
105
-1014
-2083
-1699
64
1763
1470
114
-424
14
972
1252
1211
1585
1151
214
-272
351
1373
1234
135
-908
-910
-1058
-932
-545
-734
-1054
-2464
-2921
-2107
-1230
-780
-1333
-1667
-1717
-1281
-609
306
919
920
841
385
875
2154
3354
3799
2792
1871
2222
3774
4829
4114
2850
2347
3045
3532
3042
2427
2098
2060
1472
1188
1672
1807
1045
-1
-162
-179
-475
-718
-204
125
-1523
-3400
-3164
-1092
20
-1549
-4165
-4590
-3000
-2045
-2513
-3657
-3623
-3200
-3826
-4692
-4116
-2154
-1315
-2714
-4761
-4122
-1635
-634
-1494
-2271
-1406
-866
-1549
-1657
247
2170
1431
-368
-435
1772
3395
3055
2489
2478
2829
2761
2919
3884
4276
3727
2953
3326
4279
3903
2906
2817
3892
3982
2068
416
644
1808
1591
116
-882
-1230
-1598
-1767
-1379
-1137
-1546
-2474
-3181
-3027
-2433
-2018
-1892
-2132
-2710
-3198
-3047
-1791
-162
67
-1252
-2308
-1601
461
1682
1073
53
-183
241
802
1045
1279
1731
1376
186
-486
189
1296
1333
224
-740
-931
-1223
-978
-439
-509
-1026
-2405
-2951
-2192
-1192
-580
-1224
-1826
-1845
-1541
-816
-40
716
700
290
157
740
2143
2974
3494
3041
1876
2309
3759
4988
4575
2895
2405
3213
3778
3434
2631
2178
2341
1902
1109
1384
1815
1096
-163
-655
-223
-232
-936
-576
-35
-1312
-3236
-3300
-1142
367
-1111
-3905
-4333
-2764
-1606
-2045
-3796
-3891
-3226
-3879
-4447
-4273
-2845
-1774
-2974
-4563
-4293
-2267
-1046
-1470
-2425
-1921
-632
-1419
-1509
20
1579
1495
-498
-423
1602
3256
3261
2857
2886
2942
3342
3637
4917
5155
3756
3046
3461
4804
4591
2869
2100
2890
3728
2658
805
-54
857
1439
187
-597
-1207
-1638
-2045
-2269
-1292
-1481
-2595
-3347
-3284
-2686
-2448
-2170
-2170
-2119
-2670
-3361
-2499
-915
533
129
-1778
-2200
-545
1918
2493
870
-274
15
1063
1369
1450
1853
1440
522
-539
-334
1079
1567
829
-799
-1509
-1152
-1101
-875
-653
-886
-1980
-3174
-2899
-1613
-724
-871
-1432
-1995
-1987
-1263
-434
916
1364
689
152
157
1740
3296
3765
3180
2015
1918
3204
4893
5035
3531
1975
2348
3500
3479
2753
2083
2054
1477
1065
1312
1788
1586
32
-466
-258
-217
-255
-231
40
-993
-2927
-3422
-1663
82
-590
-3251
-4753
-3519
-1987
-2025
-3181
-3771
-3385
-3630
-4547
-4550
-3239
-1892
-2382
-4404
-5023
-3217
-1154
-943
-2013
-1997
-951
-990
-1441
-123
1961
2204
616
-203
1323
3374
3679
2892
2558
2632
2711
3071
3838
4329
3749
2756
2677
3620
4122
3192
2042
2273
3267
2785
1148
332
818
1339
573
-474
-954
-1075
-1420
-1828
-1404
-1240
-2012
-2956
-3228
-2633
-2148
-2206
-2105
-1910
-2441
-3002
-2492
-1039
167
-166
-1548
-2040
-971
805
1836
937
-250
-263
395
1166
1191
1025
1073
641
-43
-392
224
1091
813
-362
-1045
-794
-925
-1015
-585
-420
-1031
-2582
-2841
-1733
-700
-468
-1102
-1654
-1890
-999
-51
667
823
322
452
426
1097
2081
2763
3086
2349
1780
2118
3468
4448
3870
2490
1854
2701
3513
3500
2848
1989
1700
1510
1602
2171
1913
850
9
-134
103
23
-288
-93
-74
-1452
-3051
-2965
-1132
76
-1421
-4006
-4718
-3310
-1783
-2040
-3520
-3934
-3504
-3488
-4223
-4430
-2877
-1698
-2670
-4522
-4459
-2425
-901
-1175
-2181
-1790
-1135
-1281
-1067
86
1620
1442
-89
-112
1606
2949
3059
2767
2652
2903
3027
3266
4340
4760
4076
3065
2690
3851
4580
3521
2217
2107
2654
2544
1306
548
1039
806
-21
-530
-698
-913
-1783
-2241
-1496
-1066
-2214
-3226
-2967
-2156
-1845
-2323
-2425
-2124
-2211
-2658
-2399
-1390
-412
-105
-1122
-1750
-909
437
1427
1026
9
-2
469
758
1026
1232
1525
1088
-285
-583
605
1590
1216
-249
-1149
-904
-821
-939
-598
-629
-1369
-2139
-2357
-1703
-1051
-1034
-1111
-1491
-1773
-1075
-180
414
580
271
498
1027
1223
1673
2228
2721
3061
2680
2347
2849
3656
4029
3382
2443
2538
3159
3388
3207
2588
1914
1613
1513
1752
1956
1335
457
-151
-376
-95
-156
-673
-727
-1015
-2092
-2703
-2288
-1117
-844
-2767
-4857
-4524
-2672
-1942
-2970
-4644
-4312
-3317
-3799
-4185
-3765
-2285
-2289
-4134
-4860
-3167
-871
-972
-2159
-2651
-1482
-515
-841
-110
1029
1584
842
-180
700
2557
3377
3037
2570
2426
2901
3425
3863
4451
4208
3212
2686
3151
4191
4213
2802
2091
2462
2536
1937
907
610
1015
615
-153
-457
-770
-1304
-1808
-1514
-711
-1336
-2981
-3355
-2401
-1678
-2035
-2745
-2485
-1865
-2273
-2707
-2006
-718
-111
-1051
-2107
-1425
206
901
668
211
101
531
612
803
1199
1202
1200
575
-127
330
1157
1306
499
-446
-808
-541
-340
-315
-163
-1033
-2005
-2141
-1766
-1051
-1228
-1736
-1945
-1944
-1474
-881
-395
-402
-667
-640
290
1563
1548
1098
1379
2534
3473
2779
2078
2703
3996
4078
2859
2284
2911
4013
3743
2627
2037
2279
2621
2072
1742
1777
1611
652
-267
16
468
203
-706
-968
-714
-1260
-2330
-2573
-1350
-679
-2426
-4644
-4542
-2701
-1877
-3236
-4577
-4023
-3375
-4037
-4627
-3811
-2271
-2309
-3966
-4587
-3184
-1482
-1345
-2230
-2235
-1041
-592
-920
-286
1012
1954
1298
294
1151
2831
3537
3057
2637
3006
3453
3002
2955
4052
4621
3849
2404
2429
3798
4206
3208
2210
2270
2368
1732
922
825
1155
658
-389
-988
-956
-1131
-1731
-1750
-1437
-1733
-2614
-2945
-2453
-2224
-2307
-2641
-2712
-2219
-2203
-2155
-1578
-977
-627
-757
-981
-923
-361
307
729
695
147
327
700
781
1035
1203
1491
856
-144
138
970
1265
412
-591
-810
-529
-283
-583
-772
-1039
-1574
-1747
-1738
-1173
-935
-1640
-1938
-1671
-1049
-658
-659
-678
-833
-357
575
1385
1417
851
1252
2191
2790
2681
2503
2848
3218
3537
3329
2897
2914
3448
3781
3072
2244
2286
2521
2360
2020
1584
1368
1026
458
304
199
-34
-363
-670
-900
-1479
-2188
-2585
-1898
-1126
-2108
-3642
-4355
-3465
-2346
-3006
-4061
-4496
-4088
-3720
-4201
-4132
-3177
-2510
-3134
-4165
-3868
-2194
-930
-1282
-1860
-1630
-867
-228
-112
721
1812
1550
877
925
2055
3377
3533
3151
3040
3124
2963
3281
4331
4857
4293
2734
2347
3625
4446
3877
2296
1653
2026
2012
1282
678
846
461
-610
-1263
-1056
-805
-1573
-2170
-1921
-1638
-2045
-2978
-2978
-2351
-2231
-2598
-2834
-2234
-1629
-1813
-2214
-1966
-1014
-133
-241
-1038
-1008
-97
866
1085
460
137
543
769
799
965
1184
1411
640
12
337
798
1093
345
-392
-570
-489
-531
-772
-680
-932
-1180
-1519
-1767
-1589
-1487
-1198
-1293
-1643
-1502
-898
-364
-322
-151
216
956
1658
1407
1217
1613
2535
3238
2868
2253
2270
3044
3493
3196
2590
2584
3171
2895
2462
2560
2634
2394
1831
1608
1743
1341
440
99
404
292
-807
-1636
-1085
-603
-1739
-3300
-3049
-1464
-1383
-3489
-5114
-4256
-2467
-2486
-4193
-5060
-4145
-3196
-3713
-4514
-3781
-2381
-2421
-3830
-4176
-2218
-423
-935
-2038
-1626
-150
555
-6
173
1644
2315
1495
717
1650
3396
3557
2498
2349
3013
3359
3220
3397
4417
4359
2928
2186
3161
4513
4057
2453
1426
1957
2223
1486
1029
710
679
-194
-966
-687
-634
-1314
-2241
-2101
-1721
-1951
-2878
-3346
-2613
-2293
-2419
-2461
-2078
-1587
-1698
-1833
-1595
-968
-319
-286
-776
-1064
-397
560
822
603
174
219
773
881
871
1226
1260
799
-144
-432
569
824
141
-648
-818
-592
-765
-787
-537
-344
-1086
-1580
-1452
-1176
-801
-1257
-1462
-1386
-1029
-761
-795
-567
-249
413
584
852
1163
1150
1483
1921
2483
2707
2487
2299
2973
3721
3615
3358
2897
3117
3561
3064
2662
2486
2432
2015
1329
1296
1415
1269
331
-278
-3
-191
-539
-917
-873
-804
-1716
-2687
-2647
-1631
-1670
-3196
-4519
-4358
-2753
-2691
-3959
-4304
-4122
-3484
-3793
-4337
-3133
-2192
-2586
-3717
-3945
-2373
-964
-1022
-1575
-884
-210
86
425
740
2221
2368
1316
1219
1791
2964
3243
2741
2867
3301
2897
2503
3202
4249
4600
3157
1769
2443
3669
3773
2588
1397
1342
1417
965
871
1024
732
-43
-853
-754
-365
-1053
-2024
-2107
-1618
-1830
-2713
-3189
-2683
-1867
-2120
-2516
-2356
-1853
-1293
-1491
-1718
-1409
-696
-286
-570
-887
-803
213
1021
596
139
150
519
846
683
817
1144
672
-63
-38
575
921
570
-56
-96
58
-60
71
106
-49
-495
-1088
-999
-799
-898
-1240
-1583
-1553
-1360
-1151
-923
-536
-432
-653
-346
554
1280
1119
618
830
1747
2637
2796
2230
2007
2743
3330
3196
3032
3074
3247
2927
2416
2465
2504
2166
1473
1116
1166
1012
666
257
157
23
-460
-882
-887
-721
-1128
-2089
-2670
-2183
-1556
-2180
-3614
-3987
-2903
-2199
-2965
-4076
-4124
-3282
-2823
-3425
-3846
-3201
-2595
-2765
-3051
-2582
-1635
-939
-1028
-1128
-404
226
430
312
648
1583
1834
1471
1208
1685
2617
2950
2705
2595
2836
2852
2726
3060
3835
4055
2914
1964
2227
3050
3448
2552
1590
1267
1078
1220
1365
1114
274
-746
-1177
-818
-410
-1126
-2124
-2331
-1952
-1662
-2252
-2638
-2261
-2009
-2215
-2691
-2496
-1784
-1476
-1726
-2075
-1808
-967
-245
-183
-540
-616
-84
624
929
803
571
515
581
734
1068
1329
1081
473
136
335
780
994
681
63
-289
-246
-203
-268
-264
-348
-766
-1274
-1456
-1271
-1016
-942
-1028
-1200
-1328
-1220
-685
-32
83
-312
-442
228
1163
1596
1355
1320
1848
2210
2061
1867
2376
2940
3043
2163
1549
2506
2981
2763
2166
1922
2233
2032
1622
1407
1661
1370
784
195
-146
-9
-337
-590
-824
-1076
-1781
-2502
-2216
-1546
-1636
-2771
-3658
-3656
-2785
-2553
-2909
-3436
-3714
-3246
-3487
-3248
-2901
-2623
-2465
-3034
-2833
-2113
-1001
-597
-825
-934
-728
90
251
634
1216
1291
1297
1135
1662
2524
2823
2807
2521
2413
2691
3015
3342
3587
3349
2636
2376
2734
3220
3158
2235
1493
1613
1740
1266
658
262
316
36
-707
-1046
-1081
-1127
-1434
-1396
-1380
-1801
-2294
-2350
-1579
-1435
-2021
-2526
-2414
-1718
-1676
-2028
-1914
-1310
-787
-829
-1301
-1233
-348
227
264
-16
-264
43
500
665
665
595
577
551
459
706
1161
1101
580
267
407
570
417
225
102
-129
-510
-758
-707
-509
-488
-939
-1295
-1369
-1203
-950
-808
-470
-588
-975
-859
-142
813
1046
841
806
1059
1611
2219
2683
2646
2220
1943
2306
2937
2962
2527
1841
1705
2138
2074
1901
1685
1443
1207
930
900
954
799
297
11
-203
-579
-762
-692
-755
-1275
-1849
-2258
-1958
-1623
-2155
-2778
-3220
-3113
-2875
-3117
-3191
-3125
-3002
-3220
-3509
-3046
-2276
-1810
-2142
-2294
-1949
-1456
-915
-1007
-697
-86
3
-208
-45
946
1738
1761
1313
1345
1924
2376
2596
2744
2924
2842
2483
2271
2695
3053
2990
2435
1909
2092
2130
2068
1706
1416
1275
746
403
444
566
-15
-530
-764
-709
-680
-1431
-1573
-1348
-1225
-1478
-2127
-2161
-1865
-1736
-1786
-1753
-1803
-1833
-1709
-1423
-891
-753
-840
-644
-434
-327
-112
144
309
296
152
336
727
807
732
651
466
449
590
623
666
542
105
-63
105
184
77
-293
-596
-547
-529
-701
-804
-902
-856
-694
-819
-855
-679
-355
-262
-460
-345
-68
392
724
922
966
817
1209
1800
2218
2117
1591
1734
2388
2612
2334
2017
1935
2116
2074
1731
1590
1629
1534
1230
944
834
671
360
325
311
-76
-528
-800
-693
-669
-1307
-2043
-2088
-1890
-1963
-2390
-3052
-2881
-2385
-2455
-2763
-3038
-2800
-2414
-2393
-2635
-2566
-2089
-1773
-1923
-2327
-1914
-1097
-939
-1026
-918
-476
123
205
173
796
1292
1313
1158
1343
2018
2368
2306
2262
2530
2664
2528
2506
2655
2843
2604
2331
2198
2041
1919
1728
1669
1532
1136
640
343
413
352
-101
-675
-948
-962
-1068
-1290
-1623
-1791
-1809
-1796
-1810
-1990
-1909
-1654
-1392
-1397
-1642
-1546
-1249
-875
-808
-912
-890
-800
-494
-158
81
101
28
-24
127
463
748
859
781
762
590
548
826
1017
974
707
560
499
489
549
525
371
118
-152
-293
-242
-282
-485
-854
-1063
-1046
-964
-856
-878
-750
-690
-658
-553
-308
145
358
464
394
514
940
1183
1265
1218
1275
1464
1750
1816
1745
1858
1723
1689
1758
1653
1671
1426
1111
970
888
815
535
465
497
271
-186
-521
-323
-130
-486
-1245
-1674
-1445
-1165
-1329
-1822
-2153
-2192
-2132
-2116
-2088
-2045
-2126
-2335
-2495
-2399
-2101
-1858
-1864
-2009
-2015
-1776
-1469
-1294
-1128
-825
-470
-291
-191
88
545
859
914
1061
1370
1714
1781
1843
2164
2400
2443
2208
2234
2506
2701
2636
2255
2093
2100
2171
1946
1543
1185
847
688
443
301
-50
-538
-795
-976
-928
-969
-1334
-1692
-1772
-1811
-1870
-1874
-1923
-1758
-1604
-1767
-1779
-1477
-1127
-870
-899
-1083
-857
-430
-190
23
25
34
203
280
483
761
906
823
777
910
1053
1184
1054
887
899
894
878
762
587
486
366
95
-127
-77
-51
-120
-366
-682
-826
-956
-836
-688
-788
-952
-1203
-1178
-792
-471
-444
-523
-412
10
498
663
824
1103
1270
1392
1361
1401
1641
1734
1663
1456
1350
1440
1528
1595
1524
1445
1235
939
954
930
907
795
455
315
180
61
0
-148
-348
-672
-914
-1110
-1134
-1071
-1286
-1513
-1926
-2231
-2246
-2335
-2254
-2321
-2512
-2591
-2620
-2471
-2144
-1767
-1698
-1842
-1850
-1549
-1113
-894
-817
-688
-377
-43
180
484
964
1355
1417
1404
1657
2061
2299
2258
2160
2209
2328
2306
2218
2152
1984
1758
1495
1407
1345
1160
1028
790
604
308
-85
-267
-408
-504
-627
-842
-1087
-1165
-1113
-1110
-1151
-1269
-1359
-1316
-1219
-1250
-1272
-1315
-1275
-1140
-1115
-955
-840
-700
-512
-441
-252
5
250
479
687
724
777
849
877
1017
1073
1070
963
875
882
998
1107
872
680
639
564
490
308
154
80
-76
-357
-580
-660
-736
-802
-931
-970
-975
-1151
-1207
-1175
-970
-781
-822
-834
-785
-626
-400
-134
30
85
179
512
989
1210
1256
1152
1228
1487
1560
1548
1499
1544
1538
1356
1167
1077
1185
1253
1110
870
701
619
516
525
453
286
76
-194
-275
-335
-376
-654
-1004
-1056
-1088
-1152
-1437
-1598
-1611
-1744
-1939
-2132
-2054
-2003
-2116
-2210
-2155
-1972
-1873
-1798
-1627
-1309
-962
-735
-577
-285
92
339
462
582
808
1039
1170
1318
1477
1527
1556
1647
1700
1737
1788
1698
1457
1347
1339
1140
867
736
669
486
237
77
86
68
-93
-237
-374
-405
-444
-626
-828
-883
-752
-819
-927
-941
-926
-813
-801
-727
-650
-616
-511
-476
-445
-289
-160
-173
-122
43
192
207
226
322
376
415
498
591
553
585
626
588
498
469
713
839
828
639
497
561
521
516
310
85
-53
-229
-282
-349
-380
-517
-669
-749
-905
-966
-969
-903
-887
-946
-841
-697
-489
-285
-246
-224
-220
137
730
886
726
632
900
1247
1344
1206
979
1072
1146
1138
995
806
873
765
636
509
482
524
256
-51
-84
72
40
-87
-179
-186
-343
-635
-641
-415
-210
-460
-809
-920
-724
-445
-599
-860
-1157
-1234
-1155
-1250
-1198
-1132
-1088
-1122
-1270
-1090
-749
-561
-581
-715
-654
-360
19
213
235
317
399
421
549
764
878
915
855
797
795
895
1032
1015
880
603
484
503
461
435
205
4
-94
-132
-31
-166
-310
-371
-502
-501
-456
-340
-273
-324
-400
-491
-440
-362
-255
-206
-297
-351
-363
-321
-185
-79
-84
-47
-2
-42
-7
153
269
227
155
174
275
327
394
502
516
486
592
825
918
926
803
716
776
806
838
576
305
179
154
99
-164
-280
-370
-257
-128
-269
-452
-664
-660
-560
-560
-664
-782
-812
-713
-621
-730
-725
-489
-216
-106
-239
-367
-243
-9
199
262
20
-107
64
333
409
338
445
600
772
773
762
886
883
880
826
791
774
663
620
588
461
344
340
395
419
232
-113
-240
-143
-112
-266
-505
-659
-691
-702
-710
-791
-957
-972
-890
-935
-978
-885
-741
-717
-806
-800
-682
-521
-370
-276
-286
-368
-413
-248
21
139
228
133
-24
3
240
456
306
224
203
243
314
310
388
298
231
198
213
244
188
199
64
2
76
105
124
57
-1
-120
-180
-66
-88
-228
-359
-363
-301
-187
-61
-119
-183
-197
-63
29
-73
-28
138
189
150
284
385
420
509
474
405
390
614
836
658
419
429
486
500
582
640
515
248
171
253
289
287
203
95
11
82
143
-19
-156
-171
-191
-334
-405
-351
-386
-498
-589
-675
-653
-482
-418
-541
-721
-711
-495
-346
-348
-448
-505
-553
-400
-175
-208
-215
-83
40
86
178
313
420
434
449
527
483
490
525
554
550
514
564
548
538
550
595
570
557
646
626
551
344
251
320
281
147
-85
-179
-69
-34
-226
-474
-552
-543
-583
-687
-708
-702
-827
-813
-780
-819
-746
-685
-614
-609
-661
-614
-520
-470
-404
-442
-508
-417
-337
-186
-156
-144
-74
65
298
217
250
204
110
242
217
239
153
95
104
12
133
323
297
253
331
247
198
298
259
158
102
38
27
63
54
55
-19
-68
-22
-10
-43
-25
62
68
31
-34
100
276
168
269
276
139
227
149
260
342
340
543
354
291
414
659
859
608
489
374
489
694
720
566
133
168
287
283
289
42
-111
-191
-133
-100
-397
-501
-509
-586
-571
-767
-687
-536
-570
-527
-861
-961
-740
-466
-484
-920
-865
-625
0
0
0
0
0
0
0
0
0
0
0
0
0
0
0
0
0
0
0
0
0
0
0
0
0
0
0
0
0
0
0
0
0
0
0
0
0
0
0
0
0
0
0
0
0
0
0
0
0
0
0
0
0
0
0
0
0
0
0
0
0
0
0
0
0
0
0
0
0
0
0
0
0
0
0
0
0
0
0
0
0
0
0
0
0
0
0
0
0
0
0
0
0
0
0
0
0
0
0
0
0
0
0
0
0
0
0
0
0
0
0
0
0
0
0
0
0
0
0
0
0
0
0
0
0
0
0
0
0
0
0
0
0
0
0
0
0
0
0
0
0
0
0
0
0
0
0
0
0
0
0
0
0
0
0
0
0
0
0
0
0
0
0
0
0
0
0
0
0
0
0
0
0
0
0
0
0
0
0
0
0
0
0
0
0
0
0
0
0
0
0
0
0
0
0
0
0
0
0
0
0
0
0
0
0
0
0
0
0
0
0
0
0
0
0
0
0
0
0
0
0
0
0
0
0
0
0
0
0
0
0
0
0
0
0
0
0
0
0
0
0
0
0
0
0
0
0
0
0
0
0
0
0
0
0
0
0
0
0
0
0
0
0
0
0
0
0
0
0
0
0
0
0
0
0
0
0
0
0
0
0
0
0
0
0
0
0
0
0
0
0
0
0
0
0
0
0
0
0
0
0
0
0
0
0
0
0
0
0
0
0
0
0
0
0
0
0
0
0
0
0
0
0
0
0
0
0
0
0
0
0
0
0
0
0
0
0
0
0
0
0
0
0
0
0
0
0
0
0
0
0
0
0
0
0
0
0
0
0
0
0
0
0
0
0
0
0
0
0
0
0
0
0
0
0
0
0
0
0
0
0
0
0
0
0
0
0
0
0
0
0
0
0
0
0
0
0
0
0
0
