0
0
0
0
0
0
0
0
0
0
0
0
0
0
0
0
0
0
0
0
0
0
0
0
0
0
0
0
0
0
0
0
0
0
0
0
0
0
0
0
0
0
0
0
0
0
0
0
0
0
0
0
0
0
0
0
0
0
0
0
0
0
0
0
0
0
0
0
0
0
0
0
0
0
0
0
0
0
0
0
0
0
0
0
0
0
0
0
0
0
0
0
0
0
0
0
0
0
0
0
0
0
0
0
0
0
0
0
0
0
0
0
0
0
0
0
0
0
0
0
0
0
0
0
0
0
0
0
0
0
0
0
0
0
0
0
0
0
0
0
0
0
0
0
0
0
0
0
0
0
0
0
0
0
0
0
0
0
0
0
0
0
0
0
0
0
0
0
0
0
0
0
0
0
0
0
0
0
0
0
0
0
0
0
0
0
0
0
0
0
0
0
0
0
0
0
0
0
0
0
0
0
0
0
0
0
0
0
0
0
0
0
0
0
0
0
0
0
0
0
0
0
0
0
0
0
0
0
0
0
0
0
0
0
0
0
0
0
0
0
0
0
0
0
0
0
0
0
0
0
0
0
0
0
0
0
0
0
0
0
0
0
0
0
0
0
0
0
0
0
0
0
0
0
0
0
0
0
0
0
0
0
0
0
0
0
0
0
0
0
0
0
0
0
0
0
0
0
0
0
0
0
0
0
0
0
0
0
0
0
0
0
0
0
0
0
0
0
0
0
0
0
0
0
0
0
0
0
0
0
0
0
0
0
0
0
0
0
0
0
0
0
0
0
0
0
0
0
0
0
0
0
0
0
0
0
0
0
0
0
0
0
0
0
0
0
0
0
0
0
0
0
0
0
0
0
0
0
0
0
0
0
0
0
0
0
0
0
0
0
0
0
0
0
0
0
0
0
0
0
2775
2894
2896
2829
2756
2556
2293
2090
1792
1339
861
358
-183
-658
-1097
-1502
-1830
-2118
-2319
-2452
-2575
-2677
-2703
-2659
-2567
-2421
-2296
-2056
-1802
-1639
-1370
-1075
-753
-416
-126
166
350
504
633
704
811
848
802
655
482
332
135
-5
-107
-186
-229
-274
-287
-257
-162
-48
43
87
80
76
108
133
125
179
301
405
469
568
722
841
902
937
938
904
843
747
636
546
479
397
313
300
282
145
28
-60
-110
-160
-335
-444
-516
-643
-797
-971
-1045
-1068
-1102
-1157
-1170
-1076
-1020
-946
-811
-647
-500
-427
-306
-228
-143
-43
-76
-106
-122
-133
-106
-55
-17
60
118
105
130
137
207
249
233
236
111
-25
-81
-116
-188
-245
-316
-476
-632
-724
-750
-800
-854
-826
-749
-676
-566
-380
-137
123
400
739
1064
1489
1965
2360
2757
3054
3335
3592
3746
3842
3823
3697
3462
3188
2854
2444
2011
1524
1026
593
239
-154
-631
-1068
-1396
-1698
-2041
-2344
-2547
-2695
-2842
-2954
-2986
-2942
-2865
-2783
-2677
-2522
-2334
-2156
-1989
-1806
-1590
-1349
-1107
-867
-609
-340
-95
83
222
368
496
593
653
702
757
767
772
793
761
759
831
830
768
699
623
565
493
419
383
343
235
77
-101
-244
-354
-444
-479
-515
-520
-537
-534
-483
-420
-306
-279
-243
-182
-118
-50
-62
8
66
65
40
35
156
249
317
350
360
393
283
179
134
-32
-167
-232
-275
-322
-426
-454
-514
-594
-554
-474
-353
-265
-173
-108
-118
-99
-82
-50
4
78
119
123
103
116
190
221
311
444
542
589
572
610
612
583
579
518
505
530
593
752
974
1330
1673
2029
2561
2979
3263
3460
3481
3445
3232
2901
2603
2210
1757
1269
809
376
-146
-688
-1259
-1803
-2282
-2748
-3151
-3515
-3807
-4024
-4179
-4195
-4062
-3852
-3626
-3347
-2960
-2483
-1970
-1421
-872
-349
99
391
607
802
902
845
773
681
601
628
598
624
698
719
750
738
735
776
849
857
768
703
697
705
694
706
674
607
582
491
342
246
173
69
-74
-225
-294
-333
-453
-601
-674
-681
-753
-860
-887
-799
-697
-675
-686
-582
-400
-286
-213
-152
-28
43
1
30
32
0
-79
-235
-389
-508
-553
-591
-528
-396
-338
-243
-58
140
280
343
330
325
370
355
415
498
491
518
516
604
750
752
734
681
526
276
-88
-468
-890
-1354
-1670
-1910
-2074
-2061
-1956
-1647
-1188
-679
-122
508
1222
1895
2517
3058
3586
4083
4488
4830
5127
5326
5362
5330
5061
4612
4119
3479
2785
2018
1257
493
-362
-1196
-1952
-2587
-3105
-3606
-3990
-4187
-4380
-4494
-4477
-4373
-4170
-3948
-3659
-3372
-3075
-2765
-2509
-2233
-1951
-1643
-1368
-1150
-891
-645
-321
-22
190
475
767
1051
1240
1367
1458
1439
1398
1302
1192
1150
1164
1065
900
778
693
672
610
599
602
625
678
609
497
386
277
58
-280
-585
-742
-865
-1070
-1206
-1256
-1239
-1250
-1212
-1069
-937
-776
-717
-635
-418
-280
-147
-29
100
252
279
251
223
253
246
104
-36
-98
-134
-242
-338
-354
-315
-320
-368
-379
-383
-384
-485
-547
-505
-509
-478
-423
-354
-333
-337
-284
-314
-381
-422
-464
-510
-613
-669
-704
-641
-507
-405
-182
65
304
576
862
1240
1690
2127
2584
3104
3683
4289
4837
5388
5873
6196
6389
6431
6376
6090
5601
4951
4117
3177
2156
1188
293
-564
-1362
-2142
-2871
-3484
-3957
-4373
-4752
-5020
-5171
-5285
-5334
-5251
-5052
-4758
-4460
-4186
-3873
-3541
-3245
-2949
-2597
-2214
-1878
-1598
-1301
-978
-625
-265
83
433
776
1114
1366
1559
1712
1894
2013
1997
2040
2058
2091
2038
1866
1721
1575
1462
1256
1030
799
583
409
122
-143
-369
-556
-782
-1106
-1365
-1480
-1567
-1740
-1905
-1894
-1735
-1625
-1492
-1234
-852
-512
-375
-201
48
276
397
406
507
559
443
320
318
418
472
490
450
430
432
275
71
-102
-220
-352
-510
-503
-471
-462
-419
-413
-426
-510
-667
-758
-765
-819
-889
-924
-960
-1004
-1068
-1066
-989
-1005
-1021
-891
-698
-483
-267
-136
48
312
537
858
1225
1610
2073
2622
3265
3905
4582
5166
5689
6225
6540
6676
6729
6702
6513
6146
5618
4945
4125
3131
2037
947
-56
-1049
-2042
-2968
-3712
-4266
-4729
-5108
-5451
-5599
-5644
-5670
-5540
-5317
-5008
-4748
-4527
-4262
-3924
-3591
-3303
-3003
-2631
-2200
-1864
-1430
-956
-431
134
517
934
1348
1764
2110
2327
2506
2662
2798
2821
2873
2874
2842
2787
2569
2323
2040
1779
1450
1003
603
213
-138
-515
-883
-1087
-1214
-1305
-1488
-1691
-1738
-1804
-2005
-2287
-2496
-2606
-2654
-2647
-2561
-2275
-1894
-1572
-1184
-677
-198
170
407
596
807
916
926
950
954
932
880
772
674
577
424
245
123
39
-42
-120
-192
-252
-299
-466
-727
-834
-1015
-1285
-1371
-1421
-1442
-1389
-1247
-1111
-1076
-1000
-876
-761
-684
-640
-604
-477
-360
-257
-42
179
541
959
1266
1687
2255
2847
3414
4065
4776
5447
6131
6720
7153
7446
7510
7448
7217
6759
6259
5598
4780
3807
2675
1574
517
-508
-1582
-2572
-3448
-4216
-4817
-5420
-5849
-6081
-6236
-6334
-6356
-6159
-5834
-5458
-5088
-4668
-4165
-3736
-3277
-2867
-2532
-2103
-1699
-1285
-833
-360
128
503
811
1136
1486
1775
1989
2249
2528
2777
2954
3071
3139
3124
3042
2771
2421
2105
1827
1552
1137
746
419
126
-157
-544
-920
-1231
-1509
-1841
-2114
-2235
-2256
-2364
-2571
-2653
-2690
-2654
-2658
-2654
-2404
-2090
-1859
-1669
-1417
-1073
-694
-447
-202
113
338
516
586
719
876
875
878
925
962
936
863
744
677
629
483
302
92
-134
-353
-568
-760
-909
-976
-936
-883
-868
-827
-799
-822
-886
-1007
-1098
-1085
-1065
-1028
-886
-722
-499
-317
-191
31
325
687
1062
1522
2077
2655
3308
3985
4696
5388
5996
6531
6890
7176
7313
7266
7183
6934
6511
5972
5388
4679
3741
2788
1832
816
-215
-1219
-2261
-3228
-4051
-4788
-5347
-5772
-6024
-6248
-6435
-6410
-6295
-6110
-5881
-5603
-5232
-4777
-4332
-3912
-3415
-2890
-2361
-1831
-1300
-761
-217
285
731
1130
1517
1919
2259
2561
2813
3029
3193
3275
3290
3211
3129
2883
2519
2190
1791
1440
1131
779
385
80
-172
-588
-1045
-1383
-1715
-2064
-2344
-2606
-2730
-2791
-2899
-2980
-2998
-2881
-2860
-2814
-2567
-2313
-2080
-1826
-1546
-1211
-771
-428
-121
249
665
1023
1195
1398
1553
1628
1643
1634
1546
1403
1352
1140
968
860
672
462
243
-14
-384
-678
-962
-1131
-1249
-1384
-1426
-1517
-1561
-1591
-1587
-1618
-1638
-1564
-1535
-1400
-1194
-1002
-744
-406
-84
211
556
855
1121
1412
1719
2052
2453
2938
3505
4157
4827
5456
6026
6499
6824
7020
7090
7004
6786
6403
5847
5196
4507
3705
2779
1826
876
-142
-1219
-2200
-3098
-3821
-4415
-4925
-5241
-5515
-5734
-5893
-5917
-5827
-5675
-5430
-5236
-4962
-4632
-4298
-3936
-3580
-3156
-2686
-2109
-1552
-1014
-352
198
672
1077
1409
1763
2036
2378
2659
2855
3116
3276
3245
3122
2970
2695
2490
2153
1732
1486
1169
836
449
117
-96
-398
-785
-1149
-1395
-1625
-1863
-2168
-2385
-2416
-2533
-2758
-2896
-2892
-2814
-2748
-2706
-2476
-2156
-1900
-1664
-1439
-1041
-637
-378
-131
170
474
684
896
1147
1364
1487
1527
1533
1523
1515
1403
1229
1069
874
651
441
215
-60
-359
-662
-936
-1125
-1255
-1421
-1482
-1432
-1467
-1457
-1329
-1263
-1235
-1090
-1016
-965
-774
-706
-630
-433
-225
-30
189
553
969
1389
1827
2314
2852
3380
3901
4432
4986
5571
6113
6500
6808
6996
7022
6861
6434
5919
5293
4608
3850
2922
2039
1204
253
-749
-1658
-2519
-3333
-4050
-4744
-5324
-5730
-6038
-6232
-6255
-6099
-5844
-5584
-5417
-5264
-4930
-4491
-4079
-3662
-3112
-2577
-2127
-1609
-1074
-484
39
501
963
1359
1760
2087
2336
2574
2828
3035
3195
3258
3196
3140
2994
2758
2417
2044
1681
1242
858
475
88
-232
-520
-819
-1128
-1330
-1514
-1818
-2150
-2321
-2370
-2475
-2566
-2632
-2611
-2471
-2488
-2523
-2407
-2265
-2053
-1860
-1601
-1182
-825
-531
-231
118
502
785
970
1140
1331
1391
1328
1277
1228
1246
1250
1133
1047
963
747
545
408
199
-25
-217
-418
-590
-716
-787
-836
-894
-960
-1005
-1026
-1029
-1044
-1149
-1206
-1172
-1108
-997
-895
-711
-563
-461
-234
50
407
792
1211
1721
2319
2991
3547
4138
4832
5435
6005
6416
6676
6845
6850
6735
6486
6050
5461
4776
3967
3150
2276
1303
354
-653
-1609
-2486
-3264
-3939
-4549
-5052
-5435
-5654
-5833
-5934
-5905
-5805
-5661
-5448
-5152
-4812
-4349
-3884
-3458
-3001
-2500
-1971
-1565
-1159
-673
-187
366
876
1310
1851
2279
2532
2774
2927
3116
3235
3199
3138
3019
2901
2678
2354
2038
1717
1440
1094
687
345
70
-205
-551
-890
-1169
-1440
-1686
-1898
-2067
-2191
-2323
-2489
-2661
-2765
-2805
-2840
-2855
-2814
-2690
-2515
-2237
-1882
-1511
-1142
-853
-598
-327
47
384
623
918
1146
1300
1379
1392
1409
1407
1330
1197
1098
978
812
642
466
260
65
-101
-271
-364
-463
-605
-706
-800
-923
-1057
-1122
-1203
-1271
-1210
-1139
-1061
-911
-764
-646
-505
-309
-168
-12
315
657
1016
1481
1967
2482
2995
3495
4031
4600
5141
5566
5924
6186
6333
6407
6341
6139
5808
5298
4685
3942
3004
2079
1140
163
-723
-1581
-2361
-3055
-3691
-4234
-4696
-5022
-5166
-5254
-5360
-5331
-5212
-5107
-5003
-4813
-4487
-4149
-3793
-3455
-3090
-2624
-2168
-1733
-1346
-919
-439
20
543
1047
1572
2108
2404
2651
2910
3027
3137
3158
3090
2945
2715
2481
2143
1808
1535
1257
919
484
93
-238
-513
-784
-1058
-1260
-1428
-1614
-1826
-2005
-2135
-2277
-2476
-2656
-2710
-2718
-2789
-2861
-2805
-2619
-2374
-2091
-1739
-1317
-905
-578
-247
180
526
681
862
1112
1251
1315
1355
1319
1295
1300
1188
1022
898
731
534
379
283
236
154
-4
-168
-336
-495
-616
-742
-812
-885
-927
-878
-866
-861
-895
-911
-833
-809
-685
-493
-420
-360
-282
-103
218
542
897
1337
1820
2310
2824
3346
3916
4518
5035
5505
5925
6222
6399
6461
6401
6192
5815
5310
4697
3972
3172
2341
1464
536
-363
-1158
-1885
-2543
-3112
-3642
-4152
-4551
-4796
-4980
-5135
-5135
-4998
-4854
-4705
-4505
-4210
-3859
-3583
-3375
-3163
-2914
-2596
-2332
-2110
-1702
-1182
-744
-318
169
695
1237
1749
2177
2519
2821
3061
3195
3243
3208
3111
2930
2608
2254
1938
1585
1152
693
290
-76
-469
-797
-1065
-1324
-1420
-1580
-1838
-1939
-2049
-2223
-2460
-2683
-2804
-2897
-2968
-2999
-2909
-2772
-2677
-2539
-2228
-1813
-1428
-1035
-649
-237
175
484
755
1019
1211
1332
1401
1455
1530
1530
1416
1264
1098
881
678
537
405
253
68
-82
-244
-455
-565
-620
-640
-672
-739
-703
-688
-700
-746
-863
-890
-942
-941
-866
-737
-509
-367
-197
14
278
634
1061
1598
2141
2710
3249
3728
4223
4814
5383
5850
6280
6585
6761
6727
6484
6062
5504
4895
4080
3215
2432
1658
888
37
-789
-1561
-2256
-2848
-3472
-3963
-4306
-4584
-4783
-4933
-4941
-4828
-4690
-4569
-4397
-4142
-3805
-3556
-3430
-3169
-2927
-2708
-2410
-2071
-1575
-1092
-683
-228
237
764
1243
1603
1917
2225
2522
2740
2908
2998
3007
2965
2760
2402
2007
1638
1266
833
418
107
-140
-401
-684
-998
-1256
-1433
-1670
-1865
-1983
-2084
-2199
-2420
-2670
-2850
-2887
-2927
-2981
-2888
-2785
-2684
-2550
-2397
-2135
-1810
-1497
-1177
-753
-294
107
469
733
930
1062
1170
1215
1228
1333
1301
1216
1154
1081
1001
857
727
546
419
245
30
-29
-108
-206
-300
-396
-450
-471
-504
-556
-628
-775
-878
-941
-979
-939
-904
-892
-834
-742
-590
-325
10
379
806
1332
1938
2573
3249
3956
4636
5246
5775
6229
6565
6742
6781
6642
6304
5860
5326
4679
3974
3176
2298
1490
645
-276
-1076
-1786
-2455
-2988
-3468
-3870
-4110
-4329
-4493
-4598
-4643
-4554
-4441
-4271
-4070
-3835
-3548
-3342
-3131
-2882
-2631
-2341
-2045
-1694
-1325
-959
-545
-189
210
702
1215
1748
2158
2470
2694
2832
2901
2834
2798
2727
2512
2245
1900
1521
1107
676
237
-145
-403
-663
-923
-1076
-1136
-1232
-1367
-1471
-1597
-1682
-1816
-2085
-2307
-2478
-2646
-2863
-3048
-3049
-3012
-2927
-2765
-2553
-2204
-1892
-1640
-1318
-960
-570
-255
39
356
611
868
1035
1130
1258
1332
1344
1212
1045
951
787
687
675
621
570
472
330
175
50
-33
-180
-321
-455
-612
-720
-809
-841
-897
-979
-981
-1027
-1018
-972
-954
-872
-810
-674
-431
-133
295
806
1361
1954
2603
3211
3836
4489
4988
5545
6035
6349
6639
6747
6683
6425
6016
5476
4747
3929
3001
2122
1285
392
-405
-1173
-1839
-2364
-2880
-3305
-3638
-3960
-4230
-4403
-4521
-4470
-4298
-4225
-4131
-3958
-3677
-3387
-3149
-2868
-2617
-2338
-2024
-1772
-1467
-1078
-681
-337
-45
358
791
1148
1545
1828
2102
2460
2725
2911
3009
3052
2949
2657
2353
2037
1701
1387
1002
610
335
39
-289
-568
-743
-799
-912
-1113
-1325
-1496
-1731
-2087
-2454
-2715
-2834
-2996
-3193
-3294
-3292
-3218
-3102
-3004
-2828
-2459
-2098
-1796
-1451
-1062
-683
-387
-97
184
444
679
861
1037
1188
1265
1332
1362
1327
1358
1376
1286
1186
1074
917
728
552
342
101
-131
-389
-606
-814
-1036
-1193
-1360
-1533
-1673
-1780
-1821
-1857
-1778
-1566
-1420
-1248
-1021
-744
-376
7
425
920
1472
2016
2595
3217
3819
4476
5104
5633
6065
6426
6727
6798
6675
6424
6028
5546
4882
4108
3299
2497
1684
755
-149
-981
-1670
-2245
-2812
-3313
-3724
-4033
-4302
-4432
-4495
-4411
-4271
-4158
-3914
-3685
-3432
-3177
-2880
-2624
-2282
-1908
-1548
-1247
-906
-620
-343
-38
217
428
723
1036
1348
1703
2025
2319
2546
2623
2671
2718
2729
2565
2300
2030
1747
1364
929
510
120
-171
-520
-797
-1094
-1257
-1403
-1656
-1863
-2011
-2182
-2354
-2592
-2789
-2892
-2969
-3088
-3125
-3065
-2941
-2847
-2700
-2426
-2162
-1837
-1525
-1208
-820
-501
-256
-6
239
355
452
582
722
861
951
983
946
918
824
747
743
688
666
563
389
272
96
-15
-58
-179
-269
-323
-402
-484
-551
-621
-686
-696
-672
-654
-668
-727
-720
-683
-570
-365
-105
189
534
995
1517
2159
2794
3470
4046
4617
5163
5639
5932
6167
6313
6285
6101
5751
5248
4718
4144
3485
2794
2068
1296
578
-131
-853
-1488
-2027
-2532
-2964
-3290
-3555
-3795
-3967
-4037
-4023
-3971
-3923
-3848
-3668
-3413
-3188
-3032
-2879
-2666
-2404
-2149
-1867
-1534
-1172
-816
-535
-241
115
526
905
1199
1527
1810
2067
2248
2248
2264
2246
2146
2029
1812
1516
1249
956
573
316
158
-104
-332
-548
-730
-835
-991
-1134
-1290
-1429
-1531
-1719
-1941
-2105
-2214
-2364
-2531
-2596
-2570
-2553
-2595
-2579
-2443
-2221
-1947
-1666
-1322
-965
-626
-273
21
337
592
703
915
1098
1152
1212
1174
1053
987
865
726
683
601
640
625
541
629
570
507
396
218
129
-7
-79
-173
-278
-364
-507
-672
-816
-844
-903
-985
-977
-900
-737
-518
-206
106
436
895
1356
1862
2357
2903
3476
4032
4657
5161
5547
5807
5949
5961
5791
5503
4995
4338
3564
2726
1928
1196
542
-121
-733
-1161
-1490
-1842
-2194
-2556
-2881
-3121
-3371
-3593
-3689
-3731
-3785
-3845
-3834
-3708
-3515
-3351
-3211
-3023
-2821
-2595
-2386
-2139
-1818
-1498
-1140
-825
-473
-40
405
855
1213
1539
1838
2094
2293
2389
2469
2510
2431
2258
2020
1717
1412
1058
618
280
63
-163
-356
-500
-579
-566
-625
-824
-1012
-1184
-1389
-1636
-1949
-2195
-2386
-2611
-2781
-2833
-2827
-2775
-2632
-2458
-2229
-1994
-1754
-1435
-1153
-808
-464
-105
365
756
1014
1161
1211
1145
1040
927
741
608
545
444
398
511
642
683
709
758
805
801
699
508
291
66
-176
-390
-596
-802
-936
-1044
-1166
-1207
-1208
-1233
-1233
-1228
-1177
-969
-714
-447
-43
429
928
1528
2115
2674
3312
3957
4597
5219
5682
6011
6292
6386
6216
5850
5431
4982
4419
3731
2995
2309
1626
935
227
-442
-1031
-1559
-2055
-2612
-3040
-3368
-3733
-3943
-3988
-3938
-3875
-3788
-3656
-3526
-3310
-3103
-2913
-2663
-2494
-2396
-2276
-2149
-1988
-1693
-1389
-1093
-722
-399
54
511
874
1268
1608
1978
2258
2450
2627
2765
2779
2559
2301
2012
1706
1368
915
527
221
-41
-263
-451
-596
-745
-881
-1111
-1413
-1601
-1819
-2118
-2463
-2766
-2908
-3054
-3144
-3168
-3160
-3069
-3038
-2895
-2605
-2286
-2033
-1791
-1424
-1050
-650
-280
78
410
657
877
991
1137
1233
1155
1087
986
896
814
696
594
489
448
376
253
212
210
180
113
110
107
49
11
-152
-316
-348
-440
-606
-742
-879
-990
-988
-969
-926
-751
-502
-183
165
591
1115
1613
2207
2797
3348
4000
4564
5131
5695
6036
6314
6508
6574
6558
6295
5851
5245
4544
3814
2969
2113
1253
415
-416
-1183
-1784
-2287
-2709
-3091
-3372
-3564
-3685
-3694
-3657
-3645
-3653
-3637
-3642
-3510
-3360
-3261
-3099
-3016
-2856
-2557
-2278
-2006
-1714
-1420
-1142
-829
-469
-97
296
707
1072
1416
1747
1994
2175
2249
2221
2189
2083
1869
1657
1496
1342
1131
818
504
245
-34
-301
-508
-728
-948
-1165
-1448
-1728
-1916
-2068
-2272
-2522
-2758
-2962
-3148
-3331
-3489
-3469
-3330
-3231
-2991
-2619
-2319
-1988
-1611
-1252
-838
-468
-153
174
423
654
853
974
1120
1238
1258
1177
1072
991
858
699
544
406
323
287
303
310
314
349
336
301
238
149
58
-102
-223
-331
-474
-543
-630
-686
-677
-697
-613
-467
-334
-89
193
487
822
1173
1661
2203
2719
3348
4006
4623
5223
5690
5998
6240
6373
6294
6108
5804
5292
4679
3968
3198
2435
1672
940
199
-494
-1116
-1655
-2143
-2628
-3000
-3311
-3608
-3852
-3961
-3978
-3992
-3915
-3803
-3616
-3346
-3165
-2988
-2796
-2597
-2400
-2242
-2021
-1755
-1474
-1138
-823
-517
-203
119
494
856
1135
1471
1801
1980
2121
2259
2376
2369
2202
2038
1862
1558
1257
981
638
291
-20
-241
-490
-738
-877
-1027
-1191
-1426
-1617
-1757
-2014
-2397
-2756
-2915
-3100
-3284
-3349
-3363
-3206
-3088
-2999
-2732
-2455
-2138
-1837
-1554
-1183
-877
-512
-127
142
496
833
1084
1285
1431
1450
1348
1320
1272
1179
1140
1092
991
794
679
601
471
424
270
107
-44
-250
-322
-392
-500
-704
-876
-971
-1091
-1090
-1127
-1160
-1103
-1096
-1059
-897
-652
-356
37
497
1027
1637
2308
2916
3511
4182
4793
5363
5833
6200
6498
6670
6690
6528
6282
5841
5190
4512
3725
2893
2080
1245
463
-334
-1029
-1601
-2101
-2542
-2945
-3245
-3529
-3805
-3999
-4056
-4056
-3961
-3890
-3698
-3520
-3264
-3089
-2952
-2770
-2484
-2204
-2068
-1910
-1642
-1251
-899
-538
-167
268
648
984
1225
1522
1899
2195
2373
2480
2562
2597
2455
2192
1947
1672
1413
1127
773
448
171
-116
-473
-653
-818
-971
-1184
-1425
-1662
-1880
-2156
-2489
-2854
-3057
-3121
-3200
-3241
-3234
-3223
-3175
-3071
-2869
-2579
-2239
-1996
-1785
-1448
-1092
-765
-398
-28
321
648
933
1132
1313
1480
1477
1409
1345
1235
1146
1031
892
780
676
613
508
354
242
157
58
-122
-302
-400
-517
-670
-812
-958
-1097
-1181
-1203
-1252
-1246
-1159
-1099
-972
-761
-509
-164
235
722
1293
1885
2538
3263
3987
4689
5342
5865
6279
6587
6753
6795
6665
6330
5903
5368
4679
3928
3095
2215
1359
573
-153
-836
-1383
-1873
-2289
-2636
-3034
-3302
-3508
-3739
-3806
-3761
-3682
-3595
-3469
-3262
-3083
-2931
-2810
-2694
-2536
-2381
-2219
-2093
-1940
-1686
-1398
-1065
-677
-279
66
448
827
1125
1488
1829
2129
2333
2412
2464
2401
2264
2077
1842
1587
1283
978
723
533
334
77
-195
-430
-676
-972
-1302
-1632
-1898
-2176
-2532
-2836
-3039
-3229
-3341
-3362
-3366
-3282
-3180
-3099
-2948
-2792
-2611
-2316
-2029
-1665
-1193
-854
-494
-86
283
652
924
1189
1400
1503
1532
1492
1437
1326
1228
1165
1015
803
676
552
358
262
186
67
-28
-170
-358
-488
-607
-779
-963
-1092
-1151
-1195
-1222
-1301
-1328
-1251
-1200
-996
-674
-347
63
476
958
1530
2130
2773
3378
3977
4613
5167
5643
6048
6388
6666
6727
6628
6480
6167
5673
4967
4141
3302
2328
1337
402
-478
-1201
-1806
-2286
-2681
-2985
-3136
-3239
-3348
-3452
-3503
-3534
-3602
-3682
-3692
-3552
-3380
-3223
-3047
-2830
-2550
-2274
-2041
-1827
-1603
-1297
-1022
-738
-442
-184
226
568
883
1163
1514
1809
2035
2137
2204
2234
2238
2129
1880
1675
1498
1186
863
616
371
116
-163
-519
-808
-1013
-1240
-1495
-1690
-1823
-1991
-2224
-2486
-2665
-2820
-2920
-2985
-3059
-3083
-3051
-2922
-2813
-2563
-2295
-1986
-1784
-1526
-1198
-839
-440
-67
294
583
861
1038
1225
1318
1328
1317
1241
1096
964
855
760
662
525
419
376
324
231
97
-39
-176
-333
-499
-650
-769
-877
-1002
-1094
-1114
-1083
-1035
-977
-877
-729
-570
-435
-297
-56
294
717
1277
1905
2508
3167
3822
4409
4994
5545
5985
6326
6537
6595
6467
6151
5758
5194
4487
3733
2970
2226
1393
600
-156
-865
-1401
-1899
-2359
-2736
-3016
-3238
-3446
-3569
-3640
-3610
-3547
-3543
-3409
-3175
-2932
-2749
-2671
-2507
-2313
-2215
-2110
-1971
-1757
-1489
-1295
-1050
-720
-331
90
378
697
1107
1450
1748
1984
2165
2316
2409
2379
2256
2140
1961
1680
1316
943
679
471
210
-67
-279
-443
-628
-929
-1249
-1413
-1588
-1848
-2117
-2396
-2613
-2796
-3002
-3209
-3255
-3195
-3184
-3138
-3082
-2877
-2578
-2430
-2183
-1814
-1434
-1009
-656
-322
25
367
633
819
993
1076
1092
1083
1051
1021
997
954
890
816
686
547
425
308
177
60
-105
-283
-404
-587
-730
-869
-1018
-1087
-1148
-1166
-1160
-1148
-1081
-941
-825
-724
-504
-188
137
477
926
1486
2107
2686
3277
3939
4599
5233
5713
6104
6412
6618
6676
6477
6249
5916
5362
4665
3851
3112
2323
1487
675
-174
-814
-1376
-1949
-2414
-2784
-2973
-3161
-3335
-3428
-3525
-3542
-3558
-3530
-3378
-3188
-2976
-2831
-2733
-2560
-2375
-2141
-1908
-1691
-1393
-1145
-967
-780
-558
-240
45
276
584
926
1218
1505
1756
1927
2091
2167
2126
2015
1784
1584
1354
1023
725
472
278
55
-147
-288
-425
-557
-779
-1040
-1274
-1433
-1594
-1891
-2181
-2418
-2657
-2886
-3067
-3153
-3165
-3135
-3084
-2917
-2682
-2447
-2139
-1894
-1630
-1267
-903
-548
-277
10
300
524
743
955
1120
1195
1228
1234
1192
1090
929
786
638
523
469
400
366
295
171
54
-141
-307
-466
-604
-662
-794
-915
-1072
-1203
-1250
-1312
-1276
-1219
-1099
-965
-828
-564
-215
252
759
1311
1942
2629
3364
4059
4726
5346
5849
6228
6507
6676
6689
6516
6218
5835
5281
4603
3838
2988
2197
1473
729
19
-618
-1178
-1652
-2102
-2515
-2833
-3106
-3376
-3562
-3592
-3559
-3592
-3574
-3394
-3116
-2863
-2732
-2645
-2515
-2293
-2036
-1838
-1632
-1366
-1057
-815
-629
-344
-28
218
506
817
1143
1499
1737
1885
1990
2061
2112
2044
1855
1637
1443
1222
933
665
507
398
229
69
-71
-205
-369
-626
-861
-1050
-1244
-1486
-1816
-2088
-2319
-2542
-2761
-2952
-3009
-3044
-3084
-3090
-3012
-2771
-2471
-2182
-1930
-1693
-1415
-1114
-830
-596
-320
-84
71
309
523
661
781
874
909
926
982
952
892
814
665
560
459
338
218
82
-25
-140
-268
-342
-468
-617
-671
-756
-908
-1046
-1107
-1164
-1250
-1308
-1354
-1306
-1157
-981
-678
-245
290
929
1586
2223
2896
3585
4221
4840
5392
5844
6233
6464
6525
6463
6354
6147
5734
5204
4567
3842
3093
2305
1494
657
-90
-743
-1399
-1970
-2419
-2765
-3038
-3220
-3362
-3374
-3275
-3283
-3241
-3166
-3020
-2864
-2810
-2703
-2583
-2394
-2258
-2161
-2005
-1863
-1647
-1411
-1160
-863
-481
-56
312
627
948
1289
1560
1790
1959
2052
2175
2208
2029
1794
1603
1400
1159
875
596
384
198
-14
-224
-374
-544
-796
-1066
-1325
-1525
-1691
-1959
-2248
-2407
-2504
-2604
-2718
-2816
-2836
-2866
-2939
-2892
-2712
-2515
-2283
-2039
-1777
-1460
-1166
-868
-537
-185
137
414
617
779
943
963
1005
1047
1005
994
927
812
654
479
332
223
117
42
-25
-172
-294
-422
-515
-612
-749
-841
-954
-991
-1029
-1145
-1197
-1181
-1130
-1035
-938
-838
-628
-322
16
443
939
1479
2097
2735
3323
3951
4571
5057
5495
5899
6208
6403
6404
6240
5990
5599
5086
4471
3748
3060
2361
1570
814
94
-602
-1183
-1671
-2103
-2477
-2770
-2964
-3119
-3235
-3221
-3163
-3145
-3088
-2930
-2710
-2558
-2378
-2192
-2104
-2010
-1978
-1956
-1885
-1694
-1464
-1341
-1137
-849
-541
-187
179
547
903
1252
1515
1681
1811
1909
1943
1900
1794
1654
1534
1371
1120
857
605
402
232
48
-138
-275
-347
-534
-780
-990
-1237
-1462
-1776
-2136
-2403
-2674
-2872
-3022
-3152
-3183
-3193
-3153
-3039
-2856
-2647
-2467
-2187
-1859
-1603
-1283
-878
-520
-210
66
327
592
795
937
1023
1031
1015
994
955
880
769
665
550
395
290
273
243
158
69
-18
-139
-249
-328
-449
-603
-745
-871
-979
-1070
-1135
-1214
-1320
-1356
-1305
-1153
-844
-475
-86
410
988
1667
2375
3046
3792
4525
5120
5647
6132
6436
6611
6706
6643
6455
6108
5682
5105
4370
3618
2779
1957
1122
257
-476
-1110
-1683
-2194
-2669
-3067
-3353
-3578
-3728
-3771
-3730
-3632
-3538
-3413
-3213
-2990
-2759
-2529
-2348
-2160
-1940
-1801
-1680
-1451
-1211
-972
-697
-418
-138
169
476
777
1073
1305
1540
1678
1720
1841
1865
1826
1774
1676
1572
1425
1262
1038
795
587
382
145
-110
-327
-553
-807
-1100
-1357
-1533
-1758
-2037
-2276
-2524
-2780
-2972
-3123
-3185
-3136
-3115
-3110
-3040
-2942
-2774
-2522
-2258
-1927
-1528
-1163
-825
-483
-169
79
273
478
685
828
912
943
918
866
818
761
703
660
618
562
482
370
249
143
-16
-193
-324
-436
-545
-657
-776
-897
-907
-956
-1074
-1103
-1178
-1161
-1075
-1003
-811
-552
-277
27
411
861
1417
1969
2525
3165
3824
4505
5083
5547
5901
6193
6414
6471
6471
6290
5938
5472
4792
4076
3333
2511
1644
761
-30
-730
-1310
-1846
-2316
-2625
-2916
-3110
-3164
-3219
-3213
-3109
-3018
-2951
-2806
-2674
-2580
-2429
-2355
-2314
-2211
-2075
-1953
-1835
-1664
-1493
-1250
-959
-648
-285
13
358
701
985
1284
1505
1666
1855
2011
2097
2124
2028
1894
1753
1503
1219
989
747
479
216
-62
-291
-478
-706
-1002
-1319
-1572
-1786
-2036
-2352
-2570
-2726
-2932
-3064
-3174
-3187
-3218
-3210
-3126
-3032
-2812
-2625
-2405
-2140
-1769
-1410
-1038
-666
-225
66
323
603
830
1069
1172
1283
1285
1264
1268
1178
1071
985
834
660
467
318
165
20
-113
-246
-418
-559
-683
-869
-1008
-1168
-1350
-1531
-1556
-1555
-1467
-1389
-1283
-1129
-854
-560
-151
324
777
1341
1909
2547
3176
3764
4449
5034
5551
6034
6421
6642
6789
6733
6616
6250
5757
5130
4415
3643
2774
1975
1114
294
-462
-1095
-1666
-2215
-2628
-2990
-3311
-3441
-3525
-3535
-3478
-3354
-3197
-3000
-2747
-2526
-2408
-2273
-2062
-1908
-1707
-1560
-1379
-1212
-1040
-930
-764
-550
-229
130
462
780
1102
1385
1597
1709
1735
1805
1882
1897
1850
1674
1521
1322
1048
832
631
441
216
-6
-183
-387
-531
-707
-994
-1220
-1432
-1695
-2005
-2281
-2432
-2617
-2824
-2970
-3022
-3029
-3150
-3165
-3071
-2923
-2664
-2423
-2199
-1959
-1645
-1316
-1043
-750
-379
-30
218
487
770
942
998
1020
957
863
824
753
672
539
448
340
153
43
-37
-105
-171
-224
-260
-355
-485
-608
-698
-780
-883
-992
-1065
-1108
-1142
-1167
-1158
-1047
-836
-543
-153
279
712
1190
1742
2351
2974
3572
4161
4774
5311
5698
6032
6320
6419
6350
6227
5972
5544
4983
4337
3653
2922
2160
1323
488
-268
-908
-1481
-1992
-2384
-2753
-3002
-3253
-3384
-3312
-3270
-3132
-3035
-2972
-2848
-2708
-2545
-2420
-2257
-2096
-1958
-1836
-1675
-1475
-1294
-1114
-920
-681
-446
-159
185
543
861
1180
1451
1642
1889
1994
2020
2031
1968
1874
1694
1493
1221
967
723
504
260
5
-231
-473
-624
-882
-1049
-1207
-1279
-1422
-1671
-1844
-2018
-2191
-2316
-2525
-2663
-2743
-2836
-2913
-2931
-2881
-2737
-2600
-2505
-2281
-1932
-1584
-1209
-805
-386
-88
249
443
687
855
945
1029
1040
1053
958
846
690
564
405
260
142
71
23
-56
-139
-231
-354
-508
-639
-710
-811
-928
-1026
-1124
-1209
-1252
-1281
-1296
-1260
-1117
-923
-752
-471
-61
343
827
1429
2070
2740
3404
4073
4722
5253
5678
6051
6373
6573
6531
6348
6086
5617
5079
4479
3796
3131
2386
1597
791
91
-520
-1194
-1836
-2353
-2675
-2924
-3174
-3301
-3275
-3208
-3118
-2951
-2783
-2550
-2255
-2109
-2095
-2032
-1911
-1811
-1752
-1681
-1505
-1305
-1142
-959
-741
-476
-159
73
219
471
725
964
1182
1337
1545
1709
1813
1808
1739
1678
1532
1349
1140
925
676
415
154
-39
-171
-352
-559
-829
-1013
-1153
-1434
-1735
-2066
-2348
-2566
-2781
-2894
-3004
-3095
-3098
-3105
-3046
-2905
-2731
-2554
-2409
-2223
-1930
-1598
-1273
-876
-485
-126
256
501
710
913
972
1002
950
890
892
817
732
614
488
410
316
227
125
58
-18
-205
-365
-487
-601
-696
-813
-881
-986
-1084
-1116
-1151
-1139
-1133
-1105
-1046
-937
-718
-494
-221
130
587
1127
1674
2310
3018
3750
4486
5111
5618
6062
6359
6542
6610
6469
6254
5973
5502
4902
4242
3544
2797
1932
1033
237
-493
-1153
-1740
-2236
-2600
-2824
-2977
-3107
-3164
-3112
-2981
-2968
-2977
-2868
-2768
-2644
-2555
-2454
-2324
-2218
-2031
-1874
-1750
-1549
-1347
-1220
-1014
-732
-486
-200
116
496
932
1291
1594
1851
1997
2083
2087
1982
1877
1750
1607
1397
1130
890
644
445
238
79
-75
-300
-579
-928
-1174
-1355
-1545
-1719
-1985
-2260
-2443
-2630
-2851
-3036
-3162
-3260
-3355
-3383
-3261
-3059
-2825
-2572
-2266
-1874
-1531
-1168
-808
-503
-158
77
291
555
805
1032
1129
1132
1096
1069
987
826
653
493
319
115
-18
-104
-166
-143
-127
-209
-318
-454
-630
-779
-926
-1102
-1315
-1439
-1509
-1508
-1355
-1291
-1189
-992
-786
-490
-170
201
690
1263
1845
2459
3090
3727
4439
5096
5615
6051
6443
6661
6627
6518
6313
5885
5381
4862
4213
3497
2761
1963
1118
296
-427
-1085
-1694
-2176
-2575
-2940
-3211
-3356
-3409
-3421
-3400
-3312
-3163
-2973
-2740
-2492
-2282
-2107
-1903
-1722
-1620
-1498
-1317
-1135
-945
-748
-544
-254
60
292
492
698
919
1172
1383
1489
1584
1663
1645
1547
1415
1272
1179
1083
842
615
425
210
109
-32
-207
-324
-502
-715
-978
-1177
-1346
-1639
-1894
-2111
-2267
-2450
-2684
-2822
-2942
-3017
-3129
-3229
-3201
-3053
-2807
-2580
-2259
-1877
-1502
-1093
-734
-391
-39
258
486
704
882
973
1021
997
984
1014
984
950
868
741
626
456
324
176
34
-22
-145
-268
-347
-435
-541
-728
-888
-1004
-1137
-1267
-1363
-1380
-1371
-1363
-1287
-1115
-881
-561
-166
243
689
1248
1903
2560
3230
3927
4589
5195
5744
6177
6456
6584
6551
6410
6118
5744
5295
4714
4039
3269
2569
1833
1003
231
-530
-1251
-1904
-2402
-2780
-3099
-3332
-3504
-3556
-3431
-3252
-3162
-3053
-2856
-2680
-2539
-2443
-2377
-2244
-2066
-1907
-1707
-1471
-1221
-986
-804
-568
-227
132
418
640
872
1130
1348
1510
1638
1753
1867
1868
1823
1775
1699
1608
1402
1184
999
797
586
374
113
-195
-403
-683
-1023
-1276
-1462
-1629
-1860
-2093
-2282
-2418
-2616
-2849
-3038
-3219
-3279
-3299
-3300
-3142
-2877
-2589
-2317
-1980
-1577
-1201
-841
-535
-273
-48
192
414
559
767
958
1055
1119
1169
1202
1121
1030
945
756
586
496
390
249
93
-34
-174
-384
-569
-715
-896
-1116
-1394
-1622
-1764
-1882
-1919
-1899
-1774
-1526
-1263
-954
-558
-83
425
967
1587
2205
2801
3449
4115
4731
5292
5764
6091
6303
6408
6380
6225
5957
5564
5045
4468
3815
3093
2337
1526
740
37
-617
-1283
-1846
-2255
-2652
-2952
-3132
-3231
-3199
-3101
-2998
-2875
-2734
-2576
-2424
-2322
-2249
-2153
-2025
-1905
-1842
-1735
-1508
-1238
-991
-743
-470
-156
172
423
596
804
1097
1375
1549
1700
1864
1925
1893
1833
1726
1629
1564
1357
1051
829
635
366
75
-184
-383
-580
-852
-1124
-1340
-1558
-1844
-2175
-2405
-2544
-2739
-2968
-3162
-3279
-3304
-3329
-3298
-3089
-2802
-2526
-2249
-1960
-1617
-1240
-891
-567
-261
46
370
660
907
1129
1267
1344
1400
1384
1339
1250
1076
890
700
464
248
23
-232
-416
-574
-730
-900
-1008
-1050
-1194
-1385
-1576
-1689
-1747
-1779
-1743
-1737
-1671
-1517
-1325
-1012
-617
-149
413
1030
1666
2367
3089
3734
4404
4957
5389
5840
6217
6465
6512
6504
6359
6011
5576
5039
4445
3726
3003
2200
1338
593
-167
-846
-1431
-1976
-2419
-2739
-2997
-3166
-3240
-3324
-3351
-3344
-3325
-3229
-3082
-2910
-2692
-2492
-2288
-2029
-1771
-1454
-1177
-942
-737
-517
-205
58
385
650
849
1085
1330
1578
1734
1899
1973
2005
1906
1734
1641
1496
1392
1210
974
764
675
568
386
320
152
-58
-318
-551
-750
-1015
-1296
-1628
-1922
-2204
-2380
-2600
-2921
-3061
-3191
-3306
-3352
-3381
-3248
-3058
-2866
-2565
-2209
-1832
-1469
-1094
-701
-354
12
338
603
842
1026
1143
1147
1162
1145
1084
1100
992
779
580
349
120
-175
-425
-637
-846
-990
-1152
-1244
-1320
-1365
-1445
-1555
-1535
-1551
-1611
-1727
-1769
-1645
-1479
-1201
-848
-395
145
691
1205
1760
2440
3129
3800
4414
4946
5469
5895
6161
6321
6451
6411
6164
5895
5421
4755
4032
3201
2370
1592
867
131
-606
-1229
-1700
-2068
-2396
-2611
-2741
-2888
-3008
-3051
-3074
-3109
-3087
-2966
-2792
-2627
-2432
-2191
-1978
-1706
-1466
-1332
-1062
-738
-463
-218
-4
236
467
721
908
1025
1269
1481
1598
1703
1816
1969
1998
1909
1786
1604
1416
1193
949
732
527
307
41
-197
-356
-451
-611
-777
-891
-1128
-1356
-1604
-1913
-2182
-2453
-2645
-2785
-2880
-2907
-2968
-3057
-3038
-2957
-2878
-2667
-2423
-2204
-1914
-1600
-1205
-700
-237
188
561
810
1035
1191
1235
1211
1090
927
773
616
432
279
105
-78
-265
-490
-650
-803
-946
-1108
-1263
-1333
-1452
-1551
-1658
-1767
-1762
-1769
-1806
-1787
-1714
-1579
-1363
-1073
-672
-200
269
812
1452
2116
2792
3487
4136
4717
5345
5822
6078
6353
6501
6501
6377
6029
5601
4999
4291
3628
2863
2092
1320
534
-155
-745
-1273
-1717
-2071
-2443
-2738
-2976
-3148
-3246
-3309
-3256
-3139
-2896
-2626
-2341
-2109
-1997
-1842
-1683
-1481
-1363
-1199
-863
-600
-351
-65
220
486
790
1072
1307
1533
1709
1810
1798
1770
1764
1712
1639
1542
1434
1304
1104
896
677
417
214
4
-240
-366
-470
-650
-818
-968
-1066
-1149
-1345
-1587
-1782
-1983
-2185
-2347
-2510
-2636
-2686
-2741
-2818
-2815
-2692
-2566
-2410
-2210
-1894
-1506
-1179
-821
-477
-119
214
416
610
774
884
921
882
851
809
706
577
478
330
180
30
-224
-441
-650
-872
-1025
-1189
-1332
-1454
-1522
-1526
-1606
-1682
-1732
-1829
-1931
-1988
-1904
-1696
-1444
-1086
-646
-99
535
1110
1722
2405
3057
3746
4343
4862
5419
5825
6141
6396
6502
6536
6397
6026
5516
4915
4212
3427
2623
1760
929
213
-411
-951
-1462
-1892
-2254
-2570
-2829
-3039
-3167
-3259
-3229
-3171
-3103
-2868
-2622
-2402
-2219
-2072
-1902
-1733
-1555
-1316
-1045
-802
-586
-336
-3
275
555
869
1116
1335
1493
1695
1818
1885
2042
2137
2085
1906
1740
1551
1293
974
711
472
237
80
-135
-267
-270
-275
-459
-711
-806
-1017
-1322
-1680
-2033
-2227
-2443
-2617
-2703
-2740
-2697
-2685
-2709
-2725
-2614
-2398
-2261
-2104
-1821
-1503
-1259
-966
-593
-239
60
338
671
872
952
986
954
926
853
788
723
657
583
384
162
-65
-315
-538
-756
-969
-1180
-1392
-1627
-1772
-1855
-1904
-1852
-1854
-1851
-1852
-1830
-1698
-1565
-1313
-995
-576
-57
424
995
1595
2267
2953
3544
4181
4759
5292
5710
5954
6146
6217
6210
6010
5660
5249
4701
4028
3223
2420
1619
810
76
-545
-1073
-1566
-2002
-2336
-2598
-2825
-2922
-2964
-3001
-3009
-2965
-2861
-2799
-2622
-2406
-2226
-1975
-1692
-1404
-1194
-958
-714
-546
-338
-125
69
272
486
722
944
1140
1436
1741
1916
2082
2249
2319
2233
2000
1725
1458
1185
889
569
345
195
-4
-187
-348
-492
-572
-710
-897
-997
-1119
-1365
-1646
-1890
-2053
-2192
-2380
-2503
-2502
-2502
-2527
-2496
-2415
-2312
-2202
-2112
-1988
-1759
-1492
-1269
-1028
-655
-230
70
311
594
777
831
913
1015
1062
1011
872
724
583
422
244
-24
-324
-523
-739
-968
-1105
-1195
-1351
-1535
-1591
-1675
-1795
-1839
-1900
-1934
-1973
-1971
-1795
-1558
-1323
-1011
-601
-111
415
1046
1707
2261
2923
3592
4164
4786
5326
5786
6154
6347
6441
6399
6125
5717
5258
4683
4027
3318
2554
1778
957
202
-413
-1047
-1632
-2022
-2354
-2717
-3008
-3165
-3212
-3246
-3253
-3169
-3074
-2902
-2716
-2553
-2375
-2217
-1963
-1722
-1470
-1156
-883
-590
-326
-116
142
478
729
957
1201
1427
1682
1864
2040
2173
2264
2345
2299
2212
2127
1992
1776
1435
1109
861
616
371
66
-187
-320
-546
-805
-1062
-1309
-1449
-1675
-1946
-2121
-2284
-2467
-2677
-2838
-2969
-3040
-3052
-3119
-3014
-2748
-2464
-2167
-1843
-1406
-979
-598
-206
155
461
655
779
886
958
972
936
921
944
946
891
813
670
453
178
-126
-339
-557
-813
-1080
-1382
-1552
-1699
-1844
-1880
-1921
-2020
-2096
-2047
-2023
-2016
-1918
-1760
-1536
-1314
-1036
-597
-118
388
1021
1706
2427
3213
3960
4635
5226
5753
6166
6327
6389
6421
6215
5862
5479
4955
4342
3688
2933
2128
1332
578
-130
-859
-1540
-2075
-2501
-2858
-3087
-3197
-3294
-3284
-3162
-3048
-2906
-2753
-2579
-2428
-2327
-2184
-2040
-1860
-1709
-1556
-1262
-972
-670
-351
-100
149
438
711
893
1037
1200
1436
1689
1883
2051
2247
2371
2325
2291
2230
2024
1753
1463
1135
785
491
197
-121
-323
-494
-701
-885
-1063
-1189
-1347
-1609
-1861
-2116
-2340
-2586
-2863
-3013
-3095
-3084
-2961
-2819
-2613
-2321
-2044
-1798
-1517
-1137
-774
-518
-272
37
328
592
817
995
1220
1299
1345
1296
1236
1096
947
703
431
222
38
-193
-465
-702
-918
-1177
-1371
-1507
-1631
-1788
-1916
-2005
-2134
-2201
-2208
-2168
-2063
-1878
-1583
-1279
-922
-524
-79
440
1001
1648
2369
3141
3858
4497
5129
5687
6065
6272
6405
6435
6282
5971
5553
5028
4417
3752
2983
2130
1332
606
-164
-947
-1597
-2167
-2733
-3168
-3389
-3532
-3610
-3559
-3506
-3511
-3414
-3181
-2965
-2819
-2618
-2330
-2067
-1822
-1551
-1336
-1129
-859
-592
-336
-106
118
383
577
724
995
1276
1469
1751
2083
2311
2508
2683
2721
2634
2550
2403
2169
1867
1449
1036
609
206
-74
-289
-437
-702
-1020
-1167
-1335
-1558
-1821
-2206
-2567
-2825
-3007
-3131
-3163
-3077
-2928
-2782
-2650
-2422
-2157
-1924
-1642
-1344
-983
-610
-258
68
393
761
971
1155
1345
1391
1328
1261
1304
1246
1120
968
742
584
318
42
-135
-412
-664
-901
-1155
-1345
-1531
-1724
-1857
-1989
-2159
-2246
-2324
-2327
-2237
-2138
-1937
-1780
-1547
-1225
-904
-455
99
682
1326
2074
2819
3566
4261
4917
5516
5952
6331
6564
6624
6478
6185
5773
5173
4535
3843
3077
2230
1409
709
-26
-779
-1426
-2003
-2523
-2954
-3350
-3580
-3689
-3795
-3838
-3802
-3628
-3413
-3182
-2937
-2721
-2468
-2210
-1912
-1668
-1465
-1186
-941
-659
-427
-263
20
270
522
793
1027
1310
1549
1724
1905
2115
2337
2535
2597
2570
2580
2506
2292
1971
1632
1370
1020
571
239
-15
-342
-709
-1018
-1209
-1347
-1588
-1879
-2169
-2476
-2709
-2938
-3170
-3292
-3293
-3258
-3149
-2940
-2685
-2339
-2060
-1734
-1292
-874
-416
-85
197
529
752
916
1059
1163
1293
1396
1402
1368
1261
1138
971
811
720
529
280
-34
-312
-545
-798
-1034
-1338
-1643
-1872
-2045
-2214
-2306
-2355
-2334
-2222
-2175
-2072
-1923
-1709
-1405
-1110
-759
-301
267
840
1508
2307
3094
3855
4553
5152
5665
6054
6262
6345
6290
6081
5794
5377
4781
4124
3433
2662
1902
1154
363
-427
-1145
-1742
-2227
-2608
-2993
-3375
-3644
-3732
-3703
-3680
-3557
-3428
-3263
-3003
-2791
-2559
-2364
-2186
-1938
-1712
-1471
-1190
-947
-788
-589
-284
26
300
518
783
1056
1322
1639
1904
2243
2543
2705
2825
2857
2807
2666
2430
2079
1746
1433
1107
777
399
34
-308
-599
-970
-1298
-1448
-1601
-1758
-1986
-2232
-2401
-2570
-2744
-2865
-2868
-2779
-2665
-2545
-2299
-1948
-1640
-1348
-1028
-679
-314
-16
244
523
751
935
1122
1232
1311
1388
1382
1336
1229
1147
999
762
652
501
285
36
-256
-536
-805
-1040
-1298
-1558
-1788
-1916
-2030
-2138
-2179
-2194
-2182
-2253
-2235
-2148
-2020
-1792
-1549
-1226
-808
-276
328
989
1701
2535
3323
3939
4579
5105
5535
5874
6074
6186
6164
6028
5722
5283
4752
4165
3478
2760
2002
1137
364
-407
-1175
-1831
-2404
-2903
-3353
-3664
-3852
-3938
-3892
-3823
-3737
-3578
-3380
-3070
-2803
-2660
-2426
-2229
-2021
-1804
-1653
-1396
-1158
-944
-643
-331
-17
361
663
942
1306
1547
1755
2000
2215
2379
2426
2493
2534
2543
2547
2454
2289
2003
1747
1502
1085
627
167
-193
-562
-970
-1258
-1476
-1663
-1887
-2055
-2204
-2303
-2339
-2499
-2600
-2617
-2574
-2458
-2368
-2153
-1882
-1640
-1450
-1221
-821
-508
-270
7
323
616
786
941
1089
1282
1402
1430
1408
1299
1288
1224
1066
903
679
386
52
-188
-377
-642
-901
-1120
-1381
-1584
-1707
-1835
-1919
-1985
-2046
-2080
-2102
-2084
-2033
-1927
-1746
-1544
-1250
-830
-371
140
700
1336
2151
2982
3654
4233
4772
5237
5609
5858
6003
6040
5938
5676
5216
4669
4029
3329
2637
1894
1173
426
-282
-931
-1555
-2072
-2542
-2929
-3228
-3458
-3561
-3563
-3528
-3488
-3363
-3103
-2811
-2649
-2595
-2512
-2437
-2368
-2246
-2082
-1858
-1613
-1409
-1163
-846
-516
-140
227
598
1103
1568
1880
2083
2245
2382
2484
2617
2649
2586
2489
2317
2139
1879
1599
1366
978
508
134
-218
-570
-959
-1314
-1541
-1750
-1882
-2004
-2145
-2247
-2347
-2334
-2279
-2214
-2113
-2079
-2115
-2006
-1748
-1529
-1312
-1112
-853
-583
-370
-50
255
508
733
916
1152
1322
1405
1414
1400
1362
1233
1151
1002
867
754
498
234
3
-163
-382
-632
-874
-1144
-1355
-1614
-1801
-1874
-1949
-2032
-2091
-2154
-2215
-2186
-2094
-1912
-1629
-1277
-789
-164
462
1095
1782
2419
3001
3546
4074
4589
5101
5485
5671
5813
5843
5743
5498
5091
4632
4052
3419
2745
1968
1181
372
-356
-1028
-1648
-2095
-2467
-2748
-2982
-3149
-3229
-3338
-3407
-3439
-3413
-3337
-3247
-3159
-3076
-2951
-2764
-2589
-2479
-2302
-2085
-1842
-1565
-1229
-856
-467
-31
317
694
1034
1365
1750
2024
2340
2602
2775
2827
2770
2704
2563
2424
2255
2002
1649
1272
847
387
-19
-365
-637
-951
-1169
-1307
-1505
-1581
-1683
-1832
-1925
-2058
-2215
-2397
-2443
-2385
-2334
-2196
-1984
-1642
-1340
-1083
-815
-615
-419
-244
-11
265
530
810
1043
1209
1342
1492
1578
1574
1537
1464
1288
1052
849
630
357
72
-164
-338
-479
-634
-829
-1084
-1381
-1618
-1742
-1845
-1960
-1997
-1972
-2005
-2046
-1976
-1860
-1791
-1687
-1479
-1209
-867
-412
125
711
1386
2165
2904
3533
4121
4664
5105
5416
5664
5838
5851
5742
5532
5092
4512
3963
3310
2591
1816
1064
393
-314
-966
-1583
-2067
-2490
-2881
-3182
-3439
-3528
-3636
-3707
-3743
-3684
-3548
-3435
-3219
-3049
-2828
-2633
-2448
-2286
-2058
-1902
-1693
-1445
-1159
-772
-380
44
460
900
1252
1622
1952
2205
2354
2445
2565
2626
2600
2576
2518
2397
2213
1913
1633
1293
902
531
71
-280
-679
-998
-1356
-1594
-1669
-1746
-1854
-1914
-1916
-1926
-1950
-2050
-1996
-1912
-1842
-1759
-1644
-1527
-1327
-1297
-1160
-980
-726
-459
-193
128
486
828
1141
1367
1545
1679
1717
1731
1702
1514
1293
1096
878
644
466
245
-22
-340
-664
-944
-1283
-1519
-1701
-1927
-2055
-2144
-2188
-2213
-2200
-2106
-2025
-1931
-1773
-1487
-1221
-1013
-686
-288
245
834
1472
2146
2725
3381
3967
4447
4873
5123
5350
5490
5529
5491
5307
4992
4525
4086
3596
2930
2258
1584
941
254
-417
-928
-1432
-1852
-2196
-2530
-2805
-3075
-3268
-3433
-3561
-3586
-3574
-3488
-3342
-3195
-3094
-2991
-2871
-2752
-2613
-2417
-2152
-1926
-1613
-1237
-922
-506
-85
330
789
1248
1698
2027
2265
2420
2561
2665
2590
2575
2587
2460
2265
1958
1605
1258
938
622
286
-93
-473
-772
-1046
-1270
-1390
-1469
-1598
-1739
-1814
-1879
-2021
-2146
-2128
-2077
-2039
-2026
-1920
-1753
-1572
-1349
-1200
-970
-686
-363
-60
167
478
744
938
1043
1200
1397
1501
1541
1513
1555
1523
1402
1268
1030
786
585
316
42
-239
-621
-905
-1195
-1419
-1583
-1796
-1923
-2116
-2179
-2185
-2224
-2211
-2249
-2153
-1954
-1722
-1494
-1193
-739
-226
385
1052
1712
2345
2974
3576
4163
4664
5053
5370
5557
5619
5592
5481
5114
4716
4375
3963
3534
2954
2335
1607
886
250
-471
-1084
-1696
-2170
-2481
-2875
-3190
-3371
-3533
-3630
-3601
-3543
-3440
-3327
-3276
-3215
-3118
-3035
-2988
-2899
-2687
-2386
-2077
-1753
-1370
-957
-531
-96
370
834
1185
1440
1705
1895
1975
2106
2267
2312
2305
2338
2336
2249
2054
1745
1379
1003
584
195
-137
-422
-682
-1019
-1301
-1401
-1478
-1636
-1775
-1885
-1971
-2079
-2241
-2279
-2270
-2148
-2036
-1984
-1756
-1605
-1437
-1190
-857
-434
-152
105
338
583
816
1005
1213
1353
1439
1439
1368
1282
1211
1162
1049
897
762
619
431
230
132
32
-100
-209
-459
-755
-1022
-1340
-1590
-1808
-1956
-1977
-2010
-2008
-1986
-2001
-1972
-1838
-1597
-1373
-1112
-771
-356
219
847
1569
2344
3018
3650
4235
4768
5178
5428
5572
5603
5525
5354
5088
4676
4175
3643
3032
2377
1722
1059
448
-85
-658
-1226
-1666
-2121
-2498
-2744
-2943
-3049
-3150
-3194
-3212
-3212
-3136
-3115
-3153
-3150
-3110
-3039
-2849
-2689
-2505
-2267
-2086
-1799
-1516
-1144
-724
-404
21
367
672
1058
1406
1824
2176
2419
2575
2608
2628
2538
2420
2269
1961
1659
1407
1082
704
395
126
-141
-380
-614
-883
-1110
-1277
-1449
-1604
-1738
-1837
-1910
-1999
-2095
-2111
-2065
-2089
-2056
-1919
-1742
-1526
-1356
-1151
-877
-512
-86
163
373
651
873
1152
1402
1510
1504
1454
1528
1555
1502
1461
1309
1132
944
723
469
134
-231
-561
-800
-981
-1122
-1319
-1599
-1801
-1934
-2042
-2037
-1956
-1928
-1905
-1839
-1783
-1684
-1536
-1355
-1064
-663
-230
260
812
1408
2077
2750
3354
3922
4455
4937
5323
5540
5580
5492
5333
5108
4782
4350
3832
3238
2582
1881
1178
528
-36
-539
-1035
-1517
-1968
-2403
-2784
-3049
-3173
-3236
-3336
-3399
-3365
-3333
-3306
-3227
-3151
-3025
-2847
-2688
-2538
-2362
-2170
-1948
-1671
-1415
-1023
-598
-279
130
516
923
1289
1542
1842
2145
2468
2616
2610
2625
2528
2436
2278
1978
1713
1400
1065
718
336
-9
-377
-696
-960
-1186
-1336
-1495
-1604
-1701
-1758
-1766
-1795
-1772
-1791
-1820
-1804
-1785
-1745
-1636
-1517
-1363
-1116
-918
-605
-309
-108
131
362
643
821
962
1086
1171
1255
1290
1298
1258
1250
1172
1127
1071
948
905
734
451
114
-228
-603
-1034
-1299
-1545
-1779
-1906
-2046
-2119
-2196
-2223
-2160
-2166
-2058
-1862
-1668
-1434
-1269
-994
-603
-197
361
948
1501
2094
2691
3317
3918
4445
4842
5037
5182
5303
5260
5113
4827
4413
4014
3541
3016
2511
1940
1343
782
205
-327
-799
-1255
-1679
-2104
-2424
-2706
-3005
-3260
-3468
-3515
-3453
-3304
-3154
-3061
-2951
-2846
-2721
-2618
-2518
-2405
-2236
-2087
-1928
-1675
-1368
-955
-556
-121
307
768
1290
1671
2005
2274
2526
2623
2530
2451
2349
2245
2075
1874
1671
1466
1250
922
554
261
10
-330
-705
-993
-1208
-1412
-1592
-1703
-1776
-1809
-1835
-1907
-1981
-1962
-1887
-1838
-1766
-1621
-1456
-1342
-1147
-877
-593
-334
-154
56
308
605
849
1024
1219
1341
1461
1547
1553
1565
1492
1367
1253
1122
943
704
422
129
-91
-339
-619
-918
-1216
-1396
-1586
-1746
-1940
-2120
-2201
-2290
-2287
-2308
-2235
-2062
-1873
-1576
-1237
-792
-305
138
591
1110
1647
2201
2763
3236
3740
4214
4492
4719
4967
5086
5060
4935
4660
4314
3939
3460
2906
2382
1860
1286
699
164
-336
-815
-1199
-1571
-1932
-2268
-2616
-2788
-2936
-3113
-3138
-3198
-3229
-3172
-3167
-3119
-3035
-2955
-2875
-2789
-2580
-2272
-1968
-1656
-1280
-892
-485
-94
199
505
811
1072
1352
1650
1911
2101
2239
2337
2371
2375
2360
2196
1941
1673
1410
1107
718
411
111
-206
-443
-687
-869
-1025
-1218
-1394
-1577
-1661
-1711
-1821
-1900
-1977
-2002
-1951
-1878
-1743
-1554
-1395
-1258
-1076
-911
-724
-490
-276
14
306
531
764
945
1099
1201
1243
1303
1313
1335
1303
1221
1171
1034
931
785
596
397
99
-200
-582
-901
-1137
-1375
-1556
-1715
-1826
-1933
-2021
-2066
-2091
-2112
-2027
-1831
-1654
-1437
-1207
-842
-370
82
658
1200
1720
2283
2757
3262
3708
4043
4302
4522
4747
4867
4858
4653
4401
4113
3712
3360
2939
2472
2002
1499
1025
481
-21
-457
-899
-1301
-1694
-2035
-2363
-2637
-2841
-3065
-3186
-3229
-3234
-3231
-3234
-3128
-2990
-2940
-2831
-2590
-2405
-2213
-1921
-1652
-1360
-980
-562
-127
237
508
770
977
1147
1336
1471
1573
1638
1641
1682
1742
1757
1781
1730
1542
1324
1071
768
506
268
6
-224
-432
-652
-840
-1014
-1243
-1486
-1650
-1751
-1869
-2003
-2041
-1974
-1904
-1826
-1690
-1519
-1373
-1254
-1059
-825
-632
-421
-193
17
299
576
768
984
1154
1326
1442
1424
1447
1417
1291
1139
955
743
526
386
203
15
-114
-331
-569
-814
-1032
-1215
-1391
-1557
-1745
-1832
-1939
-2016
-1935
-1879
-1761
-1602
-1349
-1056
-825
-432
-53
272
704
1170
1639
2046
2516
3014
3439
3877
4264
4590
4745
4778
4775
4613
4382
4075
3703
3274
2743
2272
1787
1282
880
414
-62
-472
-913
-1291
-1658
-2028
-2338
-2558
-2734
-2953
-3051
-3098
-3102
-2988
-2876
-2702
-2547
-2461
-2383
-2323
-2212
-2009
-1808
-1586
-1210
-829
-540
-255
10
263
512
727
924
1075
1218
1434
1582
1661
1783
1865
1845
1756
1608
1329
1012
735
477
198
-25
-137
-324
-473
-588
-768
-965
-1237
-1458
-1652
-1868
-2011
-2093
-2107
-2030
-1879
-1673
-1475
-1300
-1142
-1090
-998
-810
-635
-409
-230
2
310
515
702
864
992
1113
1214
1294
1253
1162
1044
915
882
823
780
741
601
449
229
-62
-318
-610
-902
-1123
-1347
-1511
-1577
-1647
-1687
-1683
-1654
-1614
-1622
-1599
-1462
-1246
-964
-612
-229
163
597
1104
1630
2139
2649
3110
3454
3707
3917
4090
4243
4380
4440
4359
4195
3994
3707
3309
2864
2414
1943
1462
1030
606
129
-317
-681
-1023
-1400
-1777
-2086
-2389
-2649
-2781
-2878
-2973
-2973
-2938
-2880
-2795
-2729
-2621
-2642
-2677
-2461
-2220
-1988
-1728
-1430
-1133
-849
-481
-73
302
582
829
1005
1085
1220
1390
1490
1526
1572
1618
1614
1488
1377
1242
1044
951
774
479
145
-162
-389
-615
-768
-858
-944
-1078
-1214
-1304
-1404
-1522
-1626
-1655
-1665
-1659
-1541
-1398
-1315
-1196
-1056
-970
-819
-586
-349
-74
155
345
568
749
905
1063
1161
1189
1231
1198
1114
1093
1039
1012
949
874
808
621
430
192
-89
-366
-689
-951
-1189
-1401
-1569
-1739
-1832
-1906
-1979
-1986
-2021
-1965
-1824
-1688
-1467
-1204
-895
-587
-247
193
595
1005
1507
2012
2448
2919
3332
3629
3865
4007
4177
4237
4241
4324
4265
4045
3747
3374
2933
2488
2038
1600
1181
676
143
-346
-742
-1091
-1434
-1721
-2015
-2322
-2585
-2841
-3000
-3034
-3036
-2973
-2913
-2902
-2846
-2766
-2609
-2355
-2139
-1899
-1626
-1449
-1283
-1048
-778
-470
-143
161
416
581
743
957
1172
1415
1622
1695
1653
1681
1753
1721
1717
1657
1506
1324
1067
838
562
222
-44
-273
-478
-642
-839
-994
-1186
-1384
-1461
-1549
-1561
-1612
-1693
-1689
-1677
-1591
-1497
-1306
-1106
-972
-806
-613
-364
-165
40
213
344
518
699
829
1001
1207
1237
1256
1225
1096
1011
913
851
797
731
545
242
-22
-280
-562
-798
-1018
-1278
-1483
-1636
-1827
-1974
-2046
-2111
-2156
-2170
-2144
-1984
-1726
-1509
-1306
-1072
-810
-479
-75
327
740
1192
1623
2065
2549
2958
3287
3622
3910
4107
4273
4390
4409
4333
4137
3866
3565
3202
2830
2442
1948
1459
1026
604
234
-166
-613
-961
-1253
-1516
-1722
-1914
-2078
-2269
-2497
-2601
-2603
-2565
-2450
-2352
-2311
-2247
-2175
-2124
-2015
-1828
-1671
-1553
-1332
-1006
-697
-406
-130
88
289
519
745
949
1149
1331
1453
1517
1586
1671
1700
1622
1505
1390
1265
1111
898
638
316
90
-54
-239
-424
-637
-799
-951
-1094
-1231
-1427
-1555
-1661
-1748
-1802
-1833
-1788
-1756
-1709
-1586
-1430
-1222
-1027
-896
-728
-546
-422
-231
-18
135
306
507
752
893
980
1063
1014
998
975
911
785
642
484
253
93
-84
-221
-388
-580
-701
-909
-1123
-1325
-1506
-1654
-1746
-1750
-1694
-1627
-1549
-1417
-1305
-1116
-815
-543
-379
-115
280
668
1146
1643
2125
2469
2793
3215
3513
3770
3947
4069
4106
3988
3918
3786
3630
3536
3352
3090
2745
2304
1768
1209
729
260
-125
-422
-779
-1113
-1335
-1518
-1684
-1802
-1951
-2144
-2280
-2364
-2411
-2450
-2515
-2580
-2581
-2500
-2411
-2261
-2080
-1874
-1679
-1557
-1403
-1280
-1092
-815
-572
-310
-24
287
549
767
924
1031
1128
1258
1371
1376
1396
1356
1283
1231
1183
1124
967
827
621
294
9
-197
-360
-550
-698
-776
-924
-1056
-1061
-1138
-1296
-1412
-1559
-1662
-1703
-1714
-1600
-1475
-1337
-1131
-936
-693
-475
-306
-141
-20
131
289
473
625
692
885
970
983
1045
1036
982
868
766
577
426
184
38
-127
-330
-507
-681
-809
-991
-1139
-1267
-1380
-1455
-1478
-1484
-1434
-1419
-1330
-1202
-1093
-978
-829
-578
-324
-78
250
579
944
1313
1733
2151
2469
2881
3214
3415
3607
3724
3870
3948
3943
3871
3769
3685
3462
3091
2643
2203
1748
1270
834
410
-24
-452
-843
-1196
-1478
-1712
-1964
-2153
-2289
-2398
-2429
-2436
-2441
-2409
-2378
-2393
-2362
-2279
-2208
-2114
-2022
-1927
-1869
-1756
-1515
-1327
-1054
-759
-557
-304
-127
118
374
518
770
942
1116
1313
1380
1482
1525
1489
1446
1359
1255
1104
911
719
553
406
230
42
-152
-376
-623
-812
-952
-1108
-1236
-1368
-1487
-1494
-1468
-1466
-1416
-1336
-1247
-1134
-1016
-875
-768
-616
-451
-370
-241
-50
204
405
556
680
721
774
806
822
833
848
808
725
618
468
333
165
21
-90
-154
-259
-470
-646
-867
-1044
-1073
-1093
-1080
-1061
-1076
-1096
-1135
-1102
-1042
-994
-910
-741
-549
-323
-14
315
700
972
1386
1696
1929
2211
2473
2678
2852
3126
3334
3527
3708
3816
3758
3611
3391
3142
2840
2531
2211
1855
1479
1084
677
294
-149
-524
-866
-1230
-1489
-1785
-2086
-2341
-2574
-2717
-2784
-2769
-2744
-2687
-2573
-2454
-2321
-2184
-2013
-1884
-1807
-1720
-1623
-1504
-1418
-1275
-1080
-847
-494
-132
230
481
633
802
939
1062
1072
1039
1026
979
949
982
1050
1058
1014
961
821
593
368
101
-183
-348
-438
-521
-664
-856
-994
-1137
-1253
-1218
-1183
-1168
-1071
-1050
-1104
-1067
-1046
-1080
-991
-785
-590
-396
-195
-65
-20
52
199
322
380
427
438
426
459
506
515
493
487
466
377
303
236
121
16
-112
-251
-343
-458
-559
-591
-634
-679
-731
-852
-958
-1033
-1050
-927
-783
-696
-523
-275
-113
104
365
578
771
956
1196
1406
1663
2006
2367
2713
2971
3220
3342
3408
3459
3437
3330
3142
2929
2713
2509
2241
2073
1730
1405
1056
630
214
-215
-640
-1011
-1348
-1655
-1849
-1980
-2019
-2079
-2080
-2155
-2207
-2211
-2218
-2169
-2129
-1995
-1953
-1993
-1899
-1817
-1704
-1502
-1299
-1087
-862
-678
-478
-367
-271
-101
93
324
429
532
570
528
601
615
648
717
723
641
531
438
352
245
86
4
-61
-103
-152
-215
-243
-337
-380
-415
-523
-605
-644
-706
-721
-668
-644
-599
-575
-523
-402
-352
-374
-360
-305
-301
-241
-142
-106
-72
-8
34
42
37
13
11
-32
-58
-16
-70
-141
-193
-268
-313
-376
-416
-404
-457
-555
-606
-641
-644
-596
-541
-518
-510
-494
-428
-364
-267
-126
20
152
274
430
569
730
879
1099
1209
1385
1608
1868
2093
2289
2486
2571
2688
2814
2951
2974
3004
2952
2868
2738
2563
2361
2065
1772
1440
1098
736
297
-90
-479
-862
-1181
-1436
-1640
-1848
-2029
-2106
-2151
-2169
-2167
-2156
-2092
-1970
-1804
-1594
-1428
-1258
-1051
-874
-710
-582
-406
-323
-278
-271
-181
-127
-40
47
129
171
197
275
307
345
447
464
449
433
402
326
178
-18
-187
-311
-435
-449
-397
-352
-265
-225
-189
-193
-181
-110
-126
-144
-162
-155
-103
-62
51
151
195
240
258
273
215
119
59
-50
-170
-312
-441
-570
-780
-881
-954
-1081
-1148
-1225
-1258
-1271
-1344
-1395
-1420
-1445
-1461
-1446
-1398
-1339
-1265
-1150
-1006
-862
-718
-582
-433
-296
-229
-184
-127
-118
-87
63
220
353
550
741
875
1000
1088
1174
1340
1483
1565
1697
1802
1920
2072
2191
2336
2416
2497
2591
2641
2752
2821
2836
2785
2622
2443
2149
1756
1393
1014
662
317
-24
-328
-633
-883
-1169
-1392
-1526
-1614
-1473
-1359
-1290
-1187
-1094
-1005
-879
-690
-561
-351
-224
-166
-128
-164
-130
-151
-173
-251
-319
-379
-487
-571
-658
-658
-697
-640
-538
-430
-282
-253
-176
-58
-1
58
141
89
11
-79
-283
-374
-409
-403
-343
-259
-128
-60
12
90
128
150
193
247
246
333
439
428
430
390
357
305
199
102
-73
-306
-557
-789
-1002
-1176
-1344
-1486
-1575
-1665
-1679
-1697
-1669
-1587
-1523
-1439
-1426
-1410
-1367
-1321
-1242
-1154
-1023
-855
-676
-509
-353
-204
-92
-3
113
244
322
405
512
572
629
671
714
736
731
761
737
746
790
785
793
767
760
753
792
1008
1165
1275
1455
1581
1749
1934
2036
2125
2229
2377
2472
2540
2535
2348
2128
1877
1629
1385
1123
855
442
15
-292
-550
-777
-942
-1076
-1181
-1214
-1264
-1317
-1303
-1275
-1232
-1135
-1025
-912
-771
-676
-646
-594
-531
-512
-479
-442
-497
-585
-640
-681
-680
-656
-621
-525
-444
-417
-375
-342
-358
-364
-329
-273
-221
-163
-88
-4
89
159
193
237
292
408
541
678
799
879
920
936
918
851
766
600
545
456
349
279
268
169
120
97
12
-162
-371
-564
-767
-954
-1148
-1277
-1348
-1433
-1570
-1709
-1757
-1801
-1739
-1729
-1607
-1506
-1350
-1198
-1053
-850
-724
-554
-345
-131
40
215
367
500
511
522
483
399
272
98
-104
-358
-549
-705
-757
-736
-750
-613
-460
-322
-129
-1
108
293
538
774
1003
1245
1462
1616
1800
2001
2095
2116
2155
2200
2168
2064
1968
1815
1529
1160
791
489
255
109
46
-54
-218
-310
-328
-289
-153
-41
-6
44
118
120
134
225
225
199
276
425
498
516
483
290
125
-46
-181
-299
-462
-538
-667
-780
-875
-931
-849
-793
-714
-613
-517
-373
-255
-190
-181
-248
-327
-421
-450
-355
-303
-200
-32
95
199
294
463
539
507
592
656
707
768
757
701
540
433
371
265
178
43
-168
-427
-640
-822
-1025
-1203
-1367
-1541
-1732
-1843
-1908
-1957
-1929
-1945
-1942
-1890
-1846
-1747
-1681
-1574
-1399
-1244
-1001
-789
-581
-319
-172
-37
113
191
184
156
204
237
273
380
503
578
627
728
801
794
809
888
913
849
821
818
771
736
752
762
716
677
727
787
817
923
1027
1067
1133
1192
1251
1329
1356
1340
1296
1265
1274
1278
1270
1227
1102
975
818
595
405
161
-42
-179
-348
-446
-538
-605
-680
-745
-721
-727
-719
-651
-565
-495
-433
-405
-452
-449
-409
-366
-290
-200
-122
-119
-122
-188
-247
-206
-292
-359
-346
-387
-385
-368
-347
-312
-276
-218
-159
-152
-144
-103
-176
-230
-195
-175
-119
-128
-149
-139
-131
-37
42
94
99
115
196
224
234
238
241
213
156
107
23
-81
-143
-157
-202
-245
-290
-391
-478
-526
-591
-641
-674
-690
-629
-629
-616
0
0
0
0
0
0
0
0
0
0
0
0
0
0
0
0
0
0
0
0
0
0
0
0
0
0
0
0
0
0
0
0
0
0
0
0
0
0
0
0
0
0
0
0
0
0
0
0
0
0
0
0
0
0
0
0
0
0
0
0
0
0
0
0
0
0
0
0
0
0
0
0
0
0
0
0
0
0
0
0
0
0
0
0
0
0
0
0
0
0
0
0
0
0
0
0
0
0
0
0
0
0
0
0
0
0
0
0
0
0
0
0
0
0
0
0
0
0
0
0
0
0
0
0
0
0
0
0
0
0
0
0
0
0
0
0
0
0
0
0
0
0
0
0
0
0
0
0
0
0
0
0
0
0
0
0
0
0
0
0
0
0
0
0
0
0
0
0
0
0
0
0
0
0
0
0
0
0
0
0
0
0
0
0
0
0
0
0
0
0
0
0
0
0
0
0
0
0
0
0
0
0
0
0
0
0
0
0
0
0
0
0
0
0
0
0
0
0
0
0
0
0
0
0
0
0
0
0
0
0
0
0
0
0
0
0
0
0
0
0
0
0
0
0
0
0
0
0
0
0
0
0
0
0
0
0
0
0
0
0
0
0
0
0
0
0
0
0
0
0
0
0
0
0
0
0
0
0
0
0
0
0
0
0
0
0
0
0
0
0
0
0
0
0
0
0
0
0
0
0
0
0
0
0
0
0
0
0
0
0
0
0
0
0
0
0
0
0
0
0
0
0
0
0
0
0
0
0
0
0
0
0
0
0
0
0
0
0
0
0
0
0
0
0
0
0
0
0
0
0
0
0
0
0
0
0
0
0
0
0
0
0
0
0
0
0
0
0
0
0
0
0
0
0
0
0
0
0
0
0
0
0
0
0
0
0
0
0
0
0
0
0
0
0
0
0
0
0
0
0
