0
0
0
0
0
0
0
0
0
0
0
0
0
0
0
0
0
0
0
0
0
0
0
0
0
0
0
0
0
0
0
0
0
0
0
0
0
0
0
0
0
0
0
0
0
0
0
0
0
0
0
0
0
0
0
0
0
0
0
0
0
0
0
0
0
0
0
0
0
0
0
0
0
0
0
0
0
0
0
0
0
0
0
0
0
0
0
0
0
0
0
0
0
0
0
0
0
0
0
0
0
0
0
0
0
0
0
0
0
0
0
0
0
0
0
0
0
0
0
0
0
0
0
0
0
0
0
0
0
0
0
0
0
0
0
0
0
0
0
0
0
0
0
0
0
0
0
0
0
0
0
0
0
0
0
0
0
0
0
0
0
0
0
0
0
0
0
0
0
0
0
0
0
0
0
0
0
0
0
0
0
0
0
0
0
0
0
0
0
0
0
0
0
0
0
0
0
0
0
0
0
0
0
0
0
0
0
0
0
0
0
0
0
0
0
0
0
0
0
0
0
0
0
0
0
0
0
0
0
0
0
0
0
0
0
0
0
0
0
0
0
0
0
0
0
0
0
0
0
0
0
0
0
0
0
0
0
0
0
0
0
0
0
0
0
0
0
0
0
0
0
0
0
0
0
0
0
0
0
0
0
0
0
0
0
0
0
0
0
0
0
0
0
0
0
0
0
0
0
0
0
0
0
0
0
0
0
0
0
0
0
0
0
0
0
0
0
0
0
0
0
0
0
0
0
0
0
0
0
0
0
0
0
0
0
0
0
0
0
0
0
0
0
0
0
0
0
0
0
0
0
0
0
0
0
0
0
0
0
0
0
0
0
0
0
0
0
0
0
0
0
0
0
0
0
0
0
0
0
0
0
0
0
0
0
0
0
0
0
0
0
0
0
0
0
0
0
0
0
0
-373
-361
-314
-298
-224
-222
-193
-180
-187
-156
-194
-195
-235
-266
-291
-318
-328
-382
-356
-360
-355
-325
-334
-346
-342
-364
-371
-326
-374
-423
-469
-500
-547
-475
-429
-387
-355
-253
-173
-92
-74
-1
138
180
184
143
139
80
-18
-53
-109
-66
-51
-56
-131
-158
-99
-86
-3
102
273
371
445
577
669
756
780
833
912
1031
1212
1410
1632
1827
1982
2154
2344
2441
2454
2384
2330
2184
1861
1512
1053
577
97
-362
-779
-1073
-1220
-1485
-1689
-1729
-1607
-1407
-1278
-1129
-945
-741
-634
-564
-434
-336
-371
-537
-646
-609
-555
-619
-723
-786
-712
-717
-911
-981
-970
-1042
-1307
-1618
-1731
-1772
-1925
-2188
-2263
-2099
-1960
-1875
-1686
-1235
-710
-301
102
588
1129
1583
1888
2069
2304
2557
2536
2395
2284
2178
1962
1597
1353
1191
992
737
432
289
294
211
30
-33
-26
-124
-280
-387
-306
-187
-223
-256
-146
107
243
232
289
396
452
324
219
208
114
-32
-289
-482
-553
-751
-885
-930
-1063
-1185
-1319
-1440
-1500
-1537
-1518
-1488
-1394
-1250
-1117
-1003
-910
-724
-500
-323
-157
56
334
594
732
754
768
832
896
840
736
683
625
485
256
125
88
20
-88
-152
-61
42
49
37
100
233
318
353
397
471
608
794
1001
1226
1461
1714
2029
2368
2702
2926
2943
2933
2907
2652
2191
1701
1231
690
83
-610
-1205
-1573
-1912
-2276
-2515
-2548
-2402
-2234
-2058
-1862
-1612
-1373
-1149
-801
-640
-562
-577
-518
-399
-254
-185
-148
46
163
174
165
274
341
255
12
-179
-351
-622
-1057
-1491
-1701
-1853
-2083
-2169
-1967
-1675
-1458
-1233
-836
-159
451
878
1185
1454
1721
1770
1610
1486
1476
1302
1016
738
649
587
440
250
319
411
388
337
306
346
285
69
-84
-157
-257
-432
-646
-794
-783
-794
-837
-724
-510
-343
-218
-46
197
406
513
542
545
592
552
330
170
131
49
-136
-372
-517
-657
-947
-1232
-1440
-1620
-1762
-1934
-2074
-2120
-2151
-2102
-1987
-1878
-1657
-1396
-1214
-955
-542
-130
198
489
822
1258
1780
2312
2900
3573
4178
4660
5175
5740
6165
6378
6424
6316
6042
5536
4795
3889
2792
1548
336
-847
-2017
-2985
-3730
-4369
-4806
-4990
-4928
-4592
-4152
-3696
-3089
-2351
-1661
-1176
-800
-284
208
410
478
642
926
1134
1087
1023
1147
1259
1169
965
816
633
95
-826
-1740
-2330
-2847
-3646
-4462
-4924
-5126
-5290
-5366
-5018
-4193
-3379
-2764
-2035
-987
201
1113
1638
2155
2800
3281
3468
3497
3584
3709
3559
3222
3164
3295
3237
2985
2716
2543
2265
1640
915
371
-157
-877
-1645
-2106
-2272
-2453
-2678
-2710
-2366
-1800
-1338
-893
-277
354
797
1013
1193
1425
1435
1160
850
613
428
167
-188
-415
-454
-439
-438
-435
-393
-359
-401
-490
-590
-702
-864
-1112
-1427
-1691
-1773
-1719
-1674
-1598
-1400
-1155
-962
-765
-430
-88
-3
-76
-98
-110
-209
-441
-729
-899
-996
-1136
-1195
-1009
-628
-236
160
778
1646
2530
3337
4128
4867
5490
5963
6320
6556
6543
6309
5964
5428
4692
3867
2939
1880
737
-409
-1434
-2270
-2963
-3595
-4162
-4539
-4683
-4693
-4614
-4378
-3951
-3474
-3068
-2632
-2097
-1584
-1184
-944
-785
-441
31
338
568
881
1189
1439
1543
1540
1600
1543
1136
541
-12
-481
-1059
-1856
-2621
-3084
-3328
-3591
-3771
-3611
-3195
-2883
-2641
-2126
-1339
-650
-283
85
657
1305
1740
1915
2219
2633
2853
2688
2624
2887
2930
2640
2219
2021
1925
1557
960
448
181
-160
-635
-1036
-1195
-1250
-1465
-1779
-1841
-1564
-1357
-1226
-1018
-641
-236
-47
128
368
591
625
508
486
531
568
572
527
547
655
726
790
800
754
717
577
370
192
-16
-349
-776
-1266
-1663
-1931
-2313
-2642
-2787
-2767
-2783
-2923
-2827
-2504
-2219
-2135
-2085
-1779
-1391
-1192
-1127
-947
-542
-136
104
585
1385
2197
2968
3779
4785
5787
6628
7339
7997
8560
8769
8658
8379
7945
7180
5970
4522
3006
1445
-157
-1715
-3089
-4259
-5296
-6155
-6733
-6968
-6919
-6840
-6680
-6159
-5380
-4574
-3797
-2931
-1926
-1146
-768
-382
282
1013
1423
1539
1859
2381
2626
2563
2554
2740
2809
2408
1791
1402
1088
409
-658
-1682
-2356
-2979
-3848
-4597
-4815
-4719
-4718
-4770
-4396
-3421
-2415
-1827
-1294
-396
564
1060
1236
1661
2316
2622
2502
2561
3035
3401
3274
3008
3045
3209
3040
2495
2014
1772
1322
412
-443
-834
-1110
-1694
-2311
-2467
-2325
-2295
-2308
-2137
-1705
-1197
-923
-745
-374
50
256
256
343
595
717
708
730
770
904
1120
1237
1306
1476
1673
1630
1385
1238
1132
839
293
-338
-687
-950
-1577
-2264
-2646
-2847
-3087
-3433
-3556
-3260
-2974
-2946
-2888
-2509
-1970
-1672
-1533
-1159
-641
-358
-254
157
945
1646
2126
2691
3567
4643
5550
6302
7230
8188
8757
8830
8647
8381
7811
6705
5219
3658
2146
479
-1385
-3048
-4370
-5574
-6714
-7569
-7857
-7740
-7606
-7342
-6709
-5855
-5029
-4317
-3513
-2464
-1543
-1043
-598
131
933
1465
1752
2189
2955
3608
3795
3841
4137
4443
4255
3653
3149
2766
2029
799
-479
-1401
-2182
-3217
-4355
-5044
-5200
-5378
-5741
-5757
-5143
-4282
-3662
-3182
-2273
-986
-58
390
964
1861
2565
2733
2815
3288
3798
3814
3517
3441
3643
3628
3164
2673
2435
2131
1453
593
-33
-426
-1026
-1856
-2441
-2643
-2735
-2895
-2993
-2780
-2335
-1945
-1578
-1098
-574
-135
208
526
861
1177
1391
1497
1580
1706
1829
1906
1969
2005
2021
1959
1711
1351
1096
856
388
-270
-910
-1330
-1863
-2569
-3114
-3473
-3647
-3927
-4141
-3983
-3811
-3688
-3553
-3229
-2632
-2170
-1812
-1334
-872
-419
-59
351
1024
1614
2196
2852
3592
4482
5293
6138
7014
7764
8334
8657
8781
8651
8196
7417
6330
4970
3456
1792
-94
-2049
-3815
-5328
-6674
-7777
-8435
-8655
-8630
-8457
-8043
-7288
-6268
-5209
-4173
-3054
-1888
-926
-222
515
1408
2151
2515
2758
3228
3811
4175
4339
4596
4880
4734
4098
3533
3319
2913
1829
465
-577
-1463
-2701
-4131
-5110
-5534
-5936
-6542
-6829
-6329
-5459
-4912
-4522
-3575
-2079
-819
-107
628
1750
2771
3179
3309
3775
4434
4608
4211
3944
4191
4396
3962
3193
2731
2462
1771
704
-64
-400
-929
-1921
-2799
-3085
-3099
-3349
-3696
-3678
-3265
-2821
-2465
-1981
-1271
-551
-10
436
1001
1649
2063
2123
2155
2390
2626
2659
2609
2601
2600
2521
2324
2069
1884
1652
1071
204
-508
-975
-1620
-2589
-3473
-3929
-4226
-4695
-5010
-4767
-4230
-3925
-3760
-3255
-2407
-1780
-1540
-1257
-745
-230
-76
42
510
984
1441
1984
2771
3775
4642
5518
6385
7239
8019
8327
8445
8449
8017
7183
6049
4769
3269
1597
-131
-1921
-3551
-4957
-6294
-7413
-8039
-8281
-8357
-8198
-7638
-6734
-5744
-4807
-3808
-2605
-1377
-475
158
907
1801
2412
2590
2797
3384
3974
4109
4049
4307
4695
4601
4032
3639
3608
3258
2134
806
-40
-759
-2070
-3680
-4724
-5202
-5857
-6802
-7270
-6844
-6134
-5776
-5431
-4375
-2786
-1489
-625
378
1689
2780
3316
3691
4383
5140
5336
4983
4737
4818
4734
4157
3415
2892
2439
1691
728
-2
-412
-978
-1934
-2786
-3067
-3125
-3490
-3924
-3902
-3528
-3239
-3001
-2476
-1679
-946
-393
146
820
1513
1988
2187
2302
2508
2741
2829
2754
2661
2624
2527
2231
1857
1626
1407
844
10
-589
-855
-1294
-2132
-2937
-3384
-3752
-4270
-4616
-4503
-4230
-4161
-4090
-3630
-2929
-2437
-2142
-1661
-1003
-539
-279
133
777
1390
1852
2358
3126
4048
4848
5560
6417
7320
7957
8321
8558
8580
8254
7543
6430
5072
3570
1777
-250
-2216
-3958
-5535
-7020
-8229
-8990
-9346
-9343
-9113
-8585
-7502
-6241
-5189
-3959
-2435
-1089
-164
530
1363
2369
3065
3263
3474
4070
4612
4609
4449
4734
5133
4945
4281
3884
3910
3519
2279
947
67
-819
-2188
-3804
-4947
-5476
-6155
-7156
-7629
-7207
-6469
-6058
-5825
-4946
-3405
-2134
-1292
-208
1236
2510
3205
3663
4527
5486
5787
5596
5536
5744
5765
5204
4444
4013
3589
2648
1434
534
-44
-818
-1972
-3045
-3572
-3773
-4219
-4786
-4797
-4357
-4070
-3780
-3159
-2345
-1537
-947
-455
333
1256
1882
2216
2524
2953
3320
3426
3404
3399
3421
3327
2929
2395
2069
1802
1158
198
-554
-958
-1533
-2501
-3350
-3774
-4108
-4661
-5185
-5193
-4839
-4737
-4725
-4260
-3549
-3029
-2670
-2232
-1525
-767
-301
144
894
1666
2292
3021
3925
4850
5740
6625
7500
8249
8782
9121
9185
8878
8236
7232
5959
4526
2769
811
-1068
-2891
-4632
-6307
-7801
-8747
-9290
-9626
-9565
-9134
-8351
-7331
-6339
-5177
-3746
-2363
-1185
-250
645
1737
2738
3308
3588
3973
4569
4995
5048
5112
5441
5632
5248
4644
4414
4293
3571
2242
958
53
-900
-2341
-3933
-5001
-5658
-6586
-7684
-8087
-7658
-7237
-7151
-6656
-5314
-3769
-2678
-1721
-314
1319
2508
3182
3918
4971
5845
6073
5979
6152
6429
6181
5441
4845
4482
3828
2723
1663
913
126
-939
-2038
-2849
-3425
-3984
-4501
-4757
-4775
-4668
-4419
-4017
-3382
-2700
-1993
-1239
-646
92
940
1680
2179
2435
2891
3359
3495
3519
3553
3638
3561
3107
2700
2471
2147
1462
385
-351
-752
-1517
-2592
-3465
-3757
-4086
-4805
-5197
-5103
-4918
-5005
-5005
-4348
-3585
-3148
-2794
-2167
-1338
-824
-376
341
1097
1744
2252
3012
4063
4843
5566
6437
7207
7953
8442
8577
8672
8499
7959
7044
5782
4481
2851
941
-985
-2892
-4612
-6318
-7851
-8931
-9577
-9858
-9841
-9458
-8652
-7587
-6423
-5125
-3746
-2247
-904
186
1206
2191
3182
3732
3960
4295
4811
5220
5088
4963
5214
5430
5083
4395
4084
3972
3260
1922
677
-197
-1195
-2796
-4249
-5131
-5903
-6771
-7742
-8017
-7534
-7106
-6823
-6298
-5168
-3733
-2515
-1501
-170
1451
2777
3644
4311
5237
6234
6617
6495
6503
6711
6549
5824
4984
4387
3789
2755
1605
627
-209
-1192
-2392
-3257
-3875
-4385
-4867
-5246
-5247
-5048
-4712
-4281
-3705
-2981
-2137
-1335
-607
159
908
1743
2352
2821
3332
3786
4113
4068
3978
3978
3808
3329
2713
2303
1906
1166
210
-543
-1091
-1846
-2848
-3622
-3959
-4343
-4940
-5342
-5285
-5058
-5088
-4945
-4335
-3632
-3076
-2706
-2091
-1272
-669
-101
509
1339
2219
2865
3607
4404
5219
6053
6787
7578
8257
8681
8805
8618
8261
7648
6668
5365
3818
2050
149
-1743
-3569
-5367
-7049
-8382
-9304
-9889
-10124
-9962
-9410
-8527
-7383
-6055
-4591
-3060
-1596
-339
696
1679
2744
3705
4241
4446
4746
5158
5281
5082
5032
5262
5288
4829
4322
4137
3863
2919
1554
502
-208
-1268
-2864
-4294
-5119
-5830
-6858
-7747
-7893
-7517
-7263
-7118
-6461
-5138
-3815
-2907
-1898
-314
1365
2474
3209
4219
5440
6223
6402
6494
6852
7059
6661
5922
5343
4806
3918
2690
1545
685
-302
-1474
-2606
-3544
-4202
-4909
-5513
-5802
-5776
-5364
-4913
-4361
-3600
-2717
-1658
-764
7
889
1727
2446
2843
3157
3655
4071
4292
4162
3987
4026
3846
3409
2853
2450
2087
1246
255
-513
-1186
-2043
-3176
-4028
-4415
-4934
-5548
-5911
-5895
-5713
-5744
-5526
-4892
-4191
-3542
-2934
-2115
-1257
-569
137
932
1748
2499
3257
4072
4859
5596
6411
7287
8010
8461
8701
8832
8794
8428
7649
6560
5296
3798
1978
6
-1844
-3574
-5328
-7022
-8330
-9111
-9560
-9835
-9799
-9182
-8110
-6968
-5856
-4527
-2969
-1528
-437
555
1872
3109
3841
4159
4549
5187
5460
5362
5163
5211
5397
5004
4254
3800
3709
3185
1948
857
274
-388
-1664
-3208
-4363
-5127
-6072
-7233
-7858
-7677
-7357
-7380
-7240
-6353
-4989
-3793
-2798
-1495
206
1720
2691
3549
4727
5891
6470
6608
6910
7393
7464
6942
6317
5882
5277
4218
2983
1878
775
-505
-1814
-2919
-3844
-4701
-5459
-5997
-6266
-6273
-6023
-5583
-5024
-4254
-3236
-2163
-1145
-163
814
1749
2570
3158
3572
4004
4431
4526
4236
4134
4205
4000
3460
2891
2672
2262
1370
526
-62
-550
-1487
-2654
-3373
-3954
-4693
-5471
-5886
-5856
-5887
-5849
-5470
-4862
-4228
-3663
-3003
-2195
-1330
-511
210
900
1661
2457
3249
4093
4950
5747
6524
7379
8134
8547
8754
8895
8738
8046
6954
5828
4571
2820
806
-1043
-2715
-4433
-6297
-7815
-8705
-9398
-9909
-9956
-9538
-8597
-7410
-6285
-4923
-3252
-1620
-343
560
1578
2863
3797
4147
4361
4742
5110
5112
4847
4852
5110
4975
4382
3918
3765
3509
2661
1345
429
3
-934
-2533
-3835
-4501
-5183
-6322
-7332
-7564
-7365
-7307
-7339
-6883
-5663
-4374
-3492
-2476
-981
626
1856
2717
3751
5034
5979
6396
6690
7149
7511
7325
6682
6066
5551
4802
3737
2647
1666
515
-886
-2186
-3235
-4154
-4999
-5734
-6177
-6316
-6307
-5948
-5209
-4449
-3653
-2714
-1690
-576
493
1401
2144
2755
3285
3738
4083
4325
4317
4141
4054
3928
3631
3123
2690
2347
1639
805
75
-537
-1237
-2288
-3151
-3689
-4271
-4943
-5595
-5900
-6006
-6256
-6199
-5634
-4920
-4255
-3675
-2872
-1849
-947
-99
683
1567
2661
3553
4345
5143
5923
6768
7448
8044
8501
8705
8734
8432
8005
7306
6084
4697
3178
1535
-270
-2100
-3690
-5380
-7025
-8163
-8911
-9419
-9730
-9618
-8902
-8008
-6961
-5630
-4160
-2562
-1269
-220
994
2297
3408
3912
4158
4706
5375
5656
5410
5242
5476
5505
4857
4110
3929
3882
3066
1648
614
84
-788
-2389
-3908
-4663
-5257
-6265
-7266
-7650
-7402
-7183
-7267
-6925
-5808
-4548
-3586
-2660
-1274
414
1685
2478
3431
4657
5585
5947
6230
6800
7285
7276
6948
6664
6377
5724
4700
3626
2591
1389
-109
-1651
-2941
-3996
-4991
-5974
-6643
-6798
-6703
-6424
-5840
-5074
-4106
-2930
-1731
-510
630
1520
2298
3004
3493
3743
3876
4018
4013
3704
3378
3232
2976
2461
2009
1771
1391
759
237
-139
-715
-1491
-2175
-2731
-3402
-4193
-4839
-5234
-5541
-5840
-5925
-5616
-5059
-4474
-3841
-3027
-2055
-1079
-165
774
1807
2814
3650
4376
5135
5941
6678
7298
7825
8200
8363
8348
8202
7865
7141
6024
4776
3414
1775
8
-1716
-3403
-5025
-6608
-8016
-8886
-9327
-9611
-9537
-9033
-8205
-7072
-5839
-4392
-2626
-1138
-83
1007
2211
3289
3880
4029
4345
4927
5285
5177
5010
5232
5409
4954
4279
4015
3970
3347
2005
942
302
-499
-1766
-3259
-4168
-4872
-5933
-6863
-7351
-7311
-7135
-7168
-6927
-6056
-4780
-3673
-2862
-1766
-390
789
1724
2565
3631
4719
5265
5605
6082
6591
6884
6743
6572
6413
6017
5317
4337
3464
2460
1014
-500
-1796
-2980
-4287
-5485
-6218
-6667
-6949
-6873
-6499
-5794
-4783
-3757
-2581
-1183
75
1110
2075
2918
3431
3685
3911
4059
4015
3806
3513
3283
2987
2569
2320
2084
1639
1124
614
129
-432
-1204
-1930
-2628
-3447
-4155
-4768
-5260
-5729
-6097
-5990
-5809
-5459
-4789
-4195
-3446
-2604
-1697
-548
559
1567
2543
3593
4682
5548
6230
6948
7825
8424
8433
8310
8429
8461
7794
6573
5439
4486
3231
1462
-371
-1837
-3180
-4875
-6651
-7768
-8243
-8789
-9490
-9570
-8805
-7913
-7254
-6319
-4747
-3027
-1775
-877
262
1799
3148
3699
3927
4691
5674
6016
5702
5489
5874
6117
5398
4497
4327
4315
3431
1796
574
75
-674
-2183
-3812
-4706
-5168
-6194
-7451
-7844
-7462
-7241
-7504
-7389
-6194
-4712
-3778
-2979
-1683
-77
1196
2001
2853
4036
5129
5621
5811
6319
6923
7148
7030
6789
6613
6308
5547
4542
3482
2251
851
-660
-2116
-3366
-4561
-5751
-6701
-7244
-7422
-7336
-7004
-6381
-5478
-4349
-3068
-1781
-521
785
2052
3086
3734
4173
4729
5100
4893
4472
4208
4012
3614
2923
2377
2117
1639
886
258
-63
-417
-1127
-1939
-2628
-3355
-4072
-4778
-5416
-5781
-6092
-6198
-6009
-5748
-5202
-4480
-3733
-3015
-2206
-972
293
1364
2368
3417
4593
5436
6077
6936
7873
8526
8604
8579
8761
8778
8263
7135
5937
4893
3505
1719
-83
-1708
-3199
-4939
-6734
-7831
-8380
-8919
-9499
-9706
-9132
-8223
-7465
-6461
-4978
-3378
-1995
-892
286
1763
3114
3832
4121
4691
5587
6059
5789
5432
5574
5776
5225
4289
3944
3938
3349
1948
678
97
-569
-1860
-3533
-4688
-5192
-6043
-7199
-7862
-7645
-7086
-7022
-6922
-6077
-4612
-3276
-2507
-1538
-9
1437
2323
3008
4117
5210
5679
5915
6368
6925
7237
7010
6470
6033
5535
4713
3666
2601
1569
356
-1036
-2338
-3403
-4353
-5322
-6182
-6707
-6759
-6663
-6416
-5810
-4992
-3985
-2906
-1644
-362
773
1955
2915
3611
4113
4539
4921
4809
4420
4116
3915
3632
2937
2301
1951
1467
791
75
-367
-733
-1496
-2350
-3070
-3684
-4146
-4706
-5209
-5442
-5551
-5493
-5403
-5057
-4396
-3764
-3103
-2452
-1668
-593
613
1729
2659
3594
4650
5630
6377
7107
7949
8568
8608
8362
8320
8238
7601
6432
5185
4024
2670
917
-874
-2329
-3733
-5438
-7098
-7935
-8305
-8865
-9435
-9482
-8751
-7874
-6977
-5833
-4319
-2524
-1137
-186
902
2474
3861
4301
4395
5024
5879
6065
5567
5237
5568
5667
4898
3890
3574
3677
2860
1340
171
-247
-722
-2163
-3803
-4671
-4989
-5792
-7058
-7533
-7036
-6625
-6811
-6728
-5592
-4017
-3008
-2414
-1380
92
1302
1997
2732
3801
4718
5203
5370
5737
6417
6690
6372
5794
5447
5182
4325
3273
2380
1456
327
-1064
-2214
-3053
-3924
-4760
-5559
-6052
-6065
-5869
-5544
-4954
-3979
-3003
-2129
-1169
-180
1017
2032
2537
2827
3164
3763
4137
4018
3753
3569
3525
3126
2494
2072
1734
1297
545
-186
-642
-1051
-1623
-2442
-3019
-3326
-3830
-4543
-5038
-5123
-5169
-5309
-5210
-4668
-3960
-3375
-2827
-2045
-958
204
1255
2167
3050
4012
4998
5866
6602
7299
7867
8079
7989
7954
8016
7680
6641
5290
4099
2902
1310
-469
-1896
-3081
-4628
-6420
-7579
-7891
-8153
-8758
-9040
-8422
-7340
-6498
-5786
-4566
-2839
-1427
-721
29
1510
3077
3703
3668
4070
5034
5637
5454
5145
5360
5699
5268
4211
3701
3997
3787
2323
695
-4
-374
-1572
-3418
-4679
-4998
-5438
-6683
-7727
-7481
-6640
-6492
-6697
-5907
-4118
-2755
-2360
-1741
-122
1583
2296
2529
3321
4585
5342
5305
5328
5903
6494
6195
5366
4997
4954
4519
3376
2197
1275
333
-831
-2253
-3332
-4069
-4719
-5350
-5976
-5997
-5415
-4901
-4484
-3899
-2987
-1826
-928
-212
732
1759
2574
2881
3094
3790
4342
4217
3747
3464
3512
3192
2342
1750
1531
1227
542
-296
-688
-912
-1518
-2276
-2937
-3345
-3695
-4318
-4901
-5161
-5153
-5071
-4997
-4762
-4160
-3500
-2946
-2221
-1401
-329
800
1657
2506
3479
4658
5549
6149
7104
7968
8417
8476
8342
8314
7950
7024
5746
4575
3516
2044
282
-1361
-2686
-4049
-5724
-7200
-7958
-8165
-8445
-8820
-8721
-7963
-7033
-6189
-5047
-3458
-1941
-964
-195
972
2451
3477
3719
3855
4542
5308
5334
4910
4941
5341
5172
4294
3658
3718
3694
2770
1348
456
176
-492
-2016
-3509
-4155
-4550
-5576
-6801
-7133
-6619
-6323
-6552
-6395
-5215
-3687
-2779
-2277
-1256
279
1412
1955
2675
3817
4711
4973
5024
5340
5868
6174
5998
5546
5145
4741
4061
3111
2105
1105
10
-1212
-2438
-3452
-4162
-4788
-5511
-6012
-5864
-5249
-4701
-4279
-3629
-2598
-1436
-481
267
1140
2118
2705
2824
3082
3689
4017
3653
3109
2993
3068
2707
1991
1523
1342
934
205
-424
-808
-1241
-1955
-2836
-3509
-3783
-3948
-4332
-4775
-4868
-4623
-4371
-4172
-3805
-3174
-2442
-1836
-1306
-551
525
1565
2246
2941
4017
5049
5792
6557
7352
7939
8116
7938
7786
7630
7052
6002
4707
3368
1965
354
-1270
-2679
-4056
-5583
-6985
-7827
-8171
-8471
-8759
-8621
-7968
-7161
-6368
-5307
-3858
-2414
-1358
-430
856
2325
3276
3592
3899
4540
5138
5273
5066
5041
5367
5446
4857
4225
4213
4251
3399
1982
1012
516
-323
-1865
-3430
-4218
-4669
-5674
-6909
-7390
-6942
-6483
-6714
-6737
-5585
-4027
-3134
-2636
-1646
-131
1015
1518
2143
3296
4348
4679
4696
5097
5724
5948
5670
5365
5227
4908
4262
3461
2575
1632
556
-661
-1834
-2871
-3620
-4096
-4688
-5274
-5315
-4894
-4439
-4071
-3553
-2619
-1502
-652
-71
653
1640
2354
2475
2587
3097
3461
3202
2759
2672
2754
2544
2018
1489
1136
780
190
-504
-997
-1317
-1792
-2517
-3195
-3553
-3710
-3972
-4332
-4462
-4230
-3916
-3758
-3582
-3171
-2641
-2174
-1673
-920
113
1204
2102
2872
3820
4945
5880
6541
7235
7940
8256
8159
8026
7834
7175
6011
4750
3545
2186
602
-980
-2393
-3769
-5275
-6663
-7510
-7889
-8270
-8662
-8558
-7847
-7012
-6324
-5399
-3926
-2342
-1283
-617
367
1779
2858
3154
3263
3864
4617
4797
4575
4741
5312
5439
4753
4066
4099
4221
3479
2110
1135
687
-46
-1521
-3094
-3963
-4346
-5029
-6206
-6811
-6427
-5990
-6083
-6157
-5178
-3670
-2772
-2404
-1710
-215
1078
1599
2024
2866
3931
4405
4441
4773
5404
5855
5608
5136
4881
4579
4044
3147
2110
1163
333
-649
-1951
-3038
-3529
-3874
-4526
-5057
-4961
-4379
-3854
-3592
-3041
-1974
-990
-370
189
924
1770
2266
2220
2244
2647
2908
2600
2105
2007
2085
1793
1264
924
773
517
-3
-578
-969
-1315
-1892
-2616
-3124
-3337
-3532
-3862
-4133
-4096
-3844
-3665
-3521
-3165
-2626
-2093
-1563
-987
-329
494
1392
2197
3053
4114
5144
5958
6709
7433
7953
8173
8114
7899
7591
6922
5709
4317
3021
1565
-129
-1694
-3038
-4433
-5892
-7045
-7635
-7880
-8158
-8338
-7968
-7152
-6397
-5655
-4506
-3106
-2063
-1486
-804
438
1762
2358
2466
2998
3959
4525
4518
4630
5150
5528
5296
4686
4396
4510
4118
2942
1746
1022
490
-572
-2151
-3271
-3824
-4540
-5552
-6282
-6170
-5714
-5809
-6025
-5449
-4206
-3094
-2573
-2056
-890
345
951
1328
2121
3081
3499
3500
3809
4451
4803
4716
4538
4521
4511
4128
3409
2636
1902
944
-43
-959
-1973
-2732
-3355
-3884
-4235
-4387
-4161
-3723
-3273
-2915
-2242
-1184
-337
213
703
1256
1779
2027
2154
2456
2479
2268
2148
2058
2044
1758
1375
1186
993
651
102
-212
-376
-1002
-1789
-2312
-2583
-2775
-3389
-4080
-4159
-3981
-3934
-3998
-3708
-3036
-2565
-2329
-1945
-1123
-295
243
847
1653
2596
3443
4038
4693
5559
6365
6997
7390
7537
7672
7660
7208
6381
5413
4409
3144
1424
-347
-1704
-2945
-4583
-6282
-7235
-7498
-7836
-8383
-8448
-7650
-6563
-5884
-5369
-4231
-2645
-1575
-1147
-468
889
2074
2320
2226
2821
3874
4366
4055
3946
4757
5350
4975
4240
4174
4736
4201
2618
1328
865
680
-627
-2354
-3239
-3639
-4186
-5322
-6076
-5861
-5535
-5483
-5618
-5151
-3941
-3007
-2661
-2237
-1107
194
870
1281
2122
3197
3804
3974
4290
4975
5387
5159
4761
4445
4317
3857
3062
2220
1241
469
-437
-1331
-2106
-2842
-3237
-3679
-4006
-4025
-3709
-3241
-3021
-2752
-2064
-1085
-342
29
376
921
1397
1574
1696
1899
2030
1964
1870
1843
1766
1618
1445
1215
914
626
328
-90
-638
-1199
-1730
-2211
-2581
-2972
-3433
-3802
-3886
-3823
-3801
-3697
-3264
-2778
-2529
-2061
-1385
-610
-25
503
1449
2269
3102
3962
4785
5806
6575
7172
7561
7695
7858
7813
7349
6549
5480
4319
2995
1339
-242
-1596
-2942
-4446
-6012
-6973
-7414
-7826
-8105
-8187
-7680
-6823
-6301
-5673
-4538
-3142
-2111
-1674
-983
412
1721
2071
1935
2434
3531
4153
3969
4116
4923
5386
5074
4551
4694
5102
4718
3457
2151
1650
1252
-59
-1766
-2971
-3529
-4224
-5581
-6376
-5988
-5611
-5879
-6216
-5491
-4008
-3116
-2775
-2246
-1176
-81
444
833
1636
2625
3118
3128
3451
4322
4990
4974
4723
4727
4846
4558
3825
3014
2219
1394
312
-778
-1577
-2378
-3156
-3863
-4279
-4258
-4073
-3707
-3361
-2987
-2199
-1302
-586
-5
558
1164
1396
1291
1483
1854
1920
1543
1165
1408
1726
1524
1220
1237
1444
1101
391
110
65
-254
-1202
-2175
-2388
-2450
-3033
-3755
-3968
-3682
-3516
-3601
-3360
-2679
-2134
-1966
-1757
-992
-11
551
941
1574
2563
3471
4101
4911
5872
6836
7381
7394
7527
7745
7595
6771
5468
4377
3367
1936
339
-1091
-2230
-3541
-5274
-6424
-6750
-6895
-7369
-7974
-7834
-7024
-6318
-5894
-5167
-3976
-2872
-2229
-1698
-582
907
1776
1802
2085
3090
4082
4353
4244
4741
5491
5615
5024
4702
5124
5125
4126
2730
1996
1840
853
-1081
-2583
-3121
-3623
-4779
-5929
-6093
-5673
-5775
-6283
-6093
-4845
-3588
-3229
-3089
-2171
-822
6
381
1050
2148
2998
3195
3408
4024
4745
5002
4635
4409
4366
4170
3717
2918
2268
1716
824
-195
-1141
-1810
-2133
-2632
-3283
-3644
-3511
-3021
-2756
-2616
-2243
-1503
-695
-312
-3
620
1212
1243
1046
1176
1547
1585
1076
882
1129
1291
1143
852
871
836
423
-49
-432
-693
-1033
-1694
-2253
-2589
-2892
-3176
-3513
-3609
-3523
-3325
-2915
-2612
-2358
-1966
-1375
-803
-485
11
902
1812
2487
3014
3723
4782
5734
6338
6908
7451
7727
7698
7463
6961
6171
5146
3868
2438
1025
-431
-1881
-3338
-5027
-6229
-6767
-7307
-7796
-8081
-7795
-7096
-6526
-6051
-5293
-4035
-2898
-2324
-1876
-920
321
1103
1313
1595
2507
3433
3793
4001
4492
5125
5378
5085
4942
5269
5351
4656
3424
2531
2070
1261
-109
-1657
-2652
-3273
-4247
-5275
-5857
-5754
-5544
-5808
-5841
-5177
-4093
-3315
-3017
-2409
-1306
-240
384
922
1718
2572
3001
3146
3634
4310
4801
4649
4214
4091
4052
3769
2997
2162
1522
856
19
-961
-1629
-1910
-2407
-3092
-3386
-3281
-2904
-2724
-2799
-2567
-1964
-1213
-806
-449
212
738
883
855
1156
1609
1645
1340
1208
1462
1674
1458
961
812
900
456
-134
-340
-289
-532
-1331
-1963
-2188
-2363
-2798
-3214
-3200
-3110
-3102
-3064
-2779
-2374
-2156
-1856
-1343
-700
76
837
1545
2321
3060
3801
4751
5735
6509
6969
7158
7207
7199
7160
6713
5687
4571
3519
2285
936
-254
-1461
-2816
-4315
-5664
-6338
-6742
-7159
-7509
-7595
-7111
-6533
-5944
-5004
-3895
-3015
-2470
-1838
-1010
4
917
1275
1581
2238
3081
3639
3790
4281
4926
5150
4979
4818
5167
5210
4434
3322
2350
1917
1145
-271
-1520
-2469
-3120
-4113
-5237
-5498
-5355
-5302
-5637
-5775
-4948
-3920
-3248
-2863
-2262
-1227
-356
175
749
1642
2540
2969
3036
3339
4031
4573
4567
4269
4207
4357
4211
3543
2624
1778
989
86
-903
-1765
-2408
-2954
-3519
-3911
-3807
-3293
-2884
-2751
-2450
-1636
-705
-160
160
637
1061
1030
849
1119
1638
1614
1103
895
1121
1206
829
488
597
776
430
-194
-417
-222
-386
-1280
-1843
-1897
-1922
-2302
-3051
-3202
-3070
-3015
-3068
-3193
-2901
-2447
-2071
-1843
-1274
-199
781
1535
2194
3071
4246
5360
6112
6682
7261
7650
7620
7399
7297
6901
5964
4787
3469
2058
710
-681
-2157
-3529
-4747
-5772
-6497
-6920
-7242
-7487
-7369
-6890
-6398
-5857
-4879
-3844
-3122
-2512
-1818
-759
281
793
952
1338
2312
3028
3192
3610
4371
4988
4939
4608
4854
5401
5362
4380
3281
2855
2492
1346
-291
-1466
-2075
-2891
-4129
-4972
-4952
-4753
-5127
-5670
-5408
-4388
-3559
-3275
-3003
-2286
-1329
-599
-154
490
1482
2162
2219
2377
3142
3957
4209
4060
3945
3994
3946
3551
2925
2319
1657
772
-143
-896
-1507
-2041
-2548
-3088
-3425
-3268
-2817
-2462
-2379
-2078
-1382
-687
-224
36
502
851
769
662
876
1402
1490
1095
866
987
1190
970
666
658
518
128
-331
-559
-598
-925
-1412
-1871
-2161
-2247
-2493
-2684
-2758
-2879
-2892
-2732
-2413
-2207
-2064
-1641
-1033
-411
272
1110
1970
2672
3317
4187
5294
6304
6947
7264
7492
7691
7664
7251
6456
5378
4111
2727
1273
-192
-1599
-2998
-4487
-5907
-6776
-6988
-7071
-7332
-7434
-7026
-6362
-5817
-5262
-4284
-3039
-2222
-1952
-1523
-353
722
954
898
1348
2321
2852
2958
3367
4229
4964
4870
4568
4803
5299
5125
4046
3006
2571
2116
958
-533
-1606
-2172
-3015
-4170
-4954
-5027
-4802
-5100
-5470
-5202
-4305
-3446
-3134
-2747
-1972
-1061
-399
78
832
1773
2415
2613
2864
3504
4197
4423
4217
3989
3901
3760
3271
2484
1648
909
223
-494
-1263
-1959
-2450
-2761
-2979
-3087
-2738
-2191
-1904
-1839
-1561
-735
-42
286
541
824
1035
890
779
977
1133
841
326
266
497
355
-43
-27
330
335
-127
-451
-311
-284
-904
-1704
-1923
-1807
-2138
-2844
-3184
-3007
-2841
-2904
-2813
-2320
-1788
-1538
-1254
-538
429
1314
2130
2955
3693
4354
5118
6042
6904
7398
7479
7428
7367
7037
6276
5297
4226
2893
1257
-354
-1669
-2843
-4167
-5512
-6420
-6782
-7026
-7391
-7520
-7106
-6440
-5915
-5349
-4342
-3174
-2514
-2292
-1719
-550
473
815
953
1509
2352
2859
2900
3213
4098
4697
4598
4476
4804
5286
5172
4182
3171
2802
2340
1087
-366
-1256
-1836
-2774
-3984
-4656
-4588
-4576
-5000
-5274
-4827
-3818
-3050
-2892
-2607
-1784
-981
-471
42
790
1605
2012
2011
2217
2859
3450
3491
3179
3033
3001
2751
2292
1743
1133
473
-238
-915
-1360
-1559
-1774
-2112
-2377
-2387
-2105
-1687
-1414
-1258
-877
-238
284
540
734
969
1098
1012
864
943
1220
1266
870
451
409
469
205
-209
-394
-502
-841
-1273
-1486
-1514
-1673
-2089
-2457
-2499
-2391
-2425
-2517
-2456
-2268
-2044
-1841
-1692
-1476
-1061
-594
-206
348
1247
2188
2866
3480
4396
5557
6555
7171
7573
7953
8180
7986
7403
6663
5750
4431
2776
1139
-328
-1791
-3390
-4980
-6219
-6913
-7236
-7465
-7613
-7487
-6997
-6276
-5527
-4729
-3700
-2644
-2047
-1818
-1282
-268
575
798
810
1245
2031
2520
2643
3092
4000
4560
4394
4258
4766
5264
4874
3831
3032
2755
2262
1002
-453
-1515
-2356
-3267
-4189
-4692
-4710
-4869
-5271
-5395
-4952
-4057
-3222
-2757
-2331
-1631
-775
-83
481
1189
1790
2055
2244
2521
2941
3369
3399
3060
2741
2586
2461
2106
1448
778
245
-294
-910
-1468
-1766
-1927
-2317
-2657
-2462
-1929
-1411
-1174
-1099
-678
53
583
846
1035
1258
1283
944
796
896
916
633
7
-205
-75
-136
-283
-494
-630
-756
-954
-1023
-1095
-1327
-1598
-1849
-1925
-1966
-1969
-1763
-1752
-1873
-1845
-1534
-1013
-735
-574
-246
236
813
1442
2162
3031
3904
4555
5272
6207
6989
7451
7696
7833
7804
7354
6509
5588
4525
3067
1338
-273
-1637
-3059
-4659
-6067
-6970
-7489
-7867
-8009
-7711
-7137
-6622
-6083
-5131
-3788
-2618
-1932
-1397
-622
286
906
1088
1217
1694
2289
2492
2453
2802
3553
3950
3708
3578
4162
4788
4451
3439
2820
2651
2038
743
-487
-1203
-1876
-3040
-4324
-4883
-4708
-4685
-5151
-5345
-4700
-3757
-3275
-3089
-2514
-1500
-676
-328
30
829
1673
1952
1857
2038
2577
2908
2796
2659
2654
2502
2079
1511
1026
576
-34
-587
-1033
-1595
-1968
-1943
-1920
-2134
-2294
-1992
-1376
-993
-857
-510
140
673
778
838
1227
1541
1304
872
850
1054
882
380
1
-111
-273
-739
-1057
-953
-966
-1282
-1565
-1668
-1562
-1463
-1629
-1847
-1832
-1652
-1541
-1544
-1493
-1364
-1219
-995
-718
-364
178
757
1209
1795
2683
3591
4309
5006
5822
6628
7247
7670
7962
8145
8045
7474
6599
5629
4491
3057
1289
-509
-1971
-3405
-5041
-6422
-7288
-7797
-8116
-8253
-7977
-7299
-6565
-5857
-4946
-3714
-2463
-1593
-988
-262
569
1171
1357
1378
1681
2247
2543
2456
2598
3291
3905
3875
3679
3988
4445
4189
3220
2490
2345
1856
569
-801
-1684
-2261
-3116
-4250
-4894
-4882
-4871
-5100
-5217
-4829
-4042
-3382
-2998
-2513
-1686
-800
-284
-14
518
1320
1925
2141
2296
2672
3068
3154
2966
2773
2611
2268
1720
1138
547
-115
-804
-1496
-2178
-2700
-2947
-3046
-3135
-3108
-2760
-2109
-1462
-974
-430
307
943
1212
1372
1701
1965
1863
1535
1334
1223
859
341
40
-77
-312
-754
-1083
-1081
-1168
-1494
-1673
-1640
-1587
-1623
-1732
-1694
-1577
-1678
-1839
-1742
-1465
-1266
-1198
-1063
-723
-265
211
728
1407
2209
3009
3814
4626
5363
6085
6843
7463
7780
7911
7994
7867
7306
6372
5293
4144
2768
1120
-522
-1959
-3346
-4846
-6225
-7123
-7660
-8095
-8278
-8030
-7415
-6653
-5832
-4778
-3574
-2470
-1559
-899
-164
809
1513
1817
1985
2212
2675
3023
3027
3206
3667
3932
3809
3621
3809
4054
3695
2884
2215
1808
1255
240
-959
-1919
-2690
-3547
-4466
-5072
-5249
-5348
-5545
-5516
-4997
-4229
-3627
-3219
-2672
-1838
-933
-207
373
973
1557
1942
2225
2631
3097
3393
3376
3164
2955
2719
2431
2018
1353
664
107
-460
-1042
-1648
-2170
-2380
-2515
-2788
-2850
-2482
-1972
-1667
-1472
-979
-172
478
727
903
1275
1547
1442
1246
1225
1155
770
275
30
-35
-215
-540
-812
-953
-1084
-1253
-1300
-1204
-1161
-1284
-1393
-1338
-1279
-1287
-1239
-1201
-1158
-1059
-988
-785
-427
-176
131
732
1475
2228
2994
3830
4670
5385
6097
6905
7552
7838
7848
7763
7599
7156
6369
5397
4226
2729
1022
-583
-1932
-3305
-4888
-6295
-7210
-7762
-8134
-8407
-8343
-7790
-7103
-6368
-5288
-3900
-2517
-1515
-934
-220
909
1911
2228
2155
2389
2911
3114
2976
3106
3657
3969
3639
3279
3574
4095
3862
2872
2069
1830
1428
339
-912
-1754
-2505
-3681
-4975
-5573
-5432
-5332
-5675
-5961
-5480
-4394
-3553
-3069
-2399
-1497
-664
-104
344
1093
1922
2266
2270
2414
2818
3170
3125
2831
2573
2362
2135
1863
1485
889
77
-684
-1200
-1624
-2107
-2528
-2803
-3051
-3224
-3055
-2486
-1860
-1490
-1247
-734
84
747
1019
1223
1464
1440
1188
1108
1229
1108
609
181
39
-38
-198
-437
-629
-782
-987
-1043
-891
-830
-940
-1107
-1163
-1056
-1014
-1108
-1223
-1321
-1275
-1071
-853
-613
-338
3
513
1178
2015
2996
3853
4542
5379
6368
7215
7788
8100
8219
8202
7953
7374
6502
5396
4020
2395
749
-716
-2087
-3602
-5253
-6504
-7107
-7540
-8021
-8227
-8002
-7487
-6906
-6227
-5221
-3972
-2862
-2089
-1339
-236
949
1750
2097
2258
2666
3277
3580
3564
3697
4135
4345
3916
3525
3799
4086
3650
2740
2071
1784
1221
6
-1351
-2282
-2968
-3945
-5114
-5776
-5775
-5691
-5890
-6016
-5559
-4629
-3831
-3329
-2644
-1547
-511
125
682
1425
2108
2503
2745
2998
3226
3340
3267
2931
2499
2199
1939
1507
853
188
-311
-800
-1388
-1953
-2318
-2382
-2466
-2797
-2922
-2562
-2030
-1612
-1403
-1108
-355
375
509
499
848
1287
1369
1111
1062
1385
1408
894
459
434
478
167
-377
-670
-683
-785
-1046
-1278
-1394
-1486
-1596
-1657
-1633
-1541
-1438
-1433
-1510
-1476
-1211
-858
-644
-464
21
828
1657
2459
3397
4379
5208
6003
6946
7865
8461
8695
8698
8560
8209
7467
6361
5047
3567
1953
341
-1081
-2399
-3961
-5583
-6747
-7389
-7717
-7970
-8103
-7782
-7181
-6643
-5911
-4771
-3465
-2421
-1831
-1256
-202
1005
1648
1711
1913
2602
3236
3343
3314
3739
4331
4293
3745
3658
4182
4324
3446
2215
1567
1348
643
-721
-1873
-2348
-2869
-3999
-5078
-5305
-5069
-5261
-5798
-5799
-4973
-4033
-3566
-3226
-2453
-1408
-599
-20
718
1561
2066
2181
2326
2757
3221
3367
3171
2828
2515
2245
1895
1469
943
235
-506
-1163
-1712
-2095
-2439
-2713
-2811
-2922
-2875
-2384
-1775
-1394
-1151
-717
-58
459
780
1022
1203
1367
1348
1168
1082
932
625
358
177
45
-96
-241
-367
-557
-726
-807
-912
-1060
-1308
-1579
-1593
-1509
-1649
-1793
-1748
-1621
-1451
-1338
-1235
-891
-491
-282
63
908
2076
3059
3795
4653
5611
6525
7423
8158
8654
8872
8818
8674
8241
7297
6119
4826
3294
1532
-125
-1365
-2596
-4240
-5912
-6999
-7403
-7699
-8174
-8225
-7713
-7171
-6687
-5955
-4757
-3355
-2409
-1918
-1144
133
1228
1596
1665
2122
2868
3343
3460
3693
4216
4491
4172
3791
3932
4266
3983
3022
2148
1746
1280
215
-1122
-2113
-2806
-3674
-4691
-5288
-5266
-5199
-5545
-5883
-5544
-4651
-3898
-3489
-2993
-2192
-1360
-736
-152
709
1652
2147
2224
2384
2820
3211
3219
3030
2816
2448
2069
1752
1248
531
-249
-940
-1429
-1900
-2350
-2513
-2600
-2848
-2929
-2519
-1855
-1346
-1130
-954
-461
56
312
392
613
991
949
699
639
749
903
615
215
230
386
338
7
-227
-301
-512
-601
-598
-744
-908
-1133
-1273
-1314
-1392
-1512
-1652
-1610
-1532
-1468
-1260
-974
-682
-292
411
1298
2153
3002
3853
4630
5385
6313
7296
7989
8297
8417
8459
8293
7757
6884
5825
4633
3203
1564
48
-1301
-2751
-4422
-6043
-7043
-7480
-7825
-8084
-8053
-7584
-7006
-6490
-5586
-4350
-3148
-2334
-1824
-986
202
1236
1724
1886
2378
3158
3591
3651
3833
4290
4548
4203
3800
3873
4114
3819
2771
1743
1242
845
-26
-1229
-2173
-2824
-3640
-4627
-5267
-5369
-5346
-5650
-5927
-5580
-4698
-3870
-3487
-3057
-2184
-1237
-529
111
1001
1825
2124
2250
2631
3121
3394
3357
3287
3191
2819
2331
1920
1529
888
52
-547
-984
-1554
-2166
-2537
-2669
-2829
-2974
-2808
-2321
-1855
-1590
-1283
-748
-182
158
371
629
835
813
652
569
597
595
443
229
183
311
330
191
106
43
-172
-402
-520
-690
-962
-1123
-1170
-1253
-1353
-1400
-1423
-1459
-1526
-1525
-1283
-858
-492
-133
464
1258
2018
2738
3577
4504
5335
6057
6822
7580
8062
8237
8333
8322
7925
7065
5903
4568
3094
1467
-223
-1735
-3071
-4503
-5915
-6833
-7276
-7655
-7970
-7889
-7430
-6874
-6306
-5545
-4426
-3158
-2178
-1525
-730
408
1412
1887
2089
2512
3158
3570
3644
3806
4218
4478
4198
3727
3769
4089
3841
2927
1916
1287
833
-84
-1329
-2269
-2982
-3913
-5060
-5888
-5992
-5861
-6127
-6450
-6095
-5100
-4185
-3656
-3060
-2074
-1021
-319
196
976
1907
2470
2635
2859
3325
3758
3876
3661
3313
3016
2684
2127
1379
633
-25
-673
-1382
-2085
-2587
-2803
-2878
-2950
-2935
-2668
-2135
-1594
-1267
-1044
-634
-68
291
356
459
667
695
529
495
672
707
493
428
550
528
347
188
144
19
-325
-555
-696
-1001
-1226
-1345
-1419
-1353
-1337
-1295
-1126
-1071
-970
-693
-486
-399
-245
219
879
1446
2016
2750
3684
4629
5275
5935
6920
7770
8115
8113
8153
8270
7884
6877
5769
4649
3232
1525
-167
-1615
-2924
-4331
-5789
-6928
-7526
-7859
-8176
-8285
-8001
-7440
-6749
-5881
-4741
-3457
-2341
-1546
-824
151
1187
1815
2061
2404
2995
3459
3628
3887
4420
4833
4735
4296
4117
4265
4055
3204
2180
1478
970
33
-1326
-2419
-3120
-3847
-4819
-5689
-5935
-5775
-5841
-6111
-6026
-5275
-4285
-3595
-3038
-2224
-1252
-505
-21
620
1435
2034
2389
2640
2878
3158
3315
3250
3004
2588
2226
1995
1548
834
191
-315
-853
-1510
-2082
-2297
-2328
-2505
-2696
-2618
-2230
-1718
-1364
-1100
-612
15
455
611
652
793
894
700
437
425
531
540
436
326
325
329
256
174
50
-130
-288
-439
-638
-907
-1092
-1128
-1240
-1443
-1495
-1332
-1132
-1147
-1248
-1036
-636
-411
-230
271
1107
1949
2683
3507
4468
5401
6225
6994
7710
8203
8378
8330
8111
7608
6691
5549
4394
3026
1401
-148
-1465
-2700
-4087
-5444
-6322
-6906
-7464
-7830
-7877
-7509
-6931
-6442
-5672
-4432
-3238
-2428
-1807
-920
263
1186
1626
1930
2479
3197
3623
3688
3834
4299
4682
4466
4114
4276
4485
4071
3071
2059
1478
847
-339
-1628
-2536
-3245
-4208
-5260
-5725
-5597
-5472
-5639
-5812
-5395
-4535
-3938
-3539
-2886
-1993
-1155
-573
15
876
1659
2035
2216
2508
2898
3121
3027
2746
2438
2140
1805
1410
927
323
-292
-769
-1205
-1735
-2178
-2370
-2438
-2548
-2634
-2432
-1945
-1513
-1218
-908
-405
200
453
451
719
1064
1088
919
875
1013
967
633
414
446
483
292
21
-6
-20
-239
-456
-677
-956
-1173
-1352
-1467
-1536
-1642
-1702
-1648
-1531
-1409
-1279
-1007
-576
-162
231
773
1512
2284
2996
3755
4612
5475
6301
7089
7713
8023
8125
8205
8114
7543
6586
5598
4580
3232
1574
-1
-1347
-2725
-4268
-5654
-6548
-7077
-7584
-8038
-8060
-7532
-6805
-6178
-5462
-4426
-3317
-2506
-1842
-893
303
1230
1666
1992
2605
3351
3765
3825
3980
4397
4602
4257
3815
3821
3953
3498
2504
1693
1306
819
-179
-1368
-2256
-2953
-3893
-4985
-5649
-5770
-5868
-6197
-6329
-5874
-5037
-4292
-3699
-2943
-1951
-1030
-347
323
1118
1792
2140
2317
2550
2807
2941
2914
2753
2507
2242
1989
1713
1329
771
84
-592
-1187
-1719
-2125
-2353
-2513
-2673
-2665
-2331
-1796
-1331
-1050
-816
-455
-56
147
218
423
666
607
369
419
718
769
532
415
493
533
423
223
36
-153
-429
-718
-922
-1070
-1261
-1444
-1464
-1438
-1446
-1327
-1199
-1178
-1096
-940
-707
-344
58
490
1045
1754
2582
3444
4292
5104
5873
6665
7404
7895
8093
8099
8049
7839
7182
6163
5093
3946
2590
1109
-369
-1736
-3093
-4548
-5808
-6662
-7251
-7661
-7875
-7751
-7296
-6795
-6211
-5356
-4317
-3275
-2459
-1706
-652
422
1101
1482
1912
2611
3258
3451
3504
3879
4400
4553
4263
4028
4150
4220
3676
2663
1861
1412
717
-511
-1746
-2526
-3128
-4073
-5161
-5685
-5594
-5646
-6102
-6294
-5730
-4881
-4339
-3875
-3031
-2016
-1249
-686
39
995
1758
2081
2336
2792
3200
3355
3311
3199
3059
2742
2308
1934
1458
796
119
-459
-909
-1418
-1991
-2250
-2294
-2414
-2448
-2275
-1911
-1468
-1185
-947
-542
-101
188
279
343
498
593
547
457
378
318
268
230
200
128
27
-18
-17
-115
-305
-401
-423
-615
-949
-1150
-1179
-1267
-1488
-1621
-1492
-1273
-1200
-1135
-855
-508
-261
96
716
1392
1994
2667
3470
4278
4969
5637
6474
7328
7747
7762
7808
7867
7502
6623
5544
4440
3238
1835
261
-1147
-2288
-3599
-5025
-6059
-6711
-7130
-7323
-7346
-7111
-6681
-6217
-5578
-4622
-3453
-2423
-1772
-1166
-201
882
1569
1823
2154
2802
3293
3320
3340
3791
4308
4261
3768
3545
3784
3838
3177
2204
1600
1208
355
-935
-1963
-2510
-3152
-4239
-5261
-5645
-5629
-5768
-6043
-5967
-5330
-4532
-3936
-3345
-2464
-1391
-471
194
908
1751
2373
2677
2890
3058
3147
3155
2980
2635
2227
1800
1392
931
289
-370
-874
-1321
-1840
-2333
-2542
-2472
-2424
-2518
-2536
-2212
-1679
-1322
-1109
-731
-143
301
321
332
686
1000
1016
859
821
1044
1093
833
696
702
673
542
271
117
80
-71
-319
-638
-941
-1109
-1271
-1446
-1512
-1420
-1276
-1249
-1260
-1145
-914
-634
-403
-154
323
888
1339
1885
2649
3408
4093
4855
5808
6780
7391
7648
7833
7932
7794
7304
6478
5494
4351
2974
1489
113
-1037
-2247
-3762
-5112
-5943
-6528
-7046
-7399
-7460
-7193
-6743
-6216
-5474
-4422
-3294
-2440
-1865
-1235
-277
777
1402
1611
1919
2478
2936
3061
3137
3523
3939
3860
3457
3350
3573
3498
2751
1784
1219
910
193
-999
-2005
-2575
-3241
-4282
-5181
-5440
-5296
-5352
-5618
-5456
-4619
-3721
-3279
-2932
-2148
-1106
-293
228
803
1549
2104
2251
2300
2533
2784
2760
2479
2113
1776
1580
1366
896
398
59
-220
-511
-940
-1337
-1405
-1421
-1646
-1852
-1706
-1172
-729
-640
-509
-91
357
390
151
278
639
704
505
329
446
713
686
474
438
559
511
164
-75
-62
-179
-508
-851
-965
-911
-1093
-1389
-1403
-1276
-1209
-1188
-1145
-986
-785
-667
-579
-377
12
471
913
1389
2037
2899
3697
4335
5169
6103
6703
7061
7359
7506
7463
7102
6309
5364
4389
3196
1841
358
-1139
-2512
-3876
-5078
-5968
-6655
-7181
-7515
-7524
-7261
-6766
-6055
-5297
-4387
-3370
-2479
-1691
-786
290
1167
1632
1874
2294
2942
3437
3483
3389
3695
4061
3973
3523
3357
3550
3302
2427
1525
1194
940
14
-1274
-2164
-2492
-3002
-3958
-4760
-4935
-4801
-4936
-5179
-4949
-4150
-3305
-2831
-2414
-1590
-507
241
580
972
1648
2254
2356
2276
2316
2476
2510
2226
1928
1637
1413
1148
669
186
-287
-694
-1130
-1602
-1919
-2044
-2025
-2036
-2089
-1998
-1606
-1118
-841
-657
-379
-65
70
37
160
385
519
513
431
537
737
746
664
658
722
697
576
515
338
-49
-384
-661
-975
-1270
-1445
-1396
-1349
-1411
-1337
-1112
-825
-701
-772
-675
-388
-153
41
394
953
1566
2121
2759
3602
4408
5126
5904
6599
7026
7194
7242
7234
6946
6249
5372
4393
3191
1805
376
-958
-2209
-3572
-4946
-5939
-6501
-6902
-7266
-7426
-7182
-6680
-6145
-5490
-4554
-3415
-2435
-1725
-900
183
1186
1791
2038
2365
2940
3394
3521
3611
3933
4243
4129
3771
3611
3653
3485
2798
1939
1465
1151
360
-908
-2031
-2667
-3245
-4195
-5095
-5390
-5314
-5447
-5774
-5691
-4941
-4061
-3474
-2925
-2085
-1058
-226
311
918
1633
2121
2380
2555
2722
2881
2870
2699
2398
1928
1494
1145
679
90
-464
-844
-1144
-1528
-1846
-1939
-1837
-1784
-1929
-1878
-1485
-1152
-1046
-945
-590
-106
83
96
226
451
669
655
545
671
815
776
598
408
426
416
196
2
-178
-386
-574
-801
-967
-1092
-1220
-1284
-1323
-1279
-1231
-1266
-1205
-1149
-1124
-969
-800
-485
70
655
1368
2180
2897
3653
4460
5285
6116
6741
7116
7345
7471
7399
6933
6170
5318
4340
3172
1782
378
-760
-1843
-3199
-4620
-5592
-6022
-6425
-6997
-7305
-7099
-6615
-6169
-5671
-4758
-3594
-2680
-2044
-1273
-126
1045
1693
1875
2142
2754
3331
3473
3497
3837
4222
4182
3817
3645
3841
3800
3061
2164
1704
1425
744
-414
-1450
-2007
-2636
-3667
-4546
-4855
-4801
-4874
-5183
-5148
-4471
-3652
-3102
-2658
-1988
-1125
-384
170
727
1353
1876
2165
2362
2576
2752
2825
2708
2418
2038
1652
1342
956
387
-176
-692
-1157
-1568
-2003
-2237
-2168
-2133
-2168
-2081
-1818
-1437
-1171
-1019
-728
-361
-176
-156
-92
139
287
139
-28
42
165
149
26
-32
65
114
-31
-228
-396
-613
-915
-1179
-1251
-1250
-1290
-1311
-1249
-1027
-749
-592
-532
-574
-655
-633
-542
-369
-67
385
1071
1892
2730
3647
4590
5552
6462
7092
7475
7755
7838
7593
6969
6066
5040
3917
2646
1215
-203
-1422
-2573
-3821
-4956
-5698
-6105
-6461
-6813
-6864
-6437
-5800
-5257
-4631
-3630
-2518
-1780
-1291
-532
485
1206
1454
1698
2298
2989
3360
3464
3671
4043
4205
3956
3636
3650
3777
3429
2539
1683
1216
784
-93
-1194
-2024
-2599
-3251
-4062
-4642
-4731
-4692
-4852
-5013
-4795
-4121
-3458
-3042
-2434
-1559
-770
-111
475
1077
1729
2147
2292
2439
2597
2653
2570
2319
2029
1739
1399
1060
544
-162
-655
-996
-1489
-2014
-2381
-2463
-2392
-2452
-2479
-2213
-1748
-1389
-1311
-1105
-524
-60
16
10
231
537
582
489
498
598
661
479
259
290
308
184
73
-51
-203
-413
-635
-778
-944
-1133
-1298
-1486
-1551
-1477
-1386
-1227
-1068
-1023
-949
-656
-164
266
568
1099
1922
2687
3352
4142
5056
5935
6575
6889
7135
7475
7587
7187
6493
5801
4945
3661
2151
779
-436
-1690
-3084
-4449
-5440
-5994
-6444
-6909
-7042
-6628
-6031
-5621
-5116
-4174
-3073
-2254
-1767
-1176
-198
716
1156
1349
1704
2341
2795
2797
2889
3364
3830
3859
3460
3284
3586
3576
2809
1852
1322
1043
328
-864
-1765
-2078
-2413
-3228
-4084
-4331
-4143
-4164
-4453
-4499
-4047
-3412
-2964
-2564
-1856
-926
-167
281
664
1205
1697
1971
2109
2070
2025
2097
2036
1871
1598
1180
901
593
12
-560
-876
-924
-1209
-1897
-2198
-2031
-1976
-2084
-2103
-1687
-1098
-904
-791
-375
186
530
370
232
533
741
634
498
501
607
502
187
55
126
122
-112
-369
-386
-346
-517
-799
-1034
-1199
-1366
-1551
-1640
-1539
-1348
-1255
-1252
-1179
-982
-649
-178
339
874
1523
2249
2911
3560
4336
5205
6008
6611
6989
7278
7599
7756
7424
6635
5735
4844
3700
2200
743
-359
-1459
-3008
-4670
-5710
-6079
-6426
-7003
-7287
-6894
-6199
-5691
-5175
-4176
-2897
-2056
-1753
-1254
-111
1078
1522
1466
1740
2410
2800
2669
2643
3088
3468
3318
2939
2883
3125
2999
2297
1650
1329
953
206
-828
-1665
-2156
-2825
-3753
-4398
-4565
-4491
-4502
-4644
-4458
-3813
-3189
-2734
-2240
-1581
-757
-43
384
778
1230
1572
1807
1954
2061
2114
2093
1980
1723
1344
986
818
569
146
-329
-652
-794
-1189
-1653
-1911
-1861
-1836
-2004
-1858
-1516
-1077
-729
-606
-274
280
606
651
707
940
1142
971
828
847
797
570
209
186
180
40
-73
-211
-304
-503
-726
-818
-956
-1287
-1361
-1334
-1419
-1407
-1466
-1348
-1205
-1248
-1223
-875
-224
296
699
1211
1925
2617
3138
3734
4581
5538
6168
6491
6849
7221
7376
7194
6673
5926
5058
4003
2725
1333
-42
-1374
-2764
-4226
-5413
-6005
-6235
-6520
-6856
-6898
-6424
-5741
-5191
-4469
-3319
-2159
-1406
-870
-111
865
1513
1598
1573
1904
2421
2610
2496
2569
2929
3159
2958
2651
2743
3005
2830
2128
1443
1208
874
-150
-1294
-1934
-2295
-2851
-3689
-4316
-4372
-4281
-4513
-4799
-4555
-3843
-3282
-2966
-2406
-1477
-581
-40
320
896
1558
1906
2057
2207
2272
2226
2017
1686
1374
965
612
499
254
-171
-449
-605
-790
-1173
-1615
-1646
-1423
-1451
-1638
-1565
-1132
-708
-566
-458
-154
220
408
404
514
808
924
699
442
416
441
275
18
-169
-308
-451
-569
-647
-688
-721
-820
-995
-1127
-1173
-1216
-1281
-1298
-1227
-1099
-952
-791
-558
-193
264
725
1182
1685
2235
2742
3165
3611
4222
4929
5499
5811
5995
6209
6367
6203
5643
4915
4162
3201
1870
386
-936
-2085
-3262
-4463
-5393
-5796
-5830
-5880
-5969
-5704
-4968
-4202
-3687
-3070
-2066
-1077
-580
-322
270
1140
1669
1642
1602
2028
2568
2611
2330
2405
2865
3021
2672
2476
2798
3049
2601
1757
1255
1166
862
25
-913
-1496
-1959
-2712
-3517
-3835
-3749
-3802
-4056
-4099
-3794
-3360
-2936
-2465
-1877
-1229
-615
-3
634
1141
1409
1643
2004
2270
2245
2151
2163
2089
1707
1190
918
828
518
-77
-641
-953
-1267
-1856
-2363
-2451
-2307
-2223
-2294
-2210
-1778
-1386
-1217
-1026
-672
-232
55
162
255
259
189
211
251
258
233
95
-110
-358
-684
-917
-917
-853
-923
-1028
-994
-846
-791
-896
-935
-794
-675
-614
-482
-393
-463
-610
-616
-357
-12
321
837
1503
2094
2610
3219
3959
4666
5172
5549
5945
6320
6454
6191
5607
4883
4062
3070
1912
740
-316
-1385
-2599
-3713
-4324
-4419
-4406
-4497
-4356
-3758
-3070
-2626
-2283
-1731
-1071
-740
-613
-170
551
1108
1239
1214
1565
2144
2393
2324
2374
2667
2772
2408
2105
2324
2588
2282
1606
1170
1076
815
144
-584
-1082
-1478
-2031
-2744
-3260
-3401
-3458
-3650
-3840
-3710
-3174
-2684
-2483
-2213
-1657
-1018
-576
-257
199
685
1021
1172
1138
1183
1314
1229
986
632
186
-117
-327
-646
-1108
-1517
-1657
-1756
-1974
-2107
-2059
-1881
-1846
-2004
-1794
-1144
-659
-517
-424
-95
338
515
521
639
749
621
342
221
247
136
-126
-352
-514
-741
-1002
-1113
-1189
-1417
-1607
-1594
-1437
-1344
-1345
-1080
-633
-445
-355
-62
299
547
656
871
1356
1790
1984
2256
2767
3322
3756
4221
4911
5577
5882
6020
6224
6432
6420
5943
5208
4543
3735
2649
1495
335
-852
-2116
-3444
-4550
-5250
-5665
-5943
-6093
-5968
-5481
-4730
-3864
-2952
-1995
-1118
-524
-152
339
1075
1696
1849
1741
1856
2205
2390
2331
2352
2563
2607
2211
1772
1783
2002
1839
1199
593
400
251
-266
-871
-1240
-1564
-2117
-2763
-3104
-3076
-3064
-3289
-3523
-3498
-3239
-2884
-2466
-1969
-1418
-880
-421
2
495
949
1192
1264
1219
1066
937
872
741
484
173
-37
-43
-59
-293
-559
-662
-765
-1041
-1348
-1371
-1128
-1031
-1140
-1085
-735
-358
-158
-25
191
444
616
625
608
655
575
393
286
143
-39
-207
-433
-659
-912
-1198
-1347
-1444
-1651
-1902
-2043
-1987
-1894
-1865
-1750
-1465
-1039
-612
-289
45
429
774
1122
1526
2017
2560
3007
3344
3735
4232
4798
5389
5894
6194
6258
6160
5974
5654
5141
4442
3572
2636
1693
647
-455
-1515
-2616
-3737
-4728
-5477
-5901
-6065
-6088
-5872
-5332
-4599
-3763
-2719
-1526
-551
78
611
1235
1782
2018
2014
2063
2256
2362
2254
2202
2419
2612
2419
2014
1847
1922
1834
1396
845
479
219
-239
-905
-1415
-1684
-2055
-2659
-3188
-3335
-3216
-3160
-3226
-3098
-2659
-2179
-1845
-1495
-895
-344
47
288
518
925
1137
1169
1098
1072
1029
713
450
255
-12
-335
-599
-725
-918
-1190
-1362
-1354
-1346
-1450
-1517
-1374
-1119
-990
-940
-765
-420
-109
96
319
651
955
1126
1252
1348
1348
1214
996
746
529
352
155
-122
-478
-770
-1100
-1374
-1624
-1926
-2159
-2461
-2611
-2630
-2489
-2172
-1966
-1725
-1368
-821
-238
148
552
1164
1888
2431
2796
3259
3858
4380
4775
5258
5847
6349
6544
6502
6416
6201
5834
5140
4256
3408
2470
1426
150
-997
-1940
-3050
-4215
-5185
-5682
-5959
-6277
-6437
-6224
-5632
-4923
-4167
-3185
-1987
-983
-375
154
883
1660
2086
2169
2332
2644
2756
2567
2405
2618
2873
2569
2038
1862
1883
1713
1216
661
353
-9
-665
-1234
-1469
-1697
-2290
-3054
-3479
-3518
-3546
-3705
-3773
-3536
-3072
-2602
-2137
-1526
-770
-98
346
628
882
1127
1323
1421
1355
1177
965
815
718
566
309
108
9
-192
-486
-805
-893
-880
-1020
-1158
-1201
-907
-669
-736
-750
-573
-236
-131
-140
55
360
553
548
589
782
955
955
899
900
888
752
488
191
-126
-468
-815
-1187
-1575
-1924
-2205
-2474
-2722
-2820
-2688
-2420
-2136
-1825
-1385
-802
-203
302
774
1316
1884
2352
2799
3397
4059
4627
5159
5776
6311
6528
6507
6476
6285
5721
4916
4039
3179
2115
968
-10
-1003
-1978
-2994
-3880
-4468
-5065
-5628
-6109
-6265
-6007
-5782
-5377
-4540
-3449
-2458
-1870
-1197
-194
798
1461
1652
1900
2320
2518
2499
2394
2586
2913
2863
2633
2468
2615
2742
2283
1668
1217
987
651
-78
-794
-1265
-1602
-2113
-2723
-3108
-3115
-3104
-3297
-3323
-3121
-2659
-2250
-1880
-1318
-765
-172
328
766
1153
1387
1523
1519
1381
1127
829
556
320
49
-205
-333
-358
-426
-613
-682
-555
-452
-543
-691
-724
-748
-927
-1066
-1010
-971
-931
-953
-799
-413
-219
-33
113
354
774
964
907
856
943
872
558
255
32
-280
-727
-1128
-1516
-1830
-2098
-2462
-2709
-2774
-2823
-2796
-2605
-2322
-1979
-1607
-1145
-551
37
606
1198
1728
2229
2738
3247
3843
4414
4973
5701
6263
6495
6694
6899
7027
6817
6114
5297
4451
3430
2237
878
-307
-1332
-2600
-3792
-4589
-5148
-5521
-5800
-5910
-5712
-5394
-4973
-4307
-3436
-2522
-1803
-1211
-455
382
982
1294
1576
2015
2471
2714
2763
2827
3008
3081
2805
2420
2367
2500
2284
1636
1051
831
538
-168
-940
-1450
-1761
-2189
-2837
-3238
-3257
-3287
-3382
-3394
-3159
-2620
-2146
-1887
-1549
-965
-324
35
231
585
966
1203
1267
1190
1194
1145
862
570
282
-80
-354
-513
-739
-1134
-1429
-1397
-1341
-1457
-1544
-1503
-1420
-1466
-1663
-1687
-1398
-1144
-1138
-1099
-775
-300
63
260
467
779
1002
1036
1029
1080
1142
1027
681
370
152
-127
-434
-818
-1301
-1750
-2162
-2555
-2867
-3051
-2988
-2753
-2508
-2168
-1711
-1251
-770
-273
214
748
1261
1754
2374
3076
3750
4385
5027
5790
6539
6994
7248
7477
7608
7435
6796
5909
5041
4107
3038
1867
634
-580
-1778
-2987
-4091
-4944
-5541
-5944
-6097
-5974
-5641
-5074
-4330
-3501
-2609
-1818
-1180
-436
421
1109
1519
1802
2141
2511
2740
2789
2854
3110
3350
3194
2770
2527
2456
2200
1657
1047
613
203
-517
-1401
-2060
-2532
-3120
-3882
-4498
-4617
-4405
-4254
-4095
-3674
-2995
-2208
-1554
-981
-258
389
752
1006
1170
1247
1295
1235
1126
1051
939
786
660
539
344
-4
-425
-780
-1112
-1422
-1613
-1709
-1850
-2009
-2054
-1979
-1949
-2023
-1934
-1744
-1555
-1361
-1221
-838
-333
131
594
959
1443
1834
1990
2119
2067
2003
1853
1542
1237
874
474
29
-413
-918
-1425
-1853
-2167
-2498
-2922
-3022
-2946
-2789
-2546
-2182
-1573
-1051
-606
-156
411
1181
1917
2503
3019
3604
4226
4842
5470
6036
6425
6701
6984
7146
7011
6551
5856
5013
4012
2834
1591
414
-785
-2116
-3407
-4376
-5040
-5630
-6157
-6395
-6251
-5881
-5398
-4709
-3800
-2930
-2274
-1676
-931
-79
639
1143
1644
2240
2769
3043
3145
3343
3573
3578
3326
2928
2715
2644
2245
1617
1087
666
266
-385
-1178
-1719
-2230
-2903
-3570
-4058
-4153
-4068
-4128
-4067
-3650
-2956
-2150
-1419
-751
-33
618
1069
1320
1482
1632
1712
1663
1506
1329
1263
1261
1086
713
323
101
44
-199
-688
-991
-1123
-1382
-1699
-1937
-1956
-1788
-1760
-1889
-1914
-1727
-1432
-1248
-1103
-750
-235
219
511
770
1131
1468
1624
1601
1537
1507
1396
1198
914
526
210
-79
-521
-1029
-1558
-1934
-2149
-2545
-2944
-3041
-2968
-2780
-2608
-2427
-1949
-1378
-921
-411
206
898
1560
2099
2677
3345
3988
4601
5167
5632
5965
6200
6409
6546
6401
5885
5130
4318
3481
2422
1237
125
-1021
-2231
-3362
-4390
-5080
-5412
-5813
-6050
-5914
-5438
-4782
-4201
-3432
-2609
-1920
-1335
-657
258
1007
1508
1877
2274
2704
2951
3083
3307
3610
3639
3314
3015
2928
2740
2190
1498
969
619
175
-528
-1281
-1802
-2136
-2594
-3172
-3498
-3470
-3407
-3460
-3352
-2846
-2192
-1669
-1180
-578
121
742
1200
1629
1958
2075
2111
2065
1904
1680
1312
919
586
147
-226
-311
-362
-633
-966
-1067
-970
-1051
-1401
-1661
-1668
-1700
-1980
-2250
-2181
-1898
-1701
-1630
-1476
-1017
-398
-22
239
652
1021
1202
1273
1346
1420
1492
1369
1095
885
534
139
-361
-1029
-1612
-2275
-2808
-3108
-3360
-3420
-3459
-3370
-3050
-2667
-2158
-1660
-1149
-636
-138
518
1202
1891
2581
3131
3713
4420
4974
5414
5836
6130
6339
6425
6315
6018
5542
4956
4220
3242
2171
1136
30
-1239
-2564
-3717
-4602
-5250
-5721
-6026
-6027
-5651
-5072
-4431
-3622
-2644
-1760
-1101
-462
313
1067
1569
1877
2250
2756
3125
3181
3199
3428
3622
3401
2923
2651
2602
2362
1745
1045
558
161
-488
-1329
-1919
-2229
-2657
-3286
-3714
-3754
-3610
-3530
-3444
-3111
-2520
-1809
-1244
-622
85
671
1207
1625
2009
2204
2240
2157
1909
1710
1334
982
784
337
-242
-665
-876
-1046
-1370
-1738
-1868
-1855
-1955
-2182
-2268
-2042
-1880
-2040
-2165
-1922
-1518
-1319
-1263
-1006
-459
103
461
761
1196
1600
1765
1804
1903
2019
1949
1654
1292
883
446
-58
-722
-1388
-1965
-2515
-3000
-3464
-3785
-3841
-3804
-3647
-3341
-2984
-2419
-1724
-1088
-416
327
1190
2085
2747
3258
3817
4481
5195
5721
6075
6407
6629
6697
6587
6253
5775
5131
4266
3217
2100
1025
-79
-1255
-2401
-3447
-4268
-4812
-5245
-5536
-5524
-5326
-5090
-4702
-4029
-3143
-2263
-1566
-957
-202
670
1364
1782
2136
2550
2940
3193
3233
3259
3443
3413
2987
2569
2429
2405
2154
1567
992
577
37
-769
-1610
-2200
-2561
-2960
-3413
-3640
-3515
-3292
-3211
-3042
-2545
-1870
-1247
-745
-201
458
1022
1446
1810
2081
2272
2319
2149
1892
1592
1213
830
388
-183
-680
-967
-1151
-1363
-1633
-1790
-1767
-1801
-1962
-2076
-2080
-2067
-2195
-2418
-2454
-2259
-2033
-1833
-1610
-1242
-674
-154
217
690
1248
1630
1859
2073
2260
2308
2146
1816
1406
987
567
22
-678
-1362
-1943
-2458
-2935
-3337
-3603
-3726
-3728
-3595
-3289
-2824
-2293
-1760
-1186
-516
182
804
1367
1947
2521
3062
3655
4319
4905
5339
5701
6016
6208
6191
5925
5449
4840
4114
3201
2131
1049
-63
-1256
-2389
-3306
-3925
-4301
-4530
-4530
-4313
-4026
-3665
-3223
-2714
-2131
-1643
-1293
-868
-267
405
984
1434
1864
2329
2768
3049
3235
3506
3702
3586
3203
2789
2559
2345
1915
1456
1092
766
390
-164
-729
-1153
-1634
-2234
-2791
-3107
-3138
-3139
-3216
-3161
-2774
-2094
-1412
-832
-209
430
1006
1379
1518
1639
1750
1732
1642
1429
1151
966
742
481
155
-223
-535
-868
-1261
-1672
-1931
-2124
-2363
-2591
-2866
-3028
-3017
-2983
-3000
-2910
-2669
-2399
-2157
-1874
-1390
-888
-401
93
503
867
1111
1283
1404
1478
1521
1485
1420
1259
930
493
40
-439
-1023
-1605
-2172
-2630
-2931
-3168
-3296
-3308
-3094
-2800
-2485
-2019
-1494
-879
-275
373
1105
1744
2338
2927
3650
4327
4844
5422
5878
6226
6504
6639
6712
6581
6177
5431
4498
3477
2348
1174
-90
-1293
-2346
-3236
-3937
-4349
-4471
-4393
-4200
-3979
-3639
-3225
-2724
-2265
-1942
-1576
-1116
-496
152
776
1391
1885
2339
2747
2959
3091
3323
3476
3397
3134
2821
2576
2359
1990
1449
976
573
85
-585
-1181
-1588
-2027
-2546
-3138
-3419
-3362
-3311
-3348
-3313
-2955
-2416
-1859
-1372
-761
-19
531
891
1021
1131
1312
1327
1216
1100
1055
1062
956
699
427
205
5
-306
-739
-1151
-1570
-1978
-2337
-2671
-2748
-2631
-2527
-2474
-2463
-2293
-2064
-1893
-1772
-1602
-1257
-874
-542
-238
90
387
655
889
982
1029
1144
1202
1110
975
769
604
419
-2
-590
-1223
-1678
-2110
-2576
-2962
-3132
-2978
-2737
-2376
-1899
-1319
-725
-232
219
633
1208
1849
2365
2886
3527
4298
5070
5680
6098
6456
6763
6901
6831
6481
5902
5244
4484
3497
2412
1428
448
-564
-1656
-2700
-3406
-3914
-4294
-4547
-4564
-4243
-3799
-3376
-2910
-2206
-1446
-860
-377
70
598
1143
1478
1684
1911
2119
2245
2192
2059
1988
1761
1309
858
564
491
427
188
-56
-187
-317
-626
-1131
-1662
-2189
-2760
-3339
-3848
-4069
-4002
-3882
-3659
-3196
-2601
-1993
-1389
-788
-256
114
384
633
834
998
1120
1131
1044
870
601
338
143
-13
-168
-372
-542
-621
-708
-742
-647
-601
-698
-866
-975
-979
-984
-998
-897
-653
-381
-216
-43
265
492
567
656
824
1073
1306
1419
1553
1781
1911
1818
1579
1283
918
443
-178
-864
-1453
-1888
-2217
-2375
-2298
-2103
-1898
-1664
-1401
-1149
-923
-710
-466
-156
182
534
977
1549
2166
2786
3437
4072
4608
5021
5259
5393
5478
5398
5089
4578
4000
3409
2736
1858
940
142
-705
-1580
-2485
-3308
-3950
-4568
-5111
-5454
-5439
-5116
-4675
-4095
-3356
-2503
-1685
-982
-307
379
955
1246
1390
1525
1698
1823
1728
1684
1738
1704
1547
1346
1311
1362
1328
1120
836
661
462
47
-565
-1171
-1662
-2154
-2682
-3097
-3251
-3172
-3016
-2854
-2509
-1928
-1320
-770
-262
232
692
1049
1293
1422
1517
1609
1673
1585
1391
1222
1026
902
728
474
284
154
80
-84
-216
-226
-287
-458
-742
-993
-1072
-1118
-1298
-1476
-1431
-1171
-895
-643
-282
139
460
622
736
850
868
808
788
806
868
950
930
858
644
303
-84
-606
-1117
-1575
-1966
-2252
-2433
-2478
-2433
-2228
-1943
-1685
-1385
-1046
-793
-691
-627
-493
-222
113
447
915
1587
2338
3064
3722
4268
4728
5065
5106
4832
4445
4013
3446
2752
1942
1074
234
-681
-1666
-2428
-2895
-3265
-3595
-3747
-3579
-3122
-2596
-2111
-1611
-1106
-720
-531
-421
-183
148
429
660
934
1336
1792
2087
2265
2532
2761
2745
2554
2373
2326
2288
2021
1635
1298
918
431
-140
-726
-1198
-1669
-2246
-2779
-3154
-3315
-3284
-3207
-3002
-2558
-2035
-1511
-962
-456
-8
304
411
501
636
684
695
713
701
701
695
638
538
361
154
-39
-289
-559
-784
-991
-1086
-1077
-1153
-1271
-1306
-1322
-1388
-1485
-1522
-1445
-1361
-1299
-1153
-921
-648
-357
-111
86
318
584
790
874
889
837
689
483
259
19
-232
-484
-753
-998
-1166
-1249
-1332
-1422
-1391
-1287
-1176
-1116
-1098
-1013
-745
-340
-28
344
880
1435
1962
2402
2985
3691
4248
4673
4958
5140
5192
5023
4606
4031
3537
2863
1915
988
170
-529
-1219
-1920
-2519
-2995
-3396
-3711
-3852
-3827
-3658
-3374
-3014
-2567
-2065
-1591
-1170
-750
-317
97
447
745
1059
1391
1674
1859
2008
2219
2417
2534
2590
2597
2568
2446
2107
1691
1355
947
495
7
-514
-986
-1447
-1890
-2379
-2736
-2834
-2778
-2676
-2596
-2370
-2000
-1561
-1100
-690
-266
159
413
532
699
790
809
862
854
678
527
508
397
307
278
262
194
50
-23
-134
-265
-404
-604
-687
-684
-736
-816
-881
-944
-981
-1001
-1020
-1021
-977
-870
-758
-629
-450
-300
-208
-80
74
159
207
252
202
31
-133
-272
-462
-706
-952
-1150
-1267
-1307
-1272
-1148
-981
-846
-719
-569
-408
-200
76
300
425
604
953
1416
1864
2308
2795
3298
3678
3877
3959
3980
3888
3593
3179
2648
2054
1447
766
112
-539
-1118
-1617
-2056
-2337
-2514
-2578
-2548
-2432
-2234
-1928
-1563
-1150
-710
-362
-26
244
469
629
693
732
676
642
641
592
568
625
668
641
599
558
559
557
443
214
49
-155
-486
-772
-1049
-1224
-1338
-1472
-1544
-1518
-1336
-1129
-946
-753
-497
-159
130
447
823
1137
1373
1588
1735
1724
1622
1399
1119
842
429
9
-297
-545
-725
-816
-747
-653
-578
-473
-463
-381
-359
-367
-432
-452
-521
-512
-540
-551
-460
-379
-390
-433
-383
-404
-392
-473
-562
-698
-759
-752
-709
-666
-627
-482
-533
-631
-668
-708
-794
-936
-1066
-1109
-1172
-1202
-1148
-1035
-915
-722
-486
-308
-140
42
214
416
667
907
1110
1307
1500
1709
1937
2137
2332
2595
2827
2909
2882
2806
2645
2386
2010
1478
916
467
39
-435
-836
-1111
-1353
-1581
-1688
-1645
-1539
-1352
-1068
-848
-591
-207
183
472
730
942
1094
1195
1169
1058
840
617
308
49
-212
-449
-623
-744
-930
-994
-1018
-1004
-882
-902
-966
-959
-906
-795
-723
-630
-524
-413
-291
-159
27
217
372
472
546
666
800
907
983
1000
926
796
679
528
346
159
9
-157
-318
-423
-486
-523
-576
-561
-517
-338
-191
-40
39
129
191
220
193
200
150
71
-33
-222
-385
-564
-688
-841
-870
-929
-955
-916
-862
-796
-743
-705
-685
-586
-570
-550
-531
-481
-401
-326
-222
-141
-64
1
2
108
139
186
170
189
153
198
320
354
459
516
541
497
451
413
412
447
518
578
688
854
1052
1212
1353
1454
1430
1355
1269
1083
883
732
517
316
235
130
40
-7
-70
-83
-128
-205
-178
-129
-118
-26
86
209
413
511
477
407
352
269
32
-244
-466
-685
-958
-1210
-1354
-1462
-1591
-1677
-1661
-1554
-1305
-1013
-839
-686
-558
-398
-121
90
218
257
224
213
203
213
269
326
287
275
321
343
432
455
389
350
315
310
264
158
114
83
11
19
114
172
157
140
168
135
34
-37
-93
-160
-272
-381
-422
-400
-260
-48
170
365
451
504
495
377
256
126
-35
-209
-354
-401
-406
-375
-250
-141
-133
-70
8
-5
0
-4
-21
11
99
215
296
347
307
220
156
18
-105
-170
-189
-142
-38
113
192
213
192
157
172
223
288
247
177
127
31
43
169
351
579
704
692
651
597
435
228
30
-194
-323
-326
-236
-51
79
105
58
-59
-194
-320
-440
-544
-635
-729
-772
-725
-566
-374
-269
-206
-202
-196
-210
-306
-434
-648
-765
-773
-733
-634
-568
-495
-479
-459
-330
-152
0
143
265
345
439
519
609
681
699
694
718
716
681
690
584
504
452
312
251
198
105
45
21
-3
17
106
140
133
180
300
398
467
522
486
367
301
261
162
89
37
-20
-107
-143
-149
-214
-192
-179
-244
-344
-447
-526
-695
-853
-956
-1045
-1064
-991
-898
-833
-728
-594
-480
-379
-241
-96
-4
44
77
85
73
34
-11
76
175
273
394
394
392
341
223
156
123
116
71
46
70
105
99
103
166
239
307
365
461
526
519
580
673
744
898
0
0
0
0
0
0
0
0
0
0
0
0
0
0
0
0
0
0
0
0
0
0
0
0
0
0
0
0
0
0
0
0
0
0
0
0
0
0
0
0
0
0
0
0
0
0
0
0
0
0
0
0
0
0
0
0
0
0
0
0
0
0
0
0
0
0
0
0
0
0
0
0
0
0
0
0
0
0
0
0
0
0
0
0
0
0
0
0
0
0
0
0
0
0
0
0
0
0
0
0
0
0
0
0
0
0
0
0
0
0
0
0
0
0
0
0
0
0
0
0
0
0
0
0
0
0
0
0
0
0
0
0
0
0
0
0
0
0
0
0
0
0
0
0
0
0
0
0
0
0
0
0
0
0
0
0
0
0
0
0
0
0
0
0
0
0
0
0
0
0
0
0
0
0
0
0
0
0
0
0
0
0
0
0
0
0
0
0
0
0
0
0
0
0
0
0
0
0
0
0
0
0
0
0
0
0
0
0
0
0
0
0
0
0
0
0
0
0
0
0
0
0
0
0
0
0
0
0
0
0
0
0
0
0
0
0
0
0
0
0
0
0
0
0
0
0
0
0
0
0
0
0
0
0
0
0
0
0
0
0
0
0
0
0
0
0
0
0
0
0
0
0
0
0
0
0
0
0
0
0
0
0
0
0
0
0
0
0
0
0
0
0
0
0
0
0
0
0
0
0
0
0
0
0
0
0
0
0
0
0
0
0
0
0
0
0
0
0
0
0
0
0
0
0
0
0
0
0
0
0
0
0
0
0
0
0
0
0
0
0
0
0
0
0
0
0
0
0
0
0
0
0
0
0
0
0
0
0
0
0
0
0
0
0
0
0
0
0
0
0
0
0
0
0
0
0
0
0
0
0
0
0
0
0
0
0
0
0
0
0
0
0
0
0
0
0
0
0
0
0
