0
0
0
0
0
0
0
0
0
0
0
0
0
0
0
0
0
0
0
0
0
0
0
0
0
0
0
0
0
0
0
0
0
0
0
0
0
0
0
0
0
0
0
0
0
0
0
0
0
0
0
0
0
0
0
0
0
0
0
0
0
0
0
0
0
0
0
0
0
0
0
0
0
0
0
0
0
0
0
0
0
0
0
0
0
0
0
0
0
0
0
0
0
0
0
0
0
0
0
0
0
0
0
0
0
0
0
0
0
0
0
0
0
0
0
0
0
0
0
0
0
0
0
0
0
0
0
0
0
0
0
0
0
0
0
0
0
0
0
0
0
0
0
0
0
0
0
0
0
0
0
0
0
0
0
0
0
0
0
0
0
0
0
0
0
0
0
0
0
0
0
0
0
0
0
0
0
0
0
0
0
0
0
0
0
0
0
0
0
0
0
0
0
0
0
0
0
0
0
0
0
0
0
0
0
0
0
0
0
0
0
0
0
0
0
0
0
0
0
0
0
0
0
0
0
0
0
0
0
0
0
0
0
0
0
0
0
0
0
0
0
0
0
0
0
0
0
0
0
0
0
0
0
0
0
0
0
0
0
0
0
0
0
0
0
0
0
0
0
0
0
0
0
0
0
0
0
0
0
0
0
0
0
0
0
0
0
0
0
0
0
0
0
0
0
0
0
0
0
0
0
0
0
0
0
0
0
0
0
0
0
0
0
0
0
0
0
0
0
0
0
0
0
0
0
0
0
0
0
0
0
0
0
0
0
0
0
0
0
0
0
0
0
0
0
0
0
0
0
0
0
0
0
0
0
0
0
0
0
0
0
0
0
0
0
0
0
0
0
0
0
0
0
0
0
0
0
0
0
0
0
0
0
0
0
0
0
0
0
0
0
0
0
0
0
0
0
0
0
0
437
433
528
553
494
506
439
322
197
31
-119
-199
-312
-428
-498
-593
-619
-596
-549
-436
-342
-301
-260
-238
-243
-221
-143
-58
-5
67
175
242
264
303
362
410
434
446
443
422
413
426
442
462
442
326
185
15
-183
-317
-430
-544
-654
-726
-739
-678
-630
-582
-469
-449
-376
-214
-87
94
209
269
330
326
314
305
308
233
184
200
144
121
102
35
-17
-94
-113
-54
23
91
83
106
7
11
-16
-30
-6
-71
-69
-65
-38
-106
-172
-297
-400
-405
-460
-447
-511
-570
-582
-537
-515
-479
-415
-402
-383
-365
-219
-180
-134
-150
-135
-109
-161
-111
17
137
282
522
807
1071
1330
1593
1933
2219
2379
2463
2463
2349
2159
1947
1642
1212
685
147
-416
-908
-1316
-1607
-1831
-2118
-2227
-2112
-1925
-1830
-1621
-1408
-1141
-865
-529
-229
-21
118
174
249
352
373
438
400
294
338
456
556
593
594
651
719
646
478
355
171
-112
-463
-791
-1014
-1251
-1463
-1567
-1580
-1515
-1326
-1040
-845
-616
-331
-100
92
222
403
543
545
559
625
705
662
537
470
390
308
306
345
325
288
246
238
263
178
137
118
29
-26
-127
-186
-196
-212
-167
-79
81
254
409
621
787
817
880
990
993
927
815
627
413
202
21
-146
-251
-378
-521
-554
-626
-677
-638
-545
-521
-588
-578
-572
-530
-474
-452
-352
-321
-348
-277
-183
-98
-37
-15
100
227
257
332
383
356
300
223
265
202
8
-49
-109
-209
-332
-411
-402
-388
-351
-292
-187
-85
-12
77
204
302
325
345
345
327
293
231
190
116
-28
-146
-231
-328
-383
-397
-417
-430
-395
-322
-294
-308
-290
-237
-213
-235
-308
-419
-499
-513
-448
-313
-149
-3
159
404
727
1053
1395
1788
2106
2410
2661
2752
2770
2611
2356
2048
1644
1192
727
311
-178
-697
-1108
-1477
-1796
-1975
-2049
-2091
-2035
-1984
-1955
-1797
-1684
-1572
-1434
-1359
-1230
-1119
-1010
-908
-825
-711
-621
-471
-279
-109
94
341
535
705
893
967
959
907
791
653
446
172
-87
-319
-506
-664
-817
-867
-780
-627
-450
-248
7
306
592
813
953
1101
1299
1451
1488
1452
1407
1307
1112
880
673
468
246
32
-149
-254
-370
-459
-488
-494
-482
-506
-428
-387
-458
-491
-473
-419
-434
-420
-375
-367
-336
-312
-248
-98
64
253
484
639
816
994
1109
1183
1111
974
768
505
193
-165
-530
-978
-1382
-1696
-1976
-2222
-2376
-2390
-2357
-2331
-2282
-2166
-2006
-1903
-1840
-1696
-1537
-1478
-1361
-1103
-817
-474
-17
553
1219
1938
2694
3562
4530
5424
6242
6925
7349
7533
7484
7192
6586
5744
4614
3267
1843
250
-1297
-2692
-3930
-4983
-5899
-6464
-6601
-6544
-6322
-5842
-5172
-4407
-3711
-3067
-2404
-1849
-1417
-1026
-644
-262
153
478
754
1103
1534
2070
2530
2914
3268
3593
3828
3761
3501
3146
2602
1793
805
-162
-1073
-2017
-2969
-3810
-4438
-4804
-4968
-4894
-4596
-4145
-3524
-2874
-2212
-1502
-826
-218
222
636
1024
1283
1549
1723
1849
1998
2202
2514
2827
3210
3573
3891
4152
4224
4175
4034
3764
3228
2465
1648
844
36
-859
-1733
-2388
-2845
-3234
-3424
-3291
-3016
-2699
-2227
-1614
-1044
-555
-108
270
537
650
604
466
283
15
-252
-387
-462
-579
-584
-379
-155
-37
100
394
616
653
657
608
454
127
-162
-415
-779
-1169
-1513
-1745
-1915
-2012
-2049
-1970
-1799
-1611
-1440
-1240
-980
-896
-814
-706
-667
-771
-977
-1024
-1159
-1255
-1217
-1009
-518
91
888
1757
2729
3901
5167
6376
7372
8126
8605
8794
8608
8087
7263
6067
4615
3002
1266
-364
-1776
-3151
-4473
-5543
-6233
-6513
-6544
-6413
-6038
-5545
-5038
-4411
-3732
-3082
-2500
-2130
-1856
-1474
-1093
-774
-491
-276
63
607
1096
1531
2085
2645
3088
3374
3469
3460
3350
2930
2151
1232
354
-532
-1551
-2600
-3481
-4134
-4577
-4814
-4816
-4514
-3953
-3314
-2686
-1958
-1095
-272
359
823
1194
1521
1822
2070
2228
2331
2421
2509
2616
2812
3069
3280
3414
3479
3412
3258
3084
2739
2132
1421
741
87
-638
-1452
-2147
-2622
-3027
-3319
-3311
-3081
-2775
-2449
-2073
-1552
-989
-561
-192
131
299
470
693
767
751
760
729
698
711
727
802
903
864
716
620
583
450
172
-168
-507
-869
-1340
-1852
-2249
-2602
-2934
-3112
-3144
-3084
-2936
-2732
-2447
-2133
-1873
-1587
-1232
-945
-805
-701
-499
-204
191
803
1633
2531
3483
4623
5928
7212
8312
9128
9678
10003
9991
9568
8811
7672
6071
4175
2194
177
-1826
-3701
-5383
-6874
-8034
-8662
-8809
-8698
-8392
-7792
-6890
-5816
-4715
-3622
-2541
-1597
-942
-478
-5
464
759
853
890
1024
1315
1678
2011
2360
2771
3150
3369
3398
3338
3212
2762
1834
730
-283
-1333
-2525
-3713
-4674
-5319
-5715
-5877
-5701
-5167
-4405
-3574
-2676
-1632
-534
448
1247
1851
2318
2677
2906
3002
2995
2960
2998
3054
3016
2987
3017
3020
2884
2654
2434
2248
1963
1452
862
206
-367
-909
-1529
-2098
-2628
-2824
-2900
-3014
-2908
-2567
-2043
-1658
-1252
-551
251
864
1210
1546
1899
2045
1961
1866
1786
1573
1248
914
639
433
308
181
-18
-262
-466
-636
-898
-1304
-1746
-2076
-2409
-2802
-3097
-3218
-3322
-3434
-3443
-3303
-2907
-2504
-2184
-1917
-1608
-1242
-1096
-869
-585
-368
-32
439
1159
1923
2749
3702
4710
5816
6956
8079
9042
9668
9907
9849
9493
8709
7498
6012
4341
2429
382
-1520
-3227
-4866
-6438
-7684
-8368
-8532
-8411
-8144
-7585
-6691
-5672
-4655
-3538
-2403
-1465
-766
-282
257
839
1335
1581
1555
1730
2036
2389
2701
2903
3167
3292
3254
3066
2822
2532
1931
955
-212
-1307
-2291
-3287
-4322
-5181
-5695
-5922
-5903
-5629
-5082
-4327
-3486
-2591
-1615
-587
405
1233
1828
2344
2866
3230
3415
3521
3525
3462
3395
3261
3096
2929
2691
2405
2018
1498
1069
737
244
-414
-1057
-1589
-1980
-2345
-2711
-2894
-2898
-2871
-2709
-2237
-1504
-713
-33
564
1200
1834
2317
2597
2757
2823
2672
2320
1976
1695
1360
929
481
95
-167
-330
-516
-763
-991
-1197
-1408
-1635
-1899
-2164
-2422
-2703
-2976
-3186
-3242
-3204
-3211
-3140
-2899
-2537
-2074
-1679
-1340
-872
-417
-67
291
680
1117
1560
1984
2513
3130
3731
4355
5065
5833
6516
7058
7490
7715
7672
7367
6786
5881
4654
3229
1644
-122
-1849
-3383
-4843
-6179
-7279
-7940
-8090
-7951
-7574
-6882
-5895
-4812
-3608
-2370
-1127
83
881
1463
1922
2363
2809
2930
2913
2859
2803
2707
2488
2341
2305
2266
2044
1704
1374
1053
602
-234
-1186
-2001
-2722
-3399
-4192
-4806
-5210
-5586
-5658
-5499
-5021
-4267
-3549
-2745
-1838
-727
399
1182
1869
2506
3014
3410
3671
3876
3974
3961
3821
3586
3304
3012
2777
2385
1884
1345
873
520
-61
-687
-1254
-1681
-1966
-2375
-2688
-2803
-2704
-2559
-2468
-2167
-1593
-976
-529
-106
473
1086
1490
1719
1962
2178
2249
2198
2141
2091
1984
1791
1506
1176
869
613
377
103
-280
-768
-1271
-1756
-2252
-2728
-3139
-3555
-4005
-4327
-4348
-4149
-3940
-3730
-3342
-2759
-2175
-1650
-1050
-395
112
426
716
1047
1362
1653
2001
2448
2961
3536
4244
5047
5816
6523
7145
7599
7828
7850
7648
7051
6000
4756
3399
1757
-76
-1841
-3447
-4866
-6139
-7237
-7901
-8101
-8105
-7852
-7143
-6126
-5033
-3875
-2592
-1278
-133
725
1351
1932
2471
2759
2773
2659
2588
2639
2663
2591
2552
2578
2610
2514
2234
1968
1747
1271
414
-541
-1300
-2000
-2943
-3990
-4808
-5288
-5539
-5689
-5618
-5155
-4514
-3904
-3152
-2144
-1018
26
856
1543
2276
2986
3486
3807
3974
3978
3907
3754
3486
3193
2913
2599
2198
1665
1108
664
231
-306
-938
-1567
-2012
-2322
-2741
-3105
-3094
-2830
-2566
-2348
-2037
-1503
-891
-388
143
815
1472
1892
2108
2367
2681
2825
2742
2574
2448
2317
2142
1951
1684
1326
911
379
-172
-676
-1147
-1595
-2229
-3040
-3654
-3969
-4128
-4276
-4418
-4310
-3970
-3656
-3302
-2742
-2057
-1454
-1038
-618
-18
519
770
916
1187
1558
1933
2314
2786
3349
3856
4331
4957
5666
6271
6751
7039
7110
7023
6634
5788
4649
3333
1829
211
-1492
-3175
-4628
-5916
-7141
-8025
-8319
-8177
-7865
-7360
-6429
-5121
-3781
-2545
-1317
-82
1014
1778
2270
2777
3321
3621
3531
3298
3296
3454
3396
3144
2966
2862
2672
2255
1763
1483
1227
591
-396
-1375
-2150
-2884
-3776
-4685
-5350
-5748
-6007
-6070
-5737
-5032
-4253
-3585
-2863
-1840
-582
575
1454
2192
2891
3490
3931
4228
4422
4500
4424
4219
3963
3696
3331
2810
2228
1604
906
256
-354
-1065
-1817
-2490
-2983
-3310
-3646
-3894
-3772
-3364
-2961
-2612
-2073
-1303
-584
19
614
1246
1898
2380
2632
2854
3078
3164
3081
2905
2736
2547
2301
2053
1767
1389
977
593
194
-310
-886
-1511
-2214
-2901
-3456
-3863
-4177
-4501
-4747
-4720
-4498
-4216
-3824
-3285
-2620
-1958
-1412
-842
-162
383
676
896
1188
1552
1843
2075
2514
3147
3696
4193
4865
5720
6551
7182
7593
7788
7746
7397
6599
5401
4062
2629
931
-971
-2782
-4358
-5784
-7130
-8209
-8732
-8694
-8421
-8052
-7339
-6159
-4811
-3566
-2391
-1168
-4
805
1327
2040
2932
3463
3448
3263
3340
3705
3921
3749
3553
3611
3620
3301
2853
2535
2203
1484
334
-822
-1669
-2412
-3352
-4375
-5194
-5687
-5932
-6073
-5971
-5424
-4700
-4115
-3443
-2415
-1189
-91
759
1532
2403
3238
3829
4172
4389
4556
4622
4587
4546
4400
4055
3627
3118
2485
1797
1092
363
-464
-1438
-2351
-2994
-3431
-3863
-4293
-4442
-4215
-3863
-3476
-2922
-2112
-1217
-558
-25
683
1416
1899
2180
2442
2745
2939
2875
2707
2589
2446
2245
1998
1714
1430
1080
629
259
-12
-348
-787
-1334
-1968
-2496
-2836
-3108
-3441
-3827
-4050
-4027
-3987
-3931
-3627
-3116
-2615
-2173
-1680
-1059
-425
69
406
739
1186
1633
1995
2417
2963
3513
4032
4721
5640
6412
6821
7088
7323
7388
7154
6481
5370
4063
2687
1153
-499
-2120
-3731
-5339
-6799
-7937
-8507
-8515
-8327
-8059
-7507
-6508
-5146
-3770
-2503
-1179
41
904
1550
2267
3104
3709
3783
3601
3616
3831
3939
3798
3618
3563
3419
3001
2549
2296
2107
1571
566
-479
-1291
-2099
-3113
-4258
-5171
-5646
-5974
-6261
-6249
-5872
-5303
-4643
-3800
-2708
-1463
-232
739
1477
2283
3029
3544
4012
4390
4591
4701
4663
4499
4297
3975
3542
3113
2656
2067
1396
711
-54
-875
-1631
-2270
-2809
-3380
-3948
-4171
-3998
-3802
-3695
-3403
-2753
-1978
-1289
-535
399
1254
1807
2145
2464
2777
2967
2978
2853
2619
2307
1989
1722
1496
1182
755
389
157
-62
-331
-664
-1087
-1572
-2087
-2529
-2802
-3114
-3556
-3813
-3791
-3762
-3705
-3388
-2847
-2354
-2036
-1691
-1133
-503
-36
263
563
976
1425
1857
2361
2930
3436
3939
4653
5564
6346
6791
7001
7115
7091
6777
6080
5065
3876
2535
970
-719
-2293
-3700
-5098
-6502
-7624
-8206
-8324
-8251
-8059
-7539
-6567
-5343
-4121
-2878
-1497
-138
838
1426
2058
2935
3632
3745
3577
3680
4031
4130
3863
3679
3816
3878
3477
2883
2578
2420
1828
685
-492
-1326
-2038
-2969
-4023
-4883
-5449
-5865
-6177
-6161
-5750
-5149
-4564
-3874
-2911
-1739
-622
324
1209
2039
2858
3498
3980
4390
4597
4749
4770
4756
4646
4346
4058
3607
3061
2429
1741
1086
188
-825
-1804
-2629
-3168
-3786
-4429
-4814
-4851
-4509
-4166
-3658
-2818
-1967
-1157
-462
390
1417
2116
2494
2740
3054
3268
3143
2921
2764
2550
2154
1697
1383
1161
865
488
105
-238
-569
-1000
-1450
-1838
-2286
-2746
-3119
-3489
-3827
-3977
-3958
-3886
-3783
-3552
-3052
-2430
-1918
-1396
-667
102
630
933
1274
1760
2173
2388
2624
3059
3533
3932
4477
5239
5915
6294
6475
6615
6651
6390
5763
4780
3617
2444
1058
-580
-2144
-3556
-4959
-6355
-7473
-7994
-8075
-8044
-7875
-7385
-6403
-5064
-3792
-2622
-1291
57
1058
1705
2370
3198
3769
3747
3455
3420
3677
3770
3441
3112
3133
3124
2728
2247
2108
2105
1530
354
-668
-1268
-1865
-2737
-3748
-4572
-5081
-5435
-5706
-5685
-5275
-4735
-4276
-3737
-2915
-1891
-882
-3
812
1652
2476
3183
3775
4266
4591
4728
4801
4905
4918
4707
4346
3970
3493
2782
2000
1301
479
-604
-1644
-2389
-3034
-3778
-4444
-4763
-4698
-4489
-4302
-3850
-2972
-2111
-1472
-718
272
1232
1953
2421
2806
3182
3364
3312
3221
3103
2818
2395
2011
1731
1418
1008
602
197
-306
-866
-1346
-1719
-2135
-2648
-3099
-3382
-3651
-4039
-4345
-4339
-4167
-4055
-3890
-3444
-2798
-2297
-1907
-1265
-479
101
499
917
1475
2033
2433
2856
3396
3949
4564
5291
6057
6726
7103
7233
7343
7352
7035
6357
5347
4119
2789
1274
-394
-1959
-3406
-4902
-6362
-7474
-8018
-8094
-8026
-7942
-7525
-6531
-5264
-4102
-2961
-1679
-446
450
1089
1845
2782
3422
3439
3286
3551
4022
4120
3858
3711
3834
3768
3150
2477
2272
2072
1255
-27
-1178
-1871
-2427
-3385
-4577
-5351
-5665
-5996
-6350
-6275
-5688
-5025
-4499
-3803
-2713
-1435
-308
552
1373
2337
3214
3776
4170
4545
4846
4959
4925
4948
4941
4663
4254
3864
3357
2678
1931
1190
382
-568
-1474
-2156
-2744
-3415
-4067
-4443
-4487
-4399
-4259
-3926
-3304
-2545
-1820
-1066
-164
745
1397
1815
2248
2744
3075
3154
3131
3046
2774
2376
2130
2054
1850
1433
1012
671
295
-181
-676
-1180
-1753
-2376
-2956
-3395
-3735
-4118
-4355
-4311
-4280
-4308
-4090
-3553
-2972
-2638
-2318
-1661
-923
-381
80
659
1410
2087
2549
3062
3751
4472
5145
5774
6372
6840
7062
7138
7179
7049
6534
5646
4559
3297
1810
270
-1130
-2498
-3993
-5478
-6663
-7428
-7827
-7918
-7759
-7384
-6727
-5801
-4746
-3555
-2237
-996
-52
590
1268
2223
3125
3589
3671
3716
3985
4269
4191
3916
3862
3912
3586
2887
2373
2216
1827
783
-467
-1321
-1901
-2760
-3928
-4864
-5381
-5758
-6121
-6232
-5824
-5187
-4788
-4344
-3424
-2218
-1130
-341
376
1253
2128
2909
3561
4007
4342
4551
4678
4880
5006
4942
4728
4364
3946
3455
2880
2301
1519
456
-629
-1553
-2262
-2928
-3746
-4408
-4637
-4742
-4877
-4713
-4094
-3297
-2702
-2156
-1200
-12
899
1455
1907
2500
3052
3231
3221
3245
3166
2878
2481
2216
2042
1657
1130
715
368
-27
-429
-783
-1186
-1757
-2343
-2721
-2999
-3447
-3965
-4208
-4198
-4268
-4372
-4158
-3658
-3232
-2930
-2447
-1705
-1043
-653
-235
478
1317
2010
2586
3300
4112
4769
5408
6208
6925
7346
7512
7513
7412
7088
6398
5415
4267
2970
1496
-66
-1565
-3040
-4593
-6015
-7022
-7683
-8122
-8247
-8049
-7559
-6725
-5685
-4576
-3284
-1848
-563
432
1240
2101
3032
3644
3720
3656
3909
4319
4387
4096
3913
3951
3822
3313
2735
2393
2041
1223
-11
-1093
-1727
-2335
-3338
-4518
-5347
-5714
-5993
-6308
-6305
-5804
-5140
-4651
-4132
-3125
-1777
-695
17
750
1675
2673
3482
3943
4310
4809
5206
5308
5295
5299
5179
4837
4416
4007
3492
2809
2010
1078
31
-1003
-1924
-2785
-3710
-4644
-5294
-5506
-5486
-5405
-5060
-4372
-3636
-2946
-2075
-877
397
1253
1723
2301
2960
3317
3424
3604
3824
3721
3267
2876
2732
2577
2139
1537
1069
700
219
-276
-634
-1087
-1823
-2573
-3064
-3459
-3927
-4271
-4349
-4390
-4552
-4581
-4233
-3721
-3353
-2986
-2305
-1448
-822
-385
270
1161
1941
2549
3222
3952
4553
5068
5686
6393
6949
7159
7121
7100
7076
6694
5812
4745
3647
2245
533
-1042
-2339
-3686
-5184
-6584
-7572
-7970
-7953
-7872
-7684
-7022
-5965
-4941
-3875
-2484
-985
196
836
1325
2289
3419
3943
3838
3674
3914
4281
4190
3899
3939
4029
3583
2705
2114
2026
1705
612
-768
-1678
-2153
-2818
-3863
-4828
-5372
-5636
-5867
-5966
-5672
-5134
-4728
-4396
-3724
-2606
-1404
-504
104
785
1738
2657
3289
3859
4471
4851
4991
5220
5534
5643
5442
5027
4532
4064
3534
2786
1833
733
-461
-1549
-2400
-3213
-4147
-4998
-5469
-5536
-5422
-5223
-4753
-3937
-3061
-2303
-1409
-243
879
1661
2172
2634
3108
3418
3444
3356
3266
3027
2678
2471
2312
1952
1519
1196
860
439
34
-371
-902
-1577
-2272
-2791
-3140
-3580
-4120
-4410
-4397
-4410
-4487
-4291
-3739
-3186
-2865
-2528
-1849
-1002
-392
49
719
1601
2359
2984
3712
4479
5072
5615
6325
6976
7218
7174
7156
7069
6565
5643
4620
3568
2222
530
-1136
-2533
-3904
-5439
-6803
-7562
-7819
-7980
-8073
-7735
-6836
-5736
-4759
-3708
-2272
-719
333
863
1535
2643
3617
3881
3704
3788
4255
4540
4285
3905
3933
4110
3759
2961
2466
2399
1959
733
-607
-1377
-1872
-2787
-4097
-5127
-5580
-5868
-6334
-6630
-6310
-5630
-5137
-4769
-3977
-2670
-1410
-555
196
1213
2320
3141
3652
4082
4513
4852
5071
5251
5392
5391
5162
4765
4315
3814
3218
2486
1567
450
-759
-1809
-2633
-3460
-4393
-5200
-5502
-5340
-5164
-4892
-4175
-3248
-2446
-1746
-868
376
1529
2115
2417
2737
3032
3238
3311
3233
3020
2750
2541
2353
2114
1867
1582
1186
679
130
-316
-628
-1055
-1842
-2762
-3329
-3583
-3964
-4479
-4752
-4733
-4694
-4608
-4247
-3675
-3148
-2705
-2194
-1500
-703
-2
558
1202
2042
2881
3559
4152
4754
5362
5998
6600
6946
6959
6917
7014
6950
6348
5370
4395
3331
1856
169
-1219
-2360
-3790
-5492
-6780
-7335
-7588
-7868
-7904
-7337
-6323
-5344
-4465
-3256
-1664
-359
270
758
1680
2800
3477
3494
3290
3440
3894
4036
3666
3339
3435
3512
3044
2326
2008
1967
1394
114
-1058
-1575
-1977
-2933
-4169
-4955
-5192
-5439
-5870
-5977
-5514
-4952
-4638
-4202
-3220
-1926
-856
-156
538
1520
2588
3393
3982
4536
4950
5146
5319
5536
5571
5314
4917
4504
3988
3264
2461
1711
792
-498
-1785
-2595
-3164
-4013
-5016
-5562
-5458
-5169
-5041
-4765
-3953
-2895
-2097
-1398
-331
920
1760
2116
2488
3109
3629
3700
3455
3196
2982
2729
2462
2205
1889
1517
1155
757
271
-172
-432
-723
-1397
-2340
-3021
-3307
-3661
-4268
-4648
-4554
-4419
-4530
-4484
-3875
-3004
-2415
-2027
-1391
-471
336
893
1556
2399
3043
3460
3918
4582
5358
5872
6113
6362
6512
6511
6461
6190
5545
4591
3512
2414
1119
-393
-1742
-2904
-4301
-5875
-6904
-7100
-7084
-7354
-7501
-6940
-5806
-4719
-3836
-2649
-1032
295
887
1324
2276
3436
3922
3686
3546
3847
4183
4052
3515
3255
3364
3158
2573
2110
2014
1928
1160
-189
-1258
-1771
-2351
-3470
-4726
-5428
-5691
-6020
-6365
-6374
-5773
-5020
-4423
-3710
-2630
-1206
-154
562
1393
2304
3137
3707
4273
4804
5010
5027
5155
5321
5224
4875
4458
4127
3615
2797
2083
1464
501
-717
-1750
-2478
-3105
-3937
-4755
-5072
-4935
-4876
-4992
-4668
-3625
-2410
-1776
-1243
-212
1037
1939
2273
2755
3362
3597
3396
3049
2990
2901
2498
1948
1625
1428
1183
848
451
76
-486
-907
-1326
-1913
-2478
-2969
-3290
-3723
-4239
-4543
-4439
-4251
-4232
-4113
-3495
-2529
-2038
-1731
-1027
-1
810
1184
1878
2923
3714
4016
4255
4995
5930
6408
6311
6211
6363
6381
6062
5424
4696
3752
2543
1256
-180
-1444
-2589
-3856
-5254
-6484
-6903
-6837
-6944
-7223
-7020
-5999
-4843
-4097
-3287
-1800
-210
592
917
1777
3158
4021
3911
3579
3871
4449
4436
3721
3387
3625
3487
2733
1923
1743
1623
924
-164
-1175
-1627
-2002
-2883
-4071
-4864
-5098
-5426
-5990
-6198
-5746
-5081
-4543
-3966
-2994
-1674
-532
178
921
2021
3003
3565
3880
4337
4662
4660
4781
4958
5015
4672
4195
3964
3611
3038
2297
1512
616
-583
-1787
-2510
-2955
-3718
-4640
-5140
-4931
-4563
-4636
-4444
-3476
-2377
-1614
-1030
-113
1194
2043
2276
2556
3067
3430
3232
2871
2836
2679
2248
1794
1312
948
624
189
-126
-388
-726
-993
-1293
-1754
-2277
-2677
-2906
-3188
-3547
-3670
-3552
-3456
-3470
-3426
-2998
-2311
-1889
-1590
-903
18
810
1477
2260
3225
3917
4172
4602
5412
6073
6242
6117
6053
6019
5749
5202
4488
3707
2844
1744
395
-952
-2094
-3142
-4336
-5621
-6570
-6857
-6764
-6803
-6823
-6217
-5060
-4097
-3481
-2547
-1105
88
512
821
1794
2973
3383
3171
3356
4165
4660
4321
3821
3823
3962
3450
2458
1945
1920
1517
510
-620
-1293
-1553
-2198
-3423
-4387
-4677
-4848
-5387
-5907
-5697
-4973
-4439
-4187
-3587
-2284
-852
-8
402
1189
2219
2925
3257
3505
3931
4147
4182
4278
4376
4302
3900
3644
3525
3131
2423
1643
1043
271
-835
-1781
-2373
-2912
-3668
-4421
-4582
-4226
-4161
-4172
-3528
-2507
-1706
-1271
-515
644
1513
1782
1841
2494
3114
3050
2735
2673
2835
2526
1930
1476
1315
1098
425
-44
-259
-522
-874
-1353
-1612
-1879
-2426
-2818
-2964
-3100
-3412
-3684
-3573
-3333
-3266
-3089
-2546
-1995
-1673
-1348
-664
352
1097
1507
2271
3362
4058
4344
4852
5732
6323
6186
5841
5861
5986
5577
4579
3510
2625
1693
525
-727
-1799
-2736
-3834
-5073
-6040
-6324
-6200
-6295
-6465
-6137
-5171
-4087
-3346
-2586
-1384
-182
535
843
1353
2593
3445
3203
2893
3294
4227
4475
3844
3470
3728
3758
2936
2101
1921
1913
1155
-271
-1361
-1758
-2114
-3078
-4299
-4938
-4882
-4988
-5383
-5498
-4991
-4135
-3693
-3337
-2631
-1609
-553
110
726
1515
2276
2819
3207
3535
3835
4121
4252
4348
4398
4141
3724
3487
3322
2799
1970
1247
595
-318
-1370
-2116
-2562
-3044
-3681
-4139
-4134
-3889
-3675
-3491
-2844
-1911
-1316
-917
-332
631
1423
1730
1790
1992
2526
2684
2507
2459
2355
2105
1761
1367
970
619
317
-20
-474
-837
-1026
-1242
-1595
-2117
-2572
-2742
-2848
-3183
-3493
-3393
-2998
-2729
-2563
-2142
-1569
-1132
-954
-537
315
1018
1474
1917
2624
3366
3897
4590
5404
6117
6355
6114
6072
6189
6015
5094
3800
2740
1655
451
-937
-2082
-3019
-4234
-5538
-6530
-6695
-6548
-6532
-6522
-6219
-5231
-4104
-3328
-2679
-1535
-179
399
390
852
2057
3008
2998
2666
3057
4002
4360
3962
3775
4136
4192
3461
2735
2730
2877
2136
609
-689
-1289
-1788
-2871
-4074
-4809
-5051
-5297
-5762
-5729
-5083
-4225
-3674
-3356
-2584
-1464
-450
165
624
1280
1925
2307
2523
2836
3203
3420
3461
3553
3715
3615
3348
3198
3028
2626
2026
1378
791
64
-812
-1417
-1854
-2534
-3272
-3726
-3804
-3592
-3432
-3278
-2668
-1840
-1320
-901
-160
863
1612
1814
1966
2396
2776
2768
2536
2465
2339
1845
1366
1093
782
372
-51
-304
-433
-774
-1246
-1524
-1676
-1986
-2512
-2920
-3054
-3205
-3444
-3505
-3285
-2983
-2678
-2231
-1684
-1289
-953
-417
244
811
1128
1622
2393
3069
3632
4133
4926
5778
6165
6276
6215
6206
6160
5572
4561
3441
2413
1439
176
-1132
-2183
-3180
-4200
-5391
-6437
-6704
-6585
-6615
-6749
-6449
-5372
-4328
-3630
-2728
-1422
-156
252
376
1267
2484
3109
2918
2807
3360
3932
3991
3604
3564
4020
3963
3346
2869
2801
2651
1757
503
-495
-1058
-1571
-2715
-3983
-4646
-4861
-5030
-5422
-5479
-5001
-4357
-3801
-3402
-2535
-1323
-406
44
414
1284
2275
2791
2854
3072
3496
3785
3800
3787
3931
3758
3409
3001
2611
2234
1635
1028
388
-389
-1264
-1881
-2210
-2640
-3308
-3726
-3518
-3316
-3281
-3070
-2377
-1494
-1112
-776
-7
1003
1606
1552
1685
2170
2523
2372
2057
2205
2286
1931
1245
802
669
239
-271
-684
-813
-1018
-1407
-1663
-1997
-2398
-2720
-2799
-2890
-3105
-3234
-3044
-2694
-2445
-2102
-1691
-1110
-683
-400
180
864
1424
1712
2143
2888
3567
4072
4609
5362
6058
6369
6379
6397
6389
6022
5163
4034
2892
1653
225
-1260
-2529
-3592
-4716
-5946
-6882
-7224
-7220
-7285
-7423
-7011
-6025
-4945
-4056
-3140
-1712
-395
268
592
1310
2543
3284
3287
3191
3581
4233
4362
4021
3983
4421
4472
3763
3140
3193
3248
2484
1111
-85
-761
-1431
-2569
-3780
-4453
-4686
-5041
-5465
-5425
-4927
-4384
-4019
-3650
-2899
-1870
-1011
-391
156
929
1903
2355
2437
2713
3071
3317
3254
3209
3328
3299
3131
2855
2690
2541
2190
1777
1068
187
-555
-1105
-1567
-2361
-3207
-3662
-3739
-3539
-3392
-3173
-2413
-1466
-898
-350
560
1418
1747
1696
1784
2043
2115
1992
1814
1577
1328
1023
709
544
325
-50
-464
-900
-1130
-1217
-1467
-1703
-1961
-2333
-2526
-2529
-2595
-2743
-2876
-2760
-2486
-2302
-1923
-1391
-889
-586
-281
415
1105
1617
2066
2713
3506
3941
4300
4969
5817
6276
6130
5977
6084
5997
5274
4245
3310
2421
1385
39
-1182
-2220
-3296
-4388
-5603
-6383
-6637
-6932
-7252
-7234
-6567
-5658
-4879
-4070
-3014
-1735
-812
-361
161
1164
2225
2578
2608
2959
3790
4471
4189
3901
4283
4617
4303
3421
3138
3482
3153
1887
488
-156
-597
-1663
-2933
-3814
-4213
-4594
-5139
-5370
-4939
-4337
-4064
-3794
-3145
-2016
-922
-368
-27
417
1030
1495
1671
1905
2122
2323
2469
2591
2970
3216
3158
2941
2671
2563
2252
1732
1216
581
-124
-878
-1442
-1815
-2224
-2590
-2731
-2734
-2685
-2400
-1759
-990
-643
-500
33
891
1419
1432
1442
1518
1671
1446
1075
942
621
321
-50
-295
-369
-635
-848
-1066
-1190
-1225
-1517
-1697
-1647
-1849
-2070
-2173
-2240
-2222
-2336
-2302
-2056
-1808
-1556
-1154
-586
-188
95
549
1264
1856
2308
2862
3480
4110
4498
5039
5874
6456
6536
6251
6294
6511
5977
4816
3675
2715
1601
20
-1373
-2212
-3157
-4433
-5754
-6411
-6445
-6646
-6978
-7006
-6421
-5566
-4958
-4325
-3227
-1857
-934
-656
-335
630
1750
2138
1900
2054
2999
3853
3898
3678
3978
4557
4590
3965
3490
3619
3583
2595
1188
483
322
-419
-1932
-3148
-3577
-3966
-4700
-5319
-5151
-4576
-4319
-4184
-3683
-2541
-1549
-1154
-812
-213
508
839
992
1292
1577
1697
1676
1761
1979
2067
1996
1933
1843
1725
1356
1045
1014
683
98
-554
-933
-1096
-1667
-2205
-2159
-1880
-1918
-2025
-1540
-574
132
257
529
1270
1801
1777
1509
1633
1871
1425
862
625
492
240
-346
-602
-515
-705
-920
-1095
-1071
-1036
-1487
-1737
-1705
-1731
-1810
-1986
-1879
-1732
-1815
-1769
-1481
-1184
-1105
-1041
-764
-264
142
398
940
1737
2385
2793
3303
3964
4478
4913
5540
6180
6388
6239
6176
6244
5959
5061
3894
2941
2092
847
-725
-2076
-3106
-4291
-5648
-6540
-6743
-6793
-6977
-6877
-6295
-5382
-4579
-3815
-2783
-1643
-702
-443
-264
542
1593
2057
1712
1571
2228
3119
3332
3045
3141
3682
3897
3452
3149
3309
3435
2725
1293
457
246
-260
-1420
-2803
-3482
-3681
-4266
-4828
-4684
-4058
-3698
-3796
-3477
-2439
-1417
-997
-1046
-639
220
679
920
1215
1632
1897
1650
1672
1995
2017
1789
1389
1329
1300
718
257
7
-344
-934
-1630
-1782
-1759
-2092
-2401
-2354
-1879
-1436
-1223
-716
68
650
820
1046
1648
2074
1980
1599
1635
1782
1234
541
90
32
-187
-951
-1073
-699
-731
-1050
-1292
-960
-594
-965
-1276
-1208
-1076
-1192
-1796
-1896
-1529
-1436
-1499
-1592
-1239
-832
-640
-224
163
783
1363
1623
2191
2718
3182
3681
3971
4561
5225
5825
6258
6234
6346
6352
6026
5358
4278
3246
2229
987
-461
-1733
-2821
-3880
-5080
-6071
-6193
-6292
-6467
-6333
-5897
-4939
-4180
-3625
-2811
-1767
-696
-356
-236
395
1270
1928
1768
1538
1984
2614
2921
2747
2613
3079
3593
3297
2687
2649
2998
2639
1428
512
383
94
-1145
-2528
-3339
-3520
-3950
-4810
-5074
-4738
-4080
-3870
-3781
-2980
-1944
-1205
-984
-621
63
625
768
843
1196
1475
1556
1443
1668
1941
1924
1927
1623
1426
1260
837
561
36
-515
-1006
-1594
-1788
-2136
-2608
-2525
-2225
-2031
-1944
-1566
-681
200
549
726
1364
2000
2138
1795
1652
1977
1754
1192
897
824
799
119
-553
-586
-547
-707
-1202
-1316
-1113
-1289
-1470
-1641
-1659
-1582
-1713
-1711
-1656
-1701
-1623
-1388
-1147
-978
-771
-307
202
541
907
1390
2089
2784
3278
3905
4569
5026
5539
6178
6725
6849
6492
6237
6106
5480
4378
3249
2298
1253
-263
-1860
-2907
-3717
-4938
-6261
-6819
-6655
-6682
-7047
-6866
-5822
-4714
-4164
-3667
-2438
-925
-197
-120
252
1265
2190
2117
1588
1795
2587
3050
2834
2565
3031
3661
3466
2799
2551
2792
2671
1588
323
-208
-436
-1183
-2409
-3378
-3670
-3850
-4392
-4732
-4350
-3620
-3328
-3533
-3107
-1802
-907
-712
-446
199
1068
1576
1615
1821
2227
2398
2267
2200
2436
2498
2256
2072
1794
1388
1036
669
367
-96
-934
-1520
-1682
-1974
-2380
-2591
-2501
-2110
-1884
-1660
-868
-191
74
486
1103
1824
2098
1680
1655
1953
1739
1204
468
370
422
-407
-987
-1187
-1178
-1260
-1849
-1893
-1562
-1564
-1649
-1815
-1683
-1458
-1774
-1837
-1601
-1581
-1555
-1537
-1240
-862
-649
-430
-20
594
1047
1628
2311
2884
3484
3932
4538
5261
5741
6339
6811
6655
6433
6435
6348
5884
4553
3148
2377
1221
-339
-1959
-3182
-4037
-5442
-6737
-7305
-7120
-7007
-7563
-7434
-6230
-5041
-4457
-3887
-2659
-1029
-193
-177
496
1829
2825
2737
2102
2471
3436
3669
3309
3058
3456
4026
3656
2918
2783
2954
2717
1641
402
-46
-220
-1088
-2559
-3583
-3670
-3723
-4368
-4941
-4617
-3747
-3271
-3284
-2841
-1655
-590
-253
-229
509
1444
1846
1895
1950
2381
2479
2336
2266
2204
2274
2088
1861
1523
1030
668
382
-21
-815
-1662
-2073
-2238
-2614
-3112
-3276
-2851
-2484
-2445
-1994
-1126
-293
132
360
1021
2013
2361
2004
1970
2141
2083
1353
534
616
471
-305
-968
-1175
-826
-975
-1693
-1717
-1408
-1222
-1375
-1898
-1754
-1617
-1881
-1902
-2059
-1879
-1734
-1946
-1595
-1272
-1023
-547
-86
632
1250
1954
2910
3654
4332
4779
5278
6114
6715
7021
6991
6829
6905
6650
5970
5112
3983
2956
1793
296
-1007
-2269
-3398
-4553
-5924
-6655
-6916
-7013
-7075
-7100
-6451
-5581
-4928
-4254
-3170
-1681
-563
-139
273
1313
2484
2937
2683
2736
3487
4038
3666
3084
3276
3794
3674
2734
2310
2703
2710
1735
209
-407
-522
-1219
-2464
-3675
-4045
-4208
-4682
-5171
-5089
-4315
-3760
-3691
-3384
-2331
-1108
-571
-437
107
864
1288
1433
1540
1945
2361
2295
2229
2441
2436
2200
1942
1604
1273
842
390
144
-348
-1234
-1875
-2128
-2268
-2546
-3039
-2954
-2405
-2288
-2199
-1585
-699
-76
175
323
1011
1730
1718
1687
1750
1901
1578
825
707
711
293
-434
-857
-841
-1041
-1436
-1542
-1322
-1288
-1605
-1891
-1739
-1494
-1643
-1897
-1756
-1479
-1507
-1502
-1218
-752
-659
-614
4
889
1726
2085
2722
3911
4865
5460
5834
6671
7510
7670
7529
7250
7200
7002
6210
5155
3829
2635
1440
-96
-1410
-2665
-3875
-5077
-6386
-7049
-7243
-7270
-7373
-7502
-6798
-5664
-4857
-4301
-3325
-1703
-515
-309
-122
984
2404
2871
2461
2554
3566
4322
4043
3524
3820
4363
4074
3220
2676
2752
2635
1495
156
-427
-709
-1319
-2431
-3497
-3758
-3702
-4139
-4700
-4641
-4035
-3705
-3958
-3924
-2996
-1843
-1318
-1208
-724
167
795
1024
1356
1924
2357
2441
2465
2636
2670
2391
2044
1777
1476
981
416
134
-372
-1317
-1924
-2089
-2271
-2789
-3329
-3291
-2800
-2588
-2514
-1885
-1086
-413
-71
279
1296
1887
1882
1856
1797
2117
1859
1152
953
627
140
-557
-989
-792
-1032
-1579
-1645
-1551
-1400
-1472
-1836
-1647
-1488
-1621
-1623
-1475
-1069
-1053
-1199
-1220
-1050
-699
-494
-106
438
1109
1847
2695
3710
4526
5254
6179
7145
7703
7876
7945
7947
7754
7176
6216
5076
4004
2898
1507
-103
-1568
-2685
-3667
-4813
-6043
-6809
-6904
-6833
-7078
-7184
-6574
-5540
-4863
-4495
-3338
-1692
-790
-812
-469
1032
2311
2476
1986
2335
3772
4239
3699
3552
4143
4799
4205
2977
2884
3276
2873
1471
14
-324
-608
-1612
-2927
-3878
-4006
-4333
-5021
-5310
-4856
-4091
-4040
-4252
-3745
-2762
-1814
-1332
-1192
-541
316
714
1021
1394
1949
2408
2242
2149
2542
2858
2891
2605
2064
1510
1034
668
211
-630
-1569
-2297
-2720
-2928
-3219
-3301
-3122
-2912
-2714
-2423
-1564
-620
-105
208
623
1335
1551
1480
1597
1645
1754
1011
393
680
525
95
-725
-1103
-707
-908
-1267
-1430
-1399
-1147
-1383
-1536
-1160
-1109
-1331
-1548
-1549
-1128
-1117
-1335
-1134
-928
-722
-506
-10
770
1296
1973
2895
3917
4739
5323
6290
7340
7949
8076
8129
8191
8154
7611
6420
5319
4199
3003
1468
-355
-1663
-2857
-4058
-5317
-6584
-7053
-7175
-7327
-7423
-7229
-6346
-5499
-4953
-4171
-2861
-1463
-814
-725
-127
1129
2057
2114
1852
2452
3455
3824
3542
3348
4084
4567
3996
3049
2814
3279
2793
1349
84
-318
-430
-1327
-2645
-3457
-3531
-3671
-4502
-5169
-4659
-3877
-3906
-4202
-3766
-2638
-1948
-1974
-1808
-944
47
456
530
1095
1885
2083
2096
2275
2777
3012
2596
2276
2049
1816
1250
617
135
-659
-1462
-2117
-2331
-2475
-3034
-3359
-3071
-2578
-2251
-1904
-1299
-510
-17
211
748
1486
1780
1578
1419
1536
1526
905
584
687
370
-179
-768
-673
-396
-891
-1267
-1215
-1038
-1067
-1498
-1576
-1300
-1428
-1747
-1926
-1683
-1382
-1577
-1546
-1192
-764
-523
-459
166
996
1636
2263
3122
4173
4956
5582
6431
7364
7955
8193
8324
8418
8253
7538
6406
5204
4005
2531
773
-840
-2101
-3300
-4690
-6036
-6840
-6989
-6963
-7161
-7253
-6633
-5487
-4677
-4396
-3815
-2475
-1147
-712
-621
208
1518
2170
1900
1892
2803
3633
3511
3108
3313
4057
4364
3626
3015
3050
3105
2470
1083
77
-485
-1166
-2356
-3607
-4013
-4107
-4510
-5168
-5370
-4819
-4214
-3962
-3818
-3228
-2187
-1300
-992
-834
-189
633
1030
1052
1267
1831
2240
2316
2383
2566
2713
2715
2444
2100
1842
1397
947
209
-808
-1554
-2036
-2332
-2936
-3498
-3520
-3118
-2627
-2499
-2031
-1155
-474
-40
243
837
1377
1366
1236
1101
1115
1020
401
103
-111
-562
-835
-1045
-834
-876
-1246
-1219
-1119
-866
-960
-1237
-957
-887
-1071
-1249
-1265
-907
-934
-1188
-1049
-813
-565
-288
139
813
1316
1653
2406
3551
4587
5213
5825
6794
7631
7995
7949
7908
8050
7754
6750
5480
4265
3361
2165
107
-1504
-2594
-3742
-5026
-6544
-7088
-6885
-7011
-7432
-7413
-6385
-5209
-4640
-4335
-3316
-1685
-684
-735
-608
762
2132
2266
1669
1659
2759
3613
3305
3035
3690
4422
4225
3346
2988
3380
3298
2054
500
-244
-397
-1105
-2539
-3762
-4158
-4245
-4762
-5399
-5418
-4805
-4329
-4268
-4026
-3122
-2114
-1617
-1336
-867
-18
587
810
1129
1662
2352
2442
2378
2743
3146
3264
2765
2371
2205
1892
1466
631
-233
-1062
-1828
-2207
-2753
-3347
-3606
-3509
-3048
-2836
-2489
-1689
-917
-214
115
512
1248
1652
1678
1379
1319
1372
782
234
30
-54
-483
-1300
-1261
-873
-1050
-1381
-1540
-1095
-871
-1415
-1463
-1003
-874
-1110
-1487
-1337
-850
-839
-1033
-993
-639
-359
-275
295
1099
1707
2344
3024
4066
5081
5599
6370
7298
7795
7870
7676
7781
7805
6880
5665
4579
3569
2348
538
-865
-1885
-3066
-4333
-5724
-6364
-6372
-6635
-7081
-7105
-6456
-5545
-4918
-4405
-3467
-2242
-1251
-1025
-735
405
1655
1991
1474
1764
2850
3533
3250
2643
3270
4187
4073
3297
2820
3294
3460
2483
1097
246
224
-350
-1886
-3100
-3572
-3585
-4098
-4939
-4934
-4421
-3974
-4005
-3964
-3078
-2133
-1668
-1506
-1073
-222
316
344
434
1030
1752
2024
1947
2093
2559
2779
2536
2146
1904
1696
1174
477
-169
-837
-1511
-2020
-2518
-2948
-3077
-3131
-2923
-2649
-2286
-1579
-864
-190
195
658
1258
1624
1670
1307
1343
1333
653
-44
-518
-503
-743
-1588
-1845
-1593
-1364
-1429
-1652
-1279
-963
-1093
-1132
-978
-728
-968
-1231
-1002
-781
-691
-772
-680
-377
-291
-221
383
1304
1956
2563
3378
4294
5086
5694
6383
7218
7736
7765
7675
7716
7700
6898
5776
4688
3454
2215
552
-968
-2037
-2963
-4103
-5506
-6260
-6406
-6488
-6841
-7022
-6388
-5492
-4899
-4450
-3547
-2137
-1112
-951
-717
301
1440
1855
1563
1660
2671
3482
3256
2937
3488
4272
4173
3318
2901
3271
3342
2217
769
204
132
-693
-2256
-3249
-3475
-3632
-4315
-5052
-4818
-4163
-3889
-4148
-4081
-3002
-2210
-2026
-1928
-1511
-432
128
29
268
962
1656
1671
1610
2167
2759
2826
2487
2323
2370
2084
1380
734
271
-342
-1146
-1850
-2261
-2596
-3016
-3237
-3078
-2699
-2321
-1846
-1205
-518
62
566
1232
1574
1614
1627
1696
1641
944
409
177
-165
-754
-1430
-1494
-1461
-1732
-2141
-2176
-1621
-1451
-1777
-1845
-1558
-1295
-1448
-1823
-1544
-920
-855
-1017
-880
-438
-82
99
555
1230
1876
2546
3261
4208
5109
5556
6209
7216
7857
8024
8003
8106
8132
7493
6316
5174
4107
2814
1108
-545
-1783
-3025
-4286
-5544
-6333
-6432
-6582
-6756
-6966
-6582
-5429
-4859
-4500
-3603
-2313
-1120
-864
-868
-68
1160
1790
1490
1535
2500
3452
3560
3003
3260
4042
3977
3188
2584
3028
3259
2301
1002
248
160
-490
-1868
-2919
-3163
-3137
-3683
-4449
-4574
-4053
-3733
-3961
-4064
-3454
-2551
-2152
-2119
-1755
-889
-158
24
171
796
1519
1766
1808
2238
2873
3062
2732
2417
2413
2265
1519
582
-83
-715
-1517
-2269
-2720
-3102
-3566
-3611
-3250
-2912
-2506
-1880
-1114
-266
333
825
1620
2235
2352
1978
1779
1877
1364
571
-193
-608
-820
-1602
-2112
-1959
-1841
-1989
-2290
-2116
-1501
-1419
-1555
-1381
-1097
-1012
-1300
-1194
-844
-724
-785
-1024
-805
-394
-96
422
1004
1702
2519
3352
4248
4987
5620
6603
7587
8038
8141
8255
8492
8359
7517
6383
5322
4225
2700
855
-587
-1610
-2815
-4344
-5791
-6510
-6593
-6837
-7297
-7274
-6455
-5412
-4856
-4423
-3371
-1912
-931
-784
-563
521
1674
1962
1756
2008
2992
3761
3571
3252
3773
4507
4283
3334
2913
3226
3098
1875
450
-171
-426
-1313
-2657
-3515
-3695
-3841
-4330
-4696
-4365
-3668
-3452
-3725
-3613
-2803
-1990
-1731
-1742
-1466
-837
-314
-149
74
709
1320
1430
1419
1867
2504
2635
2217
1903
1921
1798
1182
372
-174
-593
-1203
-1989
-2606
-2928
-3043
-3109
-3111
-2857
-2420
-1685
-1039
-546
48
692
1494
1829
1841
1844
1846
1721
1106
786
705
241
-528
-1250
-1319
-1180
-1563
-2045
-2059
-1814
-1805
-2094
-2045
-1485
-1372
-1721
-1796
-1424
-915
-876
-888
-536
-104
269
374
860
1632
2000
2378
2830
3553
4364
4964
5854
6745
7407
7667
7738
8191
8196
7537
6695
5723
4696
3247
1478
-83
-1450
-2764
-4203
-5680
-6505
-6639
-6773
-7034
-7221
-6724
-5484
-4594
-4181
-3583
-2169
-659
-417
-421
354
1607
2357
1904
1681
2476
3256
3103
2498
2899
3674
3487
2682
2271
2901
3122
1918
567
-96
-56
-446
-1819
-2829
-3076
-3096
-3613
-4411
-4288
-3696
-3387
-3536
-3693
-2929
-1999
-1724
-1909
-1773
-758
9
30
67
636
1426
1651
1670
2165
2790
2954
2528
1997
1929
1840
1110
197
-502
-1049
-1682
-2465
-2957
-3192
-3465
-3609
-3413
-2967
-2418
-1685
-935
-182
446
992
1711
2085
2024
1789
1781
1936
1369
733
414
39
-284
-930
-1277
-1181
-1377
-1630
-1888
-1801
-1418
-1414
-1552
-1662
-1804
-1835
-1823
-1830
-1737
-1650
-1565
-1334
-993
-580
-81
624
1341
1780
2341
3381
4452
4987
5356
6306
7405
7866
7846
7845
8014
7918
6995
5864
5099
4129
2829
1125
-400
-1302
-2359
-3518
-4905
-6096
-6264
-6214
-6301
-6498
-6385
-5346
-4348
-3985
-3545
-2328
-846
-526
-751
70
1641
2441
1893
1524
2276
3345
3376
2532
2843
3872
3924
2875
2021
2614
3027
1986
483
-341
-210
-601
-1906
-3026
-3483
-3411
-3854
-4572
-4439
-3770
-3196
-3254
-3442
-2704
-1621
-1038
-1042
-1104
-416
280
328
355
659
1365
1591
1145
1271
1939
2443
2109
1510
1597
1599
1089
282
-451
-846
-1533
-2368
-3017
-3506
-3628
-3812
-3712
-3249
-2827
-2072
-1293
-330
442
929
1855
2363
2452
2291
2143
2330
1813
1102
787
475
101
-854
-1498
-1237
-1390
-1858
-2212
-2185
-1774
-2013
-2144
-1720
-1548
-1552
-1850
-1850
-1431
-1403
-1319
-1043
-726
-364
-124
438
1243
1904
2551
3268
4049
4770
5462
6334
7229
7750
7903
8004
8142
8048
7447
6453
5308
4098
2777
1255
-334
-1747
-2936
-4117
-5416
-6379
-6596
-6460
-6674
-7067
-6810
-5658
-4539
-4078
-3484
-2264
-859
-325
-402
456
1887
2673
2342
1971
2821
3696
3577
3100
3181
3942
3946
2835
2170
2490
2773
1784
-4
-699
-494
-983
-2295
-3428
-3469
-3294
-3951
-4572
-4383
-3440
-2996
-3380
-3240
-2490
-1492
-965
-1072
-679
62
479
689
680
965
1644
1719
1578
1718
2043
2287
1716
1050
821
670
290
-619
-1206
-1469
-2085
-2746
-3362
-3577
-3455
-3433
-3227
-2826
-2187
-1407
-699
-52
427
1022
1582
1852
1901
1748
1834
1762
1212
733
317
166
-195
-966
-1199
-1252
-1353
-1599
-1930
-1669
-1561
-1913
-2113
-2022
-1751
-1773
-1990
-1794
-1434
-1412
-1351
-971
-526
-179
98
651
1571
2355
2890
3642
4616
5470
6144
6894
7804
8376
8375
8216
8128
7891
7093
5835
4647
3442
1915
179
-1429
-2516
-3524
-5054
-6405
-6882
-6800
-6756
-6951
-6786
-5966
-5054
-4299
-3492
-2309
-846
18
90
452
1608
2703
2774
2195
2393
3488
4002
3405
2968
3505
4072
3377
2026
1971
2690
2346
609
-1122
-1088
-817
-2026
-3572
-4240
-3779
-3748
-4761
-5054
-4220
-3244
-3184
-3673
-3082
-1618
-847
-1000
-854
54
1022
1326
1211
1630
2210
2267
2081
2022
2315
2443
2122
1740
1353
1119
623
-232
-856
-1695
-2419
-2966
-3629
-3942
-4240
-4073
-3748
-3706
-3196
-2452
-1234
-207
102
660
1384
2185
2389
2024
2257
2447
2131
1311
579
680
458
-283
-981
-1243
-997
-1470
-2039
-1910
-1873
-1925
-2449
-2823
-2259
-2151
-2446
-2583
-2457
-1836
-1659
-1628
-1063
-472
166
819
1434
2519
3702
4552
5330
6019
7011
8165
8936
9096
8699
8666
8667
7953
6698
5291
4233
2855
743
-1085
-2147
-2931
-4284
-6107
-6883
-6583
-6440
-6729
-6898
-5977
-4792
-4447
-4122
-3016
-1395
-495
-509
-173
1065
2364
2629
2262
2494
3493
4029
3571
3394
3998
4554
4115
2774
2275
2756
2623
1295
-527
-1095
-1038
-2106
-3570
-4539
-4440
-4284
-5206
-5685
-4981
-3666
-3002
-3430
-3053
-1555
-401
-316
-502
287
1437
1737
1361
1592
2494
2933
2443
1978
2530
2932
2494
1678
1117
1036
538
-348
-1299
-2002
-2402
-3104
-3745
-4047
-4251
-4220
-4057
-3665
-3143
-2769
-1793
-774
-216
264
778
1765
2110
1820
1860
2095
2376
1791
1145
1239
1193
662
-420
-768
-279
-722
-1722
-2344
-2364
-2127
-2813
-3438
-2915
-2504
-2734
-3178
-3003
-2073
-1806
-2062
-1711
-915
-6
540
1078
2441
3748
4570
5305
6111
7311
8372
8858
8957
8958
8952
8712
8099
6915
5566
4367
2980
1226
-606
-1899
-2873
-4332
-6038
-6940
-6831
-6489
-6899
-7453
-6746
-5413
-4631
-4253
-3277
-1541
-240
-194
-107
1312
2889
3424
2747
2617
3981
4788
4461
3891
4161
5007
4496
2978
2297
2586
2489
865
-1186
-1734
-1611
-2410
-4072
-5315
-5072
-4604
-5275
-5928
-5156
-3799
-3276
-3586
-3192
-1314
22
-89
-321
257
1484
1883
1477
1730
2561
3098
2714
2318
2863
3241
2811
1935
1324
1201
713
-190
-1059
-1802
-2386
-3211
-4004
-4338
-4533
-4429
-4302
-4044
-3595
-3157
-2110
-1368
-856
-80
595
1649
2082
1913
2142
2492
2686
2243
1737
1725
1514
941
201
-108
63
-477
-1465
-2042
-2244
-2400
-3109
-3655
-3425
-3349
-3578
-3704
-3520
-2752
-2216
-2209
-1663
-922
-186
635
1332
2426
3376
4261
5191
5979
7212
8306
8936
9171
9014
9116
9303
8579
7117
5654
4547
3368
1281
-665
-1738
-2683
-4296
-6362
-7162
-6700
-6616
-7353
-7693
-6699
-5350
-4824
-4497
-3254
-1541
-542
-554
-42
1672
3180
3471
2923
3275
4544
5137
4760
4332
4844
5391
4694
3532
2990
3108
2766
893
-1087
-1801
-2167
-3160
-4931
-5987
-5758
-5708
-6317
-6825
-6029
-4371
-3522
-3567
-2972
-1297
121
394
367
1245
2412
2750
2309
2407
3229
3455
3020
2598
2981
3367
2745
1863
1456
1440
759
-588
-1589
-2018
-2704
-3807
-4680
-5068
-4849
-4887
-5065
-4699
-4133
-3278
-2382
-1719
-961
-229
592
1596
2015
2174
2546
2822
3126
2794
2381
2729
2472
1726
972
549
785
42
-1195
-1806
-2182
-2540
-3746
-4531
-4056
-4082
-4569
-4940
-4624
-3489
-3228
-3409
-2691
-1659
-764
-210
660
2330
3603
4336
5227
6542
8117
9065
9702
10242
10378
10322
9966
9534
8572
7029
5448
3741
1857
-95
-1606
-2836
-4452
-6497
-7716
-7710
-7622
-8027
-8431
-7488
-6118
-5708
-5344
-4041
-1907
-459
-336
-92
1489
3244
3618
3319
3700
4939
5637
5176
4996
5692
6299
5540
3939
3317
3386
2764
725
-1604
-2435
-2682
-3906
-5867
-7113
-6731
-6281
-6998
-7473
-6431
-4481
-3451
-3736
-3179
-1167
540
997
845
1656
3012
3160
2762
3021
4008
4615
3908
3326
3893
4368
3698
2498
1747
1428
627
-1036
-2245
-2713
-3480
-4547
-5613
-6080
-5966
-5918
-5798
-5469
-4803
-3863
-2658
-1472
-767
59
1031
2070
2694
2574
3047
3654
3663
3292
2674
2868
2939
2139
1356
841
992
372
-1103
-1680
-1985
-2532
-3702
-4722
-4650
-4783
-5271
-5602
-5305
-4522
-4175
-3921
-3238
-2170
-973
16
1033
2452
3794
4803
5794
6859
8090
9171
9871
10212
10154
10182
10320
9772
8473
6946
5494
4003
2005
-157
-1645
-2760
-4429
-6588
-7936
-7887
-7640
-8112
-8600
-8006
-6499
-5436
-5063
-4047
-2097
-523
-143
43
1489
3653
4637
4204
4057
5168
6377
6305
5589
5715
6415
6069
4464
3209
3153
2913
1120
-1340
-2764
-3159
-4008
-5854
-7248
-7187
-6811
-7201
-7621
-6778
-4926
-3743
-3660
-3062
-1169
675
1206
1059
1734
3123
3739
3158
2848
3747
4572
4173
3283
3360
4111
3913
2571
1480
1542
1295
-148
-1707
-2772
-3238
-4184
-5760
-6358
-6182
-5953
-6108
-6273
-5346
-4107
-2990
-2071
-1263
178
1348
2133
2780
3080
3640
3776
3732
3633
3077
3238
3182
2478
1992
1332
1113
528
-943
-1514
-1916
-2741
-3800
-4997
-4792
-4632
-5591
-6014
-5567
-4482
-4024
-4246
-3592
-2295
-1282
-826
-159
1471
3095
3886
4703
5919
7303
8641
9557
10201
10560
10539
10451
10264
9498
8017
6214
4544
2727
563
-1163
-2416
-3822
-5882
-7808
-8238
-7994
-8052
-8460
-8360
-7070
-5872
-5329
-4374
-2562
-734
-127
-273
916
3034
4316
4324
3910
4869
6157
6197
5670
5497
6354
6500
4849
3253
2818
3076
1901
-869
-2680
-3189
-3731
-5469
-7358
-7406
-6788
-7017
-7749
-7372
-5230
-3665
-3447
-3074
-1670
490
1433
1306
1980
3121
3956
3707
3144
3920
4670
4409
3682
3299
3966
3936
2823
1964
1398
956
-328
-2005
-2846
-3417
-4256
-5567
-6495
-6483
-6425
-6246
-5992
-5479
-4183
-3172
-2335
-1281
-223
1174
2106
2764
3315
3441
3944
4066
3807
3648
3270
3312
2821
1905
1586
1224
944
-27
-1391
-1844
-2398
-3371
-4458
-5227
-5102
-5440
-6385
-6297
-5602
-4790
-4360
-4207
-2968
-1845
-1129
-43
1133
2769
3954
4800
6004
6856
7923
9080
9920
10423
10092
9802
9840
9471
8403
6802
5294
3868
1950
-323
-1989
-3024
-4505
-6480
-7774
-7778
-7530
-7956
-8387
-7749
-6307
-5475
-5145
-4114
-2234
-678
-416
-149
1295
3225
4349
4155
4281
5417
6242
6243
5718
5677
6247
5734
4174
3031
2715
2594
1139
-1270
-2652
-3145
-3990
-5688
-7236
-7227
-6793
-7338
-7823
-6989
-4887
-3404
-3407
-2907
-1127
792
1469
1234
2102
3597
3980
3238
2971
4185
4934
4088
3195
3426
4259
3967
2693
2040
1985
1433
-364
-2101
-2692
-3384
-4632
-5899
-6401
-6097
-6217
-6415
-5896
-4922
-3900
-3247
-2237
-822
227
932
1578
2509
3089
3195
3312
3425
3548
3228
3028
3020
2335
1576
1019
746
331
-936
-1878
-2235
-2784
-3587
-4528
-4755
-4628
-5134
-5438
-5087
-4493
-4092
-3967
-3159
-1893
-1270
-734
365
1988
3470
4130
5045
6581
7792
8590
9177
9929
10279
9755
9271
9104
8549
7066
5335
3992
2547
595
-1349
-2489
-3472
-5262
-7069
-7615
-7267
-7422
-8099
-8008
-6727
-5533
-5125
-4357
-2632
-744
-35
-131
750
2423
3731
3973
3810
4520
5475
5887
5753
5457
5678
5715
4771
3480
2604
2346
1688
-265
-2219
-3118
-3595
-4681
-6515
-7456
-7074
-6885
-7201
-7199
-5848
-3951
-3197
-2953
-1875
64
1394
1458
1699
2850
3815
3593
3022
3457
4364
4158
2959
2513
3219
3590
2623
1453
1312
1276
308
-1366
-2292
-2394
-3268
-4806
-5997
-6050
-5774
-6153
-6313
-5638
-4452
-3389
-2579
-1508
4
1028
1633
2494
2965
3411
3662
3491
3626
3321
3051
3123
2482
1872
1372
938
686
-493
-1648
-2134
-2913
-3807
-4757
-5117
-4698
-5127
-5796
-5585
-4894
-4144
-4169
-3998
-2744
-1685
-1040
-242
1177
2953
4100
4916
6024
7287
8386
9346
10185
10372
10043
9812
9712
9183
7774
6023
4594
3135
1055
-1027
-2285
-3373
-5246
-7218
-8002
-7696
-7595
-8162
-8062
-6792
-5476
-4973
-4533
-2785
-811
-168
-330
111
1878
3349
3508
3461
4174
5697
6336
5921
5726
5982
6262
5223
3634
2873
2626
2107
135
-2200
-3030
-3305
-4455
-6284
-7433
-7084
-6697
-7253
-7320
-5942
-4072
-3390
-3432
-2167
19
1232
979
786
2100
3408
3087
2389
2739
3812
4022
3029
2696
3451
3835
3099
1918
1714
1936
1013
-540
-1717
-2195
-2793
-4153
-5040
-5140
-5100
-5296
-5601
-5006
-3952
-3052
-2106
-1301
-320
488
1172
1781
1668
1928
2381
2441
2458
1808
1839
2482
2246
1828
1278
1148
1285
304
-714
-1067
-1671
-2580
-3814
-4369
-3924
-4248
-4881
-4943
-4378
-3437
-3428
-3316
-2191
-1171
-499
-149
635
2190
3238
3726
4265
5267
6785
7734
8159
8370
8441
8759
8496
7611
6573
5412
4452
2971
918
-545
-1339
-2107
-3633
-5359
-5576
-4883
-4876
-5290
-5025
-3672
-2651
-2870
-2703
-1325
92
120
-722
-203
1459
2198
1606
1245
2297
3353
3148
2409
2468
3442
3397
1948
873
1002
1472
639
-1081
-1986
-1978
-2199
-3549
-4905
-4936
-4497
-4688
-5351
-5133
-3396
-2021
-1953
-1825
-689
1059
1561
883
1074
2055
2584
1906
1112
1770
2674
2342
1254
1097
2211
2478
1425
560
698
1167
410
-962
-1469
-1448
-1837
-3067
-3886
-3457
-3016
-3230
-3553
-3141
-1996
-1103
-818
-514
77
576
1023
1104
1036
1515
1692
1657
1574
1384
1993
2441
2335
1837
1083
1306
959
-435
-1285
-1945
-2386
-3361
-4521
-4221
-3648
-3805
-4278
-4131
-2837
-2058
-2346
-2145
-1276
-328
57
93
1206
2607
3285
3473
3730
5005
6149
6516
6896
7008
7271
7514
7097
6447
5501
4458
3307
1721
205
-941
-1725
-2617
-4259
-5415
-5067
-4477
-4427
-4858
-4479
-2989
-2407
-2530
-2145
-915
200
-122
-682
127
1625
2307
2026
1826
2585
3255
2717
2018
2040
2494
2156
815
303
944
1320
660
-751
-1538
-1396
-1997
-3514
-4514
-4399
-4008
-4511
-5209
-4594
-3009
-2065
-2186
-1995
-411
1267
1545
1133
1384
2447
2743
2052
1868
2471
3004
2248
1212
1454
2058
1898
909
268
581
591
-197
-998
-1446
-1579
-2265
-3262
-3486
-3417
-3298
-3518
-3478
-2700
-2065
-1368
-790
-249
285
588
941
1111
1307
1500
1690
1944
1776
1778
2367
2679
2454
1840
1337
1202
289
-1045
-1855
-2484
-3053
-3907
-4495
-4023
-3654
-3812
-3840
-3455
-2404
-1871
-2023
-1513
-919
-476
-249
62
1394
2552
3157
3740
4408
5588
6605
6976
7249
7269
7255
7452
6935
6000
4979
3923
2910
1256
-343
-1366
-2196
-3290
-4810
-5601
-5463
-5288
-5391
-5481
-4723
-3461
-2930
-2570
-1511
-16
897
588
577
1601
2637
2751
1984
2012
2890
3083
2397
1805
2337
2853
2060
1039
901
1684
1881
597
-756
-1403
-1678
-2635
-4378
-5162
-4982
-5033
-5699
-5921
-4482
-2766
-2301
-2446
-1689
28
1043
862
863
1886
2846
2647
2057
2452
3516
3554
2408
1733
2184
2580
1939
974
655
641
107
-760
-1389
-1700
-2096
-3046
-3608
-3582
-3484
-3202
-3157
-2880
-2403
-2034
-1228
-424
-65
44
401
825
968
1137
1443
1997
2216
1944
2178
2655
2795
2367
1397
1013
819
-96
-1181
-1851
-1981
-2710
-3990
-4294
-3802
-3526
-3956
-4252
-3598
-2765
-2603
-2685
-2125
-1117
-486
-265
426
1744
2859
3310
3735
4772
6047
6869
7042
7237
7420
7466
7370
6849
6219
5273
4222
2960
1357
145
-887
-2171
-3903
-5292
-5558
-5387
-5551
-5815
-5321
-4172
-3359
-3133
-2452
-842
440
429
45
702
2052
2500
1812
1397
2031
2685
2403
1788
2023
2811
2692
1781
1196
1708
2404
1641
174
-791
-989
-1369
-2931
-4420
-4910
-4905
-5198
-5913
-5569
-3868
-2703
-2682
-2665
-1358
601
1142
839
1238
2324
2822
1944
1555
2477
3137
2534
1403
1582
2497
2344
1453
845
1098
1184
277
-479
-763
-970
-1750
-3046
-3441
-3231
-3268
-3324
-3310
-2918
-2388
-1999
-1322
-497
-52
11
420
1131
1642
1906
1976
2347
2367
2136
2542
2732
2542
1881
1098
982
435
-601
-1370
-1875
-2253
-3172
-4003
-4001
-3771
-3765
-4149
-4091
-3275
-2804
-2739
-2536
-1964
-1183
-817
-307
880
2025
2944
3597
4285
5510
6527
7093
7411
7407
7525
7519
7117
6555
5626
4629
3446
1653
62
-1001
-2009
-3334
-4937
-5683
-5377
-5255
-5453
-5337
-4522
-3462
-3206
-2983
-1843
-535
47
-375
-395
737
1739
1850
1415
1524
2196
2335
1891
1693
2196
2693
2373
1690
1667
2280
2425
1464
104
-633
-1099
-2192
-3778
-4884
-4892
-4856
-5412
-5576
-4549
-2761
-1998
-2171
-1435
300
1709
1587
1057
1772
2703
2596
1791
1805
2808
2888
1823
1231
1854
2465
1823
916
956
1341
880
-156
-593
-458
-923
-2198
-3013
-2887
-2721
-3128
-3453
-2974
-2309
-1877
-1388
-633
265
745
966
1254
1588
1791
1620
1531
1267
961
1160
1221
1421
1256
720
819
506
-63
-675
-1556
-2006
-2924
-3860
-3883
-3770
-3612
-3895
-4136
-3389
-2917
-2879
-2650
-2069
-1075
-644
-370
618
1958
3093
3446
3948
5244
6337
6917
7077
7249
7641
7634
7099
6209
5379
4577
3129
1353
-85
-988
-1637
-2865
-4492
-5323
-5146
-4918
-5256
-5539
-4710
-3528
-3264
-3242
-2402
-552
533
-133
-477
627
2105
2197
1402
1775
3018
3451
2651
2335
3307
3936
3092
1668
1565
2282
1803
314
-942
-1203
-1370
-2695
-4139
-4550
-4292
-4534
-5625
-5925
-4623
-3255
-2820
-2880
-2052
-248
809
967
983
1897
2974
2595
2020
2276
3257
3598
2529
1986
2519
2897
2323
1342
1349
1809
1126
-175
-814
-730
-961
-2110
-2920
-2811
-2701
-3061
-3567
-3301
-2532
-2297
-2061
-1326
-478
156
298
573
1209
1395
1283
1265
1342
1487
1335
1290
1439
1193
1159
1252
834
120
-826
-1472
-1766
-2551
-3411
-3730
-3607
-3436
-3749
-3764
-3090
-2733
-2911
-3135
-2543
-1531
-1193
-786
258
1657
2710
3189
4210
5624
6680
7043
6919
7178
7425
7352
6829
5878
5013
4018
2814
1323
-95
-974
-1737
-2917
-4320
-5016
-4794
-4562
-4912
-5046
-4202
-3151
-2836
-2752
-1762
-239
238
-388
-419
858
2057
1855
1115
1627
2981
3205
2406
2305
3312
3784
2661
1453
1672
2345
1595
14
-985
-1084
-1227
-2650
-4020
-4312
-4114
-4349
-5194
-5234
-4180
-3064
-2845
-2870
-1792
-111
765
639
800
1845
2728
2455
1842
2206
3076
2962
1899
1614
2489
2874
1854
858
1041
1377
586
-640
-850
-635
-1121
-2342
-2943
-2594
-2541
-3024
-3495
-2950
-2280
-2216
-2096
-1427
-284
-7
-57
275
831
1234
1361
1705
1840
1988
2047
2186
2304
1807
1445
1223
676
-172
-1095
-1617
-1826
-2764
-3681
-3740
-3530
-3536
-4268
-4126
-3130
-2857
-3060
-3017
-1936
-1019
-1011
-706
579
2176
2946
3172
4071
5640
6607
6812
6962
7585
8016
7570
6819
6041
5425
4409
2870
1364
12
-951
-2073
-3398
-4433
-4996
-4978
-5128
-5456
-5214
-4355
-3407
-3184
-2941
-1625
-242
67
-561
-545
720
1556
1252
860
1718
3094
3023
2360
2629
3629
3947
2585
1446
1739
2132
1487
-232
-1209
-1021
-1472
-2768
-3913
-4054
-3752
-4493
-5519
-5307
-4103
-3071
-3135
-3187
-1777
-66
556
411
889
2402
3167
2490
1983
2717
3694
3058
1564
1664
2764
2735
1430
702
1477
1666
345
-779
-566
29
-841
-2384
-2578
-1821
-1834
-2856
-3165
-2355
-1818
-2144
-2382
-1572
-710
-562
-736
-310
744
1029
1103
1375
1595
2016
1956
2012
2194
1825
1564
1075
485
1
-775
-1163
-1649
-2717
-3367
-3421
-3189
-3273
-3837
-3738
-3143
-3112
-3215
-2846
-1861
-947
-1046
-811
617
2059
2862
3185
4286
6031
6863
6993
7343
8164
8460
7595
6504
5896
5288
3978
2067
464
-339
-1210
-2611
-4168
-4914
-4807
-4986
-5458
-5703
-4977
-3850
-3495
-3433
-2763
-1246
-184
-414
-789
-73
1249
1555
884
819
1988
2990
2776
2565
3363
4408
4297
2952
2259
2706
2692
1445
-352
-963
-940
-1807
-3089
-4032
-3757
-3745
-4864
-5438
-4924
-3669
-3286
-3694
-3032
-1412
-106
99
-7
967
2294
2305
1682
1867
3036
3472
2197
1294
1859
2740
2332
1063
829
1327
1240
228
-552
-157
-52
-1142
-2271
-2366
-1734
-1917
-2638
-2562
-2016
-1556
-1768
-1685
-732
-366
-472
-662
-346
438
661
856
998
1086
1560
1814
1952
1951
1544
1385
909
55
-442
-994
-1292
-1880
-2939
-3201
-3116
-3070
-3297
-3615
-2982
-2440
-2705
-2797
-2286
-1203
-629
-657
88
1223
2174
2701
3143
4509
5841
6391
6602
6904
7505
7576
6906
6128
5375
4619
3356
1566
290
-577
-1550
-2805
-4257
-4842
-4714
-4796
-5244
-5447
-4633
-3572
-3267
-3281
-2397
-854
-137
-533
-760
225
1373
1328
813
1316
2415
2639
2019
2042
3053
3594
2930
1899
1997
2665
2284
1020
-35
-119
-510
-1832
-2954
-3372
-3312
-3853
-4721
-4891
-4293
-3408
-3293
-3427
-2628
-1365
-473
-369
-41
1257
2232
2224
1734
1975
2993
2867
1698
1063
1637
2280
1548
664
970
1698
1360
151
-203
395
177
-1208
-2028
-1488
-870
-1477
-2137
-1685
-1038
-1014
-1394
-1059
-199
23
-411
-757
-197
369
264
224
237
600
870
785
1170
1433
1481
1384
812
326
-136
-706
-1173
-2110
-3072
-3155
-3058
-3038
-3216
-3244
-2671
-2509
-2634
-2443
-1711
-915
-917
-862
3
1259
2209
2554
3293
4793
5847
6231
6469
7026
7592
7072
6123
5440
4848
3953
2344
900
15
-803
-2052
-3581
-4365
-4412
-4604
-5062
-5233
-4682
-3759
-3367
-3327
-2767
-1682
-778
-767
-1058
-421
723
1144
802
754
1547
2208
1916
1518
1988
2859
2860
2063
1931
2621
2901
2128
1067
786
745
-292
-1857
-2750
-2868
-3032
-3945
-4763
-4455
-3521
-3089
-3279
-2926
-1630
-402
-237
-203
569
1417
1742
1293
1379
2287
2649
2065
1265
1547
2187
1810
937
834
1527
1478
413
-114
477
823
-110
-1267
-1221
-600
-943
-1801
-1944
-1417
-1139
-1727
-1914
-1138
-582
-627
-883
-505
156
269
207
263
605
785
570
554
620
675
708
299
-159
-569
-919
-933
-1487
-2307
-2682
-2743
-2556
-2881
-3065
-2445
-2129
-2212
-2432
-1986
-978
-821
-970
-488
814
2030
2266
2728
4239
5746
6061
5836
6392
7376
7309
6080
5344
5236
4591
3018
1263
501
-187
-1545
-2892
-3787
-3900
-4128
-4761
-5065
-4547
-3543
-3122
-3023
-2522
-1455
-581
-552
-679
-207
550
706
249
172
987
1574
1416
1114
1424
2415
2623
2008
1649
1983
2476
1757
693
570
715
215
-1192
-2142
-2093
-2292
-3133
-4041
-3992
-3165
-2803
-2987
-2797
-1704
-586
-417
-593
-62
910
1270
919
787
1383
1806
1412
918
1133
1918
1823
971
877
1489
1846
1006
189
653
1038
450
-675
-1128
-516
-454
-1318
-1719
-1356
-853
-1113
-1617
-1151
-532
-511
-1062
-994
-245
-191
-375
-466
-29
423
62
103
459
665
735
280
63
-52
-653
-1002
-1465
-1979
-2219
-2500
-2460
-2742
-2859
-2344
-2010
-1799
-1828
-1504
-751
-468
-511
-116
961
1908
2266
2740
3915
5105
5511
5530
5950
6614
6495
5559
4803
4532
3977
2723
1348
524
64
-876
-2339
-3409
-3601
-3684
-4267
-4789
-4454
-3607
-3131
-2966
-2592
-1533
-562
-547
-837
-566
525
1006
360
52
621
1450
1424
1009
1474
2497
2861
1980
1505
2352
3020
2390
942
592
1143
543
-1016
-1961
-1756
-1824
-3084
-4196
-3783
-2744
-2659
-3113
-2842
-1615
-619
-660
-744
-8
824
800
239
268
1091
1508
963
443
874
1696
1694
1015
829
1358
1510
778
193
656
1187
588
-423
-488
272
190
-780
-1070
-552
-210
-700
-1044
-495
-32
-237
-796
-711
-150
-276
-624
-738
-558
-359
-654
-651
-388
-357
-385
-715
-829
-696
-864
-937
-1191
-1546
-1608
-1846
-1889
-2002
-2179
-1876
-1754
-1643
-1578
-1244
-377
-97
-139
222
1102
2098
2435
2736
3859
4900
5135
5025
5273
5937
5825
4961
4249
3855
3561
2423
1025
400
-44
-811
-2100
-3084
-3174
-3236
-3684
-4280
-4166
-3344
-2791
-2720
-2696
-1855
-723
-466
-805
-844
30
658
212
-183
276
1263
1344
752
1006
1944
2411
1799
1299
1816
2418
2023
928
458
714
443
-776
-1706
-1621
-1552
-2376
-3292
-3083
-2180
-1922
-2341
-2278
-1339
-410
-332
-578
-127
679
846
443
352
1070
1735
1368
740
1036
1848
1913
1184
859
1349
1485
696
-6
310
975
479
-501
-528
174
412
-500
-983
-307
127
-307
-1080
-820
-20
-251
-838
-817
-119
149
-528
-791
-374
-106
-466
-861
-588
-292
-588
-978
-997
-849
-921
-1313
-1460
-1526
-1766
-1967
-2164
-2048
-2077
-2208
-1971
-1825
-1629
-1409
-1048
-453
-227
125
797
1455
2043
2433
3085
3891
4396
4668
4915
5301
5466
5126
4618
4286
3908
3195
2295
1438
667
-158
-1059
-1909
-2629
-3100
-3401
-3699
-3971
-3865
-3392
-2989
-2812
-2595
-1799
-1039
-796
-735
-490
246
539
346
307
689
1336
1321
1055
1329
2030
2348
1944
1762
2226
2566
2028
1181
897
913
438
-727
-1647
-1807
-1963
-2628
-3351
-3219
-2416
-2170
-2445
-2367
-1597
-784
-728
-849
-494
73
209
-173
-106
664
1213
1004
752
1307
2087
1970
1254
1126
1591
1533
568
-33
391
764
259
-467
-171
552
378
-381
-540
176
384
-408
-961
-550
48
-304
-967
-805
-180
-99
-719
-903
-435
-97
-314
-718
-453
-69
-207
-594
-849
-747
-977
-1489
-1653
-1743
-1864
-2170
-2373
-2147
-1962
-1812
-1633
-1472
-1154
-803
-488
-132
206
683
1212
1596
2041
2444
2923
3570
4016
4272
4469
4819
5075
4818
4424
4056
3558
2815
1879
1103
346
-528
-1362
-2147
-2707
-3134
-3459
-3533
-3527
-3386
-3150
-2873
-2487
-2121
-1578
-983
-695
-549
-304
208
550
439
443
787
1186
1157
922
1225
1819
2044
1639
1316
1735
2042
1734
1164
752
729
354
-524
-1092
-1205
-1308
-1980
-2713
-2694
-2265
-2067
-2293
-2166
-1451
-899
-867
-929
-400
266
344
39
27
521
804
519
301
582
926
793
353
459
1094
1132
487
281
789
965
429
-41
301
841
540
-24
-5
439
461
-68
-237
24
138
-200
-626
-430
-84
-324
-612
-561
-377
-380
-655
-605
-401
-465
-790
-1235
-1249
-1185
-1424
-1620
-1760
-1923
-2075
-2157
-2013
-1814
-1737
-1634
-1600
-1370
-994
-674
-92
330
608
1063
1573
2201
2586
2843
3467
4034
4313
4507
4716
5077
5050
4544
4196
3869
3324
2479
1559
848
134
-755
-1698
-2382
-2797
-3103
-3449
-3689
-3488
-3158
-2993
-2769
-2394
-1968
-1419
-886
-715
-620
-180
258
275
112
199
572
789
614
622
1166
1605
1525
1336
1463
1824
1799
1117
614
706
504
-370
-1131
-1192
-1103
-1570
-2220
-2295
-1804
-1574
-1846
-1958
-1410
-720
-700
-867
-578
48
399
-5
-210
261
581
403
-57
-36
449
496
159
37
410
732
399
-7
308
859
748
272
205
576
728
319
-10
307
694
474
99
250
743
810
397
247
493
461
11
-322
-242
3
-282
-724
-681
-604
-640
-906
-1150
-1035
-1174
-1527
-1762
-1991
-2088
-2163
-2231
-2093
-2042
-1905
-1583
-1432
-1193
-813
-409
-78
132
558
1203
1749
2149
2581
3080
3617
3919
3977
4273
4608
4595
4267
3839
3567
3188
2438
1667
1002
247
-546
-1255
-1841
-2349
-2780
-3027
-3151
-3245
-3163
-2768
-2285
-2055
-1940
-1531
-947
-661
-681
-568
-179
103
35
-19
332
810
882
684
854
1411
1652
1372
1211
1503
1706
1365
853
679
647
228
-533
-1026
-1049
-1168
-1776
-2307
-2202
-1841
-1805
-1922
-1572
-856
-434
-436
-300
246
797
722
235
283
686
800
319
-123
265
554
389
147
186
676
581
122
116
401
640
158
-314
-85
147
28
-350
-280
212
291
6
60
490
689
448
175
315
532
484
106
-55
88
-97
-337
-608
-652
-601
-933
-1053
-1043
-1103
-1273
-1610
-1784
-1950
-2088
-2084
-2140
-2107
-1989
-1888
-1778
-1625
-1241
-766
-422
4
443
816
1314
1685
2053
2548
2963
3410
3721
4014
4321
4411
4489
4372
4112
3813
3229
2649
2147
1502
662
-210
-879
-1539
-2265
-2876
-3145
-3178
-3365
-3490
-3182
-2630
-2253
-2085
-1736
-1104
-679
-652
-585
-172
408
567
240
214
582
649
421
479
918
1250
1135
927
1026
1297
1351
1058
740
609
333
-276
-801
-1019
-1269
-1780
-2284
-2444
-2225
-1889
-1726
-1729
-1535
-1007
-564
-385
-197
186
581
528
222
425
957
1128
900
762
1135
1404
985
653
819
898
481
-118
-137
230
103
-255
-259
64
297
-93
-369
-35
185
68
-220
-129
253
169
-61
27
276
243
-93
-156
19
104
0
-102
80
137
-96
-302
-350
-291
-546
-943
-1153
-1438
-1731
-2000
-2151
-2113
-2120
-2063
-1977
-1838
-1518
-1302
-1065
-708
-517
-239
255
704
1081
1450
1934
2336
2514
2919
3436
3772
3965
3954
4074
4173
3885
3424
2988
2634
1997
1083
390
-48
-578
-1394
-2159
-2453
-2465
-2659
-2967
-2923
-2446
-2016
-1918
-1759
-1215
-597
-458
-678
-519
2
190
-86
-356
-208
158
152
-36
206
686
809
520
374
745
1116
863
345
274
536
432
-163
-576
-498
-507
-1055
-1704
-1747
-1309
-1213
-1574
-1613
-1084
-590
-601
-740
-323
314
312
-62
28
579
925
692
416
727
1116
814
248
264
601
429
-177
-398
10
310
-9
-247
217
711
560
190
316
779
765
238
-26
175
296
-26
-372
-204
76
-109
-439
-380
40
274
74
-48
162
240
-54
-366
-386
-399
-796
-1313
-1526
-1481
-1522
-1747
-1890
-1820
-1699
-1640
-1601
-1403
-1099
-946
-837
-597
-235
222
562
808
1131
1431
1777
2111
2312
2643
3047
3328
3541
3664
3862
4045
3844
3420
2922
2351
1737
936
154
-425
-1056
-1707
-2234
-2542
-2579
-2686
-2928
-2972
-2760
-2429
-2178
-1991
-1630
-1186
-911
-751
-462
47
424
414
282
311
527
637
546
565
788
959
981
931
1051
1329
1294
961
597
542
583
157
-349
-724
-958
-1236
-1701
-1905
-1766
-1600
-1666
-1707
-1417
-917
-533
-407
-202
169
402
368
343
611
920
873
583
504
691
715
435
238
385
526
372
178
329
676
646
384
313
572
739
446
225
255
345
119
-330
-420
-356
-467
-762
-837
-591
-480
-513
-425
-120
214
296
224
325
463
350
80
-123
-260
-598
-1117
-1457
-1553
-1606
-1732
-1763
-1521
-1237
-1107
-984
-813
-661
-565
-526
-435
-242
-17
161
292
517
853
1148
1412
1707
2057
2443
2731
2933
3156
3350
3417
3269
2923
2599
2328
1851
1167
556
110
-322
-876
-1384
-1649
-1783
-1974
-2172
-2230
-2046
-1816
-1795
-1617
-1184
-800
-610
-589
-363
-81
-19
-189
-454
-396
-337
-508
-513
-260
207
431
364
517
879
1219
1208
936
907
1011
793
276
-153
-387
-600
-1030
-1474
-1455
-1199
-1250
-1462
-1332
-869
-562
-573
-443
54
451
382
181
351
714
711
369
183
335
436
175
-73
31
250
268
160
235
569
717
553
554
764
918
745
486
402
307
129
-313
-609
-615
-724
-874
-991
-880
-612
-469
-410
-157
216
391
480
597
641
481
148
-141
-335
-562
-900
-1212
-1299
-1263
-1376
-1501
-1432
-1269
-1133
-998
-743
-394
-165
-98
-36
121
295
376
444
641
883
1016
1106
1335
1692
2010
2257
2484
2711
2881
2909
2819
2662
2409
2078
1664
1131
604
132
-407
-994
-1482
-1815
-2025
-2133
-2173
-2034
-1829
-1662
-1411
-1158
-882
-673
-592
-497
-392
-322
-389
-484
-492
-453
-381
-398
-392
-234
-89
-6
81
266
489
624
750
836
896
883
671
506
330
-1
-260
-517
-824
-1005
-1079
-1140
-1086
-883
-655
-397
-138
110
361
522
604
592
551
542
454
302
99
-51
-123
-248
-317
-283
-180
-44
64
274
523
692
789
816
922
1002
894
718
475
275
62
-286
-572
-739
-855
-996
-1046
-929
-743
-471
-239
6
306
452
466
369
229
71
-203
-525
-841
-1053
-1220
-1388
-1393
-1347
-1300
-1202
-1061
-863
-659
-521
-427
-253
-57
30
160
367
573
725
824
951
1080
1284
1520
1663
1875
2122
2238
2289
2343
2419
2434
2261
1979
1734
1446
923
341
-75
-442
-847
-1347
-1733
-1840
-1910
-2024
-2043
-1841
-1547
-1297
-1031
-641
-209
-33
-31
-22
7
-5
-256
-538
-535
-514
-684
-786
-647
-370
-191
-155
12
333
567
621
604
675
676
503
303
123
-47
-310
-571
-667
-659
-616
-596
-533
-335
-137
-17
174
369
466
573
604
551
492
363
195
-6
-271
-488
-611
-693
-728
-665
-419
-126
79
299
575
845
988
1028
1087
1107
1039
862
679
542
282
-75
-412
-583
-651
-751
-760
-663
-478
-317
-229
-83
83
209
234
133
-18
-178
-437
-746
-934
-1076
-1245
-1384
-1425
-1342
-1211
-1065
-846
-546
-268
-85
45
172
263
299
319
351
377
391
449
564
689
820
917
1006
1208
1437
1553
1660
1788
1844
1828
1749
1584
1363
1077
698
315
-53
-440
-790
-1034
-1190
-1255
-1261
-1274
-1162
-1027
-976
-814
-677
-627
-600
-609
-547
-485
-379
-191
-40
68
67
62
80
44
31
40
106
160
181
271
320
290
241
130
38
-11
-150
-290
-447
-485
-298
-211
-136
39
233
376
482
636
769
849
828
709
558
441
265
1
-205
-326
-391
-491
-635
-735
-738
-770
-793
-654
-473
-262
-71
137
330
453
659
758
763
845
872
825
713
534
355
200
23
-204
-379
-490
-639
-768
-799
-710
-571
-516
-468
-354
-271
-254
-334
-449
-506
-586
-692
-783
-791
-715
-684
-626
-484
-355
-293
-286
-213
-105
-30
105
278
457
597
678
773
816
819
790
695
641
563
474
454
477
528
576
676
813
956
1038
1033
1049
996
858
686
425
180
5
-213
-486
-724
-843
-821
-816
-744
-629
-487
-324
-174
-22
96
303
306
259
85
-95
-223
-407
-553
-634
-706
-861
-947
-999
-946
-859
-748
-541
-319
-178
-21
142
302
378
400
394
328
255
227
196
167
183
254
340
371
411
457
479
495
464
429
321
209
107
-71
-99
-85
-185
-224
-287
-396
-443
-362
-191
-52
116
299
388
423
496
545
491
366
171
-23
-153
-315
-484
-574
-659
-774
-838
-809
-705
-541
-392
-268
-115
11
40
85
203
238
215
223
185
62
-40
-105
-189
-220
-240
-207
-195
-272
-292
-292
-261
-253
-206
-226
-328
-294
-295
-245
-120
-51
19
54
112
158
213
289
319
395
407
395
455
491
555
589
598
675
775
821
894
944
894
864
752
604
446
278
199
85
-5
-14
6
-24
-134
-234
-293
-384
-488
-526
-578
-645
-710
-732
-699
-639
-537
-447
-352
-338
-302
-250
-293
-246
-218
-221
-163
-163
-156
-113
-34
75
132
162
225
266
198
215
303
381
474
487
503
480
494
484
397
400
309
148
-4
-63
-60
-82
-60
-113
-180
-171
-116
-67
-46
0
31
40
29
13
-28
-89
-134
-159
-181
-205
-215
-256
-344
-408
-418
-453
-507
-513
-472
-409
-349
-213
-99
-56
-10
67
108
72
86
59
38
16
-118
-185
-235
-228
-166
-172
-140
-109
-184
-272
-305
0
0
0
0
0
0
0
0
0
0
0
0
0
0
0
0
0
0
0
0
0
0
0
0
0
0
0
0
0
0
0
0
0
0
0
0
0
0
0
0
0
0
0
0
0
0
0
0
0
0
0
0
0
0
0
0
0
0
0
0
0
0
0
0
0
0
0
0
0
0
0
0
0
0
0
0
0
0
0
0
0
0
0
0
0
0
0
0
0
0
0
0
0
0
0
0
0
0
0
0
0
0
0
0
0
0
0
0
0
0
0
0
0
0
0
0
0
0
0
0
0
0
0
0
0
0
0
0
0
0
0
0
0
0
0
0
0
0
0
0
0
0
0
0
0
0
0
0
0
0
0
0
0
0
0
0
0
0
0
0
0
0
0
0
0
0
0
0
0
0
0
0
0
0
0
0
0
0
0
0
0
0
0
0
0
0
0
0
0
0
0
0
0
0
0
0
0
0
0
0
0
0
0
0
0
0
0
0
0
0
0
0
0
0
0
0
0
0
0
0
0
0
0
0
0
0
0
0
0
0
0
0
0
0
0
0
0
0
0
0
0
0
0
0
0
0
0
0
0
0
0
0
0
0
0
0
0
0
0
0
0
0
0
0
0
0
0
0
0
0
0
0
0
0
0
0
0
0
0
0
0
0
0
0
0
0
0
0
0
0
0
0
0
0
0
0
0
0
0
0
0
0
0
0
0
0
0
0
0
0
0
0
0
0
0
0
0
0
0
0
0
0
0
0
0
0
0
0
0
0
0
0
0
0
0
0
0
0
0
0
0
0
0
0
0
0
0
0
0
0
0
0
0
0
0
0
0
0
0
0
0
0
0
0
0
0
0
0
0
0
0
0
0
0
0
0
0
0
0
0
0
0
0
0
0
0
0
0
0
0
0
0
0
0
0
0
0
0
0
0
