0
0
0
0
0
0
0
0
0
0
0
0
0
0
0
0
0
0
0
0
0
0
0
0
0
0
0
0
0
0
0
0
0
0
0
0
0
0
0
0
0
0
0
0
0
0
0
0
0
0
0
0
0
0
0
0
0
0
0
0
0
0
0
0
0
0
0
0
0
0
0
0
0
0
0
0
0
0
0
0
0
0
0
0
0
0
0
0
0
0
0
0
0
0
0
0
0
0
0
0
0
0
0
0
0
0
0
0
0
0
0
0
0
0
0
0
0
0
0
0
0
0
0
0
0
0
0
0
0
0
0
0
0
0
0
0
0
0
0
0
0
0
0
0
0
0
0
0
0
0
0
0
0
0
0
0
0
0
0
0
0
0
0
0
0
0
0
0
0
0
0
0
0
0
0
0
0
0
0
0
0
0
0
0
0
0
0
0
0
0
0
0
0
0
0
0
0
0
0
0
0
0
0
0
0
0
0
0
0
0
0
0
0
0
0
0
0
0
0
0
0
0
0
0
0
0
0
0
0
0
0
0
0
0
0
0
0
0
0
0
0
0
0
0
0
0
0
0
0
0
0
0
0
0
0
0
0
0
0
0
0
0
0
0
0
0
0
0
0
0
0
0
0
0
0
0
0
0
0
0
0
0
0
0
0
0
0
0
0
0
0
0
0
0
0
0
0
0
0
0
0
0
0
0
0
0
0
0
0
0
0
0
0
0
0
0
0
0
0
0
0
0
0
0
0
0
0
0
0
0
0
0
0
0
0
0
0
0
0
0
0
0
0
0
0
0
0
0
0
0
0
0
0
0
0
0
0
0
0
0
0
0
0
0
0
0
0
0
0
0
0
0
0
0
0
0
0
0
0
0
0
0
0
0
0
0
0
0
0
0
0
0
0
0
0
0
0
0
0
0
-613
-617
-654
-619
-557
-591
-579
-510
-507
-552
-486
-368
-276
-236
-265
-149
-112
-103
-17
46
45
-99
2
9
-73
72
38
107
112
-50
-74
-85
-13
-144
-127
58
12
50
0
100
158
108
219
246
348
240
192
267
247
333
242
357
445
321
407
367
360
246
150
318
269
226
141
131
162
47
96
131
158
114
73
103
94
86
94
202
339
377
378
564
610
557
620
719
815
702
758
878
916
893
738
777
783
693
654
671
633
440
298
287
238
44
-28
-52
-155
-313
-511
-547
-569
-685
-809
-836
-824
-908
-1028
-995
-932
-1040
-1068
-1002
-928
-955
-945
-861
-834
-839
-980
-835
-710
-820
-801
-715
-618
-731
-697
-559
-516
-553
-663
-451
-316
-359
-297
-181
-77
-114
-113
21
96
41
121
277
300
354
405
448
589
591
510
602
658
556
500
623
655
491
385
350
387
342
188
198
152
-70
-246
-235
-169
-289
-366
-344
-369
-412
-477
-357
-198
-217
-191
-152
-80
12
50
242
482
612
724
848
995
1129
1336
1610
1604
1439
1439
1592
1812
1883
1713
1510
1487
1446
1341
1230
1064
795
460
375
243
166
-34
-403
-492
-572
-519
-825
-1174
-1287
-1262
-1054
-1534
-1949
-1835
-1457
-1466
-1927
-1829
-1535
-1382
-1461
-1490
-1315
-1268
-1347
-1316
-1031
-931
-1077
-1094
-823
-673
-696
-532
-252
-252
-438
-190
175
279
18
120
670
796
694
623
1199
1601
1382
1315
1507
1893
1637
1438
1716
1932
1819
1285
1248
1579
1633
1175
795
1102
1307
801
196
344
709
308
-480
-541
-4
-189
-1085
-1316
-739
-723
-1589
-1886
-1256
-1060
-1834
-2208
-1532
-1187
-1720
-2184
-1566
-1053
-1612
-2008
-1581
-859
-1250
-1769
-1199
-581
-796
-1493
-1079
-333
-529
-1056
-883
-121
-210
-472
-175
182
264
-4
335
894
839
665
733
1263
1587
1626
1909
2088
2070
2088
2622
3319
3353
2829
2668
3339
3834
3533
3125
3098
2983
2674
2471
2364
2081
1547
1094
831
626
173
-141
-481
-1101
-1412
-1486
-1528
-2202
-2847
-2502
-2213
-2704
-3437
-3115
-2151
-2128
-2836
-2983
-2184
-1622
-1964
-2204
-1682
-1240
-1454
-1398
-783
-503
-852
-932
-364
-148
-247
-226
85
36
-543
-247
480
562
-321
-455
718
1056
333
-96
843
1360
633
219
847
1552
807
189
801
1605
1212
168
582
1638
1681
586
137
1209
1649
755
65
743
1470
576
-246
242
853
428
-545
-378
380
28
-1142
-1340
-385
-384
-1541
-1955
-1154
-750
-1642
-2091
-1209
-606
-1202
-1832
-1225
-487
-882
-1279
-760
-142
-463
-884
-339
181
-41
-376
-69
358
118
-62
307
572
175
-258
-31
239
-28
-319
-149
-122
-601
-862
-428
-118
-517
-855
-525
-174
-402
-410
271
856
441
-75
693
1910
2350
1983
1915
2332
2809
3493
3884
3737
3229
3044
3353
3538
3387
2952
2749
2561
2000
1596
1650
1610
697
-313
-222
62
-640
-1685
-1820
-1237
-1569
-2739
-3213
-2523
-1720
-2372
-3477
-3376
-2584
-2509
-3114
-3066
-2795
-3010
-3225
-2783
-2072
-2050
-2256
-2189
-1828
-1582
-1408
-793
-625
-1201
-1413
-484
630
379
-236
260
1177
1118
234
560
2021
2278
987
170
1310
2361
1428
483
1333
2599
1742
39
727
2603
2539
480
-143
1822
2367
429
-402
1393
2495
408
-1198
294
1873
607
-1421
-611
1165
216
-2074
-1691
666
444
-2050
-2371
-224
165
-1830
-2222
-418
327
-1276
-2207
-721
196
-740
-1493
-622
224
-705
-1373
-452
318
-284
-879
-357
15
-422
-631
34
308
-474
-740
-166
64
-596
-911
-263
-308
-1134
-1551
-881
-143
-668
-1244
-887
-418
-736
-893
116
944
603
217
757
1514
1966
2429
2944
3036
2543
2565
3869
4959
4339
3247
3372
4090
3998
3417
3449
3614
2878
1855
1748
2254
2095
1037
143
-2
-13
-500
-1237
-1657
-1684
-1846
-2508
-3198
-3129
-2455
-2306
-3157
-3959
-3694
-2909
-2738
-3146
-3328
-3198
-3137
-2940
-2377
-2008
-2279
-2554
-2265
-1734
-1340
-884
-541
-788
-1195
-852
172
553
91
12
729
1113
569
513
1408
2109
1605
699
1123
2137
2026
1238
1537
2554
2397
1126
879
2171
2737
1795
793
1045
1764
1353
485
553
1282
957
-521
-1054
-8
674
-234
-1182
-798
-274
-1029
-1872
-1167
-34
-541
-1990
-2012
-805
-589
-1573
-1532
-360
-331
-1634
-2098
-866
4
-677
-1395
-952
-288
-838
-1286
-222
569
-253
-1389
-1074
-186
-448
-1045
-775
-239
-794
-1596
-1376
-785
-673
-1140
-1153
-998
-1364
-1493
-775
65
31
-110
318
972
1180
1498
2825
3817
3502
2808
3154
4473
5384
5494
5316
4973
4467
4472
5166
5351
4483
3698
3601
3111
2072
1789
2207
1746
13
-880
-210
-90
-1678
-3035
-2095
-1182
-2796
-4965
-4415
-2357
-2791
-4913
-5193
-3562
-3303
-4610
-4637
-3465
-3245
-4173
-3886
-2488
-2309
-3248
-3174
-1763
-1325
-1903
-1470
-369
-650
-1681
-920
988
1068
-529
-522
1439
2256
835
292
2172
3316
1835
424
1934
3726
2658
953
1832
3827
3112
866
839
2837
3341
1234
-127
1053
2224
903
-936
-260
1369
588
-1699
-1783
151
338
-1785
-2559
-797
-29
-1979
-3218
-1266
562
-1027
-3183
-1939
522
-21
-2102
-1554
611
319
-1613
-1409
667
1122
-382
-750
364
692
-284
-599
635
1127
-219
-1312
-669
120
-610
-1294
-769
-659
-1798
-2417
-1480
-1007
-1845
-2394
-1911
-1411
-1864
-2097
-1214
-426
-559
-636
189
1000
933
1104
2577
3924
3918
3258
3431
4688
5848
6256
5957
5510
5100
5306
5925
5781
5171
4585
4156
3408
2559
2381
2545
1838
5
-934
-458
-234
-1493
-3006
-2689
-1877
-2884
-4773
-4834
-3269
-2987
-4690
-5824
-4818
-3764
-4245
-4741
-4174
-3636
-4059
-4092
-2946
-2171
-2492
-2870
-2250
-1584
-1699
-1304
-217
-170
-1215
-1006
734
1587
457
-223
1228
2401
1391
165
1561
3556
2656
582
1136
3390
3096
886
880
3287
3865
1115
-283
1992
3880
2028
-614
306
2596
1737
-1033
-1000
1537
1479
-1556
-2764
-292
1234
-1290
-3321
-1482
484
-1355
-3740
-2196
512
-346
-3224
-2926
-91
179
-2061
-2114
442
864
-1581
-2129
430
1729
-58
-1393
116
1461
72
-939
690
1880
452
-1176
-449
862
15
-1259
-615
16
-1151
-2341
-1755
-644
-1148
-2309
-1963
-1185
-1690
-2160
-1279
-221
-170
-384
275
1098
997
1197
2805
4134
3733
2817
3167
4595
5500
5377
5014
4824
4673
4676
4994
5039
4403
3848
3483
2703
2052
2118
2183
1253
-258
-550
271
-237
-2155
-2720
-1349
-950
-3095
-4903
-3709
-1847
-2669
-4909
-5120
-3502
-3088
-4281
-4743
-3998
-3834
-4499
-4273
-2986
-2514
-3272
-3511
-2641
-2015
-1999
-1517
-816
-1184
-1811
-785
1012
1043
-138
307
2091
2121
517
801
3186
3718
1571
732
2751
4098
2671
1357
2728
4378
2948
276
763
3546
3589
609
-477
1496
2225
80
-1183
569
1945
-133
-2823
-1934
675
176
-2636
-2822
-379
-180
-2791
-3310
-525
647
-1939
-3639
-1425
616
-886
-2439
-764
1071
-354
-2302
-878
1634
1117
-952
-850
796
783
-571
-143
1412
802
-1015
-1051
-39
-82
-813
-952
-731
-1181
-2088
-2142
-1275
-994
-1721
-2100
-1743
-1726
-1772
-797
217
60
-187
526
1353
1445
1860
3694
4881
3361
1845
3508
6318
6566
4742
4161
5168
5183
4143
4316
5358
4760
2523
1401
2263
2708
1518
430
234
-84
-705
-1252
-1674
-1718
-1645
-2159
-3110
-3813
-3716
-2761
-2261
-3585
-5141
-4569
-3143
-3331
-4331
-4249
-3589
-3565
-3888
-3391
-2282
-2040
-2780
-2836
-1803
-1320
-1323
-792
-50
-328
-892
241
1388
1175
953
1569
2009
1399
968
1775
3312
3206
1245
755
2813
3618
1725
1162
2883
3684
1434
-565
1380
3774
2283
-982
-558
2257
1793
-1102
-1532
1230
1590
-2000
-3187
-322
1343
-1480
-3962
-1649
775
-1188
-4245
-2623
775
-229
-3447
-2995
194
67
-2258
-1799
991
1095
-1716
-1767
1155
2245
-211
-1292
1162
1844
-297
-971
905
1712
-198
-1451
-446
146
-896
-1509
-595
-486
-2035
-2499
-1284
-675
-1730
-2205
-1111
-981
-1785
-1427
91
502
-460
-2
1617
1778
873
1767
4158
4339
2325
2217
4870
6339
4980
3903
4777
5301
4342
4112
5186
5008
2991
1870
2891
3545
2202
645
488
513
-507
-1112
-840
-1028
-2153
-2572
-2100
-2896
-4266
-4195
-2568
-2585
-4978
-5955
-4312
-2465
-3328
-4742
-4200
-3540
-3830
-4128
-2810
-1654
-2399
-3074
-2565
-1305
-814
-661
74
-10
-553
-357
1077
1955
1059
926
2023
2434
1205
808
2987
4149
2389
435
1516
3765
3114
1332
1677
3546
2958
54
89
2824
3538
508
-1427
788
2287
187
-2034
-596
1567
-103
-3130
-2714
260
385
-2622
-3536
-1108
-62
-2635
-3711
-1146
480
-1391
-3390
-1803
117
-783
-2101
-1139
868
-62
-1985
-982
1158
1388
-452
-551
777
487
-225
-139
1107
858
-763
-893
-164
168
-726
-840
-460
-1085
-1869
-1854
-1094
-1426
-1911
-1762
-1503
-1658
-1971
-951
271
280
-87
490
1208
1374
2229
3978
4735
3227
2088
3992
6694
6528
4369
3852
5158
5478
4508
4458
5090
4263
2392
1824
2715
2952
1716
360
23
173
-165
-921
-1439
-1589
-1712
-2182
-3136
-3868
-3325
-2145
-2440
-4395
-5422
-4151
-2713
-3200
-4438
-4516
-3956
-3922
-3752
-2768
-2194
-2822
-3270
-2624
-1847
-1482
-876
-158
-462
-1288
-561
1372
1838
702
628
2253
2726
778
-38
2522
4480
2511
73
1224
3683
3217
1038
1345
3609
3135
-217
-773
2628
3869
654
-1609
413
2565
575
-2346
-1015
1985
541
-3723
-3916
-198
557
-2740
-3923
-1337
-345
-3085
-4311
-1125
1015
-1572
-3939
-1935
522
-542
-2248
-603
1783
316
-2197
-888
2364
2071
-510
-227
1544
1248
-523
29
2203
1396
-1026
-1328
376
731
-869
-933
-111
-958
-2452
-2056
-175
-487
-2046
-1776
-972
-1584
-2554
-1198
1073
943
-492
-369
1077
1993
2343
3740
4780
3036
1560
3458
7167
7231
3952
3223
5046
6120
4582
4316
5820
4951
2281
899
2948
3857
1554
-407
-122
944
-583
-2541
-2264
-998
-1116
-3220
-4549
-4105
-2859
-2290
-3349
-4810
-5250
-4116
-3078
-3438
-4208
-4460
-3994
-3704
-3401
-2837
-2340
-2271
-2695
-2429
-1618
-647
18
-114
-667
-744
597
1655
1254
871
1555
2403
1718
658
1464
3555
3886
1427
275
2218
3515
1810
228
1886
3184
986
-1462
-105
3129
2338
-1496
-2244
667
1638
-1645
-3234
-313
1429
-1684
-4786
-2374
1103
-559
-3989
-2847
809
-139
-3973
-3308
981
1526
-2496
-3369
358
1820
-1090
-2151
1505
2825
-509
-2349
721
3375
925
-1190
348
2169
670
-1629
158
2483
1171
-1660
-1553
738
293
-1278
-957
-197
-1295
-2965
-1849
-393
-1113
-2517
-2151
-796
-1418
-1817
-279
1477
880
-523
451
2044
2748
3156
4329
4401
2710
2972
6130
7997
5524
3034
4520
6666
5357
3368
4320
5418
3453
754
1562
3759
2693
-566
-1435
539
422
-2389
-3326
-1481
-697
-2977
-5095
-4377
-2566
-2213
-3739
-5177
-4940
-3978
-3146
-3034
-3728
-4420
-4464
-3259
-2322
-2414
-2536
-2290
-2051
-2416
-1997
-511
751
515
-746
-642
1125
2563
1557
296
1663
3511
2600
189
817
3862
4176
1021
-490
2098
3874
1549
-492
1551
3612
1113
-2232
-752
3085
2496
-1728
-2734
476
1733
-1709
-3506
-292
1845
-1532
-5347
-2752
1544
63
-3905
-3429
409
80
-3659
-3234
1062
2117
-2128
-3839
205
2650
-173
-2509
705
3355
340
-2495
-152
3490
2110
-927
-135
1623
1076
-602
304
1831
275
-1534
-1392
323
117
-1455
-1314
-1108
-1457
-2463
-1713
-537
-1488
-2577
-2474
-964
-1056
-1652
-469
1048
982
-259
506
2224
3032
3595
4692
4798
3063
2785
5773
8329
6671
3640
3703
6102
6134
4172
4246
5365
4304
1142
673
3206
3493
329
-2256
-951
593
-1357
-3857
-3186
-1073
-1687
-4605
-5970
-4257
-2160
-2595
-4779
-5846
-5065
-3944
-3293
-3413
-4361
-4846
-3953
-2949
-2847
-2732
-2088
-1706
-1976
-2209
-1347
455
1142
-173
-997
502
2194
1975
1156
1838
3339
3276
1454
778
3082
5035
3203
195
727
3263
2887
167
-27
2926
2889
-1095
-2816
706
3458
-198
-3962
-2028
1902
428
-4565
-3937
952
1457
-4116
-5848
-434
1762
-2701
-5361
-1071
1849
-2368
-5596
-1721
3176
353
-4975
-2745
2732
2054
-2713
-1519
3548
2759
-1629
-1594
3051
3967
271
-436
2001
2524
-115
-398
2868
2844
-548
-1875
590
1686
-838
-1403
31
-567
-3085
-2937
-230
-475
-2959
-3443
-1488
-973
-2475
-2077
395
977
-854
-1002
1294
2682
2556
3862
5003
3340
1960
4450
8441
7684
3830
3054
5462
6806
5034
4187
5533
5151
2284
566
2950
4653
1871
-1181
-953
786
-319
-2564
-2765
-1583
-1202
-3548
-5651
-5286
-3239
-2212
-3919
-6107
-6857
-4880
-2703
-3262
-4746
-5153
-4254
-3721
-3360
-2384
-2241
-2415
-2593
-2656
-1955
-537
1069
821
-593
-353
1712
2990
2022
1430
3075
4342
2510
152
1524
5186
5493
1649
-349
2203
4047
1535
-583
1897
4054
771
-3235
-1227
3573
2914
-2188
-3258
871
1746
-3002
-4679
490
3430
-2441
-7600
-3691
2259
176
-5564
-4032
554
-879
-6037
-4465
2570
2702
-3910
-5948
583
3843
-878
-3421
1123
4295
-336
-3526
358
4777
2720
-1084
296
2570
1343
-432
2207
4222
868
-2524
-787
2847
1483
-1435
-1172
-155
-1405
-3243
-1322
663
-1394
-4079
-3642
-859
-810
-2386
-1518
187
177
-1258
-452
1525
2338
3417
4544
3668
1248
2147
6608
8957
6077
2779
3486
5826
6275
5006
5467
5479
2941
625
1901
5000
3644
-210
-1496
193
763
-1408
-2729
-2298
-1376
-2057
-4323
-5741
-4756
-2534
-2189
-4649
-7409
-6764
-3373
-1875
-4062
-6038
-5123
-3581
-3294
-3058
-1962
-1776
-2324
-2637
-1875
-433
686
1582
597
-671
-147
2350
3968
2288
1156
2637
4439
2472
218
2910
6434
4560
-750
-259
4405
4590
130
-915
3683
4157
-2003
-4614
1652
6310
388
-6477
-3117
3595
1296
-5366
-3903
2676
1339
-6571
-6962
1168
3445
-4201
-8133
-1662
2986
-2519
-7475
-2212
4030
280
-5984
-3198
3409
2233
-3170
-1801
3924
3074
-2919
-2323
3994
4910
-718
-2248
2673
3972
42
-1404
2273
3738
-7
-1609
709
2112
-224
-2009
-258
136
-1844
-2742
-1021
-152
-2610
-3298
-1329
-855
-2710
-3053
-122
739
-949
-1100
807
1586
860
2883
5775
4328
362
1389
7273
9083
4826
2196
4597
6497
5011
3744
5579
6115
2963
642
2292
4742
2346
-788
-123
1252
-101
-2369
-2086
-1363
-1656
-2731
-3031
-3783
-5474
-3979
-1315
-2326
-6965
-7742
-2855
-797
-4146
-6818
-4640
-2290
-3303
-4169
-2485
-1124
-2391
-3503
-2194
13
447
-438
-84
386
-19
1100
3463
3080
435
1092
4260
3978
200
653
5789
5546
-325
-2108
3344
5787
601
-1947
2189
4785
-468
-4873
-243
5449
2482
-4860
-4484
1805
2294
-3200
-4159
1076
1495
-5248
-7466
-605
3736
-2051
-7699
-3719
1989
-1001
-6027
-2902
2728
924
-5081
-3712
2545
2549
-2192
-2503
3042
3642
-2021
-2598
2871
5535
1030
-2028
1477
3677
1856
87
1961
3145
265
-895
775
2391
356
-1760
-446
-69
-1228
-2247
-483
-66
-3068
-3705
-1362
101
-2196
-3370
-795
917
-237
-1162
460
1458
891
2304
5496
4787
469
615
6455
9418
5486
1668
3261
6199
5842
4244
4665
5281
3384
1123
1989
4254
3532
245
-1102
542
1459
-370
-2547
-2622
-1164
-603
-2608
-5476
-5306
-2009
-836
-4266
-7616
-6171
-2515
-2068
-4726
-5987
-4461
-3556
-4150
-3614
-1747
-1849
-3674
-3682
-1942
-291
-77
138
281
-676
-896
1021
4030
2803
-1
1703
4331
3182
-175
1735
6631
4781
-753
-968
4233
5573
382
-1672
2965
4734
-1430
-4589
389
4955
1638
-5119
-3836
1117
909
-3375
-4010
903
646
-5412
-7115
-411
3322
-2769
-7231
-3530
1745
-770
-5835
-2844
2592
1085
-4556
-3840
2616
3464
-1802
-2686
2940
3949
-1293
-2835
2622
6085
514
-2520
1326
4026
1805
-820
1674
2739
283
-1411
852
2621
-206
-2283
-1722
72
-1181
-2217
-355
-899
-3381
-3866
-795
382
-2221
-3092
-229
1641
-620
-1708
989
3075
2562
2628
4162
3420
1207
2987
8472
9427
3669
566
4147
8344
6664
3109
4188
5313
3079
342
2162
5721
3185
-1914
-2396
1595
2436
-2132
-4637
-1900
589
-2014
-6187
-6278
-2494
-305
-2920
-7202
-7483
-3457
-1252
-3223
-5441
-4951
-3811
-3589
-3408
-2443
-1596
-2115
-3100
-3490
-1490
476
1081
464
-1312
-772
1299
3487
2095
-193
1838
4554
3641
-874
-200
4973
6135
944
-2697
1785
4787
1419
-2370
887
5127
476
-5486
-2852
4839
4126
-4318
-6137
786
4053
-1845
-5531
-387
3380
-2186
-7672
-3163
3215
430
-6437
-5206
1523
1245
-4909
-5511
1275
3506
-2697
-5546
-12
4439
-82
-3792
1088
4515
649
-3720
197
6104
2721
-2245
-386
4245
3498
-1066
-198
2959
2289
-1110
-1163
1587
1018
-1224
-2205
-247
-37
-2314
-1710
-328
-1128
-3224
-2373
-47
-1024
-2838
-1198
1591
728
-1364
-510
2304
3383
2818
3777
3901
1200
1513
6790
9458
5481
1043
2507
6924
6875
3622
3584
5670
4374
-145
488
5483
5136
-400
-3147
548
2616
-875
-3806
-1938
1692
-671
-5943
-6086
-2068
195
-2509
-6314
-6809
-4661
-2646
-2422
-3612
-4892
-5203
-4385
-2853
-2403
-2514
-1576
-1800
-2895
-3496
-1101
2651
2104
-1138
-2763
447
3400
2587
934
1184
4270
3565
-87
-439
4064
7353
2673
-2356
-320
4192
3168
-936
-116
3749
2737
-3368
-4552
1728
4899
-693
-6046
-2434
2398
-1111
-6551
-3411
3471
1002
-7693
-8370
702
4142
-3804
-7566
-1300
2978
-3191
-7871
-480
5522
-16
-7047
-2641
5699
3077
-4258
-1827
5588
4294
-2752
-2697
4476
5298
-146
-1727
1569
2990
-235
264
3658
2741
-2030
-2674
2296
2794
-818
-2575
-908
-798
-3127
-1397
1201
-781
-5079
-4607
-165
390
-2405
-2288
758
800
-1836
-1472
2046
3889
3123
2827
2933
2291
3051
6639
9187
6495
2356
3037
7066
7523
4533
4505
6109
4270
315
1121
5662
5424
263
-3210
-459
2200
-276
-2700
-2300
-454
-1803
-5710
-6112
-3145
-768
-2022
-5647
-7606
-5820
-2475
-1700
-3383
-5355
-5186
-3900
-3491
-2553
-1925
-1447
-2028
-3355
-2635
-1240
785
1847
115
-1273
72
2473
2444
1233
2013
4167
3973
646
168
4009
6825
3821
-1121
164
3621
3040
-195
-209
3450
2158
-3740
-4903
1458
5296
-844
-7286
-4020
2279
303
-5700
-4356
1794
631
-6992
-7618
347
3292
-3681
-7754
-1710
3048
-2469
-7719
-1914
5347
1446
-6401
-3964
3928
3347
-3038
-1899
4716
3775
-2832
-2608
4915
5679
-811
-2146
2760
4909
-88
-1915
2080
3788
495
-2505
415
2458
-36
-2646
-1263
341
-2264
-2749
-708
-1012
-3622
-4185
-1324
-275
-2529
-2731
642
1299
-1470
-1655
1474
3727
3542
3667
4309
2435
1111
5585
10839
8470
2019
1432
7214
9303
4769
3074
6221
6897
1476
-1542
4146
7197
1515
-4154
-1392
3613
471
-5186
-4084
1215
538
-6017
-8035
-3289
358
-2158
-6110
-6599
-5111
-3900
-2582
-2312
-4375
-6273
-5360
-2371
-1142
-2695
-3482
-2092
-1921
-3122
-2077
1191
2711
57
-2089
-247
3471
4032
1159
1315
3769
4545
1848
-390
3024
6643
4667
-619
-1572
2741
4301
874
-1197
1645
3273
-1334
-5714
-1579
5204
2503
-6329
-6951
1033
2852
-4491
-6706
506
2981
-5407
-9939
-1553
5373
-1215
-9178
-4344
3757
406
-7425
-4288
4791
3411
-5383
-5578
3661
5327
-2742
-3427
4184
5344
-2369
-3748
4501
6681
176
-3297
1727
5870
1194
-2456
890
4100
630
-3106
355
2508
-175
-2700
-1568
-342
-2006
-1877
-882
-1089
-3684
-3986
-868
-464
-2239
-2310
1145
1092
-1880
-972
2354
4245
3406
3678
4036
2531
2422
6152
10098
7736
1802
1382
7253
9482
4684
2026
5639
6801
1342
-970
4241
6817
1152
-3715
-821
3228
503
-5159
-4564
1167
1341
-6090
-9640
-3658
1751
-1891
-8173
-8004
-3588
-2265
-4177
-4509
-3637
-5015
-6179
-3214
-29
-1617
-4265
-2858
-654
-1780
-2459
799
3504
807
-2905
-435
4881
4168
-233
1112
6262
5540
-803
-1645
5455
8806
2662
-2822
815
5030
2363
-1719
562
5090
1393
-5370
-4977
2039
5069
-1443
-6735
-3610
1311
-704
-5755
-3664
2062
80
-7696
-7711
634
3471
-3213
-7581
-2384
2218
-2330
-7109
-1984
5010
1348
-5870
-3772
3990
3794
-3079
-1918
5021
4523
-2795
-3239
5222
6769
-383
-3191
2013
5580
766
-1950
2147
4039
168
-2778
698
2761
-120
-3036
-1958
354
-1923
-2861
-1063
-1080
-3445
-4348
-1226
-359
-2881
-2729
1263
2025
-1714
-2481
1901
5449
4092
2396
2989
3194
2775
6070
10146
8164
2534
1067
7073
10144
5727
2736
4829
6359
2100
-602
3633
6404
1258
-4556
-1790
3521
659
-5990
-4614
1909
721
-7589
-9532
-2067
2179
-3013
-8548
-7127
-3373
-3104
-3913
-3030
-3338
-5823
-6326
-2643
97
-1957
-4283
-2596
-993
-2186
-1749
1079
2795
40
-2123
954
4079
3360
551
2463
5602
3624
-539
-308
5795
7152
2202
-1669
279
3819
1939
-842
609
3458
858
-4358
-4334
1427
4099
-787
-5585
-4418
636
-242
-4625
-3180
1518
432
-7271
-7536
470
3438
-2796
-7441
-1989
2214
-2216
-6318
-1498
5002
855
-5899
-3355
3628
3026
-3078
-1058
4821
3181
-3274
-2530
5335
6019
146
-1946
2276
4481
399
-543
2860
3410
-385
-2025
1312
2126
-934
-2568
-606
-279
-3287
-2421
-443
-1637
-4238
-3578
9
-1358
-3958
-2082
2025
1717
-2238
-1507
2762
4553
2987
3189
4571
3688
2691
5838
9955
7517
2390
2082
7552
9483
4671
2624
4978
5920
2299
-92
3367
5570
947
-3617
-932
2778
-7
-4943
-4009
584
-413
-6661
-8523
-3460
437
-2531
-7531
-7857
-4407
-2690
-3371
-3815
-4072
-5243
-5970
-2930
-330
-1340
-3197
-3305
-1260
-1547
-1712
800
3034
1249
-2244
137
3962
3679
815
1450
5331
4210
-61
-499
4552
7441
2982
-1831
-178
3914
2608
-1111
261
3961
1495
-4837
-4543
2418
4823
-1575
-6726
-3214
1791
-500
-5673
-4384
1049
482
-6108
-7680
-1031
2626
-2770
-6961
-2068
2507
-2355
-7306
-1997
5352
2170
-5387
-4172
3023
4061
-1244
-1309
3449
3785
-1255
-2083
3541
4962
986
-1782
1574
3870
132
-1128
2097
4122
277
-2403
-304
1634
146
-2339
-542
-279
-2602
-3274
-1707
-199
-2085
-3295
-1952
-1122
-1826
-1175
1318
1516
-716
-1636
1686
5151
4620
3386
2499
2600
4202
7152
8959
5647
2428
3674
7751
7938
3953
3536
5524
5372
1270
96
4090
4745
-13
-3609
-62
3076
-1248
-5860
-2973
2034
-984
-8122
-8202
-1505
1042
-4055
-8476
-6581
-3017
-3015
-4165
-3834
-3984
-5650
-5619
-2416
-457
-2243
-3812
-2663
-1324
-1418
-1067
1080
2009
-525
-1913
1391
4270
2144
-371
2195
5644
3095
-1664
13
5910
6527
875
-2401
1121
4460
1471
-1604
1559
4698
628
-5381
-3743
3491
4808
-2251
-6712
-2338
2387
-1166
-6167
-2734
2703
-1127
-9007
-7177
1887
3258
-5038
-8121
-792
3027
-3519
-7865
-212
5836
-123
-6611
-2542
4754
2214
-2523
206
4860
2277
-3758
-663
5971
5166
-1232
-2399
3452
4278
-149
-1075
2444
3154
-871
-1477
1319
1491
-1628
-1932
990
-874
-3348
-1965
131
-1160
-4012
-2244
-428
-1512
-2820
-258
2624
361
-1954
-99
4769
5135
2515
2691
3689
3972
4593
7979
8813
3995
913
4865
9809
7210
1738
2402
6304
4608
-42
1143
5601
3953
-2500
-3395
1664
2560
-3071
-5602
-807
1878
-3670
-8871
-5374
917
-32
-6340
-8389
-4973
-2531
-3183
-4241
-4120
-4421
-5849
-5075
-1872
-877
-2620
-3521
-2481
-1767
-2261
-891
2258
1995
-1301
-1418
2250
3781
1325
650
4250
5623
1142
-2028
2296
7665
5030
-1335
-1098
3917
3697
-1295
-1161
4270
4163
-3213
-6198
463
5992
1162
-6027
-4258
1901
1087
-4971
-4903
1417
1665
-5753
-8074
-1575
2448
-2259
-6714
-2907
1596
-2045
-6800
-3184
3308
1936
-4061
-3695
1606
2407
-1405
-1309
3362
4012
-933
-2212
2750
5381
2252
-1374
1190
4315
1518
-1118
354
3385
2205
-511
-711
181
438
-1049
-684
-377
-1357
-2025
-2188
-1746
-2645
-2360
-1082
-1699
-2968
-1892
1031
1512
-524
-1286
1118
3945
4263
3043
2402
2940
4334
6937
8909
6685
2644
2939
7139
8772
5810
2696
3519
5315
3150
1239
2662
3982
1559
-2242
-986
1558
-79
-3893
-3726
535
-119
-6162
-8916
-3644
1785
-1857
-8665
-8690
-3360
-1382
-4302
-5374
-3199
-3665
-6273
-4802
-700
-181
-3326
-4415
-1901
-874
-1637
33
2477
1076
-1722
-334
3285
3595
308
1563
6637
4639
-1501
-1392
6034
8777
1803
-2456
1747
5426
1428
-2354
1824
6034
835
-6785
-3746
4581
3866
-4128
-6260
-727
1626
-3110
-6317
-2477
1347
-1686
-6522
-5140
-455
-516
-4298
-4359
-307
216
-4322
-5813
-296
3997
594
-4352
-2587
2583
2172
-1246
-327
3663
3199
-1423
-1144
3220
4454
820
-1004
2907
3749
-226
-1511
1895
4744
1524
-1985
-965
991
-53
-2168
-549
-213
-2367
-3602
-2088
-108
-2351
-3292
-1715
-941
-2514
-2932
337
1789
-87
-1886
1686
5420
4334
2430
2176
4715
6683
7307
7085
4999
3379
5124
8380
7852
4230
2943
5216
5497
1987
1222
4546
4299
-1064
-2910
1068
2443
-2586
-5861
-1532
2334
-2641
-9545
-7308
211
778
-6134
-9236
-5279
-2497
-3927
-4979
-3565
-3514
-5818
-5322
-1588
-1092
-3425
-3073
-1290
-829
-2960
-1933
3125
2580
-1967
-2175
3157
4298
-513
-1030
5023
7820
408
-3790
2663
8637
5126
-1862
-63
5073
3106
-2115
-567
5575
4283
-3904
-6079
1330
5886
434
-6292
-4468
1859
1064
-5439
-5647
444
1512
-4338
-7417
-2418
2258
-1850
-6988
-3208
2847
-164
-7269
-5205
3598
4322
-3440
-5208
1432
4066
-1230
-3037
2917
5709
-57
-3730
1859
5928
1756
-2381
1577
5686
1408
-2730
-269
4342
2212
-2448
-976
1718
233
-3306
-1363
1752
-977
-3952
-2543
32
-1885
-4119
-1823
467
-1108
-3302
-967
2176
949
-1467
317
4673
4900
2825
2293
3337
5063
6548
8529
6644
2670
2635
7014
10075
5885
2502
4546
6292
2871
-331
3608
6231
1194
-4352
-1741
3409
383
-6007
-4666
1700
446
-7748
-9660
-2489
1778
-3096
-8652
-7634
-3813
-3021
-3925
-3485
-3394
-5104
-5412
-2627
-762
-2079
-2932
-1367
-1018
-3086
-2848
1249
3313
-49
-2907
7
4007
2468
-908
1425
6372
4977
-1457
-1876
5046
8077
2345
-2126
1548
5481
2374
-2316
958
5963
2659
-4892
-4951
3467
5129
-2114
-6821
-2206
3006
-1159
-6266
-3924
2250
233
-7002
-6588
157
1886
-5008
-6780
-488
2173
-3610
-7839
-1347
4423
559
-5207
-2965
3014
1313
-2752
-490
4195
2717
-2820
-1129
4284
4167
-525
-1237
3582
3994
-13
-1409
2021
3772
-23
-1727
417
1631
-894
-2694
-564
-547
-2214
-2595
-1352
-592
-2884
-3005
-1009
-447
-1938
-1983
857
1296
-226
-407
3269
5335
3807
2769
2204
4239
6564
8157
7301
3549
2142
4950
8839
7645
3863
3227
4677
3754
958
1833
4711
3360
-1588
-3155
261
1768
-2232
-4808
-1050
1477
-3367
-9035
-6477
797
710
-6291
-8581
-4477
-2065
-4466
-5974
-3494
-2354
-5004
-5547
-2593
-1173
-2560
-3617
-1174
-345
-2507
-1623
2144
2916
-1729
-2123
3198
4886
329
-1857
4584
7400
1015
-4041
1364
9043
5052
-2763
-1030
6080
4496
-3492
-2461
6223
6340
-3800
-6861
1922
6692
-875
-7707
-2412
4681
393
-7645
-5299
2188
1348
-5862
-7124
-956
1326
-4101
-6851
-1866
1399
-2683
-6942
-3326
2594
862
-4276
-3606
1547
2241
-1095
-1796
1577
3171
-18
-679
1556
3435
1757
-504
2114
3639
1529
-1431
214
3514
2158
-887
-930
1430
63
-1694
-1164
-115
-31
-2658
-3308
-1421
-656
-2294
-3427
-1665
406
182
-1215
-692
518
1075
2297
3979
4603
3083
1359
3217
7621
9111
6175
2748
3312
6879
8008
5894
4358
4644
4868
3409
1588
2451
4474
3008
-601
-1397
163
-86
-2602
-3289
-342
1022
-3851
-9416
-6709
951
1045
-6990
-10079
-4440
-786
-4104
-6628
-3771
-1677
-4393
-6051
-2477
220
-2719
-5237
-1927
1253
-968
-2847
403
2946
-111
-2251
1839
5188
1158
-2215
2963
7652
2232
-4496
872
9332
5840
-3278
-2358
6441
5595
-2940
-3034
5500
6429
-4425
-6965
3748
7448
-2933
-9244
-519
7058
-73
-9412
-5485
3668
1429
-8072
-7425
1789
1912
-6556
-7428
240
2536
-4265
-7845
-1323
4968
589
-6482
-3767
3177
3119
-1984
-1690
2940
2737
-593
-1134
2427
4217
1041
-620
1271
3177
1438
-1140
933
3025
1027
-2199
-1492
1225
296
-1353
-1932
-834
-668
-2552
-2440
-1415
-700
-2428
-3634
-1415
644
629
-1096
-1136
431
2275
4118
4783
3936
2070
1875
4824
8520
8607
5079
3005
4989
7447
6445
4455
5181
6453
4272
923
1515
4354
3492
-552
-1362
1785
2221
-2579
-5896
-2471
2203
-178
-7375
-9208
-3130
1398
-2608
-8786
-7692
-1874
-999
-5450
-6729
-3067
-1485
-3940
-4668
-2074
-1069
-2895
-3240
-808
602
-668
-1589
-419
594
347
992
2542
1792
-505
761
4908
4656
-340
-1012
4674
6597
730
-2738
2132
5959
1427
-3010
1116
5793
810
-6148
-2157
6367
3600
-6719
-6893
3039
5079
-4509
-8735
-704
4403
-3033
-9727
-3911
3485
-950
-8714
-5236
2892
532
-7967
-6230
3325
4275
-4238
-7012
858
5205
204
-3895
278
4517
1170
-2399
-160
4921
2999
-1725
309
3566
2401
-1344
-115
3079
2362
-689
-1655
438
365
-138
-478
-1097
-1983
-2573
-976
-726
-1750
-2151
-1721
-1559
-1686
314
2250
824
-1682
-302
4102
5860
3730
1709
2801
4987
6359
6954
6276
4974
4103
6074
7594
5530
3600
3926
5810
4035
1290
2094
3207
1602
-1617
-271
2565
750
-4710
-5745
614
2624
-3646
-9107
-5547
1325
-281
-7264
-8611
-3406
-212
-3011
-6835
-6043
-2977
-2545
-3570
-3145
-2300
-3045
-3502
-2213
-852
106
655
-215
-1684
-1373
1495
3858
1872
-1521
-118
4310
4325
-476
-1629
4006
7231
2107
-2762
879
6190
3441
-2257
-185
5736
3411
-4773
-4542
4765
6933
-3176
-9101
-1018
6450
-144
-9149
-4817
4378
1277
-8812
-7728
2467
2991
-7215
-9301
630
4167
-5253
-10005
-635
6458
-956
-8899
-3146
6010
3193
-4673
-2449
5037
3702
-2929
-1726
5270
5472
-1188
-1856
3730
3930
-906
-951
3669
3370
-1370
-2732
892
1780
-1639
-1389
327
-799
-3964
-3302
809
73
-3326
-3889
-942
-467
-1872
133
1841
317
-2166
208
5490
6068
2487
1014
3881
6832
7356
6601
5613
4600
5061
7044
7046
4445
3343
5229
5525
2433
1029
3453
4223
467
-1854
1297
3494
-1200
-6046
-2552
3209
54
-8214
-8646
-1357
1006
-5301
-9767
-5812
-750
-2135
-5780
-5341
-3408
-4078
-4399
-1908
-791
-3199
-4344
-1821
-106
-1364
-1289
1563
1823
-1977
-2688
2531
5251
467
-3106
1817
7005
2746
-4044
-960
7760
7596
-1159
-3681
3412
6549
214
-3193
3126
6966
-520
-7356
-1348
7523
3782
-6523
-6270
3038
4111
-5403
-8492
660
5503
-3647
-11332
-4467
4131
-647
-9062
-5242
3467
567
-8835
-6752
4110
5536
-4239
-7766
1059
5901
-573
-4930
1725
6448
395
-4889
-295
6626
3005
-2762
90
4066
1738
-2849
80
5079
2993
-2120
-2407
1366
1184
-757
-543
-115
-1207
-3659
-2480
9
-777
-2622
-3188
-1390
-865
-909
393
1235
320
-1005
2343
5626
4330
1504
1528
5709
8035
7011
5020
3965
4653
6267
7342
6236
4133
3321
4282
3968
2064
2199
3293
1838
-813
-759
1702
1453
-2986
-4567
-248
1843
-3660
-9333
-5994
1246
29
-8135
-10208
-3615
495
-3353
-7065
-4804
-2215
-3702
-4667
-2057
-425
-2381
-3540
-1564
-228
-1073
-606
1553
1102
-1766
-1197
3039
3551
-1034
-1926
3943
6444
28
-4384
1956
8686
4094
-3396
-476
6500
3775
-3557
-1028
7358
5477
-5018
-6442
3515
7232
-1822
-7862
-989
5456
-986
-9398
-4966
4359
1867
-8252
-8541
673
2278
-5923
-7997
66
3425
-4602
-9445
-1482
6000
669
-7144
-3855
4507
3505
-4050
-2643
4618
4513
-1544
-2762
3408
5135
199
-1087
2514
3447
-1056
-2394
2292
4450
754
-2694
-437
1196
-859
-1502
-428
-30
-2821
-3765
-1556
-883
-1857
-3250
-1874
-355
-203
-11
0
73
-296
1970
5419
5290
1847
533
4536
8326
7727
5337
4197
4322
5618
7066
6792
5101
3698
3646
3527
2512
2535
3413
2161
-349
-453
1251
1017
-1918
-3185
-13
1878
-3056
-8790
-6357
882
1435
-6153
-10463
-5778
-433
-1784
-5662
-5817
-3735
-3482
-4094
-3068
-1644
-1979
-3043
-2742
-1551
-906
-288
738
625
-606
37
2656
2644
-705
-962
4086
6423
1081
-3632
552
6929
4838
-1691
-1034
5088
4582
-2463
-2917
4959
6538
-2697
-7075
1562
7861
-109
-8731
-2664
7163
2382
-9551
-7944
4107
4841
-7327
-10919
-302
4634
-4645
-10279
-1408
5665
-2464
-10980
-3914
6343
2223
-7914
-5479
4964
4430
-4383
-3864
4828
5766
-1605
-3182
3650
5545
-889
-1996
3431
4336
-1351
-3202
2172
3793
-189
-2591
309
1273
-2089
-1953
463
590
-3456
-4777
-969
-348
-2995
-3322
-651
-309
-1878
-813
1955
1975
-645
653
5577
6328
1620
-106
4841
8764
6802
4235
5127
6187
5797
6332
7460
6353
3765
3308
4438
3504
1357
1446
2260
584
-1413
-29
1719
-1171
-4402
-1458
2413
-1091
-7842
-7361
-253
1483
-5647
-10184
-5732
-777
-2244
-5196
-4496
-3247
-4058
-3868
-1641
-1017
-2807
-3347
-1566
-626
-1352
-819
1237
1197
-1159
-848
3143
4240
-188
-2322
2713
6606
1924
-3315
815
7539
5018
-2223
-1450
5459
5669
-1386
-3107
3547
6353
-989
-6455
35
6892
902
-7963
-4520
4533
2880
-7247
-8408
1290
4121
-5415
-10551
-2175
4286
-2818
-10182
-3932
4222
-638
-8973
-5289
4879
3479
-6367
-6734
3122
5984
-2612
-5103
2174
6072
-29
-4240
2292
5928
1405
-2059
1296
4508
590
-2219
1004
4234
1445
-2685
-1047
1510
309
-2250
-1024
472
-3031
-4023
-1206
437
-1857
-3934
-1580
206
56
-927
388
1289
460
2015
4958
5453
1094
1086
6875
9917
6643
2612
4356
7138
7677
5301
4382
5757
4669
2702
2370
4339
4121
870
-739
569
2112
835
-2206
-3750
-1525
1689
290
-5450
-7643
-2634
1546
-2058
-8245
-7981
-2501
-457
-3864
-6354
-4832
-3326
-3789
-3453
-2066
-2582
-4033
-3304
-1447
-1023
-1060
408
1161
-693
-1659
1654
4605
1799
-2354
-300
5267
3893
-1811
-1213
5362
6992
-415
-3365
3126
7189
1492
-4394
651
6451
1584
-5605
-2342
5973
4124
-5330
-6432
2454
5216
-3659
-8949
-1503
4846
-2373
-10925
-5676
3955
660
-9316
-7696
2626
2716
-7418
-8372
2465
6102
-3967
-9549
-465
7514
1448
-5843
-656
6781
2989
-4817
-697
7273
4221
-2391
-1786
3630
2510
-2049
-116
4174
2461
-2784
-1953
1492
1852
-476
-1824
-282
-1592
-3652
-1987
20
-1210
-3474
-2725
-484
-572
-1749
220
1771
-806
-736
4222
6788
2958
-591
3796
10117
8904
3151
3022
6991
8394
6406
4084
5729
5947
3612
2352
2982
4190
2524
1006
271
870
1475
552
-1530
-3485
-632
2079
-267
-6251
-7239
-34
2239
-4550
-9374
-5025
38
-2150
-6538
-5971
-2610
-3358
-5521
-3774
-1114
-2343
-4839
-3418
-261
-269
-1599
-316
892
-840
-1471
2142
4603
971
-2614
1075
6074
2864
-3074
-13
7335
5364
-2654
-2078
5864
6466
-1300
-3289
3590
5692
-2106
-6191
1388
7529
704
-8163
-4505
4501
2783
-6490
-7056
1385
2624
-6669
-10180
-1253
4400
-3241
-10218
-4098
3616
-1222
-8947
-4164
5290
2779
-7350
-7066
3216
6134
-1755
-4976
2063
6096
325
-3857
2534
6781
1546
-2811
-51
4319
1252
-2295
564
3695
1039
-2873
-1296
756
723
-780
-711
-751
-3471
-3344
-1168
-60
-1991
-3089
-1409
-800
-1145
-507
2093
1617
-933
1498
6434
6297
1052
273
6896
10650
6174
1999
4291
7723
7529
5500
5269
5738
4362
3534
3505
3496
2588
1374
844
-268
344
1293
701
-2299
-3531
812
2106
-2678
-7732
-4867
1717
-639
-8358
-9579
-3132
-96
-4019
-7177
-5257
-2814
-3934
-4213
-1817
-1150
-3518
-4272
-1629
-61
-990
-768
766
-46
-1786
-9
3350
2291
-1783
-989
4403
4769
-1232
-2277
4913
7794
688
-3961
2024
7866
3516
-2674
469
6556
3113
-5063
-3364
5797
5809
-4621
-8270
383
5498
-2027
-8726
-2748
4717
-579
-10131
-7315
2758
2210
-7437
-8618
147
2024
-6327
-8604
1373
6810
-2107
-9676
-2935
6253
2634
-4729
-2183
4706
3436
-3748
-2126
5154
5083
-249
-1345
2878
3188
-905
-596
3355
2614
-2351
-2853
524
1191
-1001
-1339
334
-1914
-4342
-1999
890
-444
-4016
-2639
-103
-822
-2400
-495
2821
752
-737
2753
6697
3758
-645
3894
10619
9616
2452
1594
6844
8953
6734
4348
5573
5697
3676
3308
4471
4303
1923
373
564
899
543
20
-1261
-2664
-1545
768
-574
-5337
-5984
-506
1840
-4213
-9592
-6054
-123
-1133
-6300
-7195
-3910
-2856
-4159
-3103
-1255
-2582
-4280
-2864
-384
212
-605
-336
417
-698
-889
2238
3754
574
-1693
1794
5428
1858
-3020
734
7438
4937
-2846
-2434
4910
5605
-1046
-1923
4623
5398
-2625
-5780
2056
7503
444
-7600
-3546
4224
1383
-7193
-5982
3023
2483
-7852
-10049
-667
3921
-3530
-9047
-2541
3534
-2541
-9296
-3670
6038
3302
-7372
-7235
2565
4909
-2065
-3217
2780
4295
-1420
-3862
2537
5798
2261
-1132
543
2383
-526
-765
2471
3441
-723
-2840
-439
467
-340
-1061
664
-462
-4419
-4230
-527
891
-2413
-3291
-473
275
-1639
-1206
2104
2411
639
2340
5834
4405
223
2073
8984
10552
4217
196
4423
9610
8362
4603
4635
6011
4194
1933
3308
5154
3062
-444
-755
1203
1733
264
-1416
-2035
-1064
390
-674
-4393
-5556
-1540
1286
-3025
-8807
-7029
-469
810
-4148
-7128
-4980
-2643
-2838
-2771
-1588
-2025
-3804
-3458
-1105
50
-184
-22
-107
-1072
-780
1606
2872
665
-1600
745
4503
2190
-3346
-1291
6544
6422
-1861
-3362
4283
6623
-162
-2528
4285
6766
-1687
-7140
592
8626
2699
-7554
-5175
4444
3492
-6477
-7472
2383
4649
-6286
-11747
-2047
5521
-2033
-10145
-3950
4454
-935
-10176
-5606
6185
5499
-6623
-9297
1453
6355
-808
-4741
1592
5398
-779
-5071
1298
6987
2778
-1969
169
3544
182
-2659
2229
5212
392
-4926
-1877
1922
422
-972
388
1339
-2906
-4895
-1334
1612
-504
-3777
-2305
-904
-1491
-2113
512
2723
129
-228
4014
6500
2233
-682
5183
11040
7733
964
1605
7351
8948
5895
4545
5484
4635
2813
3230
4748
3916
1371
-122
-302
92
938
832
-1467
-2933
-528
1743
-1475
-6090
-4090
1876
1316
-6562
-10219
-4172
1828
-944
-6546
-6555
-3835
-3741
-3778
-1502
-924
-3756
-5035
-2268
322
-94
-592
562
280
-1915
-1017
3356
3773
-1283
-2511
3337
5781
-498
-4260
2714
9429
4091
-4357
-1637
6414
5037
-2130
-681
6575
4481
-5490
-5990
5133
9376
-1309
-9682
-2366
6265
87
-9562
-4317
6458
2262
-10887
-10250
2822
5176
-5805
-10115
-168
4476
-5629
-11246
-1155
9276
1360
-10978
-6452
5467
5289
-3974
-3146
4756
3948
-3951
-4231
4818
6706
404
-1875
1605
2739
-1656
-1110
4423
4117
-1833
-4581
-710
1082
-88
-35
730
-952
-4960
-2905
1657
1357
-2889
-3573
-499
-1093
-2516
-907
2698
933
-1973
1748
6494
4694
-1149
1833
9661
10533
3499
189
5455
8841
7162
4455
5504
5431
3017
2879
4630
5387
2149
357
472
522
712
670
47
-3004
-3483
105
1355
-3141
-6593
-2046
2909
-1356
-9259
-8088
49
1963
-4452
-8514
-5653
-2800
-3350
-3195
-1343
-1792
-4257
-4080
-1358
-261
-769
80
959
-793
-2158
773
4108
2138
-1428
542
4908
2997
-2805
-1642
5931
7370
14
-3652
2325
6605
1452
-2543
2959
7403
692
-7114
-1924
8317
5355
-6552
-7427
3022
5577
-4592
-9585
-371
6274
-2509
-11831
-5458
4933
813
-9569
-6747
3828
1698
-9998
-9437
3937
7843
-3889
-10437
-1266
6923
1316
-5229
-71
6421
1996
-5117
-1040
6047
4481
-689
-620
3094
831
-2319
724
4754
2500
-3077
-3067
-501
465
-321
466
951
-3130
-5059
-1935
1325
-546
-3314
-1861
-579
-2339
-3145
593
2828
658
382
3868
5086
1127
-411
5797
11316
7245
456
1676
7344
8415
5467
4780
6011
4665
2288
2743
5380
4741
454
-1609
-212
1691
1177
-287
-1470
-1660
364
934
-1762
-4625
-2672
1390
-300
-6480
-8752
-3515
1016
-1802
-6688
-6836
-3876
-2936
-3330
-2569
-2066
-3320
-4242
-2929
-1133
-439
-183
-7
-1063
-1999
433
3537
2331
-1603
-882
4482
4405
-1631
-2797
4336
8281
1939
-3373
936
6540
3629
-1969
782
6582
3107
-5711
-4381
6018
7377
-3021
-8042
-331
5130
-1643
-8518
-3150
5511
626
-10126
-8528
1735
2760
-6875
-8324
907
2961
-7104
-11385
-318
7746
-74
-9603
-4725
4804
2341
-4584
-2246
5564
4111
-4323
-3146
4054
5429
896
-714
2621
1632
-1719
-238
4229
3804
-1479
-2706
-666
-243
-1460
-72
2548
-1365
-5892
-4164
-88
390
-2839
-2195
152
-736
-2998
-1554
2291
2138
1533
3084
4672
1257
-1186
5227
11247
8480
757
786
6804
9027
6174
4174
6049
4926
2030
1606
4461
5478
1551
-1019
-498
881
203
-1085
-871
-704
-931
-1590
-3164
-4846
-3121
1034
640
-5832
-9413
-4271
1678
-58
-5572
-6724
-4136
-3000
-3240
-2182
-1015
-2219
-4287
-3952
-1282
718
796
269
-442
-1339
-355
2527
2728
-345
-125
4488
4862
-1158
-2995
3944
8615
3107
-3164
303
6422
3520
-2915
-437
6868
4618
-5387
-5925
4843
8356
-1435
-7801
-1301
4893
-1058
-8153
-2593
5745
733
-10261
-8528
2569
3646
-6137
-8081
721
2778
-6313
-10112
-114
7109
-333
-8832
-4346
4458
2004
-4203
-924
5175
2100
-5372
-2544
4866
3843
-471
-419
3262
1777
-3140
-580
4549
3306
-2547
-3382
-190
26
-1780
-1217
2063
-765
-5380
-3738
493
733
-2898
-2670
-158
-613
-3952
-1987
2842
2057
625
2096
4932
2348
-1313
4073
11609
9518
844
-90
6607
9541
5889
3674
6269
6385
2298
517
3675
5589
2434
-781
-32
1473
503
-531
126
525
-125
-904
-2476
-4316
-2933
981
867
-5064
-8919
-5011
661
-20
-4648
-5836
-3888
-3694
-4330
-2228
-48
-1839
-4712
-3920
-944
87
-337
-22
28
-1064
-622
1935
2450
-278
-1052
3267
5371
497
-3104
1936
8160
4276
-2441
255
6437
4243
-2548
-653
7178
6258
-3543
-6412
2932
8375
307
-7290
-1806
5408
57
-8517
-5102
4591
2881
-9055
-11107
-549
3623
-5166
-9756
-1390
3075
-5201
-10980
-3133
6247
1727
-8120
-6534
2639
3190
-3661
-2463
4612
3869
-3832
-4114
3750
5101
380
-585
2403
2179
-2601
-2314
4058
5191
-1103
-4096
-448
1465
-729
-1536
1307
902
-4428
-4355
253
727
-2617
-3517
-914
-287
-2106
-1999
1089
1068
-541
2263
5653
4237
-898
490
9048
11575
4443
87
4892
9045
7426
4850
5909
6683
4007
2464
3471
4870
3771
1106
406
1196
1094
381
196
-844
-1862
-165
1097
-2572
-5800
-1754
3142
-641
-8374
-8126
-763
1891
-2993
-6501
-4720
-3374
-4443
-3260
-572
-1842
-5330
-5326
-2514
-1319
-2059
-1499
-59
-1366
-3305
-704
3312
1971
-2029
-491
5061
4336
-2682
-3098
5174
7877
459
-3817
1990
6753
1794
-2973
2342
7930
2085
-6452
-2972
7107
6489
-4069
-6969
1324
4972
-2890
-8357
-1077
5989
-1242
-11163
-6755
3471
1407
-8314
-7823
2161
2681
-8060
-10031
1480
7330
-1987
-9474
-2966
5226
1462
-4972
-29
6342
2387
-4391
-1158
6946
4907
-1116
346
3911
1432
-2814
-158
4681
2478
-3148
-2849
1055
577
-1503
-648
1112
-1297
-5253
-2747
633
-1235
-3867
-2458
675
-500
-2637
-332
2765
1262
-573
2895
6195
3267
-851
2661
9531
8887
3176
2231
6003
7541
5876
5200
5907
4809
2776
2940
4113
3546
1718
758
716
157
-266
566
-9
-2775
-2874
447
1072
-3407
-6128
-1653
2816
-1321
-7801
-6273
-29
1013
-3874
-6363
-4361
-3314
-3776
-2264
-656
-2859
-4997
-3667
-775
-432
-2142
-678
601
-1115
-2557
-201
3707
1623
-2732
-459
5285
3709
-3257
-2384
6036
8137
347
-3848
2204
7000
2442
-2036
2447
7049
1448
-5929
-1750
7439
5583
-4735
-6527
2010
4743
-3479
-8205
-940
5045
-2154
-10678
-5832
3097
248
-8207
-6445
2469
1208
-8865
-8880
2743
6588
-3932
-9733
-1591
5755
392
-5599
-171
5538
1774
-4770
-1113
5761
3549
-1137
-578
3257
1475
-2030
296
4254
2436
-2863
-2238
394
216
-1319
-875
347
-2561
-4370
-2104
-139
-1608
-3499
-1859
-462
-1530
-2117
221
1976
-425
-255
4417
5800
1293
-692
5055
9565
7254
2956
3454
6850
7360
5903
5503
6557
5367
3255
3153
4099
4011
2218
1084
211
298
1442
1159
-1453
-3600
-717
2677
-219
-5866
-5193
1730
2894
-4344
-8846
-4340
1475
-378
-4865
-5399
-3710
-3268
-3255
-1432
-1136
-3136
-4305
-3069
-1205
-1191
-863
161
-280
-2095
-1953
2104
3792
-35
-2367
2146
6109
795
-4211
1151
8307
4900
-3403
-2093
5094
5469
-981
-1988
4868
5684
-2932
-6579
2063
8542
1243
-7973
-4626
4222
2458
-6922
-7164
2515
3648
-7456
-10896
-1025
3619
-4440
-10111
-3478
3276
-3139
-11396
-5098
6207
3273
-8521
-8266
2553
4492
-3551
-4576
3262
5145
-2048
-5320
1877
6774
1701
-2247
524
2765
-165
-2189
2195
5165
279
-4058
-1218
1307
-292
-798
263
1
-3433
-3935
-40
185
-2143
-2948
-1070
-748
-2554
-1099
2773
2866
-1741
-329
5891
6769
1608
-655
5906
10225
6407
2771
4690
7230
7207
6297
5921
6170
4581
3716
4250
4653
3686
1568
1477
763
-345
1218
2215
-1401
-5030
-1592
3184
-319
-7356
-5635
2396
2853
-5855
-9866
-3137
2611
-816
-5939
-4761
-2180
-3486
-4154
-795
367
-3871
-5768
-2378
547
-1567
-2521
640
787
-2623
-3691
1903
4570
-503
-3197
1832
6370
185
-5122
1205
9399
4805
-5614
-3033
6360
6622
-2085
-3218
5038
5935
-2817
-6757
2332
9042
845
-8815
-4183
5928
2878
-7668
-6617
3686
3462
-8093
-10661
4
4998
-4353
-10749
-2806
3630
-3851
-11513
-3722
7149
2048
-10002
-8023
4556
5401
-4200
-5035
3393
6084
-2877
-6640
2972
8147
2084
-3331
135
4032
627
-1382
2536
4791
-626
-4170
-686
1381
205
-1810
-710
-458
-4033
-4048
-560
413
-2190
-3436
-1771
-532
-1274
-418
2358
1408
-616
1775
5907
5471
1047
1721
8445
10281
4883
1977
5226
8611
7539
5100
5276
5663
3912
2841
3958
4635
3083
753
-117
128
454
1101
-125
-3722
-3842
352
1153
-3601
-6320
-1856
3049
-629
-7856
-7046
-101
1661
-3475
-6612
-4071
-2157
-3262
-2334
-303
-2032
-4491
-3102
-261
-162
-1693
-584
1135
-1522
-4024
-146
4504
1881
-3373
-1141
5259
3633
-3728
-2610
6581
7992
-1509
-5471
2744
8078
1640
-3791
1997
7440
1107
-6430
-1156
8257
5256
-5796
-6957
3042
5520
-3684
-8166
-338
5331
-3298
-11191
-5014
3905
320
-9483
-7173
2052
628
-8814
-8658
2931
5481
-5474
-10403
-1208
6329
207
-6010
-694
5419
1001
-5937
-995
7024
4131
-2084
-1996
3026
2945
-1283
474
3716
1976
-2348
-2160
655
923
-184
-788
-333
-3081
-4273
-1398
526
-1225
-3828
-1484
116
-1667
-2504
1339
3260
-186
-9
4112
6378
1934
-582
5408
11056
7727
833
2794
8425
9059
5024
3584
6093
5244
2855
2784
4626
4399
1354
-396
237
1564
1688
317
-1929
-2660
-360
1610
-1150
-5635
-4179
1325
936
-6192
-8875
-2652
2349
-1128
-6198
-5363
-2467
-2772
-3352
-1245
-493
-3433
-5016
-2211
366
-599
-1573
-155
-99
-2706
-2291
2599
3866
-1291
-3014
2924
5489
-797
-3948
3362
8894
2532
-4931
-472
7778
5175
-2980
-1312
6891
4989
-5214
-5288
6012
8752
-2703
-9290
-452
7454
-108
-9193
-4118
5295
1298
-10220
-8671
2346
3170
-7206
-10177
64
3648
-6405
-11080
-558
7969
-922
-10921
-5237
5150
3225
-5250
-3178
4068
3561
-4072
-4257
4771
5726
68
-1900
1685
3123
-876
-60
4439
3738
-1976
-3578
545
1600
-586
-1201
605
-863
-5384
-3427
978
420
-3060
-3104
-477
-1704
-2664
79
3391
1448
-1799
1252
5945
5135
27
1938
8839
9796
3998
1381
6317
8706
6648
4931
5844
5221
3185
3853
4617
4366
2131
573
263
297
1191
1395
482
-2667
-3450
888
2859
-2555
-6984
-2043
3490
-942
-8745
-7226
504
1700
-4176
-7086
-4140
-2155
-3267
-2556
-513
-2146
-5005
-3934
-875
-362
-2028
-1410
684
-1133
-3585
-131
4354
2102
-2981
-1320
5226
4467
-3318
-3153
6547
8696
-1335
-5928
2799
8601
1642
-4186
1996
8084
1398
-7198
-1713
9220
6077
-6682
-7705
3565
6222
-4525
-9355
66
6152
-3037
-12052
-5377
4739
385
-9661
-6793
3104
555
-10482
-8750
4434
6734
-5618
-10898
-457
7310
652
-5919
-126
6379
1532
-5928
-1029
6813
3640
-1980
-778
3328
910
-2820
696
5106
2168
-4076
-3096
849
899
-1149
-718
1087
-2593
-5236
-992
1713
-1500
-3997
-1450
621
-1418
-3197
269
3673
328
-1582
2812
6618
3315
-1195
3926
10853
8916
1967
1941
7557
8461
5986
4559
5885
4789
2533
3675
5229
4441
826
-393
433
933
518
-333
-1128
-3476
-2143
1776
513
-4879
-5559
685
3192
-3372
-8786
-4241
2205
386
-5494
-6097
-2438
-1800
-3242
-2016
-744
-3134
-5290
-3268
-373
-760
-2039
-662
-319
-3248
-3009
2225
4214
-789
-4289
918
6066
866
-5244
326
8706
4884
-4977
-3647
6182
6710
-1930
-2713
5849
6760
-3523
-6650
4592
11285
964
-9753
-3540
7417
3289
-8097
-6350
4578
3846
-8655
-11229
536
5418
-4664
-10989
-2627
4221
-4104
-12240
-3364
8177
2371
-10321
-8167
4085
5402
-3731
-4935
3209
4905
-2860
-5388
2508
7014
1285
-2911
859
3327
-54
-1483
2630
4312
-181
-3137
-420
1557
-421
-879
815
-139
-4040
-3988
814
895
-3462
-4100
-539
-204
-3214
-1831
2302
1684
-2660
-803
5856
6295
1240
50
5775
9468
5916
2554
4490
6870
6309
5727
5815
4916
3464
3829
5468
4416
1558
1212
2205
1103
-492
973
3057
-179
-4666
-1457
4264
1493
-6081
-5938
1840
3596
-4531
-9187
-3600
1776
-985
-5965
-5745
-3177
-3466
-3962
-1611
-1135
-4523
-5348
-2284
-680
-2341
-2427
662
428
-3304
-3158
2429
4807
-524
-3582
1914
6488
1329
-4501
892
8879
5189
-4218
-3040
6073
6681
-1071
-2269
5392
6207
-3029
-5527
3654
8885
-311
-8916
-2665
6634
2887
-7621
-6534
3313
3748
-6984
-10363
-583
3712
-4349
-9638
-2880
3305
-3239
-10745
-4365
5985
2451
-8652
-8240
2849
5781
-2362
-5181
2110
5420
-1055
-4296
1883
7133
2205
-2867
472
3524
1081
-2321
702
3718
287
-3146
-1813
1475
978
-600
-1387
-912
-1653
-3117
-867
-447
-1895
-2548
-2061
-1611
-2022
-453
1651
1275
-1641
-859
4204
6035
3315
786
3087
7543
7614
4580
3839
4923
6291
7014
5740
4421
4099
4777
5309
3174
1382
2489
2699
762
-732
354
2236
-469
-4665
-1872
4113
2486
-5770
-7950
-28
4694
-2055
-8988
-5559
1307
718
-5040
-6315
-2945
-2117
-3486
-2809
-2146
-3576
-4422
-2890
-1133
-1979
-2898
-551
656
-2407
-3569
823
4203
826
-3376
-121
5663
3594
-2884
-1476
6573
7073
-1575
-4269
3630
7739
972
-3719
2289
6993
289
-6358
-357
8290
3825
-6939
-5952
4320
5132
-5232
-8433
714
4985
-4020
-10574
-3474
3973
-1462
-9222
-4991
2655
-1145
-9646
-6006
4569
3763
-6892
-8896
1517
5928
-1492
-5690
1204
5952
-230
-4915
433
7726
3523
-3352
-303
4044
2262
-2311
-251
4104
1849
-3056
-2676
1338
1062
-369
-658
-441
-1302
-2816
-1469
-807
-1865
-2510
-1870
-1656
-2441
-943
1871
1526
-1357
-682
3706
6049
3827
776
2385
6728
7516
5337
4342
4554
5513
6755
6453
4768
3808
4665
5153
3285
1809
2756
2954
448
-1284
755
2705
-525
-4926
-2679
3486
3083
-4463
-7466
-1105
4104
-499
-7702
-6740
-521
690
-3652
-5929
-4149
-2669
-2835
-2627
-2430
-3478
-3971
-2478
-1313
-2079
-2292
-458
331
-1791
-2832
515
3817
1411
-2912
-1065
4656
4235
-1888
-2303
4699
6927
0
-4156
1768
7371
2923
-3308
-40
6250
3109
-4383
-2278
6287
5730
-4179
-7184
1521
6530
-1429
-8777
-2635
5501
-77
-10045
-6710
3643
2268
-7836
-8252
799
2021
-6749
-8374
1468
5517
-3862
-9697
-1298
6309
951
-6243
-1306
5849
1583
-4902
-1110
6948
4321
-3708
-1822
4676
3594
-2615
-1830
4037
2659
-2815
-3180
1572
2573
-1634
-2027
520
370
-3021
-2793
859
-167
-3042
-3250
-998
-878
-1676
529
1375
-810
-2261
1654
6566
5105
529
622
5452
7616
5594
4304
5368
5735
4973
5347
6019
5216
4071
4162
3996
2600
1879
2398
1989
236
-164
1273
863
-2511
-3355
1240
4044
-1083
-6960
-4093
2702
2182
-4614
-7079
-2815
43
-2571
-5296
-4219
-2717
-3427
-3749
-2557
-2713
-4317
-3823
-1472
-1235
-2763
-1991
234
-558
-2782
-707
3876
3242
-2028
-2545
3514
6236
1021
-2829
1771
6844
3244
-2803
-486
6102
5045
-1875
-2356
4121
5371
-1347
-4175
1983
5968
13
-6333
-2483
4607
2140
-5929
-5898
1357
2273
-5392
-8137
-928
2856
-3947
-9149
-3542
2771
-1683
-8284
-3836
3285
-94
-6989
-4586
3531
3517
-3820
-4408
2657
4220
-1434
-2933
2912
5364
-566
-2691
2178
4528
741
-2400
1243
3525
159
-2974
-436
2672
-11
-2456
-1767
45
-1195
-3022
-837
194
-1803
-3481
-2121
-121
-169
-532
-54
-283
-1542
318
4632
5586
2618
721
3213
6962
7598
5744
4675
4934
4957
5231
5668
5896
5177
3904
3870
3293
2634
2545
2297
1423
186
307
316
-1064
-2655
-597
2385
-43
-5005
-5860
-299
3037
-1720
-7157
-5865
-1090
-948
-4368
-5609
-3647
-2353
-3587
-3822
-3110
-3085
-2635
-2032
-1956
-2595
-2358
-194
710
-834
-1390
1464
3307
-59
-2709
869
6048
3866
-2738
-1586
5451
6065
-1285
-2843
4795
6964
-565
-5020
1988
8135
1864
-6242
-2450
6748
4187
-6303
-5986
4108
4992
-5378
-8662
288
4932
-3748
-10229
-2813
4500
-1564
-10028
-5810
3498
993
-8154
-6112
3187
2674
-6090
-6553
2720
5333
-2311
-5534
1130
5160
417
-3473
760
5342
1245
-2969
427
4286
1965
-1695
193
2463
413
-1470
3
1681
-394
-2379
-1331
-206
-975
-2426
-1086
-314
-2566
-3470
-2077
-327
-653
-1180
-32
788
-258
-84
4075
6049
3392
712
2402
6336
7007
5898
5368
4712
4348
5721
6635
6020
5029
3939
3350
2477
2417
2847
2163
945
83
177
175
-827
-2423
-1711
1437
1145
-3827
-6303
-1862
2976
429
-5972
-7195
-2875
66
-1742
-5022
-5272
-3558
-2808
-2664
-2889
-3036
-2218
-1801
-2333
-2696
-1803
513
1022
-1434
-2260
758
3478
1254
-2404
-72
5032
3998
-1632
-2791
2824
6399
1727
-2724
1097
5955
2444
-3650
-708
6847
4790
-4765
-4751
4785
6463
-2879
-7500
912
7011
-912
-9446
-4164
5717
1996
-9355
-7750
3397
2794
-8272
-8914
1727
4209
-5893
-10049
-207
5647
-2279
-8711
-1733
6123
747
-6854
-2245
6133
2817
-4534
-1963
4865
3854
-3166
-1666
4452
3126
-1830
-1768
3091
2553
-1903
-2031
1722
1869
-2382
-2134
670
131
-2428
-2362
98
-707
-3345
-2564
-57
-113
-1298
-674
976
534
-1079
894
5024
5612
2338
384
2675
6167
7304
6306
4513
3116
4069
7016
7970
5152
2792
4035
5014
2546
654
2653
4149
1116
-2055
-312
2350
-55
-3795
-1484
3328
921
-6516
-7040
586
4164
-2307
-9327
-7045
-74
955
-4000
-6349
-3968
-2634
-3652
-3318
-2202
-2631
-3327
-2966
-2336
-2146
-1498
166
451
-1526
-1919
930
2708
272
-1962
1493
5871
2612
-3850
-1682
6689
7018
-1277
-3152
4514
6954
-704
-3953
3979
8527
-103
-8037
-1457
8436
4246
-7019
-5813
5196
5564
-6084
-8996
2128
6974
-3719
-11322
-2995
5457
-1031
-10111
-5315
4030
389
-9655
-7794
3219
4445
-5154
-7926
616
4679
-2013
-5341
977
5732
217
-4759
-156
4911
2795
-2010
167
4037
1756
-1522
-42
3751
1587
-2466
-1466
1450
834
-2098
-986
281
-1425
-2437
-1437
358
-1379
-3276
-1679
-246
-453
-1604
294
2396
447
-1984
164
5569
5757
2399
489
2295
6133
7107
6121
4320
3558
4570
6062
5816
4625
4288
4557
4206
1447
1279
3770
4008
878
-2233
17
2738
-297
-4689
-2286
3512
1636
-6247
-7885
-241
4478
-1454
-8771
-6738
94
596
-4485
-5925
-2668
-1962
-4648
-4561
-1355
-771
-3350
-3925
-1726
-818
-1549
-636
1096
23
-1894
25
3053
1140
-2480
-16
5064
2584
-4425
-3032
5701
7162
-634
-3481
3102
6313
493
-2569
3571
7269
-251
-7041
-700
7930
3461
-6124
-4369
4381
4173
-4847
-6685
1598
5003
-2554
-8420
-3648
1543
-1700
-7016
-3799
2179
-1026
-7484
-6316
1969
3788
-2903
-5631
-1500
2148
-931
-3363
-66
2920
863
-2810
-464
3418
2625
-277
-322
3085
1812
-1989
-654
2716
2598
-1413
-2092
481
1480
-122
-1476
-1
-310
-1422
-1514
-443
-857
-3281
-2635
-1231
-936
-1788
-1063
699
234
-725
-420
3019
5288
3708
1718
1557
3651
6016
6904
5789
3559
3041
5717
7448
5509
3503
4060
5176
3516
831
1735
4267
2686
-1402
-1387
2092
1794
-2776
-3560
1568
3800
-2104
-7616
-3590
3495
1585
-6473
-8077
-2257
428
-3059
-5196
-3075
-2012
-3700
-3584
-1086
-929
-3268
-3372
-1363
-1585
-3066
-1412
1431
211
-2915
-1584
2595
2287
-1700
-1033
4322
4464
-2289
-4431
2850
8059
2890
-3436
-669
5061
3456
-1484
158
5475
3956
-3216
-4336
2750
6311
370
-5124
-1507
3636
623
-5263
-3574
2646
2136
-5043
-7692
-1744
2346
-2302
-7006
-3088
1580
-2717
-8219
-4521
3411
1845
-6104
-6491
574
3351
-2756
-4300
1878
3884
-1965
-5429
1010
5278
1289
-2592
95
3870
908
-1850
1315
4662
1715
-2954
-1481
2077
1535
-1168
-1013
177
-1523
-2848
-1572
313
-1239
-3623
-2264
-819
-940
-1746
456
2577
297
-1646
-153
4236
5206
3351
2285
2320
3706
5465
7648
6373
3327
3266
6514
7591
4228
3091
5524
6492
2443
125
3146
5156
1918
-1757
652
3127
38
-4383
-2321
2869
1379
-4983
-7139
-1850
1638
-1471
-5683
-5277
-2341
-2176
-2634
-2362
-2564
-4098
-4275
-1754
-926
-2619
-3704
-2068
-789
-2130
-2502
160
1869
-501
-2478
-233
2469
1112
-1265
136
3030
1979
-1831
-1754
3028
5474
1250
-2613
64
4144
2725
-1519
-51
4286
2485
-3519
-3631
3524
5927
-656
-5485
-1422
3726
675
-5160
-3481
2695
1655
-6109
-7727
-361
3047
-3218
-7326
-2261
1525
-3662
-7661
-2027
3571
-948
-7270
-4203
2241
1002
-4332
-2580
3056
2111
-3460
-3131
3391
4482
-475
-1972
1976
3198
-872
-1326
2720
3559
-665
-2523
1091
2819
273
-1688
-174
810
-1797
-2685
-188
668
-2414
-4022
-1073
-7
-1868
-1971
818
1961
-540
-1673
531
4205
4911
3090
1954
2109
3681
5907
7884
6014
2814
3236
6329
7125
4471
3968
5544
5280
1776
352
3371
4848
1846
-1755
-194
2156
-167
-3520
-1999
2471
1269
-4726
-6910
-2322
2038
-284
-5528
-6537
-3038
-921
-2117
-3426
-3237
-3245
-3456
-2343
-1182
-1944
-2880
-1735
-954
-2095
-2676
-289
1672
-592
-2678
-649
2612
1585
-1738
-149
4012
3039
-2238
-2410
3896
5904
45
-3721
718
4769
1245
-2639
671
5293
1735
-4560
-2554
4489
5073
-2338
-5569
151
4275
-334
-6188
-2963
3543
1407
-6144
-6662
253
2471
-3249
-6500
-1944
1456
-3007
-7267
-2976
2918
129
-6078
-4464
1789
1791
-3085
-2911
2264
2838
-2227
-3006
2367
4271
139
-1678
1917
3634
229
-1173
2424
3786
9
-2155
876
3254
496
-2370
-742
983
-871
-2085
16
807
-2123
-3671
-1028
903
-923
-2163
115
1814
-45
-1409
1183
4291
4165
2661
2243
2268
2908
5602
8157
6260
1778
1636
6097
7906
4845
2827
4695
5163
1382
-363
3462
5644
1209
-3140
-1018
2563
659
-3161
-1896
1865
651
-4776
-6632
-2514
1199
-650
-4966
-6303
-4279
-1945
-1159
-1936
-3559
-4590
-3647
-1871
-1643
-2410
-2169
-1520
-2213
-3415
-2209
1044
1782
-1032
-2573
-394
1954
1299
-338
380
2373
1837
-1269
-2257
1197
4502
2659
-1597
-1805
1875
3052
162
-802
2473
3404
-1645
-5038
-194
5582
2382
-4708
-3810
2745
2574
-4172
-4795
2645
4827
-3471
-9028
-2447
4937
562
-7030
-3980
3135
178
-7441
-4773
4250
3678
-5180
-6667
1106
3857
-2172
-4473
1576
4388
-1161
-4308
496
4863
1935
-1428
646
2628
749
-1085
1989
4405
961
-1999
215
2798
852
-737
846
1255
-1481
-2986
23
1063
-1947
-2937
-752
350
-2235
-3332
305
2660
476
-1561
391
2409
1973
2410
4419
4546
1142
404
5391
8145
4335
542
2614
6559
5351
1459
2368
5010
3228
-712
-586
3394
3370
-1015
-2586
835
3020
87
-2512
-1303
609
-439
-3219
-4186
-2825
-1121
-1483
-4024
-5994
-4664
-1398
-433
-2775
-4824
-3965
-2268
-2063
-2370
-1790
-1343
-2279
-3395
-2590
-179
1117
25
-1520
-1452
-83
1243
1676
1116
795
1746
2176
230
-1237
1366
4867
3255
-1751
-2501
1845
3750
560
-1061
1958
2825
-2034
-4773
313
5357
1760
-4650
-3234
3073
2915
-3113
-3584
2531
3686
-3099
-6245
-428
3618
-1067
-5836
-2454
2258
-1263
-6833
-3279
3668
1701
-5189
-5274
1069
2802
-1356
-1948
1740
2269
-1594
-1956
2374
4440
972
-1491
1512
2173
63
-473
2252
4176
781
-1344
34
1938
1179
-101
940
587
-1578
-2997
-988
796
-1169
-2817
-2202
-1872
-2700
-2031
-8
169
-1809
-2013
457
1544
990
2421
4991
3847
208
917
6087
7907
4110
1497
3474
5262
3621
2623
4909
5343
1455
-716
1534
3083
1143
-941
-124
1205
54
-1475
-1039
-95
-312
-1134
-2079
-3362
-3929
-2067
-206
-2464
-6151
-5561
-948
533
-3050
-5069
-3157
-1137
-2250
-3278
-1457
-537
-2182
-3594
-2210
57
406
-165
-643
-1012
-807
771
2246
1449
346
1188
2681
1080
-1242
1278
5204
4017
-1572
-2321
2612
4105
230
-1762
2373
3864
-1652
-5417
-89
6330
2515
-4627
-3755
2824
3453
-1705
-1983
2335
2352
-3531
-5391
139
3275
-1413
-6003
-2787
1713
-1052
-5746
-3076
2744
1468
-4400
-4823
277
2025
-1155
-2078
804
1932
-1190
-2391
1405
3940
1566
-1612
50
2614
1347
-296
1021
3112
1557
-527
317
1759
1497
7
41
452
-410
-1326
-1085
0
-597
-1660
-1581
-1831
-2452
-2278
-461
-74
-1443
-1582
-421
657
104
856
3455
3855
1071
-768
2622
6583
5468
2233
2163
3895
3648
2786
3663
4856
3366
847
1067
2648
2252
664
334
621
-250
-1350
-1041
-569
-1280
-1517
-752
-1595
-4108
-4143
-662
615
-3066
-5951
-3245
268
-1368
-4605
-3769
-764
-1594
-4109
-2983
-446
-787
-3325
-2822
-418
-43
-888
-826
396
-131
-785
689
2248
1548
-168
1126
3004
1843
58
1369
4121
2525
-1113
-409
3129
3368
-615
-1593
2003
2909
-781
-2685
1095
4003
454
-3676
-1227
3629
2483
-2092
-1931
2175
2371
-2234
-3890
210
2386
-1870
-5363
-2437
1418
-629
-4604
-3101
1387
739
-3765
-3737
629
2119
-1418
-2712
608
2341
-171
-2089
1039
3087
1101
-1156
240
2802
1436
171
553
1800
1596
491
739
510
534
243
655
80
-1495
-994
-489
-493
-1645
-1902
-740
-1467
-2390
-1966
-401
-277
-1893
-1139
603
909
-426
-174
2931
3424
1285
490
2629
4939
4195
2429
2515
3215
2961
2960
3323
3166
1588
1006
1722
1740
1514
783
948
384
-659
-195
287
181
-1378
-1885
-765
-1213
-2947
-3189
-1073
-88
-2465
-4867
-3467
-450
-104
-2179
-3323
-2556
-2062
-1945
-1117
-950
-2224
-2826
-1770
-899
-1301
-1401
88
803
-1085
-2171
173
2670
1894
-103
685
2848
1778
-759
604
4404
4311
-299
-2371
1343
4121
1395
-1238
1004
3240
-9
-3897
-1008
4492
3391
-2455
-3296
1692
3402
-543
-2059
1912
3518
-1241
-4749
-1144
2864
-85
-4574
-2865
1556
-154
-5589
-4793
1003
2520
-1998
-4421
-1322
846
-327
-956
824
1516
-1132
-2172
348
2688
1592
-233
1185
2436
1384
-247
1101
3486
2794
1010
-84
701
695
490
1206
1110
237
-1898
-2224
-1355
-464
-39
-1314
-2724
-3947
-3077
-1397
-1380
-2012
-1949
-820
-1161
-2546
-1571
1412
3216
1832
58
587
1903
2780
3610
4662
4070
1609
969
3459
5190
3665
1976
2605
2805
480
-299
2280
3812
1054
-2228
-577
2216
668
-2703
-1905
1768
617
-4342
-5042
-516
1597
-2071
-4963
-2907
-488
-1900
-3548
-2012
-952
-2654
-3903
-2084
-627
-2265
-3183
-1821
-782
-1825
-2388
-232
742
-1245
-1994
1096
3384
748
-1821
1120
5062
3064
-1164
-11
4271
3944
-509
-1163
3081
4235
-186
-2319
1551
4102
342
-3147
-123
3795
1500
-2771
-1338
3316
3210
-1181
-2105
1784
3193
-784
-3449
-524
2045
-1001
-4686
-2893
811
-417
-4281
-3743
354
944
-2802
-4102
-450
2065
-678
-2951
-402
2377
620
-1935
-226
2408
1739
-933
-197
2239
1920
282
86
2842
2902
514
-193
1060
2624
922
-388
167
890
-34
-1586
-686
-246
-892
-2121
-2819
-2251
-1949
-1887
-2065
-2314
-2247
-1691
-991
-671
-1118
-1090
245
1084
937
712
963
1573
2096
2745
3238
2586
1743
2433
3674
3658
2663
2265
2816
2803
1758
1425
1954
1325
-177
-87
1453
1301
-1260
-2299
204
2004
-342
-3257
-2227
491
-133
-3228
-3913
-1778
-829
-2249
-3196
-2529
-2344
-3211
-2957
-1311
-1039
-2860
-3678
-2000
-578
-1177
-1563
-395
-24
-1410
-1445
1091
2450
627
-599
1550
3571
1955
-263
1104
3765
2939
-132
-259
2293
2357
-168
-257
2268
2323
-1012
-2463
638
3328
1122
-1986
-603
2648
2445
-96
-264
1924
2031
-852
-2341
-520
738
-1197
-3247
-2251
-496
-1466
-3342
-2292
299
71
-2394
-2700
-336
627
-888
-1121
740
1155
-834
-1346
1199
2947
1303
-268
1190
2403
1460
375
1738
3540
2244
203
136
1635
1432
326
762
959
-15
-1704
-1384
-101
-418
-1264
-1893
-2153
-2929
-3276
-2184
-1369
-2252
-3120
-2357
-1743
-1943
-1710
-418
550
-131
-781
-54
777
1089
1910
3149
3041
1316
1167
3835
5430
3870
2212
2826
3697
2558
1251
2069
2964
1343
-686
168
2154
1304
-1138
-713
1935
1947
-1021
-2141
42
1266
-889
-3255
-2742
-1048
-1298
-3001
-3523
-2753
-2595
-3057
-2794
-2255
-2609
-3179
-2919
-2318
-1971
-1559
-1129
-1352
-1988
-1691
-257
611
147
41
1424
2471
1641
931
2312
3991
3524
1634
1014
2177
2625
1497
842
1298
1292
118
-691
469
2167
1702
-404
-1022
836
2317
1193
-526
-195
1054
366
-1799
-2151
-552
-386
-2365
-3350
-1788
-720
-2428
-3541
-1313
699
-727
-2693
-1541
995
921
-850
-463
1541
1425
-591
-475
1901
2737
1149
382
1596
2494
1784
984
1836
2432
1631
344
178
1077
800
268
-148
-434
-1151
-1926
-1419
-1277
-1480
-2218
-2662
-2598
-3133
-2996
-2202
-1708
-2249
-2703
-2175
-1466
-1004
-818
-306
466
886
670
484
1275
2822
3825
3402
2283
1865
2932
4446
4608
3532
2825
2881
2770
2214
1926
2238
1986
469
-492
479
1426
370
-1130
-627
872
117
-2429
-2791
-413
681
-1647
-4046
-3258
-1254
-1514
-3075
-3142
-2136
-2326
-3507
-2991
-1634
-1429
-2066
-2412
-1664
-1492
-1542
-762
-330
-677
-1157
-111
1072
544
181
1325
2933
2216
616
1687
3511
3353
1304
664
2233
2188
246
-346
1506
2214
35
-1220
569
2224
883
-776
390
2281
1141
-1603
-1265
1505
1444
-1931
-3289
-983
352
-1688
-3246
-1636
-166
-1657
-3241
-1593
882
216
-2068
-1855
338
710
-845
-836
1090
1428
-228
-606
1204
2763
2377
1298
1161
1804
2012
1966
2240
2333
1623
472
335
740
1014
568
-23
-238
-1255
-1585
-1145
-697
-1280
-2427
-2313
-2317
-2470
-2725
-2293
-1628
-2274
-2984
-2982
-1802
-730
-882
-1427
-1154
153
1082
1024
677
1086
2048
2873
3173
2622
2125
2818
3874
3738
2744
2176
2326
2335
1739
1460
1780
1414
188
14
1467
2110
337
-1368
-163
1963
960
-2152
-2783
-454
538
-1586
-3564
-2994
-1591
-1449
-1733
-1871
-2516
-3103
-2249
-855
-1266
-2507
-2543
-1150
-980
-2050
-1204
497
225
-2180
-1803
1261
1797
-317
-1580
933
2911
1098
-871
543
3393
2590
-30
170
2499
2427
-299
-769
1658
2328
-646
-2568
-42
3112
2075
-1219
-1404
1264
2011
-53
-997
437
772
-1317
-2394
-521
935
-766
-2774
-1790
519
146
-1827
-1526
362
513
-1409
-1581
526
1442
353
-143
1019
1362
364
277
1924
2227
432
-365
1068
2639
1513
240
764
1551
1029
-167
506
1206
382
-850
-848
62
-406
-1176
-1263
-1097
-1501
-2392
-1889
-1046
-1312
-2334
-2657
-1724
-1683
-1921
-1467
-1033
-1255
-1745
-1006
-39
493
632
797
987
893
1357
2350
3176
2536
1556
1743
2625
2988
2388
2246
2249
1874
1337
1408
1998
1575
567
164
570
626
-23
-302
-11
154
-157
-496
-645
-633
-494
-576
-1277
-2148
-2187
-1511
-1211
-1818
-2637
-2767
-2159
-1598
-1523
-1573
-1676
-1966
-2036
-1424
-753
-758
-1116
-1086
-716
-438
-87
161
318
354
542
1126
1178
988
1223
1904
2062
1179
988
1842
2186
1256
564
1354
1903
798
-320
418
1522
697
-939
-710
741
526
-1102
-1267
150
269
-1350
-1798
-331
382
-793
-1596
-639
109
-643
-1164
-149
736
126
-591
-75
548
179
277
1006
1076
209
-301
697
1334
869
440
610
634
136
190
507
767
337
-508
-394
-44
-166
-626
-696
-378
-646
-1129
-1181
-637
-616
-1072
-669
-522
-988
-1429
-1133
-416
-530
-1053
-1113
-415
-231
-222
136
197
518
1108
1699
1218
653
1579
2639
2406
1180
714
1254
1847
1890
1383
627
-153
-388
25
759
933
-156
-1284
-655
1041
1295
-74
-768
-129
319
-180
-777
-796
-542
-547
-530
-403
-823
-1085
-509
368
382
-723
-1327
-786
390
628
-511
-1181
-980
-718
-638
-259
-89
-1084
-2244
-1769
-158
90
-1295
-2134
-1303
-275
-457
-942
-444
339
230
-286
-120
1048
1447
685
385
907
1310
434
-264
479
1607
1118
-600
-488
975
1588
781
317
1183
1279
358
287
1520
1830
296
-753
-131
466
-276
-816
-347
-231
-903
-1274
-228
875
504
-212
-33
761
660
-66
86
488
87
-1010
-1325
-568
-381
-780
-972
-579
-482
-956
-660
77
491
-26
-403
78
152
-115
-145
307
113
-310
-219
-177
-185
-405
-221
-191
-354
-229
38
525
606
207
-146
445
1411
1463
596
182
746
1158
1283
912
257
-281
-155
760
775
-286
-891
-190
610
239
-275
37
384
-64
-432
52
462
-150
-827
-273
609
244
-746
-533
625
813
-119
-498
119
522
308
212
262
-109
-373
239
780
71
-835
-550
-84
-719
-1319
-702
-164
-1037
-2052
-1458
-58
4
-1244
-1594
-453
114
-794
-1215
-107
603
-370
-1218
-286
1041
843
-105
72
1063
1128
234
12
887
1400
651
-242
59
946
926
202
224
954
968
243
199
964
1129
370
-50
385
650
119
-416
-283
-64
-414
-876
-781
-474
-571
-820
-658
-371
-473
-668
-482
-104
-58
-350
-595
-494
-228
-176
-322
-361
-182
-196
-178
132
394
232
-203
-99
189
158
-121
-317
-114
18
-21
-241
-245
90
196
155
201
400
296
73
431
826
736
496
708
1061
812
575
801
1101
1055
635
327
282
488
611
289
-111
-165
-52
-154
-252
-39
188
-83
-630
-729
-173
329
64
-627
-799
-310
-128
-378
-352
42
93
-534
-736
-127
402
243
-283
-335
-152
-160
-168
-132
-73
-364
-705
-693
-490
-221
-237
-353
-620
-854
-681
-272
21
-359
-799
-776
-426
-289
-387
-146
-47
-205
-244
293
838
559
225
398
672
443
125
357
777
728
254
119
467
743
703
559
570
569
340
129
334
554
207
0
0
0
0
0
0
0
0
0
0
0
0
0
0
0
0
0
0
0
0
0
0
0
0
0
0
0
0
0
0
0
0
0
0
0
0
0
0
0
0
0
0
0
0
0
0
0
0
0
0
0
0
0
0
0
0
0
0
0
0
0
0
0
0
0
0
0
0
0
0
0
0
0
0
0
0
0
0
0
0
0
0
0
0
0
0
0
0
0
0
0
0
0
0
0
0
0
0
0
0
0
0
0
0
0
0
0
0
0
0
0
0
0
0
0
0
0
0
0
0
0
0
0
0
0
0
0
0
0
0
0
0
0
0
0
0
0
0
0
0
0
0
0
0
0
0
0
0
0
0
0
0
0
0
0
0
0
0
0
0
0
0
0
0
0
0
0
0
0
0
0
0
0
0
0
0
0
0
0
0
0
0
0
0
0
0
0
0
0
0
0
0
0
0
0
0
0
0
0
0
0
0
0
0
0
0
0
0
0
0
0
0
0
0
0
0
0
0
0
0
0
0
0
0
0
0
0
0
0
0
0
0
0
0
0
0
0
0
0
0
0
0
0
0
0
0
0
0
0
0
0
0
0
0
0
0
0
0
0
0
0
0
0
0
0
0
0
0
0
0
0
0
0
0
0
0
0
0
0
0
0
0
0
0
0
0
0
0
0
0
0
0
0
0
0
0
0
0
0
0
0
0
0
0
0
0
0
0
0
0
0
0
0
0
0
0
0
0
0
0
0
0
0
0
0
0
0
0
0
0
0
0
0
0
0
0
0
0
0
0
0
0
0
0
0
0
0
0
0
0
0
0
0
0
0
0
0
0
0
0
0
0
0
0
0
0
0
0
0
0
0
0
0
0
0
0
0
0
0
0
0
0
0
0
0
0
0
0
0
0
0
0
0
0
0
0
0
0
0
0
