0
0
0
0
0
0
0
0
0
0
0
0
0
0
0
0
0
0
0
0
0
0
0
0
0
0
0
0
0
0
0
0
0
0
0
0
0
0
0
0
0
0
0
0
0
0
0
0
0
0
0
0
0
0
0
0
0
0
0
0
0
0
0
0
0
0
0
0
0
0
0
0
0
0
0
0
0
0
0
0
0
0
0
0
0
0
0
0
0
0
0
0
0
0
0
0
0
0
0
0
0
0
0
0
0
0
0
0
0
0
0
0
0
0
0
0
0
0
0
0
0
0
0
0
0
0
0
0
0
0
0
0
0
0
0
0
0
0
0
0
0
0
0
0
0
0
0
0
0
0
0
0
0
0
0
0
0
0
0
0
0
0
0
0
0
0
0
0
0
0
0
0
0
0
0
0
0
0
0
0
0
0
0
0
0
0
0
0
0
0
0
0
0
0
0
0
0
0
0
0
0
0
0
0
0
0
0
0
0
0
0
0
0
0
0
0
0
0
0
0
0
0
0
0
0
0
0
0
0
0
0
0
0
0
0
0
0
0
0
0
0
0
0
0
0
0
0
0
0
0
0
0
0
0
0
0
0
0
0
0
0
0
0
0
0
0
0
0
0
0
0
0
0
0
0
0
0
0
0
0
0
0
0
0
0
0
0
0
0
0
0
0
0
0
0
0
0
0
0
0
0
0
0
0
0
0
0
0
0
0
0
0
0
0
0
0
0
0
0
0
0
0
0
0
0
0
0
0
0
0
0
0
0
0
0
0
0
0
0
0
0
0
0
0
0
0
0
0
0
0
0
0
0
0
0
0
0
0
0
0
0
0
0
0
0
0
0
0
0
0
0
0
0
0
0
0
0
0
0
0
0
0
0
0
0
0
0
0
0
0
0
0
0
0
0
0
0
0
0
0
-370
-313
-259
-179
-154
-86
-25
-37
34
117
171
204
208
216
227
226
123
-2
-192
-321
-365
-499
-649
-902
-1056
-1135
-1182
-1024
-991
-1029
-1010
-958
-863
-782
-637
-399
-57
377
827
1190
1439
1589
1766
2160
2642
2826
2560
2253
2262
2446
2453
2013
1303
880
848
765
374
-145
-473
-623
-853
-1081
-1053
-917
-998
-1236
-1186
-775
-412
-275
-175
64
367
564
622
724
884
885
685
570
715
579
43
-508
-713
-654
-993
-1526
-1868
-1962
-2142
-2649
-2795
-2441
-2181
-2411
-2674
-2261
-1504
-1223
-1368
-1062
-206
390
403
406
910
1492
1561
1419
1639
1929
1761
1392
1398
1692
1585
945
530
688
765
352
-94
-155
-26
-89
-304
-281
-59
-91
-316
-221
218
475
305
133
389
760
772
635
718
815
659
507
659
825
595
215
112
163
105
-88
-285
-388
-510
-722
-877
-925
-953
-1017
-1044
-937
-841
-906
-992
-904
-652
-453
-385
-294
-184
-86
109
283
287
252
287
352
387
351
265
186
88
-37
-78
-45
-151
-374
-436
-348
-349
-472
-588
-621
-578
-521
-477
-408
-374
-482
-570
-398
-144
-103
-191
-181
-92
-66
-2
224
415
512
699
955
1074
937
799
1046
1472
1681
1632
1433
1340
1443
1564
1573
1352
1044
867
720
574
431
183
-84
-311
-441
-475
-592
-678
-707
-864
-930
-789
-670
-615
-578
-466
-237
-102
-38
104
164
120
136
186
226
211
24
-197
-319
-480
-666
-768
-909
-1193
-1504
-1631
-1517
-1391
-1469
-1665
-1726
-1553
-1262
-986
-770
-618
-482
-295
11
431
785
928
1013
1252
1537
1642
1616
1630
1674
1646
1549
1441
1323
1158
970
799
627
419
198
-23
-259
-462
-573
-637
-721
-771
-749
-699
-630
-522
-443
-413
-310
-67
157
208
155
164
254
337
337
270
191
106
-16
-149
-318
-661
-1156
-1511
-1608
-1759
-2199
-2707
-2977
-3024
-2995
-2945
-2902
-2840
-2624
-2221
-1825
-1514
-1089
-385
563
1660
2685
3262
3340
3567
4551
5868
6469
6077
5473
5355
5594
5615
4970
3723
2542
2024
1860
1257
101
-1022
-1778
-2322
-2794
-3085
-3228
-3519
-3915
-3898
-3297
-2548
-2034
-1639
-1162
-602
36
618
984
1295
1585
1808
2126
2367
2193
1611
896
547
655
486
-404
-1489
-2076
-2303
-2838
-3579
-3797
-3653
-3964
-4605
-4557
-3705
-3205
-3519
-3552
-2524
-1328
-1085
-1336
-850
391
1352
1648
1914
2474
2839
2923
3347
4077
4181
3384
2745
3044
3578
3344
2373
1592
1577
1625
1018
248
-129
-308
-563
-837
-931
-1104
-1666
-2026
-1608
-961
-816
-1020
-941
-488
-147
-27
244
673
807
546
382
628
880
770
596
536
328
-84
-416
-447
-492
-850
-1044
-887
-926
-1320
-1696
-1606
-1104
-853
-997
-1097
-1032
-942
-831
-514
-274
-575
-929
-838
-650
-696
-1021
-1265
-1195
-1236
-1424
-1518
-1689
-1730
-1405
-1029
-920
-1057
-989
-169
1227
2263
2226
1766
2231
3671
4888
5151
4711
4353
4712
5469
5587
4569
3171
2611
2944
2947
1943
611
-255
-861
-1561
-1808
-1459
-1681
-2780
-3480
-3123
-2364
-1942
-1910
-1811
-1487
-1070
-442
179
267
157
524
1249
1737
1614
1090
563
209
291
651
352
-731
-1532
-1694
-2059
-2810
-3026
-2621
-2623
-3367
-3965
-3524
-2698
-2783
-3228
-2688
-1536
-1104
-1546
-1512
-271
997
1174
744
789
1462
1967
2201
2703
3076
2564
1565
1539
2726
3137
1971
1004
1170
1523
1209
609
553
622
-11
-663
-368
197
-223
-1241
-1288
-366
-83
-786
-1213
-786
-288
-312
-310
152
274
-314
-503
215
756
349
-218
82
645
372
-146
0
248
-51
-353
-138
24
-556
-1374
-1445
-1009
-1074
-1751
-2213
-2342
-2676
-3006
-2759
-2385
-2809
-3420
-3316
-2712
-2528
-2699
-2205
-1481
-1111
-915
-225
948
1821
2610
3579
4400
4536
4931
6461
7642
7328
6317
6350
7350
7462
6123
4484
3694
3536
3220
2377
1157
-140
-1422
-2286
-2730
-3106
-3552
-4087
-4376
-4601
-4731
-4349
-3709
-3262
-3141
-2627
-1479
-627
-572
-551
249
1278
1700
1789
2020
1752
842
796
1992
2504
1214
-353
-491
-73
-926
-2325
-2353
-1661
-2229
-3689
-3968
-3019
-2911
-3936
-4029
-2595
-1631
-2343
-3111
-2141
-366
268
-129
-146
411
790
1076
1903
2990
3211
2277
1575
2418
3762
3503
1896
1208
1984
2443
1577
532
421
499
-104
-639
-357
-171
-1092
-2082
-1495
-198
-263
-1303
-1553
-842
-318
-405
-218
506
727
153
86
856
1321
970
666
1101
1337
841
236
425
722
135
-260
-233
-310
-1138
-2029
-1700
-1051
-1203
-2150
-2821
-2940
-2751
-2583
-2397
-2458
-3100
-3301
-3057
-2449
-2261
-2347
-2033
-1738
-1187
-620
176
703
1481
3054
4437
4604
3646
4291
6467
7952
7428
6212
6273
6970
7337
6604
5574
4446
3638
3658
3218
1829
-27
-1066
-1309
-1928
-3077
-3544
-3661
-4650
-5725
-6070
-5324
-4691
-4848
-4861
-4521
-3810
-3144
-2701
-2156
-1342
-462
193
921
1563
1738
1385
1327
2558
3572
3063
1777
1383
1968
1604
480
28
828
607
-1310
-2280
-1604
-598
-1644
-3286
-2871
-1508
-1701
-3245
-3360
-1907
-825
-1766
-2487
-1360
-414
-459
-736
440
1757
1404
403
752
2546
3093
1843
857
1590
2549
1812
576
668
1421
915
-327
-401
367
97
-1175
-1642
-891
-350
-1004
-1776
-1526
-845
-711
-943
-695
-149
-290
-621
192
1248
1175
474
467
1352
2003
1830
1444
1575
1481
1238
1479
1737
1380
101
-193
572
444
-726
-1693
-1592
-1633
-2185
-2764
-2826
-3034
-4105
-4373
-3685
-3214
-3639
-4140
-3317
-2305
-2445
-2595
-1647
-243
1232
2624
3344
3155
2852
4065
6657
8091
7300
6242
6503
7618
8245
7461
5738
4424
4380
4899
4151
1780
-315
-1030
-1527
-2739
-3725
-3777
-4180
-5955
-7609
-7290
-5698
-5002
-5657
-5961
-5040
-4080
-3773
-3174
-1736
-329
105
254
1487
3113
3246
2304
2518
4155
4982
4004
3182
3676
3561
1780
610
1585
2403
608
-2033
-2263
-830
-997
-3055
-4288
-3483
-2718
-3707
-4777
-4160
-3020
-2957
-3604
-3442
-2153
-1240
-1421
-1228
282
1819
1920
1201
1578
2869
3194
2493
2539
3509
3670
2439
1441
2256
2775
1370
-133
60
1113
300
-1484
-1720
-565
-510
-2158
-2657
-1556
-663
-1401
-2324
-1638
-764
-737
-851
33
867
309
-204
792
2092
1865
996
1151
1832
1766
1278
1248
1389
972
121
-202
-4
-289
-1167
-1750
-1730
-1844
-2287
-2357
-2391
-3130
-3797
-3583
-2929
-2790
-3310
-3335
-2598
-2187
-2058
-1422
-382
639
1743
2961
3384
2917
3515
5791
7599
7438
6279
5939
6911
7958
7744
6187
4531
4185
4709
4151
2069
170
-515
-996
-2220
-3352
-3599
-4045
-5583
-7157
-7359
-6228
-5290
-5660
-6420
-6197
-5150
-4296
-3780
-2854
-1701
-1162
-809
368
2048
2654
1781
1550
3320
5039
4559
3138
3267
4310
3678
1862
1677
2967
2562
-194
-1698
-158
845
-1368
-3833
-3223
-1383
-1991
-4301
-4623
-2762
-1956
-3120
-3659
-2214
-928
-1538
-2220
-792
1381
1609
468
801
2755
3468
2138
1508
3059
4409
3339
1558
1748
2911
2352
517
-64
653
167
-1786
-2267
-701
-286
-2302
-3875
-2676
-830
-1380
-2871
-2348
-883
-896
-1586
-908
566
732
-59
411
1919
2352
1658
1436
2116
2609
2278
2045
2248
1746
722
578
1122
1067
8
-1228
-1754
-1886
-2232
-2510
-2607
-3113
-3960
-4251
-3911
-3916
-4372
-4207
-3298
-2686
-2665
-2497
-1482
221
1684
2383
2465
2606
3866
5907
7088
6927
6326
6557
7940
8715
7443
5342
4525
5296
5723
4280
1994
526
-363
-1732
-3007
-3129
-3103
-4366
-6241
-7089
-6631
-6131
-6258
-6371
-6041
-5308
-4546
-4088
-3530
-2876
-2248
-1090
301
1329
1889
1658
1443
2517
4316
5247
4515
3447
3780
4343
3412
2384
3060
3925
2394
-256
-533
1017
645
-1951
-3188
-1911
-1376
-3453
-5370
-4531
-2805
-3173
-4712
-4420
-2575
-2177
-3436
-3253
-857
606
-346
-878
1046
3050
2612
1411
2292
4362
4676
3218
2538
3265
3439
2303
1492
1821
1770
298
-1139
-931
-155
-777
-2308
-2903
-2452
-2215
-2416
-2268
-1896
-2001
-2096
-1422
-448
-12
-66
227
1131
1740
1709
1863
2296
2399
2392
2737
3121
2806
1588
545
730
1284
805
-403
-1197
-1515
-2056
-2691
-2897
-3075
-3660
-4051
-3808
-3525
-3799
-4244
-4178
-3530
-2711
-2232
-2033
-1292
281
1749
2070
1703
2385
4574
6534
6664
5711
5849
7291
8077
7441
6186
5251
5238
5390
4538
3055
1819
743
-647
-2060
-2676
-2687
-3190
-4614
-6109
-6589
-6355
-6281
-6227
-6032
-5907
-5594
-4904
-4117
-3449
-2786
-1844
-582
733
1651
1823
1632
1995
3310
4763
4960
3995
3641
4225
3907
2504
2377
3879
3948
1215
-1186
-471
1104
-117
-2958
-3339
-1493
-1655
-4333
-5249
-3055
-1714
-3358
-4699
-3209
-1509
-2146
-2978
-1437
736
492
-1137
-450
2503
3717
2111
1116
2685
4359
3691
2178
2329
3383
3068
1722
1410
1904
1271
-368
-1135
-497
-134
-1374
-2725
-2571
-2107
-2440
-2614
-2078
-1711
-2087
-2382
-1696
-663
-311
-418
-80
747
1182
1028
1226
2013
2465
2273
2183
2400
2168
1371
1004
1344
1341
458
-540
-911
-955
-1371
-2153
-2705
-2900
-3101
-3387
-3602
-3709
-3805
-4079
-4147
-3369
-2264
-1576
-1003
-281
462
1147
1878
3108
4623
5458
5361
4978
5453
7173
8403
7371
4970
3888
5053
5936
4474
2412
1649
911
-1236
-3281
-3110
-1924
-2719
-5316
-6774
-6355
-5959
-6380
-6398
-5274
-4240
-4488
-4972
-4121
-2450
-1551
-1438
-565
1378
2501
1619
514
1672
4441
5525
3913
2646
3873
5159
3809
1835
2489
4286
3360
299
-578
1358
1699
-1393
-3731
-2253
-402
-2252
-5555
-5532
-2657
-1619
-3701
-5194
-3911
-2499
-2979
-2898
-496
1177
-488
-2405
-469
3371
4198
2022
1218
3303
4817
3726
2819
3818
4410
3082
1746
2448
3337
1544
-1024
-1050
366
186
-1914
-3251
-2495
-1919
-2740
-3167
-2478
-2100
-2801
-3195
-2011
-573
-488
-889
-389
551
881
963
1676
2477
2324
1762
2007
2769
2626
1342
540
984
1257
592
-264
-900
-1309
-1713
-2363
-2830
-2991
-3265
-3593
-3698
-3578
-3559
-3924
-4192
-3674
-2311
-676
421
748
772
935
1654
3302
5344
6408
5841
4815
5225
7127
8087
6345
3806
3539
5021
5094
3082
1296
938
459
-1481
-3313
-3083
-2288
-3412
-5514
-6110
-5374
-5316
-6195
-6261
-4962
-3828
-3768
-4014
-3729
-2821
-1820
-939
430
2075
2568
1457
468
1892
4929
5880
3926
2416
3379
4615
3574
2040
2809
3887
2057
-897
-927
1308
1007
-2443
-3995
-1819
-432
-2870
-5746
-4982
-2323
-1988
-3732
-4213
-3126
-2976
-3641
-2311
682
1298
-1248
-2367
593
3971
3739
1715
1847
3565
3738
2633
2938
4538
4510
2246
842
1826
2595
1262
-360
-382
155
-639
-2238
-2540
-1833
-2189
-3146
-2687
-1337
-1316
-2666
-2972
-1372
56
90
-122
218
523
343
452
1707
2976
2472
1047
967
2103
2474
1628
945
1036
882
-73
-944
-1034
-927
-1474
-2447
-2912
-2799
-2912
-3490
-3804
-3485
-3330
-3836
-4154
-3538
-2352
-1303
-539
349
1203
1297
1243
2580
4992
6356
5669
4574
5321
7310
7884
6417
4748
4447
5035
4703
3203
2078
1600
441
-1696
-2950
-2363
-2226
-4021
-5762
-5866
-5317
-5546
-6325
-6137
-4886
-4057
-3968
-3660
-3045
-2866
-2665
-1061
1545
3009
2314
583
-17
1809
4648
5686
4366
2881
2860
3287
2804
2450
3380
3712
1591
-789
-317
1744
1367
-1727
-3237
-1479
-346
-2433
-4793
-4138
-2013
-1994
-3637
-3774
-2617
-2628
-3287
-2121
455
923
-1378
-2271
378
3221
3081
1556
1839
3269
3096
2060
2653
4095
3730
1672
806
2028
2603
1079
-289
3
285
-893
-2274
-2065
-1244
-1877
-2991
-2460
-1205
-1557
-3111
-3146
-1266
-6
-117
-133
330
462
79
364
2027
3291
2458
834
680
1787
2014
992
694
1660
1853
102
-1791
-1690
-484
-505
-1786
-2561
-2517
-2865
-3684
-3666
-2691
-2413
-3542
-4442
-3603
-1950
-1103
-740
283
1448
1469
936
1849
4354
6046
5387
4169
4938
7087
7682
5838
3987
4216
5304
4809
2888
1791
1887
979
-1562
-3091
-2050
-1082
-2947
-5831
-6296
-4902
-4812
-6146
-6199
-4614
-3840
-4523
-4605
-3330
-2411
-2527
-1856
628
2804
2302
288
63
2411
4794
5128
4186
3647
3534
2877
2062
2601
4245
4310
1548
-1050
-287
1971
1479
-1543
-2848
-1371
-859
-3149
-5072
-3886
-1741
-2179
-4190
-4148
-2418
-2163
-3135
-2219
601
1288
-1366
-2769
18
3483
3519
1570
1567
3156
2999
1585
2213
4440
4536
1923
311
1527
2518
947
-700
96
1206
-307
-2809
-2773
-994
-901
-2232
-2189
-986
-1177
-2838
-3208
-1327
275
-30
-564
112
737
125
-293
1055
2684
2321
846
776
1952
2062
857
358
1078
1252
-70
-1557
-1702
-960
-880
-1709
-2321
-2397
-2749
-3357
-3291
-2718
-2824
-3717
-4118
-3221
-1651
-441
148
476
772
1225
2254
3911
5332
5505
4685
4485
5951
7818
7679
5308
3433
3989
5191
4344
2063
980
1135
110
-2302
-3485
-2544
-2004
-3809
-6090
-6105
-4685
-4520
-5583
-5681
-4381
-3548
-4109
-4408
-3204
-2026
-1973
-1261
1151
2949
1853
-413
-39
3152
5261
4284
2684
2978
3765
2763
1497
2649
4834
4353
976
-1181
288
2132
784
-1891
-2149
-716
-1376
-4223
-5149
-2747
-837
-2268
-4448
-3947
-2245
-2600
-3673
-1946
1076
684
-2420
-2543
1420
4054
2564
948
2463
4117
2698
1047
2885
5584
4454
1014
256
2064
2131
-68
-760
878
1092
-1636
-3722
-2659
-1115
-1780
-2810
-1871
-646
-1493
-3010
-2532
-586
436
205
134
445
223
-255
380
2012
2664
1534
398
775
1677
1649
1116
1075
1197
634
-543
-1351
-1171
-706
-968
-1827
-2346
-2303
-2481
-2904
-2719
-2287
-2724
-3818
-4071
-2612
-734
32
183
446
594
864
2027
4127
5697
5285
3953
4173
6230
7557
6164
3694
3161
4524
5041
3507
1745
1281
853
-1008
-2921
-2815
-1712
-2354
-4689
-5923
-5133
-4516
-5456
-6369
-5559
-3950
-3356
-3740
-3793
-3176
-2521
-1602
355
2454
2627
911
51
1860
4588
5408
4236
3296
3535
3431
2287
2063
3639
4483
2421
-621
-994
947
1189
-1184
-2743
-1715
-727
-2392
-4702
-4081
-1667
-1387
-3368
-4327
-3188
-2292
-2918
-2816
-534
1003
-793
-2993
-1427
2423
3665
1807
1085
2887
3794
2370
1796
3654
4720
2805
870
1732
3065
1683
-702
-512
1366
1121
-1440
-2819
-1904
-1314
-2239
-2569
-1318
-723
-2117
-3267
-2124
-225
58
-666
-351
728
729
-78
405
2252
2917
1377
90
889
1975
1310
115
576
1818
1117
-1161
-1907
-556
128
-1434
-3260
-2981
-1748
-2171
-3653
-3651
-2448
-2667
-4285
-4275
-1942
-214
-434
-345
1280
2232
1296
1186
3974
6850
6180
3612
3748
6804
8305
6148
3496
3512
4890
4698
3035
2102
2030
761
-1978
-3591
-2608
-1234
-2153
-4625
-5879
-5224
-4572
-5227
-6053
-5460
-3984
-3473
-4055
-4057
-3056
-2339
-1864
-103
2363
2662
348
-1002
1203
4565
5244
3555
2823
3704
3637
2085
1918
4061
4993
2338
-785
-467
1808
1775
-782
-2202
-1177
-585
-2396
-4323
-3543
-1409
-1435
-3595
-4426
-2947
-2058
-2942
-2848
-546
742
-1197
-3137
-1269
2463
3318
1391
996
2985
3632
1860
1346
3639
5012
2948
572
1136
2486
1287
-836
-386
1479
893
-1860
-2952
-1656
-1053
-2142
-2370
-880
-398
-2246
-3644
-2241
72
478
-331
-62
907
639
-276
362
2158
2584
1300
589
1371
1901
1055
315
1123
2082
973
-1350
-2060
-732
194
-930
-2694
-3012
-2354
-2474
-3261
-3046
-1853
-2023
-3850
-4367
-2576
-858
-500
-51
1475
2271
1102
603
3072
6065
6060
3886
3508
5917
7539
6010
3679
3466
4671
4775
3375
2215
1930
1041
-1045
-2591
-2403
-1704
-2171
-3776
-5006
-4999
-4807
-5414
-5918
-5270
-4198
-3971
-4405
-4357
-3585
-2777
-1971
-617
981
1588
579
-531
545
3281
4857
4229
3096
3187
3751
3164
2402
3287
4648
3770
852
-598
812
1961
634
-1281
-1388
-453
-1239
-3701
-4470
-2580
-1147
-2309
-4199
-4165
-2880
-2620
-2833
-1587
70
-533
-2633
-2295
1231
3492
2081
632
1986
3566
2685
1424
2832
5032
4109
1314
852
2342
2157
181
-301
1316
1517
-1159
-3190
-2215
-711
-1066
-1966
-1566
-1039
-2239
-3598
-2525
-110
758
-92
-604
-145
-49
-461
131
1603
1991
1007
443
956
1204
614
508
1412
1772
485
-1321
-1752
-644
70
-714
-1801
-2183
-2341
-2622
-2579
-1939
-1492
-2324
-3697
-3683
-2348
-1449
-1277
-498
1132
1908
1019
540
2371
4952
5454
4030
3519
5101
6678
6186
4361
3383
3996
4772
4318
3122
2285
1529
44
-1617
-2137
-1546
-1374
-2588
-4398
-5352
-5156
-4777
-4725
-4590
-4248
-4008
-3989
-3971
-3577
-2861
-2052
-946
375
1255
1176
356
135
1649
3833
4550
3522
2527
2563
2575
1976
2203
3781
4168
1455
-1512
-843
1901
1885
-1120
-2538
-921
-337
-3017
-5103
-3100
-76
-855
-4206
-5144
-3012
-1656
-2289
-2049
-186
45
-2257
-2901
463
3636
2508
-32
800
3508
3485
1408
1678
4196
4577
2107
826
2186
2791
924
-451
607
1404
-439
-2666
-2324
-704
-760
-2050
-2075
-1052
-1274
-2544
-2399
-618
322
-455
-1074
-371
412
172
-78
762
1759
1541
757
796
1307
1086
519
930
1675
1262
-159
-805
-86
127
-883
-1946
-2044
-1938
-2598
-3059
-2554
-2031
-2764
-4057
-4244
-3032
-1860
-1532
-930
500
1560
738
-393
1048
4245
5916
4871
3614
4316
6106
6915
6007
4662
4154
4223
4043
3636
3206
2333
713
-1044
-1916
-1714
-1412
-2099
-3618
-4830
-5148
-5055
-5064
-4917
-4332
-3877
-4196
-4743
-4473
-3338
-2021
-932
-210
140
343
429
382
1054
3049
4694
3974
2252
2332
3494
2985
1597
2369
4339
3516
105
-1169
1154
2638
311
-2316
-1321
640
-1137
-4792
-4654
-1090
-100
-3215
-5335
-3731
-1920
-2520
-2958
-1206
-63
-1914
-3672
-1403
2927
4074
1487
-303
1049
2988
3331
3355
4077
3916
2289
1609
3083
3912
1780
-909
-793
1065
1352
-262
-1674
-2227
-2631
-2550
-1392
-425
-1312
-3210
-3702
-2266
-664
-169
-367
-579
-716
-575
190
1228
1667
1302
877
1100
1697
1738
982
445
913
1502
1029
105
-49
22
-869
-2029
-2000
-1339
-1720
-2961
-3366
-2645
-2266
-2944
-3654
-3385
-2461
-1582
-706
285
690
30
-442
1069
3993
5544
4459
2965
3796
6404
7586
5750
3199
3036
4790
5388
4059
3009
2967
1961
-460
-1794
-997
-482
-1951
-3773
-4294
-4461
-5315
-5777
-4877
-3849
-4065
-4785
-4825
-4542
-4353
-3428
-1619
-339
-166
-141
-74
-430
16
2581
5162
4690
2462
2200
3693
3650
2120
2427
4625
4499
825
-1475
907
3497
1311
-2319
-1673
973
-402
-4534
-5006
-1336
343
-2496
-5218
-4335
-2710
-3246
-3564
-1413
178
-1786
-4305
-2715
1794
3783
1782
143
1752
3815
3455
2499
3301
4449
4018
3017
2832
2582
1399
538
1109
1815
973
-830
-1904
-2017
-1976
-1870
-1486
-1317
-2016
-3206
-3539
-2406
-946
-538
-996
-1048
-453
-261
-451
130
1242
1624
1195
945
1177
1105
599
795
1931
2509
1554
-17
-762
-465
-6
48
-353
-1384
-2743
-3436
-2824
-1476
-1041
-2359
-4117
-4691
-3973
-2957
-2414
-1857
-525
876
776
-595
-503
2266
5000
5330
4425
4348
5296
6224
6650
6567
5697
4494
4212
4771
4534
2934
1496
955
-158
-2129
-2778
-1630
-1438
-3736
-6184
-6191
-4709
-4274
-4955
-4956
-4311
-4541
-5123
-4281
-2602
-1971
-2034
-993
965
1604
226
-486
1741
4455
3916
1570
1725
3981
4147
1874
1215
3466
4781
2508
-388
-98
1947
1672
-860
-1927
-734
-602
-2907
-4490
-3046
-1099
-2066
-4898
-5600
-3290
-1579
-2724
-3911
-2392
-546
-1296
-2324
-244
2820
2599
193
496
4000
5818
3727
1772
3317
5434
4252
1696
1797
3458
2679
-33
-529
1369
1391
-1618
-3596
-2231
-606
-1517
-3033
-2590
-1591
-2410
-3667
-2502
34
358
-1591
-2304
-588
1082
1115
687
1052
1800
1911
1294
981
1589
2257
2098
1641
1598
1495
658
-387
-512
235
324
-1166
-3027
-3618
-3088
-2564
-2360
-2276
-2705
-4052
-5408
-5163
-3294
-1648
-1186
-778
177
380
-518
-273
2619
5913
6312
4096
2833
4671
7648
8341
6153
3793
3653
5027
5549
4332
2683
1857
1191
-398
-1809
-1258
-177
-1816
-5545
-7090
-5216
-3492
-4344
-5787
-5595
-4767
-4862
-4875
-3302
-1440
-1676
-3139
-2437
748
2536
1015
-421
1256
3707
3682
2731
3795
5215
3539
347
580
4341
5908
2460
-1230
-295
2404
1300
-2259
-2544
247
299
-3393
-5233
-2887
-1151
-3331
-5628
-3988
-1168
-1931
-4797
-4505
-981
528
-1409
-1936
1213
3247
929
-981
2199
6433
5599
1877
1591
4401
4990
3007
2848
4628
3705
-306
-1875
1020
3011
212
-3489
-3296
-1162
-1538
-3703
-3795
-1917
-1588
-3261
-3617
-1615
-313
-1350
-2095
-447
1434
1079
-70
458
1896
2205
1856
2329
2825
1833
378
600
2196
2939
1995
486
-576
-1017
-749
-36
-15
-1390
-3075
-3502
-2805
-2322
-2514
-2898
-3394
-4147
-4569
-4055
-2949
-1636
47
1399
800
-1263
-1449
1905
5658
6064
4048
3295
4916
6842
7136
5838
4436
4319
5202
5344
4024
2603
2113
1473
-342
-2023
-1790
-806
-1879
-4834
-6471
-5412
-4068
-4580
-5433
-4886
-4283
-4853
-5148
-3726
-1998
-2152
-2891
-1337
1512
2194
434
-225
2191
4661
4134
2686
3330
4522
3200
801
1435
4545
5089
1674
-1094
101
2174
961
-1939
-2197
-174
-238
-3246
-5030
-3508
-1868
-2813
-4318
-3630
-2266
-3224
-5173
-4345
-869
1064
-579
-2373
-886
1666
1789
945
2435
5161
5261
2743
1772
3872
5615
4517
2819
2868
2907
1121
-288
855
2125
244
-3032
-3577
-1647
-922
-2400
-3480
-2674
-1963
-2883
-3530
-2203
-579
-570
-1224
-765
410
657
97
326
1529
2489
2553
2038
1619
1402
1214
1543
2405
2783
2013
292
-1186
-1037
247
728
-444
-2188
-3005
-2981
-3154
-3433
-3040
-2489
-3275
-5156
-5751
-4188
-2372
-1419
-288
937
338
-1603
-1250
2548
6045
6028
4140
3816
5579
7305
7342
6015
4853
4913
5593
5320
3687
2073
1501
1029
-422
-1826
-1735
-1317
-2903
-5826
-6835
-5169
-3818
-4682
-5858
-5356
-4335
-4405
-4495
-3140
-1629
-1766
-2181
-375
2458
2645
192
-525
2358
5053
4392
2756
3266
4219
2704
518
1439
4399
4627
1282
-1078
156
1702
256
-2097
-1840
-151
-937
-4255
-5915
-3937
-1630
-2310
-4308
-4463
-3510
-3906
-4578
-2658
667
1031
-1860
-2918
397
3687
2864
1019
2783
5929
5344
2369
2574
5808
6471
3473
1868
3475
3816
737
-1350
537
2316
-137
-3835
-3920
-1775
-1937
-3973
-3844
-1639
-1491
-4004
-4888
-2289
148
-412
-1645
-807
620
361
-259
1009
3049
3308
2013
1360
1896
2324
2093
1986
2430
2644
1710
-80
-1276
-884
305
524
-807
-2517
-3439
-3772
-3955
-3514
-2443
-2332
-4091
-5875
-5507
-3634
-2226
-1314
184
1308
128
-1937
-817
3820
6970
5481
2830
3589
6727
8043
6597
5060
5149
5793
5455
4165
3053
2678
2205
597
-1500
-2200
-1242
-968
-3114
-5893
-6343
-4795
-4201
-5204
-5418
-4086
-3583
-4844
-5244
-3135
-967
-1017
-1326
465
2235
970
-1076
616
4826
5849
2848
1332
3747
5348
2723
22
1837
5053
3796
-674
-1918
971
2029
-1130
-3327
-1296
373
-2597
-6547
-5840
-1930
-793
-3561
-5459
-4050
-2622
-3437
-3588
-927
1192
-473
-2944
-1505
2692
4399
2564
1585
3729
5487
4072
2505
4063
6350
5150
2090
1730
3415
2927
-53
-1088
844
1451
-1216
-3784
-3265
-2006
-2877
-4112
-3179
-1666
-2427
-4170
-3626
-1117
174
-495
-909
-74
619
421
572
1814
2967
2842
1910
1285
1288
1651
2159
2501
2213
1275
203
-644
-1093
-770
135
202
-1454
-3448
-3960
-3292
-2820
-2803
-2867
-3311
-4414
-5246
-4465
-2176
-21
725
230
-705
-1055
441
3724
6272
5820
3807
3677
5954
7548
6388
4378
4374
5884
6097
4312
2650
2390
2027
244
-1578
-1647
-941
-1663
-3742
-5149
-5005
-4624
-4825
-5068
-4641
-3814
-3811
-4536
-4724
-3483
-1695
-875
-525
293
1051
654
134
1772
4695
5307
2940
1465
3029
4412
2770
927
2408
4653
3004
-932
-1336
1902
2579
-1304
-4010
-1916
308
-2061
-5622
-4777
-1311
-1256
-4657
-5818
-3149
-1449
-3162
-4253
-1825
529
-725
-2563
-541
3363
3897
1307
693
3572
5833
4642
2883
3873
5437
4244
2008
2146
3585
2643
-291
-1124
774
1496
-856
-3475
-3550
-2253
-1993
-2594
-2784
-2687
-3123
-3779
-3186
-1238
101
-212
-980
-894
-120
554
1151
1953
2483
2160
1248
654
1034
2110
2855
2593
1745
1115
700
20
-615
-397
272
-168
-2029
-3535
-3367
-2468
-2347
-3030
-3688
-4085
-4412
-4362
-3337
-1505
40
386
-302
-1008
-536
1670
4629
6169
5243
3622
3945
6051
7014
5452
3777
4456
6003
5379
2962
1733
2166
1749
-336
-1850
-1586
-1334
-2692
-4524
-4995
-4441
-4597
-5593
-5714
-4409
-3371
-3795
-4598
-4342
-3184
-1973
-784
656
1713
1247
-305
-417
2297
5271
5084
2744
2171
3707
3878
2011
1668
3890
4579
1446
-1469
-158
2524
1419
-2315
-3185
-739
-245
-3375
-5158
-2742
-570
-2733
-5931
-5218
-2222
-1856
-3836
-3650
-761
405
-1627
-2450
652
3691
2596
246
1564
5076
5542
2878
1940
4079
5306
3560
1934
2787
3626
1815
-590
-456
946
234
-2295
-3415
-2345
-1490
-2232
-3166
-2971
-2552
-3066
-3620
-2771
-1118
-351
-579
-579
-16
320
218
523
1638
2656
2623
1846
1222
1097
1477
2322
2945
2325
645
-704
-923
-490
-112
-195
-1075
-2500
-3336
-2958
-2213
-2245
-3124
-4009
-4333
-4124
-3470
-2526
-1491
-543
-85
-162
-148
659
2530
4524
5051
4208
3872
5007
6367
6350
5352
4988
5540
5713
4721
3320
2494
1992
1046
-178
-1002
-1402
-1917
-2920
-4195
-5112
-5264
-4937
-4903
-5265
-5115
-4376
-4179
-4505
-4138
-2944
-1810
-956
82
1145
1138
5
-39
2482
5150
4786
2547
2056
3495
3666
2000
1750
3555
3710
915
-1193
130
2307
1221
-1935
-2578
-713
-658
-3467
-4941
-2785
-1120
-3357
-5937
-4652
-1710
-1626
-3646
-3584
-1333
-558
-1886
-1649
1925
4794
3125
133
937
4254
5379
4243
4385
5692
4814
2171
1728
3820
4175
1052
-1560
-516
1305
190
-2395
-3145
-2388
-2443
-3280
-3162
-2275
-2440
-3690
-4008
-2443
-628
-459
-1203
-940
207
756
332
-15
715
2015
2619
2317
1810
1416
1086
1228
2205
3009
2208
283
-876
-673
-330
-788
-1595
-2099
-2427
-2853
-3077
-2815
-2665
-3409
-4468
-4371
-3018
-1878
-1533
-1033
-179
-2
-320
616
3128
4947
4361
3052
3864
6446
7533
5866
4004
4242
5494
5697
4814
3807
2632
978
-352
-446
73
-285
-1918
-3828
-4965
-5116
-4645
-4089
-4000
-4496
-4970
-4825
-4326
-3993
-3540
-2518
-1424
-794
-94
923
1073
17
-62
2313
4740
4311
2403
2289
3449
2851
1014
1517
4229
4485
826
-1810
42
2435
765
-2327
-1989
28
-1194
-4536
-4662
-1514
-639
-3765
-5960
-3960
-1272
-1853
-3626
-2665
-314
-475
-2237
-1309
2269
3799
1825
537
2598
5098
4633
2702
3179
5472
5333
2583
1203
2337
3113
1699
21
178
541
-971
-2728
-2414
-1097
-1497
-3676
-4598
-3035
-1739
-2371
-2901
-1992
-1088
-1370
-1712
-572
1076
1034
-191
-372
938
2539
3081
2301
1538
1557
1740
1920
2196
2139
1422
281
-457
-285
182
-87
-1424
-2795
-2986
-2427
-2315
-2868
-3398
-3710
-4271
-4603
-3987
-2962
-2007
-1090
-350
-20
-316
-250
1709
4426
5167
3747
2948
4623
6932
7181
5462
3992
4367
5641
5808
4485
2795
1731
864
-383
-956
-585
-771
-2368
-4759
-5870
-4730
-3489
-3738
-4643
-5081
-4879
-4747
-4420
-3044
-1721
-1565
-1728
-1070
593
1749
931
79
1623
3830
3803
2262
2174
3672
3392
1001
796
3539
4519
1559
-1543
-871
1494
885
-1884
-2261
-286
-432
-3637
-5240
-2876
-917
-2816
-5093
-3790
-1226
-1705
-4151
-3893
-839
447
-1060
-1443
1243
3775
2802
729
2032
5288
5829
3807
3146
4615
5028
3425
2871
4298
4082
500
-2300
-789
1850
996
-2274
-3866
-3138
-2783
-3505
-3394
-2291
-2153
-3498
-4262
-2840
-1134
-1370
-2000
-885
943
1304
103
-590
367
1781
2617
3085
2984
1672
-23
62
2286
4032
3203
871
-700
-933
-739
-726
-843
-1143
-1806
-2639
-3102
-3138
-3338
-3922
-4350
-4062
-3019
-1733
-1043
-1216
-1505
-1183
-88
1875
4090
4807
3414
2244
3885
7267
8414
5682
2473
2794
5579
6722
5232
3404
2199
537
-1360
-1534
217
902
-1669
-5202
-6066
-4574
-3674
-4086
-4289
-3890
-4024
-4935
-5170
-3674
-1776
-1361
-1692
-754
951
1232
115
5
1969
3984
3777
2276
2293
3776
3524
1046
236
2864
5002
2750
-1315
-1590
1380
1841
-1067
-2300
-247
290
-3287
-6113
-3801
-2
-684
-4806
-6073
-3150
-1322
-2821
-3667
-1508
164
-1622
-3197
-289
3834
3612
496
556
4507
6367
3887
2219
4314
6246
4565
2072
2625
4097
2574
-244
-378
1328
775
-2376
-4122
-2832
-1598
-2654
-4115
-3857
-3056
-3474
-4047
-2969
-1142
-760
-1727
-1912
-515
989
1295
891
877
1394
1925
2329
2705
2727
2122
1403
1351
1940
2274
1647
495
-188
-330
-754
-1585
-1988
-1719
-1589
-2131
-2928
-3467
-3881
-4403
-4421
-3308
-1929
-1456
-1472
-1027
-462
-434
166
2507
4782
4543
2750
2608
5116
7349
6418
3827
3132
4747
5693
4391
2867
2758
2513
534
-1771
-1819
-43
105
-2544
-5028
-4967
-3763
-3757
-4577
-4330
-3224
-3214
-4468
-4847
-3243
-1496
-1478
-1732
-231
1490
1003
-505
133
2991
4421
2904
1836
3547
5158
3419
401
727
3716
4092
929
-1113
267
1520
-515
-2940
-1872
313
-1170
-5115
-5808
-2382
-407
-2778
-5422
-4445
-2112
-2137
-3102
-1808
267
-273
-2238
-1296
2642
4446
2098
296
2532
5536
5097
2811
2897
4916
4926
2689
1825
3043
2987
483
-1217
-85
1214
-137
-2694
-3491
-2581
-2283
-3002
-3008
-2301
-2622
-3857
-3982
-2227
-437
-390
-1101
-977
-248
312
582
1014
1705
1866
1467
1529
2119
2280
1771
1541
2072
2450
1839
617
-277
-348
-191
-721
-1772
-2414
-2360
-2161
-2248
-2573
-3100
-3786
-4312
-4078
-2820
-1433
-905
-1001
-1106
-780
422
2364
4082
4361
3245
2712
4310
6770
7231
4906
2624
3210
5437
5854
3861
2159
1804
797
-1371
-2317
-985
81
-1596
-4366
-5276
-4631
-4384
-4809
-4617
-3351
-2719
-3868
-5120
-4507
-2479
-1061
-740
20
1244
1053
-324
36
3201
5666
4155
1116
1237
4164
4972
2239
759
3063
4567
1775
-1418
-409
2265
1284
-2320
-2975
-396
-197
-4049
-6336
-3393
76
-1473
-5502
-6011
-3161
-1835
-2965
-2806
-576
-177
-2505
-2746
1542
5411
3778
-165
150
4022
5540
3773
3030
4687
5326
3261
1632
2721
3814
1958
-817
-831
986
646
-2157
-3762
-2738
-1690
-2367
-3230
-2857
-2366
-3013
-3678
-2607
-544
83
-1138
-2091
-1346
285
1440
1666
1358
1205
1458
1629
1374
1269
1839
2457
2133
1096
477
555
484
-80
-471
-505
-1013
-2168
-2756
-2089
-1413
-2145
-3761
-4609
-4114
-3000
-1899
-862
-151
-374
-1277
-1264
830
3800
5070
3770
1930
2261
5080
7678
7173
4094
2042
3071
5035
5059
3601
2677
1996
86
-2051
-2029
-337
-53
-2148
-4231
-4545
-4229
-4612
-4920
-4170
-3244
-3406
-4240
-4536
-3961
-2878
-1583
-248
891
1244
198
-1207
-318
3257
5837
4511
1683
1433
3242
3463
1777
1511
3404
3761
779
-1589
148
2757
1285
-2447
-2713
88
66
-3729
-5703
-3045
-156
-1538
-4701
-4859
-2915
-2552
-3103
-1532
921
141
-3087
-3259
1118
4835
3572
389
693
3540
4404
3250
3383
4899
4607
2171
1172
2672
3347
1227
-1148
-836
685
133
-1896
-2744
-2518
-2624
-2759
-2146
-1519
-2247
-3788
-3826
-1932
-367
-345
-797
-867
-792
-504
542
1956
2482
1776
973
1170
1806
1669
1360
2090
2720
1630
-106
-560
14
140
-672
-1669
-1993
-1881
-2219
-2699
-2361
-1856
-2601
-4169
-4691
-3369
-1273
-28
-97
-541
-510
-19
1020
2882
4678
4749
3311
2978
5154
7279
6106
2948
2197
4610
6041
4062
1634
1704
2308
632
-1656
-1459
-130
-1235
-4144
-5081
-3523
-2921
-4794
-6203
-4934
-3075
-3032
-4051
-4285
-3726
-3536
-3216
-1113
1816
2306
-278
-2203
-143
4071
5972
4525
2610
2247
2384
1929
2195
4141
5298
2838
-1141
-1549
1767
3175
185
-2640
-1626
46
-1662
-4658
-4417
-1517
-674
-3114
-4874
-3693
-2436
-3097
-2870
-11
1689
-958
-4243
-2665
2384
4639
2577
889
2101
3223
2344
2124
4236
5768
4082
1328
1044
2589
2574
772
35
583
-218
-2255
-2651
-1356
-1212
-2652
-3132
-1904
-1386
-2853
-4021
-2806
-854
-475
-832
-324
118
-687
-1257
295
2815
3396
1620
222
866
1887
1760
1517
2000
2082
1008
-234
-525
-27
107
-867
-2051
-2151
-1649
-1887
-2645
-2696
-2133
-2376
-3758
-4451
-2893
-427
433
-401
-1036
-642
323
1739
3563
4746
4184
2779
3041
5544
7155
5227
2252
2567
5421
6020
3248
1169
1878
2218
-102
-2184
-1207
317
-1160
-4172
-4938
-3564
-3297
-4954
-5774
-4277
-2807
-3480
-4661
-4034
-2731
-2859
-2974
-681
2376
2524
-357
-1941
654
4361
4954
3153
2400
3257
3015
1182
1401
4459
5336
1489
-2314
-1321
1946
1880
-1219
-2144
-155
9
-3265
-5434
-3105
-87
-1230
-4253
-4574
-2815
-2355
-3372
-2447
635
1108
-1985
-3487
-418
3614
3762
1620
1865
3595
3269
1714
2361
5134
5616
2504
557
2223
3572
1460
-1117
-296
1733
690
-2250
-3002
-1603
-1443
-2996
-3232
-1576
-1243
-3314
-4551
-2917
-717
-290
-778
-729
-490
-774
-837
542
2595
2959
1418
541
1417
2109
1434
862
1688
2772
2171
51
-1305
-772
-1
-556
-1509
-1555
-1270
-1837
-2994
-3360
-2574
-2066
-2744
-3399
-2725
-1358
-612
-331
213
599
674
1564
3546
4998
4358
2752
3249
6150
7565
5077
1970
2572
5423
5644
2925
1467
2359
1999
-1007
-2967
-1353
585
-1173
-4953
-6001
-3924
-2892
-4506
-5508
-4061
-2942
-4012
-4874
-3641
-2344
-2754
-2842
-516
2187
1845
-976
-1872
1092
4333
4407
2881
2869
3775
2631
246
869
4428
5635
2074
-1798
-966
2265
2066
-1195
-2241
-46
550
-2886
-5599
-3555
-347
-880
-3797
-4564
-2963
-2615
-3654
-2474
836
1582
-1659
-3728
-741
3480
3583
1061
1077
3638
4149
2113
1776
4162
5429
3494
1421
1958
2599
683
-1207
21
2237
1331
-2108
-3725
-2505
-1544
-2017
-2119
-1380
-1542
-3256
-4515
-3353
-951
89
-312
-444
-269
-800
-1148
352
2574
2865
1456
824
1352
1381
862
1424
2950
3083
924
-1196
-1082
144
208
-881
-1626
-1686
-1939
-2697
-3158
-2732
-2242
-2698
-3401
-3087
-2058
-1262
-736
-260
-18
98
766
2380
4225
4766
3521
2738
4561
7070
6710
3641
1836
3643
5968
4948
2207
1568
2412
1137
-2007
-2690
-330
248
-2930
-5836
-5061
-2919
-3376
-5490
-5487
-3454
-2637
-3739
-4306
-3217
-2277
-2510
-1968
627
2579
961
-1893
-1203
2751
5012
3617
1908
2593
3633
2317
571
1964
4918
4429
325
-1890
325
2472
609
-2258
-1693
667
-98
-3896
-5308
-2465
-134
-1722
-4321
-4207
-2589
-2627
-3397
-1653
1445
1259
-2263
-3431
263
3895
3129
900
1691
3930
3501
1493
2114
4824
5022
2013
195
1455
2265
474
-947
283
1427
-379
-3022
-3164
-1698
-1447
-2393
-2383
-1238
-1376
-3165
-3637
-1719
191
356
-264
-210
-98
-773
-680
1076
2390
1757
638
744
1422
1193
556
1045
2250
2066
47
-1575
-1175
-147
-479
-1683
-2084
-1702
-1921
-2903
-3147
-2241
-1784
-2585
-3273
-2212
-173
370
-705
-1141
273
2720
4093
3607
2807
2687
3481
5325
6933
6575
3979
1598
2376
4752
5105
3273
1439
812
187
-1396
-1916
-525
-152
-2645
-5531
-5427
-3211
-2741
-4584
-5534
-4052
-2424
-2902
-4037
-3463
-2087
-1818
-1627
268
2142
1025
-1577
-1095
2726
4900
3087
1289
2582
3715
1593
-339
1913
5108
3582
-1003
-1921
1615
3099
-326
-3078
-926
1588
-885
-5096
-4663
-771
126
-2828
-4156
-2015
-1101
-3528
-4378
-465
3142
1042
-3293
-2861
1765
3892
1777
675
3081
4513
1966
-286
1983
5434
4710
1217
189
1812
1808
-572
-1531
234
1268
-563
-2651
-2334
-1137
-1511
-2537
-1955
-510
-763
-2429
-2684
-872
460
-116
-917
-367
521
363
3
560
1606
1722
810
284
731
1325
642
-295
401
1751
1028
-1918
-3216
-1365
509
-438
-2516
-2351
-966
-1545
-3745
-3999
-1805
-752
-1790
-1582
988
1917
-791
-2549
766
5619
6139
3069
1491
2869
4701
5600
5851
5100
3340
2440
3562
4749
3802
1667
560
157
-1049
-1959
-1102
-491
-2405
-5029
-5161
-3357
-2995
-4612
-5273
-3873
-2676
-3183
-3970
-3435
-2409
-2255
-2057
-267
1936
1830
-406
-1205
1228
3958
3873
2429
2684
3914
3043
725
1037
4071
4836
1365
-1598
127
3007
1400
-2577
-2725
538
1046
-2871
-5373
-2713
202
-1631
-4773
-3771
-625
-1081
-4247
-3939
288
2142
-621
-2608
-144
2793
1931
35
1440
4152
3642
1046
1056
3509
3831
1437
563
2336
2968
649
-1366
-420
965
-160
-1879
-1505
-586
-1610
-3265
-2728
-691
-224
-1600
-2326
-1510
-616
-412
-53
679
744
-6
-330
234
823
1039
1336
1535
995
267
296
512
209
305
1198
1107
-987
-2806
-2075
-514
-897
-2363
-2370
-1281
-1656
-3557
-3903
-1894
-644
-1448
-1610
153
1140
-233
-860
1947
5361
5354
2937
2062
3762
5891
6701
5848
3865
2466
3105
4431
3868
1814
954
1335
263
-2289
-2924
-997
-543
-3442
-5810
-4516
-2522
-3649
-6113
-5780
-3125
-2136
-3544
-4062
-2454
-1443
-2304
-2317
206
2456
1513
-754
-369
2666
4416
3131
1734
2648
3743
2464
840
2118
4552
3629
-222
-1613
1261
3408
977
-2434
-1771
931
-19
-4077
-4939
-1157
1020
-2057
-5336
-3750
-653
-1442
-3904
-2467
1441
1539
-2217
-3091
1101
4175
1987
-784
963
4100
3419
1057
1973
4277
2751
-863
-399
3553
4275
289
-2597
-1202
641
-415
-1820
-767
247
-1672
-3879
-2778
-185
55
-1743
-2539
-1542
-570
-550
-218
1004
1212
-481
-1510
7
2036
2213
1175
585
682
738
387
126
547
1075
657
-564
-1444
-1506
-1334
-1489
-1676
-1392
-1047
-1627
-2935
-3470
-2677
-1826
-1703
-1244
215
1135
186
-1079
-282
2239
4156
4495
4099
3703
3661
4672
6474
6821
4487
2137
2886
5021
4402
1371
105
1196
801
-1995
-3237
-1370
-415
-3006
-5678
-4844
-2857
-3673
-6000
-5774
-3218
-2239
-3640
-4160
-2574
-1608
-2406
-2109
711
2789
1291
-1301
-738
2549
4210
2705
1451
2743
3745
1818
-105
1755
4967
4083
-426
-2298
774
3368
1135
-2159
-1365
1159
-147
-4137
-4584
-628
1492
-1496
-4707
-3464
-923
-1764
-3487
-1330
2247
1222
-3145
-3526
1470
4630
1853
-1222
886
4235
3049
134
1252
4281
3185
-705
-775
3100
4102
108
-2861
-987
1378
-146
-2615
-1743
222
-1086
-3858
-3174
222
1072
-1747
-3771
-2182
410
756
-154
236
1194
460
-922
-185
2117
2877
1352
-94
190
1032
660
-371
-62
1422
1474
-779
-2656
-2025
-689
-1211
-2565
-2145
-588
-817
-2924
-3900
-2713
-1766
-2276
-2011
356
2085
649
-1638
-852
2599
4923
4626
3720
3668
3839
4241
5801
7223
5908
2819
1908
3760
4646
2797
874
742
377
-1774
-3350
-2181
-651
-2028
-4865
-5465
-4021
-3742
-5096
-5388
-3741
-2457
-3000
-3892
-3551
-2567
-1961
-1158
577
1956
1172
-760
-730
1878
3981
3393
2030
2464
3505
2483
558
1358
4306
4471
687
-1775
348
2815
1082
-1965
-1235
1443
346
-3992
-5167
-1501
1090
-1181
-4194
-3471
-1499
-2287
-3667
-1575
1726
971
-2729
-3157
863
3554
1788
-70
1835
4128
2588
-52
1057
4270
4313
1250
106
2274
3321
596
-2210
-1171
1384
995
-1613
-2495
-1460
-1559
-2944
-2664
-456
327
-1679
-3457
-2347
28
706
-17
144
1023
547
-804
-252
2245
3323
1491
-567
-289
1133
1186
85
36
1281
1405
-739
-2812
-2471
-1039
-1106
-2151
-1936
-1025
-1881
-4075
-4438
-2402
-1067
-1911
-2387
-509
1332
271
-1840
-1112
2399
4969
4714
3693
3685
4015
4497
5795
7076
6332
3600
2246
3737
4879
3668
1864
1205
919
-813
-2853
-2406
-736
-1360
-4210
-5938
-4962
-3742
-4313
-4949
-3924
-2588
-2969
-4301
-4163
-2571
-1442
-1012
-11
1513
1525
-438
-1231
1117
3830
3709
1969
1856
3058
2502
445
751
3869
4725
1043
-1955
-116
2845
1853
-1557
-2156
232
511
-2549
-4053
-1602
434
-1702
-4421
-3129
-721
-1992
-4411
-2623
1686
2047
-1941
-3602
-76
3243
2056
1
1566
4298
3710
1094
993
3539
4337
2065
734
2244
2939
499
-1770
-725
1347
829
-1428
-2364
-1951
-2156
-2705
-1898
-454
-647
-2372
-3273
-2265
-584
317
432
477
395
-353
-1097
-265
1938
3124
2042
373
110
779
721
104
531
1892
1908
-390
-2538
-2016
-248
-330
-2065
-2430
-918
-773
-3086
-4456
-3033
-1515
-2173
-3027
-1399
893
439
-1553
-1261
1668
4050
4167
3794
4171
4088
3620
4746
7149
7490
4426
1590
2594
5220
4884
2011
694
1178
-105
-3082
-3453
-527
711
-2544
-6369
-6367
-4144
-3756
-4947
-4522
-2535
-2257
-4305
-5328
-3454
-1108
-696
-831
564
1980
763
-1544
-694
3371
5630
3573
1112
1917
3407
2053
417
2467
5352
3546
-1184
-2102
1373
2916
-59
-2482
-636
1425
-1007
-4761
-3906
-66
221
-3329
-4664
-2180
-969
-3082
-3784
-473
2064
-280
-3598
-2246
1929
3005
840
565
3218
4129
1594
83
2354
4678
3432
1113
1427
2756
1529
-1094
-1259
821
1401
-460
-2031
-2105
-2315
-3010
-2378
-484
1
-1773
-3365
-2761
-887
349
525
353
10
-766
-1187
3
2136
2986
1896
519
272
721
816
610
1047
2063
2038
136
-1950
-2055
-540
177
-955
-2190
-1961
-1602
-2828
-4245
-3609
-1964
-1879
-2897
-2402
-343
505
-750
-1416
487
3058
3766
3322
3556
3927
3567
4198
6799
8028
5032
1272
1794
5009
5372
2475
957
1957
1340
-2331
-4385
-1888
772
-1180
-5211
-6028
-4038
-3604
-5250
-5288
-2768
-1469
-3393
-5070
-3463
-1069
-1107
-1751
119
2782
2273
-747
-1465
1777
4809
3860
1178
1122
3015
2768
606
1029
4254
4604
107
-3140
-517
3291
1894
-2350
-2655
510
581
-3305
-4729
-1411
785
-1778
-4447
-2911
-596
-1911
-4032
-2090
1705
1440
-2357
-3366
206
3161
2259
881
2202
3727
2506
785
1873
4100
3682
1249
664
2280
2389
-108
-1643
-288
980
-264
-2034
-2164
-1835
-2327
-2313
-962
-148
-1286
-2772
-2598
-1254
-226
379
943
808
-498
-1584
-648
1740
3023
2034
442
219
1016
1225
664
617
1488
1874
573
-1442
-2110
-1170
-515
-1252
-2074
-1696
-1145
-2019
-3570
-3667
-2221
-1393
-1984
-2079
-483
936
264
-1111
-511
2052
4155
4485
3889
3290
2951
3688
5913
7412
5597
2221
1673
4123
5101
2816
732
1074
1073
-1357
-3217
-1693
217
-1681
-5496
-6082
-3425
-2402
-4504
-5815
-4106
-2321
-3034
-4212
-3277
-1622
-1709
-2250
-372
2621
2447
-868
-2069
1235
4635
3891
1425
1795
3918
3242
247
196
3774
4994
1131
-2201
-139
3351
2088
-2139
-2839
212
891
-2503
-4400
-1873
288
-1830
-4560
-3421
-915
-1633
-3873
-2747
845
1346
-1984
-3412
-22
3498
2701
497
1385
3508
2801
817
1570
3877
3539
960
464
2634
3191
438
-1701
-573
810
-357
-1894
-1437
-819
-1971
-3019
-1917
-391
-982
-2728
-2882
-1292
-70
107
369
746
13
-1396
-1198
1089
2931
2346
557
-142
536
1159
933
592
1022
1643
995
-882
-1970
-1205
-263
-804
-1789
-1557
-874
-1592
-3295
-3675
-2266
-1424
-2380
-2840
-961
967
271
-1321
-547
2098
3740
3859
3980
4196
3669
3521
5304
7144
5781
2421
1775
4444
5591
2901
229
551
1049
-1038
-3034
-1862
-44
-1670
-5302
-6118
-3686
-2405
-4167
-5653
-4417
-2822
-3365
-4293
-3199
-1473
-1492
-2115
-758
1840
2446
431
-968
735
3527
3893
2251
1924
3145
2803
646
431
3211
4599
1698
-1648
-661
2595
2415
-1240
-2771
-349
1069
-1686
-4345
-2419
814
-321
-4084
-4401
-1512
-1001
-3245
-2973
476
1435
-1901
-3788
-435
3628
3066
199
378
2916
3245
1477
1699
3925
3859
894
-398
1836
3484
1524
-1110
-998
221
-339
-1594
-1279
-634
-1803
-3294
-2501
-525
-334
-1870
-2630
-1760
-633
-148
252
835
658
-541
-1036
449
2262
2115
685
265
1012
1249
572
163
676
1450
1326
-110
-1638
-1705
-887
-1040
-1953
-1766
-748
-1222
-3381
-4438
-2966
-1320
-1803
-2786
-1496
932
1064
-911
-1236
1325
3802
4123
3660
3773
3944
4194
5436
6693
5689
3071
2374
4396
5369
3098
696
1016
1629
-364
-2606
-1844
-155
-1570
-4969
-5844
-3710
-2686
-4448
-5649
-4276
-2707
-3259
-4190
-3154
-1671
-1775
-2531
-1491
993
1826
323
-783
814
3243
3236
1537
1450
3068
3082
1023
561
3080
4525
1868
-1428
-557
2760
2795
-895
-2778
-573
813
-1755
-4113
-2164
721
-767
-4215
-4104
-1140
-465
-2525
-2354
722
1580
-1569
-3369
-81
3736
2825
-294
-87
2807
3515
1567
1105
3040
3484
1139
-131
1732
3154
1239
-1303
-1148
220
-139
-1447
-1415
-778
-1624
-3067
-2640
-767
-142
-1324
-2226
-1670
-721
-375
-145
436
623
-58
-464
464
1755
1847
994
551
802
944
579
202
432
1158
1363
244
-1441
-2047
-1330
-761
-1168
-1588
-1350
-1515
-2860
-3942
-3132
-1531
-1335
-2042
-1336
482
652
-1018
-1231
1526
4473
4851
3610
3008
3405
4212
5360
6089
5006
2884
2445
3963
4423
2563
918
1107
1063
-701
-2034
-1173
-365
-2201
-5012
-5379
-3526
-2699
-3932
-4856
-3977
-2961
-3380
-3944
-2995
-1601
-1556
-2006
-963
909
1186
-114
-260
1794
3531
2792
1321
1832
3254
2570
529
844
3458
3868
578
-1849
10
2692
1456
-1868
-2094
445
587
-2631
-4199
-1642
724
-1065
-4025
-3378
-668
-773
-3024
-2410
1015
1670
-1658
-3193
163
3643
2712
235
861
3178
2994
1040
1361
3667
3642
767
-423
1792
3222
1022
-1623
-1274
244
-193
-1619
-1521
-715
-1546
-3160
-2803
-795
-138
-1499
-2469
-1766
-760
-551
-312
605
1037
83
-751
248
1989
2284
1233
480
553
816
803
549
515
955
1079
-16
-1544
-1916
-1221
-1042
-1757
-1969
-1203
-1122
-2655
-3906
-3029
-1364
-1116
-1542
-474
1335
952
-1343
-1360
2509
6062
5500
2924
2291
3760
5220
5789
5377
3932
2631
2940
3929
3345
1452
660
1135
419
-1864
-2821
-1381
-601
-2672
-5100
-4786
-3051
-3159
-4877
-5183
-3432
-2188
-2822
-3581
-2900
-1827
-1607
-1177
562
1956
1008
-760
-133
2684
4102
2669
1240
2136
3241
1906
123
1407
4112
3336
-678
-2171
883
3222
876
-2445
-1836
592
-392
-3875
-4134
-490
1140
-1952
-4712
-2993
-411
-1464
-3415
-1497
1941
1081
-2875
-3030
1677
4485
2017
-468
1444
3980
2547
120
1602
4585
3518
-223
-554
2671
3504
238
-2020
-479
1035
-505
-2205
-1164
98
-1480
-3674
-2804
-164
214
-1870
-2978
-1747
-284
-45
40
654
689
-300
-827
104
1366
1535
885
578
852
928
376
-161
168
1022
997
-437
-1829
-1680
-855
-1070
-1770
-1262
-311
-1179
-3415
-4083
-2411
-1014
-1550
-2024
-438
1255
193
-1864
-574
3706
5900
4129
2191
2927
4587
5215
5394
5366
4233
2769
2888
4100
3943
2065
730
701
-56
-2179
-2975
-1275
-306
-2491
-5143
-4920
-3190
-3219
-4607
-4528
-2886
-2298
-3344
-3724
-2487
-1409
-1341
-727
1030
1847
428
-1020
171
2852
3584
1954
1052
2184
2760
1156
112
2152
4480
2819
-1268
-2126
1076
2918
507
-2056
-945
930
-787
-4105
-3732
-94
909
-2412
-4720
-2698
-430
-1826
-3477
-1002
2336
886
-3207
-2936
1977
4404
1764
-177
2003
4037
2314
317
2193
4768
3100
-301
-53
2765
2850
-467
-2338
-581
1020
-173
-1629
-1226
-949
-2330
-3079
-1389
314
-519
-2362
-2574
-1309
-434
-544
-348
670
763
-782
-1633
-116
2085
2516
1148
-40
133
755
552
-138
141
1391
1476
-490
-2185
-1658
-407
-777
-1996
-1571
-239
-1129
-3755
-4290
-2001
-414
-1380
-2035
-91
1677
233
-1808
-121
3947
5483
3755
2349
2998
4166
4824
5473
5666
4168
1998
1852
3572
3912
1945
455
616
54
-2148
-3212
-1643
-295
-1830
-4450
-4955
-3689
-3320
-4194
-4230
-2909
-2140
-2852
-3469
-2794
-1808
-1344
-572
932
1716
533
-1034
-277
2417
3803
2558
1268
2073
2792
1206
52
2317
5086
3455
-1291
-2748
723
3166
759
-2206
-1087
1222
-468
-4323
-4157
100
1782
-1747
-4817
-3098
-595
-1721
-3109
-313
3008
846
-3980
-3498
2183
4802
1603
-716
1802
3978
1720
-492
1860
4972
3378
-467
-482
2647
2930
-564
-2375
-214
1405
-446
-2395
-1654
-720
-1982
-3098
-1436
713
-40
-2502
-3303
-1784
66
643
420
436
336
-418
-811
352
2154
2449
984
-179
224
957
464
-440
161
1728
1527
-987
-2747
-1705
-226
-1099
-2707
-2042
-366
-1142
-3749
-4317
-2173
-683
-1487
-2098
-503
1159
257
-1463
-457
2661
4249
3626
3190
3570
3496
3555
5253
6987
5702
2460
1606
3810
4838
2650
676
1413
1836
-911
-3759
-2715
-82
-785
-4186
-5496
-3735
-2680
-4198
-5470
-4006
-1797
-2018
-3861
-4020
-2104
-870
-1257
-1003
831
1603
-323
-1759
686
4464
4551
1575
584
2439
2903
750
300
3450
5146
1402
-3042
-1663
2869
2882
-1434
-2795
219
991
-2972
-5288
-1776
1986
-137
-4678
-4707
-1258
-477
-2519
-2077
1218
1689
-2054
-3849
-108
3920
2847
-132
547
3190
2729
240
759
3942
4459
1284
-421
1780
3399
997
-1800
-935
1170
571
-1420
-1644
-878
-1447
-2396
-1493
183
-224
-2416
-3311
-1876
-155
477
710
848
79
-1412
-1739
203
2658
3048
1321
-290
-270
505
608
436
1018
1788
1224
-901
-2468
-1701
-233
-544
-1878
-1903
-864
-1267
-3357
-4121
-2177
-358
-1199
-2653
-1598
692
791
-917
-908
1597
3499
3148
2536
3072
3557
3396
4161
6123
6268
3285
1059
2695
5195
4351
1424
650
1742
597
-2616
-3153
-311
687
-2730
-6110
-5176
-2412
-2392
-4421
-4539
-2563
-2052
-3747
-4241
-2235
-731
-1393
-1673
400
2178
484
-2256
-1043
3304
4948
2146
-210
1422
3564
2028
-275
1509
4820
3572
-1248
-2554
1377
3718
527
-2783
-1336
1168
-553
-4214
-3767
31
717
-2786
-4748
-2492
-359
-1701
-2861
-257
2191
-70
-3482
-1978
2817
4347
1753
322
2050
3096
1454
537
2588
4173
2258
-194
401
1980
1022
-1166
-1082
671
635
-1198
-1947
-1412
-1540
-2143
-1531
-86
-72
-1791
-2830
-1911
-412
361
730
996
398
-1106
-1687
-29
2278
2613
976
-268
-3
545
421
277
827
1541
1208
-491
-2097
-1875
-307
244
-994
-1861
-1156
-884
-2290
-3333
-2252
-688
-1074
-2410
-1824
219
653
-649
-726
1368
3099
2753
2217
3140
3773
3048
3235
5447
6586
3852
392
1344
4914
5038
1528
-374
851
1006
-1727
-3150
-858
864
-1920
-5892
-5530
-2215
-1668
-4235
-5078
-2709
-1100
-2664
-4162
-2625
-497
-824
-1855
-421
2156
1862
-920
-1261
2233
4708
2887
432
1591
3721
2135
-812
384
4118
3898
-730
-3030
177
3180
892
-2854
-2260
752
137
-3657
-4329
-785
1004
-1738
-4246
-2649
-423
-1451
-2723
-462
2335
885
-2841
-2611
1921
4384
2140
-28
1307
3011
1923
537
2005
4054
2840
-188
-522
1649
1923
-288
-1095
315
514
-1434
-2437
-1355
-794
-2005
-2705
-1301
35
-1026
-2700
-2201
-405
409
285
467
774
88
-1042
-637
1396
2778
2094
572
37
506
836
613
467
1028
1519
354
-1850
-2291
-512
415
-1057
-2416
-1533
-345
-1478
-3554
-3281
-1074
-539
-2199
-2374
128
1599
-70
-1613
386
3906
4511
2385
1454
2743
4082
4677
5219
5034
3163
1447
2364
4368
3987
1574
312
537
-265
-2127
-2131
-147
-58
-3304
-5856
-4430
-1771
-2067
-4197
-4395
-2827
-2337
-3162
-3095
-1552
-663
-1389
-1433
594
2237
1117
-786
195
3245
3954
1680
558
2281
3236
1195
-235
1881
3958
1697
-2209
-1907
1750
2373
-1117
-2963
-611
973
-2089
-5125
-2620
1519
444
-3924
-4498
-920
299
-2600
-3432
479
2894
-461
-4091
-1716
3475
4251
964
23
2640
3566
1182
287
3045
4874
2501
-300
563
2611
1817
-473
-669
775
596
-1442
-2237
-1120
-867
-2140
-2481
-1259
-628
-1563
-2559
-2297
-1230
-349
221
748
683
-422
-1321
-614
1136
2285
2012
920
248
522
1142
1213
852
1001
1447
788
-983
-1867
-806
277
-645
-2249
-2122
-1028
-1517
-3087
-2856
-1089
-1008
-2953
-3575
-1309
930
620
-303
357
1387
1430
1686
3460
4961
3879
2300
3521
5923
5445
2410
1550
4122
5333
2781
280
780
1865
326
-2279
-2236
-204
-213
-3086
-5133
-3869
-1814
-2257
-4177
-4460
-2882
-2019
-2844
-3257
-1956
-817
-1432
-1852
100
2265
1272
-1363
-1062
2496
4251
1781
-303
1663
3801
1807
-1060
568
4370
3601
-1072
-2221
1543
3192
-527
-3513
-1041
1933
-463
-4626
-3693
613
988
-3053
-4774
-1889
230
-1580
-3073
-711
1802
152
-2742
-1468
2670
3678
767
-765
1497
3875
3103
1218
1664
3296
2806
1000
1044
2494
2224
-4
-1196
-241
521
-494
-1935
-2221
-1798
-1813
-2056
-1655
-1072
-1456
-2457
-2568
-1350
69
595
219
-582
-1063
-493
651
1299
1417
1443
1358
946
364
380
1065
1630
1645
1096
240
-524
-830
-568
93
317
-430
-1530
-2426
-2486
-1783
-1179
-1276
-2080
-2518
-2162
-1612
-1149
-400
686
1078
161
-657
702
3517
4546
2703
1073
2421
5136
5667
3400
1365
2004
3922
3698
1397
353
1348
1588
-482
-1982
-839
463
-763
-3176
-3524
-2207
-2100
-3491
-4087
-2928
-1884
-2273
-2845
-2223
-1209
-1349
-1921
-810
1336
1522
-556
-1734
303
3340
3283
1009
727
2795
3301
606
-779
2061
4575
2384
-1557
-1386
1973
2139
-1573
-3005
310
2371
-1126
-5012
-3553
271
85
-3363
-4062
-1214
-49
-2513
-3916
-1112
1811
372
-2456
-1251
2417
2670
-446
-1028
2411
4502
2146
-559
864
3890
3410
551
210
2338
2503
-210
-1667
288
2130
566
-2208
-2475
-556
238
-983
-1913
-1200
-438
-1199
-1937
-952
752
599
-1245
-1770
-177
1355
594
-712
-56
1561
1983
393
-791
244
1776
1845
675
12
259
54
-810
-650
717
1014
-1024
-3140
-2629
-688
-322
-1630
-2225
-1679
-2026
-3341
-3329
-1560
-21
181
48
332
67
-742
0
2768
4826
3915
1703
1564
3699
5096
4046
2304
2397
3889
4129
2528
1193
1250
1376
185
-1295
-946
414
-202
-2833
-4428
-3382
-1588
-1729
-3250
-3486
-2282
-1922
-3256
-4074
-2351
-54
-130
-1546
-1408
202
652
-418
-172
2013
2943
1326
136
1331
2355
894
-461
1343
3843
2654
-1058
-2064
602
2305
522
-1500
-839
246
-1230
-3412
-2655
81
521
-2080
-3845
-2435
-569
-1299
-2761
-1695
584
535
-1516
-1815
763
2616
1333
-150
1185
3190
2629
896
1432
3524
3546
1430
554
1718
2300
993
-362
-91
555
-150
-1223
-1178
-872
-1401
-2042
-1850
-1216
-1152
-1681
-1800
-1326
-1122
-1083
-428
329
304
-77
-54
319
665
943
1229
1231
852
718
1116
1317
915
709
1158
1101
-211
-1190
-407
665
44
-1461
-1868
-1366
-1516
-2207
-2044
-1226
-1412
-2654
-3141
-2323
-1620
-1491
-660
924
1156
-706
-1872
326
4126
5430
3450
1372
1633
3323
4433
4363
3810
3465
3221
2530
1514
1135
1726
2004
624
-1511
-2101
-1004
-760
-2439
-3782
-3039
-1833
-2304
-3759
-4042
-2876
-1981
-2132
-2145
-1514
-1480
-2182
-1707
495
2121
1392
-323
-489
1113
2265
1822
1470
2467
2950
1232
-518
573
3015
2952
341
-930
581
1543
-436
-2532
-1307
1326
913
-2361
-3939
-2123
-415
-1473
-3083
-2433
-910
-1351
-2867
-2312
128
1019
-522
-1323
383
1998
1329
434
1699
3427
2903
1130
976
2436
3026
1974
1099
1518
1890
944
-300
-420
20
-201
-792
-946
-1043
-1589
-1918
-1471
-967
-1093
-1462
-1541
-1348
-953
-392
-53
-247
-518
-91
878
1321
967
833
1256
1142
286
268
1655
2565
1536
-147
-577
-28
101
-160
97
379
-627
-2451
-3091
-2002
-823
-768
-1236
-1536
-2089
-2990
-3105
-1836
-331
306
502
735
376
-617
-586
1521
3946
4188
2478
1415
2481
4169
4295
3019
2193
2783
3612
2831
1034
610
1528
1335
-584
-1875
-1003
114
-896
-3106
-3876
-2791
-1913
-2388
-2993
-2750
-2497
-2796
-2742
-1820
-1018
-1149
-1344
-388
1055
1159
-63
-426
1044
2543
2379
1444
1351
1714
1088
-60
415
2468
3090
841
-1614
-1375
464
858
-248
-610
-177
-1018
-3168
-3659
-1156
985
-368
-3186
-3758
-2035
-769
-1016
-1072
-102
223
-883
-1395
174
1988
1904
1026
1460
2550
2283
1104
1267
2718
3038
1725
944
1527
1624
350
-569
-81
479
-42
-827
-822
-801
-1706
-2240
-1198
-45
-472
-1657
-1696
-635
-238
-759
-668
330
784
144
-264
433
1090
696
277
963
1782
1265
54
-134
710
1148
619
-151
-528
-499
-215
32
-226
-1054
-1868
-2146
-1945
-1564
-1248
-1313
-1989
-2829
-2955
-2263
-1657
-1451
-699
840
1545
397
-840
76
2579
4282
4249
3452
2717
2222
2499
3770
4693
3939
2517
2147
2198
1154
-93
205
1040
195
-1619
-2006
-1342
-2002
-3746
-3829
-1822
-642
-2061
-4099
-4177
-2640
-1486
-1189
-825
-424
-880
-1712
-1152
949
2315
1413
-177
-138
1178
1741
1311
1482
2435
2314
586
-455
828
2551
2056
73
-547
487
597
-1041
-1923
-635
505
-714
-2769
-3067
-1995
-1722
-2433
-2307
-982
-517
-1931
-3039
-1665
792
1485
440
-24
763
1332
1162
1467
2634
3210
2282
1122
1294
2236
2230
1230
780
1260
1299
232
-863
-1014
-652
-562
-711
-774
-940
-1513
-2161
-2025
-989
-27
-16
-674
-1107
-890
-320
268
761
874
811
637
402
539
868
1281
1393
942
412
207
355
441
374
243
66
-165
-448
-618
-778
-1105
-1458
-1429
-1164
-1331
-1975
-2515
-2462
-1928
-1534
-1483
-1495
-1460
-1082
-65
1000
1241
754
664
1772
3192
3591
3097
2864
3248
3519
3211
2690
2701
2999
2763
1796
860
724
639
-107
-1116
-1485
-1261
-1596
-2492
-3151
-2978
-2320
-2201
-2602
-2811
-2587
-2043
-1379
-945
-874
-980
-769
76
1069
1426
916
222
214
1054
2028
2327
1892
1380
1090
749
569
894
1524
1379
122
-906
-720
201
180
-933
-1567
-1262
-1094
-1929
-2584
-1922
-978
-1197
-2190
-2325
-1368
-671
-911
-1032
-172
778
627
28
528
1867
2436
2030
1981
2540
2500
1660
1296
1872
2272
1699
782
437
436
6
-642
-611
-70
-214
-1139
-1753
-1673
-1594
-1761
-1640
-946
-306
-586
-1362
-1548
-670
468
844
655
286
143
265
482
886
1163
1115
792
566
697
816
597
224
207
386
65
-821
-1361
-893
-353
-647
-1426
-1933
-1805
-1721
-1973
-1936
-1432
-991
-1362
-1859
-1386
-576
-61
437
1315
1905
1190
226
836
2890
4238
3674
2493
2176
2493
2615
2409
2199
2273
2108
1276
76
-538
-205
-37
-591
-1565
-1971
-1791
-1918
-2370
-2620
-2077
-1567
-1723
-2014
-1846
-1205
-774
-468
-44
335
454
417
661
1168
1499
1321
989
998
1163
959
523
518
910
914
159
-643
-706
-334
-397
-948
-1273
-1179
-1271
-1825
-2171
-1668
-836
-774
-1486
-1785
-1178
-600
-688
-712
26
852
829
367
601
1522
1979
1623
1475
2091
2494
1808
805
727
1369
1569
1052
509
188
-328
-986
-1135
-669
-365
-767
-1488
-1881
-1779
-1379
-900
-570
-561
-743
-779
-468
85
609
822
675
517
757
1249
1421
1116
870
1091
1362
1010
232
-44
369
570
79
-410
-395
-430
-988
-1469
-1173
-599
-813
-1693
-2044
-1558
-1209
-1377
-1309
-741
-448
-857
-1295
-995
-166
367
391
509
977
1298
1271
1444
2080
2604
2445
1899
1765
2230
2533
2005
1043
533
584
531
96
-277
-377
-663
-1353
-1839
-1638
-1250
-1359
-1719
-1660
-1254
-1097
-1182
-920
-196
425
629
736
1031
1284
1246
1182
1443
1806
1787
1392
995
693
324
-18
-111
-100
-347
-950
-1626
-2082
-2299
-2289
-2022
-1853
-2160
-2613
-2584
-2045
-1509
-1208
-822
-304
-121
-272
-76
624
1226
1459
1563
1600
1513
1414
1515
1872
2102
1772
1173
919
993
915
592
347
209
-103
-465
-454
-216
-328
-809
-1022
-683
-324
-436
-735
-688
-267
122
258
323
401
314
175
294
585
719
622
484
415
238
-95
-207
47
286
198
-219
-760
-1031
-890
-637
-511
-573
-886
-1313
-1462
-1178
-770
-578
-637
-843
-1038
-1013
-689
-291
-113
-120
-64
82
139
155
428
985
1420
1511
1460
1431
1351
1266
1572
2316
2653
2009
1057
716
985
1194
963
607
381
9
-588
-989
-952
-754
-798
-1007
-991
-882
-1109
-1473
-1376
-694
48
232
-62
-193
56
352
492
669
965
1033
654
195
84
270
416
316
68
-212
-689
-1277
-1442
-1159
-1036
-1250
-1467
-1563
-1640
-1664
-1411
-894
-503
-472
-548
-489
-304
26
553
1041
1087
706
493
806
1275
1502
1462
1273
1000
688
549
696
790
605
309
55
-114
-268
-378
-231
-32
-155
-436
-529
-384
-234
-253
-222
32
219
102
-59
148
560
616
342
247
386
356
60
-154
-7
185
-16
-399
-569
-546
-588
-644
-649
-634
-657
-780
-777
-745
-751
-663
-507
-330
-281
-323
-346
-308
-224
-48
147
189
101
-56
-52
14
51
191
342
414
314
236
400
653
793
836
919
1042
1153
1125
1054
1170
1241
1101
807
593
595
441
101
-118
-74
-60
-432
-806
-813
-704
-816
-925
-711
-375
-320
-495
-346
131
319
118
75
444
814
764
440
297
448
521
311
106
64
-104
-481
-753
-694
-537
-786
-1295
-1616
-1540
-1245
-1172
-1097
-894
-842
-914
-796
-298
256
431
262
300
599
837
993
1138
1176
904
596
541
795
1006
764
329
-29
-158
-76
31
38
-163
-458
-580
-423
-198
-221
-444
-499
-267
51
232
179
111
93
64
195
449
607
586
345
55
-103
-88
114
224
-15
-342
-484
-421
-292
-306
-418
-545
-613
-554
-424
-225
-186
-360
-476
-453
-215
0
-14
-65
-67
-33
-113
-213
-221
-195
-58
7
48
53
-155
-283
-202
18
267
476
661
680
595
568
745
1163
1474
1519
1283
813
506
631
953
1041
689
107
-280
-408
-427
-359
-291
-418
-755
-1046
-950
-535
-364
-433
-496
-508
-323
-49
232
411
413
298
258
448
631
636
444
280
300
290
56
-230
-360
-457
-547
-681
-780
-839
-1016
-1166
-1219
-1022
-739
-704
-673
-626
-558
-367
-180
86
268
257
232
293
475
662
707
701
786
740
545
364
356
497
478
410
404
364
154
-90
-120
-24
82
72
-38
-129
-123
-132
-110
95
254
176
-88
-219
-180
-137
-9
125
199
88
0
0
0
0
0
0
0
0
0
0
0
0
0
0
0
0
0
0
0
0
0
0
0
0
0
0
0
0
0
0
0
0
0
0
0
0
0
0
0
0
0
0
0
0
0
0
0
0
0
0
0
0
0
0
0
0
0
0
0
0
0
0
0
0
0
0
0
0
0
0
0
0
0
0
0
0
0
0
0
0
0
0
0
0
0
0
0
0
0
0
0
0
0
0
0
0
0
0
0
0
0
0
0
0
0
0
0
0
0
0
0
0
0
0
0
0
0
0
0
0
0
0
0
0
0
0
0
0
0
0
0
0
0
0
0
0
0
0
0
0
0
0
0
0
0
0
0
0
0
0
0
0
0
0
0
0
0
0
0
0
0
0
0
0
0
0
0
0
0
0
0
0
0
0
0
0
0
0
0
0
0
0
0
0
0
0
0
0
0
0
0
0
0
0
0
0
0
0
0
0
0
0
0
0
0
0
0
0
0
0
0
0
0
0
0
0
0
0
0
0
0
0
0
0
0
0
0
0
0
0
0
0
0
0
0
0
0
0
0
0
0
0
0
0
0
0
0
0
0
0
0
0
0
0
0
0
0
0
0
0
0
0
0
0
0
0
0
0
0
0
0
0
0
0
0
0
0
0
0
0
0
0
0
0
0
0
0
0
0
0
0
0
0
0
0
0
0
0
0
0
0
0
0
0
0
0
0
0
0
0
0
0
0
0
0
0
0
0
0
0
0
0
0
0
0
0
0
0
0
0
0
0
0
0
0
0
0
0
0
0
0
0
0
0
0
0
0
0
0
0
0
0
0
0
0
0
0
0
0
0
0
0
0
0
0
0
0
0
0
0
0
0
0
0
0
0
0
0
0
0
0
0
0
0
0
0
0
0
0
0
0
0
0
0
0
0
0
0
0
0
