0
0
0
0
0
0
0
0
0
0
0
0
0
0
0
0
0
0
0
0
0
0
0
0
0
0
0
0
0
0
0
0
0
0
0
0
0
0
0
0
0
0
0
0
0
0
0
0
0
0
0
0
0
0
0
0
0
0
0
0
0
0
0
0
0
0
0
0
0
0
0
0
0
0
0
0
0
0
0
0
0
0
0
0
0
0
0
0
0
0
0
0
0
0
0
0
0
0
0
0
0
0
0
0
0
0
0
0
0
0
0
0
0
0
0
0
0
0
0
0
0
0
0
0
0
0
0
0
0
0
0
0
0
0
0
0
0
0
0
0
0
0
0
0
0
0
0
0
0
0
0
0
0
0
0
0
0
0
0
0
0
0
0
0
0
0
0
0
0
0
0
0
0
0
0
0
0
0
0
0
0
0
0
0
0
0
0
0
0
0
0
0
0
0
0
0
0
0
0
0
0
0
0
0
0
0
0
0
0
0
0
0
0
0
0
0
0
0
0
0
0
0
0
0
0
0
0
0
0
0
0
0
0
0
0
0
0
0
0
0
0
0
0
0
0
0
0
0
0
0
0
0
0
0
0
0
0
0
0
0
0
0
0
0
0
0
0
0
0
0
0
0
0
0
0
0
0
0
0
0
0
0
0
0
0
0
0
0
0
0
0
0
0
0
0
0
0
0
0
0
0
0
0
0
0
0
0
0
0
0
0
0
0
0
0
0
0
0
0
0
0
0
0
0
0
0
0
0
0
0
0
0
0
0
0
0
0
0
0
0
0
0
0
0
0
0
0
0
0
0
0
0
0
0
0
0
0
0
0
0
0
0
0
0
0
0
0
0
0
0
0
0
0
0
0
0
0
0
0
0
0
0
0
0
0
0
0
0
0
0
0
0
0
0
0
0
0
0
0
0
297
207
121
23
-98
-221
-352
-510
-598
-631
-669
-639
-577
-569
-525
-451
-416
-325
-270
-185
-90
-39
89
186
308
436
542
612
636
621
493
426
324
239
253
181
85
-8
-75
-154
-261
-357
-384
-331
-317
-285
-181
-62
52
174
209
201
407
762
949
906
818
861
1127
1326
1145
764
631
838
905
570
159
91
185
27
-338
-572
-531
-620
-899
-1087
-1063
-881
-962
-1161
-1016
-742
-657
-708
-624
-323
-41
-21
-42
235
505
430
227
338
659
635
349
192
350
453
92
-232
-97
91
-222
-799
-895
-505
-461
-1064
-1389
-894
-379
-591
-1062
-938
-302
89
-34
-149
125
392
317
315
615
828
749
642
802
1127
1182
954
887
1055
1051
683
329
260
153
-213
-488
-425
-326
-510
-761
-726
-541
-550
-715
-751
-641
-608
-663
-627
-509
-408
-339
-202
48
225
268
387
571
574
390
210
157
95
-206
-608
-711
-594
-633
-844
-1042
-1142
-1125
-1107
-1185
-1284
-1345
-1297
-1060
-795
-595
-292
138
644
1256
1842
2159
2265
2594
3320
3905
3792
3231
3057
3577
3940
3249
2031
1569
1963
1984
948
-305
-775
-733
-1186
-2187
-2769
-2694
-2764
-3272
-3625
-3375
-2912
-2840
-2902
-2482
-1761
-1337
-1195
-805
-79
425
539
777
1404
1892
1718
1365
1641
2268
2218
1331
736
1059
1203
329
-634
-613
-127
-536
-1712
-2038
-1307
-1055
-1856
-2491
-1914
-983
-1171
-1924
-1602
-363
227
-150
-240
570
1341
1272
1006
1481
2213
2123
1475
1335
1808
1980
1399
885
989
1016
531
-8
-162
-151
-537
-1094
-1181
-1035
-1122
-1339
-1392
-1191
-1068
-1149
-1041
-722
-534
-524
-487
-277
-4
144
227
363
564
793
944
953
830
675
668
730
595
377
320
275
85
-115
-160
-106
-174
-356
-434
-451
-540
-631
-621
-513
-446
-525
-486
-244
-144
-202
-222
-244
-244
-183
-118
-127
-402
-715
-636
-427
-512
-848
-1107
-1007
-787
-787
-877
-785
-338
302
698
586
153
310
1612
2959
2922
1659
1016
2475
4569
4420
2218
1120
2536
4085
3117
708
45
1396
1706
-214
-1688
-923
-61
-1185
-2741
-2496
-1220
-1282
-2855
-3518
-2255
-1176
-1745
-2489
-1752
-458
-572
-1415
-551
1470
1541
-521
-1163
1080
2728
1021
-1187
-214
2074
1414
-1400
-1625
1215
2167
-763
-3010
-1108
1365
-92
-3164
-2632
716
1298
-1866
-3423
-639
2147
958
-1527
-1129
969
1112
-375
-347
1271
1442
-348
-920
953
2163
662
-958
-104
1413
847
-767
-863
179
231
-721
-968
-299
-152
-836
-1002
-187
212
-521
-974
-349
10
-472
-549
103
430
60
-222
220
835
756
438
742
1194
984
527
671
1260
1383
860
539
816
1061
792
296
102
220
174
-334
-1075
-1502
-1355
-1146
-1524
-2237
-2551
-2421
-2366
-2448
-2320
-2010
-1948
-2129
-1859
-906
-260
-487
-354
1137
2684
2668
1849
2155
3865
5388
5437
4510
3920
4168
4893
5423
4865
3171
2033
2619
3262
1936
-275
-925
-252
-656
-2554
-3623
-2846
-2426
-3861
-5089
-4138
-2694
-3096
-4336
-3930
-2134
-1404
-2196
-2219
-576
501
-204
-480
1201
2629
1678
173
918
2917
2901
789
-14
1561
2208
26
-1827
-520
1326
-21
-2899
-2958
-508
29
-2390
-3788
-2008
-220
-1344
-3195
-2395
-57
311
-1273
-1595
199
1412
607
-116
1015
2396
1987
847
1200
2581
2740
1568
1094
1839
2020
889
123
740
1253
358
-825
-860
-483
-961
-1674
-1545
-1094
-1390
-2122
-2099
-1442
-1247
-1467
-1373
-868
-478
-692
-833
-105
705
828
652
744
1298
1768
1643
1500
1831
2145
2026
1652
1423
1595
1788
1411
686
539
982
780
-378
-1102
-792
-628
-1393
-2519
-2542
-1944
-2665
-3822
-3608
-2429
-2236
-3477
-3753
-2363
-1761
-2658
-2630
-764
857
916
483
1279
2639
3019
3547
5041
6078
5206
3485
4097
6980
7988
5332
2640
3270
5389
5065
2061
227
1221
1963
24
-2501
-2677
-1574
-2189
-4165
-4604
-3305
-3089
-4953
-6152
-4511
-2178
-2392
-4248
-4216
-2043
-882
-1549
-1318
690
1576
-50
-1060
1147
3882
3197
503
379
2911
3493
666
-1093
1044
3090
1084
-2073
-1662
902
588
-2413
-2971
-292
613
-2200
-4294
-2257
795
334
-2293
-2574
-363
519
-862
-1346
436
1639
106
-1586
-609
1456
1567
-37
-341
898
1053
-179
-655
499
1176
84
-858
-532
-73
-471
-967
-520
-15
-429
-1145
-1144
-551
-309
-474
-324
104
74
-258
-10
785
1258
1164
1121
1332
1407
1399
1738
2161
2106
1747
1547
1689
1886
1518
887
810
915
668
203
-484
-1045
-1010
-816
-1244
-2306
-2986
-2812
-2817
-3407
-3647
-3280
-2988
-3245
-3480
-2976
-2328
-2284
-2062
-739
857
1614
1482
1565
2478
3418
4565
6164
7007
6023
4245
4577
7310
8721
6289
2948
2992
5220
5137
1927
-400
361
959
-1053
-3558
-3780
-2896
-3850
-5709
-5776
-4342
-4195
-5964
-6567
-4567
-2709
-3180
-4288
-3548
-1536
-789
-1365
-906
1131
2252
983
18
1806
4135
3572
1234
1008
3227
3918
1174
-773
1036
3092
1436
-2027
-2186
515
800
-2264
-3879
-1653
520
-1034
-3810
-3341
-678
-123
-1851
-2391
-850
-78
-1446
-2099
-22
1853
677
-1562
-1229
1086
1825
581
-157
785
1624
828
251
1154
1792
959
-28
289
905
564
-94
-44
436
136
-550
-483
-122
-278
-693
-583
-31
-18
-569
-633
-152
248
397
557
890
903
511
620
1452
1770
1351
1061
1277
1746
1486
813
720
993
1060
576
-117
-489
-617
-903
-1306
-1598
-1740
-1951
-2702
-3430
-3247
-2606
-2413
-2954
-3398
-2959
-2218
-1968
-1864
-1035
332
1215
1326
1676
2445
2916
3932
5770
6905
5957
3917
4125
7150
8934
6540
2983
2785
5005
5262
2560
418
739
951
-1088
-3432
-3204
-2024
-3230
-5822
-6418
-4734
-4155
-5862
-7059
-5790
-3749
-3711
-4818
-4336
-2521
-1780
-2268
-1649
456
1541
421
-430
1342
3865
3704
1475
1169
3528
4587
2343
328
1812
4029
2689
-631
-935
1644
2022
-995
-2924
-1073
847
-875
-3715
-3470
-797
-249
-2529
-3577
-1825
-375
-1565
-2630
-917
1060
31
-2221
-1620
1193
2008
138
-756
890
2210
1114
-64
893
2049
1232
-172
94
1088
669
-614
-565
535
424
-708
-1153
-539
-182
-666
-787
-374
-185
-377
-198
679
1061
531
508
1459
1942
1414
1119
1860
2600
2136
1337
1581
2204
1827
790
371
760
813
-178
-1284
-1554
-1468
-1819
-2466
-2897
-3154
-3594
-3991
-3807
-3220
-3045
-3609
-4128
-3542
-2123
-1329
-1615
-1597
65
2412
3109
2005
1490
3184
6044
7572
6829
5272
4520
5458
7566
8390
6477
3595
2733
4154
4520
2171
-79
0
427
-1498
-4183
-4146
-2667
-3614
-6395
-7145
-5155
-4103
-5906
-7320
-5754
-3530
-3401
-4220
-3500
-1870
-1590
-1889
-332
2211
2445
334
-145
2685
5099
3910
1636
2202
4340
3866
1148
732
3276
3855
363
-2298
-394
2020
25
-3601
-3276
-228
-220
-3693
-5186
-2530
-163
-1466
-3521
-2675
-555
-470
-1562
-908
1031
1314
-245
-709
1037
2476
1724
531
1080
2374
2182
807
408
1404
1937
990
-105
-148
8
-560
-1026
-591
-178
-767
-1587
-1439
-676
-508
-1044
-1220
-620
-119
-321
-466
256
1207
1228
659
845
1855
2372
1783
1247
1874
2847
2748
1756
1278
1679
1625
690
173
478
546
-519
-1972
-2056
-1319
-1816
-3304
-4076
-3487
-2925
-3886
-4793
-3882
-2763
-3012
-3588
-2999
-1724
-1439
-1599
-37
2681
3446
1529
424
3001
6866
7906
6076
4422
4725
6219
7174
6697
5190
3855
3663
3876
2824
787
-239
274
174
-2109
-4346
-4135
-3297
-4229
-5844
-5952
-4770
-4624
-6203
-7115
-5754
-3644
-2778
-2978
-2892
-2287
-1770
-988
858
2942
3167
1456
697
2642
4935
4685
3086
3189
4421
3619
1186
1088
3788
4489
949
-2117
-531
2080
341
-3445
-3231
43
-12
-4074
-5898
-2849
-35
-1596
-4252
-3463
-1079
-1326
-2873
-1598
1287
1127
-1625
-1879
1328
3294
1676
24
1281
3026
2317
875
1517
2887
2153
343
362
1599
1170
-702
-1202
-107
67
-1346
-2227
-1495
-786
-1296
-1783
-1157
-515
-959
-1441
-785
23
35
86
676
1130
1061
1115
1969
2646
2141
1663
2205
2753
2358
1511
1330
1750
1612
872
294
-346
-1323
-1767
-1267
-1179
-2494
-3859
-3748
-2976
-3192
-4231
-4666
-4128
-3587
-3466
-3212
-2759
-2342
-1357
580
2124
1676
566
1866
5204
7134
6377
4913
5113
6977
8196
7322
5364
4340
5118
5857
4206
1280
118
845
613
-1695
-3531
-3179
-2976
-4905
-6800
-6199
-4507
-4843
-6902
-7198
-5293
-4207
-4558
-4100
-2353
-1382
-2167
-2303
266
2931
2486
358
786
3718
4594
2611
1943
4480
5808
3073
257
1586
4804
4151
159
-1488
817
2134
-797
-3670
-2245
551
-524
-4225
-5119
-2376
-783
-2615
-4111
-2673
-757
-1597
-3279
-1896
1224
1727
-764
-1592
1331
3759
2417
564
1903
4255
3834
1512
1367
3459
3610
1349
202
1227
1810
158
-1521
-949
-52
-1176
-2619
-2330
-1460
-1927
-3195
-2745
-964
-618
-1950
-2681
-1363
264
358
-84
368
1223
1210
863
1556
2727
2797
1904
1507
1981
2232
1716
1280
1341
1264
398
-941
-1246
-608
-345
-877
-2249
-3200
-3046
-2806
-2968
-3254
-3283
-3356
-3979
-4269
-3237
-2108
-1899
-1664
-470
1173
1311
216
1061
4372
6898
6271
4215
4332
6837
8334
6998
4682
4227
5741
6213
3879
1114
862
1907
892
-1912
-3067
-2047
-2105
-4588
-6661
-5814
-4062
-4705
-6566
-6400
-4729
-4188
-4866
-4378
-1987
-583
-1916
-2907
-706
2340
2265
9
209
3322
4598
2305
849
3225
5487
3345
166
1494
5018
4208
-243
-1439
1811
3031
-710
-3861
-1823
1248
-522
-4739
-4936
-1543
-708
-3654
-5074
-2601
-514
-1903
-3510
-1713
1062
644
-1305
-277
2863
3412
1093
682
3476
4841
2923
1520
2752
4004
2755
979
1517
2376
1033
-680
-571
258
-622
-2503
-2470
-1265
-1608
-2918
-3169
-2178
-1626
-2279
-2397
-1589
-1282
-1422
-1069
21
845
635
334
968
1909
2133
2203
2483
2466
2304
2063
2016
2083
1800
1492
834
-170
-642
-527
-498
-1255
-2654
-3312
-2994
-3187
-3746
-3719
-3312
-3319
-4204
-4479
-3260
-2213
-2027
-1442
96
1250
617
-119
1635
4809
6362
5139
3522
4255
6555
7773
6592
4511
3945
4978
5407
3680
1413
1118
1919
909
-1732
-2919
-2003
-1846
-3917
-5679
-4922
-3509
-4139
-5856
-5541
-3744
-3586
-4708
-4241
-1981
-1167
-2528
-2400
472
2598
1312
-593
1001
4205
4280
1811
1317
3683
4585
1956
148
2143
4309
2577
-1010
-1316
1268
1516
-1427
-3324
-1934
-214
-1777
-4565
-4286
-1891
-1300
-3156
-4281
-2684
-1017
-1598
-2219
-670
1216
793
-471
643
3180
3723
2205
2027
4261
5281
3312
2027
3719
5303
3534
593
585
2201
1584
-959
-1976
-746
-558
-2560
-3737
-2714
-1962
-3190
-4393
-3443
-1681
-1842
-3215
-2725
-713
233
-453
-787
570
2004
1924
1245
1722
2568
2575
2248
2108
2578
2608
1749
1306
1492
1583
716
-704
-983
-121
-102
-1553
-2881
-2838
-2151
-2674
-3911
-3807
-2967
-3008
-4206
-4839
-3497
-2249
-2236
-1691
184
1624
611
-1014
590
4622
6562
5004
3066
3885
6447
7406
5981
4437
4544
5484
5498
3969
2123
1334
1472
1087
-513
-1709
-1772
-2121
-3652
-5074
-4611
-3416
-3656
-5091
-5757
-4875
-4087
-4103
-3569
-2134
-1502
-2475
-2560
-162
2310
1906
-54
376
2806
3628
2264
1557
3101
4189
2318
286
1599
4011
3143
-251
-1375
804
1762
-878
-3373
-2224
-70
-1227
-4383
-4832
-2243
-889
-2535
-3953
-2669
-990
-1502
-2408
-928
1501
1558
-84
65
2323
3482
2450
2032
3798
4995
3391
1607
2565
4590
4041
1541
665
1438
1265
-560
-1579
-636
-404
-2149
-3537
-2959
-2089
-2619
-3636
-3372
-2102
-1813
-2507
-2425
-1388
-603
-476
-355
299
965
1067
1240
1840
2413
2773
2662
2199
2125
2322
2186
1781
1437
1204
733
-122
-682
-323
175
-776
-2811
-3700
-3025
-2528
-3244
-4151
-3869
-3409
-4241
-4845
-3559
-1757
-1231
-1390
-617
682
828
542
2144
5235
6533
4635
2788
4498
7958
8425
5372
3178
4491
6411
5190
2066
874
1964
1954
-631
-2940
-2337
-809
-1861
-4798
-6139
-4773
-3727
-4858
-5530
-4040
-2863
-4193
-5188
-3114
-306
-379
-2401
-1491
2061
3088
609
-465
2718
5500
3659
841
2186
5323
4487
523
-212
3441
4766
851
-2444
-789
1943
235
-3649
-3739
-834
-730
-4536
-6595
-3984
-1117
-2032
-4411
-4029
-1900
-1556
-2553
-1685
979
1701
-269
-901
2000
4762
3691
1317
2387
5598
5793
2800
1431
3496
4918
3003
796
1310
2252
754
-1285
-1110
223
-561
-2913
-3473
-2242
-1759
-2988
-3921
-3082
-2042
-2478
-2957
-1935
-610
-442
-1132
-647
967
1648
1152
951
1882
2845
3006
2533
2323
2810
2965
2475
1951
1895
1780
669
-629
-799
-136
72
-1280
-3115
-3353
-2774
-2893
-3606
-4094
-4071
-4347
-4717
-4286
-3415
-2954
-2634
-1336
444
611
-701
-440
2567
5432
5321
3397
2988
5045
7289
7366
5534
4015
4310
5542
5458
3366
1418
1451
1823
176
-2238
-2513
-1198
-1581
-4217
-5868
-4669
-3066
-3659
-4988
-4509
-3211
-3453
-4250
-3014
-674
-470
-2097
-1684
1488
3110
1068
-460
1999
4911
3674
705
1320
4412
4237
568
-434
3069
4795
990
-2671
-627
2930
1208
-3694
-4505
-979
-45
-4046
-6874
-4313
-974
-2208
-5213
-4458
-1305
-1052
-3294
-2773
1031
2642
28
-1611
1427
4961
4028
1333
2482
6236
6638
3318
1915
4249
5623
3252
785
1489
2633
900
-1632
-1466
-19
-1102
-3798
-4124
-2385
-2195
-4125
-5081
-3520
-2211
-3129
-3814
-2360
-570
-553
-1591
-1043
1225
2206
1275
944
1961
2900
2906
2565
2965
3545
3055
2239
2106
2344
2243
1094
-256
-267
352
5
-1559
-2950
-2840
-2489
-3192
-3841
-3539
-3059
-3894
-5508
-5133
-2997
-2107
-2601
-2156
-254
712
-583
-1226
1389
4943
5734
3889
2873
4556
6933
7408
5868
4119
3917
4845
4671
2933
1493
1357
1434
193
-1752
-2207
-1503
-2143
-4242
-5419
-4612
-3524
-3830
-4687
-4729
-4316
-4146
-3591
-1876
-298
-881
-2507
-1830
1281
2950
1335
-236
1360
4045
4061
2080
1987
4042
4264
1610
175
2343
4306
1945
-1929
-1987
849
1260
-1969
-4200
-2460
-628
-2765
-5993
-5661
-2728
-1701
-3790
-5160
-3238
-1184
-1825
-2363
-41
2524
1784
-527
293
3968
5262
2903
1625
3906
6032
4663
2449
3110
4897
4192
1887
1110
1771
1263
-728
-1597
-854
-1075
-2736
-3621
-3028
-2558
-3430
-4435
-3857
-2648
-2625
-3229
-2749
-1283
-505
-757
-587
526
1524
1722
1661
2114
2929
3229
2825
2576
2943
3180
2700
2166
2298
2542
1812
211
-796
-417
25
-1053
-2882
-3466
-2898
-2951
-3711
-3734
-3274
-3933
-5263
-5111
-3344
-2119
-2176
-1746
-38
842
-474
-1382
1074
4976
5872
3551
2238
4131
6703
6978
5288
3926
4156
5201
5271
3643
1715
1194
1555
867
-1017
-2150
-1851
-2068
-3978
-5446
-4282
-2307
-2764
-4889
-5195
-3527
-2938
-3711
-3001
-810
-533
-2462
-2375
1296
4055
2398
-112
1356
4605
4260
1322
1354
4336
4493
647
-1225
1936
4735
2019
-2506
-2292
1276
1287
-3062
-5204
-2399
-264
-3061
-6548
-5288
-1527
-1007
-3647
-4499
-2205
-616
-1755
-2474
-239
2100
1010
-1257
4
3899
5114
2778
1844
4470
6335
4318
1873
2947
5312
4556
1542
477
1692
1852
-8
-1269
-705
-724
-2542
-3726
-3009
-2419
-3349
-4357
-3671
-2357
-2611
-3479
-2629
-889
-558
-1516
-1633
160
1976
1886
1164
1500
2415
2858
2622
2644
3287
3224
2183
1498
1728
2215
1699
93
-727
-82
275
-890
-2673
-3262
-2598
-2632
-3511
-3479
-2997
-3734
-5080
-4953
-3064
-1947
-2663
-2445
-187
1228
48
-1319
536
4562
6243
4523
2718
3399
5880
7568
6835
4652
3364
4092
5216
4332
1929
717
1140
726
-1490
-2940
-1946
-1284
-3585
-6316
-5847
-3308
-2623
-4477
-5565
-4275
-3021
-3201
-2800
-921
-62
-1436
-2007
541
3495
3052
401
321
3423
4902
2840
1328
3240
5167
3008
-400
333
3600
3447
-585
-2817
-503
1603
-801
-4366
-4047
-1420
-1682
-4922
-6064
-3496
-1583
-3105
-4882
-3512
-1110
-1321
-2736
-1468
1634
2168
-22
-242
2964
5172
3696
2086
3711
5890
4850
2446
2798
5023
4966
2430
1042
1723
1693
-36
-1141
-731
-902
-2476
-3467
-2886
-2478
-3402
-4169
-3616
-2855
-2955
-3373
-2981
-1810
-1175
-1290
-927
181
1145
1335
1208
1647
2453
2970
3000
2762
2916
3194
2758
2260
2486
2747
1918
212
-627
-94
137
-895
-2295
-2791
-2626
-2996
-3549
-3407
-3248
-3954
-5074
-5071
-3504
-2308
-2468
-2135
-309
989
166
-657
1305
4700
5827
4013
2420
3638
6252
7110
5634
3960
3801
4708
4959
3565
1571
750
907
168
-1661
-2468
-1686
-1745
-4004
-6097
-5384
-3136
-2601
-3963
-4701
-4099
-3660
-3726
-2698
-533
40
-1555
-1742
1114
3470
2343
345
1517
4533
4785
2246
1537
3920
4998
2335
-11
1776
4450
2714
-1915
-3200
-160
1362
-1674
-4716
-3590
-1428
-2921
-6092
-5744
-2588
-1987
-4598
-5592
-2976
-701
-1879
-3323
-1158
2051
1791
-512
72
3668
5291
3320
2078
4301
6591
5100
2257
2827
5474
5310
2323
702
1583
1706
-268
-1462
-668
-448
-2206
-3977
-3789
-2851
-3288
-4301
-4015
-2969
-2806
-3331
-2935
-1496
-609
-799
-796
260
1546
1932
1653
1633
2251
3077
3396
3199
2959
2864
2754
2363
2070
2222
1707
43
-1122
-703
162
-384
-2323
-3471
-3046
-2685
-3133
-3350
-3010
-3310
-4587
-5089
-3786
-2204
-1711
-1390
-271
397
-472
-917
1444
5048
5999
3780
2180
3870
6830
7393
5089
3019
3647
5478
5225
2643
759
1107
1561
-112
-2531
-2765
-1320
-1798
-4867
-6548
-4643
-2571
-3525
-5343
-4807
-3068
-3047
-3910
-2564
193
573
-1463
-1668
1608
4117
2462
234
1733
4619
4454
2122
2189
4786
4646
685
-1087
2190
4853
1810
-2879
-2542
1007
766
-3539
-5267
-2233
-286
-3347
-6927
-5692
-1951
-1411
-4002
-4750
-2386
-1002
-2442
-2936
78
2906
1594
-961
485
4527
5443
2881
2042
4618
6117
3915
1833
3227
5246
3974
1008
522
1913
1292
-1063
-1721
-702
-1028
-3259
-4373
-2837
-1640
-3175
-4940
-4110
-2243
-2134
-3098
-2560
-661
73
-813
-1000
590
2276
2477
1762
1751
2813
3557
3254
2933
3104
2989
2250
1720
2116
2496
1359
-678
-1413
-346
286
-1285
-3424
-3582
-2415
-2476
-3888
-4467
-3837
-3834
-4602
-4363
-2866
-1805
-1749
-1288
-88
301
26
1290
4192
5841
4450
2315
3178
6690
8399
6220
3274
3267
5530
6009
3259
792
1355
2477
631
-2792
-3423
-1176
-630
-3602
-6317
-5392
-3147
-3534
-5285
-4755
-2765
-2727
-4350
-3959
-1004
529
-933
-1639
932
3320
1727
-776
1007
5050
5206
1592
567
4013
5684
1970
-1331
1167
5022
3227
-2028
-2887
908
1760
-2448
-4887
-1969
362
-2899
-7117
-5899
-1579
-949
-4241
-5450
-2622
-574
-2105
-3282
-732
2182
1204
-1227
-14
3876
5035
2707
1898
4704
6710
4586
1839
2922
5681
5069
1752
596
2160
2260
-399
-2132
-1034
-380
-2528
-4671
-3843
-2027
-2764
-4994
-4957
-2916
-2263
-3403
-3617
-1817
-102
-348
-1291
-655
1264
2418
2139
1571
1791
2649
3261
3231
3085
3218
3053
2302
1906
2141
1820
493
-625
-373
359
-540
-2698
-3473
-2466
-2055
-3394
-4625
-4159
-3484
-4056
-4559
-3723
-2310
-1390
-834
-308
-465
-1019
315
3909
6205
4565
1720
2320
6213
8542
6523
3103
2606
4780
5655
3596
1366
1395
2040
599
-2151
-3138
-1886
-1310
-3235
-5577
-5433
-3677
-3581
-5138
-5228
-3268
-2133
-3299
-4280
-2586
-105
108
-734
434
2662
2371
168
738
4512
5896
2645
277
2918
5892
3500
-808
21
4351
4241
-985
-3290
325
2591
-1329
-5329
-3054
854
-1274
-6791
-7069
-2001
26
-3801
-6571
-3649
-4
-1099
-3608
-1811
2102
2104
-870
-580
3517
5400
2957
1152
3356
6077
5025
2354
2721
4964
4675
2043
852
1863
1833
-456
-2004
-1198
-401
-1857
-4161
-4254
-2576
-2281
-3709
-4439
-3360
-2065
-2360
-3175
-2373
-385
529
-420
-1196
133
2239
2795
1930
1544
2535
3494
3005
2189
2524
3121
2666
1577
1023
1128
763
-359
-879
-440
-560
-2081
-3504
-3012
-1872
-2604
-4290
-4328
-3136
-3058
-4085
-3823
-1756
-175
-217
-609
-354
407
1825
4035
5489
4421
2380
2935
6150
7794
5541
2778
3403
5654
5089
1845
271
1654
2306
-73
-2770
-2838
-1699
-2343
-4454
-5260
-4158
-3565
-4810
-5838
-4643
-2672
-2437
-3465
-3342
-1788
-817
-944
-230
1966
3051
1338
-240
1803
5319
5233
1982
1275
4414
5589
1858
-1086
1621
5145
2777
-2449
-2651
1466
1834
-3010
-5309
-1622
867
-3317
-8046
-5717
-247
-508
-5540
-6762
-2555
-125
-2607
-4198
-838
2779
1603
-1099
357
4302
4909
2358
2197
5375
6587
3759
1849
4240
6706
4502
370
-94
2437
2671
-414
-2496
-1551
-756
-2594
-4869
-4612
-2732
-2200
-3439
-4248
-3474
-2454
-2534
-2859
-2084
-676
-69
-594
-826
351
1777
2144
2093
2639
3420
3188
2176
2191
3268
3494
2260
1004
910
1026
175
-609
-269
-37
-1289
-2976
-3009
-1757
-1581
-3114
-4572
-4359
-3184
-2671
-2585
-1943
-1075
-655
-646
-250
1265
3055
3708
3355
2975
3283
4605
5994
5735
3845
2589
3635
5206
4418
2046
1019
1478
1116
-751
-2052
-1757
-1949
-3728
-5048
-4523
-3780
-4470
-5374
-4761
-3484
-3185
-3621
-3333
-2110
-1399
-1545
-913
972
2284
1667
430
1142
3839
5315
3877
2177
2966
4587
3708
1188
999
3314
3697
334
-2512
-1015
1617
207
-3433
-3835
-1280
-838
-3917
-6008
-3889
-1096
-2077
-4862
-5026
-2839
-1626
-1983
-1522
155
464
-838
-560
2308
4548
3535
1456
1943
4117
4728
3667
3141
3823
4065
2902
1912
2120
2131
1106
133
-65
-328
-1396
-2504
-2791
-2764
-2989
-3225
-3292
-3188
-3042
-2994
-2682
-2078
-1612
-1252
-1008
-830
-200
793
1381
1178
894
1567
2741
3160
2719
2274
2271
2286
2167
2249
1947
657
-753
-1019
-287
-345
-1795
-2682
-2080
-1500
-2098
-3297
-3880
-3753
-3507
-2948
-2036
-1362
-1070
-924
-590
137
1183
2725
4525
4973
3196
1667
3572
7394
8110
4428
1126
2395
5449
4918
1627
630
2169
1616
-1946
-3711
-1644
-346
-3049
-6170
-5453
-2985
-3577
-6324
-6088
-2611
-975
-3145
-4883
-2829
-51
-360
-1573
206
3243
2682
-756
-958
3483
6404
3715
93
1701
5737
4811
-125
-1056
3426
5488
916
-3704
-1784
2328
896
-3986
-4089
550
1372
-4070
-7701
-4079
874
-387
-5180
-5872
-2320
-700
-2432
-2472
743
1886
-1223
-2774
1113
5434
4390
745
956
4393
5076
2334
1480
4134
5507
2982
627
1773
3229
1430
-1148
-664
1179
208
-2961
-4144
-2584
-1446
-2327
-3538
-3479
-2831
-2647
-2477
-1802
-1135
-893
-1008
-1245
-1056
-82
1256
1902
1181
186
727
2428
3229
2487
1543
1502
1702
1154
508
587
612
-235
-1316
-1634
-1320
-1225
-1390
-1250
-1083
-1744
-3024
-3522
-2640
-1351
-604
-494
-656
-798
-863
-211
1933
4538
5275
3312
992
1670
5053
6965
4944
1764
1578
3829
4216
1646
-27
1504
2839
557
-2800
-3079
-1216
-1057
-3075
-4122
-3228
-3230
-5068
-5693
-3585
-1513
-1936
-3220
-2889
-1711
-1499
-1460
176
2520
2649
130
-1517
514
4149
5165
3082
1497
2422
3438
2198
828
2222
4192
2438
-1711
-2602
579
2240
-592
-3556
-2401
78
-939
-4124
-4463
-1640
-223
-2118
-4171
-3805
-2552
-2401
-2222
-513
896
-394
-2524
-1604
2015
4035
2717
990
1407
2641
2606
2091
2821
3910
3294
1557
1069
1915
1984
790
-12
148
-17
-988
-1809
-2045
-2095
-2044
-1695
-1448
-2031
-2992
-2985
-1829
-615
-116
-119
-211
-697
-1407
-754
1415
2564
1448
-128
-226
1045
1918
1454
978
1276
1171
129
-736
-403
420
247
-887
-1701
-1449
-768
-1052
-1907
-1714
-1049
-1480
-2573
-2453
-435
1528
1344
-281
-1044
201
2535
4144
4312
3486
2478
2614
4496
6459
5424
1915
777
3482
5268
2344
-1400
-616
2248
1403
-2707
-4021
-1288
-422
-3871
-6458
-3995
-953
-3062
-7091
-6500
-2073
-615
-3136
-3942
-1313
124
-2102
-2743
1601
5342
2603
-2362
-1059
4851
6458
2353
487
3978
6028
2084
-1606
1623
6429
4242
-2554
-3849
1253
3225
-1480
-5166
-1811
2210
-675
-6497
-6228
-709
857
-3273
-5805
-3038
-681
-2860
-4625
-1397
2729
1173
-3521
-3577
1294
4150
1883
-302
1431
3409
1945
-200
1424
4728
4404
1177
-11
1763
2479
606
-370
1243
2094
-166
-2662
-2177
46
284
-1769
-2389
-951
-688
-2383
-3166
-1437
201
-399
-1546
-1024
-118
-918
-1699
-370
1597
1365
-710
-1029
1044
1778
-46
-729
1485
2936
699
-2298
-1782
1067
1570
-1045
-2487
-688
735
-959
-2879
-1787
313
-201
-2240
-1647
1568
2811
593
-1027
1043
4353
4863
3150
2601
3435
3955
4380
5119
4835
2661
917
2217
4271
2971
-569
-1738
156
712
-2102
-4321
-3153
-1619
-2890
-5215
-5198
-3460
-3320
-4861
-5036
-3140
-1835
-2526
-3213
-2144
-733
-720
-825
939
3033
2292
-190
27
3352
5099
3207
1629
3224
4547
2084
-810
921
4842
4251
-508
-2251
964
2636
-753
-3529
-1043
1810
-794
-5440
-5285
-1226
-66
-3219
-4932
-2672
-1071
-3021
-4437
-1546
2085
923
-3092
-3339
673
3024
1258
-461
1255
3566
2676
616
1359
3811
4080
1930
826
2024
2587
876
-519
324
1503
766
-1164
-1988
-1142
-322
-675
-1379
-1488
-1329
-1509
-1750
-1435
-760
-370
-379
-485
-484
-402
-260
81
597
894
710
429
554
696
367
55
391
1052
811
-670
-1656
-1012
-62
-329
-1380
-1544
-881
-1224
-2367
-2407
-1408
-1036
-1529
-1035
939
1828
428
-706
858
3936
5375
4376
2815
2050
2665
4772
6370
4957
1750
862
3188
4531
2076
-935
-515
1359
219
-2944
-3473
-1448
-1375
-4045
-5234
-3241
-1929
-4061
-6396
-4965
-1767
-1527
-3831
-4124
-1689
-572
-2069
-2194
1112
3611
1607
-1403
-61
4091
4931
1698
262
3086
4957
2323
-240
2031
5473
3650
-1442
-1865
2704
4044
-481
-3638
-721
2679
-53
-5226
-4759
212
1479
-2628
-5329
-3071
-799
-2423
-3896
-1277
1560
-266
-3816
-2951
1490
3163
763
-564
1491
3178
1853
423
1834
3532
2415
642
1159
2430
1691
-142
-229
1065
1042
-401
-1254
-1102
-1073
-1490
-1348
-468
-432
-1583
-2046
-1205
-506
-542
-444
107
86
-853
-1133
66
1222
985
-37
-328
418
899
516
153
256
399
199
-444
-1174
-1420
-1094
-758
-1081
-1616
-1316
-878
-1560
-2410
-1892
-566
-410
-1501
-1162
1256
2487
830
-844
783
4436
5920
4402
2738
2791
4061
5261
5595
4770
3129
2320
3144
3504
1784
29
596
1739
338
-2483
-3164
-1742
-1602
-3634
-4692
-3436
-2877
-4679
-6121
-4687
-2302
-2415
-4155
-3936
-1928
-1264
-2305
-2048
656
2407
654
-1395
202
3600
4256
2125
1363
3071
3520
1398
685
3486
5656
2980
-1514
-1430
2580
3627
-50
-2708
-651
1970
-108
-4277
-4115
-244
717
-2819
-5016
-2692
-523
-2329
-4200
-1755
1622
255
-3743
-3468
1144
3173
457
-1395
782
2853
1461
-159
1335
3209
2128
137
582
2240
1662
-434
-395
1360
1237
-918
-1874
-668
-103
-1498
-2198
-834
80
-1095
-2427
-1773
-165
178
-429
-361
41
-403
-1051
-485
871
1293
493
-178
-64
207
229
308
617
783
435
-174
-559
-703
-671
-488
-549
-840
-931
-1243
-1958
-1953
-815
-31
-682
-1183
358
2513
2440
516
189
3070
6001
5475
2929
1960
3430
5486
6288
5267
2839
1026
1837
3878
3383
345
-1324
-321
527
-1335
-3572
-3010
-1498
-2310
-4608
-4859
-3145
-3022
-5138
-5701
-3228
-1210
-2199
-4106
-3337
-1087
-738
-1461
-355
2048
2143
-297
-941
2254
5022
3510
976
1940
4368
3347
173
654
4553
5034
273
-2849
182
4048
2033
-2891
-2946
1188
1566
-3295
-5790
-1986
1595
-1274
-5921
-4817
-548
-804
-4558
-4132
749
1976
-2695
-5286
-1118
3451
1923
-1925
-1121
2702
2818
-327
-418
2997
3889
618
-1307
1004
3148
1190
-1448
-449
1901
1369
-1309
-1797
124
528
-1206
-1839
-155
688
-1209
-2861
-1492
746
599
-854
-951
-58
-160
-1093
-764
1002
1755
455
-672
-90
741
329
-470
95
1226
913
-779
-2156
-1529
25
241
-756
-1442
-1241
-1186
-1788
-1832
-503
677
500
405
1598
2529
1292
6
2228
6238
6841
3255
566
2573
6434
7043
4171
1658
1788
3195
3459
2114
677
356
461
-322
-1695
-2224
-1785
-1807
-2948
-3913
-3446
-2502
-2872
-4129
-4124
-2457
-1186
-1667
-2624
-2435
-1619
-1306
-848
700
1821
375
-1851
-896
2606
3800
1223
-633
1443
3519
1308
-1588
282
4528
4274
-636
-2861
401
3096
840
-2361
-1233
1725
215
-4528
-5315
-1106
1405
-1536
-5126
-4059
-1021
-1379
-3836
-3160
416
1239
-2066
-3831
-846
2339
1392
-875
-5
2518
2396
236
177
2447
3278
1333
-420
386
1902
1372
-231
-343
575
310
-1133
-1740
-868
-306
-1134
-1795
-1033
9
-250
-1353
-1266
79
597
-68
-546
-81
711
365
-702
-593
594
1383
870
-367
-515
457
784
149
-199
268
259
-1043
-1873
-918
230
-327
-1701
-1505
-306
-787
-2202
-1740
120
1038
1014
1530
2251
1562
569
2562
6611
7388
3670
985
3504
7872
8004
3820
1022
2622
5156
4318
1021
-612
364
838
-1068
-3147
-2856
-1579
-2454
-4968
-5382
-3100
-2390
-5177
-7134
-4951
-1990
-2387
-4280
-3604
-1302
-1294
-3068
-2031
2280
3896
246
-2364
702
4679
3776
433
1018
4598
4081
-616
-1744
3010
6252
2441
-2606
-1223
2921
1943
-2601
-3045
1399
3011
-1839
-6375
-4333
500
957
-2551
-3867
-1662
-758
-2934
-3880
-1034
1655
191
-2775
-2341
722
1774
179
-305
1462
2259
641
-454
1028
2880
2350
360
-128
1035
1372
490
135
514
380
-425
-704
-164
-47
-824
-1482
-1271
-679
-545
-716
-722
-859
-1082
-814
-107
282
-45
-314
117
412
56
-101
425
816
296
-383
-151
577
851
396
-264
-454
-448
-659
-794
-768
-814
-1006
-1280
-1631
-2003
-1804
-974
-427
-72
849
1786
1550
477
919
3732
6026
5257
2766
2058
4431
6825
6007
2911
1085
2540
4893
4263
1009
-1119
-366
788
-465
-2520
-2454
-1357
-2331
-5147
-5737
-2860
-1255
-3855
-6762
-5590
-2223
-1642
-3612
-3626
-1366
-698
-2256
-2089
1303
3302
877
-1421
933
4552
3787
388
741
4523
4782
248
-1761
2354
5903
2833
-2115
-1380
2844
2481
-2653
-4279
334
3385
-638
-5887
-4937
-422
347
-2742
-3881
-1762
-932
-3027
-3760
-767
1715
-165
-3094
-1956
1764
2749
681
-12
1871
2818
1357
457
1987
3498
2587
774
565
1405
1337
520
322
460
-260
-1347
-1327
-486
-346
-1078
-1514
-1256
-1161
-1410
-1165
-454
-246
-915
-1451
-750
324
513
181
-94
-101
113
253
611
991
713
204
-134
-206
183
334
-193
-708
-700
-400
-620
-1444
-1699
-1137
-940
-1498
-1785
-1186
-697
-1128
-1139
641
2544
1856
-435
-240
3259
5777
4594
2301
2150
4023
5700
5605
3972
2109
1785
3598
4774
2607
-647
-1112
664
837
-1675
-3328
-2046
-1346
-3855
-6004
-4302
-1575
-2499
-5977
-6542
-3191
-999
-2390
-3743
-2296
-421
-974
-2069
-274
2644
2250
-381
-205
3036
4140
1296
-229
2807
5225
2343
-1528
-55
4516
4600
-243
-2411
919
3285
55
-3800
-1973
2363
1473
-3924
-5613
-1364
1696
-1000
-4345
-2834
120
-1010
-3751
-2343
1730
1883
-2344
-3847
310
3833
1866
-1209
145
3423
3112
358
423
3284
4163
1861
92
942
2018
1150
-8
208
359
-699
-1640
-1284
-583
-991
-1913
-1928
-1434
-1470
-1794
-1544
-758
-534
-1084
-1096
-261
253
74
-53
251
508
250
171
968
1634
1156
210
0
691
969
-90
-1280
-1085
20
-64
-1975
-3077
-1584
101
-756
-3011
-3319
-1277
-197
-1188
-1169
1246
2901
1316
-580
1258
5199
6347
4036
2278
3476
5551
5871
4565
3044
2213
2589
3625
3293
776
-1437
-955
495
-268
-2601
-3308
-2324
-2723
-4846
-5333
-3311
-2429
-4628
-6622
-5260
-2456
-1810
-3080
-3267
-1711
-734
-1173
-777
1506
2915
1370
-308
1375
4409
4284
1684
1421
4064
4675
1380
-792
1962
5233
3134
-1608
-1789
2106
2666
-1604
-3594
65
2875
-732
-5691
-4372
799
1399
-3128
-5107
-1830
414
-2192
-4451
-1562
2184
551
-3638
-2973
1917
3660
486
-1443
1207
3649
2062
23
1258
3462
2917
551
130
1692
1880
311
-461
107
286
-589
-1192
-706
-270
-1001
-2168
-2182
-874
50
-541
-1551
-1429
-481
-47
-312
-382
29
339
194
-22
154
562
703
581
624
785
560
22
-119
217
237
-352
-813
-786
-1008
-1821
-2195
-1405
-737
-1691
-3204
-3037
-1493
-811
-1033
-31
2022
2199
46
-645
2457
6094
6066
3349
2149
3760
5763
6020
4623
2850
2086
2814
3646
2674
312
-961
-270
285
-960
-2605
-2815
-2555
-3578
-4821
-4147
-2671
-3379
-5796
-6262
-3858
-1862
-2360
-3311
-2587
-1501
-1877
-2235
-205
2677
2577
-220
-899
2321
4914
3423
1290
2625
4799
3217
-57
611
4534
5148
820
-1977
664
3281
481
-3366
-1679
2489
1372
-4155
-5736
-1229
1940
-1074
-5070
-3864
-304
-650
-3534
-2746
1296
1877
-2097
-3672
436
4222
2463
-978
-284
2794
2905
541
513
3093
3641
901
-874
784
2721
1693
-618
-1013
-29
-299
-1729
-1865
-452
-180
-1988
-3210
-1966
-107
-151
-1521
-1851
-847
-93
-125
-235
-2
295
160
-175
-21
333
343
432
745
679
32
-641
-454
562
1089
297
-1117
-1599
-711
-232
-1071
-1567
-803
-327
-1509
-2942
-2361
-552
242
239
851
1584
811
-565
756
4687
6570
4233
1501
2374
5370
6300
4391
2430
2266
3131
3380
2262
546
-382
-141
186
-588
-1976
-2562
-2660
-3517
-4442
-3867
-2463
-2532
-4445
-5563
-4100
-2104
-2015
-2773
-2237
-1035
-1176
-1929
-529
2431
2997
560
-664
1685
4312
3447
999
1424
3905
3626
551
-62
2941
4129
884
-1904
-158
2425
667
-3067
-2697
912
1077
-3219
-5478
-2628
226
-1354
-4292
-3815
-1222
-1051
-3061
-2863
53
1149
-1283
-3014
-771
2502
2478
205
22
2318
3202
1569
922
2715
3672
1744
-286
504
2477
2325
206
-1125
-777
-462
-1169
-1504
-646
-305
-1648
-3072
-2678
-914
65
-841
-2217
-2365
-1474
-467
224
522
464
-40
-552
-124
1019
1656
1242
470
481
958
531
-394
-230
883
1176
-147
-1608
-1581
-681
-479
-1058
-1343
-1198
-1622
-2394
-1933
-347
505
329
487
1276
1398
555
1037
4040
6453
5188
2175
1766
4646
6941
5843
3012
1675
2891
4586
4009
1547
-45
104
310
-635
-1746
-1757
-1742
-3280
-4993
-4475
-2453
-2085
-4280
-5846
-4390
-2289
-2299
-3207
-2773
-1488
-1340
-2076
-1196
1346
2140
87
-1110
1199
3986
3240
666
904
3437
3462
595
-66
3068
4667
1353
-2002
-199
3198
1782
-2596
-2882
983
1860
-2396
-5336
-2763
629
-584
-3981
-4140
-1600
-1109
-3172
-3316
-198
1439
-1289
-3940
-1770
2376
2781
-55
-1149
763
2268
1462
722
2003
3073
1568
-594
-207
2060
2611
655
-996
-892
-289
-482
-1213
-1247
-643
-1000
-2325
-2671
-1474
-232
-441
-1542
-1838
-1035
-299
-85
54
311
560
101
-222
394
996
1393
1137
620
641
690
552
324
379
660
443
-462
-1047
-1007
-861
-581
-605
-1038
-1611
-2198
-2055
-1115
-238
517
1369
1656
798
-178
862
3933
6067
5214
2773
1885
3907
6523
6519
3957
1731
2194
4268
4343
1752
-233
125
943
-47
-1969
-2249
-1500
-2284
-4117
-4283
-2434
-1841
-4250
-6209
-4611
-1779
-1501
-3218
-3255
-1257
-660
-2052
-1984
771
2672
966
-1365
-53
3255
3562
976
533
3246
4027
787
-1293
1454
4504
2508
-1704
-1864
1361
1773
-1709
-3298
-350
1799
-1353
-5495
-4416
-265
409
-2831
-4472
-2249
-551
-2464
-4028
-1436
1721
305
-3453
-3260
938
3181
1257
-670
633
2685
2148
743
1563
3251
2689
411
-366
1034
1932
943
-374
-766
-905
-1553
-1989
-1458
-829
-1173
-2128
-2545
-1846
-770
-531
-1138
-1615
-1233
-156
435
-85
-430
290
1007
771
145
288
1309
1883
1325
644
675
959
818
505
706
889
27
-1109
-1194
-602
-373
-722
-1148
-1496
-2060
-2123
-1198
-466
-96
997
2248
2006
521
541
3572
6505
5888
3325
2669
4719
6791
6224
3680
2010
2506
3981
4083
1768
-658
-643
479
-41
-1890
-2611
-2037
-2722
-4927
-5261
-2638
-1028
-3361
-6508
-5841
-2375
-890
-2311
-2977
-1310
-341
-1926
-2642
242
3054
1752
-1104
-592
2696
3505
909
290
3313
4383
709
-2217
590
4860
3562
-1350
-2346
1037
1936
-1776
-3735
-334
2467
-852
-5791
-5072
-318
955
-2633
-4877
-2586
-437
-2359
-4399
-1804
2017
1011
-2959
-3095
1148
3596
1641
-221
1343
3198
1997
263
1483
3689
3068
528
-191
1339
2109
822
-528
-468
-183
-891
-1577
-1173
-769
-1426
-2277
-2280
-1648
-1116
-986
-986
-974
-983
-587
143
301
125
397
682
685
632
657
1103
1428
1048
765
750
574
426
339
262
-104
-868
-1155
-975
-1074
-1271
-1237
-1090
-1451
-2364
-2294
-989
-193
-22
878
2029
1578
23
505
3955
6744
5540
2419
2122
5054
6959
5432
2701
1744
2784
3874
3301
1226
-611
-871
-264
-590
-1967
-2621
-2133
-2472
-4417
-5372
-3479
-1602
-2991
-5706
-5660
-2866
-1192
-2175
-2897
-1717
-831
-1326
-1200
759
2458
1472
-267
931
3633
3523
1197
1023
3543
4275
1134
-1241
1038
4040
2588
-1183
-1618
1202
1490
-2247
-3989
-621
2166
-817
-5591
-5300
-980
488
-2623
-4731
-2538
-240
-1730
-3550
-1273
2099
1210
-2226
-2084
2027
4248
2089
163
1938
4040
2946
910
1718
3813
3247
905
112
1358
1871
384
-639
-161
-163
-1502
-2431
-1650
-374
-822
-2570
-3077
-2044
-1163
-1312
-1763
-1614
-1261
-1361
-1110
-147
327
265
106
-20
226
434
678
1121
1121
890
768
542
272
215
405
425
17
-520
-995
-1439
-1490
-1007
-571
-707
-1670
-2401
-1783
-853
-25
1017
1789
1501
-64
-348
2343
5363
5633
3415
1890
3230
5653
5924
3766
1489
1493
3579
4427
2182
-876
-1476
-21
241
-1644
-2799
-2081
-2229
-4284
-5514
-3640
-1397
-2473
-5360
-5853
-3195
-1184
-1981
-3023
-1906
-548
-1067
-1526
320
2740
2219
-57
254
3115
4162
1772
299
2695
4823
2624
-730
61
3667
3681
-554
-2438
554
2765
-316
-3992
-2135
1840
793
-4271
-5657
-1528
1192
-1548
-4727
-3143
-21
-933
-3808
-2561
1786
2323
-1750
-3352
693
4397
2702
-522
383
3574
3706
1275
1086
3430
3805
1119
-447
1205
2778
1544
-497
-836
-491
-1218
-2157
-1675
-451
-567
-2235
-3268
-2331
-848
-530
-1034
-1333
-1225
-842
-366
-73
117
334
267
-65
-108
248
635
819
725
560
645
635
90
-366
-123
91
-390
-904
-944
-1138
-1743
-1802
-907
-358
-1184
-2182
-1704
-319
424
658
1272
1622
863
436
2299
5175
5615
3132
1413
3151
6049
6043
2994
759
1901
4356
4299
1358
-1062
-853
55
-778
-2449
-2650
-1867
-2596
-4898
-5670
-3550
-1820
-3329
-5658
-5180
-2753
-1914
-2855
-2493
-589
-35
-1311
-1551
985
3361
2175
40
1186
4066
4314
1739
919
3671
5104
2203
-479
1312
4362
3068
-1253
-2209
1030
2406
-965
-3983
-1873
1513
-113
-4677
-5138
-1165
644
-2254
-4675
-2770
-215
-1488
-3962
-2473
1294
1400
-2022
-2885
624
3380
2010
-91
923
3059
2632
941
1615
3859
3914
1615
358
1407
2502
1890
567
-20
-198
-919
-1746
-1615
-856
-810
-1804
-2781
-2833
-2137
-1372
-1044
-1248
-1458
-1139
-520
-228
-250
83
661
613
58
-85
449
831
443
357
993
868
-212
-923
-559
379
501
-249
-893
-1466
-1730
-1332
-685
-323
-988
-2059
-2036
-1176
3
1376
2202
1868
537
264
2804
5748
5776
3255
1670
3632
6747
6604
3271
756
1700
4113
4013
1109
-1124
-794
32
-1051
-2798
-2597
-1416
-2300
-4943
-5616
-3230
-1448
-2979
-5292
-4646
-2165
-1411
-2610
-2692
-835
-26
-1069
-1209
1080
2836
1318
-653
685
3774
3860
1133
473
3096
4291
1536
-747
1412
4589
2821
-1627
-1985
1606
2562
-1611
-4439
-1568
1934
-108
-4980
-5299
-1203
606
-2363
-4839
-2885
-377
-1483
-3669
-2137
1536
1489
-1989
-2927
628
3665
2368
83
729
2753
2877
1628
1853
3230
3100
1142
58
1106
1903
1193
228
-375
-930
-1625
-1943
-1508
-949
-942
-1605
-2499
-2800
-2334
-1299
-489
-911
-1657
-1600
-663
82
9
132
480
618
313
4
511
1263
1331
856
775
1050
875
197
-282
-203
-18
-93
-649
-1505
-2002
-1769
-1084
-749
-1192
-1704
-1551
-954
49
1580
2571
1779
129
459
3742
6599
5463
2143
1482
4592
7421
6201
2455
629
2137
4156
3704
1168
-769
-870
-562
-1434
-2540
-2080
-1124
-2335
-5227
-6086
-3533
-1360
-2815
-5334
-5132
-3090
-2291
-2801
-2324
-876
-736
-1682
-950
1592
2599
797
-399
1649
4151
3379
934
1108
3508
3656
846
-361
2155
4013
1338
-2327
-1506
2069
2199
-1869
-4268
-1614
1515
-327
-4570
-4854
-1402
-70
-2637
-4533
-2756
-707
-1874
-3546
-1748
1499
1254
-1910
-2391
1150
3802
2716
934
1621
3016
2358
1324
2494
4279
3756
1349
95
1042
1853
1120
273
136
-405
-1784
-2544
-1792
-817
-941
-1819
-2533
-2688
-2337
-1608
-813
-621
-1140
-1341
-589
224
264
141
551
1015
951
653
696
1075
1249
962
671
770
884
517
-143
-511
-352
-138
-616
-1720
-2338
-1810
-987
-1052
-1877
-2295
-1899
-1437
-966
452
2270
2069
-329
-1104
2094
5886
5778
2507
966
3479
6757
6732
3638
1003
1394
3588
4238
2265
-116
-776
-401
-936
-2223
-2387
-1470
-1877
-4337
-5935
-4350
-2042
-2636
-5026
-5356
-3366
-2189
-2725
-2725
-1320
-402
-957
-1025
807
2390
1553
208
1355
3815
3927
1812
1344
3466
4446
2105
-278
1061
3899
3049
-925
-2197
642
2224
-672
-3897
-2686
639
212
-3947
-5598
-2252
630
-1434
-4709
-3812
-487
-122
-2623
-2787
603
2314
-285
-2422
-15
3609
3519
1037
804
2881
3489
2049
1632
3034
3530
1853
209
337
1059
910
283
-110
-659
-1613
-2241
-2041
-1519
-1266
-1391
-1938
-2705
-2817
-1746
-515
-517
-1371
-1409
-268
528
100
-312
407
1224
892
314
851
1808
1713
840
533
977
1152
516
-374
-802
-722
-576
-793
-1447
-2098
-2130
-1602
-1428
-2062
-2562
-2090
-1437
-1397
-877
1023
2406
1226
-590
704
4677
6694
4598
1960
2798
5956
7202
5137
2435
1964
3468
4347
3105
1071
132
114
-345
-1359
-1784
-1366
-1621
-3553
-5384
-4732
-2642
-2323
-4152
-5302
-4259
-2712
-2524
-3085
-2724
-1553
-1084
-1300
-565
1060
1417
210
103
2311
4063
2930
1140
1930
3835
3104
367
134
3116
4175
744
-2323
-551
2584
1255
-2938
-3288
659
1776
-2705
-6164
-3401
923
97
-4043
-4744
-1435
-147
-2891
-4026
-368
2665
270
-3310
-1953
2334
3406
985
53
2173
3491
1881
584
2077
3729
2774
779
496
1550
1622
393
-572
-722
-861
-1455
-1955
-1750
-1239
-1197
-1773
-2467
-2316
-1106
-261
-821
-1709
-1377
-25
640
-19
-488
210
963
860
547
966
1678
1365
507
550
969
628
-113
-321
-105
-433
-1106
-1115
-940
-1387
-1841
-1470
-804
-1195
-2298
-2273
-1184
-603
-352
893
2477
2153
268
413
3837
6739
5721
2822
2353
4774
6575
5627
3406
2084
2294
3154
3126
1788
293
-343
-480
-1048
-1917
-2149
-2005
-2814
-4474
-4980
-3510
-2328
-3468
-5209
-4829
-2974
-2164
-2631
-2569
-1525
-939
-1236
-758
1221
2519
1351
-157
1003
3603
3991
2101
1508
3362
4207
1902
-77
1633
4112
2560
-1505
-2077
1153
1854
-1896
-4286
-1623
1353
-1179
-6046
-5733
-1070
274
-3509
-5958
-3266
-349
-2050
-4630
-2380
2082
1793
-2475
-3228
1191
4331
2340
-468
946
4062
3596
979
1227
3850
4287
1651
-226
938
2388
1355
-657
-1389
-987
-822
-1647
-2327
-1921
-1616
-2067
-2557
-2563
-1683
-603
-805
-1758
-1625
-274
724
398
-270
12
803
1135
1057
1117
1477
1399
606
364
895
912
316
-56
144
242
-428
-905
-693
-712
-1015
-1117
-984
-1022
-1678
-2024
-1301
-545
-90
854
2101
2172
611
-8
2604
6082
6221
3386
1714
3288
5833
6096
4125
2048
1677
3001
3708
2341
186
-658
-222
-385
-1446
-1981
-1684
-2001
-3896
-5249
-3882
-2050
-2541
-4570
-5119
-3198
-1740
-2200
-2467
-1372
-467
-950
-1184
515
2494
2121
357
555
3021
4173
2316
864
2473
4182
2472
-447
149
3236
3218
-579
-2492
-85
1547
-1255
-4424
-2797
959
-260
-5407
-6747
-2796
257
-1903
-5068
-3931
-1037
-1439
-4034
-3148
1033
2046
-1521
-3640
-324
3849
3266
178
91
2866
3520
1344
792
2849
3889
1964
-208
455
2034
1404
-439
-982
-383
-478
-1471
-1992
-1356
-918
-1665
-2732
-2803
-1318
19
-400
-1969
-2402
-638
1005
830
-161
-187
602
910
597
539
1420
1867
1127
650
962
1045
545
229
434
445
-356
-1177
-1240
-991
-764
-734
-1030
-1263
-1462
-1674
-1353
-785
-154
1098
2318
2273
1016
543
2891
6161
6471
3963
2338
3778
6314
6515
4165
2078
2155
3435
3633
2093
318
-386
-532
-1275
-2201
-2061
-1515
-2543
-4938
-5841
-3986
-2125
-2969
-5018
-5047
-3125
-2050
-2385
-2161
-1084
-771
-1436
-1197
1006
2836
1688
-261
785
3588
3976
1768
971
3128
4228
1409
-1253
623
3831
2804
-1203
-2216
658
1676
-1722
-4297
-1946
1099
-858
-5479
-6104
-2377
-435
-2945
-5352
-3765
-1186
-1985
-4246
-3179
358
1133
-1593
-2730
215
3056
2136
289
1469
3921
3565
1302
1308
3428
3780
1606
54
1008
2178
1151
-490
-784
-544
-922
-1768
-1979
-1326
-1238
-2125
-2903
-2844
-1817
-798
-953
-1714
-1852
-940
346
654
110
234
952
1106
917
1264
1957
1853
735
254
1155
1756
1012
45
44
648
662
-95
-687
-741
-724
-847
-835
-807
-1236
-1763
-1507
-605
211
1032
2070
2298
1008
47
1706
4854
6009
4204
2271
2872
5199
6383
5004
2535
1601
2909
4310
3378
628
-1118
-735
-257
-1291
-2314
-1818
-1651
-3771
-5970
-5004
-2290
-2063
-4661
-6024
-4158
-2001
-2278
-3153
-1913
-20
-399
-1739
-424
2758
3304
737
-114
2775
4907
2818
181
1686
4826
3913
-83
-838
2568
3794
69
-2813
-437
2339
-315
-4792
-3913
677
972
-4030
-6691
-3330
148
-1708
-5380
-4843
-1454
-1077
-3829
-4012
-292
1655
-1077
-3444
-993
2862
2848
243
7
2531
3695
2133
1085
2375
3447
2188
448
546
1581
1397
-16
-999
-921
-696
-985
-1372
-1477
-1645
-2147
-2624
-2471
-1574
-731
-863
-1607
-1651
-661
296
448
233
355
743
819
621
871
1607
1846
1280
913
1252
1392
754
145
283
597
360
-203
-575
-771
-925
-868
-604
-601
-1137
-1711
-1692
-1186
-505
597
2023
2485
1249
39
1215
4275
6062
4863
2633
2289
4118
5976
5890
3809
1778
2114
4217
4624
1871
-961
-820
653
46
-2163
-2715
-1555
-2095
-4827
-5692
-2995
-963
-2999
-5918
-5206
-2276
-1536
-2965
-2918
-925
-335
-2046
-2474
338
2837
1563
-749
424
3468
3335
591
589
3893
4853
1220
-1543
827
4052
2320
-1978
-2150
1443
1886
-2288
-4510
-1376
1497
-1496
-6329
-5638
-1116
-261
-3841
-5461
-2376
28
-2304
-4545
-1656
2364
1353
-2591
-2664
1392
3239
781
-917
1375
3887
2665
329
1099
3517
3307
652
-355
1098
1719
271
-1217
-1135
-321
-589
-1506
-1540
-1114
-1169
-1680
-1958
-1318
-523
-571
-1144
-1628
-1308
-229
400
317
227
341
503
540
669
1215
1757
1613
954
604
751
715
282
21
228
418
-8
-838
-1279
-1089
-695
-423
-495
-1147
-1954
-1988
-1248
-495
422
2058
3334
2507
509
661
3964
6970
6282
3384
2511
4701
6733
5845
3128
1599
2471
4082
3978
1727
-522
-833
-188
-746
-2168
-2344
-1603
-2583
-5237
-6010
-3588
-1612
-3259
-6110
-5872
-2960
-1381
-2330
-2885
-1449
-437
-1395
-1792
533
3077
2350
168
822
3394
3671
1584
1314
4108
5093
1603
-1163
958
4074
2568
-1848
-2387
1010
1322
-2823
-4922
-1616
1490
-1521
-6414
-5648
-1203
-470
-4051
-5600
-2413
-60
-2742
-5343
-2346
2103
1325
-2604
-2659
1536
3561
1181
-521
1630
3950
2686
397
1229
3507
3068
547
-150
1529
2149
476
-947
-836
-321
-493
-1201
-1261
-935
-1550
-2510
-2617
-1838
-849
-656
-1177
-1467
-1204
-397
444
603
368
351
481
442
429
940
1655
1645
983
660
892
859
317
99
431
361
-338
-831
-941
-1107
-1357
-1279
-759
-605
-1269
-1698
-1064
191
1395
2246
2581
1938
816
1578
4826
7046
5433
2353
2243
5477
7730
5917
2430
1531
3394
4532
3042
692
-239
-200
-917
-1995
-1879
-1007
-1410
-3861
-6148
-5452
-2792
-1997
-4029
-5770
-4943
-3210
-2725
-2721
-1816
-732
-887
-1611
-667
1629
2210
716
519
2847
4354
2559
431
1758
4426
3695
403
-174
2735
3686
188
-2487
-265
2423
258
-3875
-3668
235
981
-3417
-6587
-4163
-626
-1550
-4797
-4768
-1727
-864
-3347
-4414
-1519
1149
-247
-2629
-1441
1709
2299
537
297
2256
3251
2054
1263
2545
3654
2405
429
209
1319
1777
940
-159
-700
-1153
-1756
-1732
-1022
-754
-1465
-2391
-2558
-1873
-1065
-704
-650
-681
-707
-477
-82
220
559
746
588
496
577
728
929
957
991
1089
754
273
248
316
-97
-651
-543
-19
-283
-1351
-1823
-1144
-491
-861
-1446
-1090
-191
380
1023
2218
2831
1916
1244
3140
6270
6693
3664
1493
3786
7830
7947
3643
451
1853
4531
3946
1029
-285
303
-326
-2811
-3944
-2002
-177
-2074
-5871
-6687
-3862
-1945
-3542
-5487
-4579
-2538
-2501
-3669
-2715
-59
430
-1277
-1127
1751
3222
796
-1270
1626
5761
4736
440
-2
3949
5334
1485
-1295
1473
4660
2179
-2587
-2248
2035
2316
-2751
-5544
-2145
1187
-1523
-6211
-5716
-1375
-389
-4023
-6045
-3275
-451
-1898
-4473
-3278
152
853
-1239
-1699
706
2411
1544
781
2094
3321
2374
1034
1623
3054
2895
1228
90
272
781
916
792
283
-871
-2074
-2254
-1411
-797
-1082
-1591
-1845
-2003
-1926
-1403
-629
-66
-137
-431
-337
-174
-18
547
1083
1032
616
359
605
1019
1143
1109
1114
1148
963
304
-601
-1244
-1033
51
719
-202
-1921
-2408
-1258
-421
-798
-894
-245
-26
45
1240
2897
2934
1383
1421
4616
7250
5505
1731
1529
5788
8861
6459
1808
522
2954
4576
2733
251
205
929
-553
-3459
-4073
-1551
-247
-3028
-6167
-5412
-2736
-2631
-4910
-5556
-3350
-1640
-2745
-4006
-2392
-87
-515
-1723
59
2953
2250
-1020
-898
3648
6109
2838
-522
1465
4809
3306
-521
126
4118
4030
-988
-3522
-240
2659
-213
-4655
-4106
-354
31
-3532
-5546
-3602
-1362
-2119
-4089
-4071
-2529
-2179
-3155
-2946
-859
676
51
-1156
-721
1102
2224
2056
1962
2347
2323
1876
1899
2630
3078
2362
1112
456
427
482
344
13
-466
-1142
-1848
-2150
-2027
-1871
-1704
-1441
-1472
-1907
-2245
-1983
-1010
-112
-141
-551
-495
-121
201
402
722
1237
1373
932
627
861
1293
1376
996
749
843
474
-637
-1474
-882
750
1227
-383
-2032
-1997
-1034
-561
-514
65
549
-16
-50
1774
3381
2374
539
2006
6170
7431
3900
634
2467
7074
7930
3728
164
1311
4153
3744
553
-860
561
848
-2020
-4501
-3167
-443
-1066
-4556
-6040
-4088
-2413
-3505
-4986
-3887
-1729
-1811
-3252
-2675
-421
110
-1367
-1157
1933
3585
940
-1648
749
5206
5185
1144
1
3185
4307
1080
-779
2008
4429
1401
-3183
-2499
1517
1618
-2578
-4628
-2074
16
-2149
-5098
-4477
-1980
-1737
-3548
-4069
-2700
-1953
-2616
-2640
-1108
120
-352
-1116
-461
704
873
790
1741
2971
2662
1216
1086
2505
3203
2230
944
956
1532
816
-377
-349
332
344
-702
-1767
-1701
-1247
-1271
-1256
-1009
-1102
-1961
-2883
-2248
-319
596
-153
-1028
-952
-242
160
200
715
1355
1064
284
170
784
1210
907
542
765
980
254
-1155
-1685
-451
1043
772
-932
-2112
-1969
-1465
-1313
-846
95
455
205
616
1952
2606
1698
1670
4462
7044
5841
2455
1549
4703
8010
7095
3131
941
2452
4508
3622
930
-57
883
603
-2009
-3961
-2925
-1141
-1984
-4670
-5471
-3691
-2819
-4590
-5821
-3841
-1298
-1677
-3445
-3022
-944
-420
-1286
-236
2764
3330
105
-1671
1704
5595
4219
341
515
3844
3811
1
-925
2884
4684
657
-3261
-1420
2128
867
-3332
-3887
-612
306
-3267
-6084
-4298
-1359
-1718
-3869
-4027
-2625
-2599
-3784
-3316
-798
730
-388
-1725
-764
1124
1449
972
1798
3073
2622
1302
1603
3028
2994
1458
866
1845
2175
573
-993
-392
1079
723
-1183
-2204
-1848
-1685
-2100
-1919
-1029
-954
-2290
-3327
-2397
-446
296
-462
-998
-395
398
435
172
440
1067
1285
991
809
984
1019
705
694
1242
1277
-85
-1729
-1730
-72
1063
170
-1554
-2052
-1414
-1181
-1349
-581
888
1418
1017
1232
2030
1943
1527
3096
6209
7002
3876
870
2458
6854
8103
4501
894
1453
3972
3878
1116
-480
545
1296
-626
-3286
-3466
-1738
-1539
-3667
-5021
-3757
-2370
-3526
-5623
-5301
-2732
-1259
-2170
-3047
-2136
-1033
-1080
-469
1926
3208
1068
-1226
572
4350
4575
1419
539
3347
4456
1218
-1213
1356
4522
2510
-1967
-2318
741
811
-2895
-4288
-1132
963
-2011
-5791
-5025
-1833
-1545
-3730
-3880
-1774
-1524
-3826
-4384
-1232
1662
629
-1886
-1452
1200
1941
540
729
3116
3847
1614
212
1890
3638
2540
383
290
1667
1526
-618
-1905
-531
1049
23
-2216
-2927
-2043
-1250
-1538
-1935
-1384
-1053
-1992
-2809
-1824
258
982
-306
-1432
-859
384
777
450
609
1400
1682
1047
477
716
1217
1214
929
800
445
-475
-1258
-1036
-107
242
-515
-1400
-1612
-1416
-1210
-808
218
1310
1572
1521
1566
1276
1512
3490
6152
6727
4142
1450
2401
6019
7742
5415
1994
1439
3234
3650
1566
-252
81
642
-823
-3072
-3523
-2492
-2573
-4306
-5213
-3869
-2470
-3525
-5670
-5520
-2969
-1272
-1715
-2083
-1213
-835
-1485
-725
2291
4103
1989
-897
264
4087
4784
1784
803
3774
5139
1587
-1643
599
4358
2983
-1612
-2207
1271
1676
-2760
-5142
-1755
1408
-1327
-5949
-5660
-1953
-1474
-4556
-5208
-2048
-622
-3428
-5436
-2640
1105
634
-2180
-2088
911
2023
204
-186
2237
3687
2226
527
1455
3454
3011
882
462
1989
2747
1143
-868
-767
425
460
-805
-2096
-2120
-1196
-1026
-1705
-1857
-1340
-1208
-1930
-2361
-1152
420
171
-1172
-1341
37
1111
547
-190
540
1618
1340
310
313
1108
947
95
3
375
56
-982
-1406
-446
304
-445
-1318
-1223
-889
-754
-440
509
1723
2078
1826
1784
1660
2012
3837
6213
6695
4090
1609
3027
6298
6835
3994
1588
2393
3579
2047
-153
-209
880
-35
-2909
-3837
-2105
-1531
-3792
-5977
-4880
-2079
-1941
-4429
-5581
-4054
-2193
-1953
-2302
-1280
44
-652
-1873
-348
3025
3908
1067
-973
1459
4800
3903
743
904
4084
4463
737
-1201
1771
4307
1545
-2389
-1355
2325
1383
-3726
-5015
-871
1282
-2777
-6870
-4658
-470
-1375
-5456
-5579
-1423
11
-3291
-5037
-1959
1203
22
-2511
-1384
1652
1948
-10
115
2906
3791
1425
115
2238
4345
2958
360
352
2108
2237
322
-862
-202
227
-766
-1815
-1895
-1474
-1540
-2217
-2280
-1714
-1577
-2077
-2655
-2278
-911
96
-341
-1186
-1004
13
961
912
589
1014
1298
892
592
975
1423
893
33
283
662
-282
-1420
-1040
453
838
-759
-2021
-1210
-234
-438
-587
358
2003
2543
1824
1542
1864
2648
4104
5623
6017
4351
2333
3089
6006
6724
3710
901
1587
3525
2694
-117
-987
344
240
-2503
-4318
-2877
-1117
-2598
-5581
-5622
-2772
-1450
-3413
-5270
-4329
-2108
-1524
-2390
-1738
34
-1
-1270
-562
2594
3894
1180
-1038
1100
4809
4674
1384
841
3420
3649
618
-418
2610
4464
1110
-2722
-1233
2294
999
-3799
-4745
-939
665
-3078
-6248
-4134
-882
-2087
-5597
-5237
-1704
-807
-3334
-4303
-1426
909
-430
-2238
-909
1749
1674
-87
481
3067
3759
1593
397
2082
3594
2440
507
837
2310
1943
92
-855
-184
202
-825
-1908
-1870
-1128
-1180
-2107
-2189
-1312
-960
-1720
-2440
-1714
-228
291
-362
-1030
-564
282
138
-113
490
1283
1099
-6
-216
943
1508
608
-32
540
937
-90
-1491
-1173
320
541
-992
-2232
-1599
-346
-120
-249
225
1035
1600
1728
1958
2353
2469
3014
4546
5790
5164
3245
2756
4860
6969
5988
2581
853
2552
4157
2542
-285
-799
475
-130
-2983
-4082
-2134
-1081
-3473
-6306
-5604
-2656
-2260
-4873
-5952
-3837
-1955
-2594
-3368
-1741
87
-779
-2068
-253
3023
3140
45
-737
2848
5419
3311
478
1461
4042
3482
855
906
3379
3354
-75
-1762
794
2655
-364
-4347
-3616
103
622
-2954
-5299
-3524
-1273
-2259
-4379
-3806
-1567
-1456
-3258
-3275
-911
457
-717
-1766
-379
1664
1770
788
1072
2417
2584
1383
1319
2897
3335
1650
421
1290
2452
1647
-262
-750
252
442
-942
-2004
-1568
-950
-1540
-2355
-2078
-1310
-1312
-2057
-2165
-1381
-554
-441
-545
-234
-63
123
243
402
689
655
674
742
913
867
416
431
859
732
-117
-810
-701
-111
-105
-907
-1460
-1223
-722
-683
-1040
-925
-264
-2
135
1209
2598
2565
1130
865
3251
5794
5563
3340
2276
3860
6036
5796
3217
1282
1960
3746
3547
980
-1051
-806
-156
-1291
-3163
-3297
-2281
-2840
-4798
-5395
-3861
-2655
-3842
-5530
-4862
-2777
-1855
-2242
-2221
-1395
-1227
-1551
-392
1839
2542
1144
270
1910
3887
3321
1702
2165
3960
3666
1095
71
2062
3498
1810
-460
-218
1177
445
-2030
-2744
-936
241
-1386
-3967
-4245
-2373
-1515
-2549
-3311
-2535
-1565
-2079
-2910
-1845
142
442
-920
-1303
448
1971
1584
1042
1798
2725
2567
1985
2243
2899
2703
1913
1603
1741
1373
379
-193
-35
-100
-776
-1332
-1417
-1562
-1888
-1861
-1564
-1623
-1897
-1760
-1349
-1264
-1362
-1006
-305
-55
-439
-572
117
812
583
44
365
1267
1428
610
36
478
1136
814
-420
-1190
-729
-36
-414
-1607
-2032
-1169
-517
-1072
-1934
-1864
-956
-531
-507
625
2269
2487
1071
32
1650
4701
5777
4375
2705
2840
4564
5489
4588
2816
1692
2360
3299
2249
61
-1003
-460
-207
-1742
-3306
-2961
-2098
-2887
-4586
-4630
-3064
-2793
-4543
-5514
-3865
-1579
-1375
-2633
-2723
-1403
-790
-1225
-513
1787
2790
1020
-518
1065
3671
3600
1641
1607
3635
3700
776
-720
1942
4666
2600
-1593
-1882
1034
1440
-1668
-3222
-635
1276
-1740
-5512
-4356
-447
65
-3198
-4593
-2044
-313
-2139
-3399
-731
2310
1189
-1771
-1185
2356
3575
1405
185
2115
3949
2925
1302
1803
3057
2758
1460
1119
1700
1402
147
-543
-408
-139
-332
-1163
-1821
-1785
-1668
-1833
-2016
-1825
-1218
-963
-1700
-2518
-1857
-117
574
-217
-757
-165
486
269
12
634
1281
810
-165
-128
810
1009
225
-313
-165
-20
-637
-1392
-1243
-862
-882
-891
-960
-1234
-1724
-1940
-1117
-174
160
812
1681
1643
545
191
2398
5170
5276
3230
1843
2801
4917
5452
3820
1928
1621
2699
2900
1071
-825
-683
366
-450
-2903
-3803
-2361
-1607
-3227
-4752
-3816
-2205
-2849
-4847
-4831
-2431
-858
-1643
-2389
-1303
-270
-934
-1234
928
3368
2603
-134
-164
2999
4640
2730
1123
2665
3974
1656
-879
796
4120
3476
-832
-2708
-32
1784
-801
-3586
-2104
781
-575
-4864
-5506
-1675
511
-1841
-4297
-2846
-232
-698
-2642
-1795
1167
1763
-562
-1438
1018
3108
1865
-47
1113
3799
3750
1217
419
2408
3682
2293
634
908
1792
1194
-375
-928
-291
-61
-777
-1460
-1560
-1721
-2309
-2398
-1475
-633
-894
-1828
-2080
-995
192
381
183
366
749
756
538
617
960
908
574
422
190
-93
-548
-717
-80
298
-441
-1565
-1661
-922
-895
-1714
-1744
-757
-630
-1857
-2765
-2097
-916
-808
-1241
-321
1492
1711
219
-437
1611
4430
5174
4029
2850
2901
3830
4876
5221
4083
2423
2133
3116
2973
860
-554
451
1171
-781
-3122
-2902
-1350
-1762
-4002
-4642
-2874
-1915
-3422
-4939
-4107
-2107
-1580
-2459
-2445
-1284
-879
-1294
-529
1619
2570
1019
-448
821
3241
3469
1640
990
2321
2660
736
-351
1524
3367
1711
-1477
-1591
1115
1695
-1300
-3103
-704
1655
-575
-4331
-3984
-471
695
-1859
-3719
-2179
-395
-1117
-2016
-639
1180
644
-1059
-721
1280
2087
1344
1003
1860
2498
1886
1226
1513
1957
1940
1863
1744
873
-480
-931
-303
80
-411
-1027
-1236
-1667
-2307
-1973
-743
-145
-860
-1791
-1532
-586
-308
-363
183
1019
1239
638
162
575
1213
1328
1203
1118
939
477
-88
-287
-197
-248
-339
-588
-1294
-1738
-1631
-1300
-1128
-1296
-1291
-1499
-2216
-2753
-2635
-1946
-1436
-1468
-1275
-270
625
668
597
1343
2928
4269
4392
3318
2217
2562
4307
5822
5293
2878
1336
2300
3676
2807
658
48
955
594
-1741
-3151
-2227
-1048
-1824
-3635
-3687
-2478
-2704
-4255
-4680
-2962
-1313
-1881
-2976
-2573
-1508
-1055
-931
369
2136
1784
-258
-770
1561
3631
2698
918
1394
2853
2073
-244
-228
2581
3760
1140
-1651
-694
1852
1223
-1581
-1892
587
982
-2240
-4397
-2471
429
-230
-3153
-3563
-1337
-474
-1786
-2032
0
1473
266
-1299
-308
2079
2524
1016
578
1831
2653
1810
978
1466
2061
1806
1042
701
589
-20
-598
-650
-227
31
-427
-1033
-1563
-1683
-896
-186
-433
-1169
-1415
-903
-652
-914
-366
1159
1820
604
-606
30
1384
1658
753
220
669
516
-632
-1183
-175
1054
437
-1380
-2155
-1408
-655
-1054
-1697
-1618
-1329
-1705
-2381
-1822
-597
-701
-1768
-2043
-925
123
-59
-138
1003
2159
1698
796
2136
4909
5494
2931
848
2570
5882
5949
2538
541
2200
4162
2962
23
-391
1386
1195
-1585
-3139
-1570
-348
-2283
-4873
-4490
-2198
-1859
-3707
-4475
-2998
-1822
-2572
-3204
-1758
-10
-522
-1942
-1065
1532
2131
201
-449
1888
3737
2191
-111
746
3326
3197
414
-404
2071
3417
862
-1734
-240
2536
1612
-2049
-3033
-314
1317
-688
-3206
-2491
-269
-528
-2780
-3454
-1616
-308
-1083
-1831
-934
304
-55
-965
-51
1955
2359
918
90
1316
2702
2221
1031
828
1396
1627
952
125
92
639
895
286
-549
-667
-547
-833
-1067
-720
-90
-216
-1338
-1979
-1049
340
449
-354
-256
665
618
-529
-687
1086
2531
1539
-406
-639
791
1394
119
-847
69
1008
-34
-2027
-2519
-1227
-221
-632
-1553
-1863
-1711
-1904
-1972
-1084
-238
-716
-2002
-2467
-1511
-530
-462
-314
656
1585
1241
279
983
3432
4915
3906
2048
1930
3729
5144
4349
2166
1271
2413
3236
2199
467
-191
425
559
-798
-2165
-2205
-1692
-2056
-3124
-3274
-2252
-1824
-2884
-3923
-3216
-1512
-1038
-1949
-2176
-1045
-359
-989
-1051
687
2068
993
-659
16
2064
2261
704
822
2890
2890
-86
-1516
1090
3665
1822
-1629
-1261
1536
1171
-2274
-2893
825
2718
-918
-4778
-3213
925
1151
-2332
-3166
-272
1113
-941
-2425
-342
1823
794
-954
-116
2257
2060
-196
-256
1827
2826
1426
161
792
1284
622
118
717
1310
552
-726
-983
-423
-181
-370
-507
-512
-1006
-1483
-1271
-690
-168
-76
-134
-554
-595
251
648
215
-253
464
1591
1217
-295
-901
432
1850
1215
-375
-689
-192
-447
-1190
-1184
-422
-192
-816
-1345
-1279
-1060
-1122
-1164
-931
-1031
-1831
-2445
-2047
-1067
-449
-418
-272
448
1087
969
673
1369
3095
4275
3672
2062
1346
2660
4752
4916
2835
1175
1694
2915
2445
692
57
891
1066
-678
-2555
-2336
-1042
-1018
-2234
-2967
-2550
-2375
-3420
-4182
-3208
-1463
-997
-2185
-2989
-2206
-1196
-912
-403
931
1650
364
-1233
-416
2091
2958
1437
573
1732
2078
214
-820
1185
3508
2415
-611
-903
1469
1744
-1014
-2078
574
2336
-427
-4059
-3319
243
929
-1871
-3136
-1015
411
-1194
-2432
-557
1655
833
-1193
-643
1600
1712
-292
-760
1336
2795
1645
88
199
932
924
609
848
1210
627
-547
-963
-460
118
309
-7
-776
-1287
-776
125
34
-742
-577
423
511
-446
-562
672
1239
192
-470
479
1293
415
-830
-290
1218
1013
-710
-1299
-259
341
-596
-1540
-1015
-317
-995
-2013
-1903
-1204
-1092
-1542
-1562
-799
-572
-1402
-1837
-1017
96
6
-662
-233
947
1474
1015
1113
2818
4366
3773
1713
1138
3187
5173
4633
2359
1060
1783
2680
2047
768
598
1043
255
-1557
-2178
-1080
-422
-1606
-3002
-2684
-1800
-2448
-3863
-3648
-1930
-1122
-2083
-2975
-2352
-1251
-1113
-1431
-427
1385
1513
-339
-1398
508
3076
3010
1057
436
1895
2318
436
-664
1241
3579
2303
-1138
-1835
619
1720
-628
-2298
-386
1492
-490
-3852
-3422
142
1569
-697
-2789
-1847
-141
-482
-1525
-664
1156
1083
-629
-1117
323
1413
1018
492
893
1540
1316
577
203
552
1323
1479
709
-358
-515
329
556
-189
-464
483
938
-552
-2066
-1338
446
427
-995
-1088
226
540
-728
-726
1154
1985
598
-754
333
1683
817
-611
-131
1684
1543
-633
-1642
-328
955
77
-1457
-1402
-388
-542
-1764
-2125
-1221
-700
-1364
-1899
-1404
-848
-1242
-1886
-1612
-716
-341
-628
-616
145
901
945
849
1577
2820
3335
2776
2158
2470
3503
4107
3548
2432
1936
2275
2608
2279
1557
1051
788
239
-682
-1241
-1040
-842
-1497
-2545
-2957
-2632
-2427
-2783
-3009
-2529
-1874
-1969
-2554
-2458
-1383
-532
-586
-599
-99
236
-356
-500
949
2257
1861
359
255
1535
1781
745
221
1316
1935
504
-896
-145
1365
871
-925
-1125
308
411
-1583
-2672
-1021
905
154
-2007
-2330
-667
423
-15
-348
263
514
-364
-832
410
1853
1583
100
-311
831
1632
1255
524
594
1072
848
88
-400
-81
338
13
-579
-538
-110
-229
-974
-1434
-769
214
104
-790
-1041
-413
86
-4
123
858
924
-95
-802
101
1551
1515
343
-313
264
635
119
-105
438
811
-139
-1170
-974
-215
-200
-954
-1104
-597
-537
-1342
-1898
-1483
-773
-761
-1265
-1358
-1156
-970
-980
-544
406
942
835
574
1188
2264
2826
2592
2110
2339
3052
3422
2873
1942
1586
1829
1999
1692
1200
730
197
-477
-872
-732
-606
-1006
-1626
-1928
-1854
-1822
-2117
-2195
-2009
-1911
-1759
-1474
-1232
-1309
-1276
-865
-206
436
489
188
-77
-38
576
1276
1225
492
176
622
825
216
-217
330
871
188
-981
-931
70
170
-866
-1241
-292
315
-509
-1364
-726
521
560
-501
-954
-157
705
641
223
296
545
324
96
611
1367
1253
296
-299
60
708
803
356
-112
-257
-242
-417
-629
-598
-200
-54
-496
-797
-572
-81
-101
-451
-245
347
544
-88
-608
-125
690
866
504
404
430
68
-316
-9
713
722
70
-382
-228
116
-89
-484
-634
-569
-623
-987
-1149
-1113
-1089
-1074
-975
-782
-739
-945
-1227
-1230
-821
-203
277
541
700
790
883
1190
1815
2508
2965
2749
2035
1522
1834
2694
2801
1857
624
122
450
579
271
-149
-417
-777
-1354
-1450
-1142
-1009
-1252
-1545
-1389
-1142
-984
-835
-690
-489
-324
2
348
394
252
240
531
879
1033
930
651
392
355
448
367
121
-9
-80
-558
-1324
-1535
-956
-572
-1156
-2018
-2121
-1665
-1529
-1704
-1504
-939
-719
-1000
-1057
-410
428
709
567
723
1269
1563
1344
1124
1349
1739
1745
1325
927
734
523
309
369
540
332
-265
-758
-831
-632
-516
-639
-821
-838
-745
-688
-649
-541
-340
-99
37
-27
-92
103
412
446
246
267
583
702
429
191
241
224
-61
-267
-191
-166
-398
-554
-372
-196
-435
-823
-785
-429
-345
-610
-797
-822
-881
-842
-492
-68
30
-230
-526
-539
-170
422
923
1149
1144
1093
1079
1119
1433
2115
2732
2574
1613
732
802
1584
2058
1633
600
-145
-357
-243
-75
-127
-327
-851
-1377
-1500
-1241
-804
-648
-658
-642
-547
-336
-113
41
58
123
444
833
854
488
143
117
435
868
1041
589
-355
-1090
-1066
-504
-144
-413
-1175
-2060
-2599
-2285
-1206
-399
-754
-1750
-2149
-1614
-828
-271
129
338
194
-71
27
587
1252
1635
1582
1208
847
769
934
1155
1325
1317
969
394
33
114
295
151
-254
-569
-759
-973
-1128
-1035
-797
-701
-776
-884
-899
-766
-485
-216
-35
85
109
85
21
210
574
824
965
829
640
425
237
203
258
463
375
-95
-525
-697
-685
-600
-342
-109
-270
-803
-1233
-1167
-692
-239
-88
-163
-390
-647
-705
-365
311
807
663
222
78
202
389
666
969
1126
1088
943
725
467
538
1172
1849
1907
1232
415
216
700
1364
1538
804
-253
-725
-546
-193
-93
-293
-522
-686
-790
-734
-518
-312
-256
-145
173
374
268
51
-55
173
711
1033
743
168
-104
13
227
448
539
134
-630
-1070
-968
-724
-671
-774
-894
-1108
-1456
-1586
-1270
-803
-564
-628
-800
-856
-781
-619
-321
21
224
242
185
254
482
686
821
879
789
667
617
578
527
491
453
365
243
111
-116
-410
-571
-593
-541
-443
-437
-612
-858
-965
-817
-518
-329
-323
-316
-240
-212
-140
129
349
429
378
229
233
406
652
754
617
346
135
194
312
233
11
-143
-210
-250
-344
-475
-462
-441
-433
-397
-431
-613
-836
-711
-309
-149
-279
-396
-349
-79
135
231
371
395
387
383
439
448
310
461
828
1125
1214
1008
880
1093
1526
1766
1651
1334
878
688
874
959
618
120
-87
-189
-341
-518
-698
-754
-860
-994
-1007
-984
-960
-855
-516
-126
93
219
189
66
96
263
389
458
496
390
204
193
342
367
182
4
-2
39
-88
-305
-416
-481
-628
-770
-811
-845
-931
-1005
-1020
-964
-828
-677
-649
-748
-767
-547
-182
102
249
355
391
297
218
320
555
670
525
288
111
24
42
101
190
253
113
-109
-259
-391
-442
-341
-131
-14
-273
-669
-709
-460
-276
-271
-334
-404
-529
-524
-249
-72
-173
-196
-20
157
234
187
128
151
153
186
322
341
168
9
2
133
270
315
257
94
-115
-272
-281
-87
123
102
-73
-201
-255
-208
-8
237
294
102
-58
-6
86
164
315
465
619
818
902
834
849
1085
1461
1706
1577
1177
804
730
1064
1417
1207
460
-184
-273
2
166
48
-271
-672
-903
-756
-407
-276
-490
-757
-780
-527
-161
90
86
-91
-179
-28
177
249
209
115
60
40
-39
-139
-167
-262
-403
-451
-547
-722
-825
-730
-703
-767
-857
-998
-881
-699
-518
-406
-453
-461
-450
-280
-94
-17
54
74
102
183
268
283
235
145
52
-1
10
71
132
123
-11
-71
-48
-87
12
170
99
-18
-82
-202
-235
0
0
0
0
0
0
0
0
0
0
0
0
0
0
0
0
0
0
0
0
0
0
0
0
0
0
0
0
0
0
0
0
0
0
0
0
0
0
0
0
0
0
0
0
0
0
0
0
0
0
0
0
0
0
0
0
0
0
0
0
0
0
0
0
0
0
0
0
0
0
0
0
0
0
0
0
0
0
0
0
0
0
0
0
0
0
0
0
0
0
0
0
0
0
0
0
0
0
0
0
0
0
0
0
0
0
0
0
0
0
0
0
0
0
0
0
0
0
0
0
0
0
0
0
0
0
0
0
0
0
0
0
0
0
0
0
0
0
0
0
0
0
0
0
0
0
0
0
0
0
0
0
0
0
0
0
0
0
0
0
0
0
0
0
0
0
0
0
0
0
0
0
0
0
0
0
0
0
0
0
0
0
0
0
0
0
0
0
0
0
0
0
0
0
0
0
0
0
0
0
0
0
0
0
0
0
0
0
0
0
0
0
0
0
0
0
0
0
0
0
0
0
0
0
0
0
0
0
0
0
0
0
0
0
0
0
0
0
0
0
0
0
0
0
0
0
0
0
0
0
0
0
0
0
0
0
0
0
0
0
0
0
0
0
0
0
0
0
0
0
0
0
0
0
0
0
0
0
0
0
0
0
0
0
0
0
0
0
0
0
0
0
0
0
0
0
0
0
0
0
0
0
0
0
0
0
0
0
0
0
0
0
0
0
0
0
0
0
0
0
0
0
0
0
0
0
0
0
0
0
0
0
0
0
0
0
0
0
0
0
0
0
0
0
0
0
0
0
0
0
0
0
0
0
0
0
0
0
0
0
0
0
0
0
0
0
0
0
0
0
0
0
0
0
0
0
0
0
0
0
0
0
0
0
0
0
0
0
0
0
0
0
0
0
0
0
0
0
0
0
