0
0
0
0
0
0
0
0
0
0
0
0
0
0
0
0
0
0
0
0
0
0
0
0
0
0
0
0
0
0
0
0
0
0
0
0
0
0
0
0
0
0
0
0
0
0
0
0
0
0
0
0
0
0
0
0
0
0
0
0
0
0
0
0
0
0
0
0
0
0
0
0
0
0
0
0
0
0
0
0
0
0
0
0
0
0
0
0
0
0
0
0
0
0
0
0
0
0
0
0
0
0
0
0
0
0
0
0
0
0
0
0
0
0
0
0
0
0
0
0
0
0
0
0
0
0
0
0
0
0
0
0
0
0
0
0
0
0
0
0
0
0
0
0
0
0
0
0
0
0
0
0
0
0
0
0
0
0
0
0
0
0
0
0
0
0
0
0
0
0
0
0
0
0
0
0
0
0
0
0
0
0
0
0
0
0
0
0
0
0
0
0
0
0
0
0
0
0
0
0
0
0
0
0
0
0
0
0
0
0
0
0
0
0
0
0
0
0
0
0
0
0
0
0
0
0
0
0
0
0
0
0
0
0
0
0
0
0
0
0
0
0
0
0
0
0
0
0
0
0
0
0
0
0
0
0
0
0
0
0
0
0
0
0
0
0
0
0
0
0
0
0
0
0
0
0
0
0
0
0
0
0
0
0
0
0
0
0
0
0
0
0
0
0
0
0
0
0
0
0
0
0
0
0
0
0
0
0
0
0
0
0
0
0
0
0
0
0
0
0
0
0
0
0
0
0
0
0
0
0
0
0
0
0
0
0
0
0
0
0
0
0
0
0
0
0
0
0
0
0
0
0
0
0
0
0
0
0
0
0
0
0
0
0
0
0
0
0
0
0
0
0
0
0
0
0
0
0
0
0
0
0
0
0
0
0
0
0
0
0
0
0
0
0
0
0
0
0
0
0
-46
344
678
907
1117
1172
1135
1080
967
857
732
534
304
75
-186
-399
-531
-637
-689
-686
-634
-482
-269
-62
144
301
391
468
488
433
380
336
245
104
-8
-53
-125
-228
-249
-276
-338
-319
-280
-280
-286
-293
-283
-287
-302
-262
-190
-92
-21
6
65
72
13
-7
-70
-154
-206
-250
-224
-187
-132
23
149
240
390
517
620
671
600
544
423
246
103
-35
-131
-185
-147
-84
36
195
286
447
549
549
565
552
477
380
270
124
14
-69
-219
-389
-469
-517
-603
-610
-548
-512
-445
-284
-123
-19
94
254
414
520
612
696
707
646
510
319
153
-27
-245
-447
-657
-853
-995
-1111
-1126
-1032
-927
-784
-568
-380
-224
-40
112
167
181
205
212
187
152
81
-16
-113
-248
-379
-455
-560
-642
-594
-522
-429
-240
-25
169
332
473
608
661
646
634
567
414
234
40
-178
-398
-567
-702
-777
-763
-719
-588
-306
-6
271
524
634
597
453
132
-343
-851
-1270
-1446
-1286
-702
378
1801
3371
4929
6152
6834
6849
5990
4332
2112
-454
-3005
-5263
-6963
-7775
-7628
-6597
-4812
-2566
-141
2129
3909
5061
5509
5246
4441
3329
2119
1003
175
-332
-648
-828
-1012
-1384
-1948
-2719
-3667
-4588
-5293
-5604
-5356
-4454
-2874
-806
1433
3604
5411
6526
6848
6364
5055
3117
916
-1274
-3228
-4653
-5410
-5576
-5196
-4340
-3302
-2238
-1151
-265
313
691
900
1106
1427
1883
2521
3190
3771
4131
4009
3467
2524
1085
-563
-2191
-3592
-4447
-4748
-4443
-3505
-2175
-626
901
2213
3230
3724
3721
3340
2524
1541
665
-124
-711
-1011
-1088
-939
-647
-389
-187
-60
-97
-279
-472
-569
-572
-476
-258
1
222
417
551
536
344
9
-412
-889
-1277
-1416
-1368
-1166
-763
-321
50
322
487
626
673
561
474
428
259
101
39
-92
-339
-638
-956
-1305
-1709
-2035
-2137
-2075
-1846
-1411
-851
-305
32
94
-53
-498
-1141
-1565
-1563
-1022
311
2445
5028
7669
10052
11746
12292
11359
8827
4967
344
-4512
-9066
-12644
-14675
-14874
-13239
-10110
-6013
-1367
3341
7327
9917
11040
10964
9833
7758
5194
2846
1151
50
-704
-1237
-1681
-2317
-3388
-4878
-6577
-8206
-9443
-9955
-9522
-8038
-5469
-1949
2118
6095
9322
11324
11940
11145
8949
5673
1965
-1625
-4865
-7445
-8906
-9035
-8082
-6520
-4711
-2870
-1193
73
830
1249
1561
1837
2121
2590
3404
4412
5244
5681
5654
4984
3483
1325
-1110
-3589
-5922
-7696
-8506
-8314
-7257
-5345
-2642
430
3300
5654
7386
8273
8117
7059
5452
3532
1436
-583
-2213
-3381
-4138
-4426
-4178
-3521
-2738
-1881
-870
97
796
1264
1678
2054
2089
1831
1693
1486
977
447
15
-451
-875
-1219
-1414
-1419
-1398
-1255
-1041
-729
-394
-159
133
416
659
634
591
527
154
-127
-299
-399
-367
-217
-3
339
690
865
921
731
348
-390
-1131
-1641
-2278
-2629
-2616
-2479
-2158
-1599
-945
-356
124
185
-230
-887
-1678
-2335
-2475
-1900
-462
1926
4848
7922
10889
13159
14286
13658
11056
6978
1878
-3678
-9047
-13274
-15929
-16685
-15212
-12169
-8033
-3103
2159
6990
10428
12165
12509
11733
9816
7072
4315
2189
630
-614
-1533
-2191
-2870
-3892
-5245
-6706
-8179
-9515
-10322
-10248
-9229
-7138
-3792
416
4686
8534
11454
13009
13118
11638
8689
4846
712
-3448
-7053
-9576
-10844
-10657
-9453
-7644
-5627
-3608
-1674
-445
191
673
1083
1405
1859
2844
4238
5588
6637
7332
7381
6378
4320
1652
-1282
-4384
-7201
-9047
-9622
-9054
-7381
-4562
-1014
2469
5401
7686
9099
9257
8210
6429
4264
1836
-491
-2169
-3073
-3486
-3519
-3029
-2162
-1331
-691
-138
294
428
277
83
44
111
128
159
331
507
480
360
303
86
-443
-922
-1080
-1146
-1224
-958
-327
209
460
568
533
227
-306
-928
-1435
-1754
-1953
-1919
-1459
-808
-264
293
878
1118
881
427
-159
-942
-1827
-2586
-3127
-3492
-3715
-3791
-3649
-3326
-2847
-2063
-743
1217
3838
6906
10022
12804
14743
15589
14998
12675
8815
3669
-1963
-7369
-12112
-15473
-17048
-16476
-14014
-10306
-5550
-356
4687
8929
11725
13098
13170
12084
9844
6852
4006
1542
-623
-2421
-3867
-5047
-6147
-7228
-8112
-8905
-9612
-9733
-9202
-8229
-6606
-4113
-835
2801
6153
8817
10643
11416
10936
9266
6593
3134
-645
-4157
-7140
-9340
-10287
-10071
-9193
-7715
-5737
-3619
-1537
245
1640
2875
3846
4399
4866
5481
6023
6174
5915
5275
3997
2096
-25
-2078
-3970
-5683
-7014
-7517
-7085
-6023
-4287
-1638
1497
4344
6707
8626
9689
9463
8128
6094
3489
444
-2533
-4820
-6221
-6792
-6393
-4983
-2999
-951
998
2786
4020
4265
3807
3156
2221
960
-228
-1082
-1624
-2017
-2274
-2147
-1782
-1616
-1534
-1291
-1079
-942
-774
-602
-365
-89
62
169
199
-147
-718
-1151
-1520
-1929
-2112
-1799
-1097
-294
610
1540
2174
2420
2142
1298
260
-848
-1984
-2773
-3063
-2950
-2565
-2105
-1719
-1550
-1466
-1161
-514
749
2759
5292
8159
10919
13074
14415
14484
12803
9414
4700
-709
-6164
-11136
-14959
-16959
-16875
-14909
-11410
-6785
-1558
3679
8236
11372
12840
12943
11772
9379
6334
3433
1043
-762
-2039
-3041
-3870
-4747
-5706
-6885
-8214
-9318
-10169
-10395
-9864
-8389
-5740
-2143
2099
6201
9585
11884
12759
12188
10234
7087
3104
-1098
-4969
-8215
-10437
-11149
-10351
-8603
-6311
-3628
-934
1167
2530
3446
3914
3943
3710
3287
2910
2796
2803
2919
3145
3058
2362
1134
-534
-2502
-4561
-6461
-7631
-7741
-6860
-4884
-1684
2244
5916
8919
11030
11871
11010
8542
5296
1534
-2423
-5916
-8198
-9013
-8691
-6979
-4164
-975
2145
4693
6391
7001
6318
4648
2627
597
-1312
-2838
-3626
-3747
-3740
-3692
-3369
-2919
-2605
-2326
-1860
-1276
-694
-25
754
1513
2212
2778
2966
2659
1982
1044
-85
-1224
-2217
-2991
-3449
-3496
-3149
-2492
-1696
-1010
-546
-319
-304
-371
-405
-407
-368
-317
-470
-889
-1369
-1753
-1815
-1131
410
2542
5152
8051
10665
12598
13757
13689
11831
8307
3663
-1663
-7021
-11505
-14529
-15869
-15371
-13066
-9403
-4878
187
5243
9491
12317
13482
13149
11571
8971
5841
2846
495
-1218
-2755
-4067
-4857
-5557
-6516
-7468
-8273
-8945
-9402
-9474
-8987
-7764
-5564
-2336
1534
5447
8743
10931
11909
11511
9574
6470
2818
-1117
-5076
-8392
-10551
-11337
-10684
-8907
-6620
-4043
-1373
834
2469
3709
4622
5005
4984
4950
4819
4668
4382
3946
3362
2414
1089
-766
-2721
-4459
-6038
-6962
-6961
-6175
-4749
-2786
-310
2505
5139
7258
8870
9772
9742
8734
7015
4903
2332
-424
-2943
-4966
-6433
-7161
-6829
-5778
-4120
-2093
54
2289
3993
4978
5405
5236
4236
2558
718
-1179
-3123
-4846
-6101
-6681
-6411
-5607
-4225
-2446
-861
449
1411
2125
2392
2250
1951
1427
816
141
-372
-611
-678
-679
-797
-936
-1112
-1504
-2009
-2375
-2557
-2619
-2511
-2077
-1437
-884
-323
108
72
-260
-666
-926
-531
733
2930
5985
9284
12400
14853
15988
15281
12573
8350
2800
-3497
-9546
-14820
-18411
-19675
-18496
-15094
-10198
-4190
2213
8020
12601
15349
16164
15278
12889
9359
5559
2319
-44
-1568
-2605
-3422
-4215
-5296
-6912
-8628
-10249
-11693
-12441
-12428
-11436
-9206
-5488
-666
4375
9108
12602
14368
14457
12752
9483
5378
1029
-3426
-7518
-10582
-12307
-12438
-11045
-8746
-6026
-3020
-341
1523
2860
3829
4555
5083
5469
5628
5599
5703
5536
5096
4484
3374
1653
-629
-3130
-5708
-7985
-9354
-9585
-8539
-6205
-2856
981
4883
8452
11169
12614
12586
10939
7890
4241
550
-3044
-6104
-8000
-8677
-8406
-7180
-4946
-2133
657
3095
4744
5517
5405
4625
3612
2249
799
-584
-1767
-2708
-3734
-4506
-4667
-4351
-3819
-3036
-1962
-773
326
1103
1643
1921
1807
1460
1015
307
-646
-1517
-2140
-2597
-2850
-2727
-2294
-1783
-1356
-1030
-782
-614
-460
-313
-240
-246
-452
-923
-1445
-1972
-2412
-2304
-1344
520
3296
6611
9929
13015
15508
16699
16046
13355
8687
2687
-3678
-9777
-14873
-18051
-18984
-17905
-14906
-10313
-4784
1127
6702
10997
13344
13974
12972
10480
7289
4112
1834
626
66
-252
-648
-1187
-2305
-4060
-6177
-8350
-10048
-11084
-11484
-10966
-9128
-6028
-1891
2731
6939
10114
11994
12354
11137
8565
5009
1080
-2807
-6409
-9294
-10914
-11086
-10074
-8225
-5964
-3536
-1422
162
1289
2031
2724
3293
3915
4683
5481
6306
6872
7168
7012
6104
4292
1593
-1621
-4843
-7673
-9706
-10456
-9781
-7705
-4475
-355
4106
8213
11536
13556
13896
12228
9063
4982
251
-4094
-7472
-9559
-10087
-9286
-7298
-4553
-1409
1613
3875
5371
5930
5487
4210
2413
434
-1560
-2989
-3708
-4022
-3875
-3216
-2305
-1490
-854
-492
-362
-173
12
-34
-146
-96
-154
-396
-613
-819
-1084
-1530
-2013
-2510
-2939
-3058
-2989
-2605
-2060
-1405
-514
262
722
668
116
-851
-2093
-3206
-3699
-2821
-230
3615
8097
12810
16984
19725
20540
18917
14640
8279
750
-7007
-13882
-18823
-21168
-20755
-17798
-12946
-7186
-911
5658
11201
14565
15874
15297
12962
9463
5276
1318
-1142
-2195
-2592
-2718
-3066
-3847
-4958
-6315
-7945
-9467
-10401
-10691
-10460
-9289
-6563
-2713
2027
6886
10594
12999
13827
12950
10474
6668
2138
-2882
-7702
-11495
-14028
-14637
-13082
-10310
-6977
-3473
-378
2096
3725
4513
4733
4492
4131
3638
3467
4100
4900
5638
6209
6247
5323
3538
1249
-1474
-4287
-6902
-8751
-9386
-8764
-6912
-3688
621
5028
8893
11685
13078
12676
10703
7912
4353
394
-3468
-6573
-8348
-8836
-7919
-5650
-2644
403
2866
4312
4837
4593
3544
1971
275
-1362
-2862
-3990
-4527
-4466
-3805
-2675
-1479
-468
395
1049
1326
1161
581
-309
-1227
-1819
-2040
-2142
-2198
-2132
-2041
-1864
-1612
-1611
-1730
-1727
-1920
-2294
-2288
-1863
-1288
-603
-30
141
-171
-954
-2055
-2928
-2927
-1771
468
3680
7624
11638
15107
17687
18703
17396
13762
8289
1553
-5665
-12403
-17536
-20267
-20373
-17930
-13539
-7783
-998
5720
10994
14400
15955
15725
13868
10658
6989
3636
1224
-295
-1628
-2659
-3521
-4550
-5858
-7444
-9074
-10505
-11379
-11746
-11563
-10313
-7520
-3279
1778
6990
11499
14588
15960
15431
12941
8856
3787
-1675
-6959
-11583
-14942
-16194
-15163
-12702
-9589
-6010
-2380
609
2746
4225
5190
5612
5491
5064
4770
4839
5126
5541
5967
5963
5101
3469
1307
-1402
-4413
-7021
-8729
-9558
-9257
-7288
-3740
689
5216
9253
12214
13568
13005
10746
7345
3316
-944
-5027
-7936
-9445
-9521
-8102
-5608
-2379
512
2845
4399
4710
4243
3234
2007
481
-1155
-2335
-2851
-2584
-1835
-933
-17
668
748
376
-57
-552
-1142
-1645
-1927
-2097
-2140
-1963
-1645
-1254
-895
-705
-715
-943
-1348
-1784
-2054
-2071
-1866
-1548
-1110
-676
-584
-924
-1887
-3026
-4206
-5170
-4949
-3336
9
4374
8990
13581
17317
19648
19630
17015
12406
6358
-694
-8009
-14409
-19017
-20991
-20077
-16923
-12201
-6280
269
6448
11257
14093
15016
14365
12192
8736
5024
2344
969
268
-141
-432
-897
-1975
-3713
-5912
-8224
-10231
-11628
-12315
-12366
-11014
-8025
-3253
2711
8380
13190
16265
17463
16435
13279
8746
3335
-2145
-7864
-12816
-16030
-17086
-15866
-13262
-9539
-5472
-1742
1238
3284
4665
5333
5374
4947
4378
3997
4069
4589
5343
6088
6215
5378
3778
1636
-894
-3559
-5987
-7916
-9122
-9195
-7595
-4466
-393
4078
7896
10716
12115
11633
9874
7182
3951
248
-3248
-5663
-7118
-7369
-6657
-5216
-3411
-1735
50
1315
2037
2419
2097
1503
588
-484
-1275
-1424
-907
-324
533
1446
1869
1831
1453
922
386
-168
-992
-1908
-2669
-3280
-3613
-3454
-3067
-2680
-2155
-1632
-1281
-1087
-668
-213
205
540
622
958
1222
1253
762
-416
-1899
-3755
-5150
-5420
-4236
-1404
2425
6482
10176
13386
15670
15975
13956
10125
4896
-1151
-7032
-12159
-15658
-16748
-15674
-13010
-9342
-4535
1123
6508
10627
12886
13699
12904
10480
6988
3224
803
-383
-985
-1147
-1295
-1423
-2120
-3329
-4786
-6412
-7589
-8616
-9370
-9549
-8377
-5376
-1094
4066
8498
11849
14148
14582
13274
10128
5921
1309
-3708
-8522
-12667
-15012
-14940
-13255
-10570
-7341
-3904
-869
1338
2932
3950
4395
4371
3852
3058
2720
3013
3691
4768
5849
6156
5554
4093
1650
-1329
-4505
-7008
-8387
-8704
-7688
-5467
-1759
2615
6655
9895
11606
11495
9329
5904
2054
-1885
-5413
-8082
-9196
-8672
-7008
-4316
-806
2519
4873
6020
5824
4495
2422
130
-1918
-3409
-4042
-3731
-2599
-969
593
1765
2528
2606
1821
641
-372
-1106
-1619
-1949
-2095
-1968
-1567
-1163
-850
-527
-361
-537
-985
-1629
-2345
-2749
-2658
-2216
-1437
-351
587
832
193
-1135
-2609
-3643
-3894
-2997
-522
3270
7471
11447
14959
17399
17733
15368
10704
4720
-1774
-8256
-14064
-18299
-20238
-19709
-17055
-12736
-6994
-189
6548
11634
14278
14930
14284
12360
9062
5217
2189
481
-557
-1454
-2090
-2430
-2971
-4127
-5792
-7479
-8766
-9645
-10259
-10261
-8917
-5842
-1302
3933
8911
12942
15664
16634
15495
12412
7999
2913
-2366
-7528
-12035
-14896
-15580
-14572
-12545
-9705
-6330
-3152
-772
834
2143
3306
3982
4199
4633
5520
6328
6846
7391
7829
7582
6336
4191
1512
-1465
-4515
-7242
-9030
-9745
-9364
-7615
-4566
-810
2832
6257
8706
9613
8937
6920
4490
1692
-884
-3072
-4465
-4918
-5010
-4192
-2955
-1509
-158
866
1596
1461
1012
509
-39
-482
-616
-396
41
730
1287
1614
1745
1523
857
-136
-1078
-1732
-2044
-2068
-1899
-1452
-758
-153
54
86
150
47
-508
-1322
-1946
-2625
-2978
-2928
-2568
-1647
-992
-726
-880
-1436
-2181
-3005
-3089
-2147
32
3315
7074
10741
13872
16080
16582
14845
10968
5612
-514
-6788
-12536
-16883
-19038
-18798
-16593
-12921
-7767
-1707
4404
9294
12266
13726
13632
12201
9277
5786
3228
1593
467
-751
-1831
-2673
-3541
-4475
-5740
-7010
-7846
-8412
-8897
-9081
-8462
-6265
-2387
2349
7066
11057
13992
15492
15109
12914
9375
5079
316
-4877
-9739
-13125
-14510
-14027
-12348
-9989
-7053
-4091
-1765
-48
1417
2753
3727
4229
4583
5016
5487
5933
6369
6661
6430
5464
3788
1440
-1433
-4398
-6799
-8297
-9048
-8865
-7322
-4549
-1005
2722
6057
8678
10049
9637
7616
4527
991
-2333
-5005
-6791
-7497
-7013
-5426
-3166
-712
1662
3499
4321
4065
2802
1010
-496
-1615
-2570
-2942
-2316
-845
930
2409
3375
3861
3695
2635
968
-542
-1598
-2437
-2921
-2851
-2486
-1900
-976
-45
518
669
353
-441
-1483
-2388
-2809
-2596
-1896
-1193
-878
-927
-1350
-2180
-2930
-3122
-2541
-838
1945
5190
8554
11939
14704
15940
15095
12123
7520
2055
-3858
-9867
-14962
-18012
-18686
-17247
-14109
-9572
-3671
2832
8234
11620
13358
13860
12824
9863
5849
2560
750
-240
-1267
-2274
-2774
-3108
-3851
-4939
-6164
-7270
-8108
-8840
-9324
-8958
-7080
-3505
1088
5690
9790
13237
15623
16143
14444
11210
7253
2710
-2401
-7399
-11123
-12829
-12894
-12272
-11123
-8912
-5990
-3468
-1579
245
2020
3243
3825
4258
5069
6126
6874
7293
7532
7020
5331
3136
957
-1515
-4193
-6388
-7823
-8558
-8357
-6987
-4664
-1937
699
3079
5098
6307
6393
5598
4186
2128
-218
-1980
-2720
-2810
-2711
-2329
-1474
-447
248
544
652
475
-221
-1213
-1901
-1983
-1650
-1122
-365
658
1776
2795
3555
3833
3475
2630
1680
763
-281
-1367
-2032
-2099
-1967
-1966
-1888
-1568
-1280
-1298
-1695
-2188
-2434
-2525
-2412
-1821
-889
-12
361
152
-429
-1468
-2504
-2913
-2667
-1199
1771
5246
8582
11774
14629
16419
16043
13101
8099
2096
-3941
-9937
-15332
-18710
-19617
-18341
-15335
-11038
-5304
1294
7041
10864
12848
13431
12742
10562
7249
4112
2216
1204
10
-1472
-2574
-3208
-3930
-5143
-6612
-7754
-8367
-8763
-9057
-8661
-6864
-3587
644
5134
9328
12834
15307
16246
15216
12417
8606
4325
-402
-5337
-9576
-12203
-13160
-13123
-12389
-10589
-7811
-5088
-3102
-1373
671
2747
4264
5170
5887
6594
7035
7138
7134
6864
5859
4153
2063
-402
-3119
-5492
-7098
-8058
-8466
-8076
-6550
-3953
-972
1786
4202
5985
6614
6022
4716
3154
1394
-316
-1484
-2101
-2273
-1924
-1243
-409
377
821
978
822
31
-1244
-2398
-3030
-3141
-2839
-2056
-794
573
1668
2544
3352
3701
3220
2262
1269
357
-380
-788
-910
-951
-931
-811
-836
-1083
-1358
-1818
-2520
-3033
-3197
-3087
-2546
-1718
-1025
-695
-905
-1534
-2010
-1968
-1369
-56
2101
4897
7835
10581
12990
14572
14599
12563
8522
3249
-2278
-7638
-12659
-16539
-18304
-17932
-15978
-12630
-7809
-1694
4568
9249
11914
13379
13816
12652
9843
6402
3709
2045
549
-1164
-2609
-3533
-4196
-5107
-6503
-7888
-8646
-8784
-8692
-8369
-7127
-4343
-410
3663
7324
10659
13525
15098
14725
12669
9592
5811
1427
-3274
-7632
-10732
-12093
-12375
-12207
-11023
-8414
-5293
-2858
-1184
391
2028
3388
4373
5226
6233
7095
7254
7025
6730
5890
4455
2774
623
-2155
-4906
-6738
-7471
-7554
-7063
-5538
-3043
-480
1609
3465
4987
5565
5123
4074
2672
1143
-198
-1203
-1811
-1948
-1665
-1054
-169
696
1142
1157
811
-86
-1517
-2885
-3542
-3533
-3180
-2433
-1320
-124
1007
1976
2759
3363
3399
2680
1791
1047
261
-374
-608
-727
-1024
-1399
-1609
-1624
-1683
-1843
-1987
-2149
-2376
-2492
-2185
-1467
-811
-551
-671
-1183
-1907
-2321
-2055
-920
1321
4422
7541
10181
12396
13970
14250
12682
9167
4277
-1046
-6261
-11108
-14935
-16877
-16737
-15112
-12521
-8832
-3777
1951
6802
9739
11208
11856
11332
9240
6369
4214
2894
1807
450
-1229
-2279
-2965
-3871
-5053
-6766
-8190
-8967
-9341
-9395
-8889
-6543
-2651
1673
5758
9102
12056
14212
14719
13373
10828
7534
3553
-1029
-5669
-9016
-10748
-11111
-11120
-10757
-8964
-6468
-4008
-2110
-463
1526
3137
3922
4408
5192
6191
6896
7047
6913
6407
5175
3341
1173
-1191
-3631
-5694
-6889
-7276
-6975
-5772
-3596
-975
1373
3334
4983
5928
5602
4264
2495
594
-1189
-2538
-3043
-2945
-2342
-1430
-397
785
1601
1967
1681
999
-86
-1805
-3002
-3606
-3791
-3349
-2511
-1133
105
1174
2279
2992
3460
3179
2492
1842
906
-97
-666
-605
-586
-729
-760
-410
-233
-481
-975
-1778
-2313
-2957
-3403
-3418
-2894
-1939
-1293
-886
-1200
-1589
-1699
-1446
-391
1328
3899
6544
8872
11056
12938
13868
12831
9636
4874
-451
-5663
-10390
-14150
-16249
-16319
-14798
-12261
-8741
-3866
1903
6885
9971
11652
12419
11860
9819
6920
4208
2420
1133
-404
-1946
-2995
-3729
-4504
-5514
-6670
-7536
-7914
-8090
-8229
-7947
-6539
-3731
-28
3849
7458
10630
13004
13896
13090
11022
8058
4394
302
-3899
-7509
-9581
-10145
-10195
-9882
-8489
-6276
-4291
-2758
-1063
1025
2803
3707
4196
4885
5660
6107
6337
6670
6566
5480
3871
1981
-470
-3207
-5598
-7258
-8174
-8428
-7654
-5570
-2736
112
2841
5387
7132
7471
6544
4771
2383
-288
-2690
-4440
-5402
-5449
-4458
-2564
-358
1536
2854
3535
3460
2467
818
-683
-1791
-2786
-3509
-3664
-3090
-1994
-761
550
1805
2481
2627
2508
2061
1466
635
-34
-446
-836
-1113
-1380
-957
-361
-344
-605
-1180
-1804
-2395
-2775
-2811
-2588
-2184
-1940
-1934
-2224
-2419
-2222
-1706
-607
1158
3860
6959
9676
11986
13704
14813
14261
11420
6845
1461
-3685
-8872
-13714
-17027
-18074
-16853
-14360
-10924
-6090
-232
5231
9207
11489
12585
12607
11032
8152
5314
3550
2359
904
-854
-2411
-3484
-4291
-5451
-7001
-8123
-8580
-8597
-8773
-8661
-7296
-4544
-632
3273
6979
10444
13001
14298
13822
11973
9187
5742
1743
-2823
-7004
-9810
-11148
-11628
-11410
-10139
-7905
-5626
-3895
-2257
-227
1859
3332
4377
5498
6581
7195
7422
7543
7413
6531
4802
2787
274
-2654
-5506
-7579
-8484
-8732
-7716
-5448
-2433
905
3790
6279
8056
8534
7410
5196
2581
-342
-2937
-4653
-5561
-5697
-4862
-3148
-983
1109
2755
3779
3779
2565
628
-1294
-2791
-3914
-4604
-4492
-3505
-2067
-527
1001
2427
3492
3798
3272
2277
1115
-14
-890
-1330
-1379
-1368
-1270
-735
-62
290
367
184
-318
-1202
-2312
-3036
-3061
-2718
-2440
-2419
-2500
-2642
-2794
-2647
-2198
-1257
701
3522
6541
9335
11901
14220
15501
14690
11568
6800
1457
-3930
-9246
-13788
-16637
-17379
-16383
-14240
-10674
-5393
696
6177
10033
12232
13313
13171
11287
8032
4963
3202
2053
513
-1216
-2591
-3439
-4224
-5617
-7325
-8521
-9118
-9626
-10114
-9862
-8187
-5137
-1149
3218
7445
11201
14088
15355
14629
12394
9349
5748
1465
-3058
-6913
-9379
-10761
-11614
-11702
-10441
-8057
-5895
-4184
-2576
-607
1389
2798
4183
5424
6706
7583
8067
8358
7908
6857
4853
2423
-397
-3333
-5737
-7585
-8333
-8180
-6887
-4758
-2148
748
3179
5280
6365
6453
5843
4165
2347
446
-1129
-2088
-2926
-3100
-2806
-1892
-595
481
1259
1401
1113
271
-943
-1940
-2468
-2726
-2785
-2289
-1482
-558
444
1442
2382
2971
2852
2105
1264
599
29
-449
-716
-787
-849
-860
-628
-190
133
34
-391
-987
-1720
-2576
-3237
-3412
-3082
-2463
-2078
-1907
-2070
-2319
-2383
-2347
-1597
-2
2598
5736
8805
11780
14168
15719
15387
12566
8128
2882
-2612
-8072
-13119
-16886
-18431
-17736
-15382
-11746
-6763
-669
5136
9267
11674
13039
13392
12245
9511
6205
3749
2179
598
-1024
-2119
-2973
-4064
-5500
-7017
-8232
-9086
-9670
-10064
-9794
-8688
-6381
-2641
1928
6629
10515
13624
15382
15143
13440
10619
7334
3362
-1418
-6071
-9657
-11590
-12254
-12143
-11001
-8945
-6622
-4386
-2569
-690
1398
3011
4281
5329
6483
7555
8131
8715
8713
7809
6000
3237
260
-2966
-5590
-7392
-8601
-8889
-8490
-6991
-4763
-1879
1078
3560
5481
6198
5891
4488
2894
1368
-184
-1225
-1988
-2299
-2271
-1733
-764
152
936
1347
1224
464
-511
-1336
-1900
-2167
-2360
-1967
-1072
-86
1011
1801
2395
2401
1608
679
-179
-671
-1012
-1237
-1322
-1351
-855
-389
-17
501
770
653
-227
-1272
-2170
-2923
-3232
-3318
-2927
-2248
-1536
-995
-903
-1208
-1607
-1878
-1794
-1135
324
3087
6275
9503
12171
13904
14945
13913
11022
6485
1089
-4308
-9912
-14469
-17507
-18336
-16839
-13945
-9921
-4834
982
6314
10243
12624
13620
13142
11118
8035
4947
2834
1474
233
-1008
-2119
-3151
-4189
-5341
-6636
-7800
-8667
-9330
-9877
-9833
-8351
-5205
-891
3872
8296
11976
14661
15710
14905
12769
9700
5764
1004
-4109
-8539
-11453
-12761
-12942
-12276
-10594
-8202
-5922
-3990
-1956
309
2376
3894
4964
5968
7136
8114
8530
8589
8165
6839
4815
2400
-242
-2775
-4999
-6769
-7868
-8153
-7531
-6070
-3910
-1227
1584
4091
5900
6664
6343
5151
3432
1535
-308
-1849
-3010
-3751
-3842
-3284
-2290
-1158
-207
537
849
435
-211
-623
-990
-1262
-1161
-700
67
1043
1857
2296
2457
2208
1366
352
-439
-1173
-1897
-2356
-2381
-1926
-1097
-211
555
1121
1193
698
-42
-860
-1787
-2587
-3030
-3161
-2959
-2350
-1499
-780
-562
-1095
-2022
-2625
-2515
-1487
627
3655
6890
9844
12447
14470
15129
13855
10735
5974
404
-5475
-10983
-15294
-17810
-17851
-16253
-13304
-8983
-3653
2157
7111
10609
12649
13387
12357
9547
6069
3399
1907
766
-164
-1243
-2231
-3167
-4482
-5795
-7097
-7969
-8629
-9336
-9448
-8715
-6498
-2921
1429
6091
10211
13684
15788
16031
14631
11719
7952
3440
-1652
-6746
-10804
-13025
-13836
-13629
-12288
-9931
-7227
-4684
-2404
-213
1875
3385
4155
4756
5714
6658
7142
7370
7519
7226
6091
4213
1921
-638
-3407
-5946
-7723
-8607
-8657
-7721
-5681
-2922
93
3012
5442
6971
7387
6626
5029
3199
1250
-482
-1996
-3215
-4074
-4513
-3921
-2928
-1812
-680
132
496
141
-178
-189
-87
130
496
1119
1871
2490
2830
2901
2584
1861
606
-578
-1462
-2236
-2539
-2536
-2089
-1499
-843
-145
28
92
-44
-429
-935
-1658
-2178
-2707
-3004
-2866
-2567
-1842
-1123
-713
-922
-1701
-2212
-2354
-1869
-435
2052
5284
8426
11230
13615
15205
15109
12830
8753
3461
-2201
-7865
-12757
-16124
-17729
-17143
-14952
-11341
-6535
-1074
4412
8531
11033
12177
12125
10700
7986
5132
3185
2014
897
-368
-1610
-2567
-3772
-5137
-6358
-7356
-8182
-9229
-9713
-9414
-7824
-4661
-418
4568
9043
12750
15281
16226
15643
13192
9716
5411
395
-4914
-9992
-13122
-14473
-14516
-13492
-11874
-9254
-6499
-4018
-1704
732
3140
4588
5454
6211
7056
7637
7724
7640
7487
6845
5332
3293
953
-1613
-4351
-6725
-8394
-9217
-9183
-8198
-5806
-2671
873
4439
7399
9468
9837
8828
6831
4289
1814
-1024
-3614
-5575
-6908
-7102
-6423
-4935
-3068
-1178
449
1223
1604
1879
1966
1815
1524
1250
1080
1203
1409
1618
1821
1690
1012
-76
-1112
-1804
-2141
-2189
-2074
-1851
-1475
-877
-308
277
810
865
417
-361
-1297
-2427
-3028
-3201
-3183
-2625
-2022
-1297
-1068
-1350
-1876
-2376
-2368
-2137
-991
1167
4242
7492
10495
13383
15164
15521
13689
9974
5234
-293
-5797
-11121
-15059
-17009
-17333
-15681
-12664
-8279
-3037
2195
6710
9509
11025
11269
10479
8573
6057
4083
2698
1858
764
-280
-1345
-2780
-4352
-6151
-7588
-8740
-9508
-9807
-9424
-7792
-4812
-654
4121
8633
12136
14535
15632
15314
13216
9803
5825
1121
-3896
-8799
-12309
-13902
-14114
-13151
-11448
-8958
-6274
-4016
-2004
22
1932
3293
4265
5263
6375
7287
8006
8650
8899
8239
6570
4213
1489
-1507
-4643
-7098
-8696
-9621
-9769
-8887
-6355
-2944
605
4073
6730
8451
8685
7482
5776
3835
1917
-156
-2208
-3707
-4906
-5301
-4711
-3692
-2393
-1371
-560
-103
104
595
973
1416
1690
1870
2281
2573
2643
2371
2040
1544
653
-668
-1780
-2388
-2702
-2694
-2751
-2404
-1805
-1222
-666
-382
42
185
-82
-444
-747
-913
-1100
-1239
-1305
-1272
-1114
-950
-1161
-1893
-2777
-3399
-3528
-3079
-1755
765
4224
7761
10736
13207
15037
15292
13313
9531
4722
-673
-6208
-11199
-14887
-16650
-16375
-14497
-11482
-7536
-2886
1948
6133
8899
10177
10424
9734
7896
5490
3621
2584
1754
688
-347
-1290
-2468
-3976
-5450
-6691
-7723
-8589
-9128
-8794
-7578
-5105
-1324
3255
7862
11274
13760
15132
14916
13030
9627
5567
969
-3983
-8663
-12015
-13608
-13698
-12837
-11187
-8533
-5757
-3248
-1223
626
2425
3404
4059
4770
5730
6709
7201
7638
7653
7066
5863
3898
1741
-780
-3390
-5836
-7806
-8798
-9018
-8230
-6270
-3198
258
3536
6080
7750
8410
7772
6465
4429
2244
-173
-2612
-4514
-5968
-6454
-6377
-5509
-4158
-2585
-1092
-135
786
1485
2334
2867
2920
2961
3025
3239
2859
2325
1989
1489
879
-74
-861
-1486
-1927
-2111
-2389
-2163
-1765
-1326
-1009
-885
-524
-433
-420
-671
-843
-801
-1059
-1286
-1452
-1323
-1160
-1005
-872
-1223
-2049
-2982
-3643
-3784
-3019
-1128
1821
5012
8192
11155
13475
14862
14317
11806
7565
2419
-2769
-7924
-12206
-15016
-15970
-15225
-13209
-9856
-5382
-322
4320
7681
9718
10759
10684
9130
6575
4152
2586
1464
383
-519
-1352
-2120
-3177
-4395
-5460
-6401
-6911
-7470
-7856
-7615
-6392
-3546
436
4851
8793
11816
13778
14175
12911
10298
6952
3219
-1006
-5637
-9691
-12146
-13012
-12810
-11681
-9501
-6736
-4231
-2273
-533
1256
2851
4014
4908
5669
6222
6477
6675
6897
6864
6185
4828
2864
249
-2416
-4791
-6479
-7615
-8185
-7784
-6604
-4301
-1561
1413
4343
6504
7734
7588
6799
5397
3536
1454
-950
-3047
-4846
-6086
-6558
-6101
-4922
-3637
-2237
-959
-46
728
1699
2690
3326
3633
3733
3716
3385
2772
2183
1746
1252
173
-844
-1463
-2048
-2514
-2860
-2549
-1986
-1558
-1245
-1246
-1080
-857
-634
-437
-389
-368
-438
-586
-766
-828
-691
-455
-408
-715
-1379
-2271
-3141
-3834
-4050
-3464
-1807
862
4132
7442
10409
12663
13844
13666
11707
8238
3588
-1433
-6118
-10344
-13358
-14880
-14476
-12516
-9732
-5927
-1496
2913
6304
8388
9598
9800
8751
6491
3954
2231
1366
702
-19
-535
-911
-1554
-2670
-3901
-5090
-6211
-6925
-7443
-7406
-6559
-4538
-982
2872
6554
9610
11658
12567
11909
9964
7149
3870
-22
-4396
-8543
-11224
-12231
-12161
-10935
-9044
-6493
-3916
-1862
-31
1634
3234
4208
4616
4843
4968
5093
5253
5700
6130
5955
5005
3472
1533
-782
-3177
-5274
-6817
-7894
-8332
-7625
-5839
-3136
-146
2880
5574
7097
7544
6970
5924
4417
2184
-253
-2705
-4615
-5742
-5876
-5007
-3790
-2467
-1162
18
1009
1776
2454
3044
3132
2722
2239
1708
1168
705
330
157
73
-224
-705
-1058
-1222
-1421
-1768
-2064
-2137
-2052
-1876
-1594
-1133
-562
-148
21
98
16
-174
-339
-500
-458
-319
-422
-772
-1272
-1928
-2544
-3091
-3381
-2876
-1495
894
3774
6739
9581
11826
13409
13429
11626
8205
3685
-992
-5687
-9832
-12959
-14595
-14521
-13128
-10592
-6921
-2378
2212
6027
8774
10504
10818
9678
7266
4409
2463
1278
335
-700
-1514
-1980
-2486
-3194
-4106
-4820
-5550
-6243
-6841
-7052
-6502
-5044
-2037
1809
5660
9026
11530
12937
12729
11016
8248
4936
1133
-3152
-7316
-10409
-12027
-12541
-11911
-10085
-7508
-4906
-2774
-939
1003
2816
4170
5185
5784
5894
5716
5699
5820
5822
5620
4917
3779
1966
-580
-3158
-5457
-7228
-8322
-8713
-8122
-6597
-4241
-1089
2238
5244
7372
8229
8123
6965
5076
2666
-107
-2629
-4727
-5987
-6353
-5841
-4491
-2979
-1357
182
1226
1868
2254
2605
2602
2208
1819
1453
1153
912
757
719
801
566
95
-274
-638
-936
-1423
-1749
-1898
-1965
-2032
-2108
-1772
-1414
-788
-257
-54
67
-270
-692
-996
-940
-712
-509
-218
-399
-1124
-2027
-2963
-3655
-3620
-2633
-547
2445
5663
8715
11417
13451
14142
12952
10124
6039
1207
-3790
-8446
-12166
-14510
-15161
-14246
-11890
-8494
-4142
875
5202
8430
10367
11152
10719
8476
5445
2686
881
-157
-1140
-1604
-1672
-1697
-2072
-2957
-3719
-4658
-5698
-6719
-7770
-8027
-6979
-4358
-575
3607
7404
10359
12421
13065
12117
10053
7248
3649
-823
-5684
-9686
-11913
-12605
-12113
-10535
-8155
-5591
-3341
-1389
533
2401
3859
4628
4823
4851
4919
5047
5389
5978
6348
5959
4756
2900
415
-2440
-5024
-6960
-8335
-9081
-8746
-7090
-4363
-1054
2358
5397
7562
8515
8210
6991
5202
2935
293
-2277
-4319
-5583
-5920
-5397
-4161
-2734
-1440
-392
275
822
1245
1648
1879
1679
1329
1012
933
973
1034
1193
1254
1005
395
-322
-901
-1300
-1594
-1788
-1854
-1819
-1695
-1486
-1164
-769
-386
-99
43
16
-122
-247
-285
-212
-99
6
26
-155
-699
-1636
-2814
-3899
-4458
-4216
-2823
-373
2848
6357
9526
12227
13930
14072
12273
8688
4062
-1118
-6150
-10556
-13964
-15720
-15421
-13301
-10079
-6103
-1473
3221
6986
9317
10432
10448
9092
6480
3677
1758
778
184
-251
-446
-647
-1244
-2207
-3255
-4275
-5308
-6430
-7610
-8444
-8209
-6423
-3185
961
5237
8994
11806
13304
13198
11627
9094
5902
2002
-2571
-7149
-10647
-12374
-12493
-11521
-9718
-7314
-4843
-2828
-1228
347
1920
3082
3681
4089
4578
5065
5559
6221
6862
6976
6218
4549
2134
-679
-3438
-5766
-7480
-8567
-8881
-8039
-5927
-2992
253
3480
6169
7691
7873
7040
5563
3581
1204
-1232
-3267
-4651
-5329
-5170
-4195
-2817
-1510
-438
382
876
1128
1332
1446
1228
775
526
679
1047
1403
1688
1841
1706
1196
459
-202
-718
-1270
-1894
-2349
-2482
-2385
-2213
-1954
-1454
-724
-79
181
102
-106
-303
-452
-566
-695
-813
-887
-1031
-1397
-2009
-2713
-3266
-3359
-2682
-1020
1511
4393
7110
9568
11794
13296
13215
11160
7561
3151
-1532
-6136
-10258
-13323
-14796
-14492
-12671
-9630
-5574
-935
3500
6967
9237
10451
10571
9259
6698
3922
1915
765
-126
-807
-1183
-1333
-1716
-2624
-3551
-4421
-5226
-6232
-7261
-7828
-7630
-5896
-2726
1309
5257
8573
11230
12779
12899
11367
8739
5603
1787
-2867
-7596
-10976
-12494
-12632
-11816
-9963
-7289
-4613
-2514
-784
1001
2628
3621
4105
4563
5140
5604
5968
6295
6377
5954
4924
3364
1138
-1430
-3906
-5934
-7283
-8095
-8057
-7069
-5012
-2244
694
3715
6118
7542
7794
7113
5900
3955
1652
-627
-2504
-3714
-4438
-4468
-3865
-2917
-1807
-889
-252
115
355
616
736
618
423
412
675
1066
1359
1582
1743
1577
1062
434
-192
-716
-1155
-1664
-2089
-2235
-2297
-2267
-1908
-1303
-617
-105
28
-25
-44
-207
-506
-729
-899
-901
-879
-885
-1117
-1696
-2387
-3029
-3135
-2660
-1218
1320
4373
7374
9809
11868
12974
12515
10420
6852
2615
-1898
-6393
-10368
-13202
-14460
-14031
-12111
-9093
-5066
-518
3605
6679
8597
9615
9665
8432
6162
3855
2264
1316
673
-14
-494
-904
-1562
-2449
-3719
-4869
-5806
-6694
-7589
-8196
-7784
-5981
-2604
1437
5396
8938
11579
13023
12787
11138
8604
5465
1659
-2835
-7096
-10105
-11580
-11912
-11348
-9755
-7363
-4929
-2859
-994
866
2602
3731
4303
4846
5384
5796
6142
6422
6587
6361
5354
3592
1258
-1423
-3979
-5946
-7259
-8129
-8461
-7803
-6012
-3351
-161
3152
5936
7515
7770
7040
5678
3787
1488
-888
-2881
-4270
-4996
-4795
-3858
-2553
-1321
-336
410
612
674
868
1118
1185
906
763
896
1276
1742
2065
2263
2201
1636
627
-282
-876
-1499
-2291
-2879
-3046
-2937
-2647
-2180
-1472
-549
299
738
723
393
-157
-724
-1021
-960
-713
-452
-403
-781
-1596
-2544
-3116
-3051
-2227
-520
2021
4852
7435
9645
11612
13008
12715
10433
6468
1801
-2877
-7502
-11233
-13719
-14472
-13709
-11924
-8878
-4901
-353
3720
6605
8415
9343
9379
8208
6046
3910
2588
1773
1017
7
-703
-1092
-1786
-2814
-4199
-5195
-6013
-6973
-7795
-8231
-7341
-4996
-1522
2414
6102
9322
11656
12795
12542
10927
8249
4864
807
-3767
-7918
-10560
-11493
-11404
-10680
-9126
-6860
-4574
-2720
-968
995
2712
3586
3877
4310
5046
5757
6326
6798
6930
6377
5127
3280
848
-1925
-4535
-6511
-7732
-8350
-8261
-7111
-4874
-1942
977
3484
5514
6614
6614
5845
4571
2961
1222
-653
-2338
-3437
-3929
-3655
-2990
-1978
-837
45
600
480
288
226
310
429
330
566
947
1417
1867
2052
2225
2161
1612
732
-212
-1006
-1538
-2038
-2481
-2565
-2380
-2126
-1776
-1216
-650
-342
-277
-467
-936
-1437
-1637
-1472
-1122
-770
-511
-509
-966
-1735
-2353
-2607
-2450
-1501
567
3395
6325
9019
11339
12992
13355
11764
8300
3854
-881
-5652
-9935
-12966
-14357
-14139
-12595
-9994
-6332
-1778
2710
6025
8108
9523
10270
9775
7855
5344
3413
2366
1609
618
-469
-1200
-1805
-2826
-4188
-5486
-6423
-7056
-7699
-8078
-7561
-5903
-3105
474
4188
7606
10389
12044
12252
11083
8915
6102
2646
-1492
-5775
-9050
-10689
-11179
-11059
-10141
-8238
-5963
-4038
-2450
-700
1237
2851
4005
4970
5889
6489
6712
6821
6906
6502
5298
3597
1585
-561
-2983
-5202
-6692
-7636
-7795
-7217
-5605
-3220
-725
1966
4366
6202
6922
6326
5116
3409
1729
148
-1401
-2623
-3564
-3656
-3187
-2487
-1477
-582
64
139
-105
-292
-398
-281
-35
349
841
1292
1553
1712
1910
2018
1766
1075
175
-711
-1405
-1793
-1964
-1994
-1948
-1832
-1590
-1199
-746
-493
-423
-463
-711
-1334
-1954
-2111
-1858
-1316
-718
-124
-248
-989
-1741
-2378
-2472
-2083
-557
1867
4701
7554
9828
11981
13115
12501
9961
6191
2110
-2434
-6882
-10771
-13324
-14102
-13457
-11648
-8711
-4448
433
4681
7574
9262
10042
9695
7997
5492
3417
2319
1739
992
-71
-977
-1896
-2947
-4121
-5429
-6302
-6874
-7424
-8016
-8111
-6915
-4234
-402
3450
6839
9607
11649
12550
11791
9971
7569
4725
1065
-3333
-7093
-9347
-10372
-10651
-10260
-8958
-6890
-4835
-3222
-1695
-32
1539
2677
3609
4753
5851
6589
6843
6877
6707
6012
4813
2970
709
-1842
-4278
-6104
-7468
-8196
-8203
-7073
-4810
-2002
1157
4032
6325
7761
7931
6968
5022
2896
901
-1048
-2779
-4260
-4944
-4801
-4056
-2845
-1291
386
1361
1477
1170
893
742
463
52
-234
-166
68
350
849
1555
2052
2005
1483
654
-332
-1310
-2002
-2175
-1965
-1769
-1682
-1436
-973
-580
-419
-371
-396
-609
-977
-1277
-1395
-1366
-1177
-800
-493
-617
-1194
-1899
-2442
-2641
-2146
-609
1823
4504
6946
9182
11234
12514
12137
9836
6193
1995
-2386
-6774
-10635
-13149
-13895
-13199
-11481
-8693
-4640
165
4488
7494
9245
10169
10096
8626
6124
3750
2161
1147
228
-933
-1845
-2501
-3152
-3994
-5024
-5663
-6345
-6974
-7249
-7102
-5868
-3524
-282
3157
6301
9080
11011
11813
11298
9769
7600
4702
904
-3467
-7054
-9324
-10250
-10319
-9968
-8628
-6719
-4672
-3151
-1634
364
1917
3124
3863
4663
5424
5858
6169
6210
6200
5638
4393
2660
584
-1874
-4144
-5802
-7015
-7539
-7504
-6445
-4613
-2258
478
2879
4929
6120
6310
5729
4606
3334
1823
98
-1619
-2955
-3660
-3778
-3417
-2640
-1659
-937
-643
-657
-533
-93
204
352
364
621
1274
1714
2027
2077
1986
1888
1272
618
14
-593
-1027
-1595
-1778
-1670
-1623
-1477
-1339
-939
-508
-302
-248
-458
-872
-1314
-1690
-1899
-1898
-1634
-939
-521
-696
-1312
-1933
-2082
-2140
-1530
32
2389
5071
7220
9192
11014
12096
11566
9090
5495
1370
-2884
-6971
-10346
-12433
-13060
-12296
-10684
-7973
-4130
361
4587
7423
9194
9859
9494
7941
5408
3365
2006
1277
351
-1028
-2021
-2850
-3407
-4247
-5286
-5799
-6187
-6310
-6568
-6421
-5160
-2971
112
3279
6532
9302
11263
12119
11436
9718
7037
3990
183
-3974
-7361
-9531
-10398
-10754
-10289
-8836
-6832
-4896
-3219
-1325
661
2194
3166
4009
4844
5664
6126
6416
6540
6266
5688
4430
2786
725
-1585
-3623
-5456
-6715
-7573
-7659
-6513
-4647
-2168
398
2940
5121
6227
6452
5662
4378
2943
1234
-443
-2022
-3206
-3874
-3953
-3487
-2606
-1648
-860
-338
-319
-220
-76
9
260
480
1159
1781
2030
2279
2253
2371
2180
1706
1188
354
-290
-1122
-1862
-2237
-2252
-1889
-1654
-1281
-928
-752
-712
-889
-1153
-1552
-1900
-2149
-2111
-1768
-1276
-581
-227
-388
-1046
-1711
-1882
-1904
-1174
494
2845
5398
7489
9490
11168
11894
11028
8463
4941
944
-3231
-7217
-10359
-12123
-12429
-11616
-9806
-6821
-2760
1646
5318
7802
9243
9754
9042
7069
4611
2760
1682
766
-359
-1634
-2485
-3075
-3691
-4354
-5057
-5432
-6016
-6723
-7060
-6653
-4913
-2283
990
4362
7283
9758
11246
11765
11023
9043
6467
3085
-877
-5002
-8217
-9873
-10718
-10914
-10292
-8537
-6149
-4083
-2315
-573
1027
2128
2914
3777
4684
5384
5873
6271
6447
6224
5496
4347
2806
783
-1575
-3793
-5560
-6919
-7748
-7615
-6339
-4263
-1768
931
3471
5366
6341
6414
5758
4606
3102
1357
-358
-1800
-2926
-3613
-3664
-3199
-2503
-1656
-865
-518
-586
-644
-536
-406
-255
63
589
1191
1687
2041
2302
2413
2185
1592
826
67
-655
-1361
-1925
-2166
-2072
-1848
-1647
-1418
-1117
-891
-941
-1258
-1645
-1936
-2107
-2161
-1991
-1452
-609
157
396
-3
-737
-1430
-1865
-1841
-1052
653
2968
5417
7775
9992
11708
12146
10823
7962
4215
5
-4414
-8541
-11551
-12903
-12823
-11646
-9538
-6162
-1794
2572
6056
8179
9370
9514
8456
6314
3824
2083
967
134
-872
-1861
-2506
-3023
-3585
-4375
-5006
-5402
-5836
-6310
-6490
-5872
-4197
-1523
1613
4713
7528
9845
11312
11585
10563
8436
5539
2112
-1691
-5389
-8084
-9606
-10294
-10318
-9638
-7970
-5891
-4007
-2249
-578
1045
2243
2993
3784
4522
5155
5679
6011
6269
6203
5542
4347
2568
395
-1839
-3955
-5515
-6601
-7145
-6740
-5561
-3626
-1454
741
2887
4499
5395
5269
4558
3540
2351
980
-556
-1742
-2550
-2812
-2752
-2315
-1514
-813
-407
-468
-578
-575
-573
-649
-719
-478
39
573
1022
1495
1977
2315
2174
1697
1133
502
-78
-791
-1373
-1673
-1830
-1800
-1878
-1928
-1835
-1803
-1775
-1911
-2002
-1868
-1711
-1438
-1001
-306
467
877
781
266
-368
-863
-1034
-538
953
3134
5329
7199
8893
10366
10918
9939
7458
4098
357
-3553
-7382
-10465
-12230
-12590
-11833
-10340
-7728
-4030
233
4066
6602
8288
9032
8655
7039
4687
2892
1645
767
-162
-1274
-2014
-2649
-3157
-3774
-4416
-4643
-4922
-5211
-5565
-5458
-4145
-1843
1149
4041
6545
8653
10035
10416
9608
7988
5858
3087
-415
-4080
-7012
-8799
-9653
-9907
-9447
-8148
-6327
-4544
-2967
-1303
477
1981
3013
3804
4570
5268
5826
6220
6356
6142
5541
4522
3116
1384
-608
-2652
-4398
-5692
-6548
-6804
-6245
-4916
-3057
-926
1190
3030
4357
4888
4573
3791
2952
2044
881
-441
-1569
-2225
-2388
-2212
-1768
-1061
-315
-7
-281
-704
-868
-874
-927
-881
-567
-85
390
831
1330
1821
2109
2037
1704
1326
941
409
-200
-682
-1200
-1731
-2203
-2480
-2596
-2696
-2579
-2518
-2516
-2475
-2343
-1877
-1258
-585
29
525
752
481
-45
-493
-630
-181
1071
2948
5026
6958
8591
9791
10169
9286
7072
4008
601
-2914
-6349
-9312
-11249
-11721
-10933
-9352
-6900
-3478
538
4150
6665
8227
8812
8374
6812
4493
2578
1318
425
-539
-1671
-2403
-2946
-3386
-3859
-4302
-4409
-4484
-4607
-4951
-5011
-4228
-2416
129
2671
5149
7273
8908
9613
9209
8105
6311
3872
635
-2878
-5801
-7709
-8736
-9181
-8869
-7703
-6085
-4626
-3281
-1694
40
1363
2062
2550
3204
3928
4493
5047
5523
5751
5480
4721
3723
2334
740
-961
-2607
-4020
-5226
-5819
-5756
-4969
-3447
-1529
550
2242
3343
3876
3736
3239
2569
1897
1187
112
-907
-1548
-1851
-1869
-1777
-1301
-594
-126
-87
-434
-658
-726
-949
-1188
-1138
-704
-78
596
1284
1916
2310
2280
1913
1504
1156
696
131
-402
-953
-1481
-1855
-2062
-2300
-2627
-2941
-3103
-3037
-2954
-2762
-2356
-1596
-672
66
704
951
859
398
-150
-319
-2
1137
2774
4699
6581
8283
9817
10518
9913
7763
4575
907
-2970
-6737
-9912
-11837
-12306
-11627
-10029
-7360
-3806
165
3702
6335
8123
8982
8806
7237
4981
2962
1435
350
-620
-1513
-2336
-2917
-3328
-3702
-3951
-3927
-3847
-4115
-4578
-4925
-4372
-2707
-161
2678
5078
7309
8908
9528
9192
7946
6394
4209
1065
-2519
-5679
-7670
-8738
-9198
-8937
-7922
-6340
-4772
-3470
-2034
-306
1095
1856
2411
3053
3721
4314
4930
5504
5823
5584
4749
3448
1802
87
-1598
-2884
-3958
-4955
-5358
-5232
-4562
-3312
-1588
304
1837
2861
3390
3371
2896
2212
1451
805
247
-509
-1168
-1296
-1136
-927
-484
81
314
-24
-707
-1228
-1429
-1531
-1494
-1162
-675
-152
488
1138
1585
1843
1901
1717
1450
1152
715
310
3
-506
-1098
-1472
-1765
-2162
-2609
-3070
-3341
-3341
-3337
-3197
-2800
-2121
-1178
-105
794
1148
1040
426
-300
-645
-530
505
2296
4413
6563
8373
9959
10923
10654
8790
5607
2017
-1765
-5533
-9032
-11506
-12384
-12019
-10617
-8350
-4887
-664
3226
6156
7934
8936
8936
7603
5265
2872
1285
348
-424
-1273
-1977
-2411
-2841
-3502
-4336
-4735
-4737
-4816
-5011
-5207
-4784
-3383
-971
1979
4729
7240
9237
10295
10177
9000
7225
5014
2171
-1327
-4750
-7183
-8462
-8987
-8897
-8049
-6660
-5249
-4017
-2618
-863
812
1970
2661
3128
3511
3941
4498
5084
5488
5423
4733
3611
2277
708
-958
-2356
-3462
-4374
-4935
-4994
-4581
-3658
-2254
-654
926
2184
2758
2782
2679
2368
1842
1454
1020
292
-534
-1011
-1136
-1070
-683
-371
-219
-164
-310
-394
-446
-544
-765
-855
-575
-360
-106
329
849
1360
1547
1551
1434
1269
1046
639
341
65
-401
-1037
-1643
-2040
-2418
-2858
-3239
-3420
-3357
-3114
-2685
-1942
-891
148
849
1042
829
361
-235
-548
-420
445
2200
4332
6515
8377
9900
10906
10478
8522
5378
1556
-2280
-6156
-9719
-12173
-13058
-12501
-10918
-8255
-4469
28
4226
7149
8738
9395
9179
7739
5295
2908
1389
540
-282
-1260
-2133
-2731
-3249
-3857
-4343
-4540
-4684
-4967
-5312
-5526
-5158
-3750
-1322
1581
4310
6667
8499
9406
9305
8398
6947
5094
2424
-1110
-4415
-6587
-7728
-8276
-8356
-7753
-6545
-5247
-4065
-2694
-958
752
1966
2790
3533
4218
4728
5101
5493
5714
5400
4468
3155
1632
12
-1539
-2834
-3811
-4518
-4718
-4474
-3844
-2904
-1823
-377
1090
2200
2748
2710
2409
1815
1102
416
-258
-853
-1230
-1272
-1054
-505
101
343
390
254
-254
-717
-877
-1058
-1060
-798
-679
-570
-250
349
929
1386
1794
1822
1854
1898
1577
1198
884
387
-400
-1176
-1852
-2405
-2731
-3053
-3338
-3492
-3545
-3375
-2711
-1581
-536
345
935
951
579
-36
-640
-1069
-761
601
2637
4998
7100
8933
10510
11082
10156
7806
4477
755
-3038
-6866
-10160
-12160
-12766
-12182
-10584
-7954
-4233
-1
3700
6333
8071
9042
8879
7309
4995
2970
1692
815
-260
-1204
-1834
-2464
-3114
-3972
-4634
-4777
-4764
-4683
-4714
-4616
-3888
-2340
23
2655
5301
7713
9408
10101
9585
8243
6402
4070
1226
-2029
-4990
-6998
-8219
-8807
-8668
-7946
-6669
-5351
-4137
-2621
-995
492
1487
2256
3093
3819
4576
5382
6088
6392
6024
4949
3450
1784
12
-1573
-2906
-4014
-4694
-4826
-4489
-3798
-2681
-1132
477
1688
2360
2513
2240
1694
1013
435
138
-111
-579
-946
-839
-482
-223
2
176
17
-420
-899
-1261
-1364
-1289
-1166
-856
-392
19
511
1105
1652
2056
2151
1862
1481
1159
620
93
-225
-434
-642
-935
-1268
-1739
-2077
-2379
-2777
-2986
-3170
-3246
-2950
-2103
-913
49
792
1255
1152
550
-224
-815
-795
188
1886
4018
6119
7857
9471
10448
10195
8562
5701
2227
-1607
-5564
-9218
-11820
-12841
-12578
-10999
-8417
-5106
-1087
2810
5903
7899
9058
9158
7779
5388
2867
1295
353
-476
-1144
-1792
-2315
-2834
-3420
-4050
-4378
-4406
-4711
-5140
-5610
-5674
-4315
-1606
1630
4723
7467
9579
10530
10272
8950
7201
5280
2616
-651
-4017
-6621
-8031
-8604
-8426
-7666
-6264
-4859
-3814
-2694
-1157
619
1770
2494
2982
3406
3893
4402
5122
5758
6082
5462
4082
2285
251
-1587
-3114
-4174
-5088
-5501
-5332
-4730
-3459
-1816
-61
1384
2352
2801
2771
2461
1948
1380
799
176
-542
-1114
-1333
-1307
-932
-244
222
235
77
-256
-735
-925
-798
-691
-528
-167
175
519
1046
1522
1767
1894
1852
1566
1188
792
307
-85
-320
-587
-919
-1241
-1671
-2135
-2417
-2783
-3141
-3346
-3447
-3212
-2652
-1787
-822
81
656
694
522
85
-352
-418
-27
1335
3390
5552
7537
9127
10359
10696
9622
7073
3530
-310
-4272
-7991
-10862
-12294
-12181
-11010
-9012
-6071
-2244
1698
4848
6989
8374
8938
8227
6233
3773
1825
616
-277
-1123
-1825
-2276
-2618
-3112
-3806
-4389
-4654
-4849
-5214
-5545
-5408
-4380
-2212
756
3779
6474
8763
10246
10481
9632
8171
6230
3600
239
-3322
-6176
-7913
-8759
-8836
-8031
-6521
-4961
-3801
-2829
-1677
-274
1118
2130
2845
3460
3934
4420
4938
5366
5621
5272
4341
3139
1437
-472
-2082
-3465
-4473
-4965
-5051
-4680
-3861
-2618
-1091
434
1748
2524
2771
2857
2594
1947
1405
817
24
-528
-855
-1058
-890
-629
-522
-361
-414
-829
-1079
-1052
-1057
-1021
-732
-242
247
624
886
1124
1371
1455
1322
1200
1128
883
482
151
-52
-283
-605
-871
-1036
-1305
-1795
-2459
-3160
-3650
-3814
-3628
-3014
-2137
-1181
-157
598
750
538
230
-68
-66
448
1599
3428
5535
7518
9352
10749
11050
9796
7074
3533
-277
-4199
-8003
-11031
-12535
-12477
-11285
-9134
-5939
-1970
2014
5157
7287
8588
8780
7803
5685
3303
1654
640
170
-414
-1191
-1815
-2619
-3319
-4053
-4726
-4996
-5363
-5683
-5928
-5749
-4361
-1990
972
3893
6525
8813
10259
10672
9960
8369
6437
4001
668
-2975
-5982
-7796
-8587
-8769
-8176
-6905
-5518
-4325
-3182
-1961
-678
451
1378
2168
2846
3682
4491
5369
6063
6135
5697
4669
3425
1652
-371
-1873
-3197
-4350
-5335
-5699
-5334
-4498
-2887
-1015
928
2813
3869
4257
4150
3535
2532
1144
-88
-1490
-2755
-3102
-3163
-2688
-1829
-926
-221
-110
29
146
453
696
444
220
-263
-697
-819
-619
245
1038
1489
1782
1757
1711
1457
1090
928
682
406
-310
-1095
-1444
-1819
-2184
-2730
-3219
-3679
-4153
-4142
-3777
-2887
-1593
-296
740
1213
1112
565
-33
-337
-95
847
2426
4310
6155
7949
9609
10737
10673
8982
5990
2356
-1625
-5641
-9113
-11492
-12338
-11811
-10407
-8060
-4683
-764
2928
5692
7351
8136
7978
6709
4637
2607
1296
552
-130
-929
-1739
-2376
-2874
-3531
-4303
-4759
-4916
-5230
-5653
-5702
-4999
-3213
-353
2778
5399
7626
9434
10303
10003
8915
7274
5081
2154
-1577
-5126
-7675
-8864
-9071
-8619
-7545
-6394
-5017
-3814
-2620
-1023
314
1385
2135
2733
3405
4068
4683
5254
5836
6024
5524
4396
2836
1010
-865
-2490
-3744
-4596
-5033
-5024
-4534
-3475
-1938
-319
1131
2312
2960
2905
2451
1984
1537
967
193
-696
-1421
-1741
-1691
-1370
-827
-239
55
-77
-412
-671
-757
-721
-626
-455
-143
221
456
588
789
999
1028
925
784
599
421
304
220
142
1
-229
-521
-817
-1184
-1761
-2354
-2890
-3393
-3613
-3431
-3001
-2217
-1167
-116
914
1315
1126
589
-63
-238
31
1116
2858
4921
7137
8972
10482
10976
9963
7587
4145
498
-3402
-7239
-10313
-12213
-12457
-11601
-9806
-7102
-3573
460
3835
6339
7839
8302
7869
6343
4142
2358
1427
828
52
-1065
-2067
-2861
-3392
-3903
-4408
-4588
-4970
-5393
-5882
-5885
-4610
-2358
624
3559
6153
8362
9845
10363
9765
8421
6574
4019
640
-2969
-5921
-7744
-8572
-8836
-8577
-7594
-6067
-4546
-3182
-1611
131
1451
2105
2519
3055
3670
4277
4981
5738
6027
5531
4522
3249
1791
127
-1644
-3093
-4253
-5196
-5504
-5216
-4340
-2829
-1202
403
2033
3004
3134
2779
2198
1697
1061
441
-188
-907
-1138
-1144
-967
-605
-257
144
-88
-619
-937
-1168
-1028
-967
-874
-488
-95
355
668
1100
1665
1923
1796
1378
860
423
92
-46
107
122
-46
-533
-1141
-1601
-2119
-2440
-2962
-3487
-3792
-3833
-3234
-2338
-1212
-209
522
891
612
104
-290
-243
641
2093
3669
5489
7307
8864
10161
10554
9400
6837
3357
-562
-4359
-7877
-10616
-11881
-11779
-10675
-8909
-6139
-2385
1445
4661
6905
8293
8581
7514
5589
3487
1994
1173
602
13
-738
-1473
-2271
-3174
-4155
-5044
-5462
-5830
-6225
-6421
-6141
-4567
-1979
1091
4314
7097
9378
10704
10810
10019
8499
6484
3888
481
-3247
-6251
-8116
-8977
-9033
-8453
-7226
-5739
-4395
-3123
-1743
-271
926
1660
2188
2801
3564
4324
4961
5469
5654
5344
4557
3324
1800
30
-1807
-3264
-4287
-4956
-5050
-4637
-3846
-2502
-825
776
2023
2747
2840
2488
2030
1479
914
356
-95
-570
-1000
-1119
-1057
-741
-423
-191
-340
-747
-751
-670
-512
-476
-522
-318
-21
386
853
1346
1642
1626
1415
1117
755
355
91
-130
-245
-276
-423
-582
-783
-1168
-1631
-2167
-2809
-3417
-3819
-3868
-3511
-2790
-1809
-804
65
632
748
492
60
-214
-95
491
1765
3572
5378
7100
8713
9891
10205
9125
6614
3243
-517
-4329
-7733
-10230
-11448
-11326
-10109
-8070
-5278
-1805
1770
4658
6591
7718
7937
6957
5002
2979
1640
979
530
1
-579
-1219
-2096
-3194
-4157
-4721
-5038
-5390
-5789
-5958
-5499
-4014
-1483
1604
4585
7064
8922
9991
10046
9100
7440
5309
2635
-625
-3941
-6470
-7798
-8237
-8311
-7905
-6877
-5720
-4623
-3319
-1760
-206
1019
1712
2344
3238
4084
4776
5350
5903
6009
5512
4474
2929
1383
-288
-1741
-2869
-3862
-4430
-4769
-4333
-3202
-1871
-199
1234
2357
2969
2812
2258
1520
1040
449
-277
-892
-1559
-1838
-1859
-1614
-1018
-422
-63
-93
-262
-346
-392
-497
-580
-528
-240
257
768
1212
1560
1708
1429
893
501
224
27
-46
-175
-330
-431
-632
-884
-1155
-1594
-2099
-2527
-2892
-3256
-3568
-3569
-3109
-2294
-1220
-80
757
1092
867
269
-233
-428
-192
808
2533
4593
6639
8390
9796
10536
9858
7602
4376
819
-2756
-6278
-9386
-11361
-11898
-11289
-9796
-7265
-3658
376
3831
6130
7418
8013
7724
6250
4125
2380
1400
766
36
-789
-1464
-1932
-2435
-3148
-3863
-4357
-4754
-5293
-5910
-6110
-5267
-3174
-268
2770
5497
7721
9256
9858
9410
8141
6425
4191
1140
-2399
-5473
-7426
-8427
-8838
-8533
-7308
-5611
-4144
-3067
-1938
-498
716
1451
1957
2599
3516
4232
4795
5334
5624
5553
4860
3777
2415
698
-967
-2496
-3797
-4802
-5527
-5527
-4713
-3219
-1366
344
1851
2852
3247
3198
2821
2417
1852
1101
163
-845
-1451
-1649
-1509
-1216
-850
-330
-91
-171
-401
-473
-254
-229
-297
-235
9
268
404
758
1156
1333
1264
971
605
265
-6
-249
-407
-550
-835
-1184
-1399
-1536
-1735
-1956
-2263
-2691
-3045
-3079
-2727
-2024
-1150
-307
438
875
773
239
-284
-505
-217
756
2384
4359
6293
8035
9364
10177
9868
7960
4939
1354
-2266
-5802
-8884
-10894
-11639
-11048
-9590
-7370
-4198
-454
3066
5663
7248
8002
7978
6979
5130
3230
1985
1222
397
-555
-1435
-2126
-2730
-3428
-4122
-4539
-4801
-5261
-5820
-6019
-5468
-3875
-1239
1896
4888
7388
9111
9811
9539
8546
6976
4791
1852
-1658
-4982
-7352
-8614
-8996
-8644
-7618
-6117
-4553
-3215
-1953
-530
854
1877
2580
3144
3609
4047
4571
5125
5519
5538
5040
4073
2747
1114
-662
-2287
-3653
-4790
-5545
-5679
-5099
-3838
-2111
-259
1396
2608
3169
3126
2752
2217
1538
704
-261
-1211
-1851
-2045
-1905
-1472
-726
108
641
696
409
22
-310
-549
-665
-586
-282
156
607
991
1259
1359
1291
1092
769
388
64
-187
-394
-542
-693
-944
-1227
-1437
-1633
-1886
-2178
-2547
-2958
-3146
-2871
-2156
-1213
-288
423
815
784
332
-240
-523
-326
411
1748
3542
5455
7304
8994
10090
9943
8306
5534
2178
-1380
-4939
-8198
-10609
-11650
-11387
-10251
-8268
-5216
-1353
2386
5266
7130
8131
8183
7127
5265
3324
2038
1245
592
-243
-1213
-2039
-2859
-3445
-3868
-4057
-4191
-4539
-4905
-5325
-5166
-4009
-1729
1262
4135
6590
8345
9390
9505
8675
7293
5426
2782
-647
-4061
-6666
-8215
-8866
-8722
-7873
-6552
-5092
-3725
-2418
-1093
155
1041
1651
2111
2674
3428
4165
4966
5553
5738
5379
4457
3214
1576
-115
-1671
-3114
-4148
-4739
-4740
-4230
-3276
-1872
-393
1116
2291
2927
3116
2815
2274
1626
994
291
-490
-1096
-1468
-1605
-1470
-1177
-961
-844
-848
-828
-821
-769
-603
-502
-341
-180
92
451
841
1256
1434
1535
1399
1000
720
474
183
-44
-232
-498
-832
-1107
-1230
-1429
-1865
-2313
-2723
-3105
-3221
-2880
-2173
-1328
-526
224
770
833
568
226
-124
-114
576
1802
3395
5217
7007
8665
9984
10305
9079
6566
3306
-377
-4126
-7656
-10495
-11981
-12013
-11043
-9132
-6183
-2438
1437
4566
6754
7859
7987
7123
5195
3393
1997
992
448
-270
-852
-1317
-1981
-2719
-3551
-4141
-4669
-5166
-5371
-5697
-5560
-4315
-2028
1050
4035
6789
8960
10078
10126
8906
7271
5388
2969
15
-3283
-5901
-7599
-8468
-8589
-7989
-6690
-5258
-3958
-2674
-1290
22
1001
1556
2011
2728
3530
4210
4884
5570
5848
5463
4581
3311
1750
92
-1574
-3156
-4460
-5342
-5725
-5433
-4446
-2949
-1147
750
2373
3326
3746
3635
3039
2151
1096
144
-921
-1890
-2377
-2261
-1634
-975
-269
468
950
1015
783
571
317
-138
-648
-906
-867
-645
-276
229
776
1142
1204
1054
873
736
591
379
57
-360
-853
-1325
-1694
-2090
-2418
-2590
-2762
-3065
-3331
-3169
-2685
-1850
-757
137
967
1338
963
332
-264
-416
-38
1102
2864
4707
6669
8432
9932
10706
10005
7896
4715
1063
-2782
-6524
-9784
-12128
-12990
-12566
-10931
-8124
-4424
-143
3712
6460
7921
8288
7799
6443
4751
3249
2095
1188
414
-438
-1270
-1865
-2404
-2837
-3241
-3584
-4083
-4877
-5586
-5915
-5194
-3225
-425
2577
5217
7405
8936
9544
9214
8078
6401
4253
1335
-2121
-5092
-7110
-8275
-8697
-8509
-7641
-6327
-4943
-3743
-2423
-859
345
1351
2184
2889
3673
4256
4777
5458
5994
5884
5250
4146
2655
998
-644
-2053
-3391
-4387
-5002
-5191
-4698
-3647
-2141
-508
1014
2079
2501
2548
2301
1865
1378
842
175
-560
-1157
-1469
-1386
-988
-455
-36
140
95
-151
-359
-529
-590
-493
-365
-37
337
732
1083
1267
1353
1152
914
747
540
384
162
-94
-488
-996
-1319
-1612
-1905
-2180
-2463
-2664
-2877
-2935
-2851
-2455
-1460
-467
268
732
698
409
-134
-652
-691
-199
1164
3209
5472
7582
9300
10649
10965
9744
7062
3495
-226
-4022
-7673
-10614
-12263
-12524
-11710
-9834
-6836
-2996
984
4331
6630
8036
8615
7925
6107
4093
2576
1638
949
80
-902
-1697
-2348
-2919
-3413
-3892
-4173
-4233
-4510
-5076
-5357
-4712
-2876
-268
2410
4871
7074
8736
9443
9110
8094
6606
4420
1409
-1915
-4718
-6681
-7981
-8637
-8445
-7433
-6100
-4941
-3739
-2218
-534
979
1950
2616
3305
3893
4323
4841
5276
5416
5160
4348
3245
1660
-116
-1744
-2913
-3496
-4041
-4125
-3940
-3402
-2499
-1525
-191
932
1834
2123
1899
1604
864
420
151
-235
-337
-308
34
437
686
861
760
531
-42
-838
-1299
-1519
-1566
-1436
-1191
-786
-265
254
811
1285
1457
1434
1373
1259
938
483
149
-109
-522
-1038
-1396
-1589
-1831
-2216
-2573
-2772
-2851
-2873
-2707
-2140
-1294
-540
-23
246
156
-255
-661
-753
-329
752
2439
4466
6542
8365
9681
10307
9900
8139
5218
1769
-1835
-5407
-8522
-10617
-11348
-10898
-9580
-7496
-4491
-847
2669
5349
7081
8114
8114
7011
4911
2793
1457
676
133
-838
-1661
-2252
-2810
-3289
-4001
-4331
-4553
-4658
-4711
-5068
-4775
-3747
-1782
790
3260
5818
7693
8914
9255
8604
7448
5566
3217
80
-3094
-5657
-7388
-8202
-8501
-7851
-6784
-5373
-3963
-2641
-1005
458
1713
2468
3082
3720
4151
4522
4942
5333
5325
4761
3731
2396
721
-781
-1980
-2945
-3676
-4247
-4087
-3510
-2645
-1591
-584
502
1096
1352
1308
904
596
252
179
179
87
157
78
180
360
562
834
638
66
-792
-1464
-1606
-1474
-1196
-792
-321
61
459
862
1269
1654
1758
1558
1214
763
289
-45
-278
-505
-819
-1257
-1650
-1884
-1988
-2066
-2288
-2619
-2895
-3036
-2787
-2048
-1191
-505
-162
-249
-507
-785
-936
-480
783
2628
4675
6516
8025
9270
10069
9937
8432
5674
2329
-1058
-4346
-7501
-10082
-11462
-11502
-10471
-8553
-5635
-1907
1851
4743
6605
7691
8017
7400
5679
3781
2510
1934
1434
522
-319
-1145
-1817
-2637
-3688
-4260
-4660
-5026
-5481
-5847
-5492
-4324
-2299
135
2669
5244
7384
8694
9009
8550
7253
5480
3134
38
-2942
-5464
-6936
-7863
-8288
-7733
-6703
-5271
-4176
-3035
-1626
-230
1110
1896
2605
3339
3877
4251
4720
5288
5479
5194
4330
3103
1625
-74
-1604
-2930
-3937
-4564
-4570
-3870
-2895
-1509
100
1690
2893
3289
3093
2453
1564
407
-635
-1425
-2085
-2350
-2452
-2242
-1677
-893
142
929
1287
1183
811
461
-49
-526
-873
-1051
-1079
-1104
-835
-253
508
1223
1624
1786
1910
1810
1306
727
238
-233
-764
-1302
-1836
-2167
-2315
-2473
-2452
-2417
-2327
-2129
-1830
-1239
-743
-396
-261
-566
-1005
-1404
-1503
-1094
120
2096
4269
6486
8350
9999
11259
11190
9453
6227
2370
-1588
-5385
-8791
-11236
-12026
-11581
-10189
-7996
-5052
-1371
2173
4982
6759
7709
7963
6902
4900
2851
1554
1003
613
56
-655
-1007
-1414
-2138
-3026
-3937
-4591
-5201
-5828
-6409
-6435
-5260
-2815
223
3201
5921
8135
9690
10150
9563
8280
6444
4039
750
-2666
-5413
-7324
-8203
-8361
-7698
-6518
-5257
-4020
-3117
-1917
-578
589
1689
2477
3135
3551
3942
4432
4809
4999
4704
3877
2652
1182
-324
-1572
-2474
-3212
-3762
-3987
-3754
-3051
-1962
-586
745
1744
2223
2290
2019
1500
964
504
255
-148
-469
-678
-754
-429
-123
333
428
254
-145
-741
-923
-1157
-1147
-1006
-713
-308
-63
451
943
1393
1536
1286
993
674
311
-170
-555
-800
-1008
-1158
-1288
-1418
-1581
-1697
-1895
-2094
-2185
-2289
-2187
-1921
-1270
-528
-59
123
-176
-388
-746
-997
-754
35
1780
3784
5931
7767
9144
10359
10384
9068
6326
2734
-905
-4792
-8135
-10615
-11630
-11180
-10107
-8120
-5291
-1474
2319
5166
7067
8059
8431
7668
5939
3745
1960
880
123
-504
-1244
-1676
-2101
-2605
-3204
-3964
-4336
-4713
-5276
-5787
-5969
-5055
-3022
-472
2219
4842
7208
8906
9514
9057
7980
6429
4177
1092
-2486
-5494
-7348
-8426
-8837
-8262
-6833
-5172
-3729
-2467
-1078
471
1821
2626
3035
3313
3508
3632
3886
4325
4603
4510
3909
2940
1760
347
-1036
-2374
-3462
-4138
-4374
-3987
-3248
-2238
-1087
24
1094
1789
2167
2129
1741
1275
578
-61
-603
-913
-952
-778
-267
172
422
441
347
2
-515
-716
-863
-825
-544
-235
149
544
848
1089
1381
1529
1411
1178
814
173
-529
-1029
-1383
-1559
-1572
-1536
-1532
-1628
-1784
-1976
-2137
-2221
-2329
-2262
-1845
-1380
-900
-392
-244
-480
-771
-912
-724
100
1789
3923
5870
7542
8921
9837
9990
8792
6229
2990
-407
-3786
-7059
-9781
-11172
-11087
-10062
-8430
-6062
-2853
713
3774
5843
7093
7727
7437
6020
4124
2661
1826
1225
575
-51
-529
-980
-1687
-2659
-3553
-4121
-4529
-5055
-5624
-5756
-4947
-3116
-718
1734
4122
6384
8126
8854
8560
7667
6326
4365
1639
-1599
-4478
-6424
-7727
-8462
-8315
-7372
-6034
-4756
-3593
-2168
-507
958
2069
2947
3702
4228
4425
4513
4626
4591
4319
3768
2919
1903
668
-733
-1959
-2975
-3757
-3992
-3647
-2903
-1946
-910
205
1184
1771
1955
1805
1414
825
163
-297
-647
-996
-1037
-847
-631
-238
237
445
368
187
-184
-664
-1019
-1197
-1165
-816
-408
-162
265
848
1531
2006
2068
1973
1661
1277
645
-58
-633
-1092
-1327
-1561
-1621
-1614
-1551
-1488
-1696
-1899
-2099
-2234
-2250
-1981
-1366
-895
-449
-244
-456
-689
-955
-1012
-573
752
2651
4680
6665
8208
9487
10001
9304
7333
4418
1226
-2050
-5207
-8163
-10173
-10824
-10354
-9055
-7032
-3852
-162
3182
5650
6968
7672
7536
6274
4310
2440
1368
720
99
-682
-1344
-1766
-2295
-2883
-3622
-4153
-4421
-4725
-5204
-5836
-5712
-4378
-2015
852
3676
6381
8485
9579
9511
8481
7069
5224
2626
-691
-3860
-6060
-7480
-8092
-7939
-7129
-5727
-4466
-3404
-2253
-946
455
1504
2269
2850
3275
3636
3948
4354
4595
4498
3982
2969
1604
117
-1244
-2383
-3214
-3674
-3785
-3571
-3009
-2059
-818
553
1784
2569
2754
2385
1681
914
285
-195
-560
-864
-1076
-1034
-774
-260
302
611
662
257
-385
-969
-1392
-1422
-1276
-931
-527
-205
397
946
1412
1767
1824
1644
1172
749
185
-442
-736
-738
-556
-534
-655
-814
-945
-1139
-1548
-1951
-2254
-2486
-2571
-2345
-1842
-1199
-595
-304
-384
-653
-892
-975
-646
344
2006
4035
6012
7693
8998
9741
9397
7663
4821
1510
-1890
-5229
-8221
-10296
-10966
-10469
-9102
-7038
-4082
-453
2951
5578
7153
8059
8083
6914
4930
2839
1548
816
292
-352
-1071
-1579
-2135
-2744
-3413
-3941
-4365
-4825
-5298
-5693
-5486
-4167
-1823
989
3784
6158
8030
8952
8776
7782
6214
4457
1984
-1106
-4073
-6280
-7607
-8270
-8161
-7490
-6146
-4628
-3362
-2008
-517
977
2012
2736
3425
3963
4312
4576
4855
5013
4860
4292
3339
2021
606
-757
-1916
-2784
-3583
-4199
-4491
-4205
-3374
-2047
-248
1407
2669
3215
2974
2356
1348
402
-337
-1127
-1778
-2239
-2345
-2113
-1530
-630
162
721
939
912
776
426
-48
-298
-221
-72
99
238
463
970
1404
1483
1377
1195
850
357
-111
-394
-547
-688
-915
-1267
-1560
-1728
-1916
-2072
-2100
-2156
-2268
-2250
-2080
-1789
-1267
-521
97
357
257
-121
-615
-925
-674
224
1863
3841
5753
7463
8903
9887
9520
7737
4880
1471
-2101
-5733
-8658
-10408
-10646
-9833
-8480
-6322
-3317
293
3618
6040
7445
7957
7607
6126
3876
1860
766
326
-107
-816
-1640
-2258
-2656
-3073
-3626
-4090
-4362
-4744
-5387
-5801
-5187
-3240
-450
2346
4696
6674
8267
9044
8732
7615
6041
3967
1199
-2049
-5042
-7002
-7807
-7915
-7579
-6654
-5242
-3876
-2768
-1579
-112
1338
2393
2961
3209
3416
3713
4026
4291
4458
4351
3829
2913
1647
169
-1189
-2234
-3079
-3813
-4276
-4230
-3541
-2281
-714
874
2235
3062
3154
2651
1902
1192
557
-144
-969
-1691
-2010
-1922
-1595
-1087
-420
173
404
273
15
-193
-337
-431
-449
-365
-199
-7
213
502
814
976
901
697
484
268
44
-102
-101
-14
24
-59
-218
-423
-715
-1088
-1394
-1589
-1807
-2087
-2262
-2193
-1878
-1326
-628
-43
133
-116
-560
-974
-1148
-842
166
1799
3680
5473
7134
8547
9288
8855
7002
4189
857
-2593
-5824
-8509
-9964
-10157
-9298
-7768
-5695
-2782
612
3866
6278
7667
8185
7702
6209
4188
2459
1438
796
-14
-970
-1947
-2721
-3369
-4000
-4378
-4612
-4648
-4797
-5175
-5279
-4498
-2375
419
3087
5338
7118
8441
9004
8549
7240
5533
3387
442
-2917
-5721
-7493
-8414
-8608
-8078
-6908
-5359
-3821
-2398
-891
761
2178
3024
3417
3606
3766
3985
4284
4536
4559
4179
3375
2253
855
-520
-1754
-2812
-3734
-4529
-4732
-4280
-3186
-1641
64
1860
3222
3881
3766
3097
2371
1544
645
-448
-1607
-2369
-2752
-2659
-2196
-1439
-522
159
592
708
724
825
815
672
578
660
733
715
698
709
673
452
-20
-602
-1050
-1344
-1460
-1332
-1125
-1001
-852
-625
-443
-302
-165
-148
-321
-650
-1131
-1658
-1963
-1941
-1694
-1223
-622
-291
-474
-924
-1211
-1209
-1010
-406
856
2660
4659
6440
7954
9346
10093
9524
7639
4765
1351
-2222
-5697
-8587
-10497
-11342
-11051
-9741
-7645
-4774
-1240
2377
5305
7231
8263
8409
7592
6085
4512
3341
2471
1423
11
-1443
-2558
-3389
-4189
-4896
-5312
-5537
-5827
-6086
-5847
-4649
-2393
503
3380
5791
7676
9040
9607
9175
7867
5932
3453
321
-3188
-6330
-8510
-9521
-9602
-9128
-8037
-6388
-4600
-2739
-819
967
2481
3536
4172
4642
4972
5127
5166
5077
4783
4185
3172
1736
60
-1557
-2895
-3871
-4546
-5046
-5238
-4774
-3605
-1955
-29
1954
3627
4650
4915
4524
3732
2774
1655
296
-1178
-2460
-3312
-3679
-3572
-2996
-2033
-986
-195
291
709
1227
1716
1968
1957
1821
1651
1415
1111
828
633
411
-27
-670
-1290
-1703
-1890
-1945
-1912
-1733
-1408
-1016
-677
-416
-130
147
346
378
87
-370
-779
-1208
-1505
-1498
-1303
-1061
-1068
-1463
-1886
-2110
-2130
-1755
-784
785
2697
4698
6716
8575
9964
10510
9807
7702
4563
1007
-2554
-5902
-8688
-10471
-11062
-10603
-9311
-7226
-4313
-868
2412
4958
6724
7844
8131
7390
6015
4716
3748
2762
1442
-84
-1479
-2637
-3666
-4626
-5432
-5956
-6138
-6077
-5903
-5415
-4104
-1752
1204
4041
6370
8230
9569
9976
9183
7492
5370
2873
-132
-3428
-6341
-8277
-9222
-9470
-9031
-7799
-6098
-4397
-2776
-1094
606
2146
3353
4122
4548
4812
4950
4942
4855
4675
4211
3275
1855
125
-1627
-3172
-4449
-5425
-5931
-5712
-4670
-2995
-1011
1049
3008
4557
5382
5447
4956
4052
2711
981
-865
-2485
-3672
-4320
-4364
-3857
-2996
-2047
-1176
-397
356
1112
1772
2197
2334
2289
2184
2014
1733
1374
1032
710
290
-318
-1002
-1512
-1748
-1837
-1916
-1913
-1722
-1412
-1089
-741
-343
64
398
540
411
94
-289
-723
-1130
-1298
-1200
-1087
-1204
-1623
-2206
-2682
-2880
-2740
-2073
-679
1333
3608
5829
7814
9459
10630
10889
9775
7308
3985
253
-3558
-7125
-9996
-11576
-11844
-11006
-9352
-6898
-3544
94
3488
6075
7767
8687
8532
7424
5742
4169
3033
2062
982
-286
-1452
-2439
-3524
-4752
-5740
-6190
-6252
-6194
-6076
-5504
-4003
-1485
1529
4281
6675
8595
9772
9891
8852
7171
4945
2262
-882
-4243
-7022
-8903
-9796
-9812
-8995
-7524
-5875
-4233
-2607
-938
803
2524
3946
4891
5405
5645
5738
5714
5569
5191
4464
3266
1561
-465
-2453
-4167
-5535
-6555
-7097
-6778
-5568
-3540
-1049
1525
3985
5812
6920
7160
6603
5488
3824
1867
-376
-2669
-4572
-5743
-5979
-5436
-4351
-2951
-1463
-137
917
1753
2364
2666
2711
2602
2224
1550
844
300
-5
-65
-39
-185
-505
-881
-1358
-1787
-2017
-2028
-1935
-1677
-1225
-811
-404
-85
252
579
807
907
685
360
-89
-507
-787
-1070
-1347
-1838
-2474
-3152
-3734
-4000
-3763
-2752
-929
1513
4216
6867
9210
10925
11717
11218
9346
6349
2674
-1167
-4938
-8243
-10578
-11628
-11380
-10167
-8029
-4930
-1183
2554
5541
7563
8571
8486
7388
5598
3858
2625
1866
1219
351
-628
-1578
-2448
-3341
-4247
-4984
-5499
-5943
-6384
-6539
-5843
-3915
-1062
2226
5345
7960
9793
10430
9978
8592
6631
4096
824
-2735
-5973
-8210
-9352
-9632
-9151
-8032
-6449
-4738
-3087
-1424
347
2073
3435
4284
4716
4957
5170
5437
5706
5705
5140
3890
2095
-41
-2297
-4403
-6054
-7059
-7428
-7084
-5993
-4165
-1796
735
3217
5316
6769
7386
7112
6124
4554
2630
474
-1772
-3744
-5099
-5640
-5412
-4615
-3498
-2214
-853
383
1307
1998
2636
3114
3195
2876
2351
1759
1166
670
304
-40
-435
-826
-1219
-1672
-2098
-2338
-2436
-2498
-2450
-2196
-1756
-1173
-497
95
473
689
786
732
565
363
130
-135
-432
-809
-1320
-1962
-2673
-3328
-3790
-3927
-3496
-2243
-143
2538
5371
7957
10112
11675
12210
11277
8903
5446
1309
-3014
-6964
-10047
-11833
-12127
-11185
-9405
-6889
-3682
-136
3159
5721
7379
8132
7921
6781
5180
3790
2934
2458
1969
1200
260
-657
-1661
-2965
-4390
-5601
-6551
-7329
-7830
-7694
-6522
-4139
-890
2583
5771
8355
10069
10653
10082
8541
6262
3351
-93
-3794
-7085
-9223
-10070
-9879
-9049
-7630
-5763
-3949
-2239
-678
804
2090
2960
3596
4002
4464
5069
5627
6134
6187
5622
4316
2431
257
-2162
-4325
-6114
-7380
-7940
-7571
-5958
-3584
-707
2229
4725
6583
7424
7455
6666
5243
3509
1387
-688
-2582
-4017
-4748
-4911
-4367
-3473
-2378
-1291
-494
277
864
1344
1840
2186
2390
2307
2106
1878
1489
1167
812
332
-178
-777
-1255
-1690
-2045
-2295
-2566
-2635
-2589
-2323
-1839
-1277
-582
43
594
968
1087
966
656
351
36
-380
-789
-1147
-1668
-2294
-2968
-3484
-3765
-3654
-2769
-1179
1173
3851
6443
8836
10698
11779
11515
9730
6693
2867
-1163
-5058
-8399
-10722
-11713
-11379
-9979
-7733
-4744
-1226
2249
5091
6935
7795
7800
6919
5499
3970
2883
2394
2027
1576
808
-95
-1112
-2422
-3827
-5189
-6204
-6933
-7489
-7614
-6922
-5094
-2191
1324
4712
7490
9491
10565
10404
8998
6765
4062
921
-2534
-5766
-8198
-9441
-9648
-9024
-7776
-6252
-4484
-2757
-1073
649
2275
3651
4402
4807
5137
5421
5836
6105
6066
5482
4307
2653
379
-2092
-4420
-6244
-7286
-7766
-7595
-6576
-4577
-1969
690
3180
5198
6424
6691
6086
4909
3461
1805
-16
-1739
-3156
-4172
-4628
-4369
-3539
-2463
-1344
-369
340
873
1400
1943
2361
2597
2626
2428
2015
1568
1196
831
469
45
-401
-1043
-1724
-2270
-2793
-3110
-3276
-3085
-2664
-1990
-1008
-126
687
1173
1411
1368
1035
630
106
-257
-497
-648
-796
-1131
-1683
-2430
-3111
-3470
-3271
-2389
-759
1473
3929
6232
8236
9934
10988
10871
9312
6514
2931
-1003
-4910
-8318
-10654
-11587
-11255
-10018
-8096
-5442
-2067
1547
4610
6698
7863
8114
7456
6228
4947
3989
3420
2926
2090
931
-252
-1437
-2785
-4216
-5497
-6522
-7314
-7892
-8082
-7433
-5551
-2578
827
4041
6798
8973
10304
10504
9548
7689
5189
2177
-1213
-4604
-7416
-9176
-9807
-9551
-8616
-7092
-5196
-3333
-1684
-174
1220
2409
3389
4208
4855
5383
5851
6117
5958
5297
4179
2628
682
-1502
-3659
-5471
-6738
-7406
-7401
-6524
-4713
-2261
408
2942
4990
6243
6624
6298
5458
4253
2833
1304
-265
-1787
-3085
-3910
-4117
-3811
-3219
-2479
-1678
-942
-325
281
982
1727
2354
2745
2869
2734
2370
1910
1462
984
360
-424
-1318
-2237
-3036
-3567
-3769
-3644
-3215
-2560
-1763
-905
-74
645
1210
1558
1621
1411
967
331
-354
-832
-970
-891
-809
-836
-1038
-1476
-2081
-2657
-2953
-2695
-1658
157
2445
4811
7017
8978
10449
10912
9973
7728
4579
932
-2873
-6466
-9363
-11053
-11409
-10701
-9078
-6470
-3081
487
3613
5921
7326
7838
7404
6123
4529
3267
2516
1992
1350
516
-372
-1250
-2223
-3305
-4288
-5035
-5644
-6211
-6574
-6335
-5089
-2766
214
3220
5862
7937
9185
9399
8664
7208
5139
2482
-694
-4024
-6802
-8445
-8954
-8655
-7734
-6344
-4796
-3373
-2081
-769
634
1984
3021
3640
3981
4230
4467
4690
4802
4569
3744
2329
572
-1248
-2931
-4313
-5265
-5717
-5620
-4912
-3570
-1713
401
2505
4343
5623
6157
6020
5393
4350
2946
1291
-482
-2139
-3357
-3962
-4055
-3795
-3291
-2635
-1875
-1020
-133
689
1436
2095
2533
2637
2458
2137
1776
1431
1055
512
-258
-1125
-1913
-2525
-2936
-3147
-3165
-2981
-2573
-1955
-1170
-310
478
1043
1339
1379
1171
765
288
-116
-412
-645
-823
-887
-841
-835
-1048
-1521
-2137
-2766
-3263
-3380
-2787
-1263
1081
3807
6458
8764
10540
11457
11092
9267
6239
2522
-1443
-5302
-8579
-10708
-11418
-10873
-9358
-7035
-4009
-578
2701
5268
6900
7633
7392
6153
4364
2816
1979
1676
1437
994
364
-350
-1135
-2026
-3008
-4015
-5028
-6034
-6884
-7220
-6540
-4561
-1579
1635
4460
6674
8220
9056
9102
8240
6456
3940
860
-2555
-5683
-7785
-8661
-8613
-7921
-6706
-5144
-3534
-2062
-695
640
1838
2739
3263
3457
3496
3628
3949
4201
4052
3452
2588
1511
119
-1510
-3071
-4280
-5056
-5406
-5240
-4373
-2795
-819
1193
3040
4511
5353
5522
5210
4554
3551
2231
678
-954
-2399
-3321
-3625
-3508
-3148
-2575
-1838
-1078
-352
390
1181
1943
2500
2670
2448
2015
1471
835
240
-231
-737
-1372
-1935
-2254
-2355
-2293
-2122
-1902
-1604
-1222
-808
-366
76
408
650
877
944
750
410
25
-341
-529
-543
-561
-627
-772
-1160
-1795
-2481
-3102
-3475
-3223
-2135
-336
1944
4456
6950
9217
10949
11642
10847
8506
5028
1032
-2984
-6656
-9557
-11236
-11528
-10645
-8872
-6335
-3121
440
3769
6302
7760
8135
7573
6329
4847
3610
2790
2188
1492
561
-505
-1504
-2431
-3385
-4293
-5011
-5606
-6215
-6728
-6781
-5880
-3737
-698
2443
5131
7221
8589
9043
8595
7439
5696
3302
242
-3120
-6084
-8063
-8936
-8898
-8149
-6874
-5337
-3779
-2242
-644
987
2419
3402
3861
3913
3827
3931
4353
4798
4803
4179
3041
1517
-288
-2115
-3625
-4621
-5147
-5311
-5027
-4066
-2455
-547
1313
2990
4304
5024
5158
4900
4324
3368
2075
572
-1001
-2396
-3317
-3668
-3590
-3233
-2677
-2001
-1251
-422
471
1370
2172
2699
2792
2511
2047
1477
824
244
-190
-675
-1361
-2088
-2600
-2811
-2736
-2414
-1997
-1650
-1377
-1043
-591
-72
438
847
1036
935
616
244
-50
-232
-325
-336
-319
-395
-645
-1063
-1616
-2268
-2939
-3451
-3510
-2746
-985
1547
4355
7013
9279
10900
11525
10788
8588
5235
1322
-2664
-6369
-9342
-11095
-11454
-10627
-8915
-6458
-3310
224
3512
5999
7537
8154
7814
6592
4901
3369
2399
1926
1551
983
227
-580
-1433
-2467
-3681
-4836
-5767
-6566
-7205
-7264
-6228
-3971
-914
2194
4808
6859
8358
9010
8621
7408
5636
3278
236
-3182
-6213
-8101
-8743
-8543
-7797
-6607
-5113
-3506
-1948
-551
700
1813
2601
2968
3104
3258
3571
4133
4765
4993
4538
3547
2210
558
-1274
-2925
-4104
-4845
-5271
-5233
-4394
-2734
-688
1261
2889
4107
4796
4881
4465
3698
2648
1443
149
-1195
-2402
-3183
-3255
-2772
-2130
-1411
-618
82
621
931
1194
1700
1999
1962
1614
943
329
-205
-595
-898
-1123
-1265
-1507
-1705
-1947
-2117
-1994
-1644
-1199
-852
-572
-331
-51
204
278
417
630
651
320
-100
-423
-738
-824
-846
-904
-1129
-1804
-2437
-2952
-3340
-3214
-2462
-874
1319
3735
6111
8276
10097
11049
10908
9358
6482
2888
-1172
-5070
-8242
-10308
-10933
-10254
-8731
-6680
-4058
-824
2511
5187
6972
7750
7547
6369
4605
3160
2339
2147
1989
1467
721
-226
-1235
-2399
-3575
-4600
-5563
-6434
-7132
-7479
-7077
-5393
-2481
932
3993
6402
8263
9290
9158
8044
6267
4093
1587
-1507
-4791
-7288
-8572
-8839
-8428
-7470
-5963
-4239
-2725
-1423
-160
1056
2090
2843
3315
3558
3767
4094
4480
4762
4685
4073
2930
1386
-371
-2006
-3291
-4216
-4862
-5125
-4682
-3593
-1986
-213
1473
3075
4158
4586
4365
3786
3056
2063
1092
29
-1105
-2031
-2594
-2620
-2344
-1788
-983
-318
119
283
469
932
1299
1507
1455
1106
645
-16
-584
-951
-1140
-1185
-1361
-1515
-1598
-1685
-1636
-1399
-1073
-814
-623
-447
-288
-120
110
331
439
349
43
-305
-522
-561
-480
-356
-309
-490
-1007
-1725
-2412
-2945
-3130
-2816
-1601
505
3027
5551
7679
9522
10744
10779
9362
6550
3101
-618
-4331
-7582
-9892
-10683
-10196
-8824
-6799
-4249
-1127
2017
4660
6449
7272
7352
6585
5198
3616
2377
1896
1710
1388
674
-259
-1039
-1884
-2868
-3947
-4909
-5559
-6222
-6817
-6818
-5612
-3033
132
3099
5511
7301
8394
8478
7561
6036
4167
1826
-1136
-4292
-6760
-8007
-8151
-7569
-6516
-5171
-3818
-2688
-1729
-713
480
1726
2749
3356
3578
3662
3854
4181
4462
4481
4096
3200
1775
20
-1653
-2854
-3503
-3798
-3927
-3809
-3264
-2251
-925
479
1782
2760
3236
3205
2869
2418
1901
1232
415
-401
-1143
-1613
-1804
-1639
-1166
-724
-358
-192
-11
301
607
921
1062
1030
780
340
-117
-465
-682
-835
-967
-1164
-1319
-1403
-1338
-1079
-800
-522
-380
-380
-402
-472
-433
-349
-290
-302
-479
-682
-850
-826
-645
-476
-428
-669
-1100
-1568
-1959
-2161
-1931
-1041
451
2392
4485
6350
7933
9341
10136
9635
7784
5040
1829
-1513
-4665
-7391
-9323
-10066
-9657
-8505
-6819
-4459
-1453
1659
4140
5719
6555
6657
5881
4509
3236
2462
2007
1517
863
95
-737
-1591
-2411
-3223
-4068
-4816
-5332
-5719
-5943
-5479
-3844
-1236
1615
4098
6061
7618
8546
8344
7115
5546
3852
1654
-1062
-3785
-5993
-7369
-7865
-7651
-6869
-5666
-4362
-3173
-2093
-1091
-118
917
1940
2803
3449
3845
4069
4325
4519
4340
3837
3147
2028
392
-1278
-2541
-3387
-3874
-3983
-3646
-2884
-1829
-671
537
1800
2794
3188
2929
2284
1562
959
437
41
-176
-581
-987
-1297
-1361
-1171
-926
-383
-189
-237
-227
-268
-104
108
499
806
806
646
346
167
124
86
14
-47
-197
-553
-934
-1111
-988
-812
-822
-967
-1115
-1129
-1064
-943
-875
-905
-1052
-1237
-1212
-1078
-683
-348
-131
-113
-559
-1015
-1565
-1514
-818
481
2372
4128
5827
6996
7963
8533
8123
6630
3932
932
-2034
-4735
-7024
-8536
-8850
-8375
-7315
-5679
-3476
-782
2045
4173
5363
5856
5760
5120
4043
2947
2243
2057
1751
1131
298
-405
-753
-1415
-2243
-3229
-4125
-4587
-5089
-5336
-5063
-3754
-1430
951
3194
4924
6292
7171
6855
5686
3987
2256
299
-2097
-4144
-5518
-6064
-6167
-6054
-5444
-4439
-3359
-2513
-1767
-946
-84
776
1686
2547
3111
3448
3761
4107
4311
4215
3855
3245
2349
1097
-304
-1508
-2449
-3232
-3826
-3869
-3415
-2631
-1638
-566
578
1490
2083
2199
1973
1739
1356
990
497
-41
-415
-783
-839
-817
-693
-372
-176
78
25
-147
-190
-222
-21
78
221
353
345
414
383
343
139
-230
-522
-798
-999
-1154
-1236
-1139
-1061
-1002
-965
-1007
-1032
-1129
-1161
-1157
-1235
-1273
-1269
-1019
-637
-325
-134
-259
-509
-822
-968
-581
312
1831
3469
4945
6194
7138
8023
8254
7568
5767
3069
165
-2909
-5643
-7799
-8927
-8758
-7968
-6676
-5093
-2922
-136
2445
4569
5802
6317
6135
5046
3667
2407
1833
1682
1312
694
-153
-829
-1444
-2169
-2843
-3487
-4007
-4571
-5228
-5571
-5150
-3574
-1099
1521
3696
5324
6514
7100
6822
5812
4484
2889
856
-1624
-4022
-5671
-6315
-6285
-5909
-5165
-4336
-3502
-2882
-2189
-1158
-111
1041
1917
2608
3106
3420
3950
4353
4671
4660
4270
3699
2560
1155
-256
-1597
-2674
-3542
-4271
-4653
-4361
-3597
-2333
-781
685
2109
2862
2955
2559
1997
1710
1111
462
-236
-956
-1087
-1063
-866
-518
-190
283
352
126
-127
-502
-717
-1015
-1123
-881
-599
-90
269
606
945
960
909
620
337
48
-446
-764
-1058
-1457
-1665
-1716
-1704
-1564
-1543
-1481
-1291
-1152
-1048
-923
-644
-328
-141
-430
-786
-1072
-1163
-715
76
1674
3469
5259
6809
7786
8531
8445
7565
5469
2519
-566
-3596
-6092
-8143
-9223
-9144
-8042
-6292
-4285
-1845
912
3381
5024
5856
6018
5633
4442
2977
1935
1476
1438
1016
449
-183
-808
-1278
-2069
-2887
-3742
-4404
-4759
-5187
-5202
-4658
-3139
-729
1661
3790
5345
6590
7313
7013
6039
4581
2934
885
-1559
-3698
-5150
-5897
-6220
-6165
-5636
-4680
-3589
-2675
-1910
-1113
-157
817
1677
2403
2961
3474
4033
4497
4560
4280
3863
3322
2484
1165
-175
-1482
-2675
-3654
-4483
-4650
-4367
-3617
-2412
-944
864
2237
3130
3555
3441
3118
2336
1487
625
-307
-1034
-1695
-1807
-1610
-1304
-710
-176
213
129
-212
-514
-786
-858
-793
-654
-493
-258
60
430
808
1137
1327
1272
960
417
-105
-370
-535
-869
-1301
-1614
-1800
-1978
-2188
-2303
-2106
-1571
-917
-296
206
350
-21
-673
-1242
-1457
-1099
-88
1411
3142
4879
6436
7713
8558
8585
7420
5130
2187
-969
-4076
-6888
-8919
-9757
-9378
-8147
-6378
-3988
-1009
2079
4489
5867
6362
6294
5669
4402
3016
2008
1742
1508
972
238
-702
-1381
-2148
-2797
-3666
-4644
-5256
-5802
-5879
-5690
-4653
-2671
-218
2369
4469
6365
7690
8052
7371
5913
4197
2186
-96
-2379
-4072
-4912
-5095
-4943
-4519
-3753
-2856
-2106
-1618
-1214
-750
-246
297
915
1567
2135
2635
3212
3885
4402
4489
4086
3256
2080
675
-756
-2006
-2966
-3718
-4221
-4222
-3630
-2764
-1991
-1148
-66
1011
1686
1956
2008
1977
1760
1248
777
298
4
-182
-393
-458
-668
-628
-563
-634
-613
-730
-702
-753
-850
-828
-782
-509
-332
-159
188
481
776
988
1171
1137
801
476
211
-2
-294
-659
-1004
-1220
-1503
-1861
-2049
-2056
-1734
-1323
-787
-319
-278
-548
-1045
-1473
-1664
-1381
-437
1200
3173
4993
6446
7503
8276
8258
7256
5288
2470
-596
-3613
-6181
-8072
-8988
-8717
-7789
-6353
-4331
-1703
1296
3750
5296
6094
6311
5981
4813
3407
2535
2126
1832
1175
261
-600
-1386
-1996
-2789
-3795
-4636
-5276
-5681
-6047
-6053
-5112
-3137
-472
1918
3780
5370
6583
7168
6813
5777
4331
2522
470
-1718
-3584
-4753
-5166
-5054
-4536
-3598
-2620
-1778
-1129
-498
63
419
799
1048
1389
1743
2122
2675
3214
3763
3920
3761
3206
2144
911
-434
-1732
-2938
-3828
-4248
-4127
-3487
-2389
-1016
326
1533
2238
2508
2429
2016
1607
1072
553
33
-555
-848
-923
-684
-324
-108
95
9
-306
-866
-1566
-1964
-2163
-2025
-1759
-1490
-1027
-535
176
813
1298
1658
1731
1650
1189
640
140
-155
-296
-508
-606
-752
-775
-902
-1159
-1329
-1335
-1048
-820
-609
-499
-613
-893
-1248
-1539
-1625
-1259
-319
1138
2936
4907
6627
7941
8703
8614
7496
5123
2018
-1252
-4240
-6644
-8417
-9132
-8833
-7726
-6012
-3980
-1488
1106
3346
4873
5575
5813
5430
4537
3490
2597
2036
1538
964
197
-683
-1488
-2161
-2960
-3913
-4762
-5459
-5870
-6105
-5899
-4878
-3031
-510
1959
4158
6040
7322
7897
7505
6385
4656
2586
483
-1726
-3577
-4896
-5335
-5237
-4863
-4002
-3100
-2058
-1255
-587
96
611
1155
1364
1502
1658
1836
2282
2838
3295
3403
3244
2821
2019
929
-223
-1282
-2204
-3003
-3686
-3812
-3281
-2428
-1340
-203
1066
2165
2687
2771
2268
1716
1303
725
352
-224
-741
-952
-1090
-762
-498
-68
397
430
271
-349
-1041
-1771
-2134
-2072
-1942
-1504
-1197
-859
-404
94
732
1285
1664
1698
1394
859
212
-376
-790
-983
-1035
-966
-942
-943
-919
-882
-608
-389
-139
-93
-448
-870
-1613
-2160
-2422
-2240
-1414
-197
1585
3553
5539
7344
8638
8929
8178
6376
3592
545
-2601
-5316
-7528
-8849
-9031
-8496
-7119
-5367
-2955
141
2976
4990
6013
6275
6069
5338
4173
3126
2308
1877
1393
691
56
-619
-1091
-1861
-2852
-3911
-5036
-5795
-6360
-6457
-5919
-4600
-2465
-68
2185
4126
5813
7073
7526
6978
5671
3938
1905
-293
-2403
-4009
-4908
-5168
-4927
-4254
-3218
-2041
-1018
-303
183
573
901
1101
1178
1174
1202
1429
1887
2459
2946
3200
3129
2722
1902
814
-301
-1437
-2486
-3486
-4069
-4082
-3649
-2589
-1225
334
1679
2582
3114
2875
2465
1901
973
272
-553
-1294
-1582
-1691
-1307
-744
-85
706
944
871
394
-297
-901
-1590
-1927
-2139
-2050
-1687
-1288
-580
242
1051
1617
1972
2006
1760
1224
620
100
-580
-980
-1351
-1469
-1326
-1263
-1013
-796
-381
123
397
389
38
-580
-1418
-2328
-3046
-3113
-2476
-1205
680
2920
5003
6673
7954
8507
8203
6814
4349
1399
-1676
-4405
-6731
-8354
-8710
-8197
-6838
-4882
-2564
290
2900
4813
5814
6026
5801
4854
3534
2283
1315
840
514
175
-95
-345
-669
-1238
-2029
-3034
-4032
-4739
-5347
-5686
-5587
-4799
-3151
-1158
1040
3154
4968
6389
6881
6404
5194
3484
1505
-468
-2237
-3570
-4226
-4370
-4117
-3483
-2582
-1576
-700
-93
309
628
820
814
656
552
656
1002
1550
2194
2775
3140
3224
3033
2526
1670
556
-623
-1718
-2653
-3283
-3417
-2988
-2116
-984
242
1336
2060
2294
2117
1669
1061
350
-420
-1168
-1786
-2065
-1893
-1330
-592
177
833
1213
1176
700
72
-645
-1256
-1713
-1941
-1819
-1603
-1149
-607
73
783
1269
1623
1576
1283
756
191
-232
-666
-961
-1213
-1252
-1137
-1061
-938
-870
-596
-145
307
612
409
-124
-883
-1652
-2169
-2361
-1909
-839
771
2723
4691
6449
7756
8425
8213
6838
4353
1323
-1752
-4469
-6803
-8428
-8898
-8343
-6923
-5044
-2627
188
2734
4503
5245
5327
4963
4123
2843
1588
784
494
435
233
124
22
-197
-748
-1698
-2575
-3373
-4026
-4611
-5143
-5101
-4239
-2555
-500
1464
3154
4505
5562
5798
5191
4073
2578
1108
-436
-1968
-3076
-3628
-3604
-3210
-2540
-1636
-678
118
568
726
773
635
301
-11
-274
-262
165
734
1526
2304
2846
3151
2923
2256
1251
174
-901
-2022
-2896
-3368
-3213
-2548
-1569
-337
996
2223
2985
3118
2691
1902
891
-210
-1260
-2111
-2603
-2673
-2287
-1466
-395
582
1285
1673
1636
1116
352
-356
-986
-1512
-1842
-1948
-1828
-1431
-832
-123
667
1264
1596
1602
1349
898
294
-196
-724
-1117
-1255
-1316
-1216
-1065
-804
-554
-302
154
575
915
880
261
-598
-1598
-2467
-2927
-2802
-1878
-407
1536
3658
5506
7129
8143
8110
6850
4404
1515
-1294
-3826
-5995
-7598
-7999
-7334
-5965
-4075
-1800
772
2963
4427
4997
4995
4725
3915
2820
1625
771
337
-19
-160
-313
-456
-687
-1305
-2095
-2970
-3686
-4180
-4592
-4719
-4468
-3621
-2120
-380
1307
2892
4355
5377
5623
5103
4062
2691
1065
-681
-2224
-3154
-3426
-3292
-2919
-2301
-1472
-619
82
576
866
954
882
697
401
62
-74
227
868
1524
2002
2331
2456
2170
1404
408
-498
-1222
-1844
-2345
-2543
-2275
-1583
-664
312
1263
2095
2603
2599
2058
1216
341
-478
-1195
-1757
-2049
-1967
-1527
-982
-493
3
533
905
865
583
103
-425
-841
-1255
-1557
-1790
-1724
-1311
-741
-10
556
961
1174
1108
910
528
237
12
-253
-455
-731
-862
-849
-738
-525
-308
64
365
488
497
300
-78
-547
-1011
-1496
-1870
-1874
-1333
-243
1236
2802
4254
5545
6450
6646
5920
4260
2002
-358
-2602
-4731
-6455
-7239
-6979
-6006
-4576
-2660
-307
2065
3793
4610
4830
4654
4118
3031
1705
744
304
304
234
109
-4
-326
-794
-1475
-2214
-2889
-3436
-3875
-4354
-4539
-3990
-2593
-770
979
2491
3756
4779
5106
4664
3765
2534
1175
-395
-1853
-2920
-3516
-3484
-3070
-2322
-1388
-487
247
653
751
685
617
502
257
-25
-62
265
821
1422
1929
2245
2333
2172
1611
804
-91
-866
-1545
-2294
-2695
-2609
-1967
-992
-25
933
1648
2077
2120
1727
1106
384
-294
-895
-1341
-1615
-1664
-1413
-969
-359
215
745
1120
1018
585
-112
-748
-1192
-1506
-1560
-1485
-1186
-717
-188
440
1026
1446
1626
1591
1311
802
214
-351
-891
-1321
-1506
-1469
-1286
-997
-660
-342
-138
-44
48
217
398
411
187
-274
-843
-1324
-1539
-1378
-688
497
1866
3240
4429
5488
6194
6161
5289
3555
1492
-750
-3021
-4852
-6005
-6271
-5921
-5124
-3871
-2121
32
1983
3220
3682
3615
3183
2388
1258
163
-448
-542
-336
-27
233
242
30
-312
-817
-1427
-1928
-2386
-2966
-3523
-3820
-3453
-2365
-773
901
2294
3510
4273
4502
4207
3374
2302
994
-340
-1563
-2501
-2835
-2744
-2201
-1429
-667
100
617
934
965
769
501
53
-338
-578
-582
-309
154
795
1452
1957
2163
2119
1831
1284
605
-223
-1022
-1688
-2073
-1925
-1477
-786
-45
534
1138
1471
1490
1273
796
321
-249
-804
-1188
-1442
-1364
-1064
-652
-149
271
561
589
303
-267
-894
-1335
-1597
-1702
-1753
-1580
-1215
-687
81
782
1365
1638
1729
1682
1239
641
-22
-472
-719
-879
-795
-654
-419
-164
-67
54
196
321
370
232
128
-2
-278
-553
-931
-1255
-1408
-1385
-976
-240
744
1817
2728
3502
4199
4693
4813
4241
2963
1295
-566
-2256
-3594
-4403
-4612
-4437
-3896
-3037
-1781
-243
1247
2459
3180
3472
3352
2821
1946
922
195
-55
52
140
-20
-310
-684
-1039
-1501
-1968
-2314
-2684
-3025
-3450
-3570
-3021
-1919
-443
861
1904
2702
3133
3359
3226
2753
2040
1079
85
-907
-1642
-1892
-1769
-1380
-917
-476
-71
216
424
515
442
352
167
-52
-306
-481
-253
238
941
1487
1769
1932
1838
1653
1191
599
50
-562
-1024
-1418
-1505
-1170
-664
-54
387
650
780
645
369
-21
-442
-794
-1139
-1416
-1514
-1369
-999
-413
214
666
894
763
395
-80
-640
-1118
-1429
-1466
-1319
-1033
-627
-139
441
903
1172
1212
1038
766
419
-35
-450
-719
-967
-1014
-807
-419
28
274
418
507
577
582
399
190
-41
-313
-657
-1085
-1373
-1448
-1236
-708
88
1099
2109
3058
3925
4589
4863
4495
3446
1908
181
-1542
-3034
-4024
-4442
-4321
-3852
-3091
-2044
-740
824
2183
3004
3258
3013
2483
1697
779
-4
-514
-789
-835
-717
-610
-546
-553
-670
-905
-1188
-1443
-1796
-2263
-2660
-2796
-2470
-1713
-797
167
1128
1958
2566
2778
2558
2105
1498
782
-64
-832
-1241
-1317
-1116
-797
-405
-34
226
474
638
644
440
63
-339
-653
-750
-607
-218
374
946
1298
1499
1712
1809
1681
1356
933
427
-196
-675
-952
-1027
-963
-831
-669
-575
-386
-363
-386
-334
-469
-556
-700
-844
-778
-564
-209
147
407
510
449
334
184
-26
-234
-518
-823
-993
-1066
-879
-484
-90
338
592
657
780
748
592
577
526
368
127
-186
-360
-344
-185
68
238
284
262
184
105
-13
-237
-524
-767
-871
-820
-646
-368
-57
185
295
278
202
141
145
242
417
629
854
1112
1406
1714
1936
1948
1663
1057
224
-681
-1526
-2212
-2680
-2920
-2843
-2412
-1629
-530
584
1582
2312
2663
2780
2458
1798
991
134
-414
-847
-1144
-1278
-1380
-1135
-841
-544
-197
21
162
-56
-415
-706
-851
-650
-335
25
366
644
969
1235
1349
1302
1098
700
169
-348
-876
-1308
-1467
-1406
-1188
-876
-583
-298
25
302
465
505
450
325
158
6
-66
18
221
494
710
915
1106
1095
921
640
429
220
-53
-387
-845
-1166
-1262
-1120
-825
-422
-32
179
317
372
392
340
189
26
-128
-323
-478
-549
-666
-674
-592
-443
-275
-148
78
246
339
333
251
168
0
-108
-121
-63
39
81
72
-26
-91
-38
3
113
244
327
378
255
82
-47
-214
-318
-426
-566
-628
-664
-585
-486
-288
86
295
440
466
341
237
127
181
316
358
403
598
889
1257
1680
1856
1759
1457
915
234
-511
-1271
-1901
-2273
-2300
-1974
-1450
-847
-127
700
1459
2009
2277
2167
1788
1262
569
-155
-751
-1195
-1396
-1380
-1250
-964
-598
-325
-121
23
32
-64
-238
-477
-685
-779
-696
-417
-66
220
448
649
798
850
788
585
197
-269
-616
-811
-940
-999
-946
-804
-584
-282
43
314
479
495
349
132
-29
-36
117
334
531
692
807
872
924
954
876
670
398
79
-262
-565
-801
-937
-914
-719
-410
-80
211
402
470
448
318
128
-9
-157
-255
-230
-234
-233
-179
-172
-134
-43
-33
-16
34
24
-15
-83
-172
-294
-309
-219
-139
-32
13
13
36
-42
-61
-8
19
82
73
-33
-222
-348
-538
-579
-575
-570
-533
-431
-382
-219
27
220
427
536
551
454
248
108
13
6
21
63
133
182
340
564
884
1202
1313
1233
941
592
169
-244
-480
-656
-712
-732
-592
-289
84
526
890
1137
1206
1149
979
666
198
-219
-677
-939
-1076
-1105
-960
-763
-584
-340
-164
31
197
203
167
62
-20
-48
-109
-81
-56
-7
93
158
234
248
139
-7
-195
-445
-653
-811
-925
-922
-810
-635
-420
-187
44
212
283
313
287
191
87
-41
-114
-57
24
113
307
519
645
678
636
540
300
64
-149
-393
0
0
0
0
0
0
0
0
0
0
0
0
0
0
0
0
0
0
0
0
0
0
0
0
0
0
0
0
0
0
0
0
0
0
0
0
0
0
0
0
0
0
0
0
0
0
0
0
0
0
0
0
0
0
0
0
0
0
0
0
0
0
0
0
0
0
0
0
0
0
0
0
0
0
0
0
0
0
0
0
0
0
0
0
0
0
0
0
0
0
0
0
0
0
0
0
0
0
0
0
0
0
0
0
0
0
0
0
0
0
0
0
0
0
0
0
0
0
0
0
0
0
0
0
0
0
0
0
0
0
0
0
0
0
0
0
0
0
0
0
0
0
0
0
0
0
0
0
0
0
0
0
0
0
0
0
0
0
0
0
0
0
0
0
0
0
0
0
0
0
0
0
0
0
0
0
0
0
0
0
0
0
0
0
0
0
0
0
0
0
0
0
0
0
0
0
0
0
0
0
0
0
0
0
0
0
0
0
0
0
0
0
0
0
0
0
0
0
0
0
0
0
0
0
0
0
0
0
0
0
0
0
0
0
0
0
0
0
0
0
0
0
0
0
0
0
0
0
0
0
0
0
0
0
0
0
0
0
0
0
0
0
0
0
0
0
0
0
0
0
0
0
0
0
0
0
0
0
0
0
0
0
0
0
0
0
0
0
0
0
0
0
0
0
0
0
0
0
0
0
0
0
0
0
0
0
0
0
0
0
0
0
0
0
0
0
0
0
0
0
0
0
0
0
0
0
0
0
0
0
0
0
0
0
0
0
0
0
0
0
0
0
0
0
0
0
0
0
0
0
0
0
0
0
0
0
0
0
0
0
0
0
0
0
0
0
0
0
0
0
0
0
0
0
0
0
0
0
0
0
0
0
0
0
0
0
0
0
0
0
0
0
0
0
0
0
0
0
0
0
