0
0
0
0
0
0
0
0
0
0
0
0
0
0
0
0
0
0
0
0
0
0
0
0
0
0
0
0
0
0
0
0
0
0
0
0
0
0
0
0
0
0
0
0
0
0
0
0
0
0
0
0
0
0
0
0
0
0
0
0
0
0
0
0
0
0
0
0
0
0
0
0
0
0
0
0
0
0
0
0
0
0
0
0
0
0
0
0
0
0
0
0
0
0
0
0
0
0
0
0
0
0
0
0
0
0
0
0
0
0
0
0
0
0
0
0
0
0
0
0
0
0
0
0
0
0
0
0
0
0
0
0
0
0
0
0
0
0
0
0
0
0
0
0
0
0
0
0
0
0
0
0
0
0
0
0
0
0
0
0
0
0
0
0
0
0
0
0
0
0
0
0
0
0
0
0
0
0
0
0
0
0
0
0
0
0
0
0
0
0
0
0
0
0
0
0
0
0
0
0
0
0
0
0
0
0
0
0
0
0
0
0
0
0
0
0
0
0
0
0
0
0
0
0
0
0
0
0
0
0
0
0
0
0
0
0
0
0
0
0
0
0
0
0
0
0
0
0
0
0
0
0
0
0
0
0
0
0
0
0
0
0
0
0
0
0
0
0
0
0
0
0
0
0
0
0
0
0
0
0
0
0
0
0
0
0
0
0
0
0
0
0
0
0
0
0
0
0
0
0
0
0
0
0
0
0
0
0
0
0
0
0
0
0
0
0
0
0
0
0
0
0
0
0
0
0
0
0
0
0
0
0
0
0
0
0
0
0
0
0
0
0
0
0
0
0
0
0
0
0
0
0
0
0
0
0
0
0
0
0
0
0
0
0
0
0
0
0
0
0
0
0
0
0
0
0
0
0
0
0
0
0
0
0
0
0
0
0
0
0
0
0
0
0
0
0
0
0
0
0
424
496
568
591
619
636
635
613
527
461
456
466
390
230
198
150
-65
-187
-197
-237
-394
-545
-554
-665
-896
-1037
-1033
-1082
-1267
-1347
-1296
-1328
-1461
-1409
-1264
-1278
-1292
-1191
-997
-832
-680
-476
-318
-165
106
393
564
760
1164
1578
1702
1765
1945
2064
2169
2344
2508
2460
2279
2343
2509
2379
2093
2033
2066
1751
1369
1336
1295
927
481
308
305
55
-424
-641
-607
-762
-1002
-1144
-1337
-1530
-1571
-1489
-1588
-1906
-2007
-1832
-1691
-1707
-1689
-1611
-1632
-1584
-1347
-1223
-1396
-1446
-1096
-866
-1023
-1030
-655
-515
-782
-742
-234
-88
-496
-527
86
381
-15
-172
337
657
383
250
580
710
392
342
809
1055
826
724
977
1176
1085
947
991
1053
1020
1024
1008
912
899
917
808
721
795
789
512
303
438
492
132
-122
32
115
-192
-490
-379
-268
-576
-850
-634
-449
-748
-983
-765
-499
-719
-959
-615
-365
-615
-793
-496
-153
-348
-563
-265
114
82
-142
29
268
83
-131
46
352
256
35
173
379
276
142
284
421
326
169
188
264
107
-115
-94
28
-40
-212
-205
-16
46
-78
-103
-30
-96
-267
-315
-192
-159
-230
-240
-204
-188
-186
-86
5
56
168
156
122
159
196
290
282
253
304
306
266
208
256
367
373
314
259
227
196
120
81
108
26
-71
-72
-23
0
-41
-5
47
59
9
3
128
165
148
171
212
217
162
228
366
373
326
407
541
522
424
360
356
278
173
264
317
214
88
9
-14
-107
-160
-120
-168
-348
-482
-477
-540
-642
-611
-548
-624
-778
-771
-638
-580
-637
-668
-573
-572
-673
-659
-557
-503
-632
-660
-492
-552
-697
-578
-297
-145
-170
-57
114
36
-86
41
238
200
157
344
505
462
398
505
614
583
539
621
696
517
430
530
414
147
14
30
-113
-370
-396
-442
-689
-893
-808
-727
-1075
-1354
-1290
-1306
-1559
-1659
-1422
-1351
-1539
-1539
-1304
-1187
-1182
-931
-579
-408
-167
310
593
639
1123
2009
2366
2075
2082
2622
3031
3299
3801
3985
3408
3062
3656
4113
3578
2996
3131
3121
2393
1840
1938
1783
990
519
685
438
-505
-1023
-770
-756
-1306
-1746
-2023
-2515
-2721
-2197
-1888
-2592
-3307
-2966
-2325
-2394
-2664
-2556
-2653
-3038
-2685
-1723
-1688
-2549
-2517
-1490
-1277
-1922
-1634
-587
-709
-1620
-1187
97
-105
-1283
-931
528
455
-881
-774
741
1021
-70
-90
1060
1091
62
226
1511
1743
851
693
1440
1675
1284
1356
1941
2149
1867
1713
1871
2103
2268
2240
1996
1882
1974
1756
1196
1069
1350
996
62
-109
492
297
-780
-1046
-370
-575
-1819
-2098
-1111
-915
-1976
-2311
-1406
-1155
-2013
-2053
-884
-590
-1644
-1884
-651
-55
-890
-1127
14
595
-217
-563
394
954
247
-158
615
1075
469
-6
575
1037
231
-537
-243
233
-242
-916
-616
-361
-1040
-1673
-1234
-672
-1255
-1932
-1490
-1004
-1652
-2151
-1339
-668
-1065
-969
137
318
-477
68
1936
2667
1801
1592
2494
3127
3594
4384
4705
3771
3192
4208
4913
4165
3489
3921
3884
2596
1967
2674
2780
1424
491
843
735
-626
-1634
-1129
-657
-1468
-2492
-3055
-3416
-3471
-2857
-2350
-3328
-4604
-4315
-3149
-2586
-2834
-3087
-3391
-3688
-2842
-1496
-1575
-2679
-2500
-1135
-1017
-1806
-1054
363
-331
-1759
-620
1439
574
-1433
-257
2294
1504
-1086
-599
1936
1863
-149
145
2149
1830
-262
-96
2079
2404
640
103
1413
2089
1391
978
1556
2027
1609
936
1003
1687
1840
1080
601
1182
1650
897
77
640
1437
630
-730
-418
800
384
-1184
-1123
274
83
-1598
-1717
-82
-49
-2134
-2596
-702
-294
-2141
-2568
-795
-402
-2269
-2763
-907
-377
-2163
-2659
-895
-453
-2325
-2822
-880
-344
-2337
-2973
-1095
-392
-1952
-2358
-639
-80
-1573
-1906
-209
632
-184
-280
1047
1770
1400
1818
2952
2979
2586
3501
4789
4727
4010
4275
5194
5627
5585
5309
4850
4618
4719
4682
4169
3552
3335
3012
2101
1457
1575
1377
207
-807
-743
-628
-1615
-2813
-2788
-2089
-2391
-3683
-4465
-4313
-3957
-3690
-3678
-4272
-4918
-4762
-4189
-3866
-3677
-3860
-4619
-4653
-3178
-2133
-3033
-3872
-2602
-1141
-1915
-2947
-1370
588
-520
-2203
-456
1987
679
-1459
445
3429
2110
-884
335
3876
3647
694
915
3812
3796
1063
975
3724
4306
2077
1296
2924
3613
2303
1536
2359
2933
2056
824
686
1585
1960
805
-450
-211
588
-148
-1495
-912
353
-488
-2537
-2284
-301
-572
-2589
-2455
-356
-512
-2860
-2778
-139
213
-2214
-2614
-295
202
-1926
-2159
28
367
-1689
-2138
-163
247
-1419
-1863
-478
-239
-1964
-2487
-1105
-424
-1754
-2730
-1676
-939
-1989
-2784
-1591
-431
-1254
-2201
-1287
148
75
-462
460
1905
1778
966
1877
3834
4377
3688
3764
4626
4958
5093
5950
6399
5371
4572
5509
6460
5501
4122
4558
5311
3940
2240
2798
3564
1940
8
409
1252
-214
-2350
-2305
-1348
-1922
-3163
-3587
-3888
-4555
-4615
-3952
-4104
-5465
-6130
-5185
-4339
-4697
-5145
-4986
-4875
-4680
-3823
-3372
-4109
-4204
-2619
-1739
-2753
-2757
-505
379
-1519
-1781
1361
2767
119
-953
2459
4518
1706
-310
2515
5059
2943
562
2432
4809
3132
709
2180
4606
3289
628
1072
2953
2575
944
767
1512
1276
214
-201
336
658
2
-866
-884
-279
-145
-882
-1510
-982
-299
-1102
-2179
-1321
159
-477
-2053
-1446
252
-274
-1850
-1052
946
448
-1692
-1351
929
718
-1412
-1031
880
-15
-2274
-1449
890
92
-2512
-2235
-67
-489
-2683
-2396
-537
-1337
-3633
-2907
-441
-904
-3066
-2465
-193
-348
-2004
-1297
912
996
-57
852
2365
1953
1483
3411
5465
4656
2989
3842
6107
6726
5793
5360
5670
5578
5198
5333
5435
4651
3714
3367
2853
1985
1817
1913
772
-796
-942
-503
-1349
-2804
-3027
-2323
-2519
-3869
-4727
-4290
-3584
-3586
-4110
-4632
-4994
-5001
-4321
-3462
-3538
-4501
-5031
-4149
-2481
-2025
-3335
-3787
-1900
-655
-2087
-2861
-488
1312
-531
-2035
454
2883
1101
-946
1373
4301
2480
-763
753
4511
3949
709
1109
4093
3789
897
988
3874
4278
1531
181
1793
3054
1960
644
986
1521
616
-645
-437
858
1017
-554
-1665
-976
-78
-689
-1831
-1419
-321
-1230
-3057
-2307
-70
-474
-2762
-2641
-582
-719
-2637
-2302
-74
-119
-2392
-2567
-248
321
-1550
-1925
-123
195
-1555
-1886
-116
490
-1085
-2059
-1127
-440
-1255
-1756
-832
-308
-1316
-1993
-1001
-52
-642
-1337
-576
458
268
23
1281
2669
2225
1273
2173
4029
4542
4098
4284
4702
4567
4841
5938
6129
4758
3962
4857
5342
4085
3108
3792
4006
2147
584
1419
2365
824
-1242
-955
66
-1080
-3007
-2924
-1713
-1960
-3577
-4404
-4076
-3885
-3818
-3456
-3566
-4617
-5425
-4504
-2988
-3110
-4117
-4418
-4089
-3164
-2252
-2502
-3112
-2442
-991
-871
-1959
-1274
1100
1158
-1052
-829
2238
3107
407
-474
2948
4689
1303
-861
2387
5122
2482
-493
1722
4790
2762
-484
1092
4351
3345
-64
-153
2560
2828
276
-501
1335
1839
-378
-1863
-222
1580
133
-2339
-2031
-88
-106
-2004
-2386
-759
-591
-2576
-3182
-1315
-264
-1766
-2834
-1277
-64
-1545
-2664
-906
884
-279
-2232
-1477
549
263
-1101
-422
708
-345
-1743
-861
750
207
-1498
-1484
-409
-800
-1934
-1439
-215
-868
-2409
-2017
-596
-748
-1605
-969
138
-319
-1053
236
2312
2377
938
1041
3171
4587
4172
3729
4222
4749
5048
5838
6476
5509
4210
4963
6289
5379
3646
3945
5006
3797
1356
1279
3018
2432
-554
-1549
205
342
-2539
-4086
-2178
-830
-2692
-4843
-4554
-3265
-3374
-4272
-4178
-3982
-4954
-5458
-4172
-2950
-3767
-5383
-5140
-3212
-2335
-3373
-4058
-2826
-1475
-2039
-2913
-1604
479
344
-1276
-1024
1477
2591
809
-57
2394
4388
2591
287
1957
5117
4300
1141
1417
4326
4309
1325
707
3409
4239
1338
-509
1321
3043
1645
-401
-42
1338
574
-1543
-1321
977
1014
-1828
-3112
-1129
328
-1223
-2846
-1763
-415
-1855
-3750
-2374
173
-716
-3488
-3011
-282
-453
-2713
-2170
447
446
-2013
-2419
-57
819
-817
-1156
261
57
-1621
-1431
614
948
-1004
-1869
-810
-464
-1490
-1636
-344
-311
-2252
-2728
-756
283
-687
-1133
-260
91
-465
80
2109
2993
1748
968
2273
4103
4772
4578
4438
4283
4311
5440
6646
5924
4394
4592
5700
5052
3375
3576
4943
4178
1623
806
2210
2428
217
-1192
-15
571
-1713
-3748
-2600
-860
-1884
-4227
-4843
-4006
-3642
-3879
-3965
-4289
-5212
-5589
-4480
-3154
-3477
-5012
-5478
-3902
-2139
-2370
-3837
-3814
-1878
-787
-1880
-2435
-524
1074
-290
-1847
150
3227
2374
-441
704
4365
3918
47
167
4887
6131
1680
-369
3569
6107
2838
61
2654
5418
3041
-321
984
3945
2838
-546
-577
2040
1665
-1755
-2577
83
1208
-1259
-3599
-2580
-618
-1526
-3624
-3069
-1161
-1826
-4215
-3960
-1040
-226
-2713
-3914
-1659
34
-1651
-3074
-893
1250
-552
-2701
-1031
1311
445
-1098
-31
1220
-407
-2097
-257
2237
945
-1951
-1666
369
-109
-1753
-1073
293
-847
-2723
-1784
325
-302
-2163
-1534
209
-181
-1303
184
2689
2087
-134
743
3984
5077
3637
3078
4240
4985
5112
5950
6565
5655
4898
5768
6204
4761
4084
5634
5900
2877
749
2608
4340
1801
-1387
-364
1768
-271
-3767
-3068
-195
-1013
-4629
-5604
-3801
-3300
-4303
-4372
-4222
-5529
-6637
-5224
-2976
-3361
-5811
-6617
-4780
-2871
-2962
-4136
-4144
-2665
-1769
-2508
-2787
-785
1183
192
-1574
-14
3234
2973
8
527
4707
5418
1137
-360
4132
6836
2935
-444
2646
6018
3123
-713
1468
5132
2937
-1464
-343
3773
2886
-1791
-2162
1946
2609
-1801
-3850
-412
1981
-991
-4101
-2427
230
-1094
-3727
-2671
-50
-1139
-4189
-3660
-280
317
-2509
-3427
-828
377
-1755
-2550
-21
1552
-533
-2119
-125
1595
120
-1197
739
2070
232
-1849
-700
1759
953
-1144
-1612
-381
-689
-2262
-1653
-706
-1363
-3399
-3064
-1124
-1095
-2169
-2419
-1018
-968
-1525
-435
1729
2388
716
601
2880
5199
5185
4197
4225
4656
5638
6959
7393
5893
4640
5716
6921
5778
3972
4512
5675
4002
1179
1689
4020
2702
-1200
-1516
1535
1285
-2886
-4395
-1364
138
-2878
-5649
-4676
-2986
-3624
-4403
-4148
-4736
-6497
-6145
-3148
-2375
-5058
-7346
-5505
-2482
-2305
-3935
-4486
-2616
-1511
-1982
-2446
-752
1535
510
-1505
-974
2623
3646
730
-66
3097
5346
2060
-599
2908
6963
4476
-723
417
5142
4766
101
-182
4386
4671
-617
-2691
1950
5070
850
-3548
-1311
2564
729
-3624
-2599
1470
614
-4137
-4615
-286
727
-3312
-4948
-1424
466
-2809
-5207
-2133
1109
-923
-4106
-2725
497
-305
-2804
-1642
1336
547
-2136
-1186
1898
1983
-975
-925
1317
1643
-96
-1049
798
827
-406
-1065
-454
1
-1822
-1887
-1086
-863
-2055
-2803
-1414
-1499
-2293
-2128
-890
-841
-1899
-756
1611
2056
258
-246
2030
4652
5104
4207
3949
4175
4763
6365
7967
7059
4686
4796
7011
6919
4372
4026
6223
5868
2118
626
3277
4362
865
-1811
375
2311
-1075
-4967
-2983
917
-708
-5559
-6254
-3267
-2407
-4066
-4600
-4317
-5636
-6754
-4755
-2114
-3283
-6732
-7112
-3712
-1353
-2832
-4980
-4113
-1418
-863
-2613
-2609
535
2198
-395
-2254
844
4795
2908
-919
1281
6126
5162
-542
-228
6192
7164
1115
-1580
3526
6493
1759
-1809
1957
5526
1473
-3606
-984
4634
3089
-3219
-3831
1488
2794
-2228
-4523
-336
2190
-2380
-6063
-2733
1523
-765
-5713
-4368
-218
-984
-4948
-4378
385
622
-3698
-4686
-498
1516
-1241
-2806
251
2367
-521
-2115
897
3718
1433
-1254
745
2731
1500
-530
548
2197
860
-1017
-908
540
-109
-1772
-1601
-1190
-1915
-2843
-1948
-975
-2165
-2995
-2281
-1399
-1865
-2064
251
2147
1128
-719
246
3433
5106
4914
4523
3993
3402
4885
8231
8994
5668
3474
5839
8018
5871
3519
5458
7611
4540
28
918
4842
4119
-673
-1837
1518
1852
-2859
-5022
-1123
1680
-1913
-6523
-6031
-3069
-2585
-3839
-4320
-4956
-6545
-6563
-3937
-2270
-4267
-6951
-6269
-3175
-1726
-3144
-4583
-3371
-961
-911
-2876
-2341
1450
2754
-736
-2264
2291
5607
1776
-1767
2576
7680
4133
-2046
458
7720
6934
-706
-1720
5307
6855
-488
-3246
3716
7013
-367
-5560
497
6332
1098
-5922
-2731
4067
1937
-5433
-5376
1366
2288
-4717
-7634
-1776
2021
-2740
-7063
-3539
818
-1696
-5876
-3659
1419
581
-4320
-4058
1193
2036
-2248
-2572
2124
3169
-1275
-2475
2011
4343
867
-1516
1166
3179
937
-1461
940
3084
938
-1688
-1082
1302
-362
-2303
-1519
-418
-1317
-3338
-2037
-1199
-2091
-2695
-1893
-956
-2302
-1727
1242
2608
428
-1290
1289
4492
5076
4338
4099
3617
3679
6100
8806
7753
4094
3872
7312
7856
4226
3544
7414
7610
1866
-749
3645
6333
1758
-2742
-213
3468
48
-5897
-4646
1115
854
-5148
-7448
-4419
-2695
-3936
-4292
-3939
-5787
-7786
-5691
-1990
-2621
-6790
-8024
-4384
-1431
-2711
-5147
-4287
-1309
-444
-2357
-2913
375
2357
245
-2479
123
4880
3563
-596
-286
5810
6808
429
-1377
4686
9070
2822
-2749
1870
7591
4410
-2437
39
6398
4102
-3664
-3411
4650
5417
-3044
-6276
787
4522
-2167
-7346
-2160
3223
-1384
-7779
-5191
1102
-263
-6420
-6397
-759
-13
-5152
-6381
-977
1874
-2730
-5441
-1535
1852
-595
-3472
-184
2602
247
-2141
-285
3205
1830
-934
264
2890
2667
-681
-383
2756
2735
33
-1256
1102
980
-1486
-1801
-263
193
-2450
-2743
-1275
-1243
-2242
-2451
-905
-1249
-1869
-203
1979
1523
-603
340
3685
5420
4684
3957
3883
4072
5552
7985
8444
5867
4296
6232
7927
5862
3566
5478
7785
4548
-467
864
5759
4427
-1993
-2817
2402
2637
-3977
-6266
-517
2711
-2570
-7940
-5959
-1699
-2146
-5163
-5715
-4793
-5578
-6429
-4475
-2424
-4451
-7802
-6650
-2425
-1526
-4488
-5738
-3152
-844
-1920
-3413
-1361
1947
1260
-1995
-1202
3621
4869
611
-1128
3834
7393
2792
-2195
2036
8797
5815
-2240
-1319
6496
6613
-1240
-2629
4701
6515
-1433
-5328
1442
6192
20
-6283
-2051
4106
278
-6980
-4858
2437
1267
-6869
-8030
-875
1563
-4644
-7897
-2468
1455
-3497
-7612
-2363
3028
-496
-6022
-3231
2866
1449
-3047
-1781
3048
3256
-1765
-1734
2911
3643
291
-1122
2945
3291
-694
-1199
2062
4187
-117
-2493
17
1294
-696
-2891
-465
467
-2462
-3729
-1592
-101
-2049
-2943
-1174
-264
-1193
-409
2167
2221
-70
161
4298
6977
5091
2769
4016
7078
8075
7053
6297
6701
7186
6915
6562
5579
5556
6729
6451
3712
769
2608
4895
1982
-1998
-1036
2795
508
-5505
-5394
404
1690
-4441
-8465
-4974
-947
-2665
-5725
-5964
-4888
-5751
-5753
-3122
-2873
-6095
-8642
-4912
-553
-2455
-6348
-5641
-750
-857
-4616
-3815
1509
3178
-2415
-4551
1238
6012
2291
-3317
615
7279
4909
-2627
-2258
6563
7957
-85
-3532
2615
6757
994
-3435
1622
6470
1010
-5647
-1923
5496
3160
-5438
-5059
1921
2893
-4366
-7326
-670
2640
-2675
-8213
-4546
1469
-1416
-6532
-4885
697
-382
-6329
-4627
2174
3018
-3110
-5382
871
4406
621
-2646
260
4557
1873
-1497
251
3260
2760
-309
2047
3655
1144
-1139
701
5082
2304
-770
-798
935
1138
-901
916
641
-1283
-2956
-1463
1249
-670
-2449
-2296
-198
555
145
794
926
775
1539
4228
5951
4623
2395
3317
7256
9265
6987
3674
4034
6965
7786
5358
3286
4187
5635
4059
664
256
3070
3469
-586
-3123
-458
1542
-2284
-6489
-4167
553
-1074
-7611
-9694
-5127
-1537
-3755
-7376
-7569
-6094
-6120
-5973
-3917
-3367
-6485
-8585
-5065
-672
-2184
-6592
-5209
430
182
-5256
-4691
3813
5918
-1832
-4667
3304
8987
2130
-3119
4025
11620
5488
-5109
321
12680
10876
-1578
-3339
7864
9975
-583
-4270
5761
10491
-342
-7522
205
8041
1829
-6818
-2070
5118
1129
-7423
-5171
4126
3595
-4870
-8081
-1724
2167
-2538
-5865
-2545
940
-2984
-7389
-3580
2593
950
-4985
-4862
175
1416
-2212
-2081
1889
2376
-1569
-2246
1332
2709
1154
-374
2076
2099
-1178
-1378
1534
3814
-16
-2781
-1217
508
-706
-2790
-489
-343
-3070
-4106
-2056
-71
-2363
-3757
-2677
-1597
-1592
-2243
-730
568
-640
-805
2373
5731
4369
1126
2336
6831
8981
7115
4590
4767
6724
7406
6642
5295
5508
6328
5096
2955
2019
4275
5155
1847
-907
349
3159
781
-4305
-3662
2062
3117
-4103
-9205
-4771
1532
130
-5225
-6306
-4331
-4415
-4933
-2564
-1274
-4797
-8042
-5240
-338
-912
-5352
-5201
110
1249
-4075
-5208
2128
5999
-309
-4858
1501
8078
3355
-3596
1452
11066
7501
-4460
-3471
9795
12158
-32
-4837
4447
9194
575
-5570
2123
9211
1436
-8123
-3061
6298
2865
-6311
-4444
3771
1819
-7724
-8431
596
3759
-4165
-9876
-5096
-69
-3362
-7049
-3610
-39
-3641
-8113
-5081
1210
847
-4483
-4881
366
1936
-2464
-3027
2415
4663
169
-2760
408
3924
2459
-218
2563
3604
-100
-2606
821
5336
1543
-2486
-2286
467
80
-2724
-735
132
-1089
-4439
-4664
-990
-784
-2197
-3211
-1190
647
-250
-821
516
2169
2670
4605
6042
4355
2067
3725
8854
10830
7222
3702
5187
8547
8661
5989
5293
7304
7221
3512
1023
3235
5865
3440
-1042
-1118
2053
1649
-3038
-4911
-1079
2415
-549
-6541
-7814
-3452
-304
-2214
-5175
-6113
-5328
-5199
-4514
-2752
-3160
-5701
-7680
-4407
-583
-2573
-6311
-4838
737
-584
-5989
-3751
4094
4277
-4385
-4798
4857
8102
-362
-5236
4023
11092
2831
-6553
59
12129
7518
-4523
-1550
9572
7152
-5179
-3812
9231
9684
-4238
-9000
2725
9163
-545
-8247
-1438
5036
-1689
-9174
-4009
3784
-363
-9317
-8072
-274
-53
-6880
-7549
-906
589
-5769
-8200
-1575
2633
-2025
-6132
-2002
2389
-399
-3910
-1272
4071
2322
-2348
-1936
2442
4260
413
279
2179
1997
88
-79
3021
1636
-682
-1112
305
231
-2058
-1226
-632
-1787
-3851
-2994
-500
-1156
-3090
-3324
-962
428
529
648
525
378
1284
4825
7579
5594
2139
2897
7493
10700
9096
5439
5042
7242
8187
6893
5231
6179
7049
4821
2289
2660
4859
3838
76
-1403
1974
3728
-1469
-5942
-3732
1568
923
-5440
-8148
-4555
-1034
-2945
-5847
-5720
-4219
-5054
-6193
-3992
-2822
-4679
-6606
-5349
-2111
-2190
-5353
-4931
-640
138
-3361
-4380
21
2785
-512
-3005
1449
5877
1712
-3469
413
8691
6732
-2748
-1879
7298
8666
-44
-3110
4824
8569
1258
-3926
2411
8086
2263
-5470
-2321
5148
2681
-5351
-4661
2480
1582
-6443
-7353
843
2550
-6077
-9178
-2151
2087
-4076
-8745
-3270
2050
-2307
-8007
-3388
2947
-110
-6447
-3936
3714
2438
-4457
-4182
3239
4827
-1543
-2546
2621
5095
1290
-1719
2166
3597
821
-387
2365
3650
-1293
-2733
591
2433
-889
-3300
-771
-1265
-3250
-3000
-271
-303
-4132
-4581
-1719
121
-927
-511
1671
1261
-958
-14
5223
7926
4941
1634
3248
7609
9157
6943
5331
6719
7936
7054
5364
4820
6504
8007
5849
1811
1127
3998
4447
428
-1487
1792
2950
-2416
-6582
-2438
3459
1120
-6263
-8070
-3489
-901
-3236
-5176
-4358
-4375
-6271
-5973
-2989
-2478
-5698
-7042
-3685
-1359
-3769
-5990
-3251
126
-1397
-4623
-3360
1682
2155
-1856
-2573
2440
5496
567
-2211
2779
7738
3589
-2934
597
7524
6548
-645
-620
5694
5687
-575
-2051
5129
6897
-655
-5283
288
6243
1233
-5447
-3250
2397
206
-6410
-5469
783
430
-6594
-7991
-2218
-181
-5041
-6964
-2517
-487
-4917
-7081
-1914
1827
-1380
-5694
-2576
2149
-117
-3655
-1765
3876
2928
-2267
-1179
2717
3917
947
48
3050
1934
-455
603
3941
2942
-1752
-1188
1239
1503
-1564
-1871
803
-1427
-3190
-2404
-187
-1031
-4069
-2971
-754
-177
-1489
-215
2420
1322
-863
968
6092
7069
3388
1638
4518
8077
8591
6809
5833
6826
7351
6927
6470
5922
5956
6429
5261
2549
1698
3703
4423
1356
-1004
940
2550
-1023
-5351
-3096
2591
1149
-6618
-8653
-2882
171
-3432
-6667
-5637
-4026
-5127
-5735
-3698
-3247
-6441
-7626
-3413
-737
-3734
-7305
-4064
778
-1747
-5292
-3005
2525
1971
-3411
-2988
3294
5489
-652
-2661
3689
7913
2216
-4470
1208
9317
6266
-2326
-946
6996
5538
-2043
-1612
6911
6822
-3176
-5826
1589
6178
36
-6233
-1795
3442
-750
-7387
-4851
2803
1220
-7230
-8442
-1434
565
-5520
-6820
-1469
292
-5619
-8605
-916
3984
-1737
-7315
-2891
3751
867
-4441
-1755
4687
3211
-2755
-1546
3521
4349
324
149
4421
2754
-1352
-344
4763
4794
-1833
-3028
941
2469
-1240
-2639
571
-600
-3488
-3375
-54
405
-3665
-4378
-1475
217
-1077
-1257
896
1469
-381
329
5220
7201
4131
1459
3543
7906
8807
6364
5038
6094
7341
7114
5629
4948
5930
6768
5501
2850
2158
3941
3937
838
-486
2008
2843
-1925
-6189
-2494
3491
1137
-6416
-7985
-2781
212
-2801
-5958
-5303
-4453
-5590
-5204
-2687
-2873
-6684
-7813
-3351
-541
-4154
-7320
-3583
812
-1635
-5810
-3152
2885
1581
-3676
-2211
4415
4988
-2380
-2884
5962
9202
1239
-4890
2105
9993
5173
-2845
346
7690
4757
-2951
-1108
7393
6652
-2907
-4992
2776
5909
-687
-5233
-775
3114
-2150
-7544
-3451
2581
-704
-8059
-7187
-595
-396
-6657
-6778
-1187
-368
-5855
-7988
-1238
2345
-2571
-6562
-2337
2901
132
-3993
-1654
4107
3057
-1870
-1264
2800
4063
357
-335
3101
3185
198
-595
2927
2847
-1269
-1382
1268
2034
-1625
-2567
-378
-1284
-2381
-2312
-303
-1417
-4440
-3688
-993
751
-874
-600
1034
740
-247
950
5916
7601
3923
721
3312
8563
9285
6044
4736
6921
7670
6083
5247
6008
7054
6519
4068
1972
2661
4612
4103
1091
-70
1583
1404
-2331
-4648
-1452
2725
487
-6319
-8420
-3417
616
-1819
-5931
-6251
-4773
-4731
-4507
-2733
-2741
-5725
-6574
-3242
-1277
-3788
-5541
-2275
575
-2323
-4918
-1291
2590
425
-3143
-1029
3844
3111
-1958
-1647
4956
7283
1021
-3493
1749
7810
4456
-1299
926
5737
3356
-1968
21
6078
4385
-3001
-3395
2918
4017
-1982
-4806
-406
2503
-2185
-6822
-3519
2130
38
-6972
-7218
-1007
189
-5183
-6113
-1350
-295
-5204
-6694
-734
1972
-2913
-6742
-1657
3319
-83
-4387
-2120
4391
2421
-2761
-1123
3314
4326
-580
-253
3918
2844
-687
-934
3553
3410
-1277
-2295
462
2093
-1080
-2455
-245
-394
-2352
-3213
-958
-246
-2988
-3553
-1164
518
-426
-396
1000
942
57
1062
4618
6653
4270
1403
3357
7294
8416
6157
5283
6990
6871
5665
4667
5937
7574
5900
3491
2268
2783
3579
2922
1398
907
1551
624
-2105
-3666
-1214
2035
325
-4643
-6952
-4033
-402
-1351
-4562
-5293
-4353
-4857
-4666
-3161
-2958
-4630
-6022
-3772
-2162
-3918
-4631
-2830
-526
-1984
-4246
-2122
667
579
-1914
-1042
2625
2246
-699
-900
4199
5830
800
-1987
2025
6829
3362
-936
1016
4712
3010
-1319
877
4960
3661
-1972
-2306
2719
3337
-642
-3224
-126
1948
-2209
-5689
-2881
1246
-743
-5630
-6014
-2504
-1868
-4672
-4891
-2162
-1765
-4945
-5463
-1295
227
-3073
-4550
-918
1234
-1259
-2834
-538
2890
1529
-1585
-183
2430
2756
473
-4
2455
2013
-118
63
2867
2813
-1371
-1914
1376
2834
-973
-3320
-599
270
-1549
-3123
-1048
336
-2374
-3669
-1647
752
108
-669
593
1442
546
83
3220
6800
5893
2176
2048
6087
8483
7077
5430
5862
6326
5595
5128
5831
6578
6111
4461
2713
2311
3299
3783
2355
416
284
1241
26
-3165
-3133
1220
2522
-3339
-8596
-5643
426
475
-4686
-7324
-5329
-3452
-4080
-4102
-2855
-3882
-6157
-5086
-1961
-2334
-4866
-3962
-650
-986
-4250
-3723
342
2087
-1175
-2611
1256
2996
147
-1761
2799
6672
2110
-2882
13
6569
5867
-88
-320
4256
4421
-165
-476
4221
4770
-915
-3581
762
3933
424
-3660
-1581
2361
513
-4838
-5037
208
1656
-3565
-6744
-3284
-457
-3375
-5884
-2983
-34
-2801
-6723
-4321
736
-119
-4776
-3787
1040
576
-3537
-2627
2606
2834
-1008
-1896
1875
3652
538
-88
2521
3982
328
-1229
2701
3872
887
-2371
515
2839
90
-2329
-1490
1115
-1216
-3479
-1730
144
-1684
-4627
-2376
365
-698
-2335
-83
2673
760
-1708
314
4605
5601
3647
2354
2806
4241
6240
7944
7409
5033
3687
5021
6898
6520
5011
5211
5744
3326
630
2563
6058
4374
-431
-1127
1608
1181
-2409
-2620
1385
2017
-3972
-8635
-5027
1307
1035
-4928
-8299
-5914
-2488
-2433
-4299
-4846
-4543
-5262
-5590
-3848
-2125
-2806
-3932
-3187
-2600
-3314
-2660
180
987
-1645
-2873
395
3448
1715
-339
1554
5027
3385
-1438
42
6081
7789
1689
-2296
2416
6273
3137
-886
1965
5799
1762
-3726
-837
5634
3674
-4007
-4359
2522
3232
-4283
-6579
471
3956
-3172
-9247
-4615
1784
-964
-6886
-5069
277
-1684
-7621
-5917
1532
2148
-4430
-6213
-602
2181
-1626
-3097
1161
3161
-735
-2598
1286
3851
1511
-91
2746
3328
336
-713
2338
4682
1461
-744
395
1623
-128
-1518
1065
1055
-2073
-3790
-948
575
-2086
-3310
-2243
-982
-3067
-3788
-1138
485
-270
-1470
332
1352
671
2404
5573
5154
1256
1550
6788
9390
5913
2713
5216
7780
6269
3712
4776
7652
5766
2324
2331
4831
4951
1373
206
1733
2143
328
-1543
-1234
-147
-111
-1637
-3404
-3684
-2091
-910
-2803
-6092
-6020
-2465
-1367
-4243
-5976
-4738
-4000
-4608
-4032
-2534
-2659
-4252
-4593
-2874
-1287
-1219
-1174
-367
-556
-1602
-499
2465
2982
552
-64
2505
3663
1501
508
3181
5078
2543
-544
1002
4655
4101
376
233
3352
2682
-1448
-1211
3365
3525
-2185
-4680
-99
3342
-564
-5076
-2480
1563
-1451
-6548
-4338
850
-887
-6518
-6062
-692
-497
-5651
-6524
-857
1554
-3325
-6435
-2160
2319
-584
-3727
-948
2689
506
-3024
199
3765
2581
-860
520
3934
1836
-773
-88
4089
3989
-27
-1128
16
1769
839
379
169
-1112
-1756
-1738
-451
-626
-1235
-1373
-2049
-2866
-3302
-916
1140
208
-943
-641
773
384
1000
4566
6332
3665
-93
1949
7206
8958
6223
3954
4841
5361
5131
5342
6677
6510
4091
2575
2579
3357
3181
2430
1799
1122
708
-79
-1375
-1935
-334
1516
-174
-4567
-6056
-2520
329
-1899
-5474
-5023
-2321
-2855
-5205
-5207
-3161
-3048
-4956
-4562
-3185
-3543
-4725
-3481
-1324
-2426
-3468
-1619
463
-876
-2420
470
3218
1354
-1873
-39
4556
3744
-500
-507
4246
5112
-17
-1478
3189
5861
1148
-2747
1049
4980
2079
-2879
-879
3671
2136
-2906
-2885
2263
2540
-2650
-5064
-1168
1762
-2034
-5691
-3484
188
-1882
-6329
-4943
-254
-616
-5392
-5761
-1149
485
-2769
-4290
-1054
727
-1724
-2961
70
2688
393
-1888
408
2786
1742
40
1612
3286
1306
148
1867
4079
2622
-21
865
1772
1355
121
818
1103
-1172
-1952
-1174
131
-991
-1934
-1682
-1947
-2548
-2991
-446
814
-272
-1351
-624
942
390
1517
4403
5240
2356
70
3235
7903
8066
4603
3579
5530
6177
4962
4967
6131
5649
3913
2846
2683
2843
3328
3285
1540
-440
-161
1197
186
-2301
-1987
570
-126
-4496
-5898
-1970
563
-2853
-6750
-5270
-1983
-2666
-5134
-4551
-2791
-3941
-5797
-4296
-1812
-2731
-4959
-4059
-1734
-2075
-3446
-2110
112
-482
-2017
-493
2435
2064
-719
-412
3260
4208
878
-458
2818
4619
1591
-566
2070
4285
1626
-1220
822
3723
1739
-1822
-499
3265
2438
-1815
-2378
1202
2194
-1459
-3658
-1143
940
-1667
-4915
-3368
-486
-2136
-5223
-3906
-577
-1338
-4957
-4613
-308
194
-3023
-3509
-632
712
-1399
-2020
540
2081
-291
-1259
1312
2855
1965
302
2355
3414
1398
600
1906
3912
1681
129
1137
1374
797
-403
809
803
-1236
-2091
-1754
-513
-1133
-2011
-1913
-2126
-2358
-2813
-1301
232
78
-499
-753
341
647
1854
3876
3907
2060
626
3100
6260
6446
4641
3746
4551
4860
4759
5331
5971
5075
3326
2534
2778
2971
2695
2350
1543
293
-520
-624
-845
-1267
-916
-412
-1720
-4229
-4543
-2094
-743
-2986
-5546
-4878
-3020
-3120
-4348
-4117
-3306
-4075
-5146
-4037
-2359
-2691
-3885
-3716
-1959
-2029
-2473
-792
17
-357
-1142
-114
1854
1584
1096
2017
3124
2299
884
1413
3374
3884
1812
710
1773
2205
930
445
2077
2825
727
-1025
583
2729
1622
-876
-627
1313
725
-1895
-2311
-300
-71
-2616
-3800
-2198
-1422
-3145
-4067
-2188
-1063
-3065
-5017
-3511
-811
-590
-2286
-2484
-966
-1032
-1426
-131
1912
1571
-917
-275
1890
2284
1354
1386
3071
2165
349
993
2642
3056
1042
617
1412
812
-237
-731
702
322
-1353
-1948
-1564
-797
-1904
-1846
-1463
-2298
-3432
-3296
-567
507
-561
-1525
-1034
124
753
2233
3994
3909
1960
1668
4292
6507
5955
4614
4628
4692
4086
4191
5300
5517
4035
2588
2461
2669
2121
1605
1675
1243
-45
-725
-448
-693
-1465
-1305
-781
-1912
-3912
-3884
-1848
-1310
-3519
-5097
-4036
-2919
-3789
-4566
-3810
-3405
-4436
-4753
-3180
-2225
-3178
-4346
-3369
-1449
-1360
-1705
-1099
-470
-932
-937
1136
2227
1185
453
1481
2970
2441
1668
2329
3316
2905
1098
1107
2350
2789
1860
1238
1865
1307
234
320
2261
2964
986
-730
-433
1189
1052
46
-529
-662
-1336
-2525
-2118
-1242
-1426
-3136
-3752
-2724
-2497
-3205
-3682
-2539
-1882
-2355
-2435
-2113
-1175
-1047
-706
226
504
599
-206
552
1724
1835
1550
938
1944
1468
912
1707
2748
2706
395
429
1405
1410
695
413
850
-768
-1938
-1528
-667
-667
-1614
-1720
-2165
-2830
-2983
-2297
-736
-254
-857
-1767
-1431
22
1098
2450
3161
2422
682
1256
4497
6301
5626
4208
4312
4325
4046
5004
6037
5553
3440
2509
2960
2863
2157
1986
2279
1404
-228
-847
-388
-378
-853
-882
-1176
-2731
-4289
-3722
-1958
-1985
-4181
-5661
-4853
-3701
-3919
-4343
-3895
-3884
-4862
-4805
-3049
-2166
-3310
-3944
-2638
-1526
-1876
-1926
-795
-38
-213
81
1186
1806
1602
1685
2502
3124
2809
2194
2371
3069
2956
2006
1726
2355
2375
1569
1451
2075
1836
906
989
1793
1527
327
-70
526
896
262
-679
-946
-674
-873
-1826
-2094
-1629
-1816
-3051
-3281
-2075
-1614
-2622
-3583
-2484
-1683
-1813
-2016
-1277
-298
-1169
-871
-29
1194
970
-139
877
1119
1705
1415
1709
2455
1063
946
1469
2547
2155
311
439
724
863
348
62
161
-1112
-1576
-1601
-1251
-1522
-2401
-2187
-2616
-2738
-3083
-2521
-1045
-894
-1010
-1516
-987
216
1299
2542
3063
2468
1402
2210
4687
5981
4981
3774
3621
3730
4190
5126
5405
4071
2526
2441
3077
2819
1837
1316
1018
181
-535
-308
-156
-1020
-1700
-1293
-1166
-2378
-3539
-3039
-2002
-2758
-4620
-4880
-3683
-3516
-4580
-4739
-3831
-3906
-4672
-3858
-2109
-2087
-3535
-3651
-1960
-1032
-1502
-1225
-105
-144
-882
15
2114
2639
1513
1396
2620
2938
2145
2339
3680
3889
2416
1500
2312
3177
2681
1828
1880
2111
1525
978
1561
2343
1647
259
138
1131
1158
-127
-799
-271
3
-1106
-2097
-2011
-1671
-2131
-2763
-2551
-2301
-2483
-3592
-3143
-1637
-1313
-1734
-2428
-1332
-836
-804
-350
143
1168
9
-324
780
1376
1406
552
1857
2147
698
833
1606
2825
1518
555
889
149
286
-106
499
-65
-1351
-1701
-2190
-1292
-1553
-1890
-2382
-2752
-2933
-3259
-1883
-817
-626
-1769
-2169
-1115
76
1637
2664
2886
1635
1009
2864
5229
5721
4547
3991
4038
3975
4236
4953
5083
3617
2443
2429
2573
2296
1664
1739
1226
56
-767
-804
-233
-772
-1394
-1687
-2141
-3135
-3705
-2367
-1652
-3227
-5141
-4543
-2782
-2995
-4257
-4195
-3544
-4050
-4416
-3301
-2024
-2752
-3695
-2886
-1465
-927
-1284
-649
-125
-328
-234
792
2306
2193
1507
1562
2498
3104
2523
2764
3691
3876
2791
2187
3368
3877
3008
2189
2545
2935
1947
1393
1723
2007
1190
-59
96
269
-337
-1408
-1688
-805
-1517
-3073
-3585
-2717
-1843
-2918
-3455
-2936
-2487
-2938
-3264
-1899
-1147
-1644
-2804
-1951
-733
-1070
-1182
-744
969
337
-830
-29
1285
2159
1064
1362
2049
1180
461
1179
3226
2639
623
324
1088
1354
302
699
1136
-142
-1448
-1729
-461
-810
-1900
-2206
-2199
-2350
-3171
-2126
-473
-9
-968
-1329
-247
536
1482
2403
3130
2089
784
1994
4467
5734
4549
3548
3713
3799
3938
4603
5108
4157
2835
2448
2631
2400
1601
1410
1229
457
-509
-1076
-713
-961
-1427
-1540
-2128
-3124
-3879
-3417
-2883
-3645
-5112
-5136
-3924
-3638
-4601
-5121
-4063
-3902
-4451
-3845
-2781
-2570
-3513
-3472
-2210
-1316
-1236
-1173
-520
-162
-321
199
1769
2560
1849
1522
2394
3025
2692
2577
3247
3519
2602
1875
2705
3815
3233
1674
1441
2365
2253
1181
1214
1988
1285
-328
-293
1004
852
-829
-1499
-639
-471
-1787
-2625
-1945
-1559
-2596
-3330
-2523
-1792
-2510
-3121
-2135
-914
-1328
-2114
-1390
-194
-437
-1480
-853
656
639
-554
-287
1136
1393
632
738
2374
1904
554
916
2372
2844
736
504
1138
1143
358
-46
1114
289
-917
-1591
-448
99
-1283
-1863
-2086
-1641
-2712
-2622
-968
-296
-654
-1712
-826
197
897
2208
3338
3268
1804
1772
3938
5752
5420
4479
4142
3901
3741
4222
5089
4871
3681
2802
2634
2549
2025
1598
1591
1029
-297
-1026
-890
-982
-1537
-1898
-2114
-2858
-3824
-3912
-3192
-3210
-4440
-5125
-4300
-3740
-4696
-5526
-4850
-3989
-4159
-4306
-3608
-3165
-3595
-3696
-2695
-1503
-1150
-1435
-1436
-759
11
405
868
1502
1592
1289
1627
2451
2728
2541
2640
2879
2628
2059
2034
2683
2854
1842
877
1130
1746
1575
1066
970
810
145
-365
85
517
-297
-1521
-1557
-755
-1130
-2219
-2318
-1658
-2096
-2978
-2557
-1635
-1758
-3085
-2571
-1146
-574
-1038
-1603
-223
55
-340
-485
565
1888
577
89
829
1924
1739
1203
2672
2713
1586
1045
2236
3468
2068
1328
1546
1780
1066
87
879
516
-238
-1295
-1385
-492
-1342
-1940
-2356
-1733
-2219
-2948
-1869
-785
-400
-1764
-1432
-412
455
1592
2258
2889
1531
1132
3143
5220
5445
4091
3550
3801
4164
4542
5042
4891
3949
2995
2530
2483
2256
1864
1426
1040
429
-543
-1148
-1178
-1096
-1159
-1681
-2707
-3454
-3487
-3122
-3146
-4000
-4682
-4413
-4166
-4638
-5170
-5118
-4514
-3960
-3798
-3581
-3421
-3685
-3565
-2525
-1325
-793
-1040
-1364
-1098
-422
394
1168
1455
1250
1135
1383
1775
2190
2638
2832
2625
2389
2327
2337
2580
2987
2844
2017
1474
1809
2237
1978
1588
1346
709
38
82
456
142
-943
-1587
-1330
-1627
-2464
-2485
-2052
-2344
-3235
-3237
-2424
-2117
-2697
-2574
-1703
-1477
-1866
-1996
-730
-244
-574
-679
235
1639
991
734
1010
2123
2237
1189
2415
2831
2196
1300
1984
3285
2291
1280
1091
1629
832
-276
222
359
-398
-1840
-2074
-1431
-1779
-2198
-2439
-2285
-2667
-3257
-2339
-1013
-580
-1629
-1931
-677
452
1221
1908
2686
2124
1422
2624
4766
5608
4570
3879
4021
4234
4377
4695
4867
4173
3015
2192
2046
2072
1869
1557
1200
547
-308
-833
-993
-967
-1034
-1523
-2358
-2886
-2907
-2914
-3268
-3783
-3969
-3768
-3507
-4064
-4832
-4666
-4079
-3594
-3433
-3221
-3320
-3728
-3428
-2562
-1690
-1225
-1029
-1183
-1341
-1013
-4
988
1186
1349
1456
1653
1816
2420
3425
3668
3267
2640
2644
2689
2841
3075
2950
2499
1696
1901
2270
2257
1830
1265
1207
893
866
854
507
-109
-620
-486
-881
-1672
-2135
-2049
-2104
-3002
-3079
-2625
-2489
-2854
-2997
-1903
-1717
-2139
-2208
-1242
-359
-1091
-1123
-83
1189
667
-129
717
1668
1646
888
1763
2389
1609
842
1538
2707
1666
628
758
1312
805
-102
224
216
-533
-1936
-2222
-1223
-1494
-2391
-2956
-2682
-2635
-3327
-2698
-1361
-703
-1606
-2125
-1040
-106
946
1865
2577
1986
1042
2268
4336
5423
4718
3842
3817
4102
4580
4852
4685
4042
3462
3132
2846
2383
1830
1447
1161
780
103
-521
-783
-822
-960
-1234
-1760
-2571
-3034
-2949
-2984
-3687
-4114
-3639
-3148
-3681
-4516
-4466
-4051
-3681
-3619
-3164
-3009
-3580
-3675
-3302
-2029
-1294
-1033
-1165
-1614
-948
-56
1141
1540
1397
1469
1470
1966
2459
3100
3369
2983
2326
2358
2990
3478
3658
3226
2923
2242
1930
2354
2558
2461
1608
801
372
348
758
695
-144
-1015
-1165
-1145
-1466
-1825
-2004
-2159
-2664
-2990
-2585
-2181
-2453
-2881
-2378
-1672
-1737
-2168
-1541
-491
-815
-1333
-830
859
910
-45
328
1341
2030
882
1403
2309
1842
1098
785
2377
1895
701
254
602
912
-368
-89
136
-394
-1515
-2203
-1184
-1266
-2058
-2603
-2504
-2437
-3192
-2763
-1553
-977
-1409
-1941
-1226
-352
593
1539
2129
2139
1568
2304
4063
5259
5031
3979
3629
4008
4601
4919
4729
4158
3487
2940
2718
2469
1853
1366
1036
495
-261
-744
-751
-834
-1136
-1385
-1811
-2459
-2836
-2680
-2501
-3117
-3911
-3605
-2839
-3015
-3954
-4409
-3910
-3339
-3191
-2923
-2686
-3023
-3438
-3215
-2289
-1194
-770
-1186
-1609
-1328
-339
877
1600
1564
1311
1405
1880
2397
2721
2957
2975
2559
2249
2607
3210
3367
2976
2508
2418
2487
2445
2447
2342
1868
1188
748
785
1076
881
13
-745
-1039
-1236
-1771
-2046
-1857
-1998
-2822
-3247
-2693
-2437
-2584
-2888
-2357
-1753
-1967
-2101
-1769
-611
-951
-1387
-603
536
819
-400
25
857
1411
1024
978
2136
1705
1090
915
2232
2534
1096
545
624
948
-190
-531
57
-455
-1519
-2369
-1591
-1223
-2159
-2555
-2312
-2144
-2729
-2761
-1613
-1032
-1382
-1662
-1148
-310
490
1282
2225
2448
1577
1878
3491
4954
4783
3672
3653
3896
4101
4457
4619
4109
2917
2357
2626
2664
1985
1305
1159
951
343
-175
-179
-362
-888
-1184
-1387
-1763
-2528
-2629
-2445
-2990
-3687
-3772
-2765
-2755
-3973
-4729
-4348
-3207
-3240
-3416
-3035
-2939
-3077
-3525
-2699
-1573
-1159
-998
-1572
-1318
-808
246
1407
1555
1735
1154
1301
1772
2464
3235
2971
2934
2424
2531
2949
3154
3316
2730
2300
2070
2330
2523
2489
2408
1908
1276
854
1088
1289
674
-321
-813
-954
-1404
-1865
-1806
-1660
-2324
-3130
-2808
-2201
-2535
-3280
-3088
-2060
-1903
-2602
-2522
-1414
-1166
-1710
-1261
205
662
-450
-304
785
1522
1062
937
2246
1979
1188
858
1966
2503
1057
725
832
1138
352
-281
212
-258
-1162
-2257
-1761
-1014
-1802
-2366
-2438
-2048
-2665
-3225
-1933
-1016
-1063
-1701
-1589
-771
-373
609
1830
2375
1514
1160
2801
4624
4978
4207
4094
4190
4211
4494
4874
4718
3568
2908
3024
2976
2353
1718
1599
1259
517
-127
-390
-602
-1043
-1239
-1365
-1661
-2323
-2732
-2586
-2886
-3572
-4046
-3323
-2790
-3628
-4441
-4422
-3572
-3557
-3782
-3287
-3175
-3493
-3807
-3057
-2032
-1439
-1079
-1501
-1359
-899
-26
1143
1325
1719
1655
1910
2429
2691
3474
3418
3291
2836
2757
3214
3325
3405
2808
2542
2178
1857
1945
1952
1768
960
449
347
474
620
410
-380
-1184
-1286
-1424
-1777
-1824
-1576
-1970
-2823
-3026
-2327
-2048
-2724
-2895
-2302
-1754
-2107
-2007
-1273
-1058
-1443
-1486
13
447
-7
-200
404
1533
1068
1249
1823
2033
1506
624
1832
2523
1866
925
747
1416
374
-388
-128
-97
-675
-2161
-1894
-1319
-1969
-2621
-2903
-2262
-2576
-2966
-1929
-925
-893
-1511
-1344
-379
525
1347
2328
2538
1830
1911
3506
5298
5515
4552
3982
4215
4555
4702
4802
4620
3896
2958
2607
2655
2374
1831
1502
1133
455
-98
-379
-401
-627
-1204
-1936
-2309
-2494
-2753
-2826
-3392
-3815
-4038
-3496
-3059
-4200
-4602
-4508
-4008
-3553
-3793
-3233
-3422
-3546
-3087
-2774
-1643
-1346
-1024
-1235
-1641
-664
-73
998
1020
1096
1377
1247
2019
2323
3343
3227
2854
2575
2487
3222
2860
3204
2793
2320
1810
1430
2193
1885
1572
952
515
356
92
451
457
-338
-1224
-1167
-1096
-1559
-1808
-1726
-2089
-2907
-2851
-2137
-2142
-2937
-2916
-1905
-1378
-1858
-2003
-1014
-531
-1017
-884
530
1064
201
-29
1146
1932
1197
1282
1824
2178
1387
702
1898
2032
1537
592
989
1366
-155
-613
-486
273
-851
-2320
-1788
-1489
-1779
-2715
-2396
-2055
-2742
-2801
-1814
-672
-852
-1501
-1263
-10
1094
1925
2793
2665
1864
2251
4171
5553
5188
4204
3983
4250
4545
5066
5173
4478
3635
3125
2943
2889
2548
1845
1150
613
180
-314
-798
-1235
-1561
-1872
-2348
-2692
-2874
-2966
-3346
-3890
-4083
-3541
-3107
-3563
-4219
-4670
-3980
-3758
-3860
-3305
-3269
-3019
-3541
-3398
-2355
-1749
-950
-1113
-1218
-1036
-586
560
1402
1711
1588
1506
1487
1734
2600
3536
3337
2271
1967
2628
3320
3252
2843
2557
2070
1557
1684
2081
1825
1063
340
90
91
118
-139
-698
-1187
-1412
-1401
-1710
-1671
-1752
-2269
-2775
-2770
-2127
-2427
-2876
-3151
-2441
-1547
-2206
-2193
-1574
-782
-1028
-1605
-220
604
318
-274
378
1761
1265
1326
1734
2374
2199
944
1920
2338
2144
1196
997
1886
586
-185
-479
253
-138
-1870
-1758
-1628
-1405
-2159
-2518
-1821
-2183
-2506
-2138
-886
-569
-1398
-1133
-163
864
1502
2228
2582
1879
2091
3513
5150
5345
4552
4346
4219
4529
4947
5071
4729
3887
3067
2703
2974
3048
2541
1760
1176
759
364
-47
-339
-556
-1138
-1708
-2135
-2440
-2735
-2775
-3080
-3762
-4060
-3736
-3375
-4236
-4457
-4276
-4077
-3983
-4177
-3109
-3165
-3457
-3755
-3396
-1827
-1380
-842
-1278
-1373
-822
-282
795
959
1597
1548
1195
1736
2191
3401
3550
3000
2753
2446
3108
3077
2991
3038
2226
1810
1509
1671
1728
1393
1057
413
183
292
143
-546
-1225
-1341
-1360
-1870
-2597
-2641
-2658
-3384
-3708
-3022
-2469
-3170
-3756
-3236
-2372
-2355
-2688
-1699
-862
-938
-1789
-905
1051
806
396
535
1859
1627
743
1933
2502
2373
1145
1507
2618
2162
1365
821
1720
1377
-78
-417
77
-58
-1483
-1994
-1301
-1336
-2467
-2615
-1731
-1826
-2716
-2532
-1057
-343
-775
-854
-171
477
1104
2314
3225
2640
1779
2745
4933
5930
5361
4673
4575
4707
5021
5677
5694
4742
3591
3262
3535
3466
2978
1991
1276
592
41
29
-171
-724
-1643
-1928
-1941
-2309
-2708
-2771
-2840
-3824
-4394
-3845
-3007
-3433
-4617
-4702
-4128
-3752
-3880
-3489
-2950
-3264
-3750
-3720
-2750
-1572
-989
-1197
-1707
-1503
-694
214
810
1165
1298
1090
1132
1491
2547
3264
2857
2387
2192
2689
2771
2681
2856
2597
2175
1583
1677
1869
1620
1069
554
330
89
194
-92
-673
-1040
-1058
-1490
-2572
-2690
-2230
-2371
-3288
-3623
-2979
-2971
-3455
-3449
-2402
-1791
-2589
-2666
-1694
-703
-1069
-1403
-96
644
393
-202
720
1950
1452
1317
1781
2552
2011
1080
2156
2664
1921
814
1167
2218
1032
-44
-229
400
-16
-1441
-1116
-1091
-1472
-2710
-2616
-1576
-2214
-2631
-2513
-846
-555
-1316
-1066
-579
615
1247
2351
2843
2050
2061
3548
5442
5617
4669
4141
4333
4724
5216
5485
5069
4140
3177
3102
3398
2993
2142
1499
1105
689
253
43
-117
-691
-1279
-1443
-1631
-2100
-2513
-2745
-3099
-3653
-3699
-2971
-2812
-3879
-4697
-4313
-3625
-3518
-3652
-3385
-3128
-3509
-3823
-3310
-2397
-1606
-1286
-1514
-1486
-758
0
392
752
1340
1638
1194
949
1679
2636
2996
2615
2028
2062
2529
2748
2854
2951
2538
1634
1183
1653
2171
1775
708
-1
59
285
149
-358
-924
-1201
-1347
-1827
-2281
-2203
-2243
-2915
-3389
-2921
-2470
-3012
-3664
-3003
-1918
-2244
-2851
-2166
-1066
-1171
-1849
-851
648
570
36
415
1733
1785
1269
2047
2617
2687
1497
1480
2760
2380
1554
913
1703
1789
373
-318
-10
419
-956
-1721
-1300
-1330
-2119
-2749
-1782
-1602
-2489
-2593
-1493
-447
-942
-1139
-498
168
856
1731
2815
2388
1570
2146
3834
5246
4694
4063
3992
4051
4566
4974
5013
4028
3077
2903
3034
3111
2320
1688
1167
671
587
235
46
-763
-1495
-1696
-1880
-2073
-2749
-2779
-2946
-3602
-4224
-3778
-2824
-3615
-4524
-4495
-3669
-3385
-3944
-3703
-3016
-2625
-3321
-3548
-2391
-1483
-991
-1215
-1311
-790
-264
353
558
1165
1625
1492
1259
1249
2349
2985
2878
2322
1932
2445
2712
2764
2593
2404
2161
1666
1538
1955
2201
1496
526
59
219
494
-40
-772
-997
-1184
-1651
-2113
-1947
-1737
-2230
-3025
-2896
-2391
-2653
-3425
-3567
-1924
-1631
-2516
-2713
-1864
-862
-1530
-728
310
755
113
-516
1209
1772
1503
999
2089
2848
1798
1579
1914
2809
1601
813
1590
1716
949
-709
-251
144
-871
-1625
-1889
-1295
-2019
-2665
-2097
-2079
-2124
-2355
-1516
-596
-909
-979
-926
173
1431
2041
2355
1814
1711
2837
4466
5472
5085
3971
3883
4677
5137
5155
4660
3911
3192
2833
3031
3134
2579
1655
936
663
506
-8
-650
-1017
-1259
-1689
-2205
-2531
-2718
-3076
-3514
-3706
-3500
-3240
-3483
-4112
-4444
-4127
-3658
-3420
-3540
-3483
-3220
-3251
-3250
-3001
-2286
-1601
-1163
-1452
-1626
-732
-78
462
584
1182
1787
1457
1476
2026
3118
3049
2585
2721
2936
2995
2596
2814
2848
2527
1703
1264
1822
1591
966
358
61
-158
-406
-206
-171
-796
-1436
-1285
-1201
-1692
-2324
-2421
-2322
-2669
-2920
-2532
-2444
-3235
-2953
-1849
-1230
-1762
-2109
-1160
-772
-671
-418
720
867
-148
229
1196
2087
1310
1036
1924
2078
1788
1293
2325
2464
1024
588
1242
1705
239
-594
39
-289
-1228
-1798
-1114
-1059
-2368
-3057
-2750
-1939
-2029
-1763
-786
-385
-765
-1171
155
1848
2974
2971
2337
2491
2996
4189
5550
6156
5246
3813
4005
5304
5895
5294
4537
3922
3146
2559
2667
2983
2234
796
85
-2
-341
-895
-1041
-1206
-1992
-2864
-2889
-2696
-3275
-3768
-4111
-3782
-3379
-3879
-4486
-4728
-4018
-3747
-3658
-3480
-3601
-3504
-3798
-3242
-2789
-2802
-2132
-1609
-1569
-2015
-1403
34
771
712
578
1569
1884
1409
2160
3025
3160
2382
1907
2857
3464
3179
2760
2602
2425
2001
1939
2279
2218
956
31
349
519
262
-456
-763
-1235
-2050
-1765
-1320
-1469
-2570
-2921
-2692
-3078
-2965
-2843
-2773
-3366
-3279
-2220
-2039
-2235
-2098
-1128
-801
-1111
-575
448
678
151
378
1399
1796
1158
1162
1653
2011
1686
1545
2602
2568
1652
982
1417
1574
573
305
325
111
-1205
-1708
-537
-263
-1229
-2429
-2218
-1507
-1416
-998
-111
-3
-894
-835
805
2693
3079
2302
2257
2983
3703
4519
5293
5348
4457
3518
3801
4623
4387
3707
3549
3155
2150
1262
1325
1742
1345
384
-114
-556
-1493
-1749
-1485
-1242
-1890
-3177
-3604
-3580
-3407
-3701
-3544
-2975
-3314
-4013
-4465
-3721
-3078
-3104
-2868
-2750
-2626
-3006
-2840
-1998
-1607
-1042
-1032
-848
-1074
-1172
204
950
1239
431
408
978
815
1359
1605
2270
1671
907
1297
1917
2707
2309
2098
1709
1364
1367
1912
2676
1916
947
172
-53
239
470
333
-594
-1496
-1680
-1535
-1475
-1390
-1664
-2076
-2807
-3078
-2141
-1752
-2252
-2559
-1879
-1377
-1980
-1770
-736
74
-161
-701
300
859
773
507
921
1843
825
363
752
1512
1428
607
1459
1884
1587
812
1216
1713
647
251
131
326
-553
-1696
-1372
-1313
-1800
-2721
-2939
-2368
-2000
-1533
-1010
-426
-844
-1145
70
1767
2996
2170
1463
2225
3205
4093
4479
5096
4697
3537
3612
4653
5019
3999
3459
3296
2584
1758
1381
1612
1274
702
416
-22
-506
-1501
-1784
-1063
-1213
-2147
-3082
-3281
-3309
-3809
-3668
-2711
-2152
-3319
-4655
-4182
-3022
-2471
-2777
-2614
-2273
-3088
-3281
-2588
-1775
-1024
-959
-786
-1036
-1297
-539
504
1229
1133
1194
1061
851
1155
1789
3025
2845
1819
1435
1730
2423
2443
2378
2230
1786
1387
1585
2075
1592
863
650
539
165
-607
-895
-808
-1451
-1691
-1434
-2107
-3008
-2803
-1842
-1789
-2607
-2679
-2362
-2460
-2319
-1421
-868
-1673
-1854
-1225
-274
135
-237
657
919
949
743
1107
2204
1500
1283
1047
1577
1437
615
1547
1920
1953
800
597
1131
523
341
235
295
-1177
-2631
-2061
-1420
-1848
-3299
-3419
-2521
-2261
-1791
-962
-31
-423
-970
197
1999
2921
2019
1706
2703
3970
4513
4569
5164
4693
4060
4359
5270
5108
3645
3358
3599
3072
1832
1276
1596
1273
459
237
514
-82
-1336
-1727
-1257
-1426
-2524
-3251
-3308
-3616
-4392
-4493
-3436
-2800
-3553
-4355
-3798
-2720
-2606
-2787
-2471
-2228
-2688
-2927
-2439
-1660
-988
-698
-370
-835
-731
113
668
1070
675
1215
1278
738
875
1437
2512
2013
1371
1538
1998
2178
1917
2473
2611
1920
1231
1446
1741
1025
505
478
285
-60
-138
-339
-1011
-1716
-1806
-1568
-1963
-2554
-2706
-2887
-2964
-2623
-2306
-2422
-2653
-2451
-1753
-1078
-1198
-1242
-678
-49
-40
-79
650
1090
1027
478
1352
2082
1307
1128
1210
2026
1248
705
1530
1602
1521
754
1227
1059
147
-134
-204
186
-1148
-2217
-1877
-1452
-1930
-2997
-2666
-1799
-1855
-2206
-1401
-340
-385
-737
438
2774
3255
1931
1928
3609
4619
4745
5187
5476
4797
4140
4843
5704
5135
4053
3718
3780
3184
1975
1564
1790
1229
256
-207
-339
-845
-1704
-1626
-837
-1110
-2252
-2929
-2814
-2701
-3379
-3792
-3080
-2972
-3941
-4249
-3529
-2932
-3054
-3245
-2820
-2254
-2479
-2681
-2307
-1768
-1166
-780
-578
-747
-577
-13
807
893
396
954
1100
1097
907
1466
2181
1339
972
1177
2294
2153
1354
1735
1857
1692
962
1472
1789
892
212
172
651
427
147
-141
-670
-1394
-1572
-1527
-1917
-2366
-2755
-2723
-3168
-3033
-2400
-2347
-2483
-2440
-1555
-1320
-1704
-1675
-1149
-248
-432
-440
239
734
766
228
1431
1853
1131
970
1151
2037
853
711
1307
1306
1050
-7
975
946
413
-124
-179
365
-985
-1630
-1560
-1019
-1790
-3271
-2723
-1535
-886
-1281
-762
41
-464
-438
1329
3713
3471
1863
2296
3821
4781
4717
5302
5582
4517
4291
5187
5943
4798
3821
3911
3565
2444
1331
1592
1502
977
349
285
338
-608
-1139
-1037
-372
-1154
-2799
-3248
-3069
-3263
-4116
-3723
-2896
-3404
-4380
-4074
-2874
-2569
-2976
-2950
-2541
-2682
-2825
-2809
-2531
-2356
-2186
-1554
-1578
-1552
-1218
-338
150
-205
174
535
548
186
678
1927
1916
1197
826
1653
2305
1942
2021
2355
2342
1540
1282
2314
2295
1070
131
316
653
159
-19
-276
-1043
-1346
-907
-805
-1609
-2070
-1793
-1773
-2174
-2147
-1995
-2529
-2867
-2052
-1084
-1145
-1775
-1574
-581
-187
-153
533
1300
1288
494
620
1866
1704
1249
1092
1471
1592
607
1436
1914
1704
710
-18
880
189
-165
-219
473
344
-1518
-1561
-952
-727
-2291
-3283
-2477
-2207
-2372
-2195
-745
-399
-1230
-808
1077
2735
2163
1598
2579
3539
4022
4057
4369
4384
3553
3850
4939
4876
3867
3222
3055
2599
1441
631
1079
947
-14
-104
329
188
-697
-1333
-717
-280
-1482
-2714
-2926
-3035
-3280
-3278
-2576
-1908
-2849
-3973
-3183
-1985
-1857
-2292
-2536
-2304
-2585
-3212
-2629
-1490
-736
57
445
142
-133
105
719
872
386
162
49
-434
-338
893
2236
2269
1181
1166
2340
2526
2116
2367
2704
2474
1580
1284
2129
2056
1023
764
971
1031
735
63
-399
-777
-1143
-1187
-1517
-2154
-2388
-2489
-2729
-2730
-2550
-2751
-3485
-3610
-2450
-1685
-2213
-2453
-1822
-1321
-1092
-786
14
559
-154
-504
662
1505
998
891
1445
1630
687
-218
445
718
-89
-850
-245
-16
-794
-1024
-825
556
45
-928
-147
297
276
-1125
-1504
-922
-1259
-1878
-1797
-935
-1411
-2055
-924
1369
2376
1552
1534
2833
4224
5055
5676
6022
5214
4135
4695
5916
5416
4171
3655
3682
3590
2421
2098
2489
1660
700
246
459
35
-1020
-1340
-680
-289
-1675
-2398
-2283
-2418
-2481
-2979
-2250
-1720
-2774
-3242
-2856
-2005
-2020
-2294
-2002
-1700
-1624
-2464
-2443
-1765
-998
-270
-454
-719
-1142
-610
211
107
-8
66
514
76
64
1460
2009
1906
949
742
1494
770
-128
-410
-33
-284
-1027
-632
195
462
78
556
1464
1686
965
553
316
-592
-1202
-1800
-1967
-2740
-3282
-3351
-3571
-3152
-3100
-3065
-3540
-3199
-2348
-2144
-2225
-2246
-1201
-902
-702
-106
890
1383
884
1294
1882
2170
1357
842
917
467
-171
-804
47
483
27
129
552
946
-21
-318
587
514
-204
-1267
-1053
-488
-889
-1341
-1561
-898
-889
-807
-68
584
540
-88
841
2410
3713
3439
2749
3180
4085
5495
6143
6408
5534
4622
5264
6194
6384
5230
4472
4243
3632
2850
2234
1866
1143
287
-235
-279
-363
-892
-1340
-1109
-608
-1025
-2196
-2806
-2743
-2875
-3368
-3427
-3058
-3136
-4003
-4460
-3584
-2750
-2582
-3130
-3381
-3140
-3438
-3287
-3000
-2258
-1466
-1611
-2075
-2434
-1694
-407
117
-231
200
729
703
655
877
2525
2747
1416
787
1322
1714
933
486
589
1045
193
-156
553
529
323
-632
-421
415
555
173
-318
-511
-796
-743
-1473
-2077
-2357
-2861
-3210
-3499
-2553
-2062
-2903
-3268
-2223
-847
-1336
-2072
-1197
-348
-569
-748
556
1703
867
280
1231
2702
2638
1336
1433
1476
604
-498
-212
1119
222
-819
-586
410
416
-767
-117
527
-57
-1240
-1413
-339
-783
-1706
-1794
-1399
-1298
-1727
-1020
221
488
197
440
1918
3325
3675
3614
3658
3866
4406
5507
6594
6279
4736
4349
5262
5929
5371
4546
4476
3681
2670
2316
2507
2258
834
-69
-226
-376
-814
-1070
-887
-993
-1349
-1596
-1878
-2445
-2813
-3000
-3108
-3034
-2912
-3334
-4161
-4194
-3407
-2459
-2586
-3207
-3587
-3330
-2718
-2864
-2477
-1976
-1379
-1766
-2648
-1779
-585
395
-215
-497
558
775
464
184
1488
2608
1776
645
784
1870
1959
1393
1543
2040
1435
493
998
2168
2032
636
-21
406
570
118
-214
-599
-1511
-2230
-2059
-1667
-2177
-2806
-2846
-3069
-3229
-2607
-2271
-2826
-2950
-2354
-1638
-1820
-2086
-1319
-607
-757
-717
653
908
370
84
781
2041
1264
1114
1137
1083
1026
800
1890
1727
822
-132
314
932
-300
-513
-579
-548
-1167
-2278
-1680
-1440
-1694
-2225
-2261
-1438
-1831
-1556
-565
21
9
-623
253
1724
2833
3416
3264
3290
3783
4934
6086
6428
5769
4978
5006
5712
6061
5466
4709
4084
3320
2619
2473
2571
2083
1109
424
164
-260
-913
-1229
-1045
-947
-1392
-2074
-2524
-2770
-3046
-3111
-2627
-2168
-2694
-3767
-3895
-2931
-2172
-2184
-2463
-2757
-3019
-2998
-2711
-2350
-1829
-1295
-1269
-1726
-1822
-942
282
610
139
238
956
815
19
502
2070
2363
1145
715
1713
2287
1802
1705
2233
1885
721
664
1865
2210
1095
314
577
613
43
-145
-141
-998
-2005
-2010
-1840
-2258
-2526
-2401
-2733
-3419
-3308
-2735
-2780
-2927
-2606
-2432
-2720
-3211
-2724
-1596
-1511
-1449
-751
-196
-47
-71
285
1415
1634
959
1297
1389
1589
1277
1136
1682
1076
541
-35
490
191
-615
-121
-214
-487
-2067
-2041
-985
-1444
-1988
-2742
-2404
-1915
-1727
-1155
-367
-138
-347
377
1610
3072
3525
2904
3034
3825
4474
5101
5617
5557
5073
4803
5472
6098
5414
4533
4477
4336
3448
2523
2268
2344
1923
1290
1112
800
-66
-782
-723
-379
-813
-1811
-2379
-2519
-2695
-3102
-3130
-2309
-2196
-3446
-4206
-3570
-2524
-2473
-3044
-2900
-2524
-2782
-2954
-2502
-1660
-920
-1215
-1600
-1432
-879
-153
194
99
124
814
445
384
883
1547
2442
1287
829
1141
1749
1910
1506
2155
1599
1078
763
1643
2418
946
314
316
479
65
-359
-168
-692
-1369
-1550
-1550
-2021
-2367
-2430
-2878
-3466
-3580
-3198
-3288
-3629
-3208
-2648
-2585
-2639
-2161
-1633
-1287
-929
-328
222
-446
-306
332
1013
1409
839
1285
1080
1133
1183
1344
1874
707
34
-228
331
43
-742
-162
-420
-697
-1119
-946
-386
-964
-1818
-2134
-1888
-1937
-1988
-1690
-1241
-985
-723
-129
591
1628
2626
2947
2809
3072
3841
4627
5244
5595
5378
4814
5061
5666
5386
4895
4459
3611
2893
2377
2091
2175
1629
824
420
92
55
-244
-864
-1110
-1264
-1519
-1553
-2214
-2842
-2760
-3032
-2587
-2054
-2293
-3200
-3430
-2187
-1790
-1763
-2276
-2309
-1713
-2337
-2269
-1903
-1168
-274
-852
-1093
-294
452
409
298
643
1042
1144
272
393
1132
1286
1098
41
807
1827
1487
1490
1495
1858
1625
1222
1550
1910
1451
454
426
669
448
217
226
-88
-1095
-1876
-1795
-1641
-2169
-2625
-2691
-3166
-3641
-3275
-2816
-3311
-3710
-2855
-2361
-2908
-2969
-1813
-1170
-1587
-1656
-714
193
-577
-721
-81
683
727
-63
856
826
328
315
1037
1644
396
352
699
1016
211
-452
839
859
24
-772
-287
460
-373
-1269
-1194
-782
-1330
-1922
-1531
-952
-1344
-1777
-880
537
1556
2297
3020
3243
3237
4114
5594
6181
5465
4604
4437
4769
5024
4984
4675
4049
3209
2540
2307
2139
1645
946
584
371
-117
-468
-423
-350
-821
-1289
-1278
-1307
-2053
-2722
-2905
-3145
-2775
-2562
-2592
-3333
-3890
-2700
-2155
-2048
-2328
-2560
-1949
-2361
-2349
-1793
-1133
-485
-1129
-1175
-916
125
880
31
69
61
678
260
-323
711
1197
1100
-153
689
1922
1750
1450
1495
2324
1243
709
1218
1952
1636
133
461
524
402
352
219
337
-774
-1425
-1176
-999
-1174
-1721
-1857
-2295
-2523
-2385
-2356
-2501
-2920
-2493
-2374
-2635
-2458
-1507
-687
-1306
-1154
-100
516
-70
-511
584
1189
935
457
694
1316
1042
1068
1448
1555
647
-559
-324
-212
-699
-1334
-1141
-625
-1036
-788
207
1143
441
-591
-377
-188
-749
-1983
-1869
-1447
-1869
-2221
-1813
-452
370
1156
2256
2783
2609
2734
4145
5526
5656
4756
4066
4238
4866
5680
5640
4839
3871
2807
2375
2276
2275
1793
514
-254
-628
-606
-508
-845
-866
-1111
-1217
-1389
-1555
-1543
-2076
-2068
-2188
-1868
-1834
-2568
-2933
-3089
-2001
-1840
-2073
-2040
-2162
-1896
-2197
-1781
-1474
-1168
-1052
-1722
-1850
-1197
175
509
11
36
539
748
459
779
1531
1646
751
171
892
1931
1829
1032
1095
1618
1469
1036
1511
2192
1796
782
502
738
552
324
190
39
-772
-1316
-1004
-898
-1097
-1931
-2386
-2611
-2678
-2280
-2474
-2813
-3191
-2890
-2353
-2255
-1613
-1129
-1094
-1709
-1594
-133
142
-306
-625
180
756
-3
505
1242
1719
849
404
1848
2003
1045
-244
762
1928
628
-540
-505
257
-680
-1714
-1036
-584
-1589
-2851
-2468
-1813
-2250
-2669
-1836
-1030
-1357
-1422
-322
835
1082
1567
2795
3289
2591
2540
4083
5426
5148
4310
4210
4453
4677
5255
5716
4912
3348
2909
3553
3470
2223
1254
1030
684
-35
-195
235
-82
-877
-1139
-584
-436
-1479
-2081
-1979
-2055
-2647
-3024
-2145
-2182
-3475
-3960
-2977
-1383
-2095
-2862
-2430
-1906
-1721
-2708
-1925
-1146
-889
-1349
-2200
-1231
-331
625
-82
-306
525
885
678
-450
471
921
527
-128
-86
1335
1263
982
993
1830
2400
1585
1162
1542
1836
951
203
724
1147
511
132
433
490
193
-208
-94
-362
-1476
-1895
-1978
-2464
-2458
-2275
-2410
-2562
-2540
-1998
-1476
-1677
-1450
-756
-971
-1175
-627
57
57
-206
140
948
1063
694
1636
1727
1241
1080
1319
2150
1400
790
464
1194
1421
170
310
129
-168
-1231
-1393
-519
-1355
-2352
-2848
-2055
-1829
-2653
-2589
-1841
-1462
-1819
-1382
-233
226
-144
266
1786
2601
2183
1860
2801
4121
4506
4174
3981
3956
4109
4496
4487
3950
3234
2793
2785
2508
1859
1545
1324
740
323
389
531
-167
-1271
-1303
-862
-1336
-2204
-2498
-2733
-3031
-3346
-3001
-2204
-2571
-3515
-3880
-3011
-2438
-2548
-2672
-2572
-1936
-2709
-2755
-1935
-1816
-1148
-1243
-1149
-786
-760
194
922
735
737
1620
1870
1305
1182
1557
2349
1405
580
1625
1985
1912
1097
1405
2735
2195
1188
1153
2020
1757
450
237
1015
1234
378
447
1073
602
-41
53
575
219
-958
-1747
-1461
-1189
-1791
-1976
-2360
-2070
-1909
-2197
-1477
-1424
-1160
-1604
-1658
-938
-798
-410
-741
27
570
496
626
534
1470
1135
788
1438
1523
1291
177
294
832
657
409
-277
49
-782
-1522
-1222
-1181
-1149
-2379
-2598
-2609
-2602
-2454
-2708
-2181
-2049
-1836
-1818
-1195
-353
-75
334
631
1492
1699
1749
2649
3388
3673
3690
3874
3915
3892
4222
4648
4302
3114
2985
3522
3167
2319
1666
1777
1383
684
857
860
265
-734
-1187
-973
-975
-1264
-1700
-2290
-2838
-2807
-2513
-2374
-2297
-2556
-3057
-3341
-3274
-2939
-2624
-2745
-3059
-2931
-2520
-2108
-1918
-1639
-827
-353
-754
-1231
-428
569
495
299
627
1628
1531
836
1603
2622
2412
1228
1200
2274
2268
1313
1185
2244
2634
1704
1197
1948
2202
1201
829
1378
1073
-115
-391
425
493
-415
-598
62
66
-594
-1142
-1201
-981
-1397
-1664
-1668
-1927
-1661
-1502
-1667
-1652
-1309
-879
-1379
-1597
-964
-237
-80
-758
-115
496
576
573
488
1387
869
560
886
1473
1806
505
637
1029
1022
269
-370
420
-136
-993
-1553
-1287
-987
-2159
-2227
-1845
-1752
-2188
-2830
-1810
-1507
-1882
-1666
-973
-67
-554
-560
577
1436
1614
1503
2084
2732
2997
3237
3517
3343
2939
2993
3392
3463
2939
2651
2752
2563
1938
1500
1651
1596
863
187
-27
-134
-709
-1303
-1044
-751
-1197
-1508
-1598
-1858
-1858
-1824
-1473
-1369
-2175
-2891
-2885
-2431
-2227
-2182
-2826
-2900
-2509
-2822
-2239
-2113
-1732
-996
-1726
-1835
-1556
-802
-16
-296
-22
446
1156
1027
1099
2200
2331
2678
1789
1727
2618
2253
2085
1498
2052
2178
1751
1591
1743
2232
1257
989
880
678
391
-131
339
163
-416
-313
184
96
-305
-434
-734
-1025
-1501
-1621
-1667
-2157
-2020
-1928
-2020
-2078
-1725
-1051
-1285
-1429
-1174
-295
-360
-928
-21
441
462
-33
442
1459
999
957
1348
1986
1898
1109
1253
1510
1281
335
113
670
82
-653
-865
-508
-783
-1740
-1689
-1494
-1681
-2473
-2632
-2039
-2190
-2376
-1978
-969
-598
-846
-394
610
1306
1387
1632
2168
2523
2665
2945
3151
2909
2801
3283
3744
3391
2713
2568
2660
2265
1634
1493
1593
1157
409
187
358
72
-463
-515
-432
-767
-1178
-1158
-1219
-1715
-2059
-1769
-1558
-1930
-2390
-2738
-2577
-2376
-2287
-2424
-3029
-2991
-2712
-2445
-2331
-2484
-2019
-1718
-1834
-1964
-1670
-704
-326
-564
-351
792
1610
1345
1388
1992
2886
2525
1565
1972
2372
2125
1283
1254
2021
1869
1198
1036
1684
1588
962
808
1040
1195
682
859
1497
1279
808
657
764
736
244
-215
-678
-1212
-1358
-1599
-1898
-2135
-2069
-2007
-2274
-2348
-2381
-2107
-2311
-2333
-1551
-1139
-1137
-1219
-483
91
268
484
940
1675
1150
948
1539
1887
1912
1275
1491
1874
1407
903
714
964
404
-137
-256
-374
-624
-1614
-1530
-1485
-1740
-1838
-2261
-1931
-1806
-1842
-1921
-1454
-1055
-1240
-880
-374
475
686
678
1261
1754
2163
2442
2698
2466
2244
2554
2957
3046
2558
2413
2659
2470
2040
1753
1888
1795
1190
898
786
460
7
-59
169
5
-361
-507
-629
-1015
-1332
-1318
-1182
-1402
-1984
-2444
-2448
-2206
-2106
-2173
-2478
-2646
-2601
-2440
-2441
-2575
-2223
-1887
-1797
-2028
-1970
-1113
-513
-532
-853
-354
642
719
601
1022
1880
2034
1333
1323
1828
2110
1733
1436
1941
2095
1766
1440
1586
1839
1526
1315
1302
1181
889
708
860
865
468
317
678
470
-205
-633
-888
-925
-1246
-1559
-1538
-1814
-1852
-1652
-1784
-1834
-1681
-1414
-1536
-1747
-1292
-714
-615
-784
-125
262
24
187
485
1117
780
639
1432
1755
1537
1034
1577
1799
1382
997
853
1349
826
178
61
-243
-458
-1164
-1402
-1293
-1832
-2357
-2422
-1889
-2042
-2103
-1950
-1414
-1093
-1106
-621
-38
229
295
668
906
1395
1673
1943
2402
2236
2112
2291
2739
2641
2256
2010
2267
2160
1655
1585
1794
1565
977
714
740
383
11
133
379
19
-449
-421
-412
-738
-1203
-1098
-982
-1396
-1615
-1789
-1895
-2062
-1958
-1631
-2064
-2296
-2351
-2163
-1739
-2229
-1931
-1391
-1335
-1646
-2118
-1158
-637
-632
-903
-656
394
284
439
785
1541
1930
1140
1113
1668
1920
1474
1229
1422
1621
1490
1104
1325
1533
1290
1028
982
897
585
459
809
974
426
117
376
401
239
135
-111
-600
-1169
-1319
-1161
-1322
-1694
-1523
-1359
-1693
-1804
-1403
-1096
-1507
-1355
-818
-617
-741
-715
91
347
583
741
1144
1326
685
1274
1778
1703
1132
922
1633
1305
601
400
897
687
-240
-160
-49
-339
-1197
-1600
-945
-1175
-1736
-1884
-1614
-1406
-1917
-1993
-1631
-1221
-1225
-1266
-838
-463
-209
-53
556
969
1078
1424
1772
1983
1762
1868
2471
2818
2592
2286
2513
2620
2224
1882
1908
1716
1116
907
840
469
142
209
506
265
-35
22
-53
-346
-824
-958
-959
-1171
-1283
-1493
-1652
-1797
-1750
-1381
-1540
-1983
-2144
-1949
-1762
-2227
-2503
-2078
-1722
-1859
-2113
-1813
-1234
-712
-692
-782
-152
239
152
-38
353
1129
1172
1054
1259
1890
2150
1724
1548
1779
2082
1784
1308
1340
1406
1057
544
571
785
613
332
342
625
440
153
194
509
554
-171
-630
-863
-970
-1350
-1651
-1294
-1334
-1495
-1725
-1480
-1145
-1366
-1329
-1308
-906
-663
-801
-583
-397
-34
-21
258
735
510
473
190
698
1218
1015
1283
1360
1536
1054
948
1246
1055
769
153
374
263
-99
-218
-467
-497
-1027
-1246
-1288
-1624
-1766
-1778
-1604
-1586
-1600
-1239
-937
-879
-753
-330
190
324
420
993
1467
1673
1927
1954
2107
2294
2436
2660
2592
2456
2249
2188
1970
1699
1519
1107
902
542
350
233
-13
72
72
100
134
-140
-496
-570
-669
-896
-986
-1147
-1294
-1638
-2030
-1849
-1581
-1712
-1918
-2043
-2100
-2112
-2247
-2336
-2170
-1881
-1759
-1907
-1812
-1187
-678
-661
-701
-452
20
312
232
320
757
982
881
901
1335
1749
1538
1324
1720
1967
1541
1082
1153
1362
1034
559
763
1206
1197
1048
1246
1386
1021
557
491
629
184
-476
-795
-801
-783
-1289
-1603
-1603
-1554
-1553
-1781
-1756
-1633
-1605
-1556
-1186
-767
-653
-622
-413
-142
-41
164
341
710
728
792
1257
1513
1874
1609
1536
1570
1453
1414
986
1084
1021
749
258
18
253
-158
-526
-891
-1193
-1485
-2007
-2170
-2216
-2435
-2636
-2499
-2191
-1942
-1708
-1397
-1042
-855
-432
278
698
762
792
1272
1684
1957
2317
2553
2671
2547
2829
2960
2915
2850
2409
2174
1547
1160
1073
810
692
452
616
730
669
663
617
827
544
96
-215
-667
-939
-1186
-1158
-1411
-1805
-2043
-2245
-2055
-2158
-2046
-2072
-2396
-2283
-2237
-2062
-2162
-2263
-2011
-1936
-1821
-1711
-1186
-565
-544
-607
-337
240
231
-15
377
768
805
539
879
1643
1771
1783
1983
2335
2256
1648
1579
1776
1621
1220
1024
1211
1038
646
717
917
737
403
402
464
159
-346
-669
-873
-1223
-1663
-1882
-1890
-1892
-2086
-2051
-1706
-1421
-1090
-790
-629
-498
-332
-156
82
-106
9
254
704
616
663
1058
1286
1430
1395
1830
1608
1271
1095
1148
1212
831
776
488
421
-31
-190
-144
-500
-1011
-1304
-1324
-1489
-1805
-1966
-2041
-2097
-2147
-2020
-2010
-1839
-1450
-1437
-1250
-764
-241
169
274
616
1093
1523
1944
2281
2483
2432
2432
2720
3007
2932
2768
2680
2430
2091
1814
1593
1302
865
519
308
-27
-199
-64
-20
9
152
266
277
31
-304
-408
-496
-836
-1294
-1637
-1838
-2090
-2233
-2091
-2034
-2285
-2540
-2490
-2412
-2528
-2578
-2250
-1921
-1953
-1961
-1545
-858
-695
-740
-492
-18
373
303
572
1037
1269
1070
887
1406
1681
1585
1465
1645
1819
1532
1503
1640
1717
1465
1036
1019
980
885
690
612
690
421
263
132
31
-139
-503
-723
-1079
-1261
-1350
-1483
-1616
-1685
-1329
-1141
-1065
-899
-640
-293
-482
-377
59
127
-22
-189
147
274
300
384
670
1011
767
969
1165
1354
1300
1043
1310
1204
939
521
433
455
49
-196
-365
-471
-853
-1126
-1096
-1254
-1531
-1808
-1806
-1790
-1984
-2008
-1831
-1606
-1488
-1321
-928
-638
-486
-143
430
753
751
877
1338
1754
1847
2029
2202
2187
2141
2293
2584
2444
2100
1952
1878
1675
1250
1012
882
585
322
243
442
533
407
397
517
603
367
34
-144
-381
-764
-1098
-1188
-1242
-1468
-1692
-1710
-1615
-1665
-1883
-2028
-1926
-1875
-2062
-2221
-2155
-1946
-1954
-2054
-1854
-1486
-1187
-1179
-1106
-669
-351
-292
-287
-6
488
644
646
905
1394
1781
1783
1813
1997
1976
1834
1726
1740
1563
1171
953
927
989
821
589
525
428
331
124
-15
-214
-572
-665
-761
-765
-823
-1032
-1054
-1080
-861
-776
-851
-773
-795
-710
-794
-764
-530
-439
-298
-275
82
430
347
360
522
1098
1204
1115
1279
1364
1429
938
1154
1245
934
791
428
650
226
-146
-237
-399
-417
-1002
-1041
-1089
-1358
-1502
-1731
-1684
-1752
-1765
-1698
-1611
-1438
-1433
-1178
-778
-605
-415
-170
270
675
871
1171
1559
1853
1972
2056
2181
2196
2099
2114
2153
1925
1621
1533
1478
1129
772
774
837
651
479
643
881
764
475
406
415
266
14
-164
-325
-729
-1142
-1218
-1233
-1458
-1731
-1910
-1892
-1788
-1906
-2049
-1980
-1828
-1824
-1865
-1775
-1579
-1431
-1552
-1502
-1212
-921
-938
-1131
-758
-402
-329
-330
-46
508
561
589
825
1086
1185
1103
1253
1341
1364
1331
1269
1353
1170
1126
1202
1029
867
781
837
701
514
400
240
62
-91
-3
-94
-282
-406
-444
-353
-479
-542
-458
-381
-451
-604
-377
-178
-332
-553
-512
-303
-384
-371
-229
-142
-147
-91
418
683
587
542
653
891
867
685
624
655
419
61
72
142
-48
-305
-269
-140
-275
-434
-550
-596
-745
-975
-1083
-1219
-1197
-1277
-1319
-1202
-1086
-950
-856
-437
-107
-26
17
266
641
719
844
1037
1261
1247
1277
1585
1693
1677
1667
1934
1971
1608
1494
1491
1393
1031
828
926
727
532
533
639
587
320
301
251
50
-200
-311
-272
-534
-893
-1056
-1031
-1147
-1478
-1564
-1477
-1517
-1636
-1561
-1425
-1516
-1604
-1613
-1516
-1586
-1751
-1622
-1450
-1349
-1420
-1215
-784
-638
-582
-438
-38
104
84
328
626
782
688
738
999
1175
1116
1096
1231
1333
1326
1135
1121
1181
1101
944
809
908
810
499
380
330
318
228
60
23
-42
-102
-212
-327
-213
-258
-420
-478
-448
-439
-676
-746
-635
-611
-647
-644
-439
-356
-432
-350
-48
177
119
100
323
520
445
413
583
616
402
255
288
301
157
4
155
304
247
111
93
154
-65
-206
-257
-413
-532
-636
-664
-732
-742
-623
-546
-526
-515
-434
-411
-453
-378
-261
-250
-302
-103
142
194
297
573
884
912
1022
1243
1338
1358
1279
1347
1288
1169
1061
966
958
794
769
757
707
761
769
765
686
605
482
297
160
20
-157
-425
-558
-651
-838
-923
-1078
-1149
-1163
-1317
-1408
-1443
-1473
-1618
-1692
-1609
-1557
-1542
-1586
-1500
-1368
-1365
-1328
-1200
-976
-877
-838
-560
-321
-183
-2
182
421
582
736
895
974
1063
1081
1135
1128
1042
1068
1052
1041
1037
989
967
959
928
840
736
643
536
370
232
133
36
-53
-115
-202
-361
-460
-529
-545
-630
-665
-611
-640
-578
-549
-452
-408
-341
-167
-119
-36
-44
14
46
84
154
181
333
345
354
387
519
613
495
438
371
324
181
75
102
100
100
66
140
166
41
-46
-92
-2
-56
-154
-171
-269
-292
-398
-387
-415
-454
-394
-477
-402
-412
-412
-347
-303
-214
-167
-34
54
128
168
311
435
522
670
660
699
749
765
665
517
403
354
382
319
393
486
578
668
698
824
829
799
738
572
412
209
69
-124
-352
-420
-468
-536
-651
-714
-724
-740
-793
-884
-892
-1012
-1116
-1119
-1159
-1221
-1269
-1214
-1156
-1003
-872
-754
-612
-536
-425
-330
-196
-101
-29
-6
76
238
232
250
340
426
434
498
612
627
702
813
903
859
847
950
894
797
759
753
674
541
520
447
318
158
111
123
-100
-168
-92
-82
-111
-224
-228
-270
-403
-492
-454
-425
-567
-569
-477
-409
-352
-408
-350
-329
-459
-411
-337
-305
-337
-375
-242
-239
-197
-78
-39
85
112
196
241
230
403
459
472
486
457
470
390
328
400
413
301
240
267
159
25
30
-18
-65
-145
-236
-218
-310
-347
-337
-340
-197
-182
-213
-129
-46
78
203
237
152
174
323
340
337
349
327
276
216
249
271
236
322
504
559
634
875
991
875
687
611
534
317
95
-48
-133
-332
-542
-537
-556
-669
-761
-785
-780
-936
-1043
-934
-890
-951
-948
-856
-741
-683
-676
-627
-560
-525
-526
-478
-317
-196
-227
-212
22
213
234
281
448
579
574
665
744
644
556
511
452
320
231
223
107
47
70
125
148
127
203
211
222
139
23
50
-74
-190
-210
-185
-166
-169
-16
85
56
71
172
229
122
93
137
42
-70
-35
81
57
-24
46
107
10
32
202
182
126
199
235
142
2
62
107
-14
-59
-46
-24
-74
-40
50
-26
-50
-22
56
-50
-179
-84
-163
-330
-342
-183
-171
-256
-132
-3
-71
-213
-118
-60
-181
-231
-175
-87
-126
-141
-61
13
56
86
263
388
324
316
386
401
284
269
318
265
254
283
354
386
401
451
498
531
440
402
439
364
233
139
135
66
-50
-35
-33
-91
-180
-315
-406
-510
-571
-604
-712
-754
-787
-819
-810
-823
-794
-746
-708
-705
-707
-614
-524
-526
-503
-393
-322
-286
-165
-23
50
54
77
122
96
97
199
244
239
343
437
452
487
533
547
471
453
499
485
452
391
354
274
183
140
115
158
125
129
219
208
167
193
219
184
165
206
204
54
-78
-86
-124
-204
-195
-105
-76
-119
-105
-40
-108
-194
-59
87
62
93
293
288
170
216
230
126
-31
-15
-17
-218
-306
-230
-219
-369
-324
-169
-197
-211
-171
-81
-86
-172
-114
-135
-220
-173
-142
-170
-165
-118
-132
-201
-169
-113
-124
-47
118
98
-27
19
106
66
75
205
253
173
159
305
416
394
433
576
634
619
681
744
717
593
590
651
503
403
437
448
378
273
240
150
-16
-135
-180
-273
-402
-473
-541
-598
-688
-814
-836
-807
-803
-731
-646
-662
-664
-645
-702
-730
-701
-666
-619
-587
-531
-415
-354
-330
-170
-116
-129
25
135
176
166
183
231
213
195
178
171
219
295
291
322
404
418
434
425
449
475
435
379
319
315
225
135
200
241
273
204
136
199
171
114
139
229
174
69
88
65
37
27
47
24
-96
-98
-30
-106
-185
-68
-24
-143
-116
-15
-3
-54
-37
42
-6
2
77
56
15
-1
26
-10
-64
-74
-109
-140
-177
-146
-117
-160
-103
-102
-198
-216
-132
-75
-115
-98
-70
-86
-82
-99
-78
-30
-18
9
46
12
0
0
0
0
0
0
0
0
0
0
0
0
0
0
0
0
0
0
0
0
0
0
0
0
0
0
0
0
0
0
0
0
0
0
0
0
0
0
0
0
0
0
0
0
0
0
0
0
0
0
0
0
0
0
0
0
0
0
0
0
0
0
0
0
0
0
0
0
0
0
0
0
0
0
0
0
0
0
0
0
0
0
0
0
0
0
0
0
0
0
0
0
0
0
0
0
0
0
0
0
0
0
0
0
0
0
0
0
0
0
0
0
0
0
0
0
0
0
0
0
0
0
0
0
0
0
0
0
0
0
0
0
0
0
0
0
0
0
0
0
0
0
0
0
0
0
0
0
0
0
0
0
0
0
0
0
0
0
0
0
0
0
0
0
0
0
0
0
0
0
0
0
0
0
0
0
0
0
0
0
0
0
0
0
0
0
0
0
0
0
0
0
0
0
0
0
0
0
0
0
0
0
0
0
0
0
0
0
0
0
0
0
0
0
0
0
0
0
0
0
0
0
0
0
0
0
0
0
0
0
0
0
0
0
0
0
0
0
0
0
0
0
0
0
0
0
0
0
0
0
0
0
0
0
0
0
0
0
0
0
0
0
0
0
0
0
0
0
0
0
0
0
0
0
0
0
0
0
0
0
0
0
0
0
0
0
0
0
0
0
0
0
0
0
0
0
0
0
0
0
0
0
0
0
0
0
0
0
0
0
0
0
0
0
0
0
0
0
0
0
0
0
0
0
0
0
0
0
0
0
0
0
0
0
0
0
0
0
0
0
0
0
0
0
0
0
0
0
0
0
0
0
0
0
0
0
0
0
0
0
0
0
0
0
0
0
0
0
0
0
0
0
0
0
0
0
0
0
0
0
0
0
0
0
0
0
0
0
0
0
0
0
0
0
0
0
0
0
0
0
