0
0
0
0
0
0
0
0
0
0
0
0
0
0
0
0
0
0
0
0
0
0
0
0
0
0
0
0
0
0
0
0
0
0
0
0
0
0
0
0
0
0
0
0
0
0
0
0
0
0
0
0
0
0
0
0
0
0
0
0
0
0
0
0
0
0
0
0
0
0
0
0
0
0
0
0
0
0
0
0
0
0
0
0
0
0
0
0
0
0
0
0
0
0
0
0
0
0
0
0
0
0
0
0
0
0
0
0
0
0
0
0
0
0
0
0
0
0
0
0
0
0
0
0
0
0
0
0
0
0
0
0
0
0
0
0
0
0
0
0
0
0
0
0
0
0
0
0
0
0
0
0
0
0
0
0
0
0
0
0
0
0
0
0
0
0
0
0
0
0
0
0
0
0
0
0
0
0
0
0
0
0
0
0
0
0
0
0
0
0
0
0
0
0
0
0
0
0
0
0
0
0
0
0
0
0
0
0
0
0
0
0
0
0
0
0
0
0
0
0
0
0
0
0
0
0
0
0
0
0
0
0
0
0
0
0
0
0
0
0
0
0
0
0
0
0
0
0
0
0
0
0
0
0
0
0
0
0
0
0
0
0
0
0
0
0
0
0
0
0
0
0
0
0
0
0
0
0
0
0
0
0
0
0
0
0
0
0
0
0
0
0
0
0
0
0
0
0
0
0
0
0
0
0
0
0
0
0
0
0
0
0
0
0
0
0
0
0
0
0
0
0
0
0
0
0
0
0
0
0
0
0
0
0
0
0
0
0
0
0
0
0
0
0
0
0
0
0
0
0
0
0
0
0
0
0
0
0
0
0
0
0
0
0
0
0
0
0
0
0
0
0
0
0
0
0
0
0
0
0
0
0
0
0
0
0
0
0
0
0
0
0
0
0
0
0
0
0
0
0
290
261
344
421
481
423
301
299
319
291
251
285
300
217
73
27
76
26
-56
-81
-43
-142
-351
-360
-326
-401
-586
-746
-742
-820
-987
-1078
-1093
-1100
-1275
-1430
-1412
-1404
-1439
-1453
-1374
-1247
-1210
-1190
-1077
-941
-831
-750
-632
-410
-231
-94
158
445
687
934
1165
1404
1732
2092
2338
2406
2400
2537
2884
3209
3245
3001
2786
2769
2745
2556
2332
2130
1872
1584
1340
1143
921
554
63
-320
-497
-687
-1059
-1441
-1633
-1729
-1940
-2260
-2422
-2324
-2313
-2601
-2819
-2650
-2348
-2285
-2398
-2357
-2104
-1858
-1676
-1467
-1284
-1198
-1132
-980
-750
-490
-251
-148
-237
-308
-105
271
463
372
291
391
463
388
439
776
993
720
309
341
705
824
638
601
774
719
388
343
775
1094
856
486
589
981
1051
838
874
1178
1173
741
589
997
1210
831
512
752
933
396
-106
261
738
390
-328
-446
-52
-101
-608
-703
-472
-609
-1033
-1078
-695
-623
-1002
-1130
-884
-789
-958
-1004
-708
-440
-487
-519
-331
-194
-211
-145
32
42
-65
52
298
290
79
64
269
321
174
111
188
220
98
-1
82
104
-45
-64
86
121
-54
-208
-171
-131
-260
-393
-423
-477
-588
-618
-529
-516
-601
-542
-394
-445
-572
-493
-332
-344
-452
-364
-141
-173
-350
-186
185
234
42
209
781
1023
756
749
1270
1633
1491
1322
1526
1823
1906
1985
2178
2126
1742
1584
1876
2042
1661
1164
1022
1000
749
444
335
236
-125
-564
-697
-679
-986
-1433
-1491
-1398
-1694
-2133
-2168
-1916
-1887
-2187
-2415
-2310
-2117
-2056
-1984
-1848
-1803
-1788
-1604
-1312
-1143
-1114
-1025
-823
-634
-437
-120
122
90
75
426
928
1139
1091
1176
1439
1519
1339
1327
1638
1725
1349
1109
1315
1461
1215
961
1091
1236
906
427
408
707
652
198
62
360
381
-77
-350
-38
252
-110
-556
-381
-62
-205
-428
-267
-28
-188
-549
-529
-140
51
-180
-354
-303
-451
-755
-701
-418
-632
-999
-1054
-1074
-1218
-1391
-1278
-1254
-1520
-1767
-1881
-1719
-1535
-1410
-1423
-1750
-2009
-1677
-931
-640
-972
-1145
-759
-339
-183
174
848
1330
1449
1636
2044
2378
2837
3846
4821
4538
3355
3236
4780
6069
5301
3698
3174
3649
3946
3446
2827
2256
1480
686
265
393
205
-778
-1879
-2193
-1751
-1802
-2960
-3973
-3441
-2471
-3210
-4936
-4800
-2781
-2102
-3771
-4845
-3391
-1541
-1666
-2718
-2628
-1693
-1327
-1383
-925
-217
-116
-437
-495
-254
168
879
1244
359
-834
-273
1576
1889
302
-241
1205
1758
137
-689
1158
2703
1144
-1109
-480
1673
1567
-302
-239
1694
1645
-816
-1442
1299
3089
1047
-1162
220
2658
2093
-32
518
3000
2799
17
-404
2318
3310
709
-980
1089
2704
268
-2110
-178
2344
667
-2427
-1926
480
-47
-2374
-1932
224
-397
-2988
-3011
-594
-78
-1984
-2413
-631
-162
-1738
-2017
-249
460
-623
-881
74
116
-561
36
1235
800
-581
-379
1053
1163
1
-50
880
494
-798
-550
713
379
-1190
-1439
-453
-496
-1594
-1687
-792
-1024
-2329
-2397
-1222
-1200
-2340
-2251
-995
-944
-1974
-1633
156
924
110
-90
1207
2313
2539
3096
3940
3684
2953
3952
6156
6484
4641
3759
4941
5860
5170
4271
4296
4178
2941
1969
2482
2768
1228
-519
-604
-71
-863
-2558
-3163
-2473
-2399
-3750
-4950
-4605
-3595
-3544
-4511
-5224
-4884
-3925
-3297
-3387
-3797
-3856
-3289
-2604
-2432
-2411
-1852
-1386
-1964
-2593
-1675
-28
144
-1245
-1983
-843
651
567
-387
-153
966
899
-223
-183
1383
2216
1062
-289
214
1671
1747
650
797
2290
2485
825
122
1970
3785
2676
629
1446
3845
3606
1240
1115
3548
4009
1368
269
2519
3625
1316
-300
1472
3014
1044
-1289
-72
2084
927
-1713
-1688
21
-386
-2445
-2539
-873
-1040
-3022
-3263
-1584
-1412
-3075
-3254
-1567
-1260
-2722
-2912
-1446
-987
-1877
-1864
-791
-739
-1575
-1216
-54
-153
-1198
-1167
-6
287
-614
-719
175
16
-1092
-864
535
560
-935
-1391
-320
112
-520
-490
250
110
-675
-283
1178
1767
1349
1577
2413
2521
2443
3750
5450
4884
2858
3161
5780
6658
4803
3525
4470
5347
4407
3344
3658
3767
2380
1086
1230
1545
572
-1053
-1750
-1366
-1445
-2753
-3978
-3901
-3194
-3358
-4646
-5462
-4621
-3475
-3895
-5304
-5536
-4035
-2780
-3444
-4797
-4615
-3177
-2574
-3211
-3437
-2529
-1708
-1943
-2482
-2007
-525
434
-90
-922
-383
1078
1555
869
873
2047
2547
1503
663
1670
3302
3059
1300
892
2271
2860
1801
1168
2127
2925
1826
362
1141
3137
3055
928
200
1936
2867
1095
-329
1172
2865
1404
-1055
-441
1763
1120
-1418
-1190
1383
1192
-2067
-2836
71
1212
-1375
-3026
-1218
197
-1555
-2928
-1007
706
-947
-2735
-1207
916
126
-1339
-340
985
-131
-1438
-213
1275
258
-1216
-598
380
-480
-1527
-664
274
-931
-2275
-1544
-664
-1570
-2491
-1702
-1092
-2472
-3551
-2088
-479
-1386
-2865
-2194
-793
-1050
-1581
-274
1198
653
-142
1165
2928
2743
2215
3768
5535
4577
2802
4089
7180
7537
5146
4073
5227
5919
5436
5336
5507
4543
2934
2483
3227
3306
1895
222
-620
-840
-861
-1159
-2389
-3837
-3837
-3174
-4265
-6222
-5757
-3460
-3556
-6573
-7996
-5743
-3456
-4312
-6251
-6016
-4456
-4162
-4555
-3583
-2024
-2086
-3286
-3210
-1626
-239
554
908
179
-743
190
2324
2953
1731
1174
2395
2978
1527
1033
3296
4674
2431
72
1419
3855
3051
846
1596
3792
2763
-359
-44
3559
4256
734
-1070
1448
3208
802
-1385
639
3048
1105
-2276
-1522
1762
1501
-1798
-2080
695
742
-2372
-3072
-59
1426
-1154
-3231
-1406
602
-658
-2145
-765
816
-406
-2077
-1031
850
470
-800
-397
520
-127
-1063
-316
700
-9
-1058
-636
-147
-1105
-1792
-676
191
-1157
-2745
-2172
-952
-1463
-2536
-2107
-1461
-2461
-3443
-2336
-897
-1438
-2616
-2285
-1347
-1358
-1351
-67
1153
814
190
1089
2787
3740
4304
5051
4976
4298
5203
7653
8587
6781
5281
6545
8094
7081
5436
5785
6443
4855
2689
2906
4015
2599
-288
-910
498
179
-2537
-4235
-3390
-2665
-4178
-6221
-6330
-5187
-5161
-6689
-7991
-7534
-6106
-5661
-6454
-7216
-7162
-6392
-5524
-4972
-4485
-3944
-3713
-3853
-3563
-2019
23
813
-59
-982
-154
2032
3365
3006
2608
3369
3960
3258
2962
4651
6468
5641
3080
2452
4371
5395
3991
2806
3634
4143
2073
83
1631
4018
2383
-1413
-1571
1425
1595
-1723
-2792
-181
744
-2248
-4252
-2020
265
-1556
-4143
-2759
-61
-1143
-3895
-2908
396
495
-2224
-2648
-121
1094
-326
-994
614
1613
369
-517
781
2068
1452
574
982
1232
341
-9
924
1292
247
-567
-297
-286
-905
-839
-331
-939
-2376
-2892
-2115
-1590
-2181
-2881
-3102
-3379
-3597
-3175
-2546
-2566
-3118
-3359
-2955
-2198
-1373
-547
142
387
253
518
1797
3667
4953
4961
4200
3882
5145
7681
9074
7829
6004
6235
7942
8609
7586
6626
6688
6421
4896
3717
4234
4593
2737
212
-244
759
48
-2706
-3979
-2847
-2909
-5602
-7421
-5891
-4092
-5794
-8859
-8967
-6675
-5650
-6838
-7862
-7386
-6853
-6876
-6107
-4638
-4255
-4818
-4429
-3454
-3305
-2484
-103
842
-989
-2026
349
3207
2885
1252
2224
4562
4086
1695
2556
6458
7094
3255
1220
3804
6077
4384
2273
3451
4921
2943
272
1213
3791
3146
-44
-939
1012
1442
-1046
-2354
-164
1551
-909
-4317
-3565
-162
283
-2584
-3710
-1610
-574
-2561
-3453
-749
1183
-1200
-3753
-1874
1357
909
-1466
-875
1794
1606
-1060
-972
2133
3148
835
-698
529
1664
830
273
1180
1279
-125
-736
322
943
-140
-1102
-853
-1131
-2291
-2288
-1191
-1519
-3274
-3735
-2653
-2421
-3402
-3610
-2509
-2221
-3605
-3984
-2093
-618
-978
-1115
126
794
152
1043
4308
6158
4345
2102
3631
7659
9131
7307
5989
6602
7419
7663
7940
7914
6632
5031
4769
5213
4880
3885
2679
1284
343
458
613
-780
-2845
-2932
-1809
-3052
-6073
-6314
-3316
-2551
-6570
-9617
-6972
-3375
-4742
-8301
-8395
-6274
-6389
-7678
-6630
-4685
-5180
-6935
-6667
-4751
-3529
-2824
-1774
-1590
-2599
-2239
786
3174
2144
958
3074
5147
3455
1813
4944
8777
6767
2067
2461
6713
7264
3866
3250
6081
5830
1608
325
4073
5923
2043
-1349
744
3014
65
-3407
-1221
2767
842
-4973
-5837
-1113
863
-2726
-5136
-2660
-808
-3560
-5790
-2748
885
-970
-4928
-4071
14
668
-1883
-1880
1008
1613
-871
-1543
1399
3743
2510
321
372
1675
2002
1771
1990
1707
313
-545
139
755
149
-572
-901
-1806
-2821
-2302
-1029
-1476
-3368
-4076
-3208
-2803
-3435
-3496
-2533
-2333
-3404
-3772
-2615
-1233
-410
162
440
11
-235
1615
5134
6895
5084
2679
3782
7810
10264
9023
6638
6204
7601
8690
8502
7801
7313
6677
5498
4616
4772
4804
3370
1359
656
863
-257
-2569
-3337
-2000
-1680
-4624
-7897
-7005
-3611
-3676
-7709
-10016
-7903
-5173
-5609
-7813
-8394
-7083
-6272
-6737
-6682
-5337
-4561
-5569
-6616
-5595
-3184
-1761
-2201
-3097
-2830
-1193
710
1481
1057
1204
2768
3735
2697
2245
4851
7617
6422
3195
3214
6420
7432
4928
3998
6348
6738
2968
838
4186
7196
3943
-910
-341
3001
2118
-2017
-2217
1526
972
-4760
-6239
-979
1386
-3616
-7197
-3435
112
-3088
-6561
-3476
657
-1467
-5602
-4108
206
-108
-3205
-2150
1420
726
-2696
-1838
2257
2683
-278
-713
1734
2572
1123
1089
2979
2894
690
414
2040
2108
594
280
914
-310
-2183
-1199
413
-1416
-4133
-3566
-1763
-2620
-4609
-3957
-1953
-2669
-5018
-4594
-1990
-1288
-2081
-910
1157
250
-1875
220
5492
7230
4003
1600
3825
7742
9216
8280
7118
6515
6532
7590
8891
8555
6768
5653
5545
5062
4369
4430
4106
2214
640
1111
1321
-983
-3070
-1812
-203
-2807
-7212
-7197
-3261
-2377
-6707
-10083
-8086
-4809
-5496
-8323
-8683
-7005
-6646
-7500
-7057
-5404
-4637
-5161
-5735
-5457
-3955
-1695
-596
-1792
-2983
-1348
1601
2123
548
810
3568
4638
2136
530
3636
7519
6332
2168
1681
5092
6449
4023
2754
5056
6154
2569
-543
2425
6858
4946
-678
-1355
2643
3203
-999
-2429
1400
2854
-2259
-6165
-2337
2330
-632
-5994
-4458
352
-965
-5986
-5128
406
993
-3979
-5410
-1128
979
-1946
-3332
-56
1742
-1215
-3130
142
3303
1407
-1166
115
2526
1500
32
1510
2531
1160
-310
1017
1926
606
-136
213
468
-856
-1172
-91
-461
-2309
-3121
-1350
-899
-3144
-4277
-2673
-1691
-3341
-3911
-1803
-556
-1628
-1651
77
306
-600
1278
5362
5914
1946
243
4983
10242
9097
4821
4530
7368
8093
6936
7133
7974
6664
4035
3443
5267
6024
3486
501
433
1890
1179
-1659
-3300
-2029
-476
-2573
-6611
-7648
-4439
-2344
-5620
-9566
-9094
-5378
-4262
-7223
-8892
-7417
-5455
-5805
-7076
-6180
-4404
-3689
-4868
-5839
-3859
-972
121
-1324
-2605
-1179
1605
3097
1591
562
3262
5896
4146
1316
3363
7902
7944
3606
1930
5223
7446
4796
2337
4711
7011
3723
-547
1263
5977
5183
-506
-2486
1323
3177
-764
-3688
-586
2162
-1836
-6649
-4077
1230
-438
-6273
-5946
-548
-459
-5813
-6187
-358
1202
-4114
-6194
-1170
1854
-1928
-4473
-327
2976
-530
-3851
-255
3913
1622
-1960
-29
3391
2061
-168
1229
3362
2172
-157
1048
2899
1921
51
166
984
-464
-1328
92
124
-2643
-3993
-1737
-690
-3324
-4839
-2495
-1254
-3889
-5000
-1494
888
-1557
-3013
176
2342
374
456
5319
7292
2522
-244
5537
11771
9103
2878
3531
8885
9384
5210
4407
7471
7312
3098
1613
4505
5435
1600
-1606
-207
2070
500
-3290
-4494
-2359
-889
-3151
-6997
-7551
-4099
-2116
-5670
-10301
-8973
-3538
-2550
-7475
-10250
-6825
-3388
-4973
-7256
-5331
-2391
-3273
-5809
-5027
-1341
771
-396
-2313
-2172
227
2833
3366
1927
1423
3501
5349
4037
2300
4432
7945
6801
2377
2108
6463
7678
3705
2083
5806
7125
1903
-1426
3613
8570
3783
-4046
-2632
4452
4019
-3379
-4895
1122
2347
-4598
-7821
-1831
2160
-3623
-9194
-4834
1279
-2340
-9311
-6716
1340
783
-6741
-7139
-19
2247
-2864
-4176
1156
3010
-790
-2172
2125
4605
1626
77
2481
3952
1537
61
3259
5209
2442
-501
389
1913
370
-254
1118
379
-2913
-4456
-2257
-855
-2144
-3367
-3359
-4123
-5721
-4898
-1860
-1247
-3847
-4484
-2053
-500
-1788
-1679
1536
3525
3338
2532
2633
2761
4741
9258
10709
6809
2196
4349
10310
11585
7145
4334
6783
7103
3841
3184
6834
7246
1176
-2576
460
4077
946
-4729
-4078
302
-956
-7512
-8860
-2974
-153
-5550
-11172
-9369
-4218
-3302
-6615
-8594
-7745
-6791
-6333
-5787
-4874
-4521
-4767
-4859
-5299
-4316
-1486
814
-228
-3776
-3395
1933
5054
1764
-1491
1957
6263
4000
-254
2298
8557
8206
1736
-409
5542
9287
4687
902
4676
8952
4612
-1654
1392
8582
7656
-822
-3530
2781
5957
231
-4556
-596
3774
-687
-7255
-4980
1563
412
-6374
-6794
-629
228
-6162
-7967
-1093
3000
-2366
-7477
-3758
1856
491
-3166
-1471
2001
486
-2643
-846
3212
2814
-645
-510
2233
2451
75
-170
2523
2929
835
-354
394
837
-70
77
361
-846
-2302
-2274
-1841
-2614
-2879
-1845
-2336
-4794
-5111
-2607
-1081
-2839
-4164
-1966
378
-150
-2127
-784
2920
3962
3193
3244
3562
2895
4144
8380
9765
5582
1770
4412
9503
9138
4438
3187
6497
6303
1900
1382
5376
5762
-201
-2886
1683
3944
-1362
-6270
-2512
2627
-1418
-9240
-8488
-578
853
-6931
-11803
-7123
-1387
-3024
-7475
-8119
-5684
-4501
-5298
-5176
-4332
-3572
-3307
-4099
-4795
-3653
343
2296
-1630
-5094
-1716
4501
3945
-1531
-1178
4623
6094
652
-1282
5230
9432
4437
-1275
2075
8402
6766
1003
1736
7436
7335
741
-1657
4199
8927
4753
-2210
-1837
4058
4882
-869
-3415
956
3167
-2233
-6789
-2868
2333
-1071
-7671
-6052
626
-326
-7831
-8105
388
2864
-5283
-9152
-1985
3467
-1489
-5963
-891
3474
-632
-4582
154
5791
2244
-2948
-257
4982
3413
-1230
662
4921
3417
-721
-457
2782
2152
-235
545
1782
-466
-3500
-2045
594
-791
-3293
-2619
-1563
-3845
-5539
-2625
60
-2448
-4944
-2509
642
-1040
-3512
-604
3191
2969
1162
1834
2908
1971
3886
8785
8917
2365
-772
5519
11265
7627
1714
3019
6731
4449
470
2835
6865
3373
-3201
-2060
4163
3550
-3769
-5747
130
2583
-3602
-8672
-4688
1410
-316
-6968
-8642
-4157
-982
-2796
-5824
-6220
-4591
-3440
-3761
-4405
-3856
-2455
-2282
-4080
-5127
-2430
1684
1370
-3382
-5055
-196
4324
2255
-1810
-389
4303
4324
-192
-840
4666
7739
3058
-1789
1262
6761
5169
-144
971
6643
5913
-1124
-2430
4992
8920
2212
-4566
-582
6643
4210
-3471
-2758
4502
4290
-4111
-6510
1058
5076
-1790
-7674
-2614
3457
-1211
-8323
-4541
3736
1775
-6820
-7027
713
2732
-2721
-4167
798
2237
-2389
-3844
1103
4043
768
-1945
273
2281
625
-282
1983
2956
566
-917
490
1282
97
-114
1062
364
-2222
-2714
-693
-280
-2214
-2727
-1512
-2283
-4643
-4133
-1032
-387
-2934
-3926
-1593
248
-667
-1487
19
1883
2441
2671
2517
1268
1596
5691
8959
6025
721
1107
6508
8643
5060
2308
4037
5283
2635
864
3459
5333
1938
-2049
-641
2938
1590
-3382
-4095
313
1633
-3471
-7323
-3988
845
-683
-6233
-7574
-3385
-517
-2876
-6064
-5429
-3022
-2710
-3900
-4078
-3119
-2310
-2437
-3607
-4346
-2410
937
902
-3093
-4617
-60
4294
2007
-2250
-321
5056
4727
-670
-1337
4609
7373
2172
-2277
1324
6246
3893
-895
916
5840
4390
-1417
-1374
4921
6960
921
-3669
362
5754
3133
-2961
-2197
3426
3279
-3068
-4902
902
3942
-1746
-6635
-2229
3169
-989
-7709
-4448
3661
2329
-6109
-6795
1050
3555
-2362
-4709
660
3200
-1821
-4575
684
4756
733
-3152
359
3902
748
-2024
1421
4204
964
-2251
-157
2433
768
-1369
213
1440
-1609
-3964
-1212
1370
-1524
-4038
-1886
-630
-3220
-4651
-1399
493
-2269
-3771
-833
2128
190
-2241
116
3462
3707
2172
2157
2474
1989
4201
7539
6538
1535
155
5073
7891
4562
1236
2756
4723
2234
-366
1696
4006
828
-3355
-1433
2694
807
-4308
-3700
965
610
-4522
-5844
-1649
684
-2108
-5384
-5082
-2755
-1447
-1728
-3275
-4493
-4324
-2438
-1098
-2549
-3775
-2586
-647
-2238
-4716
-2144
2220
1714
-3452
-4089
1139
3663
617
-1862
1130
4045
2130
-912
52
3838
4780
1730
-721
1083
4063
3424
662
838
3756
3952
341
-1341
2338
5842
2621
-2945
-1703
4267
4251
-1994
-3688
1608
3876
-1866
-5619
-855
3493
-703
-6375
-2841
3079
-88
-6503
-4346
3224
2545
-4874
-5442
1046
3139
-2125
-3891
1180
3238
-815
-3240
907
3830
921
-1210
1120
3212
503
-1107
1848
3609
1095
-1208
519
1418
-551
-744
1371
682
-3246
-3871
-506
347
-2575
-3610
-1584
-1761
-4504
-4328
-498
622
-2744
-3967
-516
2004
-711
-2667
1100
5053
4063
270
-49
2575
5168
6882
6150
3283
617
2545
6548
7110
3873
1311
2343
2743
1331
698
2459
2550
-1485
-2933
703
2733
-1550
-5004
-1323
2674
-574
-6636
-5901
412
1874
-4301
-8399
-4284
863
-683
-5226
-5564
-2614
-1037
-1634
-2390
-2248
-1920
-1631
-1357
-1950
-1925
638
2130
-1061
-4620
-2086
4007
4225
-2040
-3988
1987
5481
617
-3202
1914
7525
3491
-3480
-1467
5890
6019
-687
-2001
4231
6097
-1030
-4800
2581
9196
2966
-6488
-3836
5471
6079
-1976
-4791
977
3749
-1626
-5190
210
4210
-1104
-6847
-2886
4668
1750
-6580
-5143
3290
4508
-3162
-6574
-473
4041
68
-3822
-464
3286
204
-3773
-675
3953
2123
-1764
-1009
2369
1948
-797
-442
2195
2692
-502
-1702
131
823
-266
-679
59
-1370
-2962
-2523
-1098
-780
-1702
-1946
-2655
-3415
-3489
-1746
241
-357
-1456
-1085
123
-247
-583
2028
5122
4580
984
-526
2241
6522
8421
6406
2173
263
2740
6500
7253
3948
904
1139
2423
1598
1013
2423
2442
-586
-3377
-415
3169
76
-5146
-3850
1989
427
-7052
-7904
-189
2534
-5650
-10879
-4681
3066
-95
-7738
-7120
-1047
772
-2731
-3450
-427
338
-1606
-2735
-1128
738
1817
1940
-868
-3681
-1837
4119
5623
-155
-3171
1409
5629
1422
-2854
2437
8466
3673
-5265
-2676
7174
7290
-1617
-3344
4304
5563
-3063
-5736
3636
8984
28
-9102
-3873
6128
4025
-5487
-5631
2537
3012
-5444
-7041
1496
4792
-3041
-8105
-1759
4448
-223
-7109
-3624
4533
3648
-4244
-5565
1366
4185
-383
-2946
706
3467
19
-2779
210
4094
3166
-398
-102
2502
2512
661
671
3131
3163
209
-1495
-452
1504
1163
-388
-1397
-2056
-2574
-2775
-1561
-338
-1083
-3453
-4655
-3710
-1657
-347
-1128
-2176
-2373
-998
-345
-809
442
3319
5313
2832
-625
322
5451
9389
7655
3651
1786
3135
5450
6733
6416
4337
2141
1560
2170
2624
2846
2182
486
-1523
-1557
535
900
-1404
-3662
-2113
-316
-3480
-6863
-3986
1028
-1797
-9576
-10020
-1689
2624
-3153
-9268
-6935
-960
-1109
-4214
-3121
319
-77
-4205
-4498
-501
2966
2945
-180
-2625
-2334
1897
5801
3579
-776
-410
4252
4276
-714
-348
5824
7137
-644
-4874
1667
7519
2594
-4352
-83
6692
2272
-6497
-3521
7137
6332
-4799
-8024
1198
6139
-2043
-7741
-945
5250
-1465
-9499
-3806
4928
1234
-7733
-5934
3046
2451
-6384
-7058
2490
6069
-1952
-7355
-1420
4832
1550
-2654
260
4032
1580
-1913
677
4241
3747
1667
1321
2265
1159
944
2647
3555
2618
79
-405
-886
-1231
912
3108
1139
-4604
-5040
-1228
508
-824
-2148
-1342
-3021
-5699
-4334
147
1545
-2012
-3777
-1001
1092
-765
-1223
3082
6131
3654
-93
321
4086
7609
8255
5942
2983
1249
3884
7641
6729
3472
1954
3216
2611
579
1777
3745
2162
-2645
-3323
1224
2628
-1722
-5117
-2463
597
-2282
-6955
-5836
-596
-288
-6613
-10447
-5653
284
-1168
-6651
-8142
-4176
-1958
-3069
-3391
-2385
-743
-1637
-3865
-3466
123
4237
3205
-1556
-3926
-265
5761
5377
832
-5
4029
5637
569
-1201
4468
8569
3864
-3490
-1288
6331
6534
-867
-3102
3741
6164
-1694
-6405
1095
7981
1596
-7670
-4209
5060
2885
-6907
-6433
3665
4538
-6717
-10651
-168
6166
-2468
-9722
-2731
4545
-1782
-9448
-3184
6780
3079
-7633
-6640
3686
5529
-1864
-2896
3787
4491
-1876
-2800
3638
6143
1701
-1044
1538
2854
480
274
3323
4139
473
-1303
279
278
-708
570
3024
-161
-5225
-3917
-137
197
-2540
-2685
-1301
-3695
-6435
-3803
1270
1074
-3264
-3618
285
533
-2371
236
6829
6931
230
-2199
3112
8159
7919
5463
4029
3288
3328
5252
7289
6092
2773
1605
2689
2246
345
680
2072
7
-3336
-2039
1445
-347
-5168
-4201
856
244
-6132
-8095
-2179
1613
-3853
-9792
-6908
-1058
-1383
-5903
-7043
-4224
-2896
-3791
-3495
-1881
-1359
-2151
-2747
-2128
-358
1978
2927
438
-2281
-1011
3799
6060
2509
-233
1869
4911
3499
346
2572
7104
5513
-991
-2185
4049
7941
2770
-2655
1163
6107
2568
-3660
-1129
5790
4201
-3918
-5606
1907
5052
-2320
-7471
-1847
3790
-1338
-7992
-4178
2721
-297
-7781
-5544
2838
1978
-7200
-8027
1655
5407
-2052
-7124
-1487
4179
993
-3214
-668
3910
2247
-2000
-755
3082
3354
759
560
2219
1352
-119
611
2685
3050
1214
154
-508
-1060
-179
1859
2003
-1361
-3737
-2646
-1114
-1331
-1359
-1115
-2528
-4556
-4396
-1524
-141
-1073
-1259
34
322
-2102
-2036
2966
6935
4886
-131
-517
3743
7247
7810
6028
3934
2713
3623
5916
6217
4689
3238
2864
2429
1019
1096
2320
1980
-583
-2235
-395
476
-2270
-4621
-2553
713
-1829
-7353
-7152
-1486
-234
-6421
-9929
-5031
169
-2257
-7618
-7621
-3136
-971
-2858
-4288
-2943
-1521
-2348
-3556
-2408
703
2930
1921
-1508
-2891
1049
6306
5774
552
-752
3783
5978
2248
312
5050
8604
3584
-2905
-111
7750
7740
103
-2126
3896
5830
-894
-3927
3231
7956
649
-7315
-3089
5269
3222
-5167
-5330
1771
1930
-5972
-7563
465
3548
-4195
-8787
-2041
3427
-2474
-8675
-3568
4200
1616
-5904
-5121
1899
3397
-1488
-2526
2148
3731
-466
-2205
1767
4053
2206
316
1377
1702
260
755
2138
3010
1094
-432
-197
-658
-471
415
1816
-368
-3688
-2963
-986
-709
-2138
-1690
-972
-3115
-5307
-3878
2
263
-2578
-2725
49
367
-2490
-1209
3944
6403
2955
-1581
361
5542
8656
6642
3381
3178
4066
5935
6139
5457
4754
3880
2969
1349
2152
3760
2877
-497
-2547
-407
1911
-12
-4325
-4556
-689
71
-4701
-7382
-3317
152
-3872
-9750
-7796
-1004
219
-5396
-8828
-5968
-2208
-2322
-3938
-2985
-1751
-2248
-3990
-3408
-96
2313
2949
120
-2554
-2071
2690
7283
4474
-261
9
5101
5225
-26
1142
8111
8691
-686
-5020
3036
10086
4391
-3209
319
6672
3188
-5238
-1858
8044
6270
-5147
-7904
2571
6436
-3128
-8477
-745
4982
-2859
-10240
-3731
4941
35
-9296
-5942
3706
1703
-8191
-7263
3389
5491
-3597
-7509
-179
5452
1263
-3283
338
4735
1632
-2916
-372
4737
4194
355
-72
1824
1629
885
1777
2743
1532
-26
196
-161
-914
-155
1463
644
-3087
-4178
-1551
-197
-2054
-3165
-1768
-2387
-5218
-4853
-983
126
-2863
-3505
-251
1712
-737
-2448
1219
5383
5122
1437
367
3225
6424
8006
6477
3808
2520
4415
7115
6419
4006
3066
3734
2738
609
1170
3246
2119
-2136
-3234
554
2693
-1195
-5674
-4248
-194
-990
-5934
-7067
-2612
-243
-4569
-9152
-6675
-819
-291
-5298
-8138
-5475
-1998
-1870
-3322
-3173
-1827
-1613
-2789
-3000
-530
2743
3073
-218
-3123
-1273
4237
6826
3036
-923
1830
6380
4064
-863
2034
9229
7750
-1606
-3837
4809
9705
2777
-3535
1604
7600
1947
-5878
-901
8808
5295
-6870
-7732
3288
5834
-4282
-8945
-636
4884
-3259
-10129
-3571
4292
-492
-8967
-5070
3676
985
-7980
-6291
4029
5207
-3885
-6826
713
5146
281
-3258
991
4744
1223
-2567
169
4122
3177
679
1548
2004
-84
-182
2724
4005
1033
-873
-307
-575
-1430
-245
2362
383
-4435
-5156
-1451
462
-1985
-3146
-2077
-2959
-5366
-4255
81
878
-2185
-2704
205
566
-1894
-182
5862
7408
1616
-2134
2351
8563
8830
4878
3253
4034
4708
5341
6124
6091
3772
2072
1953
2080
2307
2521
2294
-524
-2697
-1079
1148
-384
-4131
-3662
-858
-2388
-7051
-6811
-1208
-24
-6102
-10292
-6367
-731
-1323
-5965
-7353
-4501
-2701
-3705
-4003
-2152
-1055
-2157
-3412
-3034
-794
2287
3388
715
-2287
-664
4181
5784
2652
822
3627
5665
2626
23
3902
8940
6328
-836
-1788
4367
7353
2928
-928
1649
4251
480
-3431
371
6184
2972
-5457
-5724
1970
3523
-3822
-6818
-642
3004
-3932
-9148
-3358
2946
-875
-8249
-5050
2229
35
-6912
-5459
3606
4537
-3538
-6143
369
4658
788
-2117
1613
4190
617
-1962
1183
4737
2801
249
2079
2650
280
-449
2839
4992
1157
-1683
-733
148
-219
-722
1051
12
-3805
-4480
-2081
86
-1944
-3554
-2693
-3065
-4684
-4415
-473
800
-2192
-3235
-423
924
-1268
-156
5532
6970
582
-3295
2968
10776
9423
2796
1268
4719
6541
5757
5532
5712
4314
2290
1805
2731
3273
2440
571
-1109
-1206
117
374
-1966
-3985
-2328
-89
-2872
-7752
-6118
546
636
-7662
-11417
-4512
1612
-2384
-8693
-7298
-2295
-2222
-5146
-4387
-1053
-829
-3612
-4515
-1926
1344
2642
1414
-1066
-1773
1287
5120
4734
1182
758
4293
5145
1427
575
5835
8693
3236
-2462
530
6817
6220
803
10
3786
3636
-1244
-2034
3598
6027
-181
-5893
-2162
4128
1656
-5566
-5118
1564
1552
-6004
-7709
-96
3254
-3955
-8676
-2177
3362
-2731
-9258
-3610
4906
1918
-6444
-5598
2245
3796
-1513
-2196
2890
3558
-1455
-1935
3661
5665
1499
-453
2530
2926
120
-106
3627
4854
605
-1452
-61
552
-789
-467
2008
-90
-4708
-4778
-857
376
-2388
-3280
-2035
-3219
-5568
-3524
964
922
-2752
-2986
256
586
-1110
1455
6327
5183
-1127
-2184
4791
10113
7363
2430
1973
4069
5132
5902
6434
4617
1919
1901
3341
2833
1516
1794
1622
-779
-2008
29
965
-2091
-4333
-1959
-124
-3939
-7890
-4535
1049
-1503
-9188
-9422
-1772
966
-5096
-9185
-5441
-1617
-3363
-5542
-3443
-923
-2104
-4144
-3491
-777
1622
2424
787
-1950
-2045
2063
6005
4425
1282
1739
4449
3877
605
3046
8446
7853
588
-2900
3307
8178
4799
31
1611
4997
1908
-2878
-414
5891
4874
-3002
-5779
181
4228
-517
-5689
-2565
2762
-523
-8158
-6833
1669
2650
-5567
-8554
-1863
1491
-4356
-8052
-1937
3723
-676
-7317
-4513
2988
2738
-2443
-2252
3129
3104
-2021
-1403
3958
5642
974
-1004
2248
3448
1832
147
1962
3440
1612
196
-293
579
730
752
1013
-1763
-3407
-2261
-546
-838
-2597
-1927
-2143
-3840
-4380
-2049
887
-616
-3009
-2039
416
-112
-1469
1758
5657
4072
-828
-1260
4434
9257
7536
2386
789
3315
6047
6793
6125
4481
2296
2395
3308
3163
2609
1717
903
-1288
-1797
257
506
-1997
-4283
-2274
-367
-3629
-7072
-4541
399
-1526
-8599
-9756
-2971
1222
-3259
-8778
-7380
-2390
-1603
-4112
-4249
-1912
-930
-3189
-4327
-2125
1388
3588
1161
-2550
-2615
2228
6575
4184
623
1468
4564
3825
-269
1614
7955
8257
452
-3931
2932
8937
4814
-1421
373
6256
3765
-3262
-2135
5953
7359
-2554
-7347
521
6629
401
-8135
-3560
5146
1546
-8729
-8719
1840
3926
-5880
-9929
-1673
3447
-4112
-9902
-2313
5961
457
-8701
-5552
3929
3989
-2969
-3123
3083
3681
-1927
-2306
3242
5666
1797
-1197
1097
2591
1905
1679
2345
2056
188
573
1043
-347
-183
1597
1881
-2421
-4956
-1739
834
-668
-3665
-2319
-1334
-4284
-5341
-1657
2020
-1219
-4371
-2135
1429
587
-2165
890
5187
4934
370
-355
4488
7174
6534
4772
3886
2737
3107
6491
7888
4600
987
1998
4414
3408
937
1338
2562
352
-2438
-913
2051
-114
-4832
-4103
213
-908
-6494
-6669
-1154
-181
-6339
-10045
-5742
-404
-1718
-6625
-7687
-4837
-3019
-3224
-3037
-2478
-2503
-2793
-3408
-3628
-1424
2626
3383
-1128
-4783
-1055
6030
7113
2099
-520
3428
5534
2061
734
5195
9024
4012
-2175
399
6997
7519
1166
-721
3883
5366
459
-2360
2558
6642
1673
-5265
-2978
4028
3306
-4786
-6386
994
3597
-3830
-9294
-3085
3283
-1141
-8094
-5452
1638
-938
-8165
-6267
3113
4664
-4370
-8481
-1434
5199
1825
-3414
-941
3906
1739
-3140
-1222
4515
5587
1214
-872
814
2321
2578
2208
2618
2104
948
43
-980
-433
1267
2235
87
-3781
-4230
-1661
128
-439
-2035
-2965
-4004
-4675
-3330
-798
55
-1859
-3274
-1696
319
-26
-527
1619
4300
3645
677
507
4681
8680
7927
3860
1517
3379
6860
7896
5474
2835
3077
3858
2882
1770
2425
2852
701
-1786
-1651
1415
1705
-2855
-5333
-2621
61
-3152
-7562
-5265
-27
-1142
-7981
-10066
-3585
1516
-2453
-8435
-7897
-2889
-1683
-4494
-4377
-1902
-1026
-3210
-5355
-3028
1713
3509
460
-3366
-2925
1904
5546
4031
687
620
3923
4901
1815
1644
6868
8761
2529
-2310
2414
8653
5839
-705
439
6089
4628
-2543
-2586
5128
6348
-2144
-6562
335
5867
-420
-7928
-3956
4213
714
-8820
-7431
1950
3062
-6001
-8500
68
3161
-5076
-9164
-863
5815
-12
-7645
-4261
3830
3613
-2879
-3323
2858
4041
-1436
-3233
1812
5288
2714
-327
374
1789
1632
1394
1977
3000
2059
-186
-984
-909
-38
1231
1353
-1176
-3913
-2999
-685
-304
-1561
-2200
-2355
-3389
-3726
-2056
-288
-775
-2227
-1825
145
666
-860
-758
2494
4991
3631
911
1006
4384
7571
6864
3386
2012
4293
6252
5332
4172
3968
3610
2315
670
1624
3950
3167
-815
-2910
124
2321
-596
-3853
-3215
19
-374
-5135
-6971
-2981
379
-3218
-8627
-7581
-1505
357
-4445
-8380
-5917
-1113
-1610
-4269
-3693
-1453
-1708
-4426
-4447
-1294
2417
2648
-1043
-3607
-1882
3047
5625
3260
-219
648
4565
4431
761
1431
6819
7296
569
-2712
3179
8453
4161
-1865
951
6572
3198
-4103
-1706
7017
6434
-3504
-6465
1658
5695
-1594
-6721
-776
4132
-2036
-8139
-2857
3871
-484
-8203
-5611
2343
1255
-7194
-7859
1095
4377
-2675
-7220
-2001
2966
-1
-2771
314
3477
1137
-2228
-238
3315
3346
1043
498
1986
1536
70
680
2794
3293
1098
-476
-925
-858
575
1948
1026
-2057
-3520
-2327
-1188
-962
-919
-1119
-2734
-4754
-4080
-880
822
-691
-2408
-1368
315
-652
-1463
1254
4655
4543
1238
-563
2155
6400
7822
5589
2384
1814
4037
5975
5416
3576
3397
3803
1888
46
1451
3507
1897
-2145
-2493
1451
2417
-2043
-4976
-2078
953
-1860
-6499
-5621
-480
349
-5696
-9406
-4706
576
-1403
-6675
-7629
-3805
-1054
-2277
-4059
-3415
-1851
-2080
-3708
-3416
-157
2672
1626
-2199
-3622
392
5496
5316
884
-771
2778
5499
2824
132
3487
7775
4627
-2325
-1641
6263
7993
697
-2499
3377
6433
-147
-4732
2585
9846
2949
-7550
-4290
6020
5144
-4739
-6239
1839
3247
-5188
-7883
98
3936
-3897
-9457
-2215
4499
-2027
-9544
-3998
4871
2315
-5983
-5257
2163
2717
-2444
-2336
2884
3626
-1247
-2402
1654
3820
2024
340
1611
1881
79
543
2781
3373
1026
-114
669
-521
-1468
454
2786
464
-3756
-3276
-389
-252
-2018
-1546
-766
-3100
-5672
-3610
414
231
-2458
-2274
894
526
-2941
-1479
4416
6516
1604
-2238
664
5373
7149
6066
4331
2521
1725
4189
7091
6397
3263
2205
3087
1795
674
2268
3312
990
-2540
-1415
2033
673
-3657
-4075
238
1135
-4336
-7867
-3939
1178
-1495
-7781
-7333
-1504
53
-4512
-7841
-5785
-1827
-1255
-3400
-3641
-2043
-1564
-2444
-2788
-1669
640
2528
1041
-2740
-3269
2206
6803
3596
-1783
-1193
4135
4955
124
0
6340
8218
396
-5120
1347
9218
5750
-2356
-1054
6036
4849
-3078
-2722
6269
7622
-2369
-7364
423
6725
764
-6746
-2902
3739
53
-7627
-5625
2712
1733
-6610
-7108
759
2734
-5034
-8039
-498
4843
-417
-6565
-3308
2782
1635
-2646
-1112
3172
2267
-2175
-1715
2737
3546
878
-245
1443
1513
-68
726
2905
3259
1193
-176
-109
-263
436
2585
2938
-716
-3969
-2537
219
-385
-2096
-1367
-1199
-4213
-5769
-2206
1420
-251
-3292
-2134
526
-584
-2771
-180
4878
5285
375
-1900
1566
5500
6166
4523
3582
2696
2076
3717
6160
6424
3627
1757
2441
2579
1486
1738
2729
1083
-1705
-1106
1727
741
-3155
-3983
-595
528
-4017
-6819
-3384
991
-1728
-7732
-7414
-2179
-20
-4131
-7124
-4836
-1760
-1666
-3269
-3031
-2120
-1939
-2039
-2303
-1989
101
2737
1413
-3360
-4032
2298
6949
2805
-2962
-346
6255
5272
-1147
-448
7357
8428
-317
-4369
3390
9677
3857
-3388
564
7550
3662
-5012
-2820
7061
7358
-3167
-7331
914
6631
221
-6638
-2590
3639
17
-6948
-4778
2099
956
-5956
-6060
485
1384
-5237
-7352
-568
3966
-813
-6048
-3102
2229
1481
-2066
-1253
1882
1307
-1482
-921
2226
2908
1111
804
2013
1685
428
1290
3507
3637
1512
-88
-286
-245
170
1489
1694
-964
-3610
-2765
-458
-344
-1395
-1482
-2159
-4279
-4606
-1759
375
-880
-2478
-1386
68
-961
-1878
826
4572
4480
1460
269
1931
3978
5550
6716
5671
2113
347
3419
7257
6392
2483
1224
2943
2995
784
708
2985
2250
-1763
-2548
1046
1809
-2592
-4652
-873
1435
-3099
-7675
-4521
1419
-61
-7136
-8610
-2794
910
-2933
-7253
-5715
-2490
-2086
-3781
-3889
-2503
-1752
-1854
-3141
-3398
-637
2803
1969
-2986
-4202
1741
6720
3148
-2511
-113
6206
5071
-1300
-495
7215
8375
-57
-4158
3163
9168
3480
-3364
895
7735
3726
-4503
-2026
7218
7126
-2689
-6382
1191
6417
833
-5570
-2685
2738
552
-5205
-4570
664
869
-3724
-4953
-623
1198
-3150
-6058
-2413
2749
757
-4731
-4565
281
2219
-1052
-2366
166
1789
161
-1741
-164
2057
2234
1154
639
673
-34
662
2641
3086
1516
-393
-571
-243
149
1324
1584
-115
-2678
-3127
-1156
339
-39
-1472
-2678
-3613
-3908
-2533
-412
-153
-1459
-1614
-893
-1154
-1088
1304
3923
3871
1990
687
1007
3007
5884
7316
5275
1303
139
3713
7372
6115
2285
1448
3109
2595
300
767
3281
2280
-2040
-2832
1105
2336
-2096
-4614
-745
2019
-2699
-7969
-4613
2099
510
-7645
-9424
-2425
1759
-2682
-7667
-5740
-1985
-2150
-4209
-3744
-1338
-1141
-2462
-3555
-2479
501
2548
1372
-2974
-3875
1134
5872
3522
-2079
-567
5358
4959
-1230
-1154
6295
7767
56
-3934
2596
8312
3574
-2839
634
7192
3634
-4541
-2478
6822
7336
-2124
-6330
485
6238
1540
-5305
-3227
3006
1919
-4705
-5090
574
1915
-3239
-6045
-1306
2101
-2237
-7036
-3488
3427
1973
-4724
-5216
578
2749
-1203
-2985
660
2968
-80
-2564
170
3549
2648
383
646
1598
1173
1179
2769
3370
1933
289
44
440
572
1174
1273
-14
-2128
-2798
-1493
-410
-408
-1220
-2082
-3529
-4121
-2600
-585
-366
-2013
-2241
-1495
-1121
-909
245
1974
2133
1705
1231
783
946
3305
6589
6332
2286
-426
2703
7176
6665
2602
1551
3869
3502
772
860
3982
3537
-1178
-2907
972
3696
-260
-4366
-2052
2144
-143
-5891
-5553
-136
1014
-4737
-8305
-4824
-60
-815
-4963
-6121
-4205
-2271
-2608
-3449
-3101
-1991
-1384
-2892
-3880
-1812
1977
2461
-1842
-4367
-861
4282
3914
-534
-1052
3017
4437
892
-706
3583
6577
2713
-1726
458
5568
5117
403
-363
3493
4609
276
-1993
2088
5633
2490
-2744
-1925
2982
3447
-1475
-3959
-45
2895
-1106
-5494
-2951
1874
323
-4812
-4275
191
-217
-5090
-5138
1054
2948
-2649
-6012
-1669
2789
316
-2894
-358
2855
653
-2986
-739
3942
3549
-317
-1297
1418
2185
583
707
2534
2772
241
-1139
-375
563
894
766
275
-1673
-2896
-1675
155
232
-1471
-2420
-2608
-3010
-2785
-1266
264
-374
-2184
-2016
-195
518
-96
569
2972
3505
1251
-426
1424
5304
6789
4782
1698
985
3207
5714
5921
3483
1643
2077
2748
1968
1243
2247
2170
-364
-1827
175
2259
-454
-4143
-2962
804
36
-5422
-6098
-734
1781
-3641
-8952
-5366
1019
797
-5224
-7101
-3505
-1238
-2529
-3677
-1863
-1186
-2490
-4056
-3575
-792
1528
1648
-1804
-4339
-1848
3480
4815
188
-2162
1514
5030
2213
-1419
2012
6707
4114
-2178
-1368
5682
6774
902
-1420
3536
6280
865
-3030
1846
7332
3388
-4329
-3265
4110
4971
-1939
-4753
442
3344
-1790
-6119
-2122
2877
41
-5353
-3686
1581
137
-5916
-5489
1408
3131
-2929
-6270
-1994
2184
55
-2463
-451
1609
-127
-2497
-416
2689
2073
-42
-153
1254
786
-165
1256
2991
2210
283
110
568
-20
189
1918
1614
-1873
-3807
-1757
507
-53
-1542
-1958
-2474
-3383
-2839
-470
870
-358
-1733
-1266
-102
-442
-155
2236
4050
2711
-462
-324
2968
6363
6952
4189
1389
985
4015
6426
5433
2876
1515
2252
2126
1040
1254
2589
1661
-1725
-2121
1211
1929
-2210
-4295
-708
1764
-2197
-6509
-3782
1470
97
-6460
-8113
-2368
1680
-1903
-6922
-5997
-1973
-1319
-3356
-3478
-1729
-1380
-2856
-3885
-2892
-122
2123
765
-3346
-4422
246
4817
3067
-1544
-1194
3305
3905
-290
-831
4660
6852
972
-3518
1261
7570
5216
-1038
-241
5503
5175
-1132
-1989
4833
7449
363
-5216
-311
6100
2602
-4733
-3235
3795
3097
-4644
-6059
858
3219
-3319
-6954
-1489
2278
-3151
-7680
-2352
4020
499
-6393
-5004
1303
1599
-2780
-2351
2053
2173
-2464
-3078
1327
3406
1397
-468
636
898
95
979
2823
2944
532
-391
42
25
-56
1497
2786
-179
-3484
-2824
551
1142
-1132
-1750
-1607
-2669
-3732
-1698
1224
576
-1840
-1853
-95
-289
-1143
1111
4565
3755
-455
-1546
2153
5966
6393
4369
1927
813
2348
5326
6299
3836
881
754
2256
2086
954
1570
2176
-136
-2314
-360
2164
30
-3626
-2618
748
-618
-5525
-5644
-137
1679
-4291
-9162
-5207
1309
513
-5282
-6859
-3334
-1221
-2520
-3497
-2411
-1301
-1905
-3438
-3603
-1139
2094
2375
-1338
-4658
-2311
3724
5419
876
-1913
1615
4626
1467
-1509
2626
7808
4625
-2589
-2058
5320
7322
1464
-1232
3671
6286
658
-3655
1748
8244
4269
-4468
-3938
3984
4951
-2676
-5266
1239
4338
-2141
-7354
-2254
3443
-444
-6644
-4372
2046
-257
-7472
-6192
2196
3875
-3938
-7465
-1611
2869
-465
-3328
-151
2662
-194
-3522
-774
3096
2699
-246
-600
1373
1031
80
1019
3134
2704
102
-717
-253
317
1068
2130
1213
-1897
-3158
-1379
453
225
-635
-1279
-2597
-3885
-2717
200
760
-1398
-2072
-233
202
-1429
-713
3201
5078
2173
-1009
343
4414
6304
5138
3435
2311
1834
3085
5528
5838
3082
983
1785
2815
2049
1505
2215
1569
-955
-1600
894
1830
-1489
-4186
-2003
805
-1673
-5821
-4355
401
-425
-6411
-7806
-2327
1426
-2387
-7039
-5945
-2153
-1297
-3638
-4040
-2445
-1570
-2723
-4285
-3054
11
2583
1178
-3058
-4235
40
5124
3767
-960
-1245
2746
4040
423
-32
5134
7263
1581
-3544
1277
8317
5993
-848
-533
5584
5263
-1581
-2363
4999
7742
-112
-5891
-280
6351
2360
-4956
-2710
3741
1999
-5553
-5778
1659
2915
-3810
-6817
-1026
2389
-3296
-7324
-2622
3250
230
-6073
-4971
754
2002
-2053
-3010
470
1683
-1002
-2358
344
2819
2061
258
-42
564
784
1088
1799
2174
1658
911
24
-808
164
2085
2089
-905
-3258
-1932
-377
-626
-1230
-718
-910
-3373
-4189
-1747
620
0
-1617
-1083
-145
-1068
-1548
1500
5250
4455
-7
-1736
1930
6496
7179
4301
1615
1559
3613
5505
5482
3840
2515
2502
2509
1979
1998
2471
1232
-1307
-1770
424
1240
-1638
-3970
-2477
317
-959
-4986
-4980
-1140
237
-4543
-8186
-4696
444
-149
-5723
-7400
-3908
-1151
-2048
-3632
-2329
-980
-2022
-3984
-3567
-292
2398
1654
-2036
-4318
-1801
3189
4649
1364
-985
1156
3464
1467
-548
3038
7718
4960
-2388
-2889
4545
7998
2449
-1746
2444
6131
1307
-3523
1409
8317
4655
-4418
-4272
3980
5492
-2218
-5237
1339
4454
-2688
-7698
-1603
4457
-537
-7441
-3934
2875
-188
-7725
-5610
2933
2946
-5175
-7019
-143
3205
-1250
-3782
128
2852
-120
-2744
-605
2369
2319
735
451
353
141
1264
2595
2442
740
455
1067
-255
-1083
1029
3132
449
-4038
-3503
177
604
-2064
-2268
-479
-1810
-4768
-3697
809
1198
-2493
-3265
-333
891
-1718
-1305
3342
5461
1989
-1731
737
5637
7611
5443
2695
2085
3294
5671
6167
4762
2971
2737
2867
1386
1250
3008
3210
-431
-3234
-876
2345
719
-3652
-3854
-112
354
-4300
-6279
-1868
1281
-2783
-8099
-6814
-1332
508
-3336
-6608
-5554
-2836
-2158
-3213
-2874
-2209
-2438
-3240
-3739
-2289
563
2598
624
-3633
-3753
1334
5221
3105
-636
102
3255
2967
194
1315
6101
6628
560
-2848
2196
7579
5106
-401
755
5243
3414
-2023
-1045
6358
7229
-1358
-5811
453
6509
1740
-5105
-2164
3990
1132
-6340
-5002
2687
2647
-5265
-6977
55
2297
-4683
-7962
-819
4604
-941
-7424
-3964
2782
1822
-3147
-2556
1854
1813
-1951
-1895
1582
2814
1072
331
1157
316
-399
1240
3072
2438
188
-121
264
-559
-461
1498
2568
-795
-4242
-2756
262
368
-1783
-1745
-1550
-3541
-4338
-1655
1371
-490
-3148
-1981
678
7
-1842
936
4886
4695
561
-859
2341
6233
7505
5327
2897
1668
3323
6142
6859
4480
1869
2641
3226
1797
993
2948
3288
-1050
-3579
-463
3015
-77
-5038
-3457
914
-392
-6003
-6388
-269
1848
-4720
-9882
-5653
1112
419
-5677
-7673
-4298
-1801
-2390
-3084
-2345
-1925
-2689
-3402
-3211
-1424
1554
2424
-667
-4193
-2644
3517
6066
1439
-2251
1102
5138
2512
-1579
1785
7968
5550
-2700
-3166
5244
8584
1932
-2150
3309
7111
1037
-4410
1313
9086
5058
-5135
-5340
3721
6189
-1297
-4944
590
3316
-2880
-6792
-1051
4064
-918
-7690
-4628
2441
636
-6566
-6004
1394
3015
-3397
-6711
-1765
2775
425
-3008
-1476
1388
497
-1743
-797
1821
2012
498
364
1019
618
370
1594
2730
2135
572
-64
256
304
622
1732
1336
-1461
-3235
-1865
194
174
-936
-1769
-2784
-3444
-2428
-273
184
-1069
-1680
-564
247
-1164
-888
2540
5106
3210
-838
-472
3925
6865
5975
3621
2339
1962
2812
4886
5846
4045
1684
1195
1801
2070
2283
2536
1226
-1482
-2276
204
1863
-781
-3956
-2604
221
-1669
-5925
-4878
404
657
-5894
-9211
-3779
1598
-1275
-6852
-6466
-2648
-2001
-3632
-3144
-1270
-1490
-3007
-3544
-2042
4
1298
1189
-1467
-3185
-819
4014
4638
47
-1447
2332
5029
1507
-1410
3095
7785
4049
-3084
-1236
6539
6708
-134
-1187
4955
5524
-1501
-3230
4560
8759
1329
-5659
-1660
5422
3436
-3690
-3469
1718
1497
-3976
-4982
216
1376
-3733
-6014
-1389
1787
-2425
-6536
-3120
2273
1115
-3859
-4593
-515
1376
-495
-1945
-795
902
265
-592
-304
1029
1880
1347
882
237
278
985
2226
2887
1455
-39
-717
-464
301
1154
1518
-282
-2318
-3023
-2104
-128
283
-1027
-3157
-3757
-3122
-2154
-492
-194
-879
-1504
-1089
-1240
-1362
1335
4734
4994
761
-1737
1341
6853
8558
4924
1698
1634
4133
5600
5259
4588
3739
2915
1401
937
2315
3571
2223
-1123
-2191
43
1509
-872
-3709
-2547
276
-1110
-5746
-5863
-414
1640
-4033
-9149
-5748
789
570
-5741
-8440
-4207
-472
-2133
-4682
-2958
-884
-2129
-3915
-3195
-195
1634
1291
-1406
-3507
-1229
3209
4922
1147
-1939
726
4568
3061
-1162
1319
7622
6285
-2090
-3630
5161
9483
2279
-3440
2041
7502
1804
-5023
452
9769
5993
-5916
-6613
4339
7661
-1733
-6576
791
5120
-2513
-7973
-978
5449
-737
-8439
-4246
3328
268
-7468
-5550
2722
2923
-4775
-6970
-872
2617
-764
-3029
-375
1123
-1187
-1818
1034
2338
727
266
1664
1335
-351
470
3238
3359
883
165
1298
791
-1114
216
3005
1430
-2574
-3181
-121
312
-1910
-1459
28
-1961
-5560
-4054
837
949
-3068
-3459
436
1204
-2130
-2295
2320
4641
2068
209
1689
3166
3495
4921
6194
4059
722
1486
5714
7220
4136
1550
2428
3204
1726
1425
3405
3090
-862
-2815
174
2885
536
-3325
-2935
91
-242
-3989
-5190
-2005
191
-2637
-6756
-6335
-2126
-108
-2857
-6167
-5901
-3156
-1430
-1980
-3410
-3390
-1820
-1830
-3371
-3086
327
2495
-375
-3919
-2964
2354
5166
1402
-2364
105
5041
3904
-1118
-203
6021
7012
525
-2597
2939
7701
3609
-1798
1138
6750
3934
-3141
-1541
6627
6932
-2036
-5077
1896
5883
-3
-5446
-701
4699
567
-6269
-4330
2295
1072
-5039
-4790
617
360
-5181
-5747
405
3138
-2142
-5924
-2751
1682
324
-2836
-1259
1316
412
-2321
-1564
1386
2193
1458
322
-361
-529
808
2988
3164
1766
53
-341
-121
-281
1219
2922
1737
-2566
-3962
-561
1384
173
-1225
-757
-1876
-4237
-3595
-81
1900
-753
-2925
-1736
293
-333
-1287
1289
4078
3675
248
-1050
1441
4801
6520
5104
2466
578
1486
4618
6544
5469
2700
1044
1154
2131
3035
3139
1711
-652
-1411
334
1739
-6
-2587
-1899
463
-490
-4329
-5069
-1189
1247
-2439
-7647
-6552
-1026
854
-3272
-6865
-4965
-1854
-1611
-3353
-3548
-1709
-1528
-3233
-4263
-2245
1463
2156
-930
-4292
-2508
2976
4334
317
-2510
1073
4532
1732
-2040
390
6417
5345
-1376
-2624
3840
7533
2488
-1186
3247
7183
2175
-3521
701
8438
6260
-3137
-4642
2841
6533
651
-4212
-324
3329
-353
-5065
-2410
2523
265
-4889
-4330
460
598
-4651
-5711
-745
2268
-1343
-5577
-3803
58
584
-1263
-1601
-367
-264
-1012
-894
108
917
1329
1198
192
-816
-58
2117
3000
1813
479
195
-150
-429
771
2438
1625
-1230
-2708
-1964
-468
128
330
-419
-2556
-3873
-2844
-129
173
-1241
-1114
-357
-945
-2302
-640
2340
3231
2353
1174
884
841
2647
6236
7478
4027
-850
153
5664
7722
4303
803
1880
2971
1602
983
2792
3569
-51
-2732
-836
2537
1136
-3383
-3434
384
986
-4317
-6566
-1788
2426
-1119
-7871
-7330
-1028
2173
-2132
-6977
-5554
-1564
-664
-3334
-4245
-1925
-389
-2152
-4700
-3315
996
2580
-1136
-4932
-2716
2623
4070
-55
-2517
968
4491
2445
-1982
276
6241
5540
-1346
-3363
3541
7263
2224
-2483
1570
6786
2843
-3358
-573
7932
7022
-2624
-5464
2648
7737
905
-5073
-881
4864
1271
-5396
-3231
3101
2466
-4526
-5558
952
2339
-4251
-7247
-796
4154
-771
-6432
-3975
1423
1368
-2653
-2394
1030
980
-1897
-2664
495
2327
1147
-69
-571
-57
795
2307
2753
1338
443
398
272
-340
596
2465
1674
-1489
-3001
-1276
161
-482
-816
-328
-1641
-4121
-3742
-466
1031
-921
-2337
-1446
-789
-953
-182
1390
1892
1355
1698
2406
1397
840
4205
8205
6213
-52
-1282
4461
8216
5077
992
1418
3309
2100
-2
1394
3670
1338
-3054
-2596
1872
2814
-1758
-4802
-1702
1923
-485
-5597
-5220
380
1878
-4060
-8725
-5105
1361
1240
-4649
-7083
-3408
-334
-1635
-3441
-2350
-574
-1428
-3889
-4076
-853
2270
1403
-2497
-4247
-885
3783
3497
-1244
-2684
1836
4543
783
-2328
1532
6400
3717
-2388
-1291
5236
5803
-172
-1627
4040
6012
-250
-3738
2657
8478
3440
-4495
-2552
5200
5396
-1646
-3594
1868
3776
-2010
-5463
-573
3830
-171
-5528
-3129
2083
406
-5325
-4792
1292
2524
-3075
-5922
-1874
1682
-371
-3032
-1309
738
-467
-2265
-1066
1744
1578
-225
-430
936
1368
247
598
1865
1680
150
-797
-250
588
1065
1066
294
-1139
-1899
-1095
97
225
-337
-790
-1786
-3022
-2579
-433
691
-583
-2223
-1938
-270
600
331
711
2320
3207
2026
295
366
2733
5495
5770
2808
-97
882
4601
6089
3764
1518
2161
3113
1696
330
1834
3294
733
-2823
-1614
2369
1751
-3163
-4138
470
2192
-2888
-6420
-2276
2405
-918
-7234
-6473
-215
1748
-2992
-6185
-4099
-1305
-1428
-2409
-1714
-1808
-2594
-2792
-2467
-1830
-712
1301
154
-3638
-3908
1026
5002
1200
-3937
-1419
4116
3288
-2198
-1475
5042
5714
-578
-3136
2397
6580
2558
-1983
778
5369
3183
-2021
-692
5378
5757
-507
-3245
1440
5261
2074
-2414
-1153
2603
1603
-2825
-3128
1211
2471
-1852
-4365
-868
1981
-1383
-5118
-2342
2314
726
-4521
-4811
-118
1781
-1228
-3081
-889
637
-1248
-2340
-25
1754
325
-1119
-190
825
299
165
1490
2095
622
-713
-22
953
594
540
1425
687
-1778
-2032
646
1787
-345
-1897
-916
-578
-2282
-2502
144
1359
-1174
-3084
-821
2058
1258
-850
133
2927
3369
1402
173
1036
3047
4740
4520
2117
173
1352
4270
5068
2834
1041
1856
2521
1083
458
2147
2308
-1046
-2768
549
3046
-279
-4256
-2400
2006
1137
-4174
-5152
-358
1661
-2565
-6078
-3426
561
-211
-3424
-4439
-3014
-1614
-1227
-1457
-2607
-3040
-1697
-1078
-2406
-2992
-118
2151
-737
-4630
-2951
2630
3428
-1476
-3513
911
4146
380
-3138
287
5140
3350
-2086
-1886
3022
4615
1006
-1080
2330
4451
1133
-2277
617
6062
5167
-769
-3269
1778
5895
2486
-2183
-650
3775
1661
-3278
-2425
2598
2777
-3164
-4672
305
2733
-2207
-5889
-1169
3403
-104
-5740
-4171
1264
1343
-2450
-2746
154
414
-1951
-1792
773
1218
-292
-416
525
12
-653
837
2317
1056
-836
-125
1069
121
-747
798
2004
-428
-2853
-1319
1194
433
-1687
-867
199
-2006
-3900
-1640
1531
45
-2975
-2046
779
1012
-1252
-812
2029
3450
2704
1197
913
963
2889
5796
5616
1582
-1602
1722
6167
5429
1674
863
2859
2260
425
1001
3027
2084
-1556
-2143
1104
2277
-1333
-3663
-723
2068
-643
-4809
-3890
424
1370
-2757
-6285
-4550
-314
488
-2798
-5113
-3473
-848
-959
-2896
-3233
-1346
-193
-1894
-4087
-2813
967
1757
-1901
-4292
-1506
2249
1465
-1820
-1494
2266
3341
-142
-2366
760
4848
3471
-1422
-1956
2711
5069
1055
-1582
2638
5694
1480
-3329
465
7245
5423
-2119
-3625
3101
6264
329
-3997
513
5128
1013
-4520
-1913
3629
1868
-4475
-3954
2100
2163
-4723
-6635
562
4147
-1616
-6716
-3613
1754
593
-3408
-2708
1062
1152
-2213
-2453
633
1744
375
19
465
-156
-431
1182
2732
1972
243
-263
122
183
624
1776
1461
-1120
-2603
-708
1220
172
-1386
-746
-391
-2397
-3475
-936
1595
-151
-2884
-2292
269
718
-804
-327
1390
1949
1280
1193
1809
1421
2064
4314
4970
2074
-749
1385
5158
4974
1688
428
2265
2610
1007
958
2639
2186
-1149
-2027
925
2682
-213
-3336
-1923
700
-296
-3529
-3316
-187
529
-2540
-5056
-3434
-384
468
-1517
-3617
-3733
-2156
-567
-967
-2169
-2193
-1060
-1321
-3478
-3378
-129
1905
-824
-4509
-2956
1335
2259
-970
-2462
553
2565
575
-2003
-76
3883
3487
-396
-1927
1143
3463
1519
-760
1197
4355
2927
-1193
-787
4741
6438
1499
-2403
797
5059
2635
-1588
-432
3616
1992
-3309
-2954
2282
3270
-2287
-4497
-15
2280
-2045
-5159
-1085
2455
-1030
-5260
-3006
1170
-12
-3290
-1955
1409
125
-3188
-1988
1674
1596
-1272
-1235
1209
927
-1149
-179
2221
1529
-473
162
1670
657
-866
306
1966
527
-1952
-1301
752
-194
-2284
-1154
699
-1202
-3678
-1768
1277
16
-2853
-1719
1547
1307
-1509
-1344
1851
3036
1411
729
1563
1512
1545
3994
5808
2840
-1163
369
5287
5870
1773
153
2615
3290
943
625
3100
3174
-519
-2272
650
2583
-178
-2828
-1304
834
-665
-3516
-3285
-731
-7
-2171
-4270
-3705
-1347
-238
-1823
-4200
-4446
-2321
-710
-1594
-3049
-2347
-676
-1434
-3920
-3471
364
1989
-1306
-4793
-3238
1237
2131
-1098
-2449
245
2229
206
-2097
143
4269
3696
-933
-2165
2096
4858
1769
-1157
1754
5297
2755
-1742
-9
5961
6213
-533
-3274
2677
6984
2244
-3412
-775
4772
3091
-2908
-2938
2240
2688
-2770
-4518
353
2447
-2769
-6295
-1818
2869
-249
-5545
-4250
530
569
-2934
-2954
275
630
-2270
-2907
-117
1526
378
-357
371
257
-483
600
2421
1893
-9
-80
1006
585
-314
829
2274
708
-2046
-1642
863
882
-1266
-1490
-136
-951
-2979
-2021
842
651
-2245
-2746
-132
1258
16
-766
394
1505
1373
1120
1218
1061
1516
3538
4655
2361
-125
1660
5147
4751
1570
964
2964
3028
841
614
2719
2575
-631
-1647
1342
2786
-437
-3443
-1779
1377
681
-2846
-3901
-1426
374
-1329
-4105
-4012
-1472
-87
-1296
-3537
-4310
-2731
-1061
-1422
-2532
-2275
-1320
-1952
-3706
-3072
586
2427
-888
-4992
-3665
1261
2505
-954
-2759
-131
2083
126
-2275
-278
3458
3042
-777
-1864
1674
4361
2114
-519
1591
4680
2986
-805
93
4854
5643
707
-2132
1574
5368
2718
-1968
-960
3443
2978
-1924
-2780
1709
3007
-1788
-4212
18
2657
-1838
-5843
-2333
2501
254
-4910
-4232
134
387
-2753
-2748
310
315
-2588
-2449
339
786
-646
-383
1019
397
-1356
-415
2093
1984
147
17
806
-31
-906
971
2898
817
-2519
-2022
642
556
-1317
-819
602
-1044
-3539
-2113
1201
885
-1944
-1775
891
937
-1344
-1032
1977
3106
1616
730
967
931
1794
4376
5297
2165
-628
1520
5059
4467
1535
1279
3032
2265
-314
269
2971
2127
-1497
-1857
1388
2174
-1216
-3083
-456
1866
-312
-3875
-3617
-364
599
-2176
-4605
-3644
-1128
-410
-2062
-3791
-3399
-1487
-636
-1590
-2322
-1603
-959
-1852
-2919
-1865
580
906
-1958
-4091
-1995
1603
1557
-1492
-2236
431
1818
-230
-1653
610
3115
1686
-1318
-726
2696
3401
572
-422
2467
4113
1283
-1201
1418
5280
4046
-508
-1280
2726
4979
1981
-1346
10
2961
2003
-1197
-1162
1402
1143
-1911
-2279
804
1332
-2773
-5011
-1288
2310
-269
-4580
-3737
-117
12
-2423
-2328
18
292
-1749
-2405
-818
568
780
732
543
-365
-969
497
2617
2335
562
69
139
-681
-714
1132
2209
221
-2567
-2546
-371
470
-543
-1063
-797
-1535
-2710
-1889
288
725
-881
-1794
-756
402
254
58
845
1866
2459
2257
1172
581
2298
5311
5623
2162
-205
1962
5030
4486
2039
1795
2886
1900
-95
416
2533
2032
-1181
-2207
446
1820
-901
-3425
-1641
1586
830
-3204
-4450
-1291
948
-1101
-4201
-4144
-1624
-550
-2057
-3594
-3190
-1585
-947
-1930
-2661
-1829
-573
-912
-2783
-3072
-427
1376
-751
-3698
-2543
1500
2392
-964
-2858
-260
2476
1048
-1681
-697
2498
2570
-428
-1164
1763
3360
1001
-854
1614
4673
2906
-1267
-805
4197
6040
1625
-2167
640
4954
3233
-1426
-1064
3143
3114
-1754
-3139
1090
2638
-1671
-3964
-169
2415
-1493
-5334
-2341
2308
775
-3697
-3579
-333
-71
-2064
-1388
790
103
-2056
-1405
659
425
-771
202
1869
354
-1694
-242
2267
1751
-463
464
1752
-345
-1897
428
3033
775
-2797
-2202
291
2
-1849
-873
1014
-924
-4148
-2752
980
711
-2101
-1882
429
119
-1734
-902
1542
1580
177
1137
3011
1756
-318
2089
6483
5722
797
-485
3118
5143
3300
1964
2696
2273
111
-303
1836
3017
1351
-913
-1076
179
729
179
-436
-729
-642
-589
-2031
-3511
-2437
503
453
-3954
-6000
-2757
1126
86
-3766
-3930
-1383
-802
-2600
-2682
-316
179
-2280
-4095
-2803
-403
262
-1001
-2370
-2414
-1230
-92
-281
-1005
-350
1327
1186
-1226
-1836
1599
4355
1831
-1826
-485
3073
2492
-297
1032
4668
3476
-1360
-1386
4482
7046
1800
-2712
860
5698
3141
-2106
-1068
3583
2982
-1942
-2755
1220
2438
-1169
-2921
291
2089
-1698
-4844
-1753
2430
798
-3779
-4276
-1162
-21
-1438
-1739
-673
-784
-1885
-1765
-432
233
210
763
807
-855
-1657
476
2714
2186
713
538
411
-442
102
2365
2916
209
-2271
-1549
260
298
-431
-189
-429
-2596
-3922
-1728
859
-156
-2644
-2597
-990
-818
-1131
372
1790
464
-978
952
3645
2882
562
1406
4463
4497
1387
607
3391
4864
3031
1471
2122
2479
1323
1028
2370
2713
795
-1169
-1052
493
1391
639
-1028
-1974
-1212
27
-499
-2178
-1828
542
557
-3345
-5756
-2398
1971
926
-3505
-4870
-2494
-916
-1735
-2017
-779
-769
-2719
-4153
-2924
-476
675
-150
-2381
-3637
-2337
504
1282
-761
-1405
561
1339
-1451
-2787
1273
4972
2264
-2785
-1923
2904
3538
500
853
4421
3752
-1074
-1550
4368
7616
2617
-2533
-290
4550
3598
-942
-389
3360
2609
-2083
-2907
1509
2894
-816
-3095
-742
1352
-1401
-4412
-2424
1335
552
-3718
-4428
-1246
353
-1067
-2087
-1009
-83
-550
-1189
-628
287
626
756
881
299
-595
457
2092
2081
672
-46
458
411
666
1248
1307
156
-1343
-1032
20
299
-425
-997
-1093
-1654
-1985
-1066
-33
-915
-2545
-2337
-846
-565
-1108
-457
434
-356
-1230
481
2851
2357
37
489
3663
4439
2069
866
3026
4819
3423
1682
1932
2745
2192
1380
1826
2149
835
-703
-403
951
1408
438
-1006
-1724
-1358
-407
-137
-1217
-2101
-1324
-573
-2011
-3801
-2332
1074
1171
-2477
-4647
-2623
235
112
-1591
-1785
-1203
-1832
-3037
-2806
-867
468
-603
-3001
-4138
-2426
366
737
-1251
-2172
-830
55
-1273
-1975
538
3126
1530
-2042
-1791
2141
3844
1914
1156
3034
3254
654
170
3952
6601
3620
-881
-284
3879
4590
1225
-253
1708
2426
-44
-1629
274
1922
-50
-2500
-1573
404
-780
-3474
-2948
-43
129
-2873
-4276
-2288
-518
-1209
-2117
-1500
-791
-1179
-1529
-792
97
339
728
1125
286
-875
-41
2315
3027
1150
-387
351
1240
758
704
1614
1351
-593
-1651
-516
765
211
-1052
-1398
-1520
-1958
-1971
-868
-498
-1845
-2587
-1720
-430
-315
-380
-264
-718
-666
709
2513
2016
129
243
2843
4305
2401
972
2215
4032
3722
2391
2351
2571
2325
2177
2480
2243
999
-20
170
1043
1200
387
-920
-1940
-1686
-266
377
-1241
-2914
-1777
125
-1052
-3616
-3008
218
929
-2190
-4385
-2632
53
-77
-1880
-2212
-1253
-1338
-2334
-2386
-1267
-134
-498
-2221
-3467
-2336
240
584
-1455
-2600
-928
905
-279
-1863
-273
2601
1851
-1575
-1701
1866
3439
1125
-225
2011
3516
1149
-546
2526
6129
4331
-492
-1010
3220
5326
2137
-873
472
2626
1442
-982
-238
1618
466
-2148
-2044
659
745
-2684
-4061
-1173
1319
-603
-3638
-3316
-914
-249
-1326
-1155
-378
-414
-1106
-1029
144
647
991
903
531
-337
-730
1167
2432
1654
-40
-165
743
358
64
645
1186
7
-1625
-1502
-461
-14
-547
-1092
-1407
-1885
-2072
-1308
-690
-1323
-1984
-1493
-684
-694
-702
0
213
-394
-114
1497
2325
1251
471
1924
3671
3260
2001
2209
3295
3409
2577
2352
2798
2588
1953
1974
2008
1255
529
424
632
654
524
-80
-1261
-1512
7
1354
-274
-2874
-2806
-152
1150
-1534
-3621
-2025
455
16
-2780
-3094
-1064
-306
-1654
-2763
-1958
-1171
-1803
-2932
-2897
-1748
-1078
-1570
-2994
-3368
-2066
-651
-802
-2441
-2267
-372
417
-1003
-2205
75
2517
1396
-1126
-673
2483
3194
958
650
3290
4228
1647
90
3040
6203
4185
142
381
3898
4437
1258
-65
2008
2708
157
-1319
712
2218
-99
-2699
-1437
1057
-47
-3305
-3429
-474
510
-1905
-3756
-2475
-607
-891
-1872
-1566
-854
-942
-1321
-1028
-307
49
253
396
-108
-594
60
1222
1508
975
746
801
303
-6
1011
2055
1204
-647
-1126
-186
213
-289
-368
-252
-1131
-2164
-1713
-473
-626
-2096
-2380
-1125
-806
-1836
-1797
-110
652
-638
-1327
321
1987
1460
286
981
2725
2939
1940
1858
2674
3004
2711
2559
2615
2386
2065
2108
2189
1921
1585
1420
1074
551
571
1038
860
15
-223
350
146
-1234
-1569
53
1065
-656
-3222
-3144
-676
479
-950
-2650
-2901
-2391
-2317
-2300
-1616
-1314
-2420
-3858
-4028
-2755
-1286
-975
-1939
-3148
-3310
-2007
-664
-784
-1354
-698
342
-204
-1693
-1097
1880
3230
935
-1360
-66
2671
2751
1125
1621
3564
3039
416
525
4207
5772
2474
-446
1268
4098
3311
700
779
2605
1825
-929
-1067
1356
1596
-1043
-2054
-138
653
-1510
-3085
-1539
350
-587
-2693
-2730
-1273
-920
-1574
-1457
-814
-1005
-1521
-1016
42
246
-245
-237
253
364
251
516
791
703
855
1287
925
-29
218
1704
2077
467
-886
-347
529
105
-619
-477
-429
-1561
-2561
-1608
-33
-445
-2106
-2512
-1784
-1621
-1797
-942
225
-315
-1956
-2044
-252
1295
1445
803
217
101
853
2550
3792
3055
1415
1197
2487
3399
3112
2677
2760
2525
1601
1179
1913
2522
1844
801
667
970
717
209
246
542
253
-472
-713
-303
-120
-724
-1514
-1518
-832
-504
-1356
-2726
-3025
-2013
-1119
-1660
-2900
-3264
-2639
-2550
-3289
-3326
-2103
-1143
-2530
-4247
-3659
-1437
-198
-1643
-2628
-1595
-294
-480
-1539
-417
1808
2076
192
-827
985
3047
2825
1652
2124
3345
2774
1134
1758
4690
5476
2549
197
1592
3967
3702
1893
1598
2183
1072
-635
-5
1951
1437
-1481
-2504
-619
291
-1494
-2979
-1852
-403
-1373
-2940
-2399
-1006
-1069
-1944
-1636
-710
-1097
-1875
-1231
-140
-102
-534
-124
688
488
-215
173
1268
1611
1133
667
535
445
704
1387
1495
479
-527
-391
-26
-140
-384
-183
-454
-1771
-2196
-1226
-311
-1206
-2562
-2223
-1419
-1574
-2301
-1587
-181
-359
-1582
-1845
-251
1143
1257
957
764
894
1147
2236
3524
3180
2049
1859
2853
3474
3016
2878
3244
3049
2170
2030
2935
3001
1676
706
1346
2000
1073
-174
-43
889
341
-1302
-1656
-468
351
-1033
-2956
-3100
-1750
-782
-1678
-3168
-3572
-2861
-2242
-2615
-3090
-2754
-2221
-2759
-4034
-4057
-2229
-714
-1598
-3573
-3726
-1656
-191
-967
-1794
-977
203
-370
-1421
-154
2042
2273
349
-424
1496
3015
2382
1497
2456
3756
3001
1387
1808
3991
4552
2727
1368
2121
3150
2582
1482
1634
2269
1435
-184
-301
1044
1290
-384
-1712
-1087
-185
-898
-2055
-1809
-715
-1122
-2459
-2446
-1493
-1181
-1936
-1980
-1114
-1104
-1710
-1654
-648
-124
-619
-691
142
508
-10
83
885
1161
787
669
1040
1036
603
697
1370
1408
500
-125
-22
104
-209
-319
-14
-585
-1790
-2086
-1201
-534
-1528
-2333
-1851
-1691
-2100
-2375
-1362
-360
-754
-1393
-1439
-619
168
1102
1736
1195
203
441
2621
4005
3233
1629
1648
3076
3475
2912
2537
3040
2947
2100
1987
2547
2714
1639
955
1487
1918
1225
-168
-224
848
1057
-189
-1521
-979
154
-326
-1889
-2593
-1583
-769
-1663
-3133
-3311
-2390
-2198
-2969
-3422
-2991
-2783
-3601
-4247
-3488
-2251
-2070
-2995
-3854
-3430
-2002
-958
-993
-1647
-1684
-710
115
285
609
1371
1817
1321
757
1595
3164
3449
2499
2291
3326
3536
2266
2002
3902
5036
2988
612
1417
3835
3839
1571
462
1232
1530
143
-503
470
529
-1159
-2415
-1385
-206
-1080
-2579
-2519
-1316
-1216
-2240
-2621
-1885
-1198
-1220
-1375
-1305
-1112
-762
-213
-36
-367
-170
585
775
264
184
996
1611
1199
486
667
1070
734
436
850
1248
405
-600
-423
104
-109
-771
-680
-558
-1316
-2084
-1812
-1003
-1176
-2037
-2407
-2176
-2027
-2019
-1580
-1123
-1389
-1871
-1419
-351
-24
-330
162
1398
1697
898
831
2369
3822
3533
2372
2012
2732
3653
3926
3670
3287
2754
2385
2540
2979
3225
2709
1532
828
1086
1623
1459
524
-114
14
1
-759
-1270
-843
-403
-1339
-3113
-3490
-2304
-1396
-2138
-3664
-4273
-4018
-3617
-3416
-3326
-3396
-3736
-4061
-4119
-3713
-2681
-1670
-1835
-2812
-2974
-1535
-48
-86
-677
-232
1072
1276
472
863
2460
3127
2069
1360
2292
3347
3052
2295
2781
3788
3250
1684
1658
3266
3815
2406
1253
1759
2352
1552
447
693
1494
811
-837
-1138
-67
228
-921
-1753
-1253
-911
-1642
-2036
-1389
-989
-1549
-2172
-1910
-1243
-1150
-1474
-1347
-843
-792
-1094
-1110
-555
70
417
505
117
-156
134
795
1241
1078
832
718
522
359
758
1477
1550
588
-411
-272
281
370
-54
-521
-625
-1033
-1557
-1420
-993
-847
-1306
-1912
-2035
-1936
-1851
-1613
-1284
-1251
-1485
-1603
-1291
-761
-320
312
986
1103
691
649
1461
2701
3279
2828
2333
2273
2840
3573
3823
3732
3464
3195
2949
2871
3116
3390
2883
1808
1277
1416
1472
564
-266
89
414
-418
-1687
-1924
-1135
-860
-2192
-3781
-3670
-2538
-2530
-3969
-4959
-4369
-3317
-3392
-4248
-4450
-3553
-2717
-3094
-3510
-2699
-1421
-1294
-2276
-2175
-526
711
220
-734
-9
1604
2021
1178
933
2021
2629
2086
1653
2307
3069
2643
2002
2248
3002
2846
1938
1928
2677
2735
1612
949
1630
2073
1210
33
215
1063
673
-444
-646
113
141
-885
-1351
-939
-767
-1387
-1831
-1421
-1131
-1810
-2394
-1798
-959
-947
-1429
-1494
-1080
-590
-337
-170
137
225
219
230
430
707
899
1178
1124
870
804
877
915
1054
1105
863
432
-82
-58
193
292
54
-549
-922
-986
-856
-872
-903
-1049
-1348
-1623
-2009
-1874
-1452
-1365
-1653
-1912
-1672
-1444
-1263
-941
-578
-266
-426
-424
248
1149
1538
1190
1237
1899
2530
2689
2573
2785
3112
3263
3326
3473
3509
3263
2732
2455
2643
2544
2112
1489
1141
1212
1011
580
282
124
-148
-604
-1079
-1291
-1424
-1860
-2437
-2976
-3172
-3001
-2950
-3227
-3793
-4216
-3854
-3080
-2943
-3529
-3901
-3431
-2730
-2628
-2761
-2316
-1496
-1232
-1568
-1350
-135
880
713
266
810
1747
1709
1196
1765
3069
3213
2086
1695
2763
3590
3090
2520
2958
3252
2245
1197
1757
2924
2469
645
-183
647
1252
522
-257
-3
225
-610
-1421
-969
-222
-737
-1919
-2084
-1349
-1248
-1974
-2138
-1338
-888
-1488
-1982
-1351
-427
-385
-821
-681
-114
87
2
215
586
650
490
478
722
1018
1156
1109
1074
1171
1240
1042
730
596
576
511
251
30
-17
-276
-632
-739
-456
-248
-827
-1533
-1675
-1368
-1180
-1495
-1563
-1437
-1553
-1813
-1769
-1106
-651
-680
-951
-911
-506
-203
95
425
849
878
647
817
1428
2212
2509
2380
2108
2031
2453
2964
3280
3170
2766
2377
1982
1875
2112
2358
2134
1229
502
455
761
835
400
-21
-485
-1088
-1582
-1645
-1273
-1456
-2282
-3087
-3123
-2593
-2422
-2625
-3011
-3153
-3206
-3125
-2792
-2464
-2239
-2395
-2467
-2271
-1775
-1185
-918
-803
-723
-354
144
395
398
499
947
1332
1275
1059
1313
1915
2202
2038
1952
2162
2284
2105
1921
1992
2018
1772
1252
966
1119
1126
869
560
546
490
-12
-384
-241
156
7
-743
-1123
-821
-552
-906
-1329
-1212
-857
-880
-1280
-1317
-910
-534
-566
-859
-821
-597
-358
-202
-180
-51
88
216
260
275
476
683
692
538
532
654
614
382
209
387
511
324
78
49
260
144
-127
-125
-43
-184
-633
-816
-584
-438
-606
-859
-856
-787
-789
-647
-310
-177
-528
-783
-647
-264
30
39
56
-44
-83
151
613
1142
1333
1219
980
931
1307
1950
2103
1495
889
971
1624
1757
1344
1142
1249
1173
670
626
1134
1134
307
-352
-48
415
39
-761
-876
-423
-511
-1277
-1620
-1083
-658
-1120
-1909
-2116
-1686
-1349
-1609
-2071
-2121
-1826
-1619
-1656
-1609
-1226
-927
-1001
-1216
-1153
-589
-183
-452
-739
-510
-18
299
169
116
543
785
648
429
632
1275
1458
1077
768
1088
1513
1327
999
1096
1421
1255
837
971
1390
1247
605
419
806
890
436
211
475
515
68
-234
-29
157
-128
-524
-531
-297
-369
-779
-965
-724
-468
-556
-794
-942
-977
-935
-796
-686
-791
-875
-890
-783
-643
-477
-300
-389
-371
-245
-60
28
4
180
245
249
185
253
429
390
404
541
713
575
265
292
566
668
414
161
114
137
167
331
544
500
177
-23
177
396
320
116
9
32
40
-17
-38
3
205
427
230
-122
-44
330
629
656
371
53
-30
79
259
402
390
164
-60
-9
259
435
360
191
168
211
58
-193
-175
162
329
-64
-662
-776
-268
183
6
-552
-834
-659
-373
-341
-527
-580
-659
-845
-939
-687
-256
-344
-706
-902
-775
-469
-413
-527
-684
-639
-412
-381
-445
-284
35
16
-284
-343
26
443
340
-28
-139
93
337
220
259
602
649
331
-5
284
928
986
530
208
517
874
665
527
778
989
649
105
266
822
781
217
-8
243
261
-158
-249
216
329
-296
-779
-450
9
-205
-676
-700
-501
-638
-907
-742
-335
-319
-668
-840
-629
-422
-499
-538
-384
-334
-385
-245
81
269
143
19
198
459
504
413
376
407
443
536
685
769
754
711
661
614
614
629
487
240
160
266
370
320
116
28
112
91
-43
-77
5
-63
-377
-481
-139
120
-96
-417
-333
-46
-58
-231
-228
-181
-246
-327
-238
-9
39
-113
-95
127
197
-8
-173
-75
66
36
-18
93
282
331
201
57
37
110
123
6
-143
-214
-183
-99
-11
39
-18
-184
-321
-277
-102
-67
-298
-564
-672
-651
-524
-312
-154
-256
-550
-596
-281
7
-3
-253
-442
-363
-275
-326
-272
-56
-6
-211
-312
-37
302
288
82
81
310
347
192
239
428
463
212
32
119
280
347
204
78
123
248
304
157
127
236
188
-11
-204
-71
149
27
-265
-322
-120
-70
-198
-203
-36
8
-200
-305
-118
44
-92
-272
-229
-50
-45
-126
-12
172
206
5
-120
40
371
602
468
264
267
473
654
536
325
309
349
268
214
306
376
246
103
184
300
191
-11
-14
136
96
-206
-419
-310
-120
-162
-311
-291
-174
-202
-311
-290
-153
-128
-287
-389
-342
-202
-96
-100
-168
-309
-335
-195
21
188
56
-162
-194
-53
203
293
216
165
194
345
452
486
478
311
132
49
174
381
373
274
172
89
30
3
87
118
0
0
0
0
0
0
0
0
0
0
0
0
0
0
0
0
0
0
0
0
0
0
0
0
0
0
0
0
0
0
0
0
0
0
0
0
0
0
0
0
0
0
0
0
0
0
0
0
0
0
0
0
0
0
0
0
0
0
0
0
0
0
0
0
0
0
0
0
0
0
0
0
0
0
0
0
0
0
0
0
0
0
0
0
0
0
0
0
0
0
0
0
0
0
0
0
0
0
0
0
0
0
0
0
0
0
0
0
0
0
0
0
0
0
0
0
0
0
0
0
0
0
0
0
0
0
0
0
0
0
0
0
0
0
0
0
0
0
0
0
0
0
0
0
0
0
0
0
0
0
0
0
0
0
0
0
0
0
0
0
0
0
0
0
0
0
0
0
0
0
0
0
0
0
0
0
0
0
0
0
0
0
0
0
0
0
0
0
0
0
0
0
0
0
0
0
0
0
0
0
0
0
0
0
0
0
0
0
0
0
0
0
0
0
0
0
0
0
0
0
0
0
0
0
0
0
0
0
0
0
0
0
0
0
0
0
0
0
0
0
0
0
0
0
0
0
0
0
0
0
0
0
0
0
0
0
0
0
0
0
0
0
0
0
0
0
0
0
0
0
0
0
0
0
0
0
0
0
0
0
0
0
0
0
0
0
0
0
0
0
0
0
0
0
0
0
0
0
0
0
0
0
0
0
0
0
0
0
0
0
0
0
0
0
0
0
0
0
0
0
0
0
0
0
0
0
0
0
0
0
0
0
0
0
0
0
0
0
0
0
0
0
0
0
0
0
0
0
0
0
0
0
0
0
0
0
0
0
0
0
0
0
0
0
0
0
0
0
0
0
0
0
0
0
0
0
0
0
0
0
0
0
0
0
0
0
0
0
0
0
0
0
0
0
0
0
0
0
0
0
