0
0
0
0
0
0
0
0
0
0
0
0
0
0
0
0
0
0
0
0
0
0
0
0
0
0
0
0
0
0
0
0
0
0
0
0
0
0
0
0
0
0
0
0
0
0
0
0
0
0
0
0
0
0
0
0
0
0
0
0
0
0
0
0
0
0
0
0
0
0
0
0
0
0
0
0
0
0
0
0
0
0
0
0
0
0
0
0
0
0
0
0
0
0
0
0
0
0
0
0
0
0
0
0
0
0
0
0
0
0
0
0
0
0
0
0
0
0
0
0
0
0
0
0
0
0
0
0
0
0
0
0
0
0
0
0
0
0
0
0
0
0
0
0
0
0
0
0
0
0
0
0
0
0
0
0
0
0
0
0
0
0
0
0
0
0
0
0
0
0
0
0
0
0
0
0
0
0
0
0
0
0
0
0
0
0
0
0
0
0
0
0
0
0
0
0
0
0
0
0
0
0
0
0
0
0
0
0
0
0
0
0
0
0
0
0
0
0
0
0
0
0
0
0
0
0
0
0
0
0
0
0
0
0
0
0
0
0
0
0
0
0
0
0
0
0
0
0
0
0
0
0
0
0
0
0
0
0
0
0
0
0
0
0
0
0
0
0
0
0
0
0
0
0
0
0
0
0
0
0
0
0
0
0
0
0
0
0
0
0
0
0
0
0
0
0
0
0
0
0
0
0
0
0
0
0
0
0
0
0
0
0
0
0
0
0
0
0
0
0
0
0
0
0
0
0
0
0
0
0
0
0
0
0
0
0
0
0
0
0
0
0
0
0
0
0
0
0
0
0
0
0
0
0
0
0
0
0
0
0
0
0
0
0
0
0
0
0
0
0
0
0
0
0
0
0
0
0
0
0
0
0
0
0
0
0
0
0
0
0
0
0
0
0
0
0
0
0
0
0
-1445
-1509
-1485
-1477
-1477
-1396
-1274
-1204
-1073
-937
-807
-655
-543
-364
-186
-23
93
141
271
371
421
573
738
837
945
994
952
879
741
665
593
383
202
41
-125
-271
-413
-498
-598
-705
-795
-864
-955
-1041
-1000
-913
-822
-741
-661
-582
-495
-361
-257
-151
-53
19
118
204
303
435
497
597
735
774
859
914
941
962
882
833
711
527
408
205
-49
-280
-495
-726
-1010
-1250
-1438
-1680
-1892
-2008
-2018
-1947
-1885
-1774
-1627
-1537
-1384
-1130
-888
-694
-476
-206
57
377
756
1106
1460
1787
2136
2525
2836
3135
3421
3649
3855
4042
4197
4307
4441
4453
4304
4093
3751
3302
2806
2309
1693
1013
420
-223
-892
-1473
-1978
-2442
-2852
-3193
-3437
-3618
-3811
-3930
-3971
-3977
-3869
-3732
-3669
-3544
-3332
-3175
-3028
-2803
-2525
-2208
-1883
-1586
-1275
-899
-506
-136
232
625
964
1180
1350
1515
1626
1710
1763
1735
1712
1697
1598
1448
1265
1089
963
822
681
604
546
520
534
547
640
733
792
755
672
699
650
558
484
444
445
330
231
212
171
112
29
-115
-181
-168
-264
-362
-441
-593
-753
-949
-1081
-1083
-1145
-1274
-1369
-1430
-1451
-1446
-1422
-1311
-1170
-1068
-979
-839
-593
-403
-234
-43
165
399
510
609
645
631
601
514
467
329
162
29
-53
-139
-282
-333
-439
-581
-611
-646
-673
-670
-706
-701
-736
-812
-764
-719
-607
-381
-162
63
329
695
1036
1358
1791
2243
2627
3024
3422
3737
4071
4341
4431
4481
4462
4270
4050
3795
3352
2796
2220
1631
1006
354
-278
-856
-1385
-1870
-2286
-2666
-2928
-3114
-3306
-3397
-3455
-3475
-3507
-3585
-3584
-3551
-3444
-3306
-3203
-2951
-2686
-2461
-2162
-1782
-1365
-1040
-713
-338
1
339
697
1010
1227
1369
1479
1559
1575
1663
1750
1789
1788
1680
1587
1408
1200
1018
905
864
774
655
441
341
279
114
4
-27
-25
-147
-316
-449
-549
-662
-772
-806
-784
-741
-745
-691
-623
-595
-535
-563
-526
-399
-352
-346
-427
-476
-474
-501
-485
-502
-467
-358
-310
-291
-248
-259
-318
-350
-412
-470
-541
-604
-655
-760
-814
-884
-1010
-1104
-1179
-1218
-1227
-1199
-1168
-1164
-1132
-1059
-937
-735
-468
-159
124
391
649
879
1155
1394
1677
2103
2514
2898
3304
3739
4202
4640
5020
5310
5537
5720
5799
5731
5560
5210
4733
4242
3581
2812
2068
1307
586
-256
-1142
-1859
-2520
-3125
-3668
-4076
-4317
-4513
-4668
-4790
-4812
-4704
-4605
-4534
-4424
-4236
-4025
-3889
-3716
-3416
-3122
-2854
-2543
-2130
-1611
-1124
-659
-180
298
794
1164
1438
1744
2054
2269
2300
2313
2410
2465
2406
2275
2145
2009
1830
1613
1378
1175
1076
893
624
418
236
128
-31
-217
-312
-365
-493
-698
-906
-1074
-1133
-1283
-1410
-1410
-1399
-1387
-1453
-1427
-1265
-1049
-890
-718
-476
-322
-154
-38
77
231
297
292
199
177
195
100
65
101
66
-9
-94
-161
-188
-241
-309
-379
-485
-529
-677
-906
-1096
-1359
-1540
-1734
-1904
-2008
-2185
-2242
-2227
-2161
-2065
-1932
-1646
-1306
-976
-629
-272
104
531
984
1560
2163
2764
3384
3928
4570
5186
5713
6268
6740
7093
7336
7465
7493
7361
6981
6477
5913
5164
4276
3299
2322
1346
256
-872
-1949
-2962
-3797
-4466
-5102
-5620
-5910
-6099
-6258
-6237
-6042
-5866
-5702
-5467
-5150
-4761
-4436
-4206
-3887
-3440
-2979
-2549
-2134
-1651
-1067
-502
-11
497
1060
1585
2004
2347
2644
2895
3087
3164
3138
3100
3060
2943
2732
2474
2222
1995
1720
1342
966
701
460
120
-245
-492
-648
-845
-1098
-1285
-1295
-1254
-1347
-1517
-1599
-1551
-1526
-1579
-1532
-1379
-1260
-1173
-1089
-908
-635
-490
-382
-175
61
255
282
275
393
452
350
235
110
2
-63
-277
-404
-430
-570
-680
-756
-795
-860
-956
-992
-1058
-1130
-1238
-1361
-1387
-1460
-1542
-1562
-1620
-1610
-1584
-1499
-1281
-1049
-813
-632
-332
-17
253
654
1071
1539
1973
2413
2945
3572
4168
4608
5074
5518
5986
6344
6543
6807
6941
6919
6776
6494
6091
5553
4846
3978
3083
2117
1092
83
-1075
-2176
-3054
-3897
-4632
-5265
-5788
-6076
-6365
-6655
-6741
-6594
-6281
-6028
-5847
-5541
-5058
-4595
-4247
-3896
-3449
-2891
-2390
-1966
-1397
-718
-100
383
854
1416
1987
2517
2930
3317
3730
3984
4164
4219
4189
4237
4084
3776
3449
3162
2873
2485
2014
1482
1149
811
295
-161
-519
-745
-997
-1389
-1743
-1892
-2086
-2432
-2753
-2885
-2817
-2897
-3023
-2974
-2791
-2613
-2540
-2388
-2028
-1524
-1193
-1017
-686
-300
-17
198
402
670
960
1029
978
960
975
970
840
717
596
493
368
109
-80
-211
-405
-551
-747
-991
-1154
-1332
-1508
-1663
-1838
-1933
-1981
-2018
-2018
-2019
-1890
-1729
-1620
-1365
-1063
-802
-521
-167
266
708
1167
1644
2206
2796
3399
4048
4738
5433
6057
6664
7176
7591
7867
7968
7929
7634
7180
6574
5846
5029
3976
2808
1697
582
-601
-1787
-2854
-3711
-4442
-5119
-5705
-6139
-6399
-6620
-6793
-6749
-6551
-6332
-6104
-5833
-5425
-4926
-4521
-4158
-3686
-3121
-2625
-2218
-1707
-1072
-453
54
528
1064
1685
2265
2723
3131
3577
4054
4259
4334
4424
4481
4487
4182
3823
3504
3205
2864
2291
1806
1411
994
506
-77
-591
-998
-1411
-1926
-2354
-2564
-2687
-2870
-3138
-3253
-3121
-2969
-2966
-2913
-2660
-2436
-2253
-2123
-1853
-1441
-1188
-928
-704
-414
-98
49
211
459
759
807
750
867
941
941
882
755
707
728
606
457
395
259
23
-265
-515
-684
-904
-1197
-1391
-1537
-1743
-1963
-2191
-2376
-2462
-2516
-2479
-2317
-2143
-1956
-1717
-1479
-1198
-827
-405
122
744
1359
1989
2709
3481
4213
4983
5764
6544
7292
7903
8399
8707
8868
8869
8641
8251
7652
6911
5985
4836
3663
2449
1203
-150
-1514
-2654
-3691
-4660
-5577
-6323
-6802
-7135
-7369
-7535
-7530
-7327
-7093
-6938
-6610
-6080
-5607
-5194
-4860
-4403
-3820
-3260
-2737
-2179
-1457
-745
-154
370
999
1819
2572
3153
3661
4187
4698
5008
5068
5129
5228
5134
4847
4502
4180
3844
3336
2664
2062
1627
1183
602
-23
-512
-855
-1309
-1876
-2351
-2624
-2799
-3144
-3472
-3560
-3530
-3512
-3644
-3669
-3430
-3184
-3010
-2847
-2455
-1884
-1451
-1120
-732
-245
164
377
523
798
1078
1149
1131
1107
1125
1081
923
813
673
543
427
255
105
-62
-240
-486
-778
-938
-1103
-1302
-1455
-1613
-1744
-1881
-2039
-2126
-2135
-2112
-2063
-2008
-1882
-1621
-1283
-952
-659
-310
184
723
1213
1735
2380
3062
3656
4218
4869
5556
6158
6685
7171
7554
7774
7873
7871
7688
7254
6665
5981
5175
4205
3076
1951
899
-247
-1472
-2575
-3422
-4117
-4941
-5716
-6092
-6319
-6621
-6832
-6797
-6492
-6157
-5993
-5790
-5358
-4852
-4508
-4254
-3824
-3278
-2790
-2365
-1920
-1317
-648
-190
176
684
1301
1936
2450
2817
3288
3867
4262
4469
4648
4764
4740
4528
4165
3849
3566
3090
2489
1930
1440
1066
641
50
-430
-719
-1059
-1525
-1948
-2170
-2349
-2732
-3157
-3354
-3367
-3384
-3556
-3698
-3572
-3368
-3286
-3168
-2827
-2343
-1873
-1626
-1303
-749
-332
-23
221
514
829
997
1028
1114
1311
1319
1239
1126
1123
1193
1029
800
584
428
228
-24
-296
-559
-712
-1002
-1363
-1623
-1757
-1805
-1938
-2064
-2156
-2220
-2189
-2159
-2060
-1910
-1707
-1446
-1249
-993
-597
-117
383
873
1454
2180
2922
3565
4242
4959
5683
6446
7057
7533
7921
8153
8253
8158
7972
7614
6931
6180
5264
4144
3046
1890
664
-570
-1732
-2751
-3658
-4494
-5280
-5873
-6266
-6572
-6819
-6889
-6645
-6267
-6021
-5861
-5554
-5093
-4645
-4382
-4134
-3650
-3108
-2697
-2428
-2001
-1281
-630
-149
297
907
1666
2244
2652
3084
3622
4130
4361
4474
4629
4704
4567
4205
3802
3482
3172
2662
1973
1429
1072
679
93
-456
-785
-1040
-1391
-1901
-2179
-2202
-2383
-2728
-3042
-3108
-3029
-3141
-3356
-3293
-3057
-2990
-2993
-2806
-2337
-1868
-1638
-1382
-920
-445
-101
120
376
697
820
745
678
775
914
854
803
836
861
799
551
402
355
182
-9
-181
-313
-440
-632
-853
-1096
-1300
-1464
-1626
-1791
-1933
-2048
-2092
-2033
-1964
-1861
-1680
-1474
-1202
-895
-570
-148
330
787
1276
1882
2643
3428
4168
4914
5656
6378
6992
7472
7861
8188
8310
8217
7970
7503
6994
6336
5422
4404
3324
2250
1087
-128
-1244
-2263
-3283
-4303
-5180
-5759
-6073
-6417
-6779
-6885
-6741
-6496
-6314
-6150
-5749
-5202
-4786
-4476
-4100
-3533
-2952
-2645
-2422
-1974
-1339
-755
-343
132
874
1588
2054
2431
2864
3418
3947
4166
4285
4546
4681
4543
4193
3800
3568
3261
2686
2090
1630
1348
1070
577
139
-100
-429
-892
-1367
-1714
-1850
-2082
-2530
-2792
-2803
-2858
-3051
-3302
-3345
-3148
-3135
-3302
-3211
-2795
-2382
-2247
-2124
-1655
-1119
-795
-562
-262
138
404
433
516
690
747
670
568
549
551
454
341
271
179
44
-89
-200
-292
-369
-462
-563
-657
-812
-957
-1003
-1160
-1408
-1538
-1635
-1751
-1787
-1731
-1534
-1258
-1079
-962
-712
-259
219
609
1115
1785
2444
3088
3773
4481
5245
5984
6579
7078
7522
7844
8054
8133
7981
7580
7011
6315
5430
4406
3388
2346
1249
137
-990
-1975
-2741
-3505
-4324
-4983
-5375
-5636
-5907
-6089
-6021
-5800
-5637
-5558
-5349
-4885
-4399
-4160
-4016
-3727
-3345
-3043
-2844
-2542
-2024
-1504
-1107
-709
-116
691
1364
1757
2192
2732
3237
3583
3691
3859
4143
4179
3953
3671
3473
3345
2965
2325
1764
1433
1181
710
160
-51
-115
-374
-837
-1238
-1394
-1589
-1982
-2354
-2499
-2458
-2566
-2932
-3079
-2887
-2857
-3002
-3075
-2908
-2502
-2356
-2370
-2035
-1527
-1164
-999
-787
-268
173
277
351
557
884
1014
887
827
888
941
834
658
491
318
144
-47
-227
-306
-345
-602
-826
-851
-967
-1080
-1204
-1397
-1476
-1544
-1678
-1756
-1773
-1705
-1587
-1525
-1476
-1315
-977
-564
-149
354
928
1610
2328
3001
3841
4682
5441
6231
6886
7488
8052
8392
8508
8427
8150
7660
6975
6142
5176
4114
3050
1963
807
-354
-1395
-2267
-3114
-3945
-4618
-5072
-5365
-5712
-6087
-6145
-5928
-5705
-5467
-5203
-4825
-4331
-3976
-3776
-3432
-2936
-2623
-2465
-2275
-1851
-1318
-973
-583
-155
348
957
1375
1845
2371
2777
3090
3206
3390
3624
3791
3853
3571
3236
3044
2754
2267
1721
1359
1121
761
232
-194
-387
-477
-721
-1170
-1440
-1434
-1583
-1994
-2372
-2567
-2647
-2886
-3263
-3315
-3103
-3089
-3198
-3130
-2853
-2534
-2430
-2334
-1864
-1345
-1105
-849
-404
83
356
384
475
675
790
759
649
656
735
706
663
602
549
577
460
237
87
-66
-199
-310
-438
-525
-582
-579
-636
-809
-868
-943
-1159
-1387
-1596
-1680
-1545
-1504
-1543
-1365
-1087
-737
-358
43
620
1305
1980
2610
3359
4191
4984
5712
6366
7027
7579
7934
8106
8038
7725
7242
6659
5958
5096
4057
2974
1941
868
-278
-1388
-2298
-3040
-3802
-4492
-4893
-5123
-5368
-5558
-5593
-5419
-5142
-4959
-4774
-4481
-4165
-3947
-3774
-3517
-3194
-2845
-2584
-2272
-1787
-1322
-915
-505
-28
525
1097
1615
2053
2490
2927
3303
3608
3810
3911
3986
3916
3613
3287
3000
2645
2139
1540
1027
725
430
-99
-566
-762
-891
-1087
-1451
-1709
-1725
-1887
-2235
-2556
-2683
-2710
-2898
-3165
-3301
-3276
-3288
-3397
-3347
-3042
-2669
-2482
-2280
-1830
-1337
-904
-693
-601
-272
-29
-36
27
160
293
357
364
433
534
616
631
553
476
396
279
97
-94
-183
-241
-273
-347
-511
-523
-519
-662
-781
-921
-987
-982
-1056
-1108
-1099
-1037
-1057
-1059
-826
-554
-236
144
563
1152
1800
2440
3130
3933
4767
5494
6154
6730
7249
7587
7686
7715
7581
7260
6708
5945
5144
4278
3321
2288
1294
348
-620
-1575
-2451
-3245
-4006
-4611
-5040
-5252
-5337
-5384
-5258
-5051
-4775
-4444
-4217
-3920
-3569
-3423
-3318
-3085
-2766
-2451
-2282
-2060
-1602
-1102
-678
-302
145
692
1210
1665
2047
2462
2936
3191
3310
3504
3652
3725
3622
3324
3097
2852
2416
1809
1174
835
527
-17
-480
-759
-939
-1179
-1545
-1797
-1787
-1782
-2070
-2431
-2535
-2517
-2725
-3092
-3291
-3322
-3368
-3453
-3459
-3246
-2901
-2709
-2593
-2251
-1769
-1402
-1136
-848
-521
-255
-133
-45
163
458
696
803
866
1000
1108
1047
905
822
775
658
427
151
-68
-196
-328
-502
-557
-409
-267
-309
-424
-476
-519
-686
-966
-1189
-1230
-1175
-1184
-1228
-1083
-710
-319
23
465
1100
1793
2359
2909
3626
4432
5176
5780
6336
6981
7525
7775
7828
7714
7412
6938
6238
5371
4430
3385
2266
1119
14
-907
-1725
-2534
-3172
-3712
-4226
-4546
-4787
-4998
-5010
-4884
-4670
-4484
-4387
-4131
-3776
-3467
-3174
-2969
-2710
-2375
-2224
-2073
-1751
-1365
-959
-635
-297
235
761
1166
1535
1862
2254
2690
2928
3078
3307
3470
3506
3369
3083
2870
2659
2220
1677
1224
898
540
-16
-509
-753
-947
-1266
-1628
-1830
-1868
-1932
-2298
-2635
-2710
-2691
-2803
-3190
-3272
-3166
-3212
-3312
-3456
-3304
-3000
-2927
-2875
-2442
-1886
-1535
-1344
-1144
-701
-274
-97
-5
229
505
700
697
627
814
897
959
1031
988
1032
916
638
364
248
229
88
-20
-67
-130
-189
-318
-510
-602
-669
-833
-992
-1129
-1180
-1139
-1140
-1111
-905
-654
-418
-182
77
564
1147
1654
2294
3108
3927
4759
5467
6054
6641
6992
7195
7260
7180
6976
6490
5892
5136
4337
3536
2696
1899
950
-26
-962
-1780
-2446
-3133
-3704
-4053
-4293
-4458
-4448
-4291
-4027
-3723
-3496
-3291
-3025
-2765
-2649
-2661
-2607
-2435
-2304
-2201
-1975
-1650
-1308
-1008
-742
-316
231
712
1039
1277
1630
2029
2294
2408
2572
2839
2980
2821
2590
2547
2394
2120
1638
1071
828
518
54
-410
-723
-807
-1021
-1416
-1641
-1589
-1605
-1877
-2263
-2462
-2515
-2755
-3082
-3262
-3293
-3336
-3458
-3523
-3318
-3019
-2897
-2805
-2573
-2133
-1702
-1440
-1079
-637
-215
45
164
467
775
956
1010
1021
1087
1064
1017
963
961
927
877
775
528
422
290
104
-36
-202
-321
-414
-513
-652
-728
-760
-838
-949
-1025
-972
-919
-951
-1027
-1017
-870
-663
-410
-10
595
1231
1736
2275
3018
3852
4650
5276
5785
6356
6789
6954
7044
7105
6924
6479
5849
5140
4459
3609
2666
1725
791
-92
-1011
-1788
-2383
-2918
-3396
-3763
-3974
-4050
-4020
-3885
-3675
-3460
-3278
-3159
-2900
-2581
-2443
-2347
-2263
-2135
-2011
-1898
-1729
-1471
-1124
-899
-706
-392
1
391
632
826
1202
1659
1970
2194
2437
2733
2909
2879
2755
2596
2448
2101
1547
1005
631
403
47
-348
-598
-750
-899
-1188
-1428
-1547
-1661
-1869
-2214
-2436
-2563
-2772
-3011
-3136
-3052
-3023
-3150
-3227
-3129
-2953
-2881
-2811
-2555
-2185
-1917
-1774
-1556
-1156
-736
-519
-368
-70
301
521
573
691
864
937
873
747
739
801
838
782
683
730
646
370
174
-28
-205
-352
-541
-643
-670
-694
-742
-832
-929
-960
-952
-1009
-1028
-921
-715
-475
-234
157
673
1236
1843
2456
3167
3888
4556
5196
5728
6252
6693
6915
7010
6961
6779
6439
5841
5130
4337
3409
2527
1664
774
-56
-868
-1615
-2246
-2790
-3223
-3544
-3742
-3872
-3949
-3909
-3795
-3608
-3394
-3234
-3010
-2773
-2584
-2382
-2243
-2110
-1960
-1892
-1784
-1613
-1387
-1075
-828
-487
28
433
762
1080
1438
1877
2162
2370
2640
2862
2988
2907
2777
2674
2516
2226
1731
1296
999
759
332
-168
-390
-590
-946
-1515
-1926
-2071
-2237
-2451
-2780
-2976
-3125
-3420
-3714
-3942
-3905
-3829
-3891
-3789
-3562
-3232
-2906
-2676
-2254
-1801
-1480
-1223
-901
-407
-107
42
150
318
654
726
738
868
932
1032
1010
993
1042
942
841
662
428
336
163
-65
-286
-507
-646
-803
-880
-973
-1039
-950
-945
-935
-960
-1020
-973
-957
-951
-866
-692
-399
-27
366
887
1472
2011
2644
3357
4065
4796
5438
5954
6463
6868
7083
7151
6999
6678
6229
5607
4895
4098
3235
2394
1493
555
-284
-1037
-1685
-2277
-2863
-3299
-3562
-3752
-3884
-3956
-3910
-3748
-3586
-3451
-3252
-2940
-2640
-2498
-2425
-2274
-2096
-1992
-1900
-1730
-1487
-1216
-935
-651
-321
116
561
899
1247
1695
2103
2387
2592
2788
2943
2898
2662
2490
2381
2128
1747
1359
1053
842
534
49
-337
-497
-676
-1042
-1450
-1668
-1768
-2041
-2474
-2751
-2823
-2961
-3281
-3548
-3573
-3533
-3641
-3792
-3773
-3588
-3398
-3263
-3010
-2538
-2006
-1586
-1247
-810
-273
96
264
503
825
1025
1082
1109
1205
1326
1294
1142
1038
967
844
651
467
383
255
32
-117
-229
-372
-449
-513
-604
-679
-790
-905
-968
-984
-966
-986
-1052
-1097
-1099
-1014
-857
-667
-397
-6
539
1184
1805
2463
3242
4016
4747
5434
5980
6431
6814
7025
7090
7001
6677
6222
5701
5058
4283
3374
2419
1515
636
-169
-857
-1527
-2177
-2715
-3121
-3405
-3605
-3730
-3718
-3599
-3437
-3303
-3245
-3055
-2709
-2538
-2507
-2413
-2300
-2142
-1971
-1830
-1597
-1304
-1041
-797
-571
-238
211
610
883
1126
1477
1838
2090
2307
2493
2670
2781
2644
2449
2372
2197
1911
1512
1144
1003
792
404
28
-169
-335
-764
-1276
-1579
-1731
-2000
-2520
-2970
-3134
-3283
-3525
-3751
-3822
-3752
-3787
-3846
-3748
-3476
-3224
-3182
-3035
-2606
-2147
-1821
-1501
-981
-410
-40
185
465
842
1113
1106
1044
1103
1139
1106
943
790
809
731
566
346
258
341
187
38
-93
-281
-427
-722
-945
-1019
-959
-829
-895
-993
-986
-958
-921
-871
-743
-546
-397
-235
44
460
993
1577
2184
2812
3466
4128
4758
5347
5926
6414
6707
6842
6849
6753
6446
5973
5426
4728
3937
3056
2208
1413
595
-198
-953
-1595
-2201
-2790
-3201
-3363
-3494
-3650
-3664
-3599
-3495
-3387
-3223
-2984
-2766
-2532
-2381
-2296
-2127
-1927
-1758
-1618
-1491
-1272
-1037
-848
-657
-427
-1
416
698
1068
1519
2005
2337
2443
2580
2761
2744
2503
2295
2200
2088
1853
1480
1127
930
681
270
-61
-244
-445
-771
-1232
-1559
-1687
-1930
-2332
-2647
-2789
-2883
-3015
-3263
-3396
-3366
-3465
-3619
-3658
-3469
-3259
-3115
-2908
-2620
-2201
-1929
-1750
-1426
-1028
-636
-370
-96
226
485
639
712
930
1122
1127
1153
1120
1075
1062
887
686
551
382
193
-13
-200
-302
-435
-627
-752
-808
-840
-895
-987
-1021
-1006
-1029
-1055
-1070
-1020
-835
-626
-325
112
566
1104
1713
2276
2956
3682
4303
5001
5595
6033
6449
6699
6823
6848
6670
6276
5874
5375
4683
3970
3116
2272
1522
623
-254
-927
-1552
-2142
-2645
-3105
-3368
-3463
-3581
-3614
-3492
-3312
-3133
-3030
-2921
-2696
-2595
-2544
-2409
-2234
-1949
-1796
-1692
-1432
-1125
-803
-592
-394
17
457
799
1072
1315
1655
2007
2222
2314
2389
2554
2569
2397
2225
2076
1890
1550
1194
912
680
441
52
-288
-375
-455
-714
-1040
-1258
-1351
-1565
-1927
-2180
-2362
-2588
-2893
-3249
-3443
-3474
-3557
-3685
-3718
-3574
-3331
-3202
-3075
-2753
-2350
-2098
-1926
-1609
-1218
-861
-582
-309
-7
286
475
565
814
1023
1111
1146
1095
1070
952
819
719
629
509
279
146
26
-126
-174
-227
-254
-282
-373
-435
-525
-685
-813
-871
-935
-981
-958
-934
-884
-730
-457
-85
364
898
1505
2140
2822
3560
4275
4947
5551
6057
6508
6840
6955
6903
6690
6321
5824
5165
4420
3658
2818
1931
1080
292
-436
-1124
-1745
-2320
-2831
-3161
-3396
-3606
-3677
-3601
-3452
-3360
-3371
-3286
-3094
-2949
-2797
-2601
-2405
-2192
-2001
-1848
-1646
-1363
-1083
-834
-572
-249
150
538
827
1158
1621
2034
2306
2522
2696
2802
2816
2678
2493
2351
2113
1737
1350
1044
845
612
271
1
-170
-380
-671
-1025
-1311
-1522
-1866
-2325
-2706
-2979
-3219
-3499
-3761
-3862
-3837
-3887
-4018
-3963
-3728
-3545
-3385
-3165
-2852
-2414
-2042
-1752
-1339
-881
-489
-205
18
366
669
707
772
1002
1185
1252
1224
1173
1182
1111
897
705
581
450
263
32
-125
-257
-497
-738
-893
-1018
-1115
-1218
-1335
-1373
-1371
-1403
-1430
-1412
-1307
-1085
-833
-588
-195
377
975
1630
2407
3195
3963
4729
5394
5965
6494
6883
7125
7266
7191
6920
6526
5966
5321
4629
3829
3006
2199
1378
561
-266
-982
-1548
-2142
-2681
-3054
-3367
-3615
-3715
-3697
-3623
-3485
-3325
-3175
-2988
-2793
-2713
-2682
-2582
-2463
-2275
-2131
-1998
-1718
-1409
-1091
-788
-406
76
553
953
1228
1562
1942
2192
2309
2440
2634
2718
2609
2423
2282
2146
1893
1544
1267
1089
829
426
31
-197
-359
-635
-961
-1193
-1351
-1557
-1908
-2278
-2480
-2642
-2872
-3099
-3246
-3283
-3345
-3528
-3674
-3567
-3393
-3316
-3231
-3038
-2707
-2419
-2150
-1832
-1436
-998
-708
-438
-134
190
480
572
654
807
900
964
1004
1017
1118
1182
1029
875
776
557
304
7
-259
-404
-586
-762
-920
-1036
-1095
-1205
-1287
-1314
-1274
-1205
-1220
-1143
-957
-747
-531
-315
130
781
1389
1990
2672
3406
4151
4863
5465
6031
6547
6891
7089
7121
7036
6815
6372
5812
5111
4364
3600
2708
1856
996
90
-688
-1397
-2018
-2567
-3032
-3305
-3560
-3731
-3778
-3751
-3594
-3498
-3415
-3273
-3099
-2924
-2826
-2726
-2551
-2285
-2011
-1760
-1469
-1199
-943
-677
-383
-21
414
806
1117
1465
1834
2109
2289
2482
2684
2765
2742
2594
2388
2194
1879
1458
1011
712
502
254
13
-232
-370
-508
-759
-978
-1120
-1238
-1428
-1769
-2142
-2377
-2634
-2992
-3260
-3376
-3408
-3531
-3759
-3784
-3606
-3478
-3340
-3140
-2839
-2390
-2070
-1898
-1580
-1191
-885
-613
-309
42
329
490
606
698
767
829
825
806
877
932
881
804
718
633
542
377
182
12
-178
-448
-764
-965
-1038
-1099
-1144
-1192
-1249
-1235
-1217
-1235
-1210
-1106
-907
-630
-294
138
649
1214
1851
2573
3380
4183
4887
5494
6056
6543
6848
6973
6993
6876
6594
6210
5760
5215
4503
3626
2687
1727
812
4
-773
-1492
-2068
-2583
-3033
-3320
-3500
-3596
-3558
-3434
-3263
-3089
-2961
-2798
-2579
-2418
-2343
-2309
-2222
-2012
-1804
-1663
-1462
-1195
-970
-789
-550
-188
259
668
1008
1335
1723
2077
2286
2378
2470
2566
2523
2357
2160
2083
1926
1518
1088
763
590
302
-58
-265
-394
-541
-849
-1170
-1428
-1579
-1830
-2225
-2429
-2511
-2652
-2976
-3276
-3349
-3400
-3564
-3762
-3787
-3556
-3299
-3179
-2971
-2651
-2269
-1982
-1820
-1473
-1036
-688
-478
-249
121
397
521
589
700
886
1009
970
927
1051
1089
925
721
576
526
396
196
9
-107
-198
-427
-583
-685
-765
-850
-1011
-1094
-1066
-971
-1072
-1236
-1238
-1188
-1033
-820
-483
69
737
1388
2057
2814
3555
4249
4870
5477
6085
6555
6932
7187
7280
7186
6874
6461
5860
5172
4489
3681
2820
1916
967
39
-808
-1569
-2223
-2760
-3117
-3256
-3372
-3482
-3477
-3433
-3406
-3334
-3216
-3048
-2823
-2692
-2601
-2458
-2308
-2128
-2025
-1854
-1536
-1232
-834
-548
-273
129
462
820
1112
1419
1859
2179
2339
2474
2648
2747
2712
2573
2406
2239
1961
1608
1218
890
654
279
-120
-389
-613
-856
-1166
-1417
-1562
-1702
-2001
-2388
-2600
-2783
-3062
-3337
-3511
-3529
-3576
-3691
-3802
-3767
-3497
-3250
-3099
-2877
-2473
-2024
-1721
-1411
-1000
-598
-317
-181
-56
181
443
604
682
807
1013
1060
977
1006
996
911
787
627
585
503
286
62
-171
-318
-440
-570
-687
-805
-862
-1005
-1148
-1214
-1187
-1117
-1156
-1138
-1046
-862
-663
-449
-74
421
1057
1681
2332
3058
3822
4546
5153
5776
6290
6643
6860
6904
6880
6789
6492
5989
5394
4659
3809
2955
2086
1212
367
-460
-1246
-1924
-2518
-3076
-3540
-3775
-3773
-3703
-3618
-3459
-3288
-3194
-3114
-2973
-2796
-2626
-2437
-2220
-2041
-1934
-1846
-1705
-1496
-1245
-986
-682
-248
218
624
894
1147
1500
1863
2217
2438
2617
2806
2900
2869
2671
2470
2291
2021
1650
1284
1033
797
451
58
-207
-402
-689
-1067
-1368
-1533
-1736
-2093
-2443
-2635
-2805
-3043
-3365
-3563
-3559
-3616
-3732
-3812
-3681
-3384
-3191
-3100
-2900
-2490
-2192
-2012
-1670
-1257
-894
-598
-305
68
418
617
692
760
909
1033
1014
1012
1071
1108
1100
904
750
667
447
233
-12
-204
-366
-605
-810
-1004
-1194
-1336
-1491
-1649
-1630
-1562
-1521
-1466
-1369
-1073
-800
-497
-4
542
1147
1752
2317
2969
3687
4392
5052
5540
6058
6549
6849
7045
7091
7020
6630
6101
5533
4809
4074
3187
2309
1431
521
-273
-956
-1543
-2102
-2609
-3121
-3487
-3671
-3787
-3823
-3725
-3581
-3502
-3321
-3052
-2703
-2389
-2215
-2079
-1957
-1768
-1600
-1438
-1200
-930
-685
-434
-137
231
684
977
1187
1530
1860
2155
2365
2496
2609
2628
2568
2389
2172
2049
1842
1542
1261
999
761
439
82
-173
-320
-505
-835
-1163
-1405
-1635
-1988
-2528
-2914
-3103
-3303
-3466
-3663
-3739
-3652
-3669
-3730
-3669
-3471
-3269
-3058
-2833
-2465
-2005
-1677
-1430
-1175
-790
-510
-308
34
332
597
670
613
674
700
744
798
764
784
764
646
572
561
539
446
230
-27
-219
-376
-574
-851
-1091
-1288
-1371
-1366
-1385
-1304
-1247
-1231
-1154
-1060
-880
-589
-201
187
627
1245
1971
2645
3313
4102
4849
5457
5985
6460
6860
7103
7141
7070
6911
6553
5957
5257
4581
3773
2870
1932
856
-68
-843
-1641
-2280
-2748
-3070
-3345
-3644
-3825
-3890
-3826
-3737
-3681
-3584
-3413
-3187
-3011
-2850
-2621
-2299
-2032
-1783
-1459
-1155
-830
-575
-302
71
395
741
1058
1306
1609
1947
2183
2392
2567
2625
2687
2649
2485
2332
2135
1856
1532
1177
879
641
352
55
-143
-299
-519
-802
-1066
-1259
-1423
-1700
-2060
-2294
-2520
-2813
-3125
-3465
-3590
-3610
-3747
-3878
-3938
-3786
-3566
-3470
-3283
-2950
-2595
-2301
-2026
-1669
-1257
-883
-646
-416
-86
252
546
733
866
1035
1117
1042
1043
1181
1224
1116
947
801
697
508
190
-71
-231
-432
-706
-994
-1210
-1326
-1438
-1578
-1682
-1679
-1650
-1699
-1736
-1657
-1429
-1125
-728
-193
441
1142
1891
2703
3438
4217
5016
5606
6132
6559
6911
7189
7197
7102
6859
6469
6032
5438
4767
4012
3146
2187
1218
436
-234
-892
-1499
-2084
-2644
-3059
-3363
-3557
-3507
-3408
-3397
-3387
-3327
-3117
-2830
-2700
-2728
-2743
-2661
-2543
-2442
-2219
-1837
-1456
-1132
-791
-373
91
521
896
1173
1453
1785
2052
2260
2448
2596
2669
2694
2599
2451
2358
2182
1934
1599
1281
1057
738
421
152
-55
-243
-562
-910
-1210
-1451
-1721
-2095
-2413
-2636
-2829
-3115
-3491
-3651
-3699
-3794
-3852
-3899
-3757
-3494
-3349
-3175
-2846
-2447
-2133
-1901
-1637
-1291
-942
-659
-378
-73
190
359
496
638
830
1025
1128
1143
1099
1081
1007
864
786
587
350
101
-230
-435
-632
-809
-960
-1140
-1194
-1180
-1161
-1238
-1267
-1250
-1319
-1293
-1169
-964
-708
-405
-4
486
1056
1702
2388
3092
3889
4651
5218
5720
6212
6595
6850
6948
6857
6666
6344
5831
5183
4495
3792
3072
2313
1484
674
-120
-825
-1468
-2052
-2480
-2851
-3101
-3313
-3454
-3415
-3356
-3306
-3212
-3030
-2827
-2672
-2587
-2445
-2254
-2098
-1905
-1770
-1460
-1037
-756
-503
-250
8
275
536
782
1085
1424
1710
1945
2168
2473
2706
2712
2613
2493
2377
2198
1848
1482
1272
1078
787
488
283
177
23
-279
-634
-925
-1109
-1333
-1728
-2078
-2234
-2463
-2851
-3212
-3457
-3539
-3687
-3888
-3911
-3857
-3738
-3592
-3392
-3068
-2707
-2394
-2133
-1829
-1551
-1298
-1035
-816
-514
-104
203
350
520
697
799
856
877
925
976
940
884
815
726
664
520
279
109
-93
-406
-720
-1100
-1391
-1520
-1573
-1574
-1502
-1360
-1334
-1248
-1075
-845
-589
-384
-26
421
972
1537
2135
2809
3513
4301
4949
5457
5804
6161
6554
6727
6708
6573
6366
5958
5353
4662
3970
3218
2394
1566
752
143
-410
-972
-1530
-2080
-2481
-2829
-3156
-3370
-3439
-3459
-3461
-3434
-3343
-3124
-2895
-2712
-2536
-2318
-2141
-2012
-1866
-1681
-1451
-1191
-848
-572
-223
213
526
829
1104
1453
1818
2005
2214
2465
2634
2698
2613
2516
2485
2336
2082
1825
1573
1369
1113
774
463
275
161
-117
-540
-871
-1150
-1477
-1881
-2318
-2630
-2867
-3185
-3473
-3639
-3692
-3745
-3886
-3925
-3841
-3687
-3507
-3407
-3146
-2732
-2411
-2138
-1835
-1447
-1093
-793
-464
-190
99
353
518
684
781
838
923
978
1018
1098
1165
1139
1102
1029
838
595
328
18
-309
-602
-906
-1212
-1432
-1553
-1596
-1638
-1590
-1473
-1387
-1335
-1302
-1119
-907
-663
-320
97
699
1307
1928
2558
3200
3960
4589
5111
5580
5982
6319
6363
6363
6341
6174
5948
5451
4798
4085
3313
2582
1837
1077
344
-320
-905
-1419
-1896
-2277
-2533
-2744
-2896
-2971
-3006
-3007
-2975
-2944
-2888
-2793
-2724
-2650
-2528
-2401
-2271
-2105
-1924
-1680
-1326
-952
-612
-224
191
480
696
995
1361
1722
2026
2206
2398
2667
2809
2798
2736
2656
2574
2356
1968
1583
1263
1019
770
442
209
69
-160
-439
-720
-1030
-1369
-1766
-2170
-2507
-2795
-3066
-3356
-3613
-3710
-3723
-3778
-3799
-3713
-3529
-3337
-3195
-2954
-2605
-2389
-2214
-1929
-1632
-1335
-1046
-830
-559
-210
59
290
496
672
805
814
762
816
858
785
787
708
645
561
385
266
-32
-274
-511
-829
-1082
-1329
-1475
-1544
-1502
-1480
-1388
-1275
-1291
-1162
-951
-664
-333
-2
436
988
1600
2217
2820
3421
4083
4695
5157
5571
5954
6221
6389
6430
6249
5923
5529
5045
4508
3903
3200
2432
1599
788
110
-507
-1049
-1465
-1833
-2160
-2416
-2603
-2736
-2846
-2866
-2829
-2786
-2681
-2617
-2637
-2663
-2678
-2626
-2537
-2476
-2259
-1907
-1562
-1185
-899
-623
-329
-73
260
501
721
993
1252
1589
1934
2232
2455
2565
2587
2628
2650
2582
2396
2075
1787
1531
1259
986
660
403
224
-48
-359
-680
-1047
-1329
-1637
-2036
-2329
-2546
-2822
-3112
-3404
-3683
-3841
-4013
-4119
-3971
-3752
-3543
-3403
-3214
-2843
-2504
-2229
-1944
-1658
-1397
-1192
-1032
-848
-563
-208
16
189
419
531
618
676
724
791
774
823
885
865
839
758
545
291
12
-309
-575
-876
-1142
-1340
-1537
-1606
-1621
-1562
-1497
-1513
-1474
-1383
-1130
-803
-482
-54
452
1111
1750
2387
3093
3805
4506
5091
5667
6170
6590
6837
6912
6831
6511
6177
5680
5084
4459
3728
2988
2178
1353
562
-200
-948
-1567
-2061
-2546
-2958
-3267
-3437
-3453
-3393
-3360
-3332
-3262
-3089
-2872
-2751
-2608
-2431
-2260
-2089
-1969
-1759
-1493
-1197
-877
-624
-242
197
604
909
1112
1499
1903
2222
2433
2564
2769
2901
2829
2637
2557
2482
2270
1970
1603
1333
1177
921
593
419
380
228
-156
-583
-858
-1177
-1673
-2158
-2544
-2878
-3153
-3408
-3688
-3916
-4062
-4219
-4390
-4345
-4014
-3747
-3666
-3441
-2992
-2564
-2203
-1821
-1389
-1002
-730
-482
-223
46
356
607
749
912
1114
1156
1023
1007
1123
1070
900
781
691
619
465
198
-92
-438
-746
-952
-1229
-1517
-1664
-1759
-1851
-1892
-1859
-1738
-1571
-1415
-1226
-898
-479
-96
282
707
1271
1970
2615
3326
4217
4995
5610
6146
6513
6792
6980
6974
6850
6576
6080
5414
4659
3905
3106
2232
1398
655
-9
-684
-1379
-1921
-2294
-2587
-2832
-3053
-3117
-3026
-2988
-2972
-2916
-2824
-2688
-2658
-2739
-2691
-2490
-2318
-2222
-2023
-1633
-1248
-1038
-915
-717
-362
63
411
710
1106
1550
1865
2038
2256
2624
2914
2891
2682
2538
2517
2420
2112
1825
1719
1633
1411
1026
659
506
347
-70
-529
-762
-862
-1062
-1394
-1707
-1971
-2283
-2693
-3128
-3426
-3564
-3733
-4009
-4156
-4021
-3780
-3604
-3375
-3000
-2644
-2438
-2312
-2152
-1910
-1614
-1283
-893
-500
-172
128
371
548
739
813
683
577
616
664
680
734
796
800
714
502
211
-80
-389
-706
-1006
-1303
-1513
-1564
-1551
-1485
-1318
-1187
-1197
-1226
-1148
-960
-764
-574
-223
309
898
1543
2193
2844
3637
4456
5057
5486
5847
6141
6376
6496
6480
6394
6181
5733
5139
4504
3812
3053
2171
1213
391
-299
-964
-1526
-1983
-2358
-2623
-2879
-3072
-3104
-3117
-3170
-3168
-3120
-3005
-2852
-2746
-2607
-2417
-2212
-2047
-1893
-1739
-1561
-1296
-1084
-848
-432
55
480
743
1040
1438
1789
2042
2159
2309
2521
2623
2513
2322
2411
2553
2433
2083
1767
1647
1465
1180
822
612
531
226
-261
-638
-750
-899
-1309
-1846
-2224
-2427
-2659
-2992
-3309
-3416
-3515
-3707
-3876
-3924
-3773
-3594
-3435
-3264
-3011
-2601
-2242
-1933
-1600
-1221
-869
-694
-507
-287
-41
145
278
476
621
729
680
592
550
538
512
408
398
397
391
277
176
57
-169
-396
-747
-1031
-1285
-1441
-1553
-1752
-1777
-1708
-1564
-1380
-1125
-819
-559
-224
193
628
1131
1813
2543
3206
3909
4675
5309
5724
6079
6410
6582
6561
6500
6338
6012
5551
4929
4276
3548
2754
1864
931
192
-467
-1206
-1908
-2354
-2621
-2860
-3080
-3301
-3413
-3343
-3290
-3320
-3178
-2896
-2650
-2588
-2602
-2409
-2169
-2010
-1942
-1773
-1409
-1067
-788
-503
-15
575
934
1106
1384
1828
2161
2278
2362
2517
2659
2701
2599
2459
2394
2302
2092
1775
1496
1330
1171
810
417
284
164
-101
-486
-790
-807
-960
-1382
-1803
-2164
-2433
-2735
-3115
-3417
-3541
-3568
-3771
-3987
-3839
-3461
-3264
-3250
-3078
-2739
-2468
-2345
-2192
-1836
-1447
-1227
-1033
-694
-276
88
224
227
378
563
635
692
738
759
744
649
607
661
667
625
527
350
145
-121
-405
-673
-894
-1047
-1232
-1418
-1550
-1608
-1667
-1747
-1591
-1339
-1083
-731
-399
76
664
1302
1968
2573
3258
3921
4502
4939
5330
5794
6159
6328
6260
6214
6186
5920
5474
4921
4267
3585
2852
2023
1243
620
110
-519
-1246
-1779
-2168
-2571
-3029
-3348
-3458
-3556
-3645
-3700
-3606
-3360
-3182
-3072
-3032
-2898
-2623
-2512
-2419
-2122
-1680
-1278
-989
-630
-127
378
765
983
1172
1524
1822
2019
2247
2506
2803
2952
2896
2748
2658
2570
2290
1972
1678
1495
1357
1037
708
498
358
198
-53
-320
-569
-810
-1222
-1768
-2137
-2432
-2768
-3125
-3396
-3474
-3605
-3816
-3960
-3901
-3650
-3475
-3322
-3046
-2633
-2306
-2175
-1948
-1620
-1307
-1056
-872
-584
-219
32
143
229
345
476
534
480
495
604
613
534
552
627
613
527
286
15
-180
-476
-801
-1107
-1378
-1615
-1802
-1888
-1896
-1749
-1587
-1482
-1300
-1040
-720
-423
-169
179
666
1181
1691
2275
2957
3659
4277
4816
5318
5814
6256
6504
6552
6463
6285
5980
5427
4744
4079
3443
2724
1881
1000
317
-158
-849
-1535
-1948
-2279
-2590
-2901
-3108
-3136
-3064
-3053
-3070
-3019
-2887
-2753
-2799
-2838
-2727
-2541
-2382
-2238
-1946
-1622
-1329
-1026
-717
-275
189
603
986
1220
1499
1832
2012
2159
2338
2537
2612
2566
2567
2512
2407
2233
1918
1676
1556
1464
1239
898
729
652
383
-24
-343
-494
-779
-1312
-1763
-2078
-2328
-2600
-3075
-3483
-3610
-3666
-3776
-3916
-3858
-3551
-3393
-3298
-2973
-2544
-2177
-1992
-1757
-1406
-1169
-1008
-881
-699
-429
-155
70
237
393
530
549
483
509
557
533
484
515
553
463
332
164
21
-189
-535
-793
-1071
-1377
-1569
-1670
-1715
-1679
-1481
-1321
-1260
-1105
-883
-594
-340
-68
334
793
1378
1966
2503
3121
3780
4396
4848
5308
5862
6272
6453
6481
6479
6340
5995
5500
4834
4180
3477
2617
1761
910
174
-492
-1194
-1762
-2221
-2595
-2906
-3175
-3247
-3288
-3346
-3327
-3297
-3197
-3074
-2995
-2937
-2877
-2729
-2545
-2317
-2069
-1822
-1469
-1186
-924
-569
-247
140
524
840
1162
1501
1851
2130
2366
2591
2769
2820
2728
2638
2568
2466
2262
2007
1847
1750
1625
1362
1084
892
634
260
-170
-452
-664
-1038
-1450
-1821
-2112
-2425
-2779
-3053
-3287
-3374
-3491
-3737
-3778
-3661
-3557
-3533
-3448
-3170
-2892
-2646
-2340
-1953
-1598
-1305
-1010
-752
-514
-317
-207
-158
-47
165
286
357
461
572
704
735
724
722
689
667
525
351
229
71
-82
-349
-636
-826
-1039
-1298
-1546
-1655
-1687
-1703
-1654
-1464
-1196
-901
-547
-237
160
700
1331
1913
2454
3199
3938
4548
5145
5719
6215
6477
6533
6532
6415
6078
5598
5029
4419
3812
3149
2394
1593
850
114
-683
-1405
-1914
-2308
-2687
-2969
-3104
-3179
-3169
-3026
-2958
-2934
-2777
-2634
-2616
-2658
-2601
-2480
-2399
-2345
-2174
-1936
-1712
-1331
-1009
-674
-235
170
551
768
1062
1492
1829
2038
2210
2490
2705
2768
2751
2695
2660
2590
2391
2123
1926
1833
1662
1306
1029
914
696
267
-156
-428
-685
-1080
-1618
-2022
-2275
-2598
-2972
-3400
-3716
-3856
-4037
-4214
-4213
-3996
-3666
-3407
-3200
-2834
-2429
-2158
-1929
-1665
-1391
-1123
-911
-759
-538
-299
-108
41
197
430
628
726
781
857
820
703
694
636
548
458
308
151
-50
-218
-377
-622
-905
-1186
-1415
-1607
-1739
-1762
-1724
-1640
-1501
-1256
-951
-584
-163
179
614
1203
1789
2358
2896
3481
4102
4612
5069
5542
6017
6370
6472
6481
6450
6278
5869
5274
4664
3960
3160
2292
1390
579
-147
-867
-1559
-2049
-2414
-2717
-2933
-3104
-3161
-3194
-3231
-3229
-3233
-3182
-3047
-2909
-2824
-2713
-2544
-2374
-2229
-2040
-1786
-1512
-1226
-945
-630
-220
194
492
716
1021
1416
1787
2112
2456
2792
3011
3066
3041
3014
2955
2822
2570
2264
2041
1873
1618
1261
939
749
505
80
-302
-543
-821
-1204
-1647
-2068
-2381
-2652
-2982
-3298
-3469
-3523
-3628
-3795
-3799
-3623
-3514
-3500
-3402
-3119
-2760
-2516
-2306
-1977
-1624
-1303
-1008
-764
-479
-168
26
134
260
443
612
628
630
790
899
893
948
1041
1117
1081
827
519
206
-211
-583
-917
-1255
-1453
-1602
-1811
-1966
-1978
-1850
-1750
-1716
-1516
-1169
-825
-422
54
534
1045
1607
2166
2690
3256
3891
4459
4945
5487
5976
6236
6354
6366
6221
5950
5585
5135
4608
3957
3206
2386
1529
793
80
-681
-1336
-1767
-2104
-2568
-2950
-3179
-3311
-3400
-3493
-3416
-3288
-3153
-2951
-2831
-2799
-2645
-2421
-2361
-2341
-2188
-1919
-1649
-1386
-1065
-714
-405
-71
303
646
1061
1534
1989
2323
2605
2950
3104
3067
2986
2954
2904
2688
2460
2234
1997
1767
1486
1132
810
628
442
142
-139
-290
-547
-1063
-1544
-1892
-2253
-2619
-2948
-3206
-3335
-3410
-3489
-3568
-3545
-3330
-3176
-3175
-3031
-2741
-2488
-2348
-2185
-1845
-1521
-1327
-1108
-839
-624
-455
-333
-254
-121
54
237
309
367
591
708
748
894
1003
1088
989
759
570
208
-195
-524
-950
-1383
-1662
-1837
-1986
-2050
-1960
-1754
-1538
-1323
-1014
-638
-336
-86
227
551
913
1380
1894
2488
3253
4014
4561
4998
5464
5883
6076
6067
6062
6027
5757
5310
4794
4203
3582
2878
2029
1242
667
114
-588
-1271
-1727
-2083
-2485
-2786
-2891
-2924
-2968
-2985
-2969
-2928
-2852
-2759
-2730
-2719
-2599
-2484
-2462
-2451
-2284
-1962
-1657
-1377
-1105
-747
-334
13
438
879
1329
1819
2139
2348
2568
2784
2900
2800
2765
2888
2895
2774
2613
2507
2356
2117
1870
1602
1435
1262
953
563
138
-152
-500
-1100
-1711
-2135
-2523
-3028
-3496
-3852
-4090
-4248
-4395
-4428
-4309
-4062
-3852
-3704
-3444
-3092
-2709
-2469
-2208
-1757
-1399
-1115
-814
-534
-261
5
213
413
621
775
915
926
856
944
1002
886
847
927
926
752
407
36
-314
-657
-942
-1231
-1547
-1671
-1642
-1771
-1858
-1728
-1536
-1431
-1367
-1135
-880
-633
-317
28
444
931
1505
2072
2656
3339
4005
4507
4968
5507
5950
6214
6334
6369
6283
6025
5576
5017
4397
3672
2961
2168
1337
634
-39
-698
-1380
-1873
-2205
-2612
-2874
-3015
-3091
-3045
-3018
-3008
-3001
-2896
-2766
-2770
-2723
-2559
-2405
-2287
-2149
-1968
-1709
-1432
-1189
-897
-617
-290
87
341
609
1010
1378
1651
1914
2214
2463
2579
2633
2681
2684
2627
2455
2204
2036
1923
1802
1583
1366
1232
1054
821
445
112
-112
-474
-924
-1372
-1803
-2237
-2692
-3194
-3645
-3889
-4005
-4111
-4202
-4154
-3955
-3810
-3738
-3559
-3232
-2896
-2572
-2224
-1857
-1465
-1108
-753
-465
-234
62
238
375
591
795
928
893
908
1052
1020
904
898
859
723
540
410
293
105
-66
-324
-664
-994
-1261
-1461
-1731
-1862
-1805
-1818
-1807
-1638
-1418
-1202
-924
-561
-165
279
835
1420
1959
2614
3384
4022
4505
5013
5525
5865
6075
6258
6342
6233
5940
5518
4913
4249
3634
2931
2111
1324
689
-23
-776
-1272
-1748
-2251
-2618
-2866
-2998
-3130
-3141
-3056
-3095
-3058
-2855
-2723
-2768
-2745
-2575
-2477
-2424
-2272
-2060
-1835
-1596
-1384
-1085
-743
-388
9
330
719
1221
1680
1967
2231
2546
2676
2715
2764
2782
2783
2741
2657
2513
2301
2118
1995
1769
1530
1404
1189
844
485
98
-248
-599
-1047
-1471
-1880
-2294
-2645
-3067
-3455
-3634
-3830
-4096
-4214
-4120
-3972
-3933
-3872
-3637
-3323
-3019
-2725
-2383
-1950
-1533
-1174
-833
-487
-105
81
179
418
626
824
915
911
970
974
901
880
936
921
828
720
571
337
44
-257
-659
-1098
-1437
-1659
-1775
-1885
-1939
-1843
-1757
-1718
-1588
-1400
-1147
-809
-412
60
550
1040
1581
2168
2803
3519
4183
4749
5302
5797
6109
6228
6281
6250
6116
5819
5333
4852
4281
3585
2859
2108
1404
716
52
-625
-1233
-1694
-2190
-2607
-2914
-3106
-3102
-3145
-3199
-3200
-3192
-3133
-3043
-2877
-2685
-2539
-2439
-2311
-2151
-1987
-1785
-1610
-1385
-1014
-616
-268
86
436
801
1236
1679
2068
2398
2694
2938
3016
3000
3047
3032
2842
2650
2508
2308
2074
1855
1595
1338
1218
1106
789
407
203
1
-448
-993
-1420
-1797
-2225
-2662
-3092
-3470
-3703
-3870
-4094
-4223
-4142
-4036
-4019
-3956
-3711
-3352
-3092
-2910
-2566
-2100
-1700
-1343
-983
-652
-309
-2
172
306
517
722
819
860
952
1054
1039
1013
1147
1220
1033
799
584
285
-33
-313
-589
-888
-1174
-1410
-1645
-1788
-1751
-1688
-1637
-1541
-1380
-1115
-865
-613
-225
175
585
1108
1609
2094
2681
3290
3849
4414
5015
5549
5882
6091
6262
6264
6031
5640
5094
4481
3881
3188
2408
1628
893
250
-332
-902
-1405
-1830
-2210
-2573
-2912
-3057
-3099
-3101
-3055
-3046
-2870
-2615
-2499
-2503
-2473
-2328
-2198
-2120
-2054
-1889
-1718
-1552
-1309
-980
-590
-206
175
503
918
1343
1618
1854
2056
2309
2503
2520
2512
2535
2522
2421
2292
2174
2090
2019
1910
1733
1582
1513
1351
994
624
346
53
-369
-886
-1333
-1685
-2086
-2521
-2941
-3341
-3620
-3842
-4125
-4278
-4169
-3995
-3908
-3768
-3425
-3042
-2821
-2612
-2250
-1841
-1495
-1213
-933
-570
-213
11
171
332
519
708
772
784
915
1058
1081
1050
1062
1062
927
670
382
81
-228
-569
-970
-1309
-1467
-1540
-1671
-1769
-1669
-1484
-1377
-1302
-1145
-908
-648
-390
-87
286
743
1250
1675
2159
2794
3415
3922
4291
4771
5278
5544
5732
5840
5847
5734
5382
4942
4451
3885
3219
2442
1671
943
277
-396
-1016
-1429
-1719
-2046
-2412
-2671
-2756
-2787
-2847
-2811
-2762
-2703
-2629
-2723
-2770
-2683
-2537
-2433
-2397
-2263
-2009
-1725
-1526
-1310
-1006
-607
-239
54
409
809
1230
1546
1820
2141
2461
2721
2774
2773
2786
2747
2708
2601
2404
2242
2140
1986
1851
1756
1615
1436
1050
600
269
-165
-662
-1169
-1662
-2087
-2510
-2891
-3263
-3598
-3815
-3966
-4129
-4230
-4095
-3966
-3900
-3698
-3466
-3177
-2923
-2647
-2262
-1928
-1557
-1116
-734
-415
-74
127
236
402
595
821
881
901
998
1052
1045
1035
1071
1026
933
817
668
474
154
-235
-649
-1057
-1367
-1600
-1860
-2016
-1970
-1928
-1898
-1698
-1363
-1023
-721
-433
-98
304
730
1166
1633
2194
2869
3527
4091
4613
5138
5574
5807
5900
5955
5934
5693
5352
4970
4445
3940
3344
2561
1773
1012
328
-353
-1003
-1469
-1870
-2234
-2569
-2895
-3075
-3149
-3172
-3157
-3101
-2947
-2784
-2698
-2710
-2678
-2592
-2583
-2489
-2362
-2194
-1934
-1705
-1411
-1070
-696
-258
164
586
1022
1483
1807
2019
2349
2647
2811
2897
2862
2744
2751
2756
2602
2485
2360
2300
2206
1878
1658
1464
1046
587
228
-129
-490
-937
-1473
-1925
-2406
-2794
-3091
-3448
-3646
-3794
-4007
-4116
-4115
-4036
-3939
-3885
-3734
-3407
-3065
-2816
-2514
-2083
-1746
-1441
-1032
-716
-398
-52
184
438
621
739
870
911
994
1140
1193
1115
1038
962
778
556
351
140
-76
-278
-480
-723
-994
-1163
-1281
-1490
-1628
-1592
-1512
-1486
-1436
-1305
-1090
-837
-595
-197
251
678
1258
1788
2391
3181
3846
4386
4858
5319
5705
5819
5797
5837
5813
5516
5100
4667
4164
3602
2944
2222
1473
816
183
-506
-1141
-1736
-2159
-2487
-2813
-2975
-3050
-3060
-3049
-3025
-2885
-2776
-2660
-2534
-2514
-2445
-2369
-2360
-2311
-2210
-2018
-1790
-1605
-1290
-848
-442
-25
354
748
1246
1614
1872
2094
2254
2381
2455
2550
2669
2822
2869
2769
2693
2571
2403
2156
1850
1629
1474
1283
1015
747
500
214
-162
-605
-1085
-1561
-2011
-2484
-2965
-3384
-3681
-3910
-4094
-4198
-4200
-4170
-4114
-3944
-3674
-3320
-2998
-2666
-2312
-1982
-1692
-1487
-1197
-898
-586
-333
-170
80
324
608
778
854
1051
1291
1412
1422
1478
1426
1255
1042
759
438
97
-305
-759
-1122
-1449
-1677
-1891
-2087
-2032
-1938
-1893
-1811
-1612
-1307
-1040
-757
-316
229
760
1321
1937
2558
3192
3809
4336
4767
5199
5638
5886
5902
5930
5941
5716
5352
4969
4470
3845
3169
2411
1608
928
318
-334
-908
-1377
-1778
-2080
-2403
-2683
-2727
-2693
-2705
-2714
-2741
-2720
-2656
-2683
-2726
-2645
-2513
-2482
-2535
-2453
-2237
-2078
-1968
-1773
-1419
-915
-431
-52
383
906
1390
1809
2159
2484
2804
2954
2884
2817
2840
2831
2716
2548
2425
2327
2197
2048
1886
1724
1589
1368
979
599
325
-26
-507
-1013
-1530
-2011
-2448
-2909
-3312
-3600
-3835
-3971
-4025
-4060
-3971
-3852
-3840
-3758
-3485
-3197
-2961
-2673
-2361
-2037
-1753
-1439
-1052
-729
-424
-151
87
304
536
754
833
952
1123
1228
1286
1272
1237
1173
1006
753
487
169
-197
-585
-1061
-1418
-1655
-1954
-2042
-1988
-1963
-1815
-1668
-1457
-1125
-840
-528
-168
291
850
1413
1961
2507
3048
3584
4111
4567
5049
5451
5717
5927
5903
5735
5483
5129
4682
4147
3557
2853
2120
1408
717
56
-558
-1134
-1657
-2020
-2238
-2377
-2460
-2482
-2491
-2446
-2464
-2521
-2426
-2401
-2442
-2435
-2403
-2336
-2283
-2234
-2207
-2041
-1778
-1619
-1385
-1057
-678
-310
-59
205
547
977
1389
1730
2089
2426
2766
2966
2974
2980
2948
2779
2548
2332
2118
1930
1723
1500
1368
1281
1132
926
692
462
219
-208
-786
-1264
-1710
-2206
-2665
-3094
-3398
-3564
-3794
-3928
-3856
-3769
-3632
-3460
-3300
-3024
-2756
-2593
-2437
-2255
-1961
-1591
-1315
-1019
-612
-283
-57
142
315
488
612
657
617
618
644
624
619
594
624
598
524
462
338
207
-43
-356
-661
-1040
-1386
-1662
-1882
-1991
-1975
-1856
-1623
-1358
-1117
-826
-477
-99
291
677
1113
1658
2256
2824
3454
4078
4574
5055
5490
5816
6004
6000
5823
5537
5095
4526
3955
3230
2540
1946
1243
614
31
-489
-967
-1487
-1876
-2190
-2515
-2689
-2723
-2690
-2573
-2518
-2426
-2315
-2338
-2407
-2409
-2288
-2192
-2144
-2120
-2045
-1824
-1621
-1424
-1187
-878
-481
-115
194
484
857
1304
1665
1947
2274
2598
2683
2682
2730
2710
2694
2593
2420
2246
2045
1877
1678
1464
1338
1305
1133
736
389
147
-197
-657
-1064
-1431
-1795
-2127
-2498
-2860
-3098
-3300
-3502
-3588
-3556
-3489
-3510
-3577
-3462
-3213
-3021
-2852
-2587
-2250
-1909
-1620
-1317
-964
-664
-449
-317
-201
-26
222
370
397
563
731
846
959
1055
1171
1178
1100
965
737
471
169
-219
-634
-988
-1322
-1570
-1692
-1751
-1737
-1689
-1617
-1440
-1187
-923
-659
-389
-57
304
687
1144
1661
2272
2932
3528
4097
4619
5055
5428
5618
5605
5544
5396
5090
4682
4228
3732
3208
2642
1954
1245
679
172
-393
-923
-1356
-1722
-2066
-2368
-2496
-2548
-2556
-2528
-2581
-2500
-2357
-2345
-2361
-2402
-2400
-2368
-2371
-2334
-2274
-2169
-1969
-1728
-1398
-1033
-663
-243
139
585
1056
1369
1650
1929
2158
2319
2432
2536
2571
2624
2629
2556
2483
2381
2333
2187
1911
1710
1539
1350
1042
651
308
-52
-492
-967
-1386
-1750
-2067
-2432
-2804
-3011
-3200
-3398
-3570
-3677
-3601
-3533
-3513
-3496
-3374
-3121
-2929
-2724
-2430
-2096
-1789
-1472
-1156
-850
-491
-181
53
285
502
670
783
811
863
983
1062
1074
983
899
865
752
493
267
91
-212
-478
-738
-940
-1039
-1201
-1304
-1361
-1402
-1367
-1321
-1250
-1066
-861
-663
-327
49
459
937
1442
1998
2673
3325
3852
4345
4735
5117
5340
5294
5218
5081
4834
4458
4033
3627
3182
2638
2009
1380
801
292
-303
-869
-1306
-1727
-2040
-2335
-2588
-2640
-2627
-2560
-2516
-2525
-2428
-2329
-2315
-2324
-2298
-2256
-2204
-2164
-2103
-1935
-1751
-1605
-1390
-1064
-674
-317
-19
289
707
1172
1466
1677
2038
2385
2599
2732
2732
2774
2882
2818
2657
2515
2378
2227
1981
1742
1552
1281
984
667
335
93
-187
-538
-834
-1119
-1413
-1732
-2134
-2526
-2847
-3132
-3403
-3639
-3749
-3767
-3768
-3684
-3480
-3212
-2958
-2741
-2523
-2266
-2030
-1840
-1646
-1354
-980
-675
-423
-203
63
390
641
878
1003
1002
909
788
744
650
560
514
465
414
320
124
-115
-328
-582
-867
-1104
-1253
-1351
-1421
-1559
-1683
-1578
-1372
-1102
-822
-477
114
630
1030
1563
2142
2727
3259
3713
4103
4471
4888
5159
5204
5170
5113
4974
4704
4369
3951
3447
2900
2314
1747
1176
610
3
-615
-1079
-1459
-1804
-2123
-2365
-2421
-2443
-2483
-2576
-2635
-2517
-2455
-2456
-2427
-2424
-2372
-2397
-2486
-2421
-2216
-1973
-1797
-1625
-1328
-926
-565
-323
-65
278
735
1135
1438
1779
2101
2436
2633
2759
2887
2947
2984
2881
2765
2634
2439
2188
1945
1775
1517
1245
969
689
499
282
-46
-444
-864
-1287
-1695
-2144
-2570
-2858
-3084
-3305
-3540
-3714
-3680
-3593
-3609
-3555
-3389
-3182
-2948
-2771
-2525
-2173
-1893
-1589
-1305
-1001
-632
-443
-219
104
349
599
735
821
976
1044
1017
948
893
830
732
542
298
135
-17
-211
-441
-669
-888
-1075
-1248
-1438
-1500
-1534
-1567
-1514
-1432
-1209
-891
-548
-117
321
786
1305
1820
2409
2975
3449
3939
4338
4686
4960
5089
5203
5251
5154
4901
4527
4097
3633
3080
2380
1648
1006
452
-100
-696
-1202
-1538
-1782
-2047
-2300
-2400
-2375
-2419
-2514
-2540
-2536
-2522
-2500
-2512
-2472
-2339
-2245
-2188
-2083
-1942
-1762
-1555
-1363
-1172
-917
-576
-210
119
497
935
1363
1749
2019
2272
2516
2657
2709
2611
2590
2628
2492
2405
2309
2165
2048
1787
1549
1410
1192
881
530
212
-36
-319
-718
-1060
-1372
-1652
-1991
-2436
-2683
-2820
-2930
-3040
-3124
-3073
-3027
-3025
-3009
-2926
-2790
-2590
-2411
-2237
-1967
-1692
-1449
-1241
-979
-646
-331
-113
119
315
386
466
443
466
521
500
486
454
457
402
307
126
-62
-198
-447
-699
-947
-1111
-1213
-1364
-1440
-1439
-1451
-1447
-1415
-1356
-1155
-840
-525
-168
243
717
1245
1745
2234
2807
3396
3889
4339
4762
5096
5288
5305
5276
5160
4890
4515
4081
3609
3074
2540
1949
1416
926
374
-105
-605
-988
-1217
-1557
-1885
-2079
-2210
-2281
-2360
-2477
-2475
-2392
-2346
-2327
-2394
-2453
-2397
-2385
-2427
-2358
-2164
-1953
-1787
-1616
-1275
-853
-511
-190
92
483
983
1351
1651
1974
2408
2782
2993
3115
3169
3225
3168
2986
2777
2588
2378
2063
1740
1511
1300
1000
670
403
165
-122
-475
-841
-1195
-1553
-1949
-2367
-2718
-2979
-3209
-3427
-3553
-3544
-3514
-3518
-3474
-3377
-3226
-2999
-2750
-2460
-2136
-1831
-1501
-1197
-959
-661
-323
-63
142
332
504
651
740
795
847
887
873
809
732
673
584
449
310
171
37
-138
-388
-631
-864
-1142
-1383
-1603
-1763
-1769
-1723
-1550
-1270
-1059
-783
-458
-94
368
853
1400
1966
2515
2959
3332
3792
4165
4532
4819
4923
4983
4888
4733
4475
4121
3729
3233
2733
2212
1662
1130
648
186
-233
-635
-1064
-1405
-1737
-2019
-2210
-2321
-2409
-2453
-2442
-2418
-2434
-2466
-2467
-2581
-2529
-2487
-2488
-2436
-2272
-2077
-1927
-1756
-1432
-1085
-711
-332
39
478
866
1147
1432
1764
2093
2401
2649
2832
3102
3181
3188
3094
3022
2934
2764
2506
2208
1940
1634
1318
907
567
194
-139
-516
-997
-1368
-1681
-2049
-2403
-2737
-2940
-3090
-3233
-3357
-3481
-3462
-3378
-3311
-3153
-2918
-2655
-2424
-2209
-2039
-1789
-1472
-1188
-858
-641
-420
-175
-69
72
196
341
451
485
565
595
606
579
540
547
495
433
340
226
79
-165
-364
-554
-797
-993
-1165
-1308
-1397
-1476
-1508
-1436
-1308
-1116
-829
-446
-43
340
760
1217
1656
2092
2623
3124
3564
4033
4439
4734
4849
4874
4836
4709
4517
4168
3801
3406
2868
2295
1707
1108
590
122
-422
-913
-1296
-1649
-1951
-2226
-2403
-2439
-2455
-2453
-2406
-2350
-2249
-2210
-2242
-2172
-2096
-2071
-2000
-1962
-1932
-1795
-1648
-1505
-1261
-920
-541
-194
113
437
761
1034
1299
1579
1822
2080
2339
2491
2541
2610
2643
2565
2462
2350
2234
2085
1899
1650
1335
1071
733
357
37
-318
-616
-937
-1289
-1496
-1723
-2052
-2341
-2623
-2852
-3017
-3146
-3196
-3201
-3116
-3025
-2931
-2692
-2376
-2028
-1726
-1436
-1109
-864
-703
-613
-476
-208
22
155
307
486
599
646
647
619
616
552
461
318
114
11
-144
-340
-472
-670
-804
-862
-1033
-1115
-1133
-1240
-1311
-1426
-1514
-1478
-1369
-1169
-919
-611
-204
251
658
1141
1675
2148
2628
3038
3412
3795
4156
4450
4640
4800
4788
4599
4367
4084
3839
3505
3048
2597
2042
1448
910
405
-48
-475
-871
-1208
-1492
-1733
-1908
-2049
-2151
-2229
-2358
-2436
-2394
-2359
-2380
-2414
-2434
-2405
-2397
-2414
-2338
-2208
-2070
-1867
-1658
-1458
-1148
-751
-391
-53
342
757
1103
1438
1795
2142
2439
2686
2900
3050
3170
3182
3096
2964
2791
2547
2215
1929
1573
1214
966
629
267
-83
-438
-814
-1219
-1553
-1824
-2119
-2418
-2638
-2836
-2985
-3055
-3135
-3161
-3080
-3013
-2968
-2837
-2636
-2406
-2189
-2012
-1833
-1629
-1425
-1245
-1027
-766
-540
-333
-112
76
251
419
564
693
735
797
871
882
904
787
615
492
312
142
-68
-283
-460
-690
-926
-1166
-1350
-1513
-1705
-1782
-1747
-1585
-1278
-944
-616
-263
190
676
1144
1647
2135
2625
3086
3462
3777
4103
4386
4555
4717
4732
4657
4498
4117
3772
3424
2984
2502
1942
1367
883
482
55
-435
-921
-1328
-1686
-1964
-2116
-2194
-2280
-2371
-2445
-2515
-2528
-2542
-2545
-2548
-2514
-2394
-2369
-2348
-2312
-2236
-2082
-1935
-1692
-1373
-1007
-586
-158
244
573
839
1104
1433
1769
2115
2480
2749
2923
3077
3166
3155
3100
2985
2818
2595
2275
1913
1596
1285
945
571
188
-134
-538
-978
-1325
-1664
-1897
-2158
-2487
-2713
-2962
-3149
-3215
-3239
-3120
-2972
-2849
-2674
-2445
-2185
-1939
-1698
-1431
-1156
-981
-833
-600
-427
-284
-60
143
265
382
482
521
492
420
383
389
352
268
188
84
-68
-265
-437
-550
-683
-773
-836
-950
-1092
-1187
-1251
-1345
-1347
-1315
-1199
-1014
-842
-544
-261
65
504
910
1321
1719
2149
2695
3185
3549
3906
4180
4375
4510
4532
4514
4458
4297
4043
3713
3230
2711
2116
1477
985
499
82
-284
-693
-1057
-1402
-1696
-1902
-2032
-2136
-2193
-2237
-2317
-2370
-2439
-2519
-2574
-2601
-2558
-2461
-2346
-2198
-2006
-1809
-1641
-1467
-1253
-983
-683
-387
-109
230
628
995
1388
1805
2222
2525
2680
2783
2798
2828
2783
2659
2573
2443
2249
1986
1765
1563
1326
1108
801
393
1
-356
-713
-1103
-1508
-1772
-1940
-2170
-2371
-2464
-2546
-2672
-2759
-2800
-2775
-2747
-2716
-2574
-2426
-2213
-1968
-1757
-1438
-1107
-838
-661
-553
-371
-211
-126
-6
125
266
359
377
441
463
464
506
459
417
325
88
-74
-205
-402
-529
-619
-701
-827
-981
-1023
-1098
-1185
-1246
-1312
-1277
-1235
-1102
-823
-514
-117
299
664
1052
1452
1867
2361
2822
3177
3508
3855
4152
4329
4446
4490
4414
4272
4029
3671
3265
2819
2339
1752
1107
623
199
-265
-626
-946
-1299
-1601
-1877
-2094
-2218
-2331
-2408
-2412
-2390
-2371
-2317
-2240
-2195
-2119
-2021
-1986
-1922
-1823
-1749
-1627
-1497
-1329
-1011
-675
-402
-168
63
402
731
990
1326
1662
1948
2212
2317
2348
2484
2589
2589
2583
2575
2495
2277
1986
1665
1378
1114
753
409
118
-179
-527
-927
-1219
-1510
-1793
-1975
-2180
-2274
-2321
-2436
-2443
-2371
-2312
-2237
-2125
-1999
-1845
-1637
-1465
-1349
-1208
-1031
-874
-742
-601
-461
-308
-113
39
88
154
243
241
231
256
240
207
153
46
-82
-243
-409
-528
-643
-752
-854
-985
-1102
-1193
-1285
-1338
-1347
-1364
-1401
-1403
-1340
-1241
-1100
-834
-465
-63
363
795
1233
1732
2267
2777
3238
3649
4024
4297
4433
4533
4551
4428
4316
4217
3961
3599
3238
2785
2317
1801
1207
711
195
-304
-677
-1001
-1262
-1597
-1942
-2165
-2372
-2557
-2718
-2741
-2660
-2599
-2503
-2415
-2371
-2359
-2314
-2248
-2156
-2054
-1941
-1749
-1560
-1296
-1016
-717
-352
-28
308
627
969
1350
1732
2103
2336
2504
2704
2839
2896
2940
2928
2864
2735
2489
2210
1900
1542
1188
810
400
24
-346
-716
-1015
-1265
-1525
-1719
-1868
-2062
-2213
-2309
-2458
-2583
-2655
-2706
-2657
-2552
-2388
-2118
-1873
-1642
-1376
-1143
-884
-592
-376
-186
-15
104
209
262
320
359
400
461
432
407
391
386
315
147
20
-104
-209
-339
-528
-712
-878
-1018
-1143
-1220
-1261
-1306
-1352
-1377
-1382
-1335
-1191
-1010
-841
-656
-390
-94
170
451
798
1194
1642
2123
2585
3040
3438
3780
4071
4297
4446
4415
4336
4228
3962
3621
3229
2830
2402
1930
1525
1060
556
125
-280
-666
-1049
-1379
-1688
-1989
-2206
-2441
-2664
-2755
-2795
-2802
-2752
-2719
-2667
-2581
-2522
-2480
-2441
-2320
-2077
-1828
-1604
-1335
-1061
-813
-537
-204
170
520
896
1251
1602
1994
2312
2576
2757
2886
2937
2922
2885
2707
2504
2343
2171
1935
1634
1400
1136
770
410
38
-340
-688
-1057
-1363
-1580
-1812
-1954
-2019
-2116
-2163
-2247
-2286
-2237
-2212
-2157
-2128
-2059
-1885
-1702
-1580
-1482
-1313
-1112
-857
-645
-511
-304
-131
-37
114
258
309
337
338
347
397
440
439
379
354
240
10
-150
-361
-509
-565
-692
-802
-928
-992
-1117
-1295
-1359
-1464
-1499
-1431
-1316
-1177
-975
-682
-363
-13
377
778
1137
1578
2006
2393
2848
3179
3503
3802
3967
4128
4147
4070
3936
3701
3465
3169
2818
2394
1910
1451
987
567
150
-251
-605
-955
-1305
-1641
-1878
-2017
-2109
-2232
-2364
-2376
-2317
-2242
-2213
-2218
-2150
-2110
-2078
-2069
-2074
-1917
-1755
-1615
-1416
-1204
-920
-644
-332
7
315
693
1043
1312
1592
1901
2134
2327
2528
2672
2776
2756
2677
2591
2469
2310
2003
1702
1394
992
631
238
-80
-260
-530
-836
-1107
-1343
-1528
-1686
-1844
-1977
-2057
-2149
-2243
-2248
-2188
-2153
-2147
-2081
-1941
-1765
-1563
-1331
-1118
-937
-766
-608
-462
-295
-104
67
197
289
337
354
364
365
357
341
297
220
116
9
-122
-271
-430
-596
-724
-858
-1002
-1131
-1230
-1284
-1308
-1310
-1331
-1321
-1253
-1152
-966
-854
-660
-276
54
435
773
1151
1635
2031
2453
2815
3148
3451
3690
3850
3953
4031
3952
3886
3708
3421
3163
2806
2368
1898
1471
1018
592
207
-232
-673
-1025
-1319
-1644
-1920
-2107
-2187
-2247
-2307
-2367
-2401
-2372
-2350
-2257
-2227
-2143
-1998
-1949
-1812
-1687
-1582
-1482
-1305
-1047
-877
-624
-325
-79
241
547
772
1038
1341
1622
1823
1991
2194
2321
2465
2567
2537
2495
2381
2199
1981
1701
1421
1185
839
352
-46
-321
-565
-810
-1002
-1149
-1315
-1455
-1534
-1652
-1750
-1743
-1740
-1685
-1635
-1627
-1556
-1486
-1389
-1302
-1205
-1089
-968
-775
-630
-567
-510
-348
-146
-38
88
196
204
189
165
91
36
65
12
-90
-174
-277
-334
-471
-599
-659
-749
-843
-1024
-1193
-1237
-1296
-1404
-1414
-1390
-1395
-1283
-1155
-1049
-841
-590
-326
-48
223
522
832
1148
1518
1895
2249
2632
2982
3280
3542
3712
3795
3819
3782
3630
3464
3283
2997
2726
2346
1909
1489
1003
540
77
-317
-575
-860
-1242
-1532
-1711
-1912
-2106
-2274
-2377
-2401
-2421
-2382
-2313
-2291
-2222
-2109
-2043
-1968
-1853
-1721
-1558
-1431
-1280
-998
-700
-487
-280
19
308
584
857
1094
1421
1712
1948
2133
2236
2406
2527
2496
2398
2304
2214
2089
1866
1551
1304
1057
706
338
26
-217
-409
-598
-833
-1056
-1204
-1340
-1474
-1554
-1617
-1653
-1609
-1598
-1609
-1537
-1491
-1458
-1383
-1294
-1182
-1038
-882
-770
-649
-539
-443
-293
-185
-107
4
121
196
188
113
67
59
21
16
16
-60
-204
-358
-530
-660
-730
-841
-884
-942
-1056
-1082
-1089
-1102
-1042
-976
-988
-957
-871
-768
-617
-425
-224
-78
158
459
705
993
1288
1543
1810
2113
2371
2570
2776
2970
3145
3232
3224
3205
3146
3072
2920
2663
2386
2090
1782
1417
1022
636
240
-144
-531
-904
-1203
-1451
-1697
-1869
-2031
-2150
-2181
-2250
-2239
-2163
-2098
-1991
-1914
-1823
-1739
-1702
-1579
-1436
-1339
-1191
-1003
-871
-704
-485
-258
-6
224
536
798
974
1216
1371
1545
1779
1951
2049
2101
2181
2214
2148
2082
1975
1801
1626
1374
1082
838
556
248
-24
-248
-443
-639
-793
-957
-1176
-1326
-1420
-1503
-1527
-1537
-1517
-1459
-1449
-1436
-1387
-1318
-1175
-1066
-1064
-1008
-896
-849
-786
-682
-583
-468
-363
-287
-182
-108
-88
-40
10
62
66
48
25
-100
-204
-283
-359
-402
-470
-520
-636
-758
-750
-759
-792
-834
-887
-880
-882
-864
-831
-772
-602
-428
-223
19
247
530
790
1024
1254
1477
1734
1942
2163
2368
2538
2775
2876
2905
2943
2903
2884
2799
2613
2370
2101
1864
1575
1275
1020
647
180
-212
-546
-851
-1123
-1379
-1547
-1648
-1751
-1854
-1982
-2065
-2002
-1905
-1871
-1816
-1748
-1699
-1652
-1652
-1638
-1510
-1343
-1218
-1103
-934
-701
-463
-231
44
332
575
777
960
1148
1363
1598
1795
1915
2007
2120
2170
2121
2065
2000
1852
1603
1295
1015
738
382
57
-163
-394
-618
-780
-963
-1149
-1275
-1392
-1492
-1536
-1548
-1492
-1386
-1324
-1274
-1195
-1153
-1114
-1013
-908
-862
-836
-773
-674
-587
-502
-410
-314
-181
-77
-91
-110
-57
-51
-57
0
36
57
81
28
-47
-73
-138
-226
-299
-399
-469
-564
-683
-788
-861
-865
-892
-859
-805
-811
-718
-591
-467
-317
-168
-1
97
257
474
634
832
1003
1211
1485
1688
1841
1936
1986
2084
2188
2272
2403
2492
2475
2442
2379
2245
2074
1885
1685
1446
1170
880
556
216
-83
-426
-786
-1001
-1214
-1422
-1561
-1702
-1808
-1883
-1864
-1860
-1900
-1868
-1839
-1791
-1737
-1641
-1507
-1379
-1171
-1032
-940
-792
-677
-556
-385
-152
45
230
494
678
858
1099
1316
1527
1690
1797
1914
2026
2038
2020
1958
1777
1632
1442
1224
1052
777
500
233
-29
-244
-465
-673
-868
-1030
-1194
-1320
-1393
-1445
-1449
-1441
-1415
-1346
-1249
-1187
-1163
-1126
-1093
-1069
-1023
-971
-949
-968
-949
-857
-766
-674
-546
-445
-332
-185
-77
43
162
214
233
253
260
255
262
232
199
84
-83
-143
-214
-311
-442
-554
-609
-703
-720
-733
-777
-736
-663
-556
-397
-184
13
180
362
495
645
757
856
994
1038
1133
1270
1396
1566
1642
1687
1777
1836
1879
1874
1823
1845
1839
1772
1738
1654
1477
1249
1038
872
677
473
242
-59
-320
-540
-789
-1023
-1241
-1393
-1459
-1543
-1620
-1629
-1579
-1525
-1503
-1433
-1294
-1192
-1102
-1024
-982
-877
-819
-806
-734
-627
-463
-281
-72
101
264
502
674
848
1069
1230
1421
1575
1620
1736
1790
1735
1683
1555
1450
1334
1108
868
646
430
173
-139
-413
-548
-697
-864
-988
-1150
-1217
-1237
-1292
-1328
-1339
-1201
-1110
-1103
-1022
-1007
-972
-987
-1044
-993
-1004
-1020
-1020
-1045
-987
-906
-813
-662
-593
-561
-456
-378
-274
-132
-1
139
202
186
215
264
246
237
250
213
144
30
-84
-187
-296
-357
-420
-501
-570
-597
-521
-404
-239
-42
128
305
456
609
747
797
839
884
919
935
924
995
1114
1200
1262
1323
1405
1453
1451
1428
1405
1349
1247
1193
1148
1060
923
806
729
606
505
419
297
140
-65
-272
-506
-757
-1009
-1234
-1369
-1430
-1441
-1405
-1323
-1223
-1105
-956
-798
-663
-560
-468
-390
-346
-300
-231
-176
-133
-100
-64
35
144
223
320
454
566
705
841
907
1001
1043
1040
1064
1045
956
907
939
872
750
662
573
452
257
22
-168
-322
-466
-525
-686
-846
-908
-1011
-1014
-1055
-1096
-1009
-962
-903
-865
-803
-686
-702
-756
-762
-776
-830
-868
-854
-878
-857
-782
-727
-687
-609
-480
-388
-354
-283
-190
-139
-41
4
42
132
107
141
222
252
208
101
19
-69
-169
-287
-385
-437
-386
-358
-314
-146
-44
86
257
452
640
766
896
987
1007
956
929
892
828
758
691
638
547
506
468
504
602
645
670
653
661
660
691
781
826
863
885
859
806
720
598
489
324
139
41
-58
-206
-373
-560
-729
-836
-919
-898
-787
-721
-660
-585
-523
-483
-364
-232
-119
9
76
203
242
232
252
198
144
70
105
158
166
186
224
299
299
312
337
381
505
569
577
570
500
394
344
304
227
160
41
-37
-55
-133
-222
-338
-492
-635
-728
-787
-834
-798
-767
-729
-700
-695
-623
-601
-611
-582
-591
-627
-678
-694
-699
-749
-769
-792
-834
-801
-704
-668
-636
-583
-545
-463
-417
-369
-275
-174
-56
13
39
55
87
92
51
52
82
74
18
-19
-5
23
126
234
266
362
469
500
546
603
698
817
844
877
907
876
875
805
700
672
658
560
420
310
194
187
215
235
277
0
0
0
0
0
0
0
0
0
0
0
0
0
0
0
0
0
0
0
0
0
0
0
0
0
0
0
0
0
0
0
0
0
0
0
0
0
0
0
0
0
0
0
0
0
0
0
0
0
0
0
0
0
0
0
0
0
0
0
0
0
0
0
0
0
0
0
0
0
0
0
0
0
0
0
0
0
0
0
0
0
0
0
0
0
0
0
0
0
0
0
0
0
0
0
0
0
0
0
0
0
0
0
0
0
0
0
0
0
0
0
0
0
0
0
0
0
0
0
0
0
0
0
0
0
0
0
0
0
0
0
0
0
0
0
0
0
0
0
0
0
0
0
0
0
0
0
0
0
0
0
0
0
0
0
0
0
0
0
0
0
0
0
0
0
0
0
0
0
0
0
0
0
0
0
0
0
0
0
0
0
0
0
0
0
0
0
0
0
0
0
0
0
0
0
0
0
0
0
0
0
0
0
0
0
0
0
0
0
0
0
0
0
0
0
0
0
0
0
0
0
0
0
0
0
0
0
0
0
0
0
0
0
0
0
0
0
0
0
0
0
0
0
0
0
0
0
0
0
0
0
0
0
0
0
0
0
0
0
0
0
0
0
0
0
0
0
0
0
0
0
0
0
0
0
0
0
0
0
0
0
0
0
0
0
0
0
0
0
0
0
0
0
0
0
0
0
0
0
0
0
0
0
0
0
0
0
0
0
0
0
0
0
0
0
0
0
0
0
0
0
0
0
0
0
0
0
0
0
0
0
0
0
0
0
0
0
0
0
0
0
0
0
0
0
0
0
0
0
0
0
0
0
0
0
0
0
0
0
0
0
0
0
0
0
0
0
0
0
0
0
0
0
0
0
0
0
0
0
0
0
0
0
0
0
0
0
0
0
0
0
0
0
0
0
0
0
0
0
0
