0
0
0
0
0
0
0
0
0
0
0
0
0
0
0
0
0
0
0
0
0
0
0
0
0
0
0
0
0
0
0
0
0
0
0
0
0
0
0
0
0
0
0
0
0
0
0
0
0
0
0
0
0
0
0
0
0
0
0
0
0
0
0
0
0
0
0
0
0
0
0
0
0
0
0
0
0
0
0
0
0
0
0
0
0
0
0
0
0
0
0
0
0
0
0
0
0
0
0
0
0
0
0
0
0
0
0
0
0
0
0
0
0
0
0
0
0
0
0
0
0
0
0
0
0
0
0
0
0
0
0
0
0
0
0
0
0
0
0
0
0
0
0
0
0
0
0
0
0
0
0
0
0
0
0
0
0
0
0
0
0
0
0
0
0
0
0
0
0
0
0
0
0
0
0
0
0
0
0
0
0
0
0
0
0
0
0
0
0
0
0
0
0
0
0
0
0
0
0
0
0
0
0
0
0
0
0
0
0
0
0
0
0
0
0
0
0
0
0
0
0
0
0
0
0
0
0
0
0
0
0
0
0
0
0
0
0
0
0
0
0
0
0
0
0
0
0
0
0
0
0
0
0
0
0
0
0
0
0
0
0
0
0
0
0
0
0
0
0
0
0
0
0
0
0
0
0
0
0
0
0
0
0
0
0
0
0
0
0
0
0
0
0
0
0
0
0
0
0
0
0
0
0
0
0
0
0
0
0
0
0
0
0
0
0
0
0
0
0
0
0
0
0
0
0
0
0
0
0
0
0
0
0
0
0
0
0
0
0
0
0
0
0
0
0
0
0
0
0
0
0
0
0
0
0
0
0
0
0
0
0
0
0
0
0
0
0
0
0
0
0
0
0
0
0
0
0
0
0
0
0
0
0
0
0
0
0
0
0
0
0
0
0
0
0
0
0
0
0
0
2207
2226
2081
2022
2129
2282
2131
1585
1142
1145
1218
792
94
-173
-173
-561
-1160
-1393
-1272
-1407
-2038
-2365
-1967
-1643
-1825
-1993
-1764
-1367
-1188
-1120
-748
-184
19
-187
-117
558
1118
885
368
522
1224
1418
865
558
920
1006
273
-304
76
492
-187
-1267
-1286
-533
-615
-1664
-2036
-1201
-661
-1279
-1844
-1303
-537
-671
-1100
-663
214
274
-272
-48
993
1399
796
598
1503
2239
1807
1200
1586
2244
1949
1176
1163
1636
1363
432
111
608
721
-63
-686
-423
-191
-852
-1540
-1247
-715
-1046
-1680
-1501
-846
-792
-1214
-1123
-461
-148
-438
-508
34
459
279
110
467
834
670
427
632
885
714
408
389
535
447
188
71
-33
-237
-382
-398
-304
-352
-623
-717
-673
-744
-713
-536
-503
-662
-664
-405
-373
-569
-437
-49
148
29
-106
137
444
367
295
562
760
545
297
491
768
604
301
276
323
157
-38
23
120
-133
-479
-409
-118
-189
-499
-481
-209
-140
-224
-135
63
106
64
251
671
946
907
859
1026
1237
1302
1280
1261
1242
1172
1045
911
792
607
352
177
102
-58
-336
-541
-601
-673
-840
-986
-1013
-1008
-1069
-1120
-1018
-802
-653
-608
-537
-341
-80
90
148
228
395
574
658
701
795
862
845
741
643
699
696
421
109
-102
-246
-368
-633
-932
-1087
-1239
-1388
-1454
-1543
-1670
-1725
-1613
-1400
-1299
-1321
-1279
-1107
-907
-749
-536
-230
31
187
345
578
835
1034
1199
1341
1422
1444
1414
1311
1156
1005
905
797
622
412
184
-35
-292
-563
-678
-853
-1296
-1704
-1944
-2066
-2107
-2299
-2552
-2524
-2288
-2131
-2137
-1999
-1616
-1385
-1278
-861
-66
808
1467
2017
2532
2732
2987
3978
5388
6190
5777
4767
4587
5558
6285
5529
3923
3097
3299
3150
1938
663
233
-138
-1409
-2733
-2830
-2384
-3026
-4482
-4920
-4029
-3451
-3991
-4493
-3872
-2795
-2437
-2486
-1803
-654
-435
-937
-298
1502
2181
1017
139
1222
2820
2460
882
1027
2609
2350
44
-799
942
1821
-356
-2536
-1611
38
-1150
-3473
-3196
-1216
-1301
-3530
-4170
-2131
-1017
-2603
-3648
-1932
-60
-792
-2315
-1267
1160
1268
-417
-337
1904
3068
1731
788
2312
3800
2858
1424
2209
3887
3328
1208
964
2688
2941
774
-574
642
1599
73
-1552
-821
288
-779
-2356
-1754
-229
-605
-2193
-2178
-606
-127
-1250
-1607
-406
236
-590
-963
148
1038
498
-60
561
1163
780
364
689
1175
1065
575
341
349
155
-40
7
-54
-290
-602
-908
-1169
-1021
-637
-729
-1165
-1420
-903
-579
-1192
-1727
-1215
-171
-330
-1272
-1560
-1045
-932
-1382
-1180
-732
-896
-1636
-1738
-971
-528
-829
-1262
-989
-541
-388
185
1689
2693
2091
1199
1720
3576
4911
5144
4595
3886
3831
4778
6114
5774
3838
2663
3540
4306
2827
940
695
1123
-163
-2102
-2114
-1178
-2068
-4606
-5305
-3534
-2575
-3988
-5327
-4483
-3162
-3326
-3760
-2680
-1303
-1716
-2796
-1793
895
1840
121
-1037
664
2921
2423
596
946
2901
2764
199
-344
2196
3181
234
-2321
-469
2054
406
-2929
-2670
104
-50
-3181
-4006
-1326
-139
-2634
-4265
-2003
196
-1375
-3432
-1771
1178
737
-1753
-1397
1745
2914
815
-413
1608
3632
2570
732
1544
3456
2869
692
660
2548
2586
278
-794
575
1190
-574
-1829
-656
270
-1210
-2577
-1306
388
-365
-1862
-1166
559
465
-692
-221
1312
1306
154
293
1541
1599
449
398
1554
1562
196
-406
290
645
-72
-630
-480
-877
-1961
-2205
-1568
-1539
-2296
-2714
-2696
-3068
-3578
-3341
-2743
-2746
-3033
-2693
-2129
-2287
-2472
-1323
494
1199
1093
1948
3477
3812
3373
4511
7143
8519
7628
6373
6256
6942
7843
8309
7226
4775
3155
3435
3613
2055
268
-209
-726
-2749
-4754
-4656
-3743
-4684
-6676
-6871
-5464
-5102
-6162
-6228
-4468
-3252
-3791
-3868
-2288
-1200
-1711
-1623
485
2460
1815
-85
328
2996
4046
2400
1333
2490
3293
1586
-283
835
2939
1838
-1437
-2165
24
417
-2501
-4353
-2620
-825
-2408
-5151
-4979
-2792
-2526
-3991
-3669
-1408
-703
-2478
-3033
-215
2503
1790
44
971
3472
3997
2646
2837
5017
5591
3465
2154
3624
5047
3662
1383
1368
2617
1925
-471
-1309
11
316
-1601
-2812
-1775
-1125
-2612
-3682
-2242
-738
-1561
-2750
-1988
-495
-254
-558
198
1269
995
194
765
2050
2111
1421
1626
2224
1845
950
838
1349
1153
95
-540
-524
-918
-1713
-1922
-1798
-2525
-3887
-4393
-3866
-3661
-4257
-4746
-4754
-4789
-4806
-4188
-3200
-2767
-2789
-2250
-1099
-188
714
2570
4639
5169
4619
5223
7386
9274
9817
9565
9086
8692
8945
9630
9211
7088
5152
5008
5101
3237
497
-556
-481
-1972
-4711
-5773
-5167
-5945
-8440
-9281
-7379
-6167
-7574
-8738
-7377
-5368
-4865
-4803
-3393
-1808
-2106
-2710
-601
2990
3961
1907
930
3165
5429
4784
3418
4139
5234
3902
1432
1298
3362
3625
741
-1496
-630
316
-1682
-4277
-3761
-1728
-2627
-5915
-6996
-5009
-3502
-4341
-5304
-4376
-3258
-3817
-4205
-2107
744
856
-1064
-957
1727
3469
2780
2274
3996
5661
4782
3423
4245
5751
5170
3188
2797
3971
3563
1239
211
1368
1773
-105
-1737
-1024
-98
-1372
-3058
-2450
-746
-821
-2431
-2862
-1384
-274
-782
-1050
151
1124
674
230
1009
1992
1847
1146
1283
1891
1573
640
337
476
223
-350
-809
-1156
-1572
-1896
-2076
-2628
-3595
-4110
-3960
-3996
-4501
-4848
-4856
-4728
-4319
-3708
-3335
-3327
-3320
-2630
-1239
-96
753
2215
3757
4006
3532
4350
6968
9630
10413
9302
8033
8161
9542
10504
9572
7232
5671
5789
5549
3444
1367
954
498
-1766
-4437
-5150
-4611
-5522
-7711
-8358
-7096
-6592
-7906
-8717
-7342
-5523
-5128
-5102
-3928
-2586
-2637
-2811
-759
2369
2997
891
-10
2290
4805
4682
3502
3913
4935
3791
1443
1639
4153
4599
1497
-1364
-880
445
-1095
-3851
-3857
-1929
-2322
-5363
-6728
-4830
-3212
-4120
-5198
-4106
-2519
-3058
-4237
-2667
591
1392
-373
-571
2110
3938
2590
1439
3660
6301
5370
2851
2987
4979
4803
2486
1989
3863
3957
926
-1180
17
1285
-246
-2100
-1456
-539
-2112
-4066
-3207
-837
-624
-2468
-2857
-1223
-443
-970
-440
1309
1867
829
480
1635
2525
2350
2482
3376
3387
1980
1035
1467
1822
1224
579
178
-770
-2058
-2519
-2228
-2493
-3575
-4353
-4526
-5022
-5796
-5643
-4742
-4622
-5282
-5231
-4379
-3994
-3959
-2952
-1079
310
1018
1920
2999
3644
4471
6480
8671
8965
7500
6959
8730
10567
9971
7804
6311
5904
5546
4593
3315
2049
616
-993
-2337
-3261
-3919
-4573
-5711
-7093
-7447
-6495
-5791
-6534
-7630
-7035
-4938
-3762
-3987
-3428
-1756
-1198
-1714
-538
2578
4066
2192
457
2227
4990
4843
3341
3975
5349
3893
1046
1419
4337
4250
253
-2115
-188
1411
-1152
-4322
-3575
-1213
-2111
-5389
-6138
-3934
-3143
-4848
-5403
-3339
-1912
-3344
-4524
-2179
1083
1187
-516
-40
2424
3301
2084
1962
3929
5081
3677
2199
3121
4618
3895
1890
1381
2403
2384
733
-249
123
-23
-1206
-1768
-1001
-518
-1565
-2770
-2417
-1239
-907
-1299
-1151
-493
-348
-528
106
1391
1877
1278
1013
1720
2261
1959
1727
2093
2196
1580
1092
1233
1263
620
-190
-641
-975
-1526
-2138
-2622
-3161
-3867
-4435
-4584
-4544
-4675
-4913
-4991
-4894
-4634
-4202
-3844
-3575
-2844
-1535
-329
607
1876
3247
3631
3459
4728
7655
9654
8771
6727
6774
9032
10489
9257
6681
5316
5515
5297
3867
2487
1696
455
-1742
-3556
-3752
-3453
-4466
-6386
-7429
-7137
-6620
-6642
-6845
-6718
-6267
-5732
-5034
-3877
-2586
-2068
-2374
-2090
-160
2081
2322
929
949
3272
4794
3661
2618
3911
4872
2838
618
2009
4680
3523
-502
-1544
1237
2136
-1196
-3651
-1753
272
-1864
-5043
-4366
-1687
-2122
-4821
-4729
-1837
-1073
-3419
-4017
-857
1367
-276
-1897
67
2923
2532
506
1330
4003
4039
1773
1425
3587
4346
2103
352
1402
2573
1328
-437
-36
1142
112
-2105
-2029
88
589
-1202
-2055
-840
-119
-938
-1201
-5
844
373
106
1023
1720
1164
806
1870
2781
1941
738
969
1693
1251
223
123
644
324
-869
-1622
-1549
-1666
-2441
-3008
-3031
-3401
-4418
-5234
-5079
-4254
-3845
-4137
-4429
-4308
-3825
-3322
-3036
-2461
-1170
318
1213
1648
2408
3284
3665
4419
6534
8714
8520
6172
5317
7741
10098
8904
5692
4394
5452
5661
3686
1825
1481
794
-1627
-3785
-3535
-2463
-3476
-6149
-7528
-6629
-5463
-5688
-6516
-6490
-5661
-5023
-4571
-3414
-1788
-1177
-1733
-1494
679
2861
2729
1391
1934
4324
5122
3247
2033
3475
4583
2638
340
1338
3612
2498
-1361
-2767
-502
741
-1661
-3998
-2902
-1162
-2535
-4927
-4191
-1594
-1508
-3626
-3690
-1203
-322
-2338
-3071
-67
2757
1483
-1123
-281
2908
3866
2457
2374
3933
3760
1526
1027
3399
4677
2434
-167
60
1184
102
-1755
-1251
252
-760
-3382
-3896
-2097
-1299
-2474
-2767
-1136
-374
-1594
-2119
-344
1584
1624
1115
1746
2387
1727
1260
2772
4717
4424
2552
1712
2333
2596
1606
813
1253
1424
60
-1608
-2052
-1675
-1791
-2487
-2952
-3262
-4154
-5468
-6065
-5256
-3958
-3769
-4876
-5804
-5461
-4447
-3690
-2810
-1074
876
1639
1096
770
1999
4543
7195
8808
8495
6500
5222
6977
10154
10688
7790
4910
4415
4690
3628
2131
1920
1798
-563
-3960
-4936
-3544
-3361
-5486
-7033
-6326
-5490
-6455
-7713
-7125
-5460
-4695
-4553
-3563
-2273
-2259
-2651
-1001
2250
3734
2253
724
1794
4182
5108
4509
4504
5283
4536
1968
919
3113
5071
3154
-603
-1634
27
190
-2355
-3916
-2425
-1235
-3355
-5918
-4921
-2261
-2473
-4753
-4571
-1848
-899
-2566
-2912
-364
1617
743
-108
1895
4226
3344
1240
2176
5100
5439
3032
2016
3421
3761
1681
530
2151
3062
344
-2807
-2171
316
-58
-2821
-3662
-2189
-2095
-3974
-4161
-1637
-276
-2203
-3918
-2133
701
793
-511
392
2580
2523
837
1165
3526
4449
3103
2335
3351
3761
2107
652
1462
2737
1894
-249
-1266
-1060
-1208
-1968
-2347
-2344
-3068
-4745
-6029
-5765
-4638
-4267
-5019
-5615
-5199
-4651
-4897
-4897
-3075
-180
1440
1244
934
1564
2713
4476
7306
9604
8800
5848
5077
7982
10579
9314
6233
5155
5587
4524
2238
1618
2534
1596
-1962
-4566
-4024
-3035
-4518
-6827
-6757
-4886
-4507
-6338
-7587
-6415
-4494
-3845
-3710
-2705
-1830
-2399
-2823
-752
2605
3590
1527
32
1763
4533
4888
3501
3524
4757
4007
1376
908
3533
4651
1519
-1880
-1205
1189
297
-3187
-4203
-2032
-1335
-3873
-5559
-3875
-2316
-3907
-5649
-3938
-907
-775
-2789
-2613
205
1672
598
329
2606
4623
3729
1989
2762
4999
5457
4227
3791
4359
3812
1950
1284
2536
2917
646
-1855
-1823
-679
-1333
-3234
-3738
-2840
-2936
-4313
-4554
-2951
-1918
-2855
-3685
-2357
-284
232
-456
-499
596
1621
1827
2083
2837
3196
2925
2826
3157
3288
2824
2316
2250
2152
1559
719
76
-274
-624
-1225
-1879
-2327
-2814
-3737
-4758
-4911
-4158
-3833
-4687
-5762
-5781
-4810
-3961
-3407
-2217
-482
610
599
381
1331
3637
6128
7588
7349
5945
5304
6756
9044
9360
7089
4773
4261
4536
3940
2550
1696
1242
-486
-3218
-4449
-3434
-2707
-4276
-6479
-6768
-5744
-5642
-6508
-6450
-4935
-3636
-3658
-3862
-3068
-2043
-1674
-861
1482
3444
2535
493
1214
4378
5990
4726
3523
4316
4786
2935
1601
3608
5770
3616
-926
-2285
109
1249
-1168
-3433
-2801
-2054
-4095
-6424
-5293
-2625
-2868
-5272
-5634
-3511
-2347
-3250
-3139
-572
1290
252
-972
834
4106
4921
3280
2745
4324
5299
4395
3744
4622
5046
3549
2009
2242
2754
1468
-650
-1199
-414
-826
-2823
-4047
-3499
-2959
-3735
-4348
-3349
-2378
-3108
-3889
-2782
-818
-75
-544
-593
266
1013
1262
1819
2966
3642
3206
2701
3084
3589
3176
2443
2534
2982
2507
1047
-327
-691
-427
-656
-1479
-2334
-3267
-4347
-5080
-4858
-3970
-3726
-4673
-5713
-5819
-5337
-4908
-4002
-1974
93
648
57
-92
906
2893
5714
8450
8948
6507
4170
5579
9655
11395
8652
4900
3852
4507
3957
2438
2111
2329
373
-3303
-5060
-3947
-3197
-4740
-6442
-6214
-5384
-6122
-7678
-7468
-5267
-3658
-3811
-3882
-2781
-2144
-2757
-2313
898
4298
4013
832
-269
2644
5670
5534
4405
4949
5170
2627
193
2016
5912
5766
1042
-2162
-650
1200
-771
-3611
-2947
-1033
-2706
-6431
-6702
-3565
-2347
-4408
-5324
-3104
-1619
-3287
-4326
-1342
2179
1508
-1115
-286
3345
4591
2824
2569
5154
6490
4543
2947
4392
5803
4001
1511
1977
3502
2000
-1394
-2096
27
479
-2184
-4265
-3624
-2885
-3973
-4638
-3081
-1627
-2702
-4509
-3921
-1487
-289
-883
-865
592
1537
1100
957
2085
3261
3459
3318
3499
3446
2656
1990
2458
3341
3114
1706
273
-591
-1047
-1252
-1345
-1652
-2569
-4182
-5683
-5825
-4648
-3843
-4496
-5614
-5817
-5379
-5296
-5103
-3358
-322
1604
1077
-132
461
2950
5735
7773
8575
7629
5879
5927
8500
10540
9283
6320
4918
5055
4364
2669
1941
2151
842
-2409
-4604
-3974
-2999
-4403
-6713
-6920
-5512
-5377
-6898
-7620
-6420
-4855
-4197
-3792
-2897
-2156
-2207
-1916
248
3124
3571
1344
256
2559
5430
5568
4203
4335
5192
3709
863
1200
4707
5352
886
-2631
-725
1946
-289
-4414
-4237
-1227
-1829
-6025
-7212
-3742
-1848
-4754
-7150
-4644
-1306
-2205
-4443
-2532
1661
2142
-579
-412
3531
5528
3476
2326
5004
7317
5570
3014
3935
6203
5310
2408
1936
3452
2611
-726
-2156
-618
-160
-2634
-4559
-3496
-2341
-3900
-5678
-4398
-2091
-2559
-4604
-4187
-1403
-5
-904
-1158
483
1629
962
713
2440
4086
3695
2731
3109
3829
3164
1945
2076
3190
3184
1537
-84
-512
-390
-611
-1294
-2320
-3531
-4512
-4948
-4866
-4486
-4350
-5036
-6120
-6306
-5237
-4119
-3726
-2911
-666
1341
865
-748
152
4080
7589
8145
6774
5707
5931
7293
8948
9397
7854
5664
4747
4705
3676
1924
1416
1709
188
-3007
-4505
-3380
-2943
-5074
-6954
-6072
-4606
-5494
-7350
-7018
-4826
-3526
-3633
-3308
-2166
-1837
-2423
-1395
2157
4748
3182
99
524
4189
6178
4808
3578
4444
4478
1831
219
2926
6089
4027
-1247
-2832
6
1076
-2051
-4357
-2682
-1412
-4459
-7840
-6245
-2355
-2462
-5832
-6368
-3192
-1672
-3602
-4111
-748
1901
452
-1301
983
4651
4616
2413
3271
6532
7047
4327
3241
5537
6814
4401
1948
2665
3824
1831
-1325
-1571
22
-572
-3281
-4570
-3536
-3120
-4664
-5413
-3829
-2581
-3519
-4451
-3205
-1296
-974
-1348
-433
1132
1454
851
1207
2708
3694
3584
3470
3706
3424
2539
2252
3152
3770
2614
716
-217
-292
-296
-555
-1298
-2610
-4017
-4723
-4522
-4022
-3952
-4767
-6134
-6838
-6146
-4769
-3819
-3233
-1995
-191
504
-389
-601
1881
5733
7950
7516
6153
6002
7403
8764
8580
7306
6420
6242
5666
3929
2218
2007
2141
587
-1926
-3076
-2701
-3065
-5059
-6468
-5794
-4840
-5466
-6569
-6331
-5450
-5402
-5174
-3260
-1294
-1868
-3742
-3014
764
3416
2398
635
1597
3848
4165
3307
4192
6139
5597
2336
614
2774
5251
3908
519
-424
819
287
-2453
-3623
-1968
-1222
-3954
-6941
-6201
-3613
-3664
-5808
-5889
-3647
-2734
-3833
-3585
-844
1129
336
-465
1445
3968
3944
2852
4146
6803
6868
4531
3980
6038
6757
4434
2424
3016
3531
1410
-1125
-1099
-89
-1304
-3784
-4216
-2958
-3201
-5025
-5370
-3730
-2927
-3906
-4270
-2812
-1503
-1669
-1742
-394
985
874
346
1175
2753
3115
2283
2246
3497
4059
2932
1914
2464
3311
2909
1781
1018
552
-72
-732
-1179
-1752
-2934
-4298
-4715
-4088
-3771
-4587
-5692
-6082
-5900
-5589
-4918
-3545
-1826
-501
27
-90
-122
1074
3880
6752
7517
6178
5182
6350
8433
8772
7079
5909
6677
7264
5519
2888
1940
2249
1391
-1023
-2742
-2585
-2537
-4438
-6569
-6342
-4799
-4861
-6396
-6979
-6132
-5381
-5153
-4142
-2286
-1816
-3206
-3312
-299
3009
3171
1218
1012
3241
4606
3772
3434
4989
5729
3545
1241
2374
4789
4016
696
-977
152
867
-1067
-3093
-2554
-1431
-2669
-5264
-5782
-4088
-3643
-5090
-5471
-4005
-3120
-3961
-4256
-2166
156
107
-925
91
2912
4464
3997
3967
5283
5941
5143
4969
6352
6774
4780
3012
3740
4707
2686
-723
-1342
342
165
-2344
-3808
-3281
-3389
-5183
-6060
-4541
-3303
-4337
-5410
-4320
-2451
-2087
-2644
-1724
366
982
36
201
2351
3895
2903
1827
3371
5490
4942
2760
2415
4103
4530
2533
789
979
1260
-65
-1536
-1578
-1612
-3347
-5388
-5264
-3578
-3333
-5187
-6796
-6604
-5532
-5053
-4665
-3013
-999
-442
-1099
-1117
821
3687
5446
6036
6414
6629
6858
7662
8581
8274
6791
6052
6656
6449
4101
1737
1700
2410
754
-2491
-3783
-2922
-3335
-5820
-6947
-5322
-4328
-6153
-7912
-6734
-4554
-4320
-4802
-3405
-1455
-1838
-3106
-1438
2339
3441
1097
8
2635
5320
4650
3055
4069
5775
4297
1270
1672
5076
5625
1685
-1367
-69
1857
271
-2532
-2487
-1143
-2463
-5614
-6199
-3628
-2708
-5315
-6969
-5090
-2904
-3500
-4906
-3454
-708
-659
-1979
-713
2905
4815
3485
2750
4713
6105
5132
4446
6293
8212
6299
2621
2565
5369
5314
1185
-1709
-356
959
-1411
-4176
-3641
-2264
-3858
-6528
-6019
-3315
-2847
-4933
-5577
-3339
-1479
-2111
-2786
-1209
667
367
-377
1344
4087
4204
2221
2108
4556
5830
4036
2166
3014
4663
3919
1648
903
1549
989
-923
-1923
-1661
-2151
-4009
-5334
-4821
-3867
-4430
-6107
-6889
-6223
-5484
-5285
-4418
-2224
-354
-531
-1612
-895
2040
4905
6058
6159
6235
6378
6822
8004
8994
8211
6340
5857
6813
6328
3513
1392
1884
2428
373
-2540
-3392
-3099
-4338
-6383
-6363
-4669
-4684
-7067
-8513
-7088
-5031
-4575
-4501
-3308
-2462
-3223
-3243
-224
3394
3515
787
-49
2825
5678
5288
3897
4617
5583
3847
1694
2971
5746
4955
820
-1308
541
2090
24
-2817
-2788
-1808
-3504
-6245
-5743
-2863
-2667
-5833
-7377
-5044
-2782
-3675
-4794
-2874
-357
-745
-2137
-470
3346
4628
2960
2706
5042
6510
5374
4576
6596
8122
5797
2853
3126
4735
3756
667
-394
676
-21
-2655
-4005
-3108
-2610
-4570
-6451
-5568
-3893
-3908
-4827
-4480
-2817
-2087
-2624
-2181
-261
1089
813
585
1867
3197
2948
2354
3214
4633
4426
2954
2674
3927
4302
2585
742
632
1095
373
-1054
-1799
-2009
-2943
-4371
-4754
-4073
-3841
-4871
-6136
-6043
-5202
-5157
-5092
-3505
-1089
101
-754
-1724
-488
2525
5252
6527
6522
5958
5738
6726
8387
8781
7390
6131
6375
6592
4910
2503
1699
2197
1509
-1031
-2773
-2573
-3111
-5423
-6763
-5533
-4073
-5237
-7677
-7784
-5640
-4225
-4178
-3768
-2825
-2922
-3484
-1858
1780
3818
2336
22
710
4018
5830
4567
3375
4271
4614
2630
1509
3663
5630
3475
-446
-1119
1112
1483
-1240
-3159
-2195
-1634
-4203
-6847
-5597
-2656
-3168
-6486
-7130
-4128
-2366
-3740
-4196
-1603
329
-977
-2121
395
4157
4904
3331
3252
5018
5618
4672
5134
7303
7461
4449
2480
4133
5450
2529
-1398
-1278
1109
470
-2942
-4523
-3587
-3592
-5207
-5478
-3760
-3006
-4462
-5514
-4001
-1600
-1102
-2094
-1855
-42
909
543
1285
3429
4110
2629
2018
3811
5373
4203
1961
1915
3798
4261
2258
448
478
661
-577
-2082
-2291
-1966
-2841
-4565
-5126
-4249
-4010
-5373
-6572
-6082
-4978
-4745
-4549
-2822
-508
-113
-1557
-1708
1095
4644
6226
6047
5816
6042
6404
7079
8047
8299
7343
6252
5737
4797
2966
1823
2215
2201
71
-2635
-3571
-3314
-4017
-5393
-5274
-3976
-4372
-6800
-7914
-6033
-3644
-3010
-3136
-2701
-2465
-2888
-2148
938
3859
3256
249
-504
2388
5010
4465
3152
3776
4282
2180
228
2108
5253
4257
-188
-2269
-299
1217
-631
-2947
-2644
-1680
-3269
-5882
-5503
-2632
-1965
-4679
-6368
-4441
-2170
-2546
-3283
-1654
395
81
-1044
139
2912
4023
3167
3321
5420
6554
5103
3951
5456
6936
5368
3017
3301
4399
2760
-120
-456
852
6
-2853
-4147
-3117
-2631
-3979
-5044
-4363
-3613
-4437
-5376
-4312
-2196
-1516
-2181
-1982
-591
164
-82
458
2269
3428
2783
1880
2433
3671
3756
2800
2592
3426
3422
1778
365
658
1327
499
-1391
-2602
-2676
-2563
-2890
-3359
-3656
-4196
-5247
-5877
-5166
-3815
-3186
-3059
-1963
-231
172
-687
-531
1972
5231
6319
5194
4617
5716
7192
7631
6882
6022
5743
5669
5191
4085
2883
2128
1365
-47
-1693
-2393
-2171
-2803
-4922
-6448
-5618
-4072
-4499
-6203
-6613
-5428
-4190
-3629
-2758
-1408
-1583
-2929
-2000
1546
3842
2488
381
1438
4034
4472
3531
3949
5150
4101
1172
946
4108
5291
2089
-1186
-790
849
-262
-2881
-2966
-956
-1306
-4756
-6599
-4570
-2611
-3890
-5761
-4943
-3079
-3332
-4595
-3519
-582
537
-737
-774
2009
4326
3681
2689
4393
6738
6125
3868
4031
6348
6722
4397
3057
4008
3803
700
-1694
-446
1383
-282
-3742
-4646
-3290
-3343
-5029
-5245
-3538
-2805
-4088
-4853
-3329
-1407
-1304
-1790
-681
902
662
-315
652
2970
3777
2599
1712
2444
3461
3249
2608
2976
3584
2615
509
-262
757
1235
-140
-2116
-3040
-2930
-2943
-3225
-3399
-3747
-4355
-5034
-5115
-4026
-2932
-2599
-2087
-1204
-548
-375
-82
1693
4327
5199
4113
3795
5798
8038
7504
5023
4074
5327
6358
5579
3777
2479
1673
398
-817
-935
-608
-1177
-3138
-5532
-6354
-5187
-4092
-4580
-5692
-5862
-5232
-4788
-4118
-2449
-761
-506
-1193
-888
987
2453
2063
1764
3344
4652
3688
2399
3197
4967
4434
1779
1292
3540
4013
1131
-1487
-726
1123
-138
-3114
-3540
-1966
-2217
-4796
-5739
-3459
-2253
-4479
-6278
-4660
-2191
-2442
-4125
-3385
-772
-122
-1506
-1245
1810
4373
3799
2300
3269
5726
6407
5172
4763
5894
5804
3741
2885
4016
4031
1706
-537
-568
268
-411
-2177
-3039
-2625
-2632
-4068
-5144
-4462
-3385
-3230
-3492
-3135
-2225
-1878
-1973
-1283
-18
716
871
1117
1744
2374
2690
2831
2705
2258
2071
2429
2891
2879
2114
1084
394
-39
-265
-456
-1305
-2466
-2925
-2854
-2852
-3195
-4010
-4642
-4549
-4047
-3333
-2712
-2217
-1383
-749
-866
-829
475
3122
5226
4754
3171
3579
6280
8607
7939
5102
3525
4276
5326
5065
3768
2613
1680
-128
-2222
-2787
-1836
-1102
-2258
-4785
-6147
-5774
-5210
-4925
-4580
-4173
-4039
-4405
-4363
-3127
-1574
-704
-271
592
1774
1700
418
881
3872
5843
4418
2101
2408
4319
4064
2008
1976
3809
3556
426
-1847
-518
1398
-237
-2919
-2531
-1010
-2138
-5466
-6231
-2769
-1102
-4012
-6174
-4614
-2200
-2426
-3957
-2692
-260
-398
-1567
-680
2694
5042
3447
1568
2900
5071
5475
4938
5353
5792
4128
2240
2999
4583
3250
-329
-1645
111
736
-1618
-3953
-3693
-2528
-3081
-4316
-4050
-2931
-3025
-4255
-3933
-1631
-611
-1745
-2314
-890
903
1162
896
1680
2273
1715
1445
2656
4195
3594
1257
637
2378
3381
1943
-37
-153
635
-204
-1944
-2112
-1084
-1262
-3046
-4178
-3492
-3034
-4162
-4896
-3874
-2325
-1849
-2184
-1495
96
390
-409
971
4355
5942
4391
2600
4187
7232
7711
5714
4290
4983
5385
4077
2763
2728
2608
670
-1581
-2187
-1866
-2285
-3409
-4013
-4145
-4591
-5345
-5342
-4479
-4259
-4637
-4541
-3497
-2177
-1994
-1987
-1036
424
1910
2211
1508
1267
2207
3786
4201
3455
3078
3298
3036
1974
1623
2810
3689
2232
-251
-911
240
200
-1784
-2740
-1390
-862
-3466
-5917
-4926
-2333
-2358
-4631
-5208
-3680
-2419
-2746
-2382
-597
192
-799
-1577
675
3619
3705
2193
2512
4630
5022
3674
3399
4879
5496
3890
2367
2560
2925
1533
-591
-1102
-182
-626
-2496
-3643
-3424
-2831
-3263
-3796
-3519
-2980
-3055
-3360
-2387
-957
-453
-613
-540
-95
324
924
1747
2330
2293
2034
2137
2500
2631
2413
2327
2378
1945
1060
431
323
305
-308
-1333
-1948
-2284
-2584
-2596
-2637
-3028
-3650
-4231
-4192
-3585
-3130
-2895
-2341
-1115
189
561
117
221
2025
4530
5484
4742
4081
4815
6238
6272
5028
4503
5017
5300
4014
1823
1097
1559
1031
-708
-2211
-2265
-1988
-3211
-4942
-5280
-4194
-3538
-4624
-5560
-4871
-4035
-3772
-3273
-1988
-691
-967
-1806
-576
2174
3200
1518
521
2631
4806
3902
1927
2469
4642
4156
1124
313
2725
3976
1274
-1971
-1168
1472
600
-2905
-3625
-1069
-821
-4451
-6210
-3362
-724
-2561
-5970
-5353
-1800
-1034
-3101
-3117
-189
1309
-531
-1219
2073
4796
3262
944
2035
4949
5412
3417
3102
4961
4990
2574
1397
2876
3832
1507
-1363
-1238
-11
-775
-2762
-3376
-2452
-2729
-4526
-4760
-2943
-1777
-2597
-3527
-2511
-996
-924
-1036
-126
820
839
452
821
1921
2628
2599
2476
2559
2300
1629
1611
2462
2658
1386
2
-131
338
63
-1039
-2166
-2722
-2647
-2372
-2368
-2632
-3048
-3775
-4494
-4186
-2679
-1385
-1314
-1484
-744
174
397
965
3010
5131
5082
3575
3627
6028
7893
6557
3680
2983
4617
5377
3735
1789
1495
1285
-522
-2325
-2329
-1340
-1689
-4012
-5769
-5422
-4580
-4535
-4942
-4808
-4034
-4000
-4552
-3734
-1596
-364
-960
-1277
573
2593
2156
718
1603
4425
5198
2890
1462
3217
4911
3237
739
1627
4090
3206
-761
-2460
71
1708
-945
-3675
-2727
-863
-2383
-5678
-5130
-1552
-1107
-4291
-6068
-3816
-1047
-1796
-3131
-1361
820
181
-1535
-26
4209
5204
2179
847
3378
6044
5358
3352
3728
4868
3707
1778
1847
3026
2253
-364
-1404
-175
111
-2049
-4032
-3385
-1923
-2563
-4123
-3861
-2609
-2616
-3295
-2645
-929
-465
-1565
-1779
-318
932
1016
827
1086
1365
1315
1644
2557
2871
2039
1207
1440
2163
2265
1699
858
-186
-1062
-1232
-1095
-1566
-2492
-2912
-2799
-2898
-3313
-3630
-3749
-3662
-3115
-2178
-1406
-962
-459
87
283
639
2300
4783
5818
4640
3559
4813
7269
7775
5579
3521
3930
5349
4919
2750
1339
1144
347
-1570
-2887
-2197
-1174
-2459
-5081
-6204
-5388
-4389
-4518
-4765
-4085
-3853
-4727
-4824
-2847
-447
-338
-1685
-923
1740
2537
827
310
3006
5484
4133
1438
2182
5320
5264
1249
-720
2282
4870
2139
-2176
-1986
1012
649
-2922
-3733
-665
326
-3544
-6684
-4123
125
-595
-4938
-6145
-3077
-1165
-2473
-2691
109
1382
-1304
-2715
1385
6118
5018
829
848
4888
6335
3632
2152
4257
5516
3019
454
1331
2909
1411
-1222
-1059
717
19
-2872
-4004
-2635
-1925
-3010
-3626
-2946
-2923
-3964
-3788
-1662
-51
-681
-1966
-1767
-365
823
1526
2061
2044
1335
1034
1934
3083
3161
2329
1547
1160
1026
1115
1212
818
-134
-1027
-1499
-1882
-2348
-2465
-2068
-1820
-2405
-3590
-4378
-3983
-2662
-1393
-787
-726
-844
-766
-120
1155
2830
4446
5092
4223
3191
4121
6641
7727
5845
3344
3163
4472
4134
1970
923
1714
1469
-1155
-3406
-2856
-1334
-1973
-4258
-5159
-4377
-4585
-6174
-6210
-3787
-2066
-3247
-5062
-4426
-2105
-1058
-1343
-251
2301
2771
251
-834
2493
6328
5627
2153
1535
4240
5230
2623
767
2627
4474
2170
-1436
-1012
2031
1612
-2526
-4031
-929
630
-3096
-6769
-4922
-986
-1264
-4695
-5428
-2900
-2080
-3966
-3663
26
1405
-1822
-3514
525
5023
3994
411
820
4677
5933
3396
2134
4258
5698
3961
2040
2283
2563
924
-725
-125
1128
19
-2710
-3565
-2146
-1574
-2767
-3193
-2039
-1767
-3336
-4089
-2174
187
148
-1490
-1987
-875
227
787
1512
2109
1691
865
972
1760
1938
1586
1804
2284
1767
429
-297
189
689
17
-1148
-1812
-2272
-2807
-2867
-2150
-1583
-2431
-4165
-4753
-3407
-1464
-401
-175
-54
-133
-480
122
2637
5504
5905
3723
2394
4353
7330
7484
4849
3085
3956
4929
3568
1470
1258
2122
1234
-1508
-3061
-2196
-1645
-3213
-4706
-4287
-3695
-4789
-6273
-5836
-3994
-3328
-4187
-4285
-2911
-2054
-2519
-2032
745
3081
2090
-436
-347
2912
5610
4981
2754
2330
3782
3978
2211
1865
4229
5208
1791
-1961
-705
2958
2466
-1607
-3063
-945
-663
-4150
-6145
-3215
-204
-2210
-5952
-5766
-2961
-2519
-3930
-2488
961
572
-3385
-3962
887
4877
3412
562
1525
3959
3457
1851
3293
6275
5789
1973
158
2042
3497
1998
181
296
317
-1517
-2880
-1742
-400
-1526
-3527
-3451
-2016
-1943
-3071
-2947
-1176
21
-499
-1281
-997
-353
-216
190
1583
2603
1823
360
159
1179
1976
2042
1948
1811
1147
1
-674
-115
702
282
-1103
-2232
-2514
-2246
-2243
-2351
-2006
-2209
-3614
-4525
-3272
-827
343
-180
-460
85
334
653
2522
5320
6251
4198
2179
3475
6729
7868
5620
3114
3467
4819
3709
1496
1465
2622
1483
-1921
-3659
-2182
-933
-2464
-4570
-4530
-3689
-4740
-6465
-5713
-3328
-2908
-4690
-5342
-3711
-2392
-2752
-2379
458
2890
1428
-1801
-1503
2758
5920
4864
2434
2413
3707
3029
1131
1902
5180
5503
1027
-2466
-534
3064
2254
-1776
-2580
50
-33
-3952
-5910
-2738
518
-1670
-5641
-5169
-2351
-2539
-4332
-2443
1852
1497
-3498
-4641
805
5172
3111
-201
1210
4089
3087
754
2297
5843
5583
1789
203
2275
3391
1420
21
1240
1519
-1373
-3728
-2426
-400
-1253
-3152
-2753
-1314
-1993
-3754
-3179
-623
442
-646
-1322
-660
-342
-812
-315
1609
2704
1539
22
389
1714
1986
1643
2050
2475
1411
-397
-882
157
729
-339
-1758
-2132
-2148
-2640
-2711
-1756
-1185
-2263
-3956
-4220
-2592
-645
176
169
75
-248
-486
730
3550
5832
5531
3323
2211
4074
6808
6802
4248
2853
3908
4503
2665
713
1282
2595
1096
-2441
-3719
-1827
-722
-2743
-5081
-4768
-3495
-4327
-6245
-5893
-3544
-2687
-3933
-4332
-3103
-2713
-3409
-2093
1686
3613
1118
-1981
-748
3614
5767
4147
2518
3379
4246
2632
973
2784
5991
5184
311
-2384
249
3339
1764
-1879
-2080
208
-519
-4337
-5275
-1714
298
-2762
-5870
-4385
-1931
-3083
-4621
-1745
2071
395
-4369
-4119
1439
4342
1718
-246
2151
4159
2139
433
3178
6400
4828
990
623
3100
3336
881
88
1703
1387
-2010
-3661
-1215
766
-1222
-3679
-2739
-831
-1643
-3414
-2578
-181
302
-1055
-1437
-452
-269
-1143
-790
1219
2116
535
-915
22
1534
1207
215
710
1631
716
-1133
-1182
447
876
-845
-2448
-2206
-1182
-965
-1374
-1562
-1755
-2441
-2940
-2148
-372
845
705
-69
-382
206
1621
3505
5002
5014
3530
2531
4076
6959
7400
4369
1707
2705
5037
4370
1286
134
1555
1384
-1875
-4007
-2269
-337
-2171
-5376
-5388
-3122
-3170
-5917
-6915
-4394
-2199
-3198
-4643
-3498
-2010
-3044
-3794
-487
3716
2920
-1325
-1904
2432
5398
3696
1716
3257
5112
3131
38
1339
5615
5845
809
-2378
277
3363
1572
-1732
-1214
1126
-85
-4078
-5173
-2023
293
-1665
-4529
-4034
-2083
-2876
-4770
-2953
1086
1057
-3047
-4116
322
3974
2280
-392
1321
4638
3908
748
1077
4523
5256
2249
483
1885
2596
617
-534
1381
2655
-32
-3329
-2585
213
44
-2426
-2617
-677
-900
-3313
-3423
-563
786
-1050
-2288
-696
792
-230
-1373
-100
1595
946
-581
-239
1040
755
-501
-284
1312
1760
126
-1542
-1453
-502
-312
-759
-992
-1151
-1673
-2218
-2246
-1829
-1629
-2065
-2294
-952
1322
1872
-69
-1454
533
4252
5898
4719
3172
3011
4081
5717
6666
5429
2966
2365
4076
4883
3039
836
525
814
-401
-2135
-2128
-1271
-2360
-4885
-5525
-3886
-3224
-4904
-6397
-5687
-4153
-3737
-3933
-3346
-2498
-2823
-3495
-2023
1400
2998
834
-1475
128
3554
3961
2071
2596
5166
4571
562
-546
3714
7094
4162
-809
-581
3095
2731
-1468
-1945
2147
2879
-2365
-5892
-2691
1225
-877
-5325
-4837
-1132
-1281
-4656
-4251
190
1440
-2289
-4182
-677
2776
1472
-773
1023
4110
3148
-156
-76
3330
4739
2656
1098
2146
2731
749
-856
536
2200
806
-1746
-1893
-420
-394
-1833
-2299
-1235
-652
-1613
-2438
-1600
-366
-471
-1170
-927
-116
17
-437
-432
318
985
833
183
-107
280
886
1052
623
243
333
178
-792
-1526
-998
-361
-1216
-2634
-2547
-1332
-1180
-2330
-2877
-2227
-1764
-1784
-746
1401
2041
169
-1019
1171
4506
5479
4405
3620
3776
4536
5805
6535
5291
3040
2562
4084
4435
2104
-39
354
967
-768
-2779
-2281
-1148
-2504
-4870
-4742
-2837
-2794
-4894
-5833
-4437
-3263
-3861
-4307
-2978
-1621
-2209
-3121
-1595
1361
2058
-53
-1209
960
3771
3646
1653
1560
3475
3632
1182
376
3249
5149
2233
-1344
-23
3453
2557
-1699
-2344
1433
2559
-1842
-5198
-2525
1054
-796
-4760
-4104
-649
-1077
-4535
-4060
646
2185
-1701
-4041
-527
3299
1837
-1105
439
3951
3320
114
583
4073
4247
683
-429
2567
4017
1068
-1618
-352
1517
206
-1896
-1200
358
-826
-3132
-2624
-187
151
-1641
-2084
-686
-269
-1209
-895
838
1062
-687
-1236
573
1824
839
-137
506
922
-156
-794
265
1052
176
-686
-391
-524
-1987
-2887
-1879
-536
-732
-1919
-2547
-2489
-2504
-2445
-1811
-1148
-1005
-583
634
1366
672
73
1430
4092
5813
5476
3853
2771
3832
6488
7661
5362
2157
2066
4390
4602
1748
52
1464
1988
-1185
-4122
-2724
-213
-1800
-5595
-5926
-3126
-2541
-5074
-6153
-4070
-2544
-3740
-4641
-2770
-761
-1680
-3287
-1586
2007
2449
-613
-1897
1119
4222
3434
1258
1923
3964
2980
-70
268
4445
5981
1722
-2344
-380
3712
2771
-1653
-2250
1285
1801
-2669
-5311
-2236
882
-1397
-5136
-4157
-766
-1334
-4703
-3998
931
2440
-1913
-4622
-564
4331
3008
-1078
-396
3722
4171
969
672
4030
4747
1114
-819
2059
4480
1919
-1690
-976
1562
450
-2633
-2139
772
263
-3313
-3836
-305
1487
-1055
-3357
-1869
486
256
-810
-43
1001
-58
-1619
-930
1045
1381
144
-213
670
786
-220
-457
485
776
-176
-804
-511
-578
-1481
-1963
-1393
-864
-1350
-2255
-2600
-2397
-2223
-2167
-1845
-1071
-200
217
108
43
541
1549
2903
4506
5501
4629
2635
2607
5747
8448
6817
2810
1772
4312
5469
2894
529
1469
2341
-616
-4302
-3619
-359
-439
-4142
-6066
-4363
-3245
-5112
-6433
-4322
-1825
-2656
-4825
-4250
-1804
-1398
-2794
-1931
1707
3291
382
-2309
-117
4014
4394
1716
1394
3845
3933
739
-223
3558
6460
2977
-2635
-2371
2466
3642
-525
-3182
-726
1254
-1948
-5401
-3099
1304
604
-4041
-5455
-2285
-507
-2544
-3223
182
2282
-940
-4352
-1753
3575
4088
306
-695
2401
3612
954
41
3468
5564
2224
-1638
-154
3608
3069
-634
-1352
1167
1379
-1897
-3157
-417
907
-1905
-4027
-1912
655
-740
-3413
-2513
288
357
-1663
-1589
819
1492
-593
-1378
974
2850
1544
-444
-47
1490
1424
258
358
1637
1604
-444
-1957
-1049
515
103
-1770
-2472
-1502
-1081
-2241
-3111
-2354
-1604
-2336
-2913
-1495
443
491
-644
-506
977
1873
2126
3428
5186
4716
2522
2784
6472
8640
5763
1678
1921
5036
5143
1781
316
2090
2063
-1712
-4248
-2287
148
-1436
-4928
-5523
-3499
-3188
-5318
-5935
-3677
-2234
-3614
-4711
-3088
-1135
-1510
-2363
-617
2345
2386
-489
-1389
1913
5023
3680
655
1050
3639
3246
304
492
4429
5635
1233
-2660
-584
3499
2775
-1486
-2567
232
755
-2977
-5063
-2019
950
-1185
-4804
-4181
-1141
-1138
-3448
-2942
257
651
-2825
-4264
-401
3654
2566
-754
-494
2443
3060
1486
1963
4262
3965
962
136
2603
3447
414
-1824
238
2678
924
-2500
-2714
-706
-696
-2351
-2015
25
-157
-2871
-3813
-1254
1132
489
-936
-475
290
-712
-1364
864
3404
2257
-977
-1284
1587
2806
561
-1062
743
2645
1033
-1759
-1722
31
-181
-2129
-2562
-1045
-615
-2604
-4301
-3265
-1360
-1698
-3347
-2853
-138
1291
101
-934
321
2397
3400
3902
4728
4704
3294
3146
6268
9246
7188
2032
860
4855
7085
3810
353
1415
2862
-352
-4357
-2898
1201
415
-4801
-6941
-4056
-2345
-4814
-6481
-4000
-1554
-3113
-5559
-4209
-909
-771
-2911
-1993
1770
2624
-596
-2238
878
4333
3365
462
886
3847
4000
741
-318
3141
5486
2311
-1792
-732
2995
2746
-1171
-2438
302
1386
-1873
-4640
-2688
508
-477
-3862
-4210
-2163
-2392
-4384
-3467
159
865
-2869
-5303
-2508
1776
2545
774
476
1775
1760
845
2182
5023
4969
1431
-645
1557
3899
2207
-752
-533
1524
1320
-1079
-2182
-1202
-752
-1587
-1604
-341
-156
-1906
-3003
-1608
328
517
-197
-163
-21
-872
-1485
-170
1896
1999
40
-1133
104
1780
1476
72
169
1683
1814
-248
-1667
-473
1063
46
-2231
-2459
-899
-760
-2518
-3210
-1903
-1364
-2800
-3275
-797
1788
1217
-916
-847
1612
3729
4497
4950
4913
3476
2410
4572
8203
7966
3390
578
2775
5365
3804
739
557
1641
-144
-3398
-3274
-443
-672
-4842
-7047
-4536
-2091
-3625
-6011
-5113
-2757
-2940
-4542
-3530
-684
-533
-2886
-2559
1395
3344
366
-2477
-146
4169
4255
1029
576
3450
3925
571
-720
2964
5885
2877
-1840
-1301
2888
3376
-687
-2571
330
2193
-917
-4261
-2747
495
-135
-3321
-3890
-1962
-1998
-4231
-4052
-400
1659
-1021
-4282
-2988
1092
2481
748
241
2098
2811
1171
408
2199
3863
3094
1403
1118
1676
1171
57
282
1335
841
-1058
-1878
-1124
-631
-965
-1000
-628
-970
-1985
-2248
-1251
-175
32
-162
-124
-151
-492
-463
469
1492
1447
599
140
352
559
592
807
1034
840
348
-156
-625
-918
-889
-930
-1326
-1623
-1620
-1979
-2836
-3137
-2454
-1956
-2366
-2509
-1254
391
657
-206
-248
1229
2926
4032
4970
5234
3863
2683
4623
8010
7713
3420
1002
3295
5500
3413
378
876
2304
-117
-4120
-3835
-218
73
-4220
-6924
-4741
-2230
-3619
-6062
-5330
-3049
-3131
-4680
-3954
-1305
-703
-2700
-3003
379
3183
1468
-1537
-301
3799
4582
1416
261
3350
5165
2044
-976
1642
6072
4657
-1219
-2630
2214
4652
179
-3797
-952
2866
255
-4814
-4245
415
970
-3411
-5042
-1612
35
-3036
-4588
-973
2008
-723
-4442
-2626
2156
2958
-171
-1081
1839
3534
1697
530
2573
4163
2372
302
1329
3169
2241
-99
-394
832
530
-1226
-1584
-251
-49
-1784
-2677
-1246
122
-669
-2044
-1815
-695
-349
-434
112
680
-28
-1183
-716
1046
1780
880
-137
-133
502
784
538
325
295
188
-105
-639
-1140
-1199
-1107
-1326
-1509
-1293
-1277
-2107
-3024
-2782
-1831
-1573
-1635
-440
1497
1546
-624
-1357
1721
5535
6020
3913
2674
3355
4746
6120
6777
5438
2827
2008
3752
4757
2670
-100
-189
895
-785
-3847
-3599
-1078
-1525
-5179
-6902
-4520
-2392
-4120
-6382
-5130
-2672
-2854
-4157
-3033
-705
-841
-2483
-1528
1819
2865
159
-1541
1191
4412
3452
892
1600
4211
3798
612
145
3782
5617
2028
-1812
-195
3667
2903
-1436
-2207
1253
1928
-2334
-4816
-1507
1815
-718
-5024
-4243
-476
-421
-3579
-3548
412
1515
-2375
-4203
-149
3665
1798
-1487
113
3761
3053
-94
454
3892
4061
185
-1471
1436
3417
1098
-1655
-926
844
-295
-2370
-1510
484
-341
-2865
-2799
-258
305
-1752
-2277
-259
665
-800
-1446
465
1939
428
-1554
-693
1597
1899
307
-384
312
433
-191
-152
436
625
215
-412
-794
-1008
-1229
-1319
-1321
-1149
-860
-1263
-2527
-3324
-2591
-1256
-918
-1047
-70
1231
726
-896
-349
3075
5823
5265
3281
2785
3998
5714
6922
6260
3453
1334
2553
4973
4361
965
-899
120
447
-1881
-3581
-2241
-1125
-3429
-6231
-5383
-2690
-2833
-5534
-6236
-3800
-2120
-3159
-3830
-2192
-1049
-2168
-2436
336
2754
1288
-1405
-437
3325
4500
1942
516
2745
4469
2179
-460
1467
5380
4743
-214
-2377
1002
3921
1501
-2178
-1295
1693
494
-3783
-4247
-192
1448
-2158
-5069
-2897
-11
-1363
-3661
-1592
2057
886
-3443
-3342
1742
4216
1233
-1035
1236
3291
1320
-413
2251
5259
3197
-1148
-1305
2260
3411
645
-1305
-252
284
-1642
-2770
-965
568
-1119
-3484
-2831
-459
-85
-1553
-1813
-554
-86
-680
-452
752
1013
-200
-935
159
1551
1276
165
142
721
422
-158
264
1030
814
-220
-1041
-1218
-976
-783
-956
-1247
-1255
-1292
-1993
-2889
-2744
-1679
-1248
-1699
-1300
497
1509
277
-1057
274
3427
5302
4911
3855
3440
3870
5207
6786
6669
4232
2191
3107
4899
3693
383
-577
1151
1100
-2023
-3879
-2185
-922
-3437
-6498
-5731
-3005
-3131
-5728
-6183
-3694
-2321
-3653
-4268
-2286
-817
-1903
-2300
532
2971
1058
-2082
-812
3626
4978
2092
377
2477
4052
1712
-555
1995
5920
4356
-1317
-2864
1511
4146
749
-2729
-845
1901
-625
-5048
-4017
1100
2093
-2582
-5395
-2540
61
-2166
-4232
-1033
2753
574
-4136
-3231
2447
4429
698
-1472
1608
4164
1896
-398
2076
5293
3467
-865
-1141
2315
3329
444
-1370
22
705
-1388
-2688
-906
644
-1035
-3381
-2715
-236
279
-1426
-2211
-944
69
-491
-834
270
1011
4
-971
-154
1216
1292
410
43
569
941
323
-445
-89
776
625
-453
-1228
-1305
-1280
-1565
-1696
-1119
-638
-1610
-3288
-3489
-2150
-1266
-1385
-1006
400
1130
-5
-1148
281
3512
5427
5076
4081
3545
3674
5076
7303
7704
4876
1795
2134
4518
4443
1483
-221
743
692
-2244
-4413
-2960
-1063
-2667
-5788
-5975
-3816
-3587
-5685
-6124
-3643
-1868
-3062
-4560
-3519
-1582
-1496
-1849
250
2947
1899
-1634
-1533
3089
5873
3455
579
1897
4415
3084
147
1339
5371
5325
2
-3087
426
4137
2032
-1797
-1343
1274
-157
-4608
-4694
82
1957
-2089
-5854
-4024
-671
-1819
-4272
-1918
2140
680
-4520
-4694
1421
5036
1861
-1325
890
3933
2512
58
2088
5653
4325
-148
-892
2535
4015
965
-1602
109
1906
-324
-3022
-1904
401
-573
-3184
-2854
-267
118
-2133
-3044
-1087
614
-120
-1132
-283
758
-88
-1243
-310
1491
1423
-143
-648
441
1194
580
-148
309
1184
884
-457
-1173
-701
-458
-1420
-2294
-1694
-741
-1427
-3193
-3612
-2418
-1831
-2348
-1828
356
1541
164
-1121
262
2956
4587
4886
4727
4136
3070
3521
6565
8630
6390
2527
1992
4543
5088
2100
176
1528
1934
-1484
-4700
-3375
-416
-1291
-5112
-6608
-4800
-3775
-5291
-6069
-3949
-1898
-3025
-5223
-4599
-1961
-1145
-2113
-1233
1608
1919
-1490
-3073
1004
5856
4964
615
134
3554
4034
491
-104
4629
7018
1883
-3615
-1202
4720
4460
-1242
-3022
1009
2200
-2669
-5504
-1566
2455
-148
-5199
-4907
-1028
-882
-3888
-3172
1408
2193
-2779
-5340
-742
4316
2841
-1108
32
3917
3430
-4
304
4233
4977
904
-1075
1943
3716
650
-2295
-459
2603
1016
-2955
-3056
-190
149
-2201
-2561
-169
399
-2289
-3713
-1404
1067
402
-1299
-666
819
-229
-2145
-1010
2023
2715
507
-1006
188
1499
630
-404
646
2287
1706
-905
-2349
-1100
399
-262
-1899
-1987
-755
-867
-2737
-3562
-2357
-1422
-2023
-2474
-1012
882
442
-1245
-816
1681
3539
3931
4164
4414
3609
2987
5025
8009
7315
3022
907
3593
6057
3877
419
526
1970
-129
-4031
-4072
-737
-195
-3986
-6537
-4692
-2740
-4478
-6535
-4730
-1611
-1869
-4386
-4575
-2093
-795
-1734
-1432
1470
2860
24
-2627
-35
4828
5261
1499
15
2692
4084
1269
-687
2447
5841
3026
-2667
-2720
2478
4050
-507
-3419
-378
2229
-1110
-5187
-3047
1806
1038
-4309
-5589
-1441
374
-2733
-3845
211
2615
-1214
-4941
-1724
4200
4499
285
-638
2654
3617
765
150
3708
5290
1768
-1218
703
3136
1204
-1869
-1028
1558
773
-2324
-2849
-859
-602
-2412
-2414
-129
378
-2163
-3767
-1848
746
764
-553
-507
259
-395
-1530
-454
2231
3003
946
-855
-213
1141
937
89
730
2253
1969
-571
-2466
-1532
470
452
-1401
-2241
-1326
-1016
-2409
-3310
-2189
-1011
-1744
-2809
-1793
312
698
-576
-762
1011
2740
3337
3880
4470
3738
2522
3687
6740
7137
3445
648
2645
5682
4363
600
-26
1866
1006
-2641
-3603
-727
488
-2851
-6197
-5166
-2480
-2917
-5383
-5362
-2848
-2036
-3833
-4347
-1902
-158
-1621
-2795
-104
3227
2031
-1637
-1253
3302
5263
2232
-21
2333
4720
2502
-609
1162
5257
4393
-1201
-3429
695
4073
1182
-3129
-2351
788
-238
-4155
-4285
-312
1060
-2507
-5208
-3154
-576
-1733
-3360
-1079
2080
623
-3447
-3264
1657
4538
2291
-148
1220
3163
1928
185
1916
4854
4120
663
-318
1826
2560
483
-569
943
1406
-966
-2713
-1455
30
-894
-2264
-1619
-486
-1270
-2788
-2424
-615
178
-383
-559
13
-93
-1042
-1052
586
2077
1666
48
-803
-281
489
557
406
802
1212
491
-1097
-1810
-815
307
-289
-1762
-1918
-1018
-1230
-2493
-2552
-1266
-985
-2150
-2277
-280
1495
1055
-200
44
1587
2793
3449
4195
4420
3492
3010
4643
6489
5365
2339
1609
3682
4503
2299
216
485
788
-1070
-2963
-2157
-378
-1376
-4696
-6041
-4075
-2449
-3638
-5159
-4335
-2760
-3046
-4115
-3255
-1044
-504
-1809
-1617
1158
2746
567
-1774
125
3996
4247
1210
410
2955
3896
1161
-445
2528
5434
2876
-1950
-2103
2109
3540
-216
-2933
-948
814
-1640
-4502
-2914
636
123
-3702
-4630
-1786
-472
-2473
-3174
-187
1857
-662
-3611
-1786
2507
3384
916
245
2378
2977
773
122
2974
4823
2375
-665
29
2303
1766
-644
-849
967
898
-1549
-2645
-1126
-160
-1408
-2309
-1062
121
-908
-2444
-1918
-93
531
-172
-337
309
226
-714
-647
1002
2120
1049
-775
-941
469
1252
436
-361
350
1286
308
-1835
-2354
-892
-69
-1103
-1984
-1212
-629
-2240
-4191
-3290
-472
398
-1063
-1254
907
1945
105
-1020
1851
5999
6557
3671
1818
3231
5777
6783
5758
3695
2139
2402
3815
3831
1565
-514
-444
-106
-1717
-3441
-2516
-824
-2247
-5651
-6206
-3355
-1815
-3708
-5345
-3952
-2145
-2696
-3540
-1891
105
-803
-2398
-634
2857
2886
-592
-1505
2322
5031
2759
27
1640
4334
2464
-1251
175
5134
5361
-392
-3827
-128
4096
1824
-2854
-2385
1435
808
-4370
-5617
-569
2329
-1819
-6211
-4106
136
-886
-4581
-3061
2255
2350
-3274
-4993
436
4576
1988
-1214
1055
4029
1527
-1884
774
5694
4666
-827
-2229
1623
3356
503
-1226
787
1843
-1055
-3609
-1698
1181
-15
-3026
-2576
274
329
-2398
-2956
-435
943
-201
-685
635
1068
-548
-1602
-117
1979
1941
461
-246
-148
-134
-69
332
756
629
-49
-853
-1678
-1967
-1259
-533
-561
-933
-1313
-2027
-3086
-3004
-978
786
568
-45
741
1665
697
-134
2765
7247
7526
3154
223
2927
7751
8737
5360
1807
1104
2483
3466
2911
1573
487
-454
-1879
-3215
-3058
-1614
-1224
-3242
-5507
-5173
-3310
-3286
-4977
-4923
-2528
-1299
-2775
-3848
-2251
-425
-909
-1505
599
2824
1106
-2099
-835
3988
5296
1678
-180
2666
4266
876
-1617
2006
6239
3523
-2625
-2949
2232
3777
-778
-3537
-246
2602
-721
-5393
-4210
566
1155
-3019
-4959
-2202
-481
-2906
-4280
-795
2543
278
-3924
-3092
1646
3226
494
-485
2468
3837
663
-1650
1298
4965
3446
-684
-1158
1500
1834
-626
-1241
805
1128
-1607
-3185
-1325
455
-856
-2690
-1752
150
-368
-2044
-1458
551
572
-1015
-964
761
1196
-142
-708
368
1052
305
-248
467
1027
262
-594
-159
767
713
-269
-1156
-1497
-1404
-1023
-659
-717
-1123
-1501
-1861
-2238
-1983
-740
548
1013
1224
1667
1455
569
1323
4784
7698
6447
2724
1594
4505
7601
7212
4260
2225
2547
3446
2929
1455
743
754
-272
-2547
-3704
-2407
-1064
-2513
-5332
-5743
-3566
-2637
-4619
-6251
-4696
-2156
-1953
-3040
-2502
-1163
-1668
-2547
-230
3582
3338
-853
-2327
1477
4742
3086
651
2304
4720
2268
-2212
-1229
4308
5584
361
-3061
145
3380
404
-3810
-1980
2618
1640
-4116
-6054
-2005
740
-2017
-4872
-2841
-29
-1947
-5308
-3604
1308
2123
-1567
-2952
170
2215
250
-943
2009
4483
2016
-1386
41
3831
3678
279
-396
2152
2404
-897
-2269
635
2554
-234
-3402
-2193
537
-122
-2558
-2134
306
324
-1887
-2071
240
1119
-461
-1066
640
1673
465
-493
456
1189
5
-1060
109
1724
1006
-1158
-1784
-512
343
-427
-1674
-2006
-1438
-871
-864
-1190
-1415
-1563
-1812
-1822
-1172
-347
-137
22
1389
3198
2993
846
544
4118
7800
6999
3315
2240
5140
7926
7315
4581
2902
3317
4107
3538
2052
1002
451
-527
-2087
-3185
-2859
-1884
-2430
-4899
-6528
-5173
-2862
-2960
-5105
-5929
-4255
-2464
-2247
-2288
-1495
-1182
-1805
-1105
1494
2492
124
-1384
1612
5132
3576
-340
340
4652
4868
43
-1680
2905
5861
1479
-3469
-1017
4177
2699
-3443
-4385
652
2484
-2008
-5210
-2480
355
-2169
-5713
-4030
73
-282
-4007
-4042
55
1329
-2095
-3582
277
3522
1115
-2247
-242
3973
3259
-905
-1102
2884
3989
339
-1916
603
3015
649
-2842
-1682
1821
1218
-2620
-3094
317
1451
-1272
-2732
-710
894
-709
-2394
-776
1787
1547
-785
-1572
294
1364
126
-288
979
1605
399
-1257
-695
1001
625
-965
-1426
-297
579
-1055
-3088
-2450
-125
1269
-256
-3013
-3092
-1340
-761
-677
598
2253
2135
589
362
1755
3067
4426
6353
7330
5482
2081
1959
6677
10361
7992
2632
668
3048
4180
2006
1059
2101
1170
-2496
-5393
-4049
-783
-1123
-4416
-5975
-4923
-4019
-4901
-5417
-3662
-2009
-2851
-4523
-3889
-1278
-360
-1811
-1715
1382
3186
483
-2681
-738
4154
5220
1859
207
2567
3643
532
-1111
3099
7062
3391
-3405
-3420
2381
4059
-568
-3199
-175
1435
-2902
-6447
-2792
2362
337
-5768
-6330
-1436
-1
-3793
-4854
-173
2542
-1484
-5158
-1730
3639
2847
-1522
-1355
2904
3491
-470
-1701
1885
4222
1109
-2127
-337
2224
1128
-1655
-1124
1682
1015
-1958
-2959
-1370
69
-728
-1161
-275
118
-777
-2084
-1416
448
1145
827
455
83
-393
-208
757
1560
1439
534
-545
-1041
-843
-215
493
564
-159
-1147
-1609
-2178
-2573
-1508
-1
285
-1285
-2654
-2705
-2232
-536
975
1771
2611
2087
1346
1215
1278
3233
6717
8546
6501
2690
2086
5793
8517
6724
3755
3152
4167
3235
312
4
2305
2393
-1107
-4521
-3968
-1549
-2183
-4448
-4448
-3190
-3633
-5677
-6074
-3865
-2314
-2862
-3217
-2104
-1350
-2423
-3143
-929
2386
2886
242
-1697
-213
2540
3028
1762
2038
3754
3018
-531
-1587
2403
5999
3579
-1721
-2671
884
2297
-780
-2921
-669
1305
-1629
-5615
-4329
308
891
-3413
-5642
-2710
-159
-2101
-4152
-1689
1550
62
-3368
-2250
2238
3127
-394
-1750
1574
4011
1866
-569
985
3459
2317
-448
-247
1918
1619
-945
-1591
206
663
-1267
-2316
-1171
-631
-2047
-2815
-1361
83
-410
-1572
-1793
-1457
-1144
-396
643
789
-153
-856
-551
83
525
1068
1432
701
-674
-928
205
939
359
-474
-881
-1464
-2002
-1288
317
741
-690
-2278
-2440
-1400
-175
776
1552
2228
2533
2116
1384
1792
4214
7099
7602
5120
2599
3257
6407
8118
6333
3574
3028
3849
2981
582
-159
1230
1252
-1651
-4319
-4069
-2627
-2776
-4278
-5060
-4483
-3975
-4562
-5034
-4037
-2799
-2970
-3415
-2310
-713
-755
-1689
-797
2069
3585
1745
-559
473
3447
3840
1666
1502
4025
4043
-137
-2271
1895
6447
3965
-2397
-3710
574
2463
-929
-3288
-928
718
-2753
-6314
-3881
945
333
-4899
-6535
-2663
-391
-2921
-4233
-626
2047
-1191
-4982
-2404
3346
4101
-149
-1656
1662
3374
882
-399
2723
5104
2049
-1663
-444
2455
2165
-288
-780
1078
680
-2485
-3190
-481
1249
-532
-2999
-2397
-752
-1262
-1950
-891
382
221
-1063
-1703
-938
98
525
549
418
46
-240
2
171
-187
-262
276
574
95
-741
-1360
-1701
-1657
-784
449
343
-1429
-2745
-2273
-1181
-368
562
1354
1512
1661
2126
2187
2069
3294
6120
8078
6567
3007
2242
5900
9279
7917
4035
2597
3831
3960
1911
682
1730
2157
-431
-3711
-4241
-2684
-2258
-3654
-4793
-4726
-4717
-5477
-5856
-4844
-3354
-2919
-3433
-3474
-2759
-2426
-2402
-975
1877
3268
1313
-1472
-945
2865
5394
4063
2043
2668
3511
1199
-1108
1687
6566
5701
-646
-3828
-467
2725
629
-2332
-886
1394
-1576
-6901
-6452
-554
1742
-2795
-6507
-4022
-847
-2853
-5727
-3005
1820
976
-3901
-4356
673
3490
892
-978
1582
3496
1014
-1457
800
4540
3885
462
-284
1373
1564
-203
-556
1705
2249
-1056
-3613
-2470
-407
-143
-829
-795
-726
-1763
-2649
-1850
-221
416
-96
-632
-992
-1540
-1471
-37
1471
1277
-16
-572
-408
-591
-750
-45
716
204
-1151
-1864
-1821
-1896
-1733
-509
585
-272
-2180
-2667
-1366
120
952
1543
2259
2789
2629
1954
1850
3267
5763
7548
6884
4180
2565
4531
7910
8069
4677
2351
3316
4196
2295
276
1185
2773
952
-3333
-5183
-3199
-1498
-2980
-5025
-4525
-3286
-4450
-6634
-6160
-3298
-1671
-2424
-3052
-2115
-1460
-2410
-2654
237
3800
3252
-892
-2542
966
4643
3869
1624
2639
4639
2392
-1996
-997
5571
8162
1946
-4512
-2456
2876
1815
-2899
-1988
2823
1574
-5885
-8536
-2352
2669
-1154
-6710
-4808
-2
-1593
-6351
-4489
2071
2556
-3653
-5779
-181
3956
935
-2333
518
4290
2299
-1601
-271
4095
4182
210
-1167
1480
2823
635
-947
620
1982
167
-2323
-2049
-224
-78
-1435
-1785
-844
-529
-1354
-1908
-1438
-635
-162
-141
-486
-784
-638
-435
-625
-506
552
1348
384
-1334
-1422
139
940
77
-775
-742
-1166
-2371
-2277
-40
1704
423
-2414
-3363
-1789
-110
361
833
1988
2608
1981
1138
1303
2726
4885
6698
6901
5130
2980
3112
5983
8223
6772
3517
2423
3441
3395
1811
1261
2122
1471
-1803
-4523
-3844
-1609
-1432
-3464
-4873
-4555
-4281
-5053
-5274
-3834
-2436
-2805
-3606
-2820
-1433
-1634
-2584
-1401
1812
3276
1056
-1496
-372
2991
3994
2268
1818
3492
3243
1
-954
3270
6758
3421
-2491
-2553
2153
3031
-1310
-3000
787
2453
-2549
-6979
-3806
1473
-61
-5681
-6009
-1234
-301
-4769
-6065
-978
2275
-1558
-5379
-2208
2645
1289
-2801
-1422
3626
4004
-477
-1969
1871
4722
2690
-162
256
1780
1058
-386
424
2130
1357
-1307
-2265
-762
454
-123
-1167
-1452
-1409
-1587
-1679
-1222
-404
10
-550
-1503
-1536
-447
354
-86
-732
-259
646
255
-1245
-1678
-254
951
275
-954
-1027
-901
-1903
-2583
-1077
1123
1070
-1112
-2560
-1949
-621
286
1142
2075
2323
1745
1229
1510
2687
4561
6428
6939
5369
3226
3341
6162
8293
6784
3546
2567
3872
3942
1797
474
1562
2165
-365
-3745
-4175
-2302
-1815
-3416
-4436
-3993
-4150
-5491
-5711
-3846
-2268
-2856
-3996
-3448
-1966
-1719
-2358
-1405
1432
2986
1210
-1163
-274
2899
4034
2421
1833
3590
3944
968
-880
2339
6393
4508
-1407
-2965
1394
3910
423
-2990
-860
2101
-662
-5658
-4930
39
490
-4562
-6633
-2579
125
-3242
-6439
-3477
879
-386
-4345
-3529
1087
2145
-1203
-2280
1194
3447
1063
-1348
478
3399
2802
212
-68
1763
2104
450
-72
1471
1986
-191
-2152
-1238
555
270
-1131
-1079
-67
-344
-1724
-1989
-568
749
436
-827
-1280
-525
106
-249
-682
-244
435
227
-744
-1363
-1017
-237
97
-165
-561
-1103
-2063
-2618
-1534
379
726
-961
-2494
-2274
-1069
-98
677
1691
2530
2437
1596
1123
1937
4065
6579
7642
5915
2917
2377
5525
8635
7714
4099
2188
2957
3356
1994
1227
2256
2422
-347
-3608
-3818
-2008
-1827
-3415
-4197
-3698
-3769
-5065
-5535
-4017
-2598
-2798
-3459
-3165
-2060
-1569
-2026
-1537
795
2632
1525
-922
-791
2193
4161
3030
1657
2775
3551
929
-1333
1460
6084
5229
-972
-3853
200
3736
1085
-2654
-1299
1622
-621
-5364
-4766
185
982
-3953
-6618
-3151
-116
-2540
-5434
-3107
685
-539
-4265
-3577
746
2141
-608
-1747
1217
3140
925
-1270
275
3253
3260
763
126
1556
1528
-110
-436
1229
1904
-226
-2280
-1562
31
-152
-1312
-1122
7
-192
-1565
-1990
-981
-12
8
-285
-361
-408
-453
-290
179
560
393
-95
-579
-798
-493
-148
-178
-373
-616
-876
-1428
-2273
-2105
-614
276
-499
-1611
-1753
-1417
-1353
-910
495
1997
2581
2298
1628
1001
1405
3852
7197
8257
5676
2437
2543
5842
8334
7434
4634
2787
2525
2441
1946
1954
2344
1319
-1415
-3544
-3454
-2289
-1915
-2808
-4086
-4668
-4497
-4457
-4757
-4491
-3336
-2390
-2587
-3179
-2902
-2010
-1514
-802
1148
2588
1001
-1696
-939
2903
4441
2152
995
3397
4449
931
-1658
1895
6448
4304
-1648
-2486
1976
3441
-519
-2935
-131
1862
-1802
-5889
-3925
551
-87
-4680
-5668
-2190
-1012
-4273
-5848
-2243
1226
-619
-4149
-3077
1037
1618
-1432
-1539
2726
4660
1081
-1865
832
4653
3538
-240
-768
1622
2046
-141
-881
952
1575
-940
-3033
-1637
578
-113
-2158
-1858
20
-29
-1817
-2032
-226
669
-373
-1096
-291
350
-372
-1132
-533
668
887
-7
-754
-502
223
302
-343
-638
-201
-77
-1091
-2210
-1812
-343
326
-419
-1482
-1615
-1240
-1309
-983
344
1358
1495
1736
2350
2207
1219
1993
5585
8098
6124
2384
2040
5432
7995
6862
3905
2253
2467
2898
2630
2266
2106
1251
-999
-3215
-3299
-1732
-981
-2491
-4877
-5278
-3711
-3097
-4202
-4840
-3747
-2528
-2986
-3670
-2465
-887
-1235
-1965
-286
2341
1780
-1447
-1841
2208
5163
3278
935
2599
4548
2089
-869
1637
6297
5186
-794
-2883
1288
4040
599
-3286
-1663
1431
-587
-5086
-4862
-789
-216
-4213
-6181
-3442
-1321
-3410
-5375
-2771
823
-361
-4057
-3400
1148
2335
-1251
-2623
1332
4296
1474
-2034
-13
4231
3649
-507
-1147
2257
3216
73
-1277
1492
2870
-176
-2704
-921
1336
-110
-2644
-1939
630
726
-1535
-2058
103
1286
-262
-1430
9
1462
413
-1018
-142
1471
988
-839
-1287
-110
520
-403
-1368
-898
19
-543
-2265
-2884
-1627
-310
-537
-1500
-1478
-472
-141
-1176
-1989
-1090
334
405
132
1589
3440
2705
494
1024
4735
7174
5806
3649
4069
5862
6395
5804
5131
4021
2818
2961
3840
3199
1136
-86
-124
-907
-2699
-3211
-1926
-1876
-4463
-6174
-4374
-2309
-3637
-6033
-5364
-2749
-2146
-3375
-2998
-926
-611
-2342
-2073
1287
3139
851
-1220
1129
4517
3550
238
685
4380
4836
910
-930
2370
5072
2269
-1791
-754
3122
2575
-2448
-4334
-373
2491
-888
-5301
-4103
-332
-1007
-4939
-5255
-1652
-669
-3930
-5323
-1853
1078
-903
-3627
-1740
2094
1998
-994
-1077
2154
3453
1396
381
2235
3223
1323
-125
1359
3007
1749
-576
-534
1057
858
-965
-1331
-126
-207
-1822
-2216
-758
143
-653
-1459
-988
-268
-410
-598
164
971
543
-398
-309
637
1047
595
186
245
266
-99
-541
-639
-363
-153
-587
-1476
-1730
-991
-554
-1305
-1927
-1062
-13
-702
-2155
-2061
-822
-626
-1174
-141
2224
2896
1078
-237
1159
3716
5159
5448
5104
3764
2367
3413
6551
7485
4335
1348
2412
4701
3623
536
-139
1173
316
-2898
-4176
-2255
-1181
-3382
-5621
-4754
-3024
-3796
-5535
-4843
-2651
-2344
-3755
-3661
-1653
-888
-2225
-2558
-50
2666
2148
-274
-383
2032
3500
2664
1918
3275
4286
2089
-498
812
4517
5058
980
-2061
-58
2346
218
-2811
-1300
1946
304
-4865
-5771
-1433
871
-1918
-4629
-3318
-1280
-2666
-4544
-2016
1969
1004
-3380
-3716
891
3314
979
-479
1852
3661
1741
-261
1803
4900
3962
672
-19
1812
2135
255
-464
778
890
-921
-1767
-554
184
-1067
-2176
-1404
-658
-1536
-2128
-886
548
467
-179
64
393
-270
-435
912
1561
438
-346
254
847
165
-886
-593
85
-416
-1093
-1070
-806
-941
-1294
-674
-13
-847
-1574
-1105
-477
-641
-1620
-1952
-1593
-1958
-1969
-750
232
323
455
1528
2159
711
121
3308
6790
6184
3109
2360
4947
6832
5467
3508
3378
3803
3189
1813
937
916
500
-882
-2355
-3089
-2834
-2462
-3249
-4833
-5738
-5265
-4085
-3405
-3551
-3818
-3542
-2879
-2319
-1774
-1060
-575
-330
469
1799
2167
1077
627
2340
4070
3191
1310
1800
3800
3406
578
-288
2262
3775
1096
-1929
-521
2651
1537
-2738
-3447
52
1094
-2658
-5106
-2468
161
-1993
-5284
-4328
-1001
-856
-3379
-3364
-521
561
-1271
-1833
1146
3345
1587
-86
1701
4082
3470
1375
1863
3960
3570
1522
1284
2655
2513
133
-1122
40
786
-124
-1289
-1664
-1770
-2350
-2254
-971
-489
-1453
-2275
-1993
-1001
-207
275
745
500
-522
-692
515
1751
1819
978
757
1199
668
-385
-288
779
1357
495
-722
-1039
-1256
-1615
-1354
-550
-32
-835
-2237
-2373
-1557
-1107
-1320
-1600
-1314
-1335
-2240
-2687
-1956
-442
1298
2283
1951
685
-241
823
3541
5606
5709
4116
2081
1772
3696
5309
4488
2430
1804
2557
1942
-176
-762
614
628
-2047
-3891
-2333
-591
-2377
-5552
-5342
-2181
-1230
-3510
-4715
-3029
-1386
-2002
-2430
-287
1234
-652
-2439
-393
3284
3586
527
-449
2184
3663
1752
333
2453
4573
2180
-1710
-893
3490
4531
603
-2306
-551
1623
-58
-2846
-2332
-37
-605
-3805
-4795
-2381
-951
-2790
-4503
-2822
-169
-908
-3552
-3022
453
1958
2
-1392
716
3079
1862
-278
1131
4338
4305
1469
827
2880
3106
687
-22
2321
3337
640
-2019
-1310
463
-12
-1452
-1098
-316
-1640
-3323
-2367
52
498
-1249
-2100
-925
-5
-389
-273
1065
1679
569
-279
606
1586
1211
818
1544
2044
1042
-348
-382
634
1163
802
31
-737
-1074
-947
-791
-841
-903
-718
-774
-1849
-3029
-2545
-1054
-865
-2005
-2477
-2041
-2313
-2929
-1846
258
810
-104
-270
854
1547
1131
1646
4007
5592
4243
1925
2325
5243
6433
4285
1971
2137
3413
2984
908
-193
568
1088
-434
-2490
-2563
-1575
-2109
-3733
-4064
-2975
-2841
-4309
-4820
-3078
-1391
-1818
-2760
-1633
434
444
-981
-547
2062
3203
981
-1011
726
3551
3080
503
526
3295
3920
934
-850
1555
4030
2053
-1619
-1447
1451
1124
-2862
-4361
-1107
1100
-1866
-5358
-3862
-310
-772
-3979
-3855
-300
700
-2312
-3650
-461
2183
209
-2163
128
3794
2775
-962
-658
3426
4502
1227
-182
2680
4230
1323
-985
1288
3855
1923
-1491
-1213
1223
986
-1525
-2039
-162
414
-1340
-2407
-1358
-464
-1216
-1908
-1113
-138
-390
-1040
-822
-50
471
786
1079
1129
1038
1262
1688
1788
1657
1747
1887
1601
1072
830
678
80
-472
-6
727
-175
-2326
-3058
-1700
-731
-1595
-2648
-2550
-2578
-3693
-4079
-2282
-504
-1335
-3214
-3102
-1642
-1349
-1635
-167
2257
2541
528
-340
1818
4695
5582
4917
4341
3992
3778
4550
5800
5211
2681
1403
2628
3325
1522
-323
-66
299
-1369
-3192
-2699
-1497
-2600
-4995
-5258
-3492
-2951
-4220
-4582
-3123
-1982
-2223
-2282
-1139
-58
-187
-496
596
2543
3078
1550
301
1283
3066
3175
2024
1940
2738
1944
-215
-473
1983
3643
1617
-1796
-2177
86
507
-1668
-2466
-735
-318
-3044
-4959
-2800
70
-958
-4010
-4043
-1318
-596
-2571
-2754
101
1575
-409
-1713
668
3080
1952
274
1731
4063
3311
940
1276
3410
3161
1227
1289
2839
2243
-595
-1674
179
1262
-363
-1958
-1288
-402
-1568
-2801
-1553
469
142
-1913
-2236
-362
384
-916
-1287
517
1943
1092
-148
484
1713
1597
1160
1793
2493
1750
98
-288
1098
2019
1295
139
-415
-386
-501
-1122
-1411
-1009
-814
-1776
-3413
-3789
-2638
-1985
-2568
-3139
-2584
-1640
-2129
-3269
-2373
-48
469
-1161
-1803
62
2068
2108
1543
2216
3292
3321
3097
4028
5084
4601
3870
4643
5331
3681
1027
933
3264
3591
889
-968
-600
-722
-2697
-3725
-1677
-173
-2757
-6293
-6220
-3325
-1856
-2938
-3472
-2410
-2248
-3299
-2808
-67
1905
1001
-532
243
2337
2687
1200
925
2844
3951
2300
469
1326
3063
2194
-343
-563
1815
2535
-444
-3364
-2444
4
-556
-3252
-3559
-1404
-1248
-3996
-5029
-1943
979
-594
-3868
-3401
-79
806
-1070
-1046
1597
2331
-148
-1210
1739
4579
3248
456
942
3564
3730
1431
821
2659
3241
1150
-467
357
1265
208
-1009
-425
398
-617
-2142
-1752
-195
-47
-1276
-1638
-743
-458
-1376
-1740
-589
609
484
-183
39
869
1090
1028
1543
1969
1571
910
837
1162
987
462
475
770
547
-204
-916
-1009
-749
-792
-1150
-1567
-1985
-2257
-2344
-2469
-2524
-2721
-2935
-2533
-2000
-1695
-1572
-1551
-1249
-899
-428
389
806
756
1084
1911
2493
2365
2407
3411
4526
4693
3804
2901
3170
4127
4458
3414
1697
1017
1330
1243
291
-583
-528
-763
-2278
-3542
-3056
-1919
-2199
-3533
-3942
-2994
-2305
-2895
-3035
-1717
-687
-973
-1406
-521
818
675
-65
700
2382
2677
1036
9
1326
2772
2156
601
583
1697
1324
-300
-868
79
722
-337
-1832
-1729
-709
-941
-2158
-2457
-1419
-737
-1786
-2979
-2335
-757
-112
-830
-1535
-817
226
284
249
880
1624
1517
832
1285
2788
3207
2301
1690
1989
2229
1435
746
1437
2003
757
-898
-1070
-266
-82
-1117
-1536
-716
-467
-1383
-2218
-1476
-325
-242
-659
-577
-42
-315
-870
-462
779
1721
1319
567
534
742
883
1016
1286
1642
1102
-275
-814
-297
445
535
-240
-525
-605
-1164
-1586
-1589
-988
-885
-1670
-2084
-1853
-1808
-2410
-2482
-1582
-808
-978
-1601
-1179
-445
-536
-573
281
1653
1839
1171
1335
2038
2387
2322
2936
4052
4115
2993
2080
2408
3140
2886
1715
884
781
518
-381
-1142
-1029
-795
-1490
-2640
-2888
-2243
-2080
-2725
-2945
-2194
-1479
-1521
-1591
-900
-19
302
345
784
1413
1409
1169
1594
2268
2055
836
-77
325
1040
515
-348
-335
-445
-1481
-2663
-2315
-844
-866
-2184
-2967
-2704
-2006
-1886
-1615
-468
317
-41
-721
-685
439
1731
2041
1924
1727
1394
1427
1556
1890
2625
2910
2337
1275
661
913
1165
737
204
263
26
-1204
-2212
-1739
-622
-644
-1629
-1859
-1121
-1021
-1778
-1885
-609
619
384
-290
-185
522
774
620
1218
2278
2442
1191
18
464
1703
1917
941
225
335
359
-368
-1082
-855
-135
-214
-1184
-1752
-1474
-1332
-1720
-1473
-510
-329
-1513
-2479
-1571
-58
172
-675
-900
-38
450
98
-217
213
791
671
330
397
841
1257
1159
855
1046
1248
947
785
1067
1277
1004
400
142
431
262
-289
-374
-81
278
-229
-1124
-870
-180
11
-174
-511
-494
-340
-314
149
732
990
1021
885
879
787
704
1169
1631
1239
455
104
3
-105
-148
-102
-270
-955
-1587
-1651
-1571
-1758
-1806
-1496
-1622
-2578
-3141
-2231
-906
-700
-1369
-1360
-305
223
-218
13
1082
1305
449
39
1018
2007
1391
263
493
1581
1764
1000
514
772
814
213
101
614
729
-256
-1347
-1034
28
396
-102
-420
-196
-178
-354
-47
662
860
238
-391
-211
474
831
694
462
384
403
378
240
174
341
330
-181
-582
-296
66
-266
-862
-784
-136
120
-366
-851
-605
-44
-9
-425
-522
-154
89
-166
-430
-98
311
198
-252
-402
-96
-57
-213
-206
-186
-299
-640
-594
-80
68
-250
-509
-227
93
-171
-374
-26
543
751
500
311
358
503
673
1016
1391
1289
823
519
613
736
702
692
613
414
10
-190
-140
-338
-266
152
282
-143
-777
-749
-213
58
-60
-158
-177
-454
-527
-134
364
457
-37
-264
-104
-13
89
123
-96
-510
-742
-448
-21
-149
-570
-652
-529
-620
-765
-452
-38
-424
-1194
-1084
-213
125
-396
-694
-50
538
149
-242
261
805
493
-63
222
910
631
-334
-374
654
1094
254
-371
246
901
440
-228
93
731
452
-312
-369
246
464
18
-59
475
486
-106
-204
290
515
169
-113
28
29
-317
-441
-143
206
286
83
-242
-478
-393
-24
187
-37
-399
-466
-325
-286
-199
145
304
-151
-642
-367
327
450
-24
-260
-26
91
-157
-294
-45
84
-318
-702
-386
154
25
-440
-342
53
-72
-431
-241
261
307
-55
-166
129
362
299
250
410
564
563
630
879
987
746
462
473
654
608
318
61
-123
-210
-117
105
331
277
-101
-446
-597
-401
1
32
-176
-254
-346
-459
-408
71
722
613
-160
-595
-325
264
456
213
134
64
-294
-503
-195
314
273
-346
-591
-164
81
-363
-780
-409
124
-166
-834
-791
-151
27
-433
-652
-282
61
-84
-348
-230
20
-6
-58
168
464
422
70
-32
201
257
95
105
314
333
46
-61
173
204
-67
-80
246
286
-161
-423
-93
304
0
0
0
0
0
0
0
0
0
0
0
0
0
0
0
0
0
0
0
0
0
0
0
0
0
0
0
0
0
0
0
0
0
0
0
0
0
0
0
0
0
0
0
0
0
0
0
0
0
0
0
0
0
0
0
0
0
0
0
0
0
0
0
0
0
0
0
0
0
0
0
0
0
0
0
0
0
0
0
0
0
0
0
0
0
0
0
0
0
0
0
0
0
0
0
0
0
0
0
0
0
0
0
0
0
0
0
0
0
0
0
0
0
0
0
0
0
0
0
0
0
0
0
0
0
0
0
0
0
0
0
0
0
0
0
0
0
0
0
0
0
0
0
0
0
0
0
0
0
0
0
0
0
0
0
0
0
0
0
0
0
0
0
0
0
0
0
0
0
0
0
0
0
0
0
0
0
0
0
0
0
0
0
0
0
0
0
0
0
0
0
0
0
0
0
0
0
0
0
0
0
0
0
0
0
0
0
0
0
0
0
0
0
0
0
0
0
0
0
0
0
0
0
0
0
0
0
0
0
0
0
0
0
0
0
0
0
0
0
0
0
0
0
0
0
0
0
0
0
0
0
0
0
0
0
0
0
0
0
0
0
0
0
0
0
0
0
0
0
0
0
0
0
0
0
0
0
0
0
0
0
0
0
0
0
0
0
0
0
0
0
0
0
0
0
0
0
0
0
0
0
0
0
0
0
0
0
0
0
0
0
0
0
0
0
0
0
0
0
0
0
0
0
0
0
0
0
0
0
0
0
0
0
0
0
0
0
0
0
0
0
0
0
0
0
0
0
0
0
0
0
0
0
0
0
0
0
0
0
0
0
0
0
0
0
0
0
0
0
0
0
0
0
0
0
0
0
0
0
0
0
0
0
0
0
0
0
0
0
0
0
0
0
0
0
0
0
0
0
0
