0
0
0
0
0
0
0
0
0
0
0
0
0
0
0
0
0
0
0
0
0
0
0
0
0
0
0
0
0
0
0
0
0
0
0
0
0
0
0
0
0
0
0
0
0
0
0
0
0
0
0
0
0
0
0
0
0
0
0
0
0
0
0
0
0
0
0
0
0
0
0
0
0
0
0
0
0
0
0
0
0
0
0
0
0
0
0
0
0
0
0
0
0
0
0
0
0
0
0
0
0
0
0
0
0
0
0
0
0
0
0
0
0
0
0
0
0
0
0
0
0
0
0
0
0
0
0
0
0
0
0
0
0
0
0
0
0
0
0
0
0
0
0
0
0
0
0
0
0
0
0
0
0
0
0
0
0
0
0
0
0
0
0
0
0
0
0
0
0
0
0
0
0
0
0
0
0
0
0
0
0
0
0
0
0
0
0
0
0
0
0
0
0
0
0
0
0
0
0
0
0
0
0
0
0
0
0
0
0
0
0
0
0
0
0
0
0
0
0
0
0
0
0
0
0
0
0
0
0
0
0
0
0
0
0
0
0
0
0
0
0
0
0
0
0
0
0
0
0
0
0
0
0
0
0
0
0
0
0
0
0
0
0
0
0
0
0
0
0
0
0
0
0
0
0
0
0
0
0
0
0
0
0
0
0
0
0
0
0
0
0
0
0
0
0
0
0
0
0
0
0
0
0
0
0
0
0
0
0
0
0
0
0
0
0
0
0
0
0
0
0
0
0
0
0
0
0
0
0
0
0
0
0
0
0
0
0
0
0
0
0
0
0
0
0
0
0
0
0
0
0
0
0
0
0
0
0
0
0
0
0
0
0
0
0
0
0
0
0
0
0
0
0
0
0
0
0
0
0
0
0
0
0
0
0
0
0
0
0
0
0
0
0
0
0
0
0
0
0
0
285
322
316
327
336
290
257
260
300
385
454
525
643
714
774
888
964
1004
1031
1040
1057
1089
1095
1078
1055
1000
863
698
586
388
190
6
-228
-424
-690
-887
-986
-1087
-1173
-1275
-1389
-1522
-1585
-1608
-1593
-1559
-1514
-1469
-1448
-1373
-1299
-1146
-953
-732
-511
-346
-121
39
181
354
498
709
945
1117
1272
1376
1375
1344
1251
1153
1033
883
738
536
345
111
-85
-242
-434
-579
-697
-783
-887
-963
-960
-943
-923
-891
-871
-853
-816
-786
-731
-679
-570
-424
-318
-169
-96
-73
-33
33
167
289
438
517
486
528
537
444
403
307
207
154
5
-124
-264
-433
-581
-745
-871
-995
-1083
-1165
-1273
-1336
-1360
-1382
-1412
-1430
-1412
-1326
-1225
-1072
-910
-721
-476
-257
39
373
740
1114
1513
2030
2509
2963
3439
3925
4356
4663
4913
5072
5109
5061
4922
4652
4245
3739
3221
2671
2068
1515
972
414
-98
-622
-1128
-1544
-1937
-2311
-2621
-2875
-3121
-3385
-3575
-3678
-3750
-3727
-3646
-3566
-3440
-3289
-3139
-2968
-2785
-2531
-2195
-1876
-1575
-1239
-877
-553
-289
-43
168
308
434
557
600
576
572
599
601
600
608
577
537
538
560
583
604
646
689
678
640
579
534
565
553
490
483
469
473
523
552
626
695
686
701
729
754
829
899
939
940
853
737
629
506
348
164
-30
-241
-438
-650
-853
-1077
-1264
-1378
-1461
-1459
-1467
-1395
-1323
-1345
-1294
-1235
-1168
-1008
-819
-720
-652
-630
-646
-571
-506
-450
-388
-319
-228
-148
-52
-47
-28
42
-19
-74
-128
-212
-233
-258
-267
-310
-362
-311
-194
-27
165
366
628
924
1236
1680
2162
2573
2953
3310
3648
3947
4164
4299
4417
4371
4237
4035
3610
3163
2670
2137
1581
1035
526
-8
-501
-1020
-1468
-1890
-2233
-2475
-2777
-2986
-3193
-3452
-3608
-3624
-3638
-3646
-3578
-3465
-3286
-3106
-2841
-2542
-2274
-1902
-1548
-1199
-836
-521
-181
99
371
607
794
1025
1143
1184
1230
1230
1161
1096
1001
907
882
800
781
782
787
810
754
725
677
575
446
312
132
-6
-59
-104
-167
-270
-237
-208
-273
-216
-111
-29
18
92
194
225
246
215
247
295
196
96
-56
-221
-372
-427
-426
-515
-560
-656
-704
-684
-683
-667
-644
-615
-704
-820
-924
-1028
-1095
-1154
-1268
-1389
-1450
-1584
-1646
-1666
-1687
-1621
-1606
-1595
-1571
-1492
-1343
-1184
-959
-768
-517
-237
-26
295
599
914
1347
1810
2286
2799
3372
3913
4435
4859
5249
5675
5936
6081
6154
6116
5928
5603
5158
4605
3970
3308
2621
1814
1064
384
-326
-963
-1601
-2226
-2755
-3195
-3552
-3808
-3978
-4124
-4249
-4350
-4346
-4284
-4297
-4227
-4102
-3934
-3680
-3485
-3282
-3022
-2675
-2271
-1905
-1527
-1169
-808
-405
-28
323
626
915
1136
1231
1293
1338
1347
1334
1324
1347
1399
1412
1374
1357
1383
1414
1407
1410
1431
1404
1302
1172
1042
876
746
598
366
180
-8
-216
-368
-492
-611
-692
-692
-729
-764
-693
-664
-672
-634
-543
-504
-506
-467
-506
-584
-729
-892
-947
-983
-1044
-1083
-1066
-1027
-954
-830
-703
-585
-531
-531
-549
-582
-641
-718
-802
-926
-1073
-1204
-1331
-1436
-1463
-1434
-1426
-1420
-1365
-1251
-1110
-967
-786
-601
-361
-71
218
495
808
1212
1594
1991
2348
2666
3110
3556
4046
4596
5123
5675
6131
6496
6704
6702
6558
6234
5843
5347
4725
4031
3177
2233
1278
407
-432
-1310
-2120
-2787
-3297
-3687
-3994
-4265
-4533
-4755
-4892
-4945
-5002
-5047
-5031
-4950
-4796
-4618
-4408
-4212
-4015
-3715
-3308
-2833
-2360
-1776
-1154
-558
73
587
1073
1509
1777
2012
2196
2248
2274
2321
2260
2146
2057
1985
1973
1912
1822
1806
1761
1720
1654
1583
1529
1292
1004
718
353
36
-304
-678
-1022
-1286
-1464
-1619
-1724
-1788
-1768
-1685
-1519
-1317
-1103
-891
-778
-661
-552
-438
-359
-331
-277
-326
-410
-463
-468
-428
-411
-407
-387
-332
-248
-188
-176
-180
-281
-397
-471
-598
-760
-1006
-1218
-1443
-1741
-1915
-2024
-2106
-2117
-2084
-1974
-1871
-1748
-1480
-1203
-903
-522
-166
205
502
792
1137
1469
1879
2324
2803
3336
3888
4432
4935
5371
5775
6158
6478
6738
6847
6804
6650
6348
5896
5340
4720
3967
3165
2252
1272
416
-423
-1191
-1946
-2689
-3261
-3862
-4372
-4716
-5011
-5187
-5356
-5492
-5516
-5479
-5390
-5289
-5132
-4908
-4620
-4314
-4007
-3646
-3271
-2864
-2442
-1978
-1448
-902
-375
65
523
980
1358
1705
1952
2181
2370
2513
2597
2548
2547
2602
2625
2577
2501
2475
2461
2410
2284
2085
1854
1623
1349
997
647
312
-44
-421
-750
-991
-1210
-1434
-1580
-1653
-1705
-1690
-1623
-1523
-1392
-1341
-1349
-1293
-1181
-1032
-868
-744
-684
-696
-754
-807
-833
-793
-710
-669
-606
-537
-429
-362
-335
-231
-218
-239
-303
-424
-511
-678
-871
-1023
-1218
-1444
-1551
-1604
-1668
-1608
-1498
-1412
-1292
-1117
-948
-762
-506
-251
-42
184
432
723
1121
1498
1921
2407
2836
3305
3776
4293
4831
5313
5787
6129
6334
6424
6396
6323
6143
5828
5444
4917
4277
3535
2740
2004
1190
395
-385
-1236
-1930
-2525
-3062
-3524
-4010
-4438
-4767
-5072
-5295
-5380
-5423
-5465
-5455
-5389
-5300
-5135
-4897
-4655
-4301
-3815
-3330
-2810
-2222
-1640
-1086
-525
30
515
961
1424
1765
1979
2214
2413
2546
2634
2646
2655
2691
2707
2689
2625
2561
2493
2354
2229
2144
2001
1828
1597
1231
857
538
151
-253
-604
-979
-1331
-1614
-1884
-2110
-2202
-2197
-2145
-2018
-1818
-1644
-1508
-1318
-1185
-1068
-961
-877
-743
-719
-704
-646
-620
-599
-582
-535
-518
-494
-477
-460
-404
-391
-374
-347
-428
-592
-731
-886
-1048
-1147
-1243
-1360
-1459
-1548
-1588
-1524
-1413
-1297
-1131
-951
-778
-552
-292
-29
226
435
680
1012
1358
1764
2216
2582
3014
3562
4066
4567
5102
5534
5894
6257
6439
6507
6518
6419
6216
5767
5195
4537
3787
2998
2112
1303
630
-22
-734
-1404
-2009
-2603
-3135
-3615
-4011
-4375
-4673
-4949
-5185
-5314
-5352
-5414
-5476
-5431
-5372
-5166
-4993
-4744
-4393
-3918
-3424
-2876
-2287
-1716
-1178
-599
-98
441
979
1390
1753
1967
2207
2521
2689
2817
2922
3004
3066
3072
2992
2937
2897
2829
2735
2573
2424
2190
1820
1440
990
541
106
-331
-749
-1155
-1438
-1716
-1904
-2059
-2068
-2130
-2087
-2049
-1982
-1850
-1711
-1534
-1459
-1348
-1262
-1239
-1180
-1028
-965
-848
-754
-654
-582
-491
-410
-320
-209
-87
-15
6
20
-42
-99
-206
-342
-508
-633
-895
-1088
-1276
-1476
-1594
-1686
-1713
-1752
-1759
-1675
-1582
-1387
-1160
-918
-652
-404
-107
228
598
1032
1432
1897
2403
2958
3566
4174
4823
5407
5956
6505
6920
7305
7514
7475
7414
7117
6696
6102
5518
4832
4033
3184
2276
1327
430
-493
-1350
-2065
-2707
-3294
-3858
-4353
-4735
-5152
-5479
-5714
-5876
-5892
-5959
-5957
-5928
-5897
-5666
-5457
-5140
-4659
-4173
-3618
-3099
-2570
-1984
-1388
-746
-120
409
897
1321
1631
1866
2122
2353
2485
2663
2734
2712
2868
2980
2957
2947
2994
3074
3012
2847
2659
2467
2245
1858
1451
1045
534
56
-437
-896
-1259
-1619
-1909
-2182
-2357
-2380
-2423
-2418
-2304
-2135
-1993
-1865
-1717
-1562
-1406
-1311
-1245
-1142
-1056
-1004
-895
-734
-571
-408
-262
-113
-3
56
131
168
97
40
14
-98
-255
-399
-550
-774
-970
-1125
-1325
-1398
-1431
-1501
-1463
-1419
-1348
-1259
-1161
-984
-811
-619
-477
-313
-72
131
387
693
1070
1472
1932
2489
3080
3735
4377
4974
5475
5962
6468
6851
7075
7139
7092
6892
6524
6051
5469
4773
3944
3029
2124
1276
473
-297
-1020
-1675
-2259
-2798
-3286
-3738
-4150
-4525
-4926
-5242
-5468
-5663
-5741
-5793
-5790
-5678
-5539
-5318
-5000
-4614
-4155
-3671
-3172
-2658
-2111
-1509
-951
-459
-13
389
802
1152
1427
1681
1906
2143
2364
2579
2815
3019
3188
3284
3330
3374
3377
3346
3267
3151
2925
2579
2133
1600
1111
600
16
-515
-1007
-1467
-1834
-2133
-2357
-2464
-2491
-2446
-2407
-2353
-2267
-2204
-2131
-2048
-1923
-1846
-1800
-1724
-1636
-1503
-1397
-1269
-1129
-967
-778
-640
-460
-220
-27
73
145
225
284
290
269
183
54
-77
-321
-532
-724
-958
-1100
-1238
-1365
-1489
-1597
-1610
-1589
-1545
-1453
-1326
-1163
-955
-737
-516
-241
103
492
882
1305
1826
2407
2995
3623
4332
5032
5676
6295
6855
7241
7419
7524
7468
7216
6830
6246
5573
4780
3957
3116
2219
1457
768
13
-723
-1354
-1935
-2430
-2928
-3450
-3854
-4267
-4614
-4878
-5115
-5264
-5382
-5462
-5478
-5408
-5312
-5190
-4941
-4641
-4302
-3840
-3400
-2948
-2393
-1828
-1214
-662
-144
407
788
1161
1510
1699
1936
2139
2269
2354
2436
2621
2731
2828
2971
3100
3193
3146
3040
2950
2801
2499
2101
1656
1159
658
105
-473
-1016
-1484
-1844
-2118
-2320
-2415
-2430
-2446
-2466
-2436
-2371
-2336
-2275
-2171
-2067
-1951
-1822
-1668
-1493
-1329
-1252
-1112
-902
-793
-642
-499
-359
-184
-46
110
275
428
528
585
605
538
450
326
118
-172
-459
-694
-931
-1114
-1268
-1365
-1393
-1402
-1320
-1233
-1118
-982
-872
-719
-595
-459
-307
-114
152
456
860
1323
1794
2352
3002
3677
4386
5071
5659
6201
6637
6896
7063
7130
7016
6758
6350
5785
5125
4356
3490
2610
1759
896
20
-839
-1602
-2253
-2826
-3343
-3821
-4150
-4374
-4560
-4744
-4968
-5082
-5173
-5270
-5327
-5336
-5255
-5175
-4982
-4663
-4331
-3933
-3416
-2889
-2363
-1732
-1105
-539
12
526
994
1371
1651
1912
2161
2378
2584
2743
2860
2992
3139
3257
3330
3399
3452
3414
3272
3085
2915
2701
2326
1857
1384
854
275
-285
-837
-1347
-1757
-2112
-2432
-2637
-2729
-2786
-2797
-2719
-2596
-2484
-2358
-2164
-1965
-1850
-1790
-1731
-1669
-1576
-1490
-1476
-1441
-1339
-1229
-1092
-890
-621
-335
-93
123
363
535
594
607
565
416
196
5
-240
-467
-606
-796
-965
-1138
-1287
-1410
-1499
-1485
-1440
-1346
-1235
-1114
-996
-845
-626
-365
-121
100
446
848
1315
1883
2437
3097
3756
4341
5000
5675
6312
6807
7125
7296
7312
7216
6990
6557
5992
5328
4565
3691
2762
1866
1065
245
-636
-1346
-2042
-2530
-2920
-3265
-3626
-4006
-4325
-4557
-4741
-4857
-4971
-5013
-5057
-5101
-5006
-4873
-4668
-4385
-4073
-3648
-3242
-2771
-2230
-1708
-1202
-739
-268
166
592
1011
1319
1521
1659
1804
1941
2051
2157
2289
2439
2549
2693
2849
2981
3078
3051
2942
2823
2675
2391
2023
1597
1105
610
2
-579
-1128
-1588
-1945
-2323
-2540
-2716
-2812
-2780
-2731
-2641
-2545
-2407
-2296
-2187
-2064
-1951
-1852
-1776
-1655
-1523
-1393
-1234
-1040
-847
-667
-448
-231
-42
160
361
521
657
770
827
805
729
616
401
128
-110
-371
-615
-798
-1010
-1188
-1246
-1270
-1353
-1361
-1326
-1326
-1360
-1370
-1244
-1085
-911
-739
-527
-184
183
660
1192
1765
2433
3093
3791
4514
5165
5782
6344
6780
7064
7199
7235
7095
6734
6304
5753
5082
4379
3527
2647
1864
1018
195
-533
-1256
-1909
-2497
-3048
-3527
-3949
-4268
-4507
-4757
-4951
-5066
-5154
-5201
-5155
-5007
-4802
-4563
-4289
-3980
-3627
-3243
-2837
-2370
-1844
-1328
-851
-385
66
494
939
1369
1683
1890
2088
2282
2400
2469
2559
2648
2704
2748
2782
2822
2897
2949
2892
2756
2600
2340
1966
1562
1144
654
114
-432
-954
-1413
-1841
-2207
-2551
-2798
-2937
-3082
-3113
-3058
-2912
-2724
-2599
-2415
-2237
-2140
-2059
-1923
-1770
-1628
-1533
-1505
-1393
-1193
-1013
-841
-603
-282
47
349
639
878
1003
1020
973
864
685
485
283
36
-235
-509
-778
-1007
-1207
-1339
-1410
-1490
-1520
-1462
-1382
-1252
-1127
-1040
-898
-730
-595
-407
-164
112
459
893
1385
1941
2582
3276
3994
4716
5450
6107
6617
7016
7288
7432
7406
7160
6726
6123
5438
4646
3755
2917
2083
1289
550
-210
-906
-1513
-2056
-2538
-2900
-3230
-3624
-3979
-4283
-4638
-4973
-5155
-5358
-5457
-5385
-5278
-5070
-4833
-4551
-4165
-3675
-3129
-2530
-1919
-1332
-681
-160
250
671
1057
1383
1635
1859
1997
2055
2080
2081
2119
2185
2275
2365
2474
2640
2757
2787
2755
2676
2532
2270
1964
1574
1082
639
131
-485
-1062
-1544
-1970
-2394
-2729
-2961
-3092
-3175
-3259
-3225
-3106
-2959
-2768
-2574
-2449
-2336
-2205
-2086
-1934
-1809
-1674
-1513
-1324
-1048
-786
-514
-221
20
273
540
795
1098
1337
1440
1459
1374
1241
1060
828
581
313
21
-289
-540
-748
-962
-1120
-1248
-1408
-1488
-1454
-1429
-1323
-1172
-1109
-1030
-874
-738
-548
-228
74
427
890
1412
2097
2769
3459
4221
4830
5430
5956
6371
6672
6810
6942
6831
6481
6052
5515
4908
4222
3499
2702
1899
1110
314
-440
-1114
-1673
-2205
-2739
-3224
-3647
-3990
-4232
-4413
-4600
-4773
-4888
-4927
-4932
-4873
-4711
-4532
-4307
-3959
-3558
-3115
-2625
-2104
-1488
-882
-378
95
520
917
1301
1602
1850
2037
2146
2257
2328
2351
2424
2494
2487
2452
2464
2516
2559
2559
2469
2330
2183
1909
1488
1077
678
216
-343
-937
-1469
-1988
-2515
-2931
-3250
-3507
-3621
-3637
-3616
-3512
-3317
-3105
-2899
-2646
-2371
-2129
-1933
-1771
-1633
-1490
-1328
-1184
-974
-728
-463
-204
83
395
635
905
1134
1364
1443
1527
1526
1452
1253
999
728
423
147
-169
-402
-636
-847
-1123
-1308
-1441
-1526
-1545
-1497
-1424
-1357
-1230
-1125
-975
-820
-510
-212
145
580
1042
1496
2052
2693
3335
3947
4515
5092
5687
6091
6371
6508
6497
6450
6246
5889
5435
4808
4113
3340
2539
1780
1064
343
-402
-1057
-1624
-2058
-2532
-2903
-3218
-3492
-3723
-3888
-4085
-4246
-4409
-4544
-4561
-4560
-4495
-4242
-3966
-3656
-3245
-2794
-2349
-1849
-1290
-739
-257
131
501
805
1042
1267
1362
1478
1549
1534
1586
1633
1690
1777
1865
1927
2027
2172
2239
2223
2160
2099
2039
1893
1644
1328
981
575
80
-455
-939
-1385
-1844
-2243
-2632
-2993
-3240
-3418
-3481
-3482
-3392
-3200
-3061
-2888
-2699
-2553
-2382
-2233
-2055
-1904
-1769
-1520
-1240
-942
-659
-412
-123
222
593
923
1177
1368
1499
1580
1605
1580
1498
1364
1137
844
519
136
-208
-519
-816
-1058
-1217
-1324
-1454
-1456
-1446
-1421
-1300
-1206
-1065
-929
-823
-668
-493
-261
75
499
972
1510
2076
2692
3355
3950
4553
5194
5751
6199
6575
6834
6887
6811
6597
6204
5659
5016
4297
3414
2531
1659
787
11
-770
-1387
-1856
-2315
-2691
-3030
-3389
-3652
-3821
-4017
-4176
-4270
-4334
-4373
-4410
-4400
-4259
-4053
-3804
-3423
-2997
-2557
-2137
-1669
-1146
-692
-229
158
506
877
1151
1338
1415
1480
1595
1679
1683
1718
1811
1858
1894
1901
1888
1928
1996
2020
2029
2005
1896
1689
1371
973
538
158
-282
-830
-1370
-1901
-2395
-2852
-3169
-3381
-3498
-3508
-3524
-3410
-3238
-3077
-2822
-2580
-2329
-2051
-1878
-1732
-1538
-1406
-1276
-1086
-917
-743
-499
-190
146
499
827
1057
1259
1464
1567
1557
1513
1409
1231
1015
764
449
130
-120
-350
-609
-860
-1035
-1158
-1252
-1319
-1332
-1286
-1236
-1124
-989
-854
-692
-494
-284
-100
197
509
867
1329
1848
2533
3204
3840
4515
5122
5663
6116
6395
6551
6658
6626
6407
6007
5450
4806
4143
3427
2653
1901
1139
382
-321
-938
-1529
-2055
-2458
-2916
-3321
-3563
-3743
-3861
-4008
-4098
-4146
-4228
-4192
-4147
-4069
-3838
-3594
-3354
-3047
-2635
-2213
-1818
-1319
-766
-318
65
462
777
1023
1279
1440
1524
1658
1757
1746
1742
1803
1870
1895
1902
1949
2012
2042
2043
1983
1933
1915
1751
1417
1037
621
199
-278
-868
-1421
-1931
-2409
-2818
-3188
-3438
-3571
-3645
-3616
-3500
-3414
-3265
-3001
-2745
-2452
-2252
-2043
-1772
-1597
-1398
-1245
-1124
-943
-753
-547
-331
-61
253
514
767
1073
1294
1448
1561
1561
1485
1376
1211
977
749
442
112
-189
-494
-755
-979
-1107
-1260
-1312
-1323
-1395
-1298
-1172
-1045
-906
-730
-515
-324
-74
168
494
955
1503
2048
2575
3167
3783
4387
4967
5495
5920
6243
6470
6543
6465
6277
5943
5442
4845
4215
3525
2798
2064
1317
544
-217
-888
-1492
-1984
-2447
-2881
-3227
-3495
-3664
-3874
-4009
-4101
-4195
-4215
-4204
-4089
-3990
-3794
-3549
-3329
-3000
-2606
-2183
-1825
-1433
-960
-531
-151
205
560
888
1169
1362
1487
1633
1808
1924
1962
2023
2077
2044
1959
1909
1897
1879
1823
1713
1584
1461
1271
958
581
244
-83
-480
-933
-1394
-1837
-2234
-2595
-2929
-3231
-3446
-3539
-3576
-3531
-3372
-3167
-2942
-2676
-2380
-2060
-1798
-1593
-1361
-1227
-1066
-847
-667
-399
-146
43
183
374
630
806
1004
1211
1311
1337
1377
1359
1237
1109
904
614
320
7
-302
-561
-777
-975
-1134
-1258
-1371
-1448
-1448
-1333
-1236
-1131
-944
-789
-593
-365
-128
148
477
957
1441
1898
2493
3115
3677
4259
4843
5427
5895
6207
6440
6493
6459
6312
5996
5544
4945
4319
3599
2741
1924
1211
446
-312
-957
-1533
-1921
-2315
-2712
-2942
-3212
-3457
-3597
-3779
-3897
-3896
-3873
-3869
-3875
-3782
-3638
-3497
-3262
-2985
-2652
-2275
-1923
-1514
-1077
-647
-279
61
412
708
998
1191
1334
1577
1710
1785
1862
1848
1888
1947
1954
1920
1852
1833
1813
1737
1713
1651
1516
1290
948
638
278
-156
-621
-1130
-1586
-2098
-2687
-3200
-3517
-3662
-3790
-3832
-3686
-3473
-3267
-2978
-2615
-2291
-2021
-1804
-1647
-1509
-1319
-1114
-1003
-887
-754
-577
-341
-132
111
332
568
810
1015
1232
1358
1424
1417
1293
1121
931
713
426
125
-139
-421
-752
-1062
-1310
-1516
-1637
-1666
-1659
-1622
-1490
-1289
-1162
-1029
-796
-511
-179
167
568
1026
1519
2069
2612
3193
3835
4442
5021
5549
6011
6426
6729
6914
6930
6734
6394
5884
5258
4516
3697
2901
2017
1170
421
-360
-1068
-1631
-2119
-2598
-2974
-3240
-3513
-3687
-3799
-3871
-3917
-4005
-4043
-4055
-4011
-3924
-3794
-3597
-3403
-3186
-2873
-2475
-2119
-1730
-1206
-692
-277
126
541
892
1236
1490
1644
1871
2047
2143
2190
2169
2192
2195
2106
2004
1981
2026
1976
1914
1890
1835
1683
1414
1124
750
259
-254
-802
-1399
-2045
-2623
-3114
-3594
-3934
-4125
-4235
-4223
-4111
-3887
-3590
-3327
-3043
-2680
-2345
-2080
-1842
-1613
-1390
-1192
-1010
-799
-548
-289
-54
167
451
767
1024
1233
1382
1450
1490
1505
1472
1352
1146
940
656
296
54
-184
-504
-765
-1042
-1345
-1545
-1689
-1803
-1858
-1847
-1746
-1610
-1456
-1215
-926
-593
-212
208
696
1270
1871
2439
3058
3716
4387
4988
5514
6019
6372
6626
6778
6834
6758
6469
6077
5500
4786
4011
3173
2380
1554
649
-175
-862
-1478
-1983
-2449
-2932
-3280
-3513
-3729
-3888
-3983
-4024
-4008
-4011
-4014
-3932
-3792
-3636
-3470
-3255
-3000
-2726
-2382
-2003
-1634
-1162
-639
-223
140
510
887
1205
1428
1642
1847
1985
2049
2122
2130
2124
2148
2128
2130
2117
2179
2177
2091
2030
1897
1733
1417
1060
683
198
-349
-968
-1504
-2005
-2503
-2918
-3257
-3529
-3717
-3834
-3919
-3881
-3730
-3521
-3259
-2998
-2720
-2422
-2159
-1922
-1697
-1475
-1237
-1023
-834
-610
-319
4
275
525
838
1117
1323
1505
1589
1598
1601
1485
1288
1116
863
561
296
-30
-351
-570
-810
-1058
-1267
-1471
-1620
-1726
-1828
-1834
-1759
-1712
-1626
-1414
-1132
-814
-442
-29
415
997
1605
2222
2896
3538
4232
4913
5504
5971
6326
6601
6738
6774
6590
6233
5834
5287
4642
3927
3154
2436
1726
970
263
-406
-1014
-1533
-2037
-2460
-2798
-3108
-3343
-3551
-3710
-3794
-3874
-3923
-3904
-3841
-3718
-3489
-3232
-3006
-2769
-2506
-2221
-1951
-1627
-1259
-890
-447
-63
301
724
1002
1301
1554
1714
1867
1913
1931
1938
2010
2028
1957
1846
1892
1908
1932
1883
1753
1674
1542
1249
921
605
264
-157
-601
-1110
-1573
-1959
-2368
-2715
-3059
-3359
-3521
-3715
-3740
-3698
-3666
-3506
-3270
-2920
-2601
-2216
-1893
-1606
-1359
-1080
-847
-635
-462
-285
-157
-8
190
437
689
933
1109
1228
1296
1314
1291
1264
1166
970
734
430
92
-290
-640
-942
-1255
-1464
-1639
-1745
-1764
-1764
-1667
-1530
-1361
-1212
-1092
-926
-706
-449
-88
396
834
1331
1948
2593
3233
3901
4525
5074
5561
5948
6253
6383
6460
6343
6137
5885
5568
5062
4429
3676
2964
2254
1449
636
-112
-747
-1291
-1842
-2383
-2854
-3209
-3491
-3742
-3940
-4001
-4009
-3925
-3899
-3874
-3717
-3593
-3391
-3196
-2956
-2654
-2353
-2085
-1690
-1299
-899
-572
-231
106
469
872
1176
1429
1672
1872
2030
2101
2106
2077
2071
2066
2065
2099
2141
2102
2002
1911
1812
1678
1502
1261
950
579
152
-348
-894
-1446
-1982
-2496
-2966
-3367
-3683
-3921
-4074
-4127
-4063
-3882
-3647
-3412
-3119
-2765
-2400
-1989
-1589
-1285
-1020
-782
-579
-326
-71
97
276
495
681
878
1093
1280
1443
1578
1627
1553
1447
1309
1141
853
450
51
-378
-730
-1044
-1337
-1534
-1735
-1878
-1973
-1987
-1938
-1912
-1787
-1637
-1468
-1209
-886
-466
-37
449
978
1479
2028
2581
3147
3730
4334
4923
5386
5779
6140
6424
6562
6545
6391
6130
5763
5253
4609
3881
3115
2333
1535
723
-55
-740
-1336
-1872
-2326
-2671
-2970
-3215
-3367
-3477
-3579
-3649
-3709
-3762
-3777
-3780
-3693
-3594
-3447
-3207
-2983
-2657
-2339
-2018
-1564
-1086
-666
-270
164
562
912
1153
1314
1455
1606
1756
1823
1924
2021
2145
2246
2233
2241
2261
2245
2113
1928
1822
1720
1576
1367
1104
805
478
69
-467
-1052
-1630
-2188
-2745
-3219
-3547
-3841
-4055
-4139
-4105
-3996
-3811
-3543
-3233
-2864
-2595
-2338
-2020
-1727
-1380
-1135
-892
-583
-370
-158
80
325
610
847
1077
1345
1520
1625
1676
1589
1475
1358
1152
853
514
216
-63
-370
-646
-884
-1150
-1427
-1681
-1885
-1997
-2048
-2072
-2025
-1889
-1696
-1410
-1040
-642
-203
243
682
1223
1825
2368
2997
3633
4203
4764
5226
5643
5981
6272
6453
6393
6212
5943
5582
5132
4554
3841
3107
2411
1648
863
121
-532
-1079
-1575
-2055
-2465
-2776
-3005
-3188
-3323
-3378
-3439
-3557
-3615
-3593
-3536
-3417
-3340
-3343
-3272
-3077
-2836
-2514
-2082
-1599
-1126
-691
-268
128
477
792
1052
1260
1473
1649
1736
1851
1925
1985
2049
1977
1928
1930
1959
2017
2023
2018
1988
1949
1818
1537
1257
934
535
50
-445
-947
-1498
-1981
-2555
-3147
-3571
-3930
-4178
-4310
-4308
-4195
-4036
-3775
-3442
-3091
-2723
-2401
-2159
-1891
-1623
-1414
-1132
-799
-539
-297
-47
156
374
632
907
1162
1334
1446
1517
1505
1400
1199
929
632
306
-11
-264
-474
-722
-999
-1275
-1466
-1580
-1690
-1750
-1768
-1729
-1690
-1609
-1460
-1295
-1006
-674
-338
73
565
1131
1670
2266
2948
3598
4261
4859
5301
5745
6160
6429
6585
6576
6443
6223
5849
5364
4757
4046
3293
2517
1787
1048
322
-280
-838
-1409
-1905
-2297
-2646
-2933
-3158
-3315
-3384
-3430
-3484
-3537
-3572
-3570
-3517
-3445
-3346
-3203
-3029
-2791
-2499
-2141
-1769
-1400
-1018
-654
-228
189
565
944
1229
1449
1661
1770
1783
1812
1879
1925
1898
1867
1932
2037
2072
2026
1993
1992
1908
1703
1411
1100
833
497
-15
-557
-1068
-1612
-2153
-2673
-3142
-3461
-3662
-3851
-3934
-3935
-3884
-3730
-3534
-3281
-2981
-2660
-2342
-2016
-1674
-1385
-1109
-823
-561
-314
-66
151
314
486
695
897
1043
1180
1342
1412
1410
1379
1235
1037
847
581
267
-38
-358
-657
-937
-1184
-1357
-1501
-1613
-1706
-1749
-1715
-1698
-1675
-1595
-1414
-1168
-892
-505
-61
440
1011
1586
2168
2784
3452
4116
4709
5231
5691
6059
6247
6359
6397
6245
6020
5677
5165
4584
3897
3169
2474
1726
1018
348
-297
-774
-1193
-1616
-1976
-2284
-2553
-2843
-3077
-3234
-3392
-3527
-3661
-3775
-3820
-3820
-3758
-3630
-3505
-3311
-3026
-2748
-2402
-1940
-1491
-1074
-649
-271
82
453
771
1046
1331
1583
1800
1992
2103
2173
2262
2312
2304
2302
2321
2322
2303
2210
2097
2003
1737
1420
1179
833
471
49
-484
-989
-1536
-2087
-2593
-3030
-3375
-3686
-3923
-4071
-4089
-4006
-3867
-3665
-3426
-3138
-2813
-2471
-2137
-1789
-1437
-1125
-814
-524
-279
-34
178
358
577
778
931
1092
1242
1367
1468
1490
1473
1418
1246
979
695
389
80
-229
-539
-794
-1083
-1338
-1514
-1760
-1895
-1896
-1884
-1828
-1803
-1715
-1548
-1325
-987
-588
-112
394
936
1545
2151
2829
3550
4251
4886
5395
5813
6062
6153
6228
6190
5977
5707
5358
4912
4393
3787
3181
2543
1839
1161
470
-191
-731
-1266
-1813
-2262
-2610
-2883
-3083
-3206
-3296
-3427
-3562
-3648
-3692
-3694
-3671
-3684
-3719
-3681
-3526
-3268
-2925
-2522
-2074
-1604
-1139
-691
-227
265
697
1032
1312
1514
1701
1925
2082
2214
2367
2416
2403
2471
2590
2679
2672
2566
2402
2189
1943
1642
1304
992
690
346
-51
-456
-906
-1330
-1798
-2367
-2865
-3290
-3659
-3978
-4117
-4129
-4138
-3989
-3770
-3479
-3088
-2720
-2338
-1956
-1574
-1167
-818
-592
-405
-176
72
272
435
684
963
1181
1347
1439
1509
1537
1509
1438
1282
1109
849
525
242
-73
-393
-738
-1064
-1362
-1701
-1890
-2018
-2174
-2211
-2211
-2174
-2130
-2100
-1930
-1587
-1175
-653
4
638
1252
1908
2538
3153
3806
4426
4968
5440
5810
6083
6289
6448
6408
6179
5882
5499
5113
4545
3821
3173
2479
1723
959
194
-471
-1012
-1489
-1980
-2471
-2811
-3067
-3299
-3457
-3650
-3786
-3849
-3857
-3803
-3746
-3617
-3514
-3411
-3200
-2898
-2561
-2176
-1799
-1450
-1043
-714
-384
37
465
852
1075
1280
1474
1617
1876
2104
2261
2428
2565
2639
2641
2654
2611
2540
2404
2208
2131
1966
1699
1440
1098
712
275
-213
-669
-1099
-1537
-2019
-2551
-3010
-3390
-3699
-3915
-4110
-4194
-4161
-4087
-3875
-3560
-3210
-2798
-2405
-2022
-1643
-1355
-1051
-741
-443
-116
119
315
601
879
1053
1202
1306
1390
1477
1452
1421
1354
1241
1103
834
560
228
-150
-482
-849
-1182
-1490
-1718
-1887
-2077
-2186
-2272
-2320
-2319
-2296
-2168
-1953
-1600
-1123
-552
92
741
1401
2075
2765
3466
4132
4724
5247
5692
6030
6303
6521
6607
6528
6338
6043
5600
5049
4428
3767
3103
2431
1705
911
205
-396
-994
-1588
-2111
-2490
-2854
-3173
-3404
-3612
-3723
-3886
-4078
-4138
-4190
-4148
-4001
-3881
-3673
-3375
-3045
-2723
-2383
-1940
-1463
-1011
-706
-455
-103
218
564
852
1116
1496
1830
2077
2265
2423
2551
2625
2630
2609
2647
2628
2492
2306
2100
1911
1732
1466
1181
939
647
324
-65
-515
-1005
-1548
-2155
-2700
-3133
-3547
-3823
-4058
-4219
-4250
-4244
-4021
-3700
-3403
-3069
-2711
-2306
-1850
-1399
-1032
-727
-424
-83
223
477
716
928
1120
1306
1461
1525
1535
1487
1493
1430
1231
1127
986
783
523
204
-131
-480
-797
-1135
-1475
-1800
-2086
-2348
-2480
-2437
-2347
-2225
-2116
-1877
-1538
-1154
-727
-290
306
973
1658
2332
2964
3616
4240
4837
5349
5700
6002
6264
6353
6331
6255
6005
5578
5007
4391
3826
3217
2559
1837
1115
500
-47
-548
-1110
-1626
-2028
-2431
-2794
-3097
-3243
-3341
-3504
-3615
-3715
-3737
-3732
-3744
-3728
-3739
-3615
-3414
-3202
-2920
-2590
-2196
-1828
-1455
-1044
-593
-139
323
700
955
1245
1517
1786
1998
2192
2391
2463
2522
2568
2630
2711
2724
2669
2546
2395
2196
1934
1641
1310
964
611
164
-331
-792
-1317
-1852
-2342
-2830
-3260
-3625
-3910
-4070
-4184
-4221
-4075
-3843
-3533
-3171
-2807
-2350
-1830
-1404
-1073
-738
-405
14
365
541
740
910
1104
1257
1315
1407
1494
1508
1438
1377
1290
1165
984
769
481
90
-241
-601
-960
-1295
-1644
-1915
-2214
-2459
-2578
-2681
-2693
-2647
-2568
-2306
-1973
-1593
-1109
-598
27
671
1277
1952
2701
3498
4241
4879
5374
5780
6197
6500
6640
6664
6572
6316
5866
5317
4658
3948
3261
2589
1887
1170
593
14
-581
-1122
-1683
-2132
-2541
-2920
-3215
-3484
-3682
-3790
-3855
-3904
-3883
-3788
-3704
-3660
-3573
-3392
-3137
-2820
-2519
-2258
-1978
-1641
-1289
-962
-620
-208
213
598
969
1315
1671
1949
2162
2405
2608
2782
2807
2769
2822
2817
2774
2679
2522
2394
2175
1834
1433
1060
734
361
-13
-426
-843
-1199
-1736
-2323
-2805
-3226
-3536
-3791
-3941
-4062
-4125
-4052
-3910
-3665
-3376
-3052
-2707
-2336
-1905
-1510
-1153
-742
-294
79
349
546
779
1000
1186
1372
1475
1569
1575
1515
1476
1355
1200
987
721
500
248
-41
-356
-754
-1100
-1414
-1747
-2035
-2316
-2487
-2592
-2718
-2785
-2804
-2668
-2373
-1996
-1521
-973
-419
176
873
1600
2352
3162
3933
4643
5290
5743
6038
6324
6529
6544
6411
6181
5894
5526
5010
4390
3753
3112
2457
1768
1080
470
-70
-624
-1206
-1753
-2175
-2515
-2862
-3192
-3421
-3593
-3772
-3970
-4143
-4137
-4045
-3932
-3811
-3733
-3476
-3131
-2863
-2600
-2223
-1743
-1355
-1053
-790
-448
30
452
773
1125
1540
1913
2224
2483
2684
2901
3059
3111
3154
3197
3129
2936
2707
2428
2211
1950
1591
1319
1005
619
125
-361
-748
-1108
-1527
-2119
-2629
-3047
-3442
-3846
-4215
-4344
-4354
-4309
-4181
-3923
-3570
-3242
-2858
-2423
-1956
-1463
-1003
-608
-208
199
438
647
918
1131
1396
1607
1690
1691
1636
1576
1447
1296
1135
940
734
496
197
-166
-497
-798
-1142
-1522
-1855
-2073
-2202
-2285
-2364
-2431
-2461
-2473
-2382
-2120
-1779
-1394
-940
-481
64
802
1542
2298
3083
3840
4520
5073
5589
6018
6367
6529
6507
6322
5961
5670
5284
4794
4304
3704
3110
2456
1743
1083
542
99
-422
-963
-1438
-1869
-2251
-2698
-3096
-3379
-3670
-3918
-4144
-4331
-4361
-4280
-4219
-4137
-3919
-3646
-3379
-3151
-2885
-2506
-2135
-1702
-1288
-886
-412
21
438
791
1140
1526
1857
2172
2384
2553
2755
2868
2944
3029
3117
3149
2994
2817
2625
2392
2181
1852
1570
1304
962
585
174
-204
-647
-1101
-1598
-2087
-2520
-3006
-3384
-3680
-3915
-4050
-4112
-4041
-3829
-3543
-3252
-2922
-2538
-2137
-1741
-1322
-900
-510
-127
200
428
633
896
1166
1344
1417
1453
1485
1484
1417
1313
1206
1063
832
525
204
-91
-383
-700
-1037
-1362
-1652
-1928
-2201
-2417
-2555
-2641
-2664
-2651
-2573
-2399
-2115
-1694
-1223
-710
-89
650
1380
2136
2952
3677
4427
5070
5516
5910
6236
6489
6551
6458
6275
5962
5542
5011
4417
3826
3228
2561
1847
1162
555
21
-508
-1025
-1474
-1871
-2250
-2635
-3015
-3311
-3532
-3732
-3888
-4000
-4031
-3968
-3944
-3908
-3766
-3613
-3457
-3216
-2879
-2500
-2119
-1776
-1432
-1047
-599
-139
258
624
939
1277
1599
1854
2138
2394
2651
2787
2819
2900
2989
3052
2982
2829
2648
2480
2281
1995
1663
1320
995
620
277
-103
-519
-893
-1399
-1933
-2399
-2836
-3186
-3533
-3870
-4083
-4228
-4241
-4154
-3987
-3580
-3149
-2732
-2280
-1879
-1374
-845
-433
-61
328
661
908
1160
1394
1545
1612
1612
1560
1470
1367
1272
1173
1027
811
531
247
-19
-340
-741
-1158
-1545
-1891
-2172
-2437
-2629
-2742
-2770
-2767
-2769
-2570
-2253
-1914
-1586
-1205
-656
-36
680
1455
2214
2977
3736
4457
5090
5649
6130
6504
6720
6729
6562
6315
6027
5636
5134
4561
3926
3262
2595
1876
1130
459
-128
-665
-1185
-1636
-1997
-2384
-2776
-3104
-3418
-3634
-3791
-3951
-4033
-4085
-4131
-4050
-3925
-3762
-3526
-3344
-3073
-2772
-2464
-2072
-1747
-1412
-1063
-677
-263
141
517
869
1261
1518
1761
2008
2208
2413
2512
2588
2604
2634
2704
2640
2543
2472
2417
2249
1959
1752
1532
1236
868
447
63
-332
-754
-1224
-1704
-2143
-2601
-3052
-3431
-3700
-3886
-4012
-4053
-3944
-3698
-3404
-3075
-2682
-2227
-1760
-1308
-850
-403
-24
360
747
1022
1230
1439
1596
1651
1685
1645
1539
1462
1298
1127
967
761
597
283
-109
-432
-824
-1198
-1536
-1843
-2101
-2324
-2480
-2608
-2670
-2679
-2672
-2581
-2375
-2108
-1812
-1430
-941
-303
430
1214
1972
2733
3592
4453
5166
5691
6187
6543
6705
6787
6659
6455
6164
5674
5167
4569
3944
3312
2620
1949
1229
549
-71
-656
-1213
-1750
-2141
-2493
-2830
-3180
-3456
-3650
-3823
-4016
-4203
-4250
-4231
-4120
-4094
-3939
-3793
-3609
-3391
-3109
-2739
-2437
-2069
-1658
-1229
-807
-333
110
490
817
1211
1583
1905
2235
2577
2838
2982
3065
3139
3166
3117
2998
2837
2658
2473
2227
1961
1745
1494
1138
720
250
-192
-606
-1073
-1556
-1983
-2406
-2815
-3193
-3535
-3741
-3870
-3969
-4034
-3905
-3627
-3347
-2909
-2473
-2045
-1562
-1055
-610
-248
186
538
829
1067
1271
1513
1648
1725
1717
1667
1592
1453
1295
1120
952
752
495
203
-101
-409
-728
-1045
-1372
-1682
-1963
-2190
-2352
-2507
-2602
-2663
-2681
-2638
-2541
-2253
-1853
-1359
-787
-162
574
1300
2019
2754
3522
4292
4948
5482
5915
6273
6547
6668
6613
6425
6114
5638
5050
4409
3733
3035
2340
1699
1054
502
11
-513
-992
-1440
-1827
-2223
-2596
-2917
-3269
-3534
-3755
-3944
-4092
-4179
-4187
-4239
-4261
-4169
-4047
-3873
-3637
-3398
-3074
-2692
-2305
-1861
-1443
-987
-431
53
515
1022
1460
1812
2122
2398
2616
2793
2892
2961
3030
3130
3222
3154
3061
2928
2720
2441
2069
1720
1327
954
568
81
-350
-756
-1229
-1648
-1982
-2347
-2726
-3072
-3364
-3610
-3809
-3940
-3981
-3898
-3683
-3370
-3039
-2603
-2068
-1558
-1044
-556
-48
411
774
1078
1287
1504
1647
1711
1821
1826
1809
1819
1715
1576
1389
1150
866
481
139
-188
-536
-854
-1214
-1546
-1873
-2219
-2491
-2696
-2786
-2880
-2975
-2921
-2829
-2629
-2279
-1880
-1376
-763
-92
629
1392
2150
2915
3708
4431
5060
5600
6035
6337
6476
6501
6450
6263
5925
5484
4945
4360
3781
3179
2529
1837
1191
655
110
-498
-1027
-1492
-1940
-2341
-2717
-3047
-3289
-3521
-3794
-3987
-4142
-4227
-4230
-4262
-4208
-4145
-4093
-3963
-3808
-3582
-3241
-2816
-2429
-2016
-1480
-895
-323
198
704
1218
1671
1991
2231
2511
2771
2965
3077
3112
3133
3110
3035
2904
2839
2717
2466
2218
1863
1586
1305
906
552
145
-225
-654
-1205
-1668
-2087
-2475
-2822
-3136
-3354
-3558
-3753
-3862
-3904
-3836
-3575
-3254
-2959
-2545
-2041
-1572
-1105
-602
-115
317
681
1048
1436
1739
1967
2074
2137
2166
2073
1914
1692
1488
1232
934
635
317
69
-243
-571
-878
-1245
-1588
-1904
-2194
-2405
-2580
-2759
-2881
-2948
-2930
-2793
-2522
-2173
-1813
-1344
-735
-90
571
1310
2066
2856
3700
4413
5049
5618
6069
6500
6744
6808
6724
6459
6142
5648
5001
4314
3632
2986
2248
1530
916
376
-168
-701
-1189
-1641
-2062
-2461
-2783
-3164
-3412
-3575
-3811
-3929
-4078
-4141
-4156
-4249
-4260
-4157
-4033
-3974
-3813
-3514
-3175
-2828
-2388
-1867
-1367
-852
-356
142
666
1177
1624
1951
2242
2538
2756
2931
3041
3046
3161
3203
3075
2948
2771
2663
2501
2181
1830
1490
1136
685
186
-249
-592
-988
-1354
-1690
-2022
-2267
-2568
-2870
-3120
-3276
-3451
-3567
-3531
-3475
-3270
-2972
-2581
-2164
-1735
-1246
-828
-383
38
389
703
985
1230
1420
1604
1765
1882
1907
1831
1720
1557
1391
1160
843
582
316
26
-311
-684
-961
-1310
-1704
-2011
-2288
-2479
-2666
-2808
-2863
-2901
-2847
-2718
-2540
-2252
-1839
-1369
-761
-59
634
1435
2229
3071
3972
4744
5459
6073
6591
6966
7069
7055
6940
6733
6410
5852
5188
4539
3859
3083
2286
1528
821
192
-429
-1036
-1559
-1965
-2307
-2675
-3077
-3375
-3571
-3765
-3953
-4090
-4083
-4048
-4043
-4021
-3920
-3775
-3729
-3623
-3506
-3286
-3014
-2766
-2325
-1874
-1436
-919
-334
170
576
1027
1418
1779
2043
2284
2546
2666
2727
2823
2884
2913
2902
2835
2847
2762
2564
2302
1960
1639
1236
806
319
-139
-521
-932
-1304
-1658
-1943
-2291
-2623
-2885
-3130
-3279
-3507
-3717
-3750
-3664
-3508
-3265
-2879
-2362
-1816
-1345
-846
-318
152
594
909
1143
1435
1663
1765
1859
1963
1973
1887
1719
1556
1430
1185
901
618
316
27
-320
-618
-932
-1306
-1566
-1841
-2075
-2271
-2521
-2668
-2777
-2844
-2797
-2674
-2437
-2151
-1817
-1398
-925
-304
436
1116
1837
2687
3547
4338
5005
5590
6122
6535
6821
6923
6854
6670
6301
5807
5243
4597
3952
3275
2495
1746
1083
454
-169
-775
-1251
-1723
-2192
-2548
-2861
-3071
-3287
-3565
-3800
-3965
-4071
-4202
-4306
-4396
-4422
-4328
-4233
-4067
-3887
-3689
-3324
-2969
-2581
-2061
-1522
-930
-358
198
785
1296
1755
2101
2383
2647
2855
3039
3088
3073
3129
3136
3012
2903
2846
2688
2435
2146
1843
1489
1084
606
110
-385
-889
-1305
-1763
-2171
-2447
-2680
-2904
-3161
-3287
-3328
-3444
-3536
-3497
-3347
-3187
-2952
-2557
-2100
-1659
-1195
-686
-187
286
732
1158
1519
1796
2009
2065
2072
2040
1954
1925
1814
1658
1497
1320
1125
811
424
15
-370
-831
-1290
-1624
-1972
-2286
-2449
-2590
-2724
-2753
-2790
-2797
-2755
-2620
-2381
-2168
-1839
-1409
-869
-189
535
1316
2127
2987
3860
4639
5260
5815
6306
6623
6837
6929
6867
6680
6329
5778
5142
4534
3916
3180
2383
1690
1058
433
-254
-910
-1455
-1967
-2410
-2867
-3233
-3488
-3726
-3942
-4153
-4265
-4340
-4412
-4492
-4511
-4407
-4251
-4110
-3946
-3661
-3311
-2881
-2502
-2126
-1599
-1082
-527
-13
449
972
1422
1791
2118
2357
2589
2773
2797
2802
2775
2794
2834
2743
2683
2642
2546
2300
1955
1626
1245
858
415
-73
-533
-931
-1269
-1611
-1941
-2281
-2624
-2939
-3180
-3333
-3509
-3621
-3594
-3481
-3300
-3084
-2720
-2224
-1754
-1277
-819
-280
243
613
994
1266
1552
1825
1922
1989
2025
2042
1957
1853
1680
1484
1319
1034
797
549
238
-135
-502
-788
-1134
-1457
-1757
-2020
-2223
-2418
-2592
-2741
-2829
-2906
-2941
-2872
-2688
-2375
-1981
-1423
-751
-32
754
1547
2436
3296
4038
4727
5314
5858
6282
6541
6665
6683
6627
6427
6097
5674
5149
4526
3824
3083
2268
1513
825
133
-474
-989
-1420
-1884
-2317
-2692
-3083
-3386
-3671
-3887
-4051
-4234
-4317
-4410
-4521
-4492
-4414
-4335
-4193
-4038
-3812
-3521
-3246
-2896
-2427
-1862
-1261
-694
-131
400
907
1429
1872
2279
2709
3019
3197
3312
3375
3421
3406
3329
3221
3052
2809
2512
2135
1696
1231
751
260
-261
-750
-1159
-1481
-1788
-2105
-2377
-2630
-2845
-3046
-3235
-3385
-3482
-3517
-3486
-3315
-3141
-2862
-2453
-2047
-1558
-1116
-665
-162
235
587
854
1086
1393
1607
1699
1801
1884
1922
1887
1747
1631
1483
1242
981
643
291
-61
-376
-673
-1001
-1245
-1513
-1780
-2048
-2308
-2481
-2657
-2779
-2895
-2938
-2892
-2743
-2395
-2038
-1556
-925
-288
431
1197
2049
2920
3669
4406
5074
5609
6044
6370
6667
6790
6727
6567
6232
5803
5262
4639
4008
3242
2490
1776
1017
372
-221
-762
-1223
-1647
-2000
-2307
-2607
-2895
-3115
-3393
-3685
-3910
-4081
-4168
-4204
-4192
-4195
-4115
-4004
-3935
-3754
-3549
-3334
-3089
-2788
-2379
-1891
-1340
-756
-166
421
1040
1644
2151
2613
2986
3202
3335
3442
3446
3366
3295
3087
2818
2573
2256
1926
1612
1311
905
467
6
-504
-945
-1425
-1824
-2118
-2408
-2549
-2677
-2845
-2870
-2871
-2937
-2921
-2859
-2787
-2703
-2611
-2419
-2157
-1853
-1482
-1060
-576
-86
345
742
1119
1436
1623
1701
1731
1670
1587
1576
1550
1509
1482
1404
1284
1107
853
567
198
-244
-667
-1076
-1484
-1845
-2150
-2414
-2659
-2826
-2903
-2982
-2973
-2853
-2645
-2358
-2024
-1512
-914
-272
489
1256
2122
3025
3834
4569
5132
5640
6107
6437
6662
6719
6613
6424
6117
5635
5148
4597
3916
3255
2566
1899
1196
478
-193
-820
-1381
-1841
-2125
-2410
-2671
-2832
-3043
-3307
-3516
-3676
-3816
-3960
-4135
-4248
-4324
-4300
-4205
-4096
-3885
-3669
-3368
-3083
-2793
-2347
-1781
-1207
-746
-185
387
904
1437
1845
2274
2724
3043
3204
3266
3352
3370
3171
2901
2620
2352
2146
1823
1439
1036
614
216
-220
-590
-926
-1285
-1619
-1903
-2075
-2225
-2406
-2514
-2613
-2771
-2868
-2873
-2815
-2696
-2580
-2437
-2236
-1983
-1629
-1231
-845
-445
-2
392
658
911
1186
1416
1541
1616
1705
1792
1844
1793
1766
1674
1506
1341
1034
711
368
-35
-402
-797
-1153
-1485
-1883
-2231
-2536
-2863
-3086
-3208
-3240
-3160
-3034
-2786
-2453
-2073
-1524
-891
-265
474
1298
2105
2921
3731
4389
4948
5536
6051
6355
6517
6579
6521
6372
6036
5612
5158
4605
3994
3266
2531
1875
1287
670
14
-477
-928
-1358
-1720
-2092
-2395
-2649
-2913
-3176
-3405
-3575
-3699
-3822
-4020
-4193
-4326
-4401
-4365
-4312
-4131
-3886
-3615
-3271
-2897
-2397
-1861
-1349
-802
-183
501
1106
1623
2115
2543
2818
2973
3093
3205
3289
3277
3150
2945
2705
2418
2055
1647
1247
852
456
84
-292
-643
-935
-1223
-1533
-1823
-2053
-2251
-2468
-2648
-2774
-2947
-3067
-3061
-3047
-2964
-2726
-2471
-2291
-1996
-1619
-1223
-789
-354
120
502
836
1163
1474
1804
2011
2137
2235
2245
2202
2153
2076
1947
1782
1540
1274
987
624
275
-69
-511
-1008
-1491
-1939
-2292
-2549
-2769
-2942
-3121
-3285
-3351
-3340
-3186
-2862
-2433
-1999
-1438
-723
69
968
1796
2655
3517
4225
4843
5372
5879
6263
6519
6614
6539
6422
6114
5743
5330
4770
4149
3366
2589
1851
1159
604
-16
-593
-1117
-1609
-1957
-2246
-2478
-2692
-2897
-3116
-3327
-3475
-3621
-3725
-3852
-4007
-4104
-4152
-4092
-4024
-3853
-3563
-3309
-2955
-2538
-2089
-1560
-1024
-475
88
637
1139
1619
2104
2521
2806
3029
3221
3358
3443
3447
3351
3091
2725
2342
1891
1493
1205
805
335
-113
-632
-1103
-1445
-1762
-2057
-2312
-2520
-2701
-2883
-2977
-2979
-2956
-2940
-2954
-2908
-2752
-2510
-2234
-1911
-1573
-1192
-759
-407
6
426
775
1152
1431
1716
2031
2179
2310
2405
2324
2235
2102
1896
1722
1503
1200
790
374
24
-359
-747
-1145
-1517
-1900
-2333
-2645
-2919
-3141
-3291
-3425
-3405
-3318
-3100
-2719
-2220
-1677
-1145
-500
154
925
1751
2513
3251
3897
4546
5150
5691
6152
6437
6565
6554
6393
6057
5638
5154
4563
3904
3214
2545
1878
1246
687
106
-418
-863
-1298
-1640
-1956
-2275
-2547
-2870
-3189
-3420
-3596
-3760
-3878
-3918
-3958
-4015
-4018
-3946
-3783
-3591
-3382
-3147
-2865
-2470
-2030
-1558
-1071
-608
-112
429
973
1453
1921
2370
2686
2933
3143
3277
3356
3315
3135
2941
2709
2356
1948
1511
1035
546
10
-534
-1011
-1401
-1709
-1999
-2286
-2478
-2614
-2785
-2840
-2812
-2793
-2737
-2712
-2689
-2574
-2350
-2138
-1937
-1672
-1397
-1096
-751
-327
88
436
777
1109
1432
1786
2095
2267
2415
2476
2480
2441
2288
2208
2062
1759
1447
1092
739
344
-99
-521
-970
-1463
-1948
-2359
-2727
-3017
-3231
-3433
-3452
-3392
-3272
-2962
-2605
-2217
-1699
-1132
-560
124
905
1715
2514
3251
3978
4646
5216
5745
6132
6317
6420
6401
6192
5884
5492
4983
4405
3762
3066
2390
1755
1153
566
-36
-595
-1075
-1518
-1924
-2285
-2581
-2797
-3025
-3302
-3504
-3638
-3710
-3762
-3905
-3978
-3961
-3960
-3887
-3751
-3537
-3274
-3047
-2759
-2354
-1878
-1347
-814
-274
235
685
1170
1597
1921
2281
2586
2760
2927
3121
3254
3308
3313
3197
2956
2630
2172
1672
1149
576
47
-517
-1080
-1522
-1876
-2183
-2424
-2588
-2774
-2919
-2983
-3039
-3018
-2980
-2973
-2917
-2802
-2625
-2386
-2081
-1724
-1360
-1040
-758
-446
-97
302
690
1071
1481
1833
2111
2316
2490
2653
2752
2788
2659
2408
2163
1892
1575
1182
741
266
-216
-612
-1008
-1444
-1864
-2310
-2721
-3051
-3297
-3449
-3547
-3524
-3364
-3164
-2889
-2538
-2109
-1565
-910
-164
669
1572
2424
3242
4025
4647
5241
5740
6043
6267
6368
6305
6108
5801
5440
5033
4468
3832
3164
2429
1830
1288
702
166
-330
-760
-1145
-1462
-1720
-1986
-2235
-2503
-2789
-3073
-3325
-3540
-3804
-4018
-4130
-4210
-4220
-4122
-3912
-3712
-3467
-3158
-2885
-2457
-1918
-1416
-910
-402
110
580
1065
1520
1954
2345
2620
2831
2967
3086
3190
3203
3078
2860
2598
2278
1857
1355
884
298
-327
-854
-1359
-1777
-2136
-2473
-2795
-3020
-3190
-3349
-3376
-3330
-3252
-3146
-2990
-2825
-2665
-2463
-2204
-1905
-1592
-1244
-934
-620
-248
111
460
813
1192
1558
1911
2297
2595
2768
2916
2921
2829
2779
2587
2334
2083
1746
1326
859
396
-81
-520
-991
-1464
-1890
-2319
-2667
-2974
-3233
-3397
-3491
-3488
-3382
-3180
-2906
-2546
-2093
-1558
-931
-171
654
1535
2467
3298
4046
4752
5339
5764
6073
6248
6303
6213
5934
5606
5184
4708
4228
3649
3015
2365
1775
1168
586
100
-365
-807
-1215
-1585
-1945
-2258
-2517
-2809
-3095
-3347
-3588
-3809
-3965
-4067
-4153
-4195
-4158
-4037
-3845
-3588
-3298
-2973
-2617
-2260
-1795
-1261
-752
-203
312
804
1286
1709
2097
2484
2841
3078
3231
3300
3275
3220
3070
2901
2706
2339
1947
1534
1011
445
-122
-700
-1267
-1786
-2244
-2650
-2981
-3190
-3414
-3626
-3692
-3718
-3674
-3566
-3425
-3205
-2964
-2670
-2314
-1964
-1618
-1218
-839
-436
1
387
786
1226
1667
2113
2525
2822
3129
3319
3325
3359
3261
3010
2725
2407
1986
1451
1002
593
151
-260
-659
-1080
-1494
-1843
-2196
-2494
-2715
-2966
-3172
-3270
-3213
-3076
-2876
-2592
-2312
-1829
-1232
-651
64
827
1576
2326
3064
3721
4340
4937
5391
5660
5800
5876
5825
5629
5373
5058
4621
4080
3480
2847
2195
1523
929
378
-86
-500
-953
-1392
-1838
-2161
-2462
-2804
-3100
-3375
-3589
-3804
-3966
-4051
-4130
-4163
-4104
-3944
-3729
-3468
-3170
-2857
-2519
-2123
-1673
-1219
-748
-264
197
644
1103
1549
1928
2256
2531
2739
2898
3008
3104
3106
3028
2888
2667
2377
1975
1544
1027
479
-1
-538
-1022
-1486
-2007
-2444
-2813
-3156
-3391
-3561
-3697
-3777
-3789
-3654
-3493
-3353
-3099
-2817
-2545
-2194
-1781
-1349
-905
-482
-74
305
700
1136
1601
2073
2416
2755
3055
3207
3340
3406
3380
3276
3108
2784
2338
1868
1373
921
405
-127
-585
-1024
-1449
-1831
-2166
-2530
-2833
-3039
-3181
-3188
-3141
-3088
-2937
-2649
-2276
-1786
-1214
-659
-12
657
1271
1935
2552
3112
3683
4245
4749
5115
5394
5588
5703
5688
5574
5343
4975
4495
3924
3326
2683
2057
1433
845
236
-297
-826
-1228
-1661
-2026
-2355
-2644
-2890
-3152
-3379
-3552
-3693
-3814
-3862
-3960
-3937
-3932
-3865
-3724
-3535
-3282
-2952
-2604
-2192
-1728
-1250
-749
-184
368
909
1420
1865
2210
2535
2883
3124
3268
3357
3356
3238
2987
2718
2440
2132
1754
1289
751
217
-299
-853
-1377
-1858
-2279
-2697
-3127
-3441
-3636
-3716
-3724
-3701
-3596
-3429
-3262
-3098
-2901
-2607
-2320
-2024
-1590
-1236
-915
-477
-47
344
721
1145
1541
1886
2224
2568
2883
3063
3202
3307
3259
3131
2939
2633
2182
1666
1173
661
181
-259
-668
-1064
-1405
-1652
-1957
-2227
-2369
-2520
-2653
-2664
-2592
-2479
-2296
-2043
-1706
-1303
-811
-264
323
908
1493
2178
2841
3485
4165
4739
5104
5366
5596
5638
5586
5446
5112
4710
4268
3805
3272
2653
2012
1401
836
311
-151
-633
-1126
-1522
-1891
-2219
-2435
-2628
-2829
-3037
-3214
-3337
-3470
-3565
-3647
-3751
-3777
-3719
-3629
-3518
-3324
-3056
-2815
-2544
-2130
-1597
-1059
-547
-25
469
977
1454
1939
2411
2771
3043
3215
3283
3272
3181
3031
2755
2462
2200
1763
1324
836
329
-224
-689
-1216
-1672
-2109
-2566
-2910
-3219
-3388
-3561
-3587
-3563
-3505
-3371
-3209
-3030
-2763
-2436
-2158
-1854
-1534
-1250
-915
-543
-205
129
490
864
1256
1592
1952
2327
2677
2973
3144
3260
3246
3162
3011
2698
2297
1835
1384
888
349
-118
-538
-954
-1346
-1667
-1968
-2266
-2490
-2599
-2630
-2601
-2514
-2385
-2177
-1902
-1595
-1246
-809
-324
182
769
1463
2158
2779
3410
3990
4494
4917
5264
5536
5622
5623
5496
5238
4946
4538
4029
3397
2745
2102
1441
908
340
-258
-770
-1282
-1713
-2110
-2460
-2712
-2952
-3182
-3388
-3535
-3672
-3778
-3840
-3904
-3901
-3801
-3645
-3508
-3374
-3152
-2895
-2646
-2284
-1851
-1492
-1138
-764
-358
134
679
1192
1670
2090
2475
2814
3060
3288
3405
3408
3339
3211
3046
2716
2304
1839
1303
688
26
-514
-1068
-1629
-2111
-2581
-2990
-3294
-3526
-3677
-3719
-3737
-3702
-3583
-3408
-3159
-2854
-2583
-2291
-1909
-1579
-1266
-931
-590
-288
34
421
791
1225
1562
1885
2216
2415
2635
2839
3013
3048
3032
2963
2713
2432
2055
1563
1047
579
133
-291
-674
-1044
-1376
-1691
-1975
-2184
-2276
-2312
-2260
-2178
-2103
-1914
-1684
-1356
-1001
-631
-188
294
911
1549
2177
2796
3341
3807
4232
4651
5007
5237
5357
5385
5233
4967
4613
4189
3701
3100
2502
1849
1207
626
41
-514
-1058
-1493
-1845
-2205
-2507
-2743
-2955
-3184
-3359
-3472
-3554
-3606
-3648
-3633
-3614
-3575
-3476
-3372
-3197
-3006
-2781
-2469
-2185
-1823
-1392
-953
-480
-31
445
890
1292
1737
2149
2530
2862
3112
3296
3382
3416
3330
3093
2808
2471
2061
1594
1077
487
-50
-546
-1105
-1618
-2146
-2605
-3001
-3388
-3626
-3787
-3897
-3903
-3782
-3606
-3381
-3158
-2899
-2602
-2370
-2022
-1684
-1428
-1114
-744
-348
34
437
828
1215
1579
1942
2275
2548
2787
2905
2953
2868
2707
2585
2362
2051
1658
1270
942
538
165
-161
-548
-944
-1312
-1593
-1812
-1976
-2030
-2064
-2075
-2017
-1882
-1701
-1451
-1087
-702
-268
199
756
1366
1932
2548
3105
3662
4163
4574
4920
5117
5271
5321
5278
5029
4647
4223
3712
3198
2545
1952
1390
755
191
-417
-982
-1447
-1876
-2307
-2740
-3053
-3286
-3469
-3612
-3764
-3813
-3777
-3737
-3689
-3646
-3573
-3509
-3402
-3146
-2872
-2599
-2279
-1985
-1667
-1260
-865
-419
58
490
988
1430
1810
2154
2425
2723
2959
3155
3287
3333
3276
3076
2835
2528
2183
1780
1321
781
197
-352
-896
-1452
-2004
-2420
-2839
-3225
-3492
-3774
-3927
-3955
-3894
-3743
-3553
-3268
-2933
-2605
-2306
-2011
-1714
-1423
-1081
-739
-407
-72
276
621
902
1229
1559
1901
2321
2569
2673
2721
2670
2612
2474
2264
2081
1751
1315
895
438
26
-394
-759
-1034
-1318
-1502
-1652
-1797
-1837
-1837
-1826
-1812
-1697
-1487
-1253
-910
-543
-161
324
858
1482
2062
2585
3158
3643
4092
4502
4824
5101
5271
5327
5203
4897
4566
4222
3787
3256
2669
2011
1319
666
59
-504
-1001
-1439
-1842
-2227
-2599
-2899
-3130
-3394
-3680
-3859
-3905
-3900
-3889
-3860
-3808
-3750
-3657
-3509
-3318
-3083
-2805
-2499
-2184
-1787
-1334
-857
-406
-8
485
949
1327
1723
2081
2436
2719
2924
3104
3153
3172
3208
3090
2884
2613
2266
1919
1504
1056
562
49
-376
-867
-1365
-1773
-2180
-2549
-2881
-3157
-3405
-3540
-3543
-3564
-3454
-3310
-3190
-2989
-2754
-2461
-2149
-1806
-1437
-1068
-723
-339
42
333
638
939
1269
1575
1869
2153
2326
2469
2536
2522
2452
2332
2163
1887
1522
1107
672
250
-145
-572
-937
-1223
-1460
-1644
-1801
-1812
-1793
-1777
-1678
-1570
-1407
-1174
-876
-460
12
507
1060
1570
2141
2758
3277
3818
4281
4691
5009
5175
5303
5289
5214
5043
4645
4224
3790
3215
2619
2027
1436
839
150
-444
-953
-1464
-1880
-2278
-2675
-3064
-3382
-3580
-3782
-3962
-4114
-4238
-4269
-4245
-4179
-4035
-3841
-3687
-3496
-3233
-2907
-2482
-2117
-1766
-1380
-978
-518
-79
389
862
1298
1726
2113
2469
2806
3107
3303
3349
3344
3320
3192
2983
2701
2318
1916
1486
1026
579
82
-423
-871
-1315
-1698
-2027
-2382
-2686
-2939
-3184
-3348
-3452
-3501
-3428
-3309
-3193
-2981
-2695
-2409
-2070
-1692
-1345
-993
-650
-334
-13
324
647
973
1286
1504
1662
1799
1977
2086
2071
2058
1978
1861
1668
1409
1138
769
395
-20
-445
-760
-1043
-1265
-1440
-1576
-1690
-1757
-1719
-1694
-1583
-1385
-1163
-836
-474
-53
407
876
1390
1962
2512
3034
3564
4015
4463
4830
5067
5242
5316
5337
5202
4960
4728
4339
3884
3422
2878
2272
1609
966
338
-322
-952
-1535
-2084
-2573
-3003
-3410
-3709
-3925
-4150
-4281
-4331
-4369
-4344
-4254
-4140
-3993
-3798
-3565
-3359
-3132
-2822
-2515
-2161
-1700
-1255
-838
-429
-40
379
794
1151
1502
1861
2236
2565
2824
3037
3202
3322
3347
3260
3044
2746
2416
2035
1595
1142
735
268
-165
-568
-1004
-1331
-1713
-2097
-2376
-2659
-2900
-3128
-3317
-3371
-3392
-3312
-3093
-2921
-2713
-2443
-2198
-1897
-1601
-1251
-870
-531
-134
156
406
671
884
1155
1317
1491
1688
1754
1828
1865
1883
1874
1792
1629
1406
1137
787
455
122
-253
-603
-893
-1163
-1401
-1545
-1606
-1632
-1612
-1482
-1292
-1081
-799
-445
-72
352
828
1303
1815
2367
2948
3448
3831
4201
4484
4732
4952
5030
5033
4905
4699
4437
4045
3643
3174
2635
2139
1583
995
451
-110
-732
-1332
-1879
-2325
-2701
-3093
-3437
-3768
-4046
-4194
-4302
-4335
-4283
-4257
-4175
-4059
-3971
-3753
-3497
-3231
-2929
-2590
-2112
-1667
-1262
-800
-348
53
458
912
1298
1677
2061
2373
2663
2892
3048
3182
3251
3215
3136
2993
2741
2451
2141
1772
1350
912
477
18
-454
-904
-1335
-1758
-2120
-2420
-2672
-2852
-2998
-3035
-3041
-3090
-3032
-2984
-2941
-2770
-2515
-2210
-1930
-1611
-1269
-938
-564
-254
99
442
682
974
1184
1307
1420
1457
1522
1603
1607
1579
1520
1391
1224
986
682
378
55
-282
-614
-933
-1207
-1405
-1516
-1577
-1613
-1623
-1624
-1606
-1458
-1196
-914
-543
-76
427
984
1540
2087
2669
3197
3690
4150
4523
4860
5147
5338
5441
5486
5452
5345
5095
4686
4266
3733
3130
2510
1783
1072
426
-142
-670
-1232
-1722
-2202
-2725
-3115
-3474
-3820
-4016
-4222
-4372
-4463
-4533
-4511
-4450
-4308
-4101
-3851
-3618
-3360
-3054
-2702
-2385
-2111
-1706
-1314
-911
-490
-56
393
766
1231
1656
1992
2286
2587
2849
2968
3107
3161
3111
2967
2681
2358
1995
1586
1205
849
486
142
-197
-523
-822
-1119
-1405
-1703
-2008
-2310
-2578
-2755
-2837
-2845
-2786
-2711
-2615
-2482
-2334
-2112
-1867
-1608
-1325
-1094
-792
-487
-205
105
306
534
798
993
1182
1301
1385
1453
1435
1371
1320
1289
1156
966
782
533
273
2
-302
-597
-888
-1164
-1382
-1578
-1711
-1718
-1695
-1618
-1419
-1199
-980
-689
-326
143
688
1189
1724
2322
2844
3328
3844
4307
4674
4978
5226
5367
5381
5352
5275
5085
4821
4494
4082
3579
3001
2371
1748
1156
580
-2
-563
-1075
-1593
-2049
-2460
-2809
-3095
-3406
-3667
-3938
-4170
-4334
-4440
-4410
-4343
-4227
-4071
-3916
-3740
-3517
-3235
-2869
-2448
-2076
-1735
-1385
-995
-579
-136
292
737
1212
1546
1905
2310
2614
2856
2957
2968
2914
2719
2507
2297
2047
1772
1393
1001
628
230
-77
-444
-824
-1070
-1291
-1547
-1859
-2100
-2302
-2488
-2573
-2624
-2639
-2542
-2437
-2352
-2160
-1987
-1818
-1617
-1392
-1135
-878
-573
-297
10
234
488
789
930
1118
1304
1477
1579
1580
1524
1422
1350
1204
1052
779
452
180
-135
-420
-709
-908
-1071
-1302
-1514
-1654
-1724
-1801
-1850
-1828
-1716
-1485
-1189
-797
-368
120
644
1128
1655
2166
2720
3273
3756
4180
4471
4743
4970
5177
5330
5372
5349
5206
4971
4609
4155
3655
3111
2567
1997
1408
802
168
-421
-954
-1419
-1813
-2213
-2592
-2958
-3283
-3512
-3689
-3783
-3873
-3961
-4041
-4152
-4188
-4166
-4045
-3823
-3583
-3296
-3009
-2676
-2288
-1908
-1480
-1075
-731
-319
97
460
865
1240
1543
1856
2171
2402
2545
2677
2727
2650
2524
2324
2080
1782
1385
1013
644
295
44
-215
-518
-842
-1130
-1361
-1569
-1743
-1916
-2088
-2256
-2371
-2424
-2440
-2323
-2154
-1980
-1772
-1623
-1448
-1206
-996
-753
-465
-175
159
453
660
840
963
1050
1134
1174
1149
1106
1057
1001
904
736
568
377
162
-52
-273
-509
-778
-963
-1093
-1297
-1443
-1493
-1539
-1537
-1533
-1522
-1413
-1250
-1046
-770
-420
12
421
870
1437
1957
2460
3007
3454
3843
4245
4578
4803
4979
5117
5170
5153
5041
4848
4597
4263
3864
3372
2795
2170
1503
896
302
-290
-847
-1454
-1957
-2327
-2659
-2895
-3137
-3341
-3459
-3613
-3709
-3703
-3710
-3681
-3585
-3497
-3399
-3293
-3094
-2809
-2577
-2380
-2110
-1783
-1473
-1110
-743
-430
-77
262
596
901
1164
1495
1832
2108
2294
2419
2529
2552
2497
2363
2170
1948
1628
1227
788
371
-25
-386
-682
-964
-1248
-1495
-1719
-1979
-2243
-2415
-2487
-2534
-2557
-2526
-2444
-2312
-2155
-1945
-1682
-1375
-1042
-727
-469
-217
83
309
509
739
880
995
1068
1079
1080
1039
984
946
933
904
820
687
534
394
190
-4
-190
-432
-698
-1001
-1179
-1305
-1428
-1458
-1462
-1417
-1399
-1367
-1227
-1077
-863
-567
-216
131
485
913
1316
1765
2234
2668
3120
3491
3861
4218
4463
4647
4777
4825
4775
4678
4534
4257
3862
3429
2918
2338
1796
1285
751
216
-243
-656
-1130
-1550
-1803
-2081
-2413
-2620
-2814
-3082
-3212
-3225
-3295
-3339
-3278
-3182
-3086
-2981
-2827
-2622
-2436
-2287
-2109
-1875
-1643
-1415
-1119
-809
-542
-249
111
486
784
1059
1359
1581
1763
1978
2102
2110
2036
1882
1712
1483
1178
887
556
191
-144
-526
-906
-1202
-1501
-1761
-1933
-2119
-2268
-2321
-2346
-2292
-2161
-2041
-1891
-1734
-1607
-1405
-1167
-952
-703
-425
-147
112
342
567
725
767
823
953
1072
1131
1131
1116
1062
956
891
902
856
732
599
389
190
11
-202
-394
-587
-777
-969
-1085
-1245
-1434
-1502
-1578
-1603
-1585
-1529
-1342
-1123
-914
-632
-288
92
532
946
1343
1755
2147
2564
2987
3311
3602
3938
4195
4404
4513
4517
4473
4285
4058
3802
3494
3075
2588
2125
1607
1133
702
256
-222
-722
-1149
-1530
-1867
-2097
-2274
-2460
-2565
-2692
-2773
-2758
-2744
-2713
-2730
-2720
-2705
-2616
-2473
-2342
-2130
-1998
-1850
-1638
-1377
-1048
-793
-500
-232
-30
201
391
601
832
1054
1264
1372
1439
1485
1428
1320
1222
1090
907
702
453
190
-86
-381
-689
-996
-1301
-1531
-1702
-1935
-2077
-2137
-2169
-2082
-1946
-1806
-1642
-1451
-1233
-995
-799
-649
-470
-257
-2
235
395
531
700
868
1026
1150
1207
1201
1152
1082
949
857
829
752
667
547
473
389
287
204
64
-91
-273
-434
-587
-710
-914
-1020
-1128
-1180
-1202
-1158
-1090
-1040
-957
-938
-793
-651
-421
-82
265
560
806
1149
1427
1840
2235
2573
2843
3089
3278
3444
3596
3650
3638
3528
3355
3179
2985
2741
2366
1978
1568
1150
832
456
66
-238
-595
-983
-1293
-1555
-1801
-1964
-2081
-2169
-2199
-2181
-2125
-2093
-2013
-1902
-1813
-1706
-1591
-1463
-1354
-1234
-1128
-1044
-935
-873
-808
-676
-564
-464
-298
-127
14
189
355
493
642
730
807
876
877
858
767
627
468
293
149
-48
-261
-483
-752
-1023
-1309
-1504
-1675
-1845
-1888
-1869
-1797
-1701
-1600
-1412
-1198
-1002
-760
-518
-275
-4
246
478
641
744
828
841
842
821
740
689
622
506
428
371
350
351
299
234
152
74
-6
-108
-218
-308
-360
-399
-388
-360
-416
-486
-528
-569
-593
-618
-605
-553
-519
-479
-404
-330
-202
-29
123
294
440
609
811
997
1214
1435
1703
1972
2204
2442
2627
2753
2818
2803
2726
2645
2566
2463
2342
2171
1952
1697
1432
1174
883
608
369
110
-204
-557
-864
-1118
-1374
-1556
-1626
-1675
-1677
-1620
-1574
-1495
-1417
-1342
-1230
-1090
-932
-837
-779
-732
-697
-689
-680
-622
-617
-592
-496
-477
-495
-487
-428
-306
-181
-119
-69
-19
-15
31
62
18
-6
-69
-175
-299
-424
-522
-592
-668
-807
-881
-928
-1036
-1108
-1121
-1168
-1206
-1162
-1115
-1014
-856
-674
-486
-324
-71
199
386
532
647
743
760
759
778
739
672
571
463
307
141
21
-104
-190
-265
-328
-379
-395
-405
-438
-415
-425
-430
-400
-432
-451
-421
-392
-359
-305
-268
-244
-191
-115
-32
7
60
202
331
434
519
589
729
862
978
1091
1181
1332
1472
1621
1762
1848
1936
1989
2045
2089
2077
1988
1882
1796
1656
1535
1378
1138
886
617
347
163
8
-183
-353
-469
-526
-609
-685
-799
-909
-877
-894
-880
-806
-731
-620
-558
-516
-478
-424
-358
-308
-277
-277
-292
-306
-278
-299
-346
-367
-466
-559
-562
-559
-538
-507
-497
-474
-492
-494
-409
-329
-305
-322
-355
-404
-507
-576
-617
-698
-725
-738
-827
-867
-870
-884
-808
-710
-647
-494
-335
-333
-325
-219
-133
-40
127
266
329
374
392
388
415
452
426
357
281
164
35
-45
-168
-317
-380
-444
-506
-501
-508
-501
-512
-568
-518
-437
-394
-322
-340
-396
-347
-322
-335
-296
-224
-117
-12
72
129
134
166
253
384
547
639
654
700
758
837
951
994
1009
1052
1057
987
996
1084
1059
1069
1074
973
919
867
758
723
737
672
672
721
702
684
695
724
734
749
701
629
541
421
343
221
117
43
-21
-45
-91
-125
-147
-180
-211
-260
-285
-283
-314
-342
-352
-333
-272
-231
-168
-101
-82
-89
-144
-199
-242
-282
-318
-393
-449
-494
-568
-610
-682
-793
-879
-903
-860
-843
-808
-767
-805
-820
-819
-778
-713
-694
-676
-679
-679
-709
-728
-667
-606
-570
-543
-461
-374
-331
-247
-183
-145
-74
-46
7
85
106
157
199
177
87
27
58
27
-33
-92
-168
-249
-275
-280
-312
-249
-258
-336
-340
-368
-411
-378
-308
-309
-258
-191
-181
-128
-114
-107
-69
-17
89
190
298
389
429
547
660
708
771
824
870
901
908
880
835
852
871
902
991
1015
986
959
906
802
682
622
549
447
412
412
439
475
511
522
483
491
525
535
568
565
499
441
412
356
293
199
98
87
95
127
159
152
147
117
92
74
49
9
-42
-125
-189
-200
-220
-220
-241
-266
-318
-347
-321
-342
-352
-380
-449
-523
-556
-592
-666
-669
-746
-875
-904
-905
-866
-796
-756
-758
-762
-751
-774
-758
-722
-732
-714
-680
-645
-563
-443
-382
-367
-303
-245
-214
-159
-130
-127
-82
-96
-135
-135
-161
-201
-261
-261
-215
-182
-135
-103
-98
-157
-239
-293
-331
-349
-356
-382
-446
-457
-433
-416
-378
-365
-294
-229
-207
-82
-14
47
206
308
393
444
499
540
526
617
715
741
751
760
813
834
840
884
903
851
775
714
671
649
590
538
538
473
380
373
385
363
327
297
309
336
333
307
298
323
327
329
352
354
364
377
419
560
675
703
714
694
664
640
577
559
540
412
317
257
148
100
148
158
147
175
151
0
0
0
0
0
0
0
0
0
0
0
0
0
0
0
0
0
0
0
0
0
0
0
0
0
0
0
0
0
0
0
0
0
0
0
0
0
0
0
0
0
0
0
0
0
0
0
0
0
0
0
0
0
0
0
0
0
0
0
0
0
0
0
0
0
0
0
0
0
0
0
0
0
0
0
0
0
0
0
0
0
0
0
0
0
0
0
0
0
0
0
0
0
0
0
0
0
0
0
0
0
0
0
0
0
0
0
0
0
0
0
0
0
0
0
0
0
0
0
0
0
0
0
0
0
0
0
0
0
0
0
0
0
0
0
0
0
0
0
0
0
0
0
0
0
0
0
0
0
0
0
0
0
0
0
0
0
0
0
0
0
0
0
0
0
0
0
0
0
0
0
0
0
0
0
0
0
0
0
0
0
0
0
0
0
0
0
0
0
0
0
0
0
0
0
0
0
0
0
0
0
0
0
0
0
0
0
0
0
0
0
0
0
0
0
0
0
0
0
0
0
0
0
0
0
0
0
0
0
0
0
0
0
0
0
0
0
0
0
0
0
0
0
0
0
0
0
0
0
0
0
0
0
0
0
0
0
0
0
0
0
0
0
0
0
0
0
0
0
0
0
0
0
0
0
0
0
0
0
0
0
0
0
0
0
0
0
0
0
0
0
0
0
0
0
0
0
0
0
0
0
0
0
0
0
0
0
0
0
0
0
0
0
0
0
0
0
0
0
0
0
0
0
0
0
0
0
0
0
0
0
0
0
0
0
0
0
0
0
0
0
0
0
0
0
0
0
0
0
0
0
0
0
0
0
0
0
0
0
0
0
0
0
0
0
0
0
0
0
0
0
0
0
0
0
0
0
0
0
0
0
0
0
0
0
0
0
0
0
0
0
0
0
0
0
0
0
0
0
0
