0
0
0
0
0
0
0
0
0
0
0
0
0
0
0
0
0
0
0
0
0
0
0
0
0
0
0
0
0
0
0
0
0
0
0
0
0
0
0
0
0
0
0
0
0
0
0
0
0
0
0
0
0
0
0
0
0
0
0
0
0
0
0
0
0
0
0
0
0
0
0
0
0
0
0
0
0
0
0
0
0
0
0
0
0
0
0
0
0
0
0
0
0
0
0
0
0
0
0
0
0
0
0
0
0
0
0
0
0
0
0
0
0
0
0
0
0
0
0
0
0
0
0
0
0
0
0
0
0
0
0
0
0
0
0
0
0
0
0
0
0
0
0
0
0
0
0
0
0
0
0
0
0
0
0
0
0
0
0
0
0
0
0
0
0
0
0
0
0
0
0
0
0
0
0
0
0
0
0
0
0
0
0
0
0
0
0
0
0
0
0
0
0
0
0
0
0
0
0
0
0
0
0
0
0
0
0
0
0
0
0
0
0
0
0
0
0
0
0
0
0
0
0
0
0
0
0
0
0
0
0
0
0
0
0
0
0
0
0
0
0
0
0
0
0
0
0
0
0
0
0
0
0
0
0
0
0
0
0
0
0
0
0
0
0
0
0
0
0
0
0
0
0
0
0
0
0
0
0
0
0
0
0
0
0
0
0
0
0
0
0
0
0
0
0
0
0
0
0
0
0
0
0
0
0
0
0
0
0
0
0
0
0
0
0
0
0
0
0
0
0
0
0
0
0
0
0
0
0
0
0
0
0
0
0
0
0
0
0
0
0
0
0
0
0
0
0
0
0
0
0
0
0
0
0
0
0
0
0
0
0
0
0
0
0
0
0
0
0
0
0
0
0
0
0
0
0
0
0
0
0
0
0
0
0
0
0
0
0
0
0
0
0
0
0
0
0
0
0
0
-1017
-871
-908
-915
-855
-753
-748
-696
-502
-428
-403
-369
-186
-4
111
208
268
356
407
606
778
784
763
793
929
967
912
931
1122
1227
980
698
756
981
948
743
723
839
783
575
488
535
503
311
138
142
177
11
-245
-292
-195
-298
-577
-664
-530
-529
-742
-881
-841
-826
-972
-1139
-1143
-1030
-1010
-1094
-1055
-885
-835
-910
-879
-742
-687
-713
-667
-536
-467
-509
-486
-301
-179
-254
-270
-90
3
-99
-78
145
227
92
84
269
347
268
264
341
334
284
351
527
664
747
963
1284
1316
1071
1285
2156
2663
2093
1318
1537
2528
3080
2713
2110
1942
2103
2212
2135
1870
1559
1369
1161
809
672
805
472
-488
-988
-561
-420
-1418
-2345
-1892
-1129
-1883
-3361
-3162
-1520
-1274
-3100
-4224
-2995
-1463
-1844
-3145
-3206
-2123
-1584
-1964
-2137
-1583
-1046
-1170
-1600
-1554
-768
114
111
-741
-1023
106
1267
833
-221
185
1518
1456
147
199
2008
2804
1400
355
1520
2852
2154
957
1615
2923
2257
415
487
2439
2945
984
-399
859
2291
1110
-852
-227
1629
818
-1814
-1842
721
1061
-1504
-2453
-260
978
-1243
-2897
-1002
1002
-496
-2788
-1677
519
-183
-2001
-1255
639
76
-1781
-1436
414
381
-1231
-1338
90
261
-1027
-1227
-20
282
-746
-956
-115
66
-559
-391
508
248
-652
-435
572
594
-338
-272
520
221
-765
-418
831
522
-884
-863
239
107
-896
-643
359
-84
-1527
-1333
429
909
-288
-438
1141
1440
-53
90
2601
3805
1755
89
1606
3930
4177
2932
2416
2701
2819
2864
3248
3495
2789
1729
1502
1732
1554
1429
1221
167
-1065
-830
87
-883
-2447
-1955
-831
-2037
-4357
-3808
-1009
-714
-3950
-5803
-3421
-719
-1522
-3779
-3844
-2371
-1997
-2580
-2356
-1413
-1153
-1803
-2408
-2130
-962
102
-90
-1293
-1783
-600
835
618
-419
55
1529
1203
-518
-69
2687
3490
987
-620
1274
3364
2271
357
1293
3414
2684
-77
-10
3155
4020
841
-1142
1134
3059
1110
-1191
245
2634
1064
-1993
-1390
1527
1510
-1631
-2253
556
1138
-1934
-3233
-313
1464
-1102
-3305
-1561
544
-719
-2323
-952
600
-715
-2477
-1133
1223
627
-1302
-1023
443
144
-1132
-463
945
373
-986
-902
200
66
-796
-484
97
-622
-1659
-1119
-365
-948
-1783
-1327
-562
-1530
-2390
-1231
161
-497
-1725
-985
474
541
67
1191
2411
1484
492
2339
5293
4869
2228
2171
4656
5952
4786
3745
4147
4452
4045
3788
4053
3773
2798
2147
1948
1726
1088
620
290
-467
-976
-1115
-1617
-2619
-2729
-1569
-1885
-4293
-5219
-3175
-1648
-3435
-5787
-5115
-2741
-2450
-4451
-5235
-3728
-2608
-3229
-3959
-3377
-2259
-2167
-2863
-2941
-2062
-884
-560
-1351
-1706
-505
1080
1190
108
380
2342
2808
1233
748
2772
4366
3058
1364
2012
3689
3448
2010
2186
3606
3562
1355
362
2226
3813
2300
-235
84
1972
1631
-470
-622
1326
1369
-1286
-2440
-75
1748
-264
-2790
-1655
741
-246
-2914
-2348
425
242
-2621
-2976
-422
265
-1737
-2210
-288
2
-1956
-2082
384
1100
-987
-1721
209
1152
-436
-952
646
1368
-5
-922
410
1150
169
-642
34
430
-853
-1333
-378
90
-1157
-1902
-1167
-1231
-2119
-2054
-744
-931
-2396
-2217
-780
-343
-1227
-777
926
1118
-87
-130
2147
3792
3161
2454
2852
3379
3204
4232
6066
5455
2845
2044
4574
6002
4150
2427
2919
3438
1818
726
1928
2646
678
-1476
-851
472
-534
-2392
-1997
-702
-1734
-4080
-4028
-1701
-995
-3232
-5284
-4570
-2704
-2146
-3314
-4404
-4293
-3691
-2986
-2826
-3003
-2969
-2678
-2566
-3127
-2812
-1088
-73
-1172
-2576
-1696
527
1287
342
131
1428
2073
940
278
2008
4014
3395
1250
986
2830
3728
2634
1970
3009
3519
1882
401
1660
3851
3317
573
-328
1543
2483
689
-595
844
1887
-208
-2396
-1048
1373
477
-2293
-2273
34
-55
-2705
-3141
-408
734
-1658
-3444
-1814
155
-550
-1865
-1141
102
-568
-1665
-771
844
571
-688
-455
614
679
-58
281
1007
474
-430
-439
457
391
-294
-465
-501
-778
-1191
-810
-739
-1469
-2212
-2105
-1481
-1646
-1857
-1802
-1613
-1943
-2198
-1263
-352
-183
-228
322
698
422
1044
3012
4307
3188
1465
2136
4805
6114
4968
3731
3822
4234
4325
4633
4762
3830
2504
2121
2519
2455
1650
934
650
347
-110
-573
-1206
-1731
-1463
-1119
-2250
-4040
-3907
-1937
-1378
-3648
-5758
-4638
-2022
-2004
-4514
-5556
-3865
-2670
-3745
-4514
-3169
-1849
-2741
-4319
-3973
-1889
-491
-961
-1990
-2010
-705
311
368
431
1089
2103
1913
950
1140
2986
4494
3435
1686
2042
3760
3929
2720
2823
4509
4535
1697
546
3223
5483
3098
-509
408
3183
2304
-852
-646
2181
1510
-2443
-3207
230
1341
-2038
-3953
-1281
603
-2102
-4612
-2401
593
-754
-3671
-3154
-569
-649
-2339
-1558
382
-190
-2347
-1615
1086
1015
-955
-1000
694
712
-549
118
1542
1197
-316
-307
1083
1037
64
2
624
-72
-1439
-923
40
-587
-1892
-1578
-659
-1526
-2367
-1387
-252
-1358
-2854
-1594
199
-220
-1286
-152
1444
299
-680
1655
4640
3477
361
1250
4705
5613
3319
2493
4084
4566
3418
3187
4446
4031
2220
1614
2401
2639
1451
772
736
376
-97
-218
-827
-2303
-2544
-1100
-1067
-3639
-4775
-2351
-648
-3135
-5931
-4371
-1230
-1823
-5056
-5470
-2995
-1868
-3337
-4158
-2699
-1694
-2226
-3114
-2668
-1288
-357
-285
-1431
-1933
-540
1451
1369
-456
-66
2449
3066
772
104
3142
5101
2821
392
2195
5073
4076
1287
2056
5019
4336
773
478
3827
4832
1643
-579
1266
2989
903
-1421
24
2093
106
-3364
-2742
559
497
-2926
-3968
-1427
-373
-2880
-4314
-1861
236
-1640
-3886
-2558
-279
-718
-2115
-984
734
-374
-2102
-993
1750
1969
-274
-683
806
1402
676
609
1882
1597
-118
-596
546
1274
389
-320
-480
-714
-1234
-1090
-438
-977
-1755
-1888
-1726
-2312
-2688
-1366
-534
-1759
-3167
-2153
19
407
-572
-538
467
748
1220
2854
3629
2114
1011
3260
6228
5341
2127
2018
5111
6271
3920
2253
3591
4594
2884
1355
2389
3371
1594
-650
-62
1570
529
-1949
-2045
-249
-348
-2917
-4285
-2572
-848
-2024
-4448
-4927
-3249
-1900
-2580
-4244
-4768
-3765
-2880
-3292
-3899
-3208
-2105
-2545
-4008
-3789
-1293
312
-1199
-3216
-2290
555
1574
17
-764
936
2315
1363
315
1713
4144
4147
1874
1095
3064
4809
4007
2385
2831
4426
3914
1790
1840
4277
4678
1516
-475
1747
3769
1483
-1544
-520
2117
730
-3300
-3174
693
753
-3508
-4559
-874
276
-3703
-5596
-1674
1173
-1917
-5222
-3084
421
-438
-2842
-1612
908
3
-2257
-1244
1611
1805
-210
-625
771
1078
98
274
1554
1467
37
-416
268
418
81
220
190
-772
-1603
-1291
-727
-973
-1432
-1359
-1521
-2414
-2561
-1092
-46
-1122
-2307
-1259
517
432
-669
-245
1538
2557
2422
2187
2130
2254
3341
5301
5742
3506
1762
3263
5683
5339
2899
2190
3550
3360
1351
958
2307
2005
-506
-1636
88
879
-1598
-3602
-1789
401
-1724
-5367
-4377
-364
-432
-4869
-6569
-3102
-241
-1820
-4606
-4496
-2401
-1835
-3020
-3168
-1861
-1290
-2147
-3424
-3318
-1089
1118
291
-2651
-3114
-115
2484
1292
-770
125
2227
2256
96
681
4011
4576
1434
-324
2637
5013
3226
1013
2324
4260
2516
59
1271
4695
4129
-357
-1992
1606
4564
1703
-2281
-1403
1874
1387
-1982
-2612
-52
402
-2754
-3674
-609
722
-3127
-5780
-2141
1556
-657
-4910
-3970
-161
-1
-2497
-2412
360
752
-1636
-2368
155
2177
1517
223
128
408
169
1117
2503
2387
573
-577
165
548
467
570
984
-58
-2514
-2895
-901
826
-356
-2524
-2904
-2505
-2335
-2276
-1205
-355
-1356
-2416
-1925
-19
787
382
985
2287
2773
1211
496
2918
6167
6345
2926
1107
2889
5435
5749
4355
3536
3152
2691
2107
2267
3064
2682
524
-1272
-365
1349
487
-2272
-3050
-1027
-305
-2767
-4962
-3320
-390
-1545
-5495
-6253
-2483
-226
-2988
-5790
-4771
-2218
-2095
-3577
-3054
-1614
-1650
-3243
-3861
-1893
54
473
-824
-2323
-1821
308
2141
1259
-333
573
2550
2175
219
1280
4476
4457
673
-800
2881
5926
3568
316
2121
5207
3035
-921
1266
6355
5124
-1156
-2752
2535
5257
1172
-2349
82
2747
-423
-3874
-1270
2357
-362
-5056
-3752
760
29
-4972
-5162
-461
1085
-2741
-4986
-2142
254
-1117
-2451
-643
573
-792
-2052
-587
1077
169
-249
425
1010
-157
-770
1130
2176
1549
113
219
535
49
534
1160
843
-1124
-2251
-1763
-1228
-764
-817
-1300
-2756
-3751
-2505
-721
-272
-1531
-1873
-892
-491
-374
210
1726
2094
1902
2379
2545
2206
2642
5654
7081
4498
1326
2404
6280
6454
3732
2329
3785
3956
1528
1041
2910
3247
-243
-2518
-79
2234
-146
-3974
-3241
111
-319
-4394
-5642
-2036
191
-3054
-7056
-5614
-1242
-655
-4001
-6171
-4229
-1998
-2285
-3426
-3273
-1699
-1869
-3087
-3402
-1720
608
457
-1561
-3334
-1489
2059
2988
547
-1240
1183
3266
2107
321
2245
5333
3538
-375
-201
4317
5955
2283
-16
2559
4847
1949
-971
2016
6250
4011
-1987
-1963
3120
4359
198
-1695
1826
2447
-2149
-4350
332
4083
-690
-5923
-3626
1510
-40
-5157
-3919
1046
818
-4548
-5508
-675
1472
-1628
-3389
-885
470
-1673
-2543
513
2224
134
-1833
-141
2019
1018
28
659
1719
577
-330
550
336
-164
-560
248
-74
-1673
-1669
-1257
-920
-1401
-1496
-1467
-2700
-3374
-2126
-395
-882
-2291
-1565
453
328
-1154
-19
3136
4111
2110
898
2395
4633
5673
5631
5028
3798
2870
3874
5911
5725
3198
2022
3041
2971
1259
1162
2555
1567
-1371
-1601
814
866
-2072
-3177
-1113
-446
-3455
-5600
-3009
-47
-2642
-7320
-6456
-1564
-456
-4039
-6312
-4728
-2433
-2241
-3266
-3147
-1803
-1567
-3166
-3976
-1902
1146
1604
-1017
-3250
-1879
1760
3320
1513
-98
992
2196
990
66
2507
5401
3868
-642
-1668
2490
5692
3542
518
1818
3986
1790
-1244
1206
6035
4873
-1493
-3309
2041
5182
1020
-2310
1156
3773
-1013
-5391
-1194
4553
1547
-5437
-4924
1190
1373
-4513
-5160
873
2452
-3600
-6467
-1287
2764
-344
-3445
-836
1459
-1005
-3149
79
3210
1084
-1561
-428
2039
905
-878
489
2066
973
-1335
-542
1151
276
-1188
-666
707
-748
-2736
-2245
-1164
-1250
-1973
-1585
-2046
-3610
-3129
-1128
-345
-2335
-2676
-63
1023
-529
-1282
1550
3438
2785
2105
2625
3144
3003
4844
6962
6344
2543
1257
5108
7608
5146
1661
2655
3981
2053
556
1915
3335
701
-2419
-1344
1766
1046
-3267
-4059
-369
527
-4029
-6521
-2699
547
-2784
-7467
-6183
-1511
-492
-3772
-6029
-4488
-2025
-1835
-2956
-2979
-2114
-1847
-2358
-2764
-1893
497
1891
-316
-3430
-2183
2604
4382
1083
-1452
872
3567
1675
-908
1774
6131
4396
-1343
-1812
3739
6224
2194
-830
2041
4699
1464
-2240
755
6139
4686
-1859
-3269
1988
4292
1
-2454
1374
3399
-1905
-5913
-1093
4545
1027
-5629
-4354
1486
1075
-4486
-4177
1443
2086
-3446
-5702
-620
2502
-444
-2889
-694
1550
-686
-2542
67
3130
1407
-1871
-1410
1592
2213
71
-200
896
1302
116
-637
262
535
55
-818
-639
-768
-1439
-1492
-1457
-1402
-1906
-1935
-2537
-2969
-1894
-1064
-1462
-2783
-2424
-291
1019
-201
-1940
-365
3139
4206
2484
1510
2470
3884
5029
5881
5652
3692
2126
3709
6717
6336
2880
1743
3542
3435
1000
721
2532
1880
-1075
-1533
693
562
-2556
-3184
-77
471
-4007
-6383
-2076
1626
-2477
-8278
-6424
-507
-430
-5525
-7130
-3580
-1183
-2704
-4119
-2617
-979
-1956
-3561
-3037
-1033
655
985
-940
-3507
-2390
2289
4045
440
-2036
945
3827
1463
-855
3027
7526
4136
-2502
-1393
5611
6806
1137
-710
3846
5152
-54
-2307
3077
7097
2672
-3302
-1853
3324
2990
-1547
-1594
2387
1666
-3770
-4591
723
3072
-1408
-5410
-3112
646
-969
-4920
-3583
1168
870
-4129
-5219
-751
2013
-105
-2195
-742
942
-250
-1522
507
2818
1453
-944
-441
1728
2025
902
519
1194
1338
575
288
487
758
-198
-428
-456
-1450
-1700
-1914
-1316
-1837
-2044
-1889
-2649
-2702
-3053
-2200
-1757
-1385
-1231
-1182
-669
-1598
-797
1612
4396
4057
836
390
3079
6907
7273
4765
3055
2930
4422
5370
5420
4514
3148
2681
2191
1995
2038
2180
1413
-747
-1132
263
681
-1862
-3804
-1537
151
-2532
-5688
-3521
361
-1645
-7194
-7582
-1773
1003
-3823
-8818
-6695
-1701
-1227
-3750
-3779
-1812
-1806
-3218
-2910
-736
1310
1717
-158
-2632
-1870
2362
4736
2350
-467
802
3493
2656
93
1706
6516
6101
-618
-3353
2820
7864
3744
-1699
632
5323
2131
-3395
-197
7413
6050
-3896
-6147
1901
6307
218
-5180
-789
3162
-1641
-7132
-2375
4281
164
-7567
-5597
2507
1319
-6350
-6313
1321
3359
-3510
-6438
-886
3264
-27
-2872
29
2477
-173
-2087
1327
3572
1417
-675
1176
2699
573
-185
1824
3100
1155
-307
722
561
-844
-809
1183
871
-2445
-3472
-1698
-662
-2097
-2730
-1635
-2753
-4458
-3437
-526
-458
-3224
-2634
830
1144
-2588
-2306
3283
5806
2785
-480
1153
4616
5932
6105
5794
3933
1951
3325
6981
7385
3316
1308
3196
3566
950
480
2911
1975
-1911
-2588
1213
2222
-2662
-4686
-966
757
-3484
-6650
-2767
1277
-2406
-8683
-7698
-1071
1207
-3474
-7602
-6000
-2400
-1589
-2860
-3096
-1950
-1811
-3171
-3860
-1804
1789
3073
54
-3735
-2224
2956
5130
2202
7
2146
3295
1276
-167
3364
7339
4829
-960
-2306
2867
6086
3641
524
1311
3156
925
-1518
847
6018
4952
-2241
-4866
597
5374
1303
-3801
-1762
2260
-613
-6479
-3629
3495
2014
-6359
-7309
462
1917
-5069
-7017
345
4016
-3069
-8083
-2551
4082
1373
-3898
-1243
2767
576
-2876
-208
4434
2378
-1181
113
2318
1155
-885
1372
4004
1691
-1666
-737
1785
708
-671
228
614
-1598
-3836
-1772
832
-366
-2627
-2504
-1608
-2740
-3375
-1020
862
-940
-2705
-1107
574
-172
329
4124
5461
1031
-2123
2050
8236
8585
3941
1086
2550
4493
5059
5635
5007
2478
1261
2675
3642
2289
1005
1108
323
-1313
-774
751
-688
-3443
-2900
-646
-2372
-6019
-4399
685
-463
-7974
-9801
-2371
3039
-2204
-9205
-7605
-2128
-993
-3899
-3906
-1571
-1427
-3610
-4946
-2344
1211
2509
134
-2869
-2598
762
3916
2919
1438
2783
4269
1996
-669
3158
8891
7751
786
-1911
2770
6461
4482
1957
3364
4317
732
-2525
737
6512
5607
-1472
-4585
198
4115
555
-3847
-1505
2327
-778
-6605
-5233
1133
1317
-5474
-7638
-1839
766
-5056
-8330
-1773
3523
-1776
-8293
-4560
2548
1506
-3498
-2112
2759
825
-3189
-685
4816
3703
-1779
-456
3453
2718
-910
356
4911
3680
-203
-942
1881
1738
-212
470
1604
202
-3973
-2839
1187
986
-2080
-3472
-1924
-2351
-3198
-1197
692
-1214
-3143
-956
649
-692
-422
3846
5815
991
-3139
1272
8524
8635
3498
1470
3837
5395
5093
5941
6378
3865
1592
2648
4735
4248
1692
639
691
-476
-929
15
-445
-2148
-2368
-1346
-2694
-5990
-4888
307
120
-7241
-10626
-3871
2903
-831
-8674
-8624
-2458
-497
-3922
-5081
-2000
-691
-3593
-5810
-3533
770
2594
479
-3135
-3753
363
4447
3285
2
1056
4475
3287
-902
530
7499
9174
1846
-3221
1940
8129
5328
41
1905
5645
2194
-3461
-815
6854
6551
-2668
-6854
-59
5243
94
-5728
-2230
2762
-1293
-7977
-5869
1372
1009
-6283
-7870
-1398
751
-5750
-8253
-1232
4199
-1744
-8326
-4103
2677
1766
-3698
-1934
3204
1985
-2328
-1830
3768
4089
62
-257
2550
2781
-87
1432
4538
2859
-572
-484
2899
2549
13
103
1044
260
-2326
-946
1587
104
-2974
-3316
-823
-1739
-2997
-1368
748
-580
-3226
-1268
540
-70
-2
4354
6902
1045
-3464
1824
11017
10772
2724
-81
4251
7234
5523
4807
6272
5293
1693
1017
4048
5300
2450
-722
-658
758
1032
14
-1347
-2345
-1886
-1480
-3725
-5795
-3096
1704
-1151
-9180
-10368
-2211
3463
-2526
-9683
-8618
-2636
-1970
-5884
-4715
-1343
-1126
-5417
-7379
-2910
1501
1979
-1112
-3547
-2396
1621
3888
2107
650
2520
4745
2333
-1027
2003
8271
7960
753
-2733
2133
7028
4694
618
2017
4425
678
-3904
166
7642
5397
-4748
-7534
742
5978
-147
-6624
-2838
2777
-1571
-8720
-5213
3180
986
-8357
-8114
920
1661
-7529
-9197
763
5132
-3489
-9587
-2702
4543
910
-4501
-997
3805
343
-4350
-476
6031
3786
-1492
-355
3897
2786
-757
2105
5423
3046
-1802
-1342
3089
2806
173
-577
957
-342
-3372
-1332
1872
791
-3016
-3448
-1395
-1760
-2624
-629
1795
503
-1746
-1426
738
2517
3279
5145
5016
804
-364
5007
10744
9063
2807
1347
4865
7111
6573
6137
5667
3535
1234
1896
4708
4726
1564
-862
-811
263
344
-811
-2020
-2129
-1576
-2477
-4989
-5199
-1485
835
-3486
-9698
-8464
-1149
1582
-4216
-9488
-6773
-1963
-2781
-5494
-4136
-1382
-2263
-6470
-6809
-1304
3069
1094
-4407
-4701
448
4102
2205
-573
1626
4871
3937
-215
31
5255
7997
3871
-1844
-182
4760
5364
1782
792
3161
2082
-2551
-3055
3795
6668
-236
-7213
-3947
3872
2391
-5012
-5677
985
1711
-5916
-8327
-1211
3187
-3569
-9186
-3875
1715
-2766
-9066
-4884
3561
1641
-7178
-6979
1490
3827
-2322
-3901
2439
4269
-1220
-3392
2047
5440
1583
-1040
1412
3297
1316
112
3105
4665
2032
-207
1129
2391
1029
1073
2078
1311
-1406
-2500
-54
1084
-299
-1784
-1586
-1920
-2911
-1603
602
817
-1499
-1547
375
260
-101
2903
7086
5148
-738
-746
6648
11206
7688
2727
2674
5583
6278
6386
7093
6141
3303
1408
2980
4709
4023
2234
371
-917
-426
976
132
-2557
-3444
-1564
-1202
-5047
-6846
-1641
2254
-3995
-12200
-8890
1599
3052
-6343
-11521
-6409
-1227
-2725
-5527
-3783
-1120
-2876
-7134
-6866
-976
3037
1327
-3725
-5859
-1790
3693
4570
547
-888
3171
4727
80
-1771
4956
10195
4522
-3823
-1650
6801
7361
569
-938
4544
4981
-2697
-4855
3828
8343
39
-8134
-3738
5127
3030
-6301
-6440
1920
2659
-6297
-9622
-1527
3632
-3656
-10153
-4661
1683
-2941
-9330
-4989
3522
1861
-7354
-7320
1335
3605
-2498
-4698
1871
4376
-1075
-3359
2172
6502
2663
-540
1835
3571
2123
1552
4265
4752
1079
-658
1840
3264
898
188
1361
783
-1934
-2787
521
1290
-952
-2676
-2103
-1533
-3105
-1532
1310
1010
-2074
-2273
1067
1144
-227
1889
6567
5557
-1303
-1973
5754
11254
8144
2640
2186
5026
6126
6645
7818
6360
2949
1913
3891
5196
3829
2160
1716
671
-348
715
943
-1786
-3492
-1685
-573
-4049
-6882
-2609
1772
-3502
-11679
-9688
15
2818
-5091
-10924
-7158
-2440
-3626
-5534
-3343
-1287
-3874
-7280
-5930
-1236
1735
1358
-1801
-4672
-3037
2048
4296
1561
-358
1485
3728
1202
-1703
3076
8714
5867
-2572
-3609
4189
7422
3260
-99
1923
3071
-1222
-3275
2426
7176
1698
-6433
-5195
2722
4550
-2298
-6141
-1799
1156
-3441
-7684
-3981
1507
-1376
-8065
-6361
169
-1097
-7406
-6276
1319
2458
-5147
-8153
-1054
4040
98
-3635
-130
3973
1115
-2849
422
5502
4353
590
918
3000
2550
1650
3730
5467
2775
-348
181
2931
2526
946
1731
1433
-935
-2740
153
2031
-305
-2277
-1984
-770
-2914
-3045
236
1376
-1386
-3270
-303
1272
228
322
4445
6048
580
-1863
3225
9773
9234
3492
1064
3174
5895
7358
7671
5459
2276
1463
3582
5419
3972
1646
883
-77
-902
660
1416
-1671
-4449
-2350
521
-2689
-7434
-4445
1798
-819
-9757
-11127
-2402
2970
-2997
-10146
-8754
-3695
-3383
-5161
-4016
-2287
-3227
-6144
-6005
-2844
325
1820
-396
-4066
-4500
625
4845
2546
-783
1599
5725
2568
-2483
1068
9021
9144
451
-3762
2354
7899
5135
1038
2414
4768
1665
-2287
1169
6984
4606
-3387
-5437
745
4653
-332
-5930
-3150
1895
-1006
-7586
-6220
1117
1279
-6112
-7728
-1580
182
-5844
-8069
-836
4090
-2465
-9208
-4167
3823
2166
-3906
-1706
4269
2020
-3782
-1765
5685
6243
272
-1437
1891
3202
1248
1882
4819
3538
-596
-814
2433
2955
1237
1275
1094
-1542
-3280
-205
2706
442
-2904
-2722
-324
-1431
-3380
-816
2235
397
-3073
-1541
1471
945
-408
2990
6812
2538
-2985
-177
8123
10785
5032
684
2358
5708
6393
6320
6508
4052
1462
1611
4021
4498
2366
1459
-139
-1143
-339
1089
-24
-3878
-3299
-677
-1698
-6153
-6295
23
1020
-6436
-11790
-6316
1811
311
-7139
-9187
-4901
-2592
-3902
-4436
-2590
-1824
-4173
-5842
-4348
-1044
2114
2027
-2192
-4806
-1364
4063
4613
1013
634
3985
3811
-364
-293
6204
9582
3749
-2635
28
6572
6670
1859
1094
4321
3661
-1053
-1444
4062
6406
844
-4679
-2295
3142
2248
-3563
-4576
467
1626
-4647
-8034
-2415
2253
-2429
-8027
-4882
163
-2661
-7669
-4429
2467
906
-6447
-6823
308
2747
-1755
-2921
1785
2860
-2329
-2900
3269
6656
2078
-2030
907
3507
2708
1452
3130
3781
947
46
755
1717
1340
1522
1813
-932
-3187
-2119
1198
1062
-2507
-3408
-1564
-1742
-3897
-2327
1629
1052
-3229
-3426
829
2003
-370
650
5172
4979
-738
-1916
4877
10073
6941
1751
1626
4363
5595
5587
6390
5411
2168
718
2608
4823
3240
1141
504
-460
-1144
-233
783
-1270
-3012
-2361
-1598
-3773
-5885
-2592
485
-2993
-9707
-9168
-1677
1645
-3453
-9374
-7878
-3446
-2008
-3586
-3921
-2679
-3058
-4203
-4661
-2446
570
1721
-84
-3179
-2556
1364
3943
2556
946
2816
4338
1632
-580
3554
8771
6959
495
-1467
3452
7116
4723
1675
2624
3782
1268
-741
1843
5742
4046
-1909
-3777
350
4293
1104
-3860
-2476
1202
-714
-6156
-5036
570
663
-5130
-7124
-2273
-251
-4222
-6292
-1361
2379
-2579
-7552
-3547
2248
942
-2900
-1813
1985
507
-2779
-408
4414
4269
-555
-704
2427
2261
866
1980
4282
2511
-662
-241
1876
2004
511
548
936
-1035
-3117
-1560
1039
26
-2756
-3068
-1984
-2792
-3493
-1186
933
-929
-3437
-1884
893
205
-961
2237
5869
3452
-1457
-235
6277
9222
5944
2348
2271
3853
5500
7163
6978
3809
1185
2378
4552
3782
1790
1605
1475
-594
-1607
418
1265
-1836
-4147
-2260
-1104
-4337
-6282
-2375
565
-4548
-10947
-7971
256
836
-6555
-10146
-5830
-1648
-2536
-4588
-4039
-2500
-2909
-4429
-4340
-1565
1693
2221
-903
-3801
-1856
3188
5424
2156
473
3229
4352
1743
86
5033
9060
5095
-863
-723
5059
7326
4122
1591
3056
3581
737
-841
2824
7432
3529
-3756
-4159
2392
5637
-537
-5117
-1322
2319
-2081
-7368
-3849
2477
-7
-7926
-7302
102
160
-6742
-7190
681
3002
-4649
-8461
-1798
3432
-584
-4309
-542
2944
-575
-3273
1237
5112
2634
-1060
809
3064
1071
490
2945
4553
780
-1929
772
2650
1005
-958
1186
1621
-2048
-3984
-1223
2108
-461
-3454
-2484
-1759
-3230
-3206
-171
738
-1811
-2873
-464
671
-1183
-796
3724
5822
1331
-2617
785
6953
8075
4627
1997
1985
3573
6171
7903
6022
2203
1398
3838
4696
2746
1837
2585
1230
-1799
-1411
1848
1188
-3561
-4502
-680
-372
-5023
-5906
-841
508
-6081
-10708
-5494
1816
-294
-8238
-9437
-3743
-1325
-4068
-5574
-3435
-1527
-2956
-5173
-4223
-694
1808
886
-2402
-3828
-616
4031
4427
1063
633
4135
4355
443
581
6221
8702
3363
-2417
173
6797
7293
2534
695
3293
3938
101
-977
4162
6832
1267
-4729
-1975
4895
3710
-4106
-4895
1976
2688
-5143
-7919
-487
3828
-3385
-9331
-3713
1789
-3197
-8773
-3939
3445
294
-7641
-6289
1121
1926
-2917
-3112
1823
2058
-3217
-2993
3302
5196
696
-1203
1975
2587
631
1652
4504
3670
-442
-898
1907
2241
420
647
2083
-532
-4244
-2370
2030
1390
-3263
-3773
-1172
-1809
-3944
-2838
736
589
-3195
-3248
585
1341
-1069
448
5450
5451
-510
-2618
3470
9177
7887
3237
1324
3103
5463
6912
6869
4643
2024
2383
4266
3882
2775
2445
1973
37
-1674
633
2539
-587
-4061
-2604
903
-1227
-6047
-4783
138
-451
-7316
-9441
-3307
1155
-2402
-8090
-7772
-3797
-2308
-3765
-4361
-3472
-2602
-2823
-4337
-4344
-1591
2177
1609
-3018
-4393
-5
5011
3616
-185
1052
4807
3692
-1121
398
7110
8075
1272
-3296
1223
6490
4716
394
948
4073
1676
-2534
-693
5152
5533
-1384
-5156
-904
4449
1668
-4608
-3546
1917
1025
-6465
-7362
-171
2031
-4262
-7847
-2543
498
-4444
-7594
-2506
3285
-729
-7614
-5328
1372
2239
-2166
-2339
1843
1392
-2199
-1249
3886
4847
828
35
2115
2265
1139
2530
4582
2382
-157
916
2778
1747
253
1882
2462
-805
-3519
-1086
2471
963
-2600
-3112
-1991
-2715
-3635
-1206
1856
-105
-4081
-2915
1065
1345
-317
1943
5789
3979
-1403
-1002
5937
10167
6832
1584
1150
4609
6996
6910
5759
4191
2853
2595
3437
4091
3561
2249
525
-1085
-390
1756
721
-2439
-3062
-650
-483
-4840
-6233
-1437
1714
-3580
-10183
-7452
85
1058
-5487
-9269
-5955
-2483
-3117
-4914
-4183
-2050
-2334
-4807
-5750
-3392
1094
3073
-907
-5430
-3385
2947
4948
622
-1411
2812
4893
547
-1884
3410
9005
5698
-1989
-2550
3806
6613
2741
-140
2196
3643
-257
-2832
1499
5883
2611
-3966
-4018
2136
3751
-2515
-5807
-525
3285
-2219
-8788
-5091
2406
536
-6908
-6629
-33
-710
-7212
-6488
1500
3425
-4715
-8207
-1022
3756
-179
-3346
792
3666
-665
-3650
1147
6610
3967
-863
49
2390
2057
2016
4327
4376
340
-1266
1792
3329
1260
879
2649
1120
-3370
-3580
1667
3574
-908
-3942
-2083
-768
-2731
-2951
1257
2887
-1989
-4500
-94
3146
1382
575
4681
6296
631
-2616
3402
11214
10021
2770
143
3552
7057
7263
6543
5751
3482
1676
2722
4777
4233
1873
569
109
-514
-474
311
-475
-2473
-2769
-1945
-3130
-5446
-3800
-182
-1650
-7839
-9704
-3454
1130
-2429
-8502
-8070
-3473
-2894
-4518
-4616
-2658
-1920
-3992
-5231
-3787
-476
1786
689
-2650
-3716
-586
3173
3555
1009
642
2772
2055
-1005
229
5853
7370
1619
-3018
120
5204
4599
871
275
2352
1750
-1560
-1115
3521
4540
-759
-4842
-1974
2598
609
-4723
-3624
1504
587
-6428
-7966
-1467
1441
-3311
-6702
-2873
-635
-4615
-6522
-1490
3665
-522
-6877
-4590
1873
2458
-1470
-855
2754
1714
-2497
-1184
4152
5188
1829
398
1832
1622
1720
3879
5076
2364
-787
753
3087
2320
408
1681
2952
-944
-4413
-1435
3488
2066
-2570
-2994
-1149
-1766
-3137
-721
2866
1201
-3529
-3056
1415
2388
474
1881
5459
4036
-1039
-860
6152
10192
6795
1879
1026
3957
6013
6839
6176
3603
1817
2158
3480
3261
2673
2318
1051
-1323
-2228
694
1730
-1662
-3923
-2120
-629
-4012
-6894
-2939
1462
-2604
-9790
-8677
-978
1171
-5230
-9685
-6558
-2368
-2807
-5059
-4105
-2353
-2776
-4347
-5040
-2694
614
2113
-488
-4229
-2994
2169
4804
1845
-480
1775
4672
2143
-1595
2308
7695
5806
-994
-2554
3151
6082
2865
82
2080
3505
-57
-2812
1127
6703
3763
-3802
-4395
1508
4413
-668
-4794
-1199
2445
-941
-6295
-4346
1102
537
-5156
-6077
-933
-579
-5477
-5778
419
3254
-2691
-7571
-3427
2519
1979
-1205
-1010
813
98
-1193
1191
4183
2886
260
640
1601
694
879
3707
4704
1020
-1913
360
2967
1671
403
1628
1247
-2198
-3478
-148
2308
125
-2594
-2561
-2217
-3105
-2776
143
1949
-385
-2904
-1671
89
-281
587
4057
5466
1606
-2277
79
6053
8568
6220
2937
1292
2360
5013
7499
6981
3199
1652
2852
3388
2212
2311
3379
1326
-1891
-2077
1173
1424
-2758
-4325
-1392
1
-4266
-7054
-2676
1487
-3038
-9675
-7733
-660
785
-4976
-8130
-5374
-2600
-3100
-4406
-3208
-1771
-2249
-3563
-4415
-2904
609
2393
-851
-4761
-2698
2943
5002
1298
-516
2248
3828
1224
-1218
3659
8532
5411
-1671
-2822
3845
6904
3869
745
2092
3363
137
-1360
2286
6738
3752
-3534
-4245
1748
5356
815
-4699
-2332
2328
-552
-5877
-3698
1849
267
-6361
-6223
111
453
-5630
-6406
444
3184
-2894
-7347
-2803
2957
1174
-2539
-1702
997
436
-1535
757
3096
1844
230
823
2115
745
1027
4035
3732
452
-953
1853
3013
546
-303
1318
2119
-1804
-3874
-722
1605
506
-2384
-2196
-1982
-3373
-2600
231
1368
-1847
-3422
-1098
611
-317
-844
1490
3245
2462
1020
751
1948
4475
6834
6362
2642
48
2903
7270
7050
3084
955
2997
4177
1430
257
2786
3036
-919
-3195
-85
2796
-451
-4778
-3185
677
-677
-5593
-5775
-795
470
-5030
-9108
-5310
534
-286
-5899
-8092
-4860
-1590
-2297
-4321
-3339
-1293
-1947
-4438
-4895
-1523
2922
3148
-2033
-5197
-2128
3858
5158
439
-566
2676
3660
754
-365
4996
8663
3797
-2830
-899
6377
7581
1977
-532
3587
4823
-274
-2327
3384
7998
2771
-5177
-3325
4834
5621
-1549
-4537
372
2715
-2784
-6240
-1180
3105
-1711
-7506
-4426
1214
-1372
-7366
-5252
1724
1449
-5631
-7284
-891
3213
-89
-3294
-1212
1150
263
-1290
396
2413
1623
635
249
937
1360
1736
2659
1995
1378
966
852
1493
1611
2114
1524
-298
-1461
-934
520
-424
-1083
-603
-1701
-3399
-3880
-1659
-289
-1692
-2880
-2386
-1378
-1056
-699
404
777
-96
1135
3302
3116
694
669
5110
7131
4671
913
994
5202
6899
4839
2292
2707
3951
2858
1489
1946
2828
1504
-785
-791
1402
1233
-2327
-3925
-763
1551
-1955
-6411
-4647
882
4
-6431
-8329
-2836
1545
-2601
-7663
-6828
-2968
-1228
-3043
-3640
-2797
-2412
-2938
-4380
-3022
362
2476
-115
-5213
-4158
2176
6330
2274
-2852
20
5034
4299
-1000
388
6931
6742
28
-2599
3925
8027
3122
-1602
1818
6418
2427
-3213
326
7657
5793
-2947
-5030
1898
6169
1314
-3999
-1777
2187
-435
-5033
-3000
1837
317
-5572
-6351
-1214
923
-3450
-6297
-2103
2233
-932
-6284
-4304
1731
2245
-2214
-3513
174
2246
-439
-1717
1414
3226
1446
-564
512
2433
1357
755
2547
3140
1052
-506
656
1308
296
80
1250
875
-2115
-2885
-422
944
-780
-3091
-2490
-1368
-1997
-2372
-1443
-589
-1654
-2327
-582
953
-128
-1784
-267
3244
4180
1573
-553
945
4691
6752
5020
1768
990
3569
5868
5110
2968
2549
3281
2631
953
959
2906
2620
-513
-2204
323
2279
-971
-3871
-1512
1931
-1284
-6382
-4533
822
1150
-5437
-8307
-3213
1265
-1397
-6417
-6273
-3022
-1578
-3005
-3199
-2628
-2896
-2789
-3231
-3140
-1632
1149
1001
-3136
-5178
-899
4873
2985
-2410
-1729
4036
4904
-1113
-1771
5246
7901
1661
-2955
1872
6930
3850
-523
1416
5508
3602
-1545
-702
5067
6252
552
-3363
-13
4444
2955
-1627
-2124
966
1214
-2436
-3577
-120
1249
-2632
-5723
-2658
651
-2287
-6261
-3999
1541
817
-4763
-5695
-802
2314
-596
-2686
-181
1479
-712
-2676
350
3499
2098
-293
-366
1372
1258
1135
2586
2800
1437
-300
440
1316
997
1225
1510
997
-1400
-2201
-562
659
-30
-1637
-1768
-2070
-2965
-2766
-1026
166
-1410
-2756
-1758
-62
-14
-1157
-75
2440
3494
1767
-369
631
3607
6153
5763
2846
523
1266
4799
6371
4365
1600
1142
2469
2255
1402
2014
2681
812
-1818
-447
2234
609
-2851
-2348
1022
-40
-4974
-5395
-351
1951
-3383
-8162
-4968
550
473
-4383
-6345
-4039
-1486
-1324
-3107
-3466
-2247
-1149
-2447
-4796
-3462
1175
2933
-2235
-6615
-2019
5183
4029
-2475
-2307
4011
4964
-967
-2292
4623
8370
2159
-3754
502
7192
5200
-966
-35
5601
4890
-1654
-2681
4098
7814
2314
-4364
-2184
4056
4416
-932
-3609
363
2388
-1775
-4909
-1170
2818
-776
-5558
-3683
1585
86
-5919
-4900
1948
3361
-3388
-6790
-1550
3131
130
-3694
-1626
1482
75
-2788
-570
2943
2058
-1054
-961
2086
1932
203
1160
3284
2379
-522
-252
1536
1636
651
412
478
-1360
-2721
-1750
175
694
-1199
-2733
-3367
-2939
-2069
-1208
-438
-1291
-2010
-1928
-679
203
233
1221
2733
3491
1830
352
805
4303
7986
6685
2099
-623
2550
7163
7611
3262
650
2929
3831
1558
238
3130
3699
-669
-3542
-186
3617
-174
-4382
-2460
1971
-625
-7038
-5511
1056
2264
-5518
-9702
-3853
2244
352
-6450
-7181
-2832
-803
-2541
-4584
-2766
-1072
-1962
-4172
-4725
-693
2595
1373
-4081
-5934
20
5132
3022
-2959
-1738
3695
3588
-1168
-1137
6031
7391
896
-3563
1129
7182
4712
70
671
4557
3185
-1987
-1198
5400
7535
440
-5453
-1152
5975
4169
-3221
-3775
2596
3491
-3533
-5671
942
4127
-2152
-7299
-2392
3281
-1047
-7078
-3248
3782
1486
-6072
-6086
857
2866
-1637
-3403
-322
1201
-1660
-1984
1486
2501
415
-1229
566
1506
301
920
2708
3129
632
-1044
68
812
528
923
1646
-50
-2903
-2716
351
1520
-610
-2138
-2077
-2453
-3056
-2028
111
203
-1737
-2622
-1032
-33
-832
175
2433
3251
1496
-282
988
3685
5814
5986
3770
634
735
4809
7610
5063
1032
1755
3756
2707
412
1481
3957
1516
-2696
-2414
1989
2341
-2699
-4396
-600
1307
-3280
-6467
-2097
2529
-1217
-8380
-7472
195
2572
-3403
-7795
-5114
-841
-1159
-3503
-3190
-1528
-1278
-3368
-4621
-2465
1263
2675
-1128
-5419
-3797
2300
5280
1196
-2457
-54
3384
1783
-1332
2175
7454
5031
-2499
-3244
4677
8101
2815
-1509
1961
5363
1042
-2929
1543
8065
4834
-4168
-4797
3188
6263
-107
-4468
-129
3719
-974
-6134
-2589
3889
1743
-5748
-5526
873
1559
-4700
-5892
893
3195
-2953
-7286
-2691
3103
1317
-2840
-2335
687
350
-2202
-1021
2330
2781
384
-864
436
1098
1245
2331
2808
1702
-36
163
980
828
1093
1461
866
-1783
-3004
-1090
712
265
-1572
-1944
-2476
-3436
-2981
-808
436
-1385
-2417
-1536
-455
-822
-917
1273
3091
2886
954
20
1525
4204
6211
5567
2414
58
2168
6363
6644
2706
530
2329
3621
1932
595
2211
3040
-102
-2885
-362
2999
646
-3859
-2934
1321
297
-4801
-5436
147
2560
-3621
-8833
-5140
1861
890
-6031
-7985
-3963
-819
-2722
-4685
-3127
-1134
-1841
-4719
-4870
-1150
2866
2499
-2828
-5798
-1950
4481
4986
-429
-2159
1676
4070
694
-987
4412
8210
3180
-4071
-1353
6886
7588
763
-1707
3751
5304
-254
-2616
4036
8837
2033
-5985
-2957
5647
5253
-2683
-4106
2033
3128
-3911
-6491
278
4316
-1801
-7266
-2809
2719
-843
-6666
-3650
3229
1963
-5490
-6760
-229
3434
-111
-3291
-976
1423
-237
-2044
-86
2404
1909
107
-329
549
715
1386
1893
1715
1149
332
649
-39
99
1030
1536
791
-1822
-2104
-1331
-457
-358
-1021
-1562
-3209
-3357
-1979
-565
-532
-1542
-1456
-724
-411
-601
109
1679
2832
2860
1952
951
1368
4143
6698
5843
2547
1126
3429
6205
5671
2838
1766
2913
2831
809
389
2366
2505
-775
-2643
-52
2232
-580
-4396
-2830
1190
-151
-5658
-6242
-573
1779
-3975
-8968
-5103
1446
531
-5788
-7364
-3035
-416
-2569
-4439
-2953
-974
-1733
-4316
-4213
-1161
2379
1741
-3224
-5441
-1649
5010
4710
-1376
-2812
2169
5394
983
-1344
4028
8344
2851
-4408
-558
8239
7919
-986
-2707
4401
6395
-611
-3643
4328
8721
1035
-6693
-1490
7517
4553
-4356
-4365
3234
3778
-3672
-5517
851
3278
-2851
-6241
-1039
2776
-2287
-7232
-2965
3396
1234
-5404
-5648
-35
2176
-1263
-2968
-408
1386
-425
-2436
-775
1829
2471
1176
-671
-714
608
1964
2156
1550
1539
871
-156
-734
176
2282
2121
-234
-2460
-2005
-761
-636
-161
-332
-1662
-3675
-3374
-1366
-363
-842
-1941
-1539
-1106
-782
-743
-176
1069
2305
3455
2201
149
75
3845
7410
6231
2181
111
3057
5939
5604
3389
2685
3128
2300
1561
1609
2790
2369
188
-1321
-195
1382
-846
-3141
-1743
1352
-211
-5345
-5617
-418
2142
-3253
-8803
-5829
1134
1015
-5532
-8014
-3643
120
-2097
-4688
-3574
-1463
-1596
-4008
-4656
-1838
1979
1834
-3195
-6149
-1827
4961
4828
-1470
-3452
2142
5723
956
-2450
3184
8727
3997
-4095
-1358
7533
7611
-224
-2087
5041
7101
-716
-4567
3405
9994
2822
-6700
-3015
6450
5237
-3412
-4488
2028
3092
-3525
-5779
434
3633
-2492
-7076
-2024
3061
-1181
-6966
-3973
2599
2107
-3933
-5385
-661
1998
-646
-2301
-2
1008
-1014
-2181
-59
2051
1727
556
-268
243
600
1086
2193
2575
2047
633
-142
-515
259
2202
2105
-187
-2440
-2348
-1256
-763
-47
-127
-1478
-3658
-4171
-1899
-176
-539
-2159
-2067
-815
-875
-1196
-734
1019
2119
2478
2405
927
201
2324
6397
7480
3741
-231
396
4932
7455
5122
1662
1396
2929
2805
1638
1985
2954
1488
-1326
-1335
1221
1234
-2245
-3498
-358
990
-3217
-6471
-2685
2200
-806
-7930
-7854
-582
2308
-3252
-8019
-5458
-1090
-1469
-4194
-4067
-1700
-1077
-2988
-4481
-2831
1121
2921
-529
-5140
-3515
3329
5560
-18
-3667
1102
5841
2082
-2857
1191
8047
5467
-2636
-2502
5395
7466
974
-1941
3448
6269
371
-3900
1857
8409
4360
-4169
-3910
3574
5558
-445
-3984
-231
2796
-782
-4707
-2274
1833
185
-4212
-3606
488
120
-4482
-4886
492
2972
-1658
-5888
-3147
1746
1588
-1618
-1812
422
457
-1357
-898
1812
2770
877
-794
-301
941
1538
1958
2372
1613
-172
-988
-11
1172
1286
959
420
-876
-2407
-2303
-475
835
-52
-2088
-3102
-3162
-2455
-1643
-883
-638
-1422
-1926
-1957
-566
593
566
1190
2511
3036
859
-235
2491
6424
7549
4015
174
512
4805
7543
5272
1636
972
2700
3022
1586
1333
2542
1688
-1280
-1596
1388
1908
-2120
-4168
-832
1339
-2850
-6652
-2773
2525
-876
-8584
-7974
-341
2323
-3470
-7665
-4865
-1573
-2029
-3925
-2911
-1042
-1309
-3120
-4418
-2198
1617
3128
-669
-5370
-3756
2903
5926
516
-3506
650
5149
1703
-2895
1843
8217
4889
-3282
-2871
5630
7764
1334
-1696
3444
6435
661
-3142
2396
8100
4034
-4134
-3788
3177
5100
-380
-3918
-363
2862
-398
-4601
-2424
2267
1052
-4348
-4928
-212
894
-3611
-5230
-430
2565
-1663
-6052
-3317
1927
1637
-2289
-2524
765
1300
-1397
-1609
1657
3066
758
-989
181
1585
1430
1370
2145
1999
491
-369
360
1187
1048
539
52
-819
-1786
-1838
-866
-118
-654
-2067
-3096
-3155
-2538
-1515
-412
-159
-1108
-1911
-1296
-77
459
922
2280
3259
2048
-33
453
4092
7095
5898
1911
-42
2255
5748
6251
3673
1571
1979
2874
2005
899
1743
2572
558
-1873
-642
1990
512
-3618
-3605
491
904
-4161
-6278
-1280
2270
-2864
-9140
-6044
1706
1552
-5929
-8724
-3694
107
-2056
-4543
-2900
-551
-1625
-4347
-4275
-660
2716
1954
-2431
-5042
-1538
4367
4585
-780
-2721
1835
4533
648
-1743
3347
7723
2631
-4538
-1691
7077
7765
411
-1676
3845
5655
-428
-2778
4220
8436
1987
-5706
-2516
5527
4850
-2223
-3811
1701
3088
-2958
-5472
121
3792
-1345
-6360
-2970
2048
-471
-6026
-4200
1982
1966
-4099
-6079
-789
2275
-668
-3024
-975
1442
-301
-2276
-595
2017
1952
-313
-593
918
1486
1327
1298
1833
1730
804
59
-285
772
1928
1455
-180
-1746
-1562
-952
-423
160
-121
-1275
-3323
-3471
-1735
-187
-195
-1434
-1478
-1216
-901
-969
-404
1041
2037
2453
1424
509
705
3366
6212
5539
2134
-229
2232
5748
6068
3134
1094
2515
3488
2212
951
2263
3308
769
-1863
-358
2610
1099
-3172
-3272
689
897
-4219
-6025
-746
2690
-2848
-9259
-6055
1770
1737
-5654
-8817
-4141
62
-1848
-4910
-3691
-965
-1753
-4542
-4490
-823
2577
1809
-2515
-5426
-1603
4892
4903
-881
-3196
1868
5089
1125
-1591
3216
8175
3447
-3938
-1275
7110
7425
-138
-2047
4068
5819
-831
-3719
3602
8844
1973
-6416
-2672
5917
4576
-3271
-4044
2317
2992
-3367
-5205
293
3408
-1891
-6397
-2796
1682
-763
-5842
-4011
1813
1453
-4571
-6167
-669
2820
-258
-3194
-967
1510
56
-1767
-178
2244
1991
305
-90
940
1363
1399
1643
2263
2182
613
-368
-367
717
1451
1223
99
-1996
-2368
-1349
-78
261
-603
-2041
-3619
-3181
-1579
-699
-816
-1258
-1356
-1394
-1217
-835
-65
1272
2532
2673
1336
124
1086
4285
6515
5111
1751
100
2528
5858
6016
3231
1420
2864
3424
1890
873
2224
3174
401
-1881
-438
2331
795
-3386
-2938
656
258
-4847
-5858
-417
1835
-4153
-9418
-5025
2134
725
-6444
-7901
-2923
-358
-2599
-3915
-2017
-761
-2471
-4626
-3523
213
3162
1769
-3086
-5164
-1087
5171
4943
-1241
-3146
1731
4870
680
-2076
3602
8068
2493
-4977
-1033
8383
7241
-1328
-2263
5116
6092
-1853
-3756
4504
9113
1527
-6438
-2395
5618
4209
-2856
-2825
2710
1959
-4640
-5247
1373
3396
-2748
-6372
-1771
1908
-2178
-6321
-2626
2600
418
-5073
-4646
368
1647
-1316
-2348
-214
480
-1239
-1537
771
2403
921
-584
-36
1132
1120
692
1646
2001
1709
1121
450
182
243
1263
1196
181
-956
-1663
-1347
-1037
-456
-349
-1386
-3051
-3477
-1907
-843
-1336
-1798
-1269
-903
-1026
-745
7
660
1404
2670
3111
1444
-241
1719
6316
7731
3724
-356
868
5127
6506
4079
2012
2405
2842
1563
704
2119
3292
1181
-1807
-1025
2098
1612
-2547
-3590
277
1729
-3139
-6788
-2525
2849
-487
-8163
-8068
-512
2368
-3343
-8062
-5275
-713
-1130
-4057
-3934
-1394
-898
-3202
-4687
-2541
1571
2804
-1163
-5527
-3344
3655
5749
18
-4022
294
5219
2070
-2751
1125
8214
5654
-3192
-3334
5530
8277
1039
-2671
3311
7237
1283
-4050
1264
8473
4964
-3762
-3649
4051
5925
-478
-3866
610
3824
-612
-5206
-2028
3127
995
-4904
-4890
-77
464
-4067
-5297
-545
2260
-1936
-6469
-3984
1077
782
-2683
-2649
-30
-102
-1899
-975
1956
2285
-252
-1313
491
2363
1570
637
1452
2213
1352
-494
-83
1265
1763
1103
-32
-578
-1306
-1071
-614
-305
-491
-1066
-1710
-2923
-2662
-1471
-243
-207
-1287
-1662
-1122
153
123
-493
570
2571
3079
1485
178
1054
4094
6651
5586
1579
-446
2366
6344
6313
2674
686
2178
3068
1254
465
2549
3019
-578
-2939
-29
2906
-60
-4284
-2361
1879
-382
-6297
-5324
1281
1895
-5234
-8672
-3294
2078
-142
-5581
-6175
-2982
-1020
-1827
-2880
-2273
-1616
-1592
-3193
-3885
-1048
2603
1851
-4103
-5927
226
5907
2696
-3916
-2087
4648
4551
-1815
-2028
5420
7253
-172
-4114
2308
7896
3592
-2233
488
6031
4002
-2027
-1259
5527
6945
106
-4567
-332
5313
3295
-2481
-2553
2110
2376
-2883
-4867
-32
3403
-672
-5515
-3112
1724
-249
-5542
-3994
2188
1711
-4962
-6343
-452
2807
-1004
-3689
-888
1263
-851
-2642
440
3238
1115
-1355
2
2619
1589
-389
1263
3257
2061
-550
-305
1415
1086
501
730
649
-1544
-3011
-1167
575
29
-1919
-2048
-1815
-3167
-3329
-1083
903
-593
-2774
-2042
121
180
-578
751
2850
3253
1496
610
1076
2804
5846
6665
3486
-457
685
5645
7121
3498
612
2114
3592
1412
-251
2478
4242
151
-3882
-1255
2836
564
-4280
-3314
1464
475
-5350
-6214
-395
2667
-2781
-7959
-5432
190
926
-3482
-5821
-4029
-1579
-1112
-2121
-2390
-1743
-1050
-1758
-3399
-2377
1743
3433
-1178
-5590
-1954
4672
4249
-1966
-2995
2813
4674
-188
-2640
2594
6928
2378
-3204
-1150
4757
4696
-242
-545
3491
4332
-360
-2526
2142
6591
3926
-2431
-2677
2629
4587
415
-2319
1042
3274
-976
-5304
-1966
3617
1623
-4813
-4877
654
1130
-4010
-4989
421
2392
-2839
-6179
-2422
1826
-22
-3190
-1650
612
-746
-2731
-755
2159
1145
-903
-411
1569
1489
359
1331
2443
1499
-247
235
1619
1055
237
919
1284
-787
-2421
-822
1097
106
-1815
-1568
-991
-2209
-2880
-953
771
-717
-2590
-1646
373
569
-554
-200
1448
2574
2586
1538
485
1072
4223
7032
5411
1043
-145
3276
5946
4512
2294
2493
2762
1011
37
2124
3771
1224
-2195
-1542
1480
1093
-2394
-3256
-291
704
-2715
-4943
-2632
893
-539
-5063
-6216
-3031
695
-612
-4152
-5309
-3548
-1083
-1386
-2587
-2765
-1429
-948
-2954
-3586
-834
2448
775
-3738
-3671
1031
4111
827
-2806
-770
2888
2673
-1239
-963
3649
4900
938
-2265
1222
5208
3594
61
855
4366
3230
-895
-796
4170
5979
1136
-2875
-200
4258
2853
-1741
-1738
2106
1983
-2578
-3618
671
2466
-1850
-4927
-1784
1555
-1175
-5097
-2977
1765
876
-4150
-4699
-581
1348
-1213
-2651
-575
651
-508
-1703
-187
1440
950
166
135
508
271
1143
2324
1790
194
-434
740
1009
747
1008
1004
-134
-2200
-1890
-123
231
-571
-1536
-1690
-2657
-3167
-1701
-123
205
-1262
-1986
-1510
-230
713
456
683
1738
3091
1931
-160
462
4297
7494
5444
1331
-54
3058
6130
5503
3506
2127
1830
1254
1099
2180
3103
1895
-1200
-2423
-278
1604
-186
-2818
-2273
-136
-846
-3971
-4212
-313
1422
-3195
-7561
-4809
1414
1791
-3825
-6657
-4094
-617
-908
-2943
-2876
-1808
-1536
-2717
-3522
-2002
978
1659
-2201
-5326
-1862
4006
3440
-2219
-3259
2130
4705
83
-3016
1887
6795
2869
-3246
-831
5884
5665
-2
-577
4463
5242
-540
-2723
3562
8322
3122
-4240
-2477
4527
5283
-556
-2986
913
3090
-995
-4434
-1058
2789
194
-4735
-3536
1102
202
-4276
-4474
714
2334
-2424
-5659
-3014
1325
677
-2198
-2223
-188
245
-1299
-827
1095
1948
1086
-124
-328
21
1422
2634
2175
582
-623
-99
446
653
1381
1841
610
-2265
-3041
-1194
714
741
-1102
-2673
-3374
-2832
-1759
-433
508
-319
-1848
-2144
-699
682
1316
1805
2628
2504
617
-672
1631
6340
7327
3640
-102
573
4144
5973
5071
2840
2251
2032
1243
780
1765
3024
952
-1983
-2433
444
1580
-1337
-3403
-2016
394
-1682
-4731
-3188
735
235
-5522
-7067
-1906
2318
-742
-6136
-5520
-1298
94
-2175
-3084
-1297
-935
-2590
-3519
-1512
1196
1301
-1025
-3753
-3006
932
3542
1462
-2265
-1377
2224
2462
-752
-504
4027
4857
-267
-3139
1847
6666
3803
-1218
233
4863
3323
-1480
-27
6164
6249
-926
-3814
1503
5672
2127
-2573
-737
2655
361
-4044
-2445
2286
1098
-3973
-4571
-500
345
-3465
-4884
-1396
1362
-1142
-4615
-3694
-411
236
-1199
-1430
-605
-469
-970
-411
513
845
814
576
140
-447
324
2020
2520
1445
231
51
-151
-47
1260
2262
1255
-1296
-2109
-1162
-420
195
581
217
-2246
-4017
-2660
-45
972
-578
-1339
-1092
-1144
-1199
153
2222
2285
1730
1672
1301
367
1940
6005
7153
3297
-893
864
5330
6074
3075
1562
2921
2347
206
245
2751
3345
-31
-2642
-1274
1466
678
-2659
-2928
-224
325
-2932
-4952
-2049
1056
-1021
-5889
-6145
-690
2193
-1710
-6500
-5194
-527
-26
-2718
-3335
-1259
-923
-3580
-4448
-1543
2161
1701
-2550
-4706
-2188
2348
3507
608
-1654
-332
2390
1506
-658
1380
5117
4072
-1610
-2665
2985
6527
2882
-1236
1778
5620
2401
-2770
253
7234
5993
-1830
-3983
2461
5359
482
-2715
1228
4073
-1236
-5490
-1282
4262
1181
-5340
-4191
915
285
-4920
-4801
714
2023
-2589
-5492
-2599
678
-176
-1767
-970
-250
-1297
-1652
343
1503
296
-472
11
502
-61
227
1838
2244
1070
-179
145
207
-249
749
1843
792
-1829
-2138
-527
-293
-865
-564
53
-1624
-3980
-2842
359
1248
-1023
-2095
-702
-104
-680
-168
2034
2837
1960
1273
1262
1472
2342
5359
6883
4092
-272
-163
4519
6512
4025
1297
2098
2918
1034
12
1937
3541
592
-2773
-1578
1624
1136
-2559
-3193
-344
470
-3146
-5755
-2663
1401
-601
-6265
-6809
-1418
1725
-1750
-6318
-5482
-1202
152
-2277
-3585
-1733
-314
-2190
-4424
-2543
1928
2828
-1534
-5292
-2952
2805
4551
557
-2668
-321
3180
1690
-1628
554
5714
4466
-2361
-3609
3246
7272
2456
-2300
1145
5948
2765
-2982
-235
7374
6535
-2205
-4589
2458
6166
855
-3196
974
4653
-139
-5529
-1934
4440
2528
-4131
-4294
696
628
-4263
-4622
555
2182
-2921
-6444
-3122
884
-62
-2443
-1956
-651
-1372
-2150
-571
1222
667
-568
-342
214
-3
343
1696
2000
636
-31
804
932
6
370
1882
1345
-1424
-2496
-649
530
-440
-844
-273
-1189
-3161
-2876
-324
876
-561
-1751
-880
-106
-299
53
1343
1764
1305
2063
2819
1808
522
2622
6413
5989
1798
-537
2241
5452
4738
2616
2058
2619
1468
21
1078
2642
1904
-881
-1896
-375
229
-1087
-2487
-1486
108
-1253
-4183
-4598
-1082
1225
-1769
-5935
-5147
-256
1338
-2671
-5837
-3690
-97
-403
-3268
-3303
-892
-255
-2401
-3738
-1022
1968
1432
-2335
-3941
-278
3524
2747
-1793
-2266
1808
3484
467
-1783
1954
4867
2009
-2342
-690
4498
4021
-534
-1215
3547
4365
-809
-2789
2512
6924
2583
-3187
-1858
3646
4001
-638
-1441
2091
3101
-1333
-3845
95
3430
739
-3888
-3030
978
493
-2976
-3372
246
1454
-2288
-4308
-1911
865
-38
-2162
-1460
-341
-654
-1344
-630
983
667
-373
-413
199
426
69
1086
1767
774
-27
-146
529
282
181
770
115
-920
-2039
-1209
73
-132
-536
-1069
-1483
-2669
-2526
-757
445
-212
-1883
-1742
-363
1008
687
-24
795
2267
3261
2159
392
571
3778
6957
5546
1029
-633
2734
6120
5229
2291
1535
2390
1818
407
1050
3097
2359
-1250
-2587
128
1703
-968
-3212
-862
1635
-1365
-5799
-4327
1612
2478
-3819
-7760
-4146
1313
811
-3790
-5353
-3087
-889
-1809
-3454
-2533
-754
-770
-3200
-4407
-1772
1785
1486
-3301
-4926
-265
3792
1161
-3608
-1714
3427
3347
-1624
-2567
2994
5627
1327
-2518
436
4633
2918
-692
583
4541
3869
-778
-1496
3446
6366
2320
-2561
-1021
4018
4145
-498
-1747
1869
3430
-1074
-4254
-302
3790
948
-4895
-3696
1915
1317
-4146
-4762
1248
2716
-3520
-6459
-1464
2998
-348
-4328
-1680
1661
-182
-3150
-1037
2311
949
-1423
-371
1492
125
-1248
1059
3000
1144
-1231
-269
1191
201
-215
1579
1969
-1308
-3402
-704
1821
167
-2116
-1267
-447
-2584
-3406
-412
1640
-781
-3556
-2079
818
851
-436
295
1888
1862
1512
2333
2571
1566
2350
5209
5454
1720
-566
2470
5834
4372
1156
1161
2800
1491
-347
1087
3159
1402
-2243
-2072
862
1542
-1041
-2407
-717
106
-1824
-3587
-2039
330
-142
-3018
-5187
-3833
-455
1081
-1485
-5232
-4860
-1439
189
-1776
-3196
-1334
-302
-2410
-4726
-2291
2285
1942
-2591
-4620
-684
2718
974
-1901
-1196
1982
2112
-626
-1396
1604
4079
2098
-1037
-541
2487
3104
837
94
2524
3814
918
-1707
1077
5745
4617
-1146
-2541
2378
5156
1507
-1620
900
3174
-199
-3505
-319
3987
1316
-4322
-3632
1385
1214
-3675
-4159
682
1860
-2951
-5327
-1687
1308
-851
-3030
-1429
189
-1212
-1953
227
1099
-403
-1345
642
1477
-407
-452
1215
2426
445
-702
622
685
114
93
1900
1199
-1665
-1777
231
1421
-688
-1575
-128
-269
-2004
-2720
87
1303
-1538
-2860
-1026
1201
200
-1227
-66
625
567
1190
2903
2889
214
-98
3741
6512
3744
-286
540
4321
4967
2392
1297
2394
2567
1049
555
1754
2016
267
-1109
-189
1233
552
-1393
-1721
-211
328
-1503
-3197
-1971
511
55
-3616
-5504
-2473
1271
160
-4084
-5394
-2581
-223
-1387
-3354
-2413
-321
-1296
-4187
-3847
211
2351
-631
-4319
-3324
718
2173
-10
-1329
553
1991
61
-1901
85
3807
4062
333
-2160
58
3378
2987
499
751
3337
2920
-977
-1642
3317
6567
2580
-2881
-1547
3801
4076
-380
-1146
2280
1842
-3022
-3329
2413
4129
-1820
-5635
-1452
2575
-532
-4431
-1933
1915
-171
-4257
-2949
966
422
-2646
-1937
731
-218
-2589
-1003
2099
1062
-2111
-1537
1663
1858
-652
-845
1442
1848
114
-57
1315
1118
-96
241
1124
369
-698
108
867
-974
-2713
-839
1446
-481
-3521
-2376
538
-526
-3349
-2212
1026
528
-2331
-1620
1228
1161
-925
831
4526
2774
-1605
-585
5738
7131
1752
-1031
2098
5507
3692
1298
2374
3490
1714
-414
1331
3626
2276
-737
-1275
604
1318
89
-1268
-1323
-521
-314
-1664
-3151
-2131
494
368
-3600
-5940
-2617
1819
709
-4212
-5583
-2193
-123
-2021
-3440
-1593
-291
-2490
-4819
-3205
583
1686
-838
-3524
-2968
92
1960
596
-1412
-762
1110
997
-1219
-919
2549
3905
597
-2746
41
4122
3076
-346
551
4697
3529
-1363
-1546
4402
7234
1739
-2955
-21
4854
3325
-1227
-495
3185
2177
-2539
-2549
2246
3142
-1783
-4416
-510
1976
-1546
-4571
-2126
1494
-443
-4178
-3547
-441
175
-1811
-1904
-519
-772
-1829
-739
740
106
-776
107
1558
448
-600
591
1987
1575
56
492
1088
385
-112
859
1779
83
-1328
-346
644
-573
-1795
-40
788
-1708
-3541
-1595
945
-685
-2888
-1741
462
-17
-1723
-408
1066
-70
-1011
1587
4138
1647
-1503
257
4919
5426
1557
-130
2220
4354
3228
2042
2735
2867
1551
888
2075
2657
1377
49
-156
569
1035
552
-675
-1529
-739
94
-1022
-2692
-1941
337
-320
-4205
-5604
-1688
2023
-142
-5041
-5434
-1671
186
-1580
-3107
-1911
-1148
-2751
-3927
-2133
598
362
-2161
-3587
-2413
9
1114
-55
-1628
-992
960
923
-951
-715
2291
3337
220
-2325
-82
3374
2658
-175
570
3584
2569
-1575
-1011
4829
6745
1303
-2856
472
5026
3565
-58
939
3650
1410
-2808
-1201
3917
3434
-2155
-3823
4
1576
-2026
-3910
-522
1819
-1476
-5172
-3104
789
15
-2678
-2246
-17
-396
-2370
-1427
879
946
-1016
-1225
763
893
-440
-412
1361
1670
-54
-517
289
826
426
350
586
-255
-759
-231
248
-609
-1431
-452
-329
-1884
-2661
-1041
271
-1403
-2548
-1078
774
-88
-1692
-250
1696
1018
-259
1851
4138
2021
-775
1324
5934
5642
1355
-227
2675
5032
3443
1837
2550
2727
921
64
1980
3203
1289
-1106
-1243
371
1155
125
-1079
-1439
-893
-441
-975
-1735
-1381
11
-680
-3745
-4414
-850
1998
-604
-4996
-4927
-1313
89
-2086
-3369
-1799
-887
-2772
-4244
-2424
387
421
-2129
-3726
-2283
447
1089
-864
-2000
-149
1635
-13
-2304
-504
3397
3206
-993
-2448
1140
3815
1711
-310
2163
4529
1516
-2198
635
6505
6081
-149
-2511
1859
4982
2229
-513
1509
3314
87
-3117
-229
4303
2687
-2702
-3578
163
1371
-1527
-2825
-431
773
-1781
-3669
-1580
784
-366
-2183
-1225
64
-1017
-1889
-172
1338
-159
-1957
-747
1266
808
-625
-96
1454
1056
-584
-420
864
788
106
167
27
-770
-771
276
175
-1526
-1998
-565
-429
-2331
-2592
-222
558
-1809
-3024
-911
822
-189
-973
390
982
-582
-446
3021
4583
1000
-1942
1362
6194
5217
815
323
3517
4549
2736
2158
3178
2691
870
766
2421
2743
831
-727
-199
932
872
-85
-887
-944
-178
209
-1188
-2707
-1482
798
-344
-4206
-4902
-1002
1473
-1528
-5349
-4268
-653
-414
-3144
-3430
-1024
-503
-2923
-4322
-2103
525
198
-2278
-3747
-2321
96
850
-611
-1720
-191
1321
22
-1862
-93
3640
3283
-722
-2244
1154
4075
2336
181
1750
3820
1484
-1511
1129
5850
5068
-463
-2120
2068
4570
1851
-942
1169
3175
64
-3051
-683
3587
1764
-3176
-3213
577
1183
-2711
-3440
40
1149
-2229
-4338
-1332
1089
-621
-2622
-1317
372
-746
-1728
-167
1026
-452
-1428
260
1659
286
-629
1123
2334
873
-750
345
1597
805
-171
343
860
-377
-1052
-101
461
-674
-1413
-523
-531
-1632
-1783
-456
-352
-2362
-2875
-977
331
-755
-1641
-266
231
-1208
-630
2820
4026
478
-1978
1167
5214
4494
1303
1092
3170
3364
2114
2412
3439
2766
1366
1373
1962
1532
975
1098
848
136
151
639
132
-1034
-809
439
-215
-2419
-2225
421
520
-3235
-5142
-1797
1515
-669
-4860
-4729
-1224
38
-1963
-3106
-1788
-1043
-2390
-3439
-2351
-381
147
-1558
-3739
-3560
-661
1444
-39
-2382
-1469
1046
699
-1586
-852
2889
3590
-593
-2992
526
4244
2588
-469
1039
4195
2673
-1038
333
5461
6084
936
-1986
1245
4461
2618
-228
865
2872
796
-2366
-788
3007
2497
-1443
-2674
-121
1299
-723
-2516
-1225
303
-1003
-2824
-1994
-422
-840
-1794
-1281
-456
-961
-1417
-498
281
-534
-1193
-45
1181
481
-1045
-348
1028
729
-152
-15
926
300
-416
-32
645
440
-566
-463
-506
-906
-1265
-657
-112
-1165
-1901
-1445
-546
-1477
-2154
-762
437
-357
-1725
-386
1037
342
-491
1134
3405
1889
-831
-22
3874
5527
3035
999
1660
3036
3210
3001
3344
2731
1185
583
1473
2397
2044
1004
37
-339
231
1099
465
-1174
-1015
800
883
-2153
-3597
-762
1539
-1042
-4976
-3905
227
662
-3003
-4573
-2064
-39
-1431
-3508
-2804
-1049
-844
-2360
-3499
-2774
-1145
-173
-1614
-3623
-2944
-204
579
-1638
-2345
-60
1293
-612
-2157
230
3322
2241
-1220
-1221
2043
3030
976
759
3347
3902
856
-881
2058
5694
4733
780
-406
2047
3567
2224
1157
2012
1962
-389
-1491
1009
3206
969
-2706
-2375
739
1118
-1648
-2806
-901
246
-1453
-3090
-2169
-768
-1172
-1929
-1330
-791
-1582
-1763
-385
434
-536
-1102
96
1102
277
-739
447
1646
991
-265
44
1220
517
-178
204
760
112
-887
-469
-555
-909
-1059
-708
-701
-1807
-1866
-978
-752
-1882
-2176
-566
159
-1087
-1681
68
1215
-80
-842
1209
3077
1571
-418
1029
4028
4318
2123
1323
2836
3727
2867
2684
3575
3249
1623
862
2097
2636
1405
255
33
815
1015
661
-2
-692
-191
314
-312
-1891
-2283
-540
234
-1954
-4295
-3167
-413
-386
-2884
-3804
-2103
-987
-1867
-2702
-1979
-1007
-1567
-3139
-3473
-1837
-248
-615
-2443
-3382
-2109
-384
-421
-1588
-1188
626
599
-1473
-2058
772
3458
1799
-1417
-1337
1691
3175
1491
815
2585
3453
1490
-82
2433
5634
4759
1114
28
2506
3750
2266
1343
2341
2020
-754
-1670
1162
3158
542
-2878
-2180
427
150
-2360
-2405
-362
-445
-2537
-3145
-1321
-623
-1894
-2188
-930
-555
-1821
-1916
-173
832
-378
-1028
88
900
609
117
981
1255
650
566
1036
1297
363
311
831
563
-288
-238
766
-79
-1605
-1527
-160
-235
-2078
-2276
-1077
-1105
-2553
-2652
-719
-253
-1998
-2427
-395
809
-748
-1734
427
2562
1665
-69
758
2930
3393
2496
2332
2997
2951
2685
3073
3479
3075
2168
2178
2428
2225
1860
1572
1356
861
1054
1433
688
-753
-872
654
763
-1216
-2384
-816
856
-804
-3698
-3581
-957
-74
-2017
-3554
-2738
-1661
-2215
-3049
-2421
-1134
-1459
-3448
-4496
-3095
-763
-121
-2057
-4317
-3841
-1226
-9
-1129
-1762
-439
422
-1004
-2140
-48
3089
2856
-316
-1464
1115
3206
1969
570
2080
3795
2165
-302
1299
5532
6075
2060
-116
2494
4693
2820
873
2309
3536
938
-1842
-176
2892
1741
-2084
-2708
-20
437
-2340
-3191
-718
365
-2026
-4001
-2647
-746
-1326
-2411
-1627
-822
-1905
-2641
-865
846
-128
-1551
-853
764
1153
501
484
1032
702
135
651
1163
567
99
589
706
-46
-257
400
384
-754
-1319
-486
-25
-1175
-1973
-1057
-379
-1634
-2824
-1765
-337
-829
-1855
-901
261
-695
-1629
-125
2353
2109
132
-86
1666
3256
3074
2669
2674
2327
2158
2644
3733
3683
2554
2253
2356
2037
1325
1608
2268
1443
293
97
551
129
-366
219
505
-698
-2394
-1581
526
237
-2586
-4035
-2037
-254
-1014
-2584
-2848
-2400
-2475
-2397
-1688
-1339
-2070
-3017
-3332
-2909
-2149
-1075
-853
-2467
-3901
-3016
-487
110
-1503
-1876
-483
-8
-1546
-1788
937
3075
1575
-1097
-605
2239
3195
1734
1502
3207
3469
1278
372
2862
5221
3871
905
825
2770
3030
1489
1498
3191
2469
-487
-1595
891
2808
935
-1454
-1336
45
-551
-1922
-1238
183
-311
-2453
-2926
-1397
-430
-987
-1705
-1656
-1622
-1775
-1281
-227
86
-538
-1108
-720
87
584
906
586
-123
-336
421
1235
780
73
24
203
96
-148
373
628
-221
-1288
-1197
-138
-400
-1407
-1680
-879
-662
-1779
-2224
-1722
-694
-734
-1204
-1070
-813
-461
-652
-73
863
1408
1260
437
526
1437
2794
3386
2726
1788
1524
2333
3216
3374
2909
2519
2299
1953
1687
1993
2614
2349
1074
236
862
1757
1268
9
-185
430
-55
-1307
-1103
442
346
-2063
-3562
-2065
-102
-817
-3073
-3842
-2518
-1678
-2361
-3146
-3090
-2559
-2898
-3488
-3419
-2456
-1537
-2091
-3269
-3533
-1932
-494
-961
-2046
-1576
125
-45
-1424
-858
1899
2850
285
-1258
906
3504
2629
590
1589
3848
3205
725
1106
4275
5391
2940
824
1766
3372
2935
1741
2102
2595
932
-775
298
2616
2053
-990
-2013
-333
848
-605
-2217
-1475
-412
-1162
-2638
-2328
-979
-1162
-2305
-2153
-940
-890
-1826
-1556
-175
-49
-1239
-1272
241
937
-83
-780
74
1005
764
282
563
870
452
94
495
868
546
124
-30
-377
-804
-668
-355
-764
-1493
-1462
-969
-1207
-1957
-1862
-1033
-1015
-1791
-1614
-381
-77
-1075
-1279
31
880
277
41
1203
1969
1276
1021
2541
3696
2802
1800
2761
4002
3376
2235
2683
3845
3170
1621
1637
2886
2995
1334
726
1600
1975
769
-445
57
492
-196
-1220
-1079
-309
-737
-1966
-2739
-2142
-1133
-1218
-2551
-3940
-3658
-2144
-1591
-2791
-3761
-2941
-2228
-3359
-4455
-2973
-811
-1415
-4070
-4889
-2323
-358
-1053
-2305
-1610
-33
-639
-1342
-399
1726
2406
648
-394
441
2531
3058
2317
2271
2701
2963
2093
2048
3630
4888
3868
1533
1455
3591
4431
2684
1239
1935
2560
996
-576
408
1746
582
-1580
-1552
-46
-348
-2236
-2433
-800
-657
-2595
-3378
-1840
-817
-1849
-2803
-2076
-1111
-1305
-1647
-1104
-487
-539
-611
-81
447
185
-259
153
893
1000
849
797
445
137
585
1265
1053
82
-339
97
277
-165
-446
-348
-621
-1488
-1834
-1163
-702
-1143
-1713
-1912
-2079
-2342
-2033
-970
-381
-899
-1451
-1242
-709
-154
748
1577
1156
-78
97
2233
3975
3527
2265
2248
3113
3419
3219
3330
3505
3113
2566
2574
2795
2544
1988
1651
1524
1337
1074
745
371
294
582
468
-512
-1253
-735
-98
-1020
-2652
-2633
-1169
-990
-2844
-4086
-3182
-2124
-2781
-3945
-3779
-3106
-3394
-4325
-4309
-2987
-2121
-2628
-3608
-3377
-1988
-985
-973
-1544
-1349
-331
237
52
87
1199
1985
1346
546
1154
2934
3342
1944
1384
2749
3707
2403
1512
3074
4635
3564
1167
1062
3251
4089
2334
1095
1967
2269
678
-255
1062
2034
348
-1716
-1234
352
-63
-1916
-2297
-1001
-711
-2071
-2547
-1726
-1442
-1938
-1997
-1310
-1196
-1659
-1476
-609
-241
-695
-692
-104
-26
-505
-258
596
725
150
165
1016
1083
403
313
939
937
-37
-211
432
408
-570
-988
-377
-523
-1624
-1953
-971
-486
-1484
-2256
-1776
-1280
-1683
-1728
-897
-663
-1286
-1469
-500
122
-209
58
1054
1588
789
427
1995
3516
3375
2420
2454
3137
3237
3220
3613
3851
3341
2721
2717
2994
2901
2702
2646
2092
1012
592
1248
1365
159
-786
-414
-288
-1382
-1989
-1085
-570
-2163
-3615
-2897
-1448
-1949
-3955
-4265
-2969
-2235
-3195
-4041
-3445
-2992
-3232
-3711
-3324
-2529
-2222
-2322
-2818
-2750
-1850
-836
-862
-1642
-1387
-128
492
-14
30
1389
2293
1558
901
2110
3664
3414
2268
2591
3904
3622
2270
2338
4107
4677
2607
1041
1929
3549
3225
1504
1051
1549
1331
259
-65
716
738
-670
-1750
-1143
-335
-1061
-2331
-2116
-1117
-1447
-2649
-2546
-1292
-1025
-1978
-2438
-1475
-673
-973
-1425
-1266
-524
-211
-52
185
-31
-212
128
946
1214
709
476
649
725
530
660
1095
1034
322
-426
-332
52
159
-144
-776
-1167
-1517
-1331
-1066
-1192
-1443
-1773
-1704
-1776
-1647
-1291
-1136
-1057
-1074
-757
-594
-633
-268
661
1457
1274
867
1328
2371
2845
2758
2853
3002
2788
2747
3416
3859
3309
2656
2812
3130
2732
2074
1981
2168
1814
1119
951
1134
726
-58
-189
61
-438
-1439
-1645
-1140
-1275
-2371
-3094
-2627
-2082
-2611
-3643
-3900
-3312
-2815
-3121
-3886
-4194
-3749
-3142
-3234
-3296
-2726
-2208
-2341
-2907
-2337
-865
-121
-640
-1327
-533
714
986
710
890
1661
1847
1476
1633
2500
3156
2734
2139
2435
3090
3163
2711
2769
3331
3230
2273
1736
2462
3079
2245
968
916
1594
1244
119
-312
179
188
-759
-1196
-789
-660
-1642
-2424
-1775
-1046
-1513
-2504
-2296
-1426
-1503
-2112
-2001
-1155
-1062
-1673
-1560
-555
180
-209
-744
-472
41
240
287
575
857
560
204
280
772
1361
1430
1021
213
-250
212
765
698
-13
-511
-717
-1208
-1345
-854
-424
-957
-2090
-2295
-1576
-919
-903
-1227
-1261
-1168
-1162
-968
-224
457
394
44
432
1374
1639
1522
1795
2610
3022
2515
2259
2872
3746
3538
2684
2608
3143
3302
2735
2356
2372
2144
1549
1183
1369
1352
642
-119
-217
-86
-484
-1186
-1408
-1190
-1342
-2124
-2930
-3016
-2496
-2214
-2609
-3306
-3566
-3228
-3049
-3333
-3445
-3111
-2783
-2949
-3357
-3083
-2117
-1642
-2069
-2361
-1748
-876
-682
-860
-532
173
465
390
685
1412
1810
1681
1676
2063
2437
2457
2278
2414
2895
3126
2991
2790
2621
2569
2595
2620
2682
2467
1718
961
956
1515
1500
503
-412
-423
-119
-322
-800
-919
-895
-1357
-1960
-1806
-1143
-1170
-1999
-2413
-1959
-1584
-1784
-1832
-1347
-1080
-1425
-1561
-840
57
167
-309
-435
43
535
678
704
749
658
493
551
818
989
935
695
322
77
248
502
191
-511
-769
-460
-346
-805
-1268
-1231
-1098
-1395
-1690
-1363
-901
-1097
-1568
-1476
-949
-572
-346
-36
142
-110
-369
218
1523
2207
1680
1154
1713
2649
2831
2496
2562
3008
3036
2517
2243
2581
2861
2553
2044
1821
1716
1426
1088
1023
1126
838
36
-537
-355
-32
-438
-1293
-1630
-1327
-1226
-1843
-2542
-2424
-1921
-2130
-2953
-3371
-2967
-2379
-2494
-3067
-3102
-2643
-2514
-2743
-2678
-2118
-1611
-1777
-2217
-1938
-1043
-545
-653
-675
-98
678
766
369
647
1586
2028
1626
1298
1868
2680
2591
2027
2223
3031
3206
2416
1853
2377
3058
2742
1895
1568
1625
1349
961
1077
1231
565
-524
-866
-262
97
-646
-1537
-1531
-1285
-1546
-1863
-1683
-1337
-1550
-2100
-2147
-1716
-1320
-1029
-896
-1065
-1319
-1144
-419
278
380
53
-158
25
426
831
1089
1002
663
470
603
795
883
942
880
457
-40
59
536
537
-286
-953
-738
-432
-623
-944
-763
-703
-1323
-1736
-1324
-658
-902
-1581
-1395
-793
-699
-821
-460
112
75
-327
53
1150
1670
1317
1090
1550
2071
2155
2135
2258
2262
2071
2134
2610
2828
2374
1897
1978
2181
1899
1372
1127
1095
916
480
55
-59
-145
-443
-615
-730
-1107
-1511
-1652
-1643
-1723
-1965
-2185
-2327
-2539
-2705
-2679
-2543
-2562
-2759
-2836
-2686
-2526
-2493
-2317
-2064
-1795
-1577
-1611
-1530
-1168
-580
-200
-167
-30
216
521
781
1101
1656
2031
1829
1458
1745
2497
2745
2297
2006
2328
2614
2246
1694
1799
2257
2087
1329
923
1086
1108
735
446
377
51
-565
-800
-439
-240
-773
-1470
-1522
-1119
-1000
-1240
-1359
-1262
-1305
-1485
-1410
-1056
-805
-817
-957
-1030
-911
-551
-15
294
40
-349
-250
254
634
619
445
406
414
296
273
573
806
564
159
2
71
235
358
274
-22
-333
-419
-310
-258
-298
-351
-521
-815
-902
-598
-359
-663
-1144
-1074
-540
-243
-358
-459
-383
-336
-232
205
735
812
524
581
1196
1740
1806
1731
1776
1747
1629
1743
2069
2152
1880
1655
1669
1658
1474
1356
1400
1294
866
487
487
531
166
-323
-421
-362
-710
-1327
-1582
-1402
-1327
-1633
-2035
-2152
-2062
-2161
-2327
-2254
-2149
-2216
-2388
-2490
-2340
-2053
-1819
-1701
-1738
-1692
-1459
-1254
-974
-661
-400
-246
-295
-117
360
715
840
982
1319
1553
1499
1485
1776
2102
2203
2136
2054
2077
2022
1834
1848
2097
2140
1665
1076
957
1232
1304
858
322
70
2
-222
-535
-662
-756
-1016
-1476
-1587
-1279
-1196
-1443
-1701
-1591
-1320
-1252
-1371
-1325
-971
-869
-1039
-1004
-606
-184
-176
-343
-244
143
480
532
513
500
477
469
537
790
953
841
494
207
404
660
606
421
183
50
2
7
98
170
31
-327
-543
-488
-370
-422
-632
-861
-1008
-996
-857
-653
-456
-381
-525
-590
-323
133
498
476
262
242
651
1220
1508
1567
1470
1429
1570
1784
1996
2004
1724
1463
1486
1620
1590
1352
1110
951
698
423
358
354
109
-298
-570
-631
-739
-1041
-1236
-1198
-1236
-1445
-1534
-1404
-1356
-1590
-1850
-1812
-1621
-1652
-1873
-1920
-1749
-1660
-1677
-1567
-1350
-1237
-1270
-1311
-1183
-894
-662
-502
-291
-100
3
156
444
813
1063
1050
1017
1260
1628
1830
1821
1766
1778
1799
1807
1862
1864
1688
1380
1134
1016
841
614
544
520
324
56
-110
-216
-428
-703
-765
-626
-659
-933
-1132
-1038
-801
-727
-787
-794
-817
-851
-794
-689
-508
-337
-352
-414
-411
-356
-173
9
56
48
9
-50
-86
-51
71
171
149
64
50
179
335
404
376
299
228
185
189
247
246
178
128
99
115
138
98
58
5
-56
-43
-85
-247
-335
-270
-153
-44
75
153
76
-109
-178
45
422
546
338
144
232
618
1011
1018
668
368
474
894
1099
938
788
702
506
434
659
863
691
243
46
279
355
-26
-319
-189
-162
-641
-1068
-834
-363
-432
-1046
-1511
-1395
-1057
-1025
-1248
-1366
-1269
-1170
-1142
-1027
-857
-763
-821
-992
-958
-544
-169
-220
-501
-533
-171
191
251
240
443
666
570
366
583
1111
1239
761
370
610
1098
1227
1022
873
855
692
452
568
915
819
222
-164
91
463
244
-258
-278
-65
-297
-707
-691
-347
-351
-886
-1169
-797
-403
-514
-716
-661
-511
-471
-501
-304
-113
-156
-244
-220
13
222
266
250
254
323
404
499
530
425
281
259
297
222
244
338
276
189
162
245
303
246
169
135
142
41
34
239
330
152
-58
-49
81
107
-27
-129
-165
-282
-319
-102
84
0
0
0
0
0
0
0
0
0
0
0
0
0
0
0
0
0
0
0
0
0
0
0
0
0
0
0
0
0
0
0
0
0
0
0
0
0
0
0
0
0
0
0
0
0
0
0
0
0
0
0
0
0
0
0
0
0
0
0
0
0
0
0
0
0
0
0
0
0
0
0
0
0
0
0
0
0
0
0
0
0
0
0
0
0
0
0
0
0
0
0
0
0
0
0
0
0
0
0
0
0
0
0
0
0
0
0
0
0
0
0
0
0
0
0
0
0
0
0
0
0
0
0
0
0
0
0
0
0
0
0
0
0
0
0
0
0
0
0
0
0
0
0
0
0
0
0
0
0
0
0
0
0
0
0
0
0
0
0
0
0
0
0
0
0
0
0
0
0
0
0
0
0
0
0
0
0
0
0
0
0
0
0
0
0
0
0
0
0
0
0
0
0
0
0
0
0
0
0
0
0
0
0
0
0
0
0
0
0
0
0
0
0
0
0
0
0
0
0
0
0
0
0
0
0
0
0
0
0
0
0
0
0
0
0
0
0
0
0
0
0
0
0
0
0
0
0
0
0
0
0
0
0
0
0
0
0
0
0
0
0
0
0
0
0
0
0
0
0
0
0
0
0
0
0
0
0
0
0
0
0
0
0
0
0
0
0
0
0
0
0
0
0
0
0
0
0
0
0
0
0
0
0
0
0
0
0
0
0
0
0
0
0
0
0
0
0
0
0
0
0
0
0
0
0
0
0
0
0
0
0
0
0
0
0
0
0
0
0
0
0
0
0
0
0
0
0
0
0
0
0
0
0
0
0
0
0
0
0
0
0
0
0
0
0
0
0
0
0
0
0
0
0
0
0
0
0
0
0
0
0
0
0
0
0
0
0
0
0
0
0
0
0
0
0
0
0
0
0
0
