0
0
0
0
0
0
0
0
0
0
0
0
0
0
0
0
0
0
0
0
0
0
0
0
0
0
0
0
0
0
0
0
0
0
0
0
0
0
0
0
0
0
0
0
0
0
0
0
0
0
0
0
0
0
0
0
0
0
0
0
0
0
0
0
0
0
0
0
0
0
0
0
0
0
0
0
0
0
0
0
0
0
0
0
0
0
0
0
0
0
0
0
0
0
0
0
0
0
0
0
0
0
0
0
0
0
0
0
0
0
0
0
0
0
0
0
0
0
0
0
0
0
0
0
0
0
0
0
0
0
0
0
0
0
0
0
0
0
0
0
0
0
0
0
0
0
0
0
0
0
0
0
0
0
0
0
0
0
0
0
0
0
0
0
0
0
0
0
0
0
0
0
0
0
0
0
0
0
0
0
0
0
0
0
0
0
0
0
0
0
0
0
0
0
0
0
0
0
0
0
0
0
0
0
0
0
0
0
0
0
0
0
0
0
0
0
0
0
0
0
0
0
0
0
0
0
0
0
0
0
0
0
0
0
0
0
0
0
0
0
0
0
0
0
0
0
0
0
0
0
0
0
0
0
0
0
0
0
0
0
0
0
0
0
0
0
0
0
0
0
0
0
0
0
0
0
0
0
0
0
0
0
0
0
0
0
0
0
0
0
0
0
0
0
0
0
0
0
0
0
0
0
0
0
0
0
0
0
0
0
0
0
0
0
0
0
0
0
0
0
0
0
0
0
0
0
0
0
0
0
0
0
0
0
0
0
0
0
0
0
0
0
0
0
0
0
0
0
0
0
0
0
0
0
0
0
0
0
0
0
0
0
0
0
0
0
0
0
0
0
0
0
0
0
0
0
0
0
0
0
0
0
0
0
0
0
0
0
0
0
0
0
0
0
0
0
0
0
0
0
-273
-119
66
243
401
584
712
755
745
748
739
696
666
659
637
574
513
468
428
400
394
417
476
527
514
469
405
306
232
182
125
26
-53
-38
-31
-26
22
82
183
252
297
317
302
319
317
307
312
257
177
93
27
-66
-202
-259
-277
-305
-329
-399
-491
-588
-673
-705
-725
-702
-692
-688
-611
-563
-487
-412
-387
-343
-274
-258
-323
-292
-262
-246
-157
-94
-48
2
69
67
47
29
36
76
42
8
-49
-133
-224
-277
-281
-317
-330
-314
-260
-214
-207
-104
21
192
429
639
851
1021
1209
1506
1845
2142
2430
2732
2941
3085
3150
3148
3110
3006
2905
2727
2483
2148
1675
1229
798
296
-172
-572
-992
-1400
-1734
-1980
-2175
-2372
-2582
-2803
-2956
-2975
-2948
-2927
-2854
-2740
-2666
-2608
-2499
-2367
-2254
-2109
-1905
-1661
-1377
-1076
-783
-471
-120
216
510
767
992
1179
1334
1468
1559
1618
1665
1665
1594
1532
1510
1438
1356
1239
1105
907
651
409
82
-163
-354
-579
-798
-1060
-1258
-1338
-1321
-1252
-1067
-796
-616
-470
-310
-172
-18
152
263
345
423
449
452
430
396
396
388
328
290
255
171
87
-1
-99
-167
-226
-290
-308
-335
-392
-421
-513
-641
-739
-809
-939
-1061
-1132
-1296
-1375
-1368
-1365
-1334
-1308
-1218
-1145
-1068
-949
-872
-816
-727
-585
-428
-258
-77
113
324
593
947
1373
1852
2309
2717
3167
3626
4007
4360
4679
4901
5091
5233
5268
5230
5089
4861
4606
4268
3776
3150
2446
1724
967
206
-549
-1352
-2163
-2903
-3536
-4061
-4522
-4949
-5272
-5434
-5477
-5480
-5427
-5281
-5155
-4914
-4542
-4120
-3597
-3132
-2675
-2192
-1712
-1190
-667
-97
454
944
1325
1597
1835
2023
2175
2296
2382
2404
2348
2242
2111
1989
1869
1754
1647
1542
1432
1299
1109
883
648
437
243
-5
-260
-480
-735
-968
-1151
-1250
-1205
-1194
-1246
-1221
-1214
-1216
-1130
-1066
-972
-782
-608
-404
-179
98
343
483
620
675
734
723
603
533
451
346
236
129
46
30
-15
-6
59
36
29
-51
-174
-301
-455
-569
-703
-863
-1074
-1222
-1278
-1340
-1372
-1379
-1347
-1342
-1368
-1370
-1432
-1493
-1515
-1496
-1436
-1367
-1254
-1129
-910
-661
-471
-249
33
384
758
1184
1661
2138
2650
3219
3862
4547
5213
5806
6307
6664
6833
6824
6654
6342
5907
5359
4677
3889
3057
2183
1267
361
-488
-1308
-2111
-2831
-3449
-4032
-4586
-5027
-5329
-5552
-5698
-5717
-5610
-5454
-5277
-5039
-4727
-4364
-3996
-3618
-3193
-2695
-2162
-1611
-1051
-517
-7
495
1013
1483
1917
2318
2556
2659
2720
2779
2746
2622
2515
2390
2239
2047
1808
1554
1324
1166
996
750
505
262
-39
-332
-606
-887
-1143
-1436
-1749
-1933
-2016
-2095
-2122
-2099
-2032
-1886
-1750
-1622
-1363
-1030
-784
-582
-302
2
211
346
479
567
582
546
506
479
452
422
352
323
372
461
494
520
631
665
673
643
507
392
221
54
-68
-265
-503
-777
-990
-1130
-1333
-1467
-1518
-1538
-1494
-1452
-1378
-1321
-1232
-1128
-1008
-765
-596
-453
-303
-143
49
236
527
826
1183
1563
1995
2556
3067
3614
4224
4847
5368
5725
5969
6130
6182
6046
5737
5284
4689
3926
3084
2174
1247
383
-482
-1300
-2104
-2781
-3311
-3782
-4170
-4498
-4649
-4724
-4814
-4786
-4640
-4466
-4343
-4232
-4041
-3774
-3521
-3280
-2992
-2632
-2220
-1821
-1412
-937
-390
152
652
1128
1614
2053
2392
2640
2788
2881
2866
2776
2654
2519
2387
2166
1919
1640
1402
1201
899
637
355
67
-163
-481
-805
-1145
-1453
-1733
-2082
-2381
-2617
-2772
-2929
-2991
-2858
-2679
-2414
-2116
-1729
-1247
-794
-340
54
484
855
1061
1265
1376
1440
1414
1232
1092
966
770
554
431
371
327
202
52
6
-65
-96
-164
-214
-256
-399
-517
-699
-882
-1062
-1181
-1265
-1396
-1500
-1592
-1583
-1599
-1597
-1440
-1278
-1101
-884
-667
-409
-153
71
311
502
710
998
1244
1504
1811
2127
2514
2950
3444
3993
4486
4958
5458
5864
6164
6396
6496
6408
6116
5653
5073
4328
3427
2433
1384
353
-654
-1708
-2682
-3492
-4261
-4913
-5461
-5866
-6040
-6113
-6064
-5908
-5630
-5266
-4899
-4502
-4134
-3735
-3303
-2916
-2544
-2115
-1634
-1219
-840
-389
181
763
1276
1844
2387
2878
3327
3591
3830
4032
4091
4067
3886
3644
3351
2926
2446
1930
1472
1048
611
195
-239
-604
-889
-1221
-1577
-1856
-2096
-2359
-2630
-2890
-3042
-3134
-3231
-3224
-3140
-3000
-2780
-2612
-2403
-2000
-1571
-1182
-728
-215
287
697
1040
1369
1573
1643
1691
1747
1759
1681
1469
1184
955
704
421
168
4
-96
-321
-496
-562
-717
-896
-1144
-1377
-1504
-1662
-1791
-1912
-2061
-2208
-2323
-2346
-2336
-2293
-2190
-2040
-1832
-1608
-1329
-985
-622
-246
149
531
929
1404
1922
2475
3078
3710
4287
4820
5450
6054
6566
7052
7424
7701
7822
7840
7801
7520
7053
6414
5605
4714
3635
2442
1239
4
-1277
-2524
-3617
-4634
-5514
-6180
-6779
-7236
-7428
-7486
-7485
-7349
-7077
-6721
-6347
-5951
-5439
-4820
-4208
-3630
-3009
-2321
-1634
-1040
-429
282
1005
1684
2276
2812
3346
3891
4315
4652
4990
5138
5147
5000
4735
4437
3999
3479
2865
2227
1662
1093
490
-65
-582
-1098
-1529
-1950
-2384
-2728
-3036
-3361
-3691
-3936
-4000
-4022
-4072
-3973
-3742
-3482
-3204
-2929
-2559
-2076
-1604
-1176
-692
-123
404
746
998
1328
1651
1848
1884
1916
1940
1834
1664
1459
1283
1085
881
718
541
436
267
86
-42
-239
-393
-581
-826
-1055
-1329
-1554
-1733
-1903
-2088
-2212
-2210
-2242
-2289
-2292
-2188
-2008
-1828
-1574
-1241
-861
-452
-90
266
666
1089
1625
2252
2802
3414
4140
4810
5465
6131
6710
7211
7644
7924
8048
8038
7923
7672
7192
6525
5806
4954
3850
2641
1460
280
-882
-2022
-3099
-4013
-4828
-5608
-6250
-6706
-6993
-7152
-7238
-7191
-7001
-6779
-6548
-6268
-5929
-5512
-5059
-4615
-4117
-3475
-2774
-2138
-1522
-793
21
774
1409
1986
2605
3256
3799
4234
4651
4969
5088
5012
4818
4624
4310
3877
3394
2826
2361
1880
1290
779
287
-158
-550
-985
-1373
-1708
-2034
-2399
-2775
-3082
-3299
-3429
-3604
-3746
-3753
-3745
-3654
-3473
-3196
-2729
-2323
-1959
-1467
-1005
-504
-97
200
600
919
1197
1412
1551
1665
1673
1683
1666
1639
1588
1443
1244
1011
774
500
280
112
-100
-289
-554
-859
-1104
-1306
-1534
-1805
-2003
-2217
-2339
-2379
-2475
-2493
-2444
-2285
-2076
-1839
-1542
-1221
-902
-666
-351
-6
349
841
1302
1816
2418
3037
3743
4456
5183
5907
6568
7191
7737
8145
8309
8360
8284
7925
7485
6929
6159
5214
4095
2883
1596
339
-907
-2136
-3229
-4189
-4989
-5732
-6364
-6734
-6997
-7205
-7286
-7231
-7003
-6653
-6314
-5989
-5585
-5111
-4618
-4153
-3649
-3046
-2383
-1709
-1110
-458
222
821
1455
2079
2743
3330
3802
4206
4472
4682
4775
4687
4477
4243
3912
3499
3015
2500
2087
1582
1051
526
-34
-470
-848
-1240
-1622
-1934
-2231
-2530
-2792
-2988
-3112
-3315
-3546
-3644
-3594
-3462
-3279
-3040
-2726
-2333
-1890
-1447
-1065
-662
-206
154
457
820
1125
1300
1414
1470
1507
1484
1369
1201
998
785
549
344
153
-32
-208
-330
-423
-582
-752
-982
-1145
-1245
-1428
-1541
-1673
-1808
-1874
-1977
-2052
-2118
-2159
-2061
-1928
-1835
-1654
-1388
-1124
-882
-632
-302
82
495
918
1345
1893
2443
3022
3736
4434
5164
5846
6463
7083
7635
8046
8284
8441
8458
8236
7781
7147
6372
5410
4319
3169
2000
802
-432
-1663
-2815
-3826
-4721
-5502
-6101
-6523
-6814
-6994
-7103
-7083
-6909
-6710
-6484
-6191
-5868
-5468
-5028
-4623
-4152
-3615
-3050
-2385
-1686
-938
-152
630
1374
2038
2674
3205
3674
4114
4400
4656
4791
4744
4677
4498
4235
3928
3496
2953
2391
1881
1321
736
266
-138
-534
-999
-1453
-1732
-1953
-2270
-2575
-2814
-3069
-3302
-3510
-3668
-3663
-3571
-3500
-3417
-3147
-2761
-2400
-2057
-1736
-1267
-794
-412
35
454
809
1024
1122
1207
1257
1286
1278
1299
1285
1187
1112
938
758
608
382
165
-13
-159
-384
-654
-840
-1019
-1221
-1428
-1608
-1758
-1893
-1981
-2005
-2012
-1981
-1900
-1793
-1637
-1474
-1245
-895
-582
-262
133
543
978
1383
1721
2068
2487
2929
3459
4065
4672
5328
5886
6409
6872
7189
7425
7535
7536
7347
6971
6458
5808
5002
4017
2911
1756
602
-621
-1770
-2848
-3817
-4594
-5349
-5932
-6339
-6651
-6776
-6808
-6769
-6580
-6271
-5943
-5603
-5189
-4728
-4272
-3817
-3298
-2739
-2168
-1581
-1023
-376
348
965
1623
2289
2920
3528
3962
4341
4602
4775
4866
4709
4478
4146
3719
3186
2606
2069
1505
1002
510
23
-409
-767
-1071
-1375
-1637
-1837
-2026
-2251
-2477
-2696
-2851
-3020
-3206
-3322
-3397
-3386
-3388
-3323
-3132
-2881
-2562
-2252
-1865
-1386
-915
-530
-201
192
584
858
1059
1268
1404
1411
1334
1233
1147
1065
937
783
687
628
484
251
90
25
-81
-218
-380
-597
-836
-1087
-1323
-1538
-1759
-1891
-1976
-2092
-2066
-2038
-2035
-1875
-1688
-1440
-1112
-769
-427
-103
265
640
1048
1473
1926
2440
2945
3525
4139
4781
5482
6089
6666
7161
7505
7686
7693
7666
7495
7099
6544
5894
5133
4181
3120
2026
870
-354
-1556
-2649
-3621
-4472
-5244
-5890
-6296
-6453
-6535
-6619
-6576
-6343
-6060
-5817
-5549
-5185
-4773
-4400
-4066
-3702
-3308
-2907
-2455
-1907
-1212
-457
271
989
1709
2412
3108
3672
4057
4454
4765
4888
4819
4609
4391
4060
3579
2995
2413
1816
1141
549
-6
-450
-797
-1200
-1486
-1674
-1795
-1839
-1956
-2073
-2162
-2275
-2436
-2675
-2846
-2937
-3001
-3019
-3043
-2949
-2685
-2460
-2226
-1883
-1441
-979
-634
-255
174
546
825
957
1088
1228
1268
1232
1126
982
808
630
437
264
192
120
-4
-100
-133
-199
-308
-398
-564
-713
-887
-1131
-1342
-1596
-1781
-1946
-2108
-2124
-2077
-1993
-1865
-1755
-1576
-1284
-992
-687
-298
128
559
1007
1492
1981
2464
2989
3573
4236
4921
5539
6101
6612
7056
7403
7663
7832
7894
7808
7500
7029
6395
5653
4677
3607
2525
1346
143
-1140
-2237
-3291
-4216
-5042
-5699
-6148
-6422
-6565
-6673
-6677
-6514
-6229
-5985
-5650
-5277
-4827
-4424
-4104
-3712
-3226
-2778
-2328
-1823
-1258
-619
32
629
1223
1840
2480
3031
3450
3861
4229
4479
4594
4628
4593
4419
4080
3546
2999
2413
1751
1160
562
20
-463
-928
-1276
-1622
-1868
-2050
-2266
-2399
-2596
-2723
-2840
-3048
-3240
-3350
-3386
-3443
-3400
-3323
-3065
-2811
-2548
-2246
-1877
-1545
-1215
-813
-422
55
411
681
953
1240
1404
1484
1594
1596
1619
1564
1495
1377
1215
978
756
493
218
-11
-255
-494
-701
-911
-1104
-1298
-1453
-1593
-1761
-1881
-1994
-2045
-2046
-2011
-1942
-1778
-1580
-1359
-994
-753
-483
-223
146
504
955
1454
1951
2577
3157
3837
4506
5140
5781
6310
6781
7217
7540
7735
7729
7602
7285
6746
6081
5304
4367
3406
2356
1225
175
-915
-1932
-2776
-3529
-4212
-4751
-5127
-5481
-5703
-5806
-5825
-5684
-5527
-5346
-5165
-4986
-4720
-4489
-4239
-3938
-3566
-3101
-2638
-2113
-1530
-909
-234
408
1043
1711
2373
2932
3428
3840
4117
4326
4357
4305
4202
3949
3569
3050
2533
2004
1481
928
351
-94
-526
-885
-1221
-1498
-1668
-1841
-2000
-2235
-2428
-2528
-2657
-2796
-2861
-2867
-2920
-2983
-3028
-2984
-2845
-2750
-2580
-2322
-2065
-1799
-1519
-1184
-844
-458
-117
165
500
741
912
1083
1234
1359
1409
1388
1314
1200
1045
883
690
503
345
156
-49
-261
-494
-659
-737
-851
-965
-1045
-1155
-1320
-1479
-1581
-1660
-1686
-1647
-1531
-1374
-1182
-966
-809
-575
-352
-97
261
607
1040
1520
2029
2596
3188
3810
4437
5064
5708
6267
6655
6995
7243
7332
7290
7087
6680
6123
5476
4633
3772
2861
1824
836
-188
-1209
-2150
-3010
-3759
-4389
-4886
-5302
-5601
-5713
-5709
-5622
-5439
-5237
-5001
-4679
-4344
-4031
-3747
-3482
-3165
-2808
-2429
-2030
-1551
-969
-392
206
845
1468
2040
2598
3079
3441
3777
3991
4109
4131
4006
3881
3617
3187
2765
2298
1790
1235
607
48
-468
-959
-1382
-1788
-2032
-2161
-2302
-2462
-2666
-2763
-2874
-3095
-3178
-3211
-3242
-3254
-3281
-3257
-3198
-3023
-2815
-2612
-2353
-2044
-1670
-1301
-841
-360
-25
302
649
926
1157
1332
1431
1568
1713
1754
1740
1679
1560
1424
1246
1025
838
628
354
71
-187
-383
-521
-680
-894
-1066
-1208
-1310
-1387
-1518
-1597
-1655
-1713
-1734
-1771
-1713
-1601
-1441
-1211
-1039
-841
-570
-166
340
810
1348
1892
2433
3085
3733
4369
5007
5603
6195
6691
7011
7274
7453
7467
7343
7015
6483
5827
4998
4049
3058
2002
936
-56
-976
-1754
-2434
-3115
-3647
-4075
-4450
-4700
-4918
-5046
-5112
-5135
-5075
-5027
-4890
-4688
-4485
-4202
-3886
-3516
-3094
-2688
-2293
-1838
-1234
-676
-168
459
1065
1676
2274
2732
3165
3578
3935
4147
4171
4137
3931
3553
3101
2597
2103
1548
990
446
-69
-409
-717
-1012
-1214
-1417
-1644
-1902
-2210
-2463
-2606
-2771
-2964
-3082
-3173
-3264
-3356
-3438
-3445
-3379
-3272
-3153
-2981
-2682
-2338
-2062
-1728
-1331
-972
-580
-224
154
555
871
1156
1386
1624
1787
1813
1802
1696
1562
1386
1166
933
701
522
296
41
-151
-321
-501
-664
-731
-871
-1034
-1088
-1242
-1347
-1379
-1433
-1352
-1221
-1077
-929
-788
-556
-354
-140
146
413
749
1094
1447
1842
2266
2852
3442
3995
4628
5209
5713
6159
6493
6693
6844
6904
6740
6350
5829
5255
4531
3634
2700
1784
791
-164
-1056
-1970
-2718
-3384
-3974
-4380
-4682
-4894
-5058
-5094
-5022
-4868
-4617
-4351
-4025
-3673
-3362
-3096
-2869
-2588
-2322
-2106
-1812
-1466
-981
-417
55
555
1058
1619
2146
2597
3110
3480
3695
3750
3704
3628
3435
3199
2877
2428
1984
1499
890
281
-285
-721
-1135
-1589
-1848
-2088
-2276
-2467
-2721
-2874
-3001
-3073
-3172
-3255
-3238
-3214
-3262
-3334
-3321
-3230
-3083
-2946
-2700
-2402
-2146
-1834
-1530
-1139
-680
-222
196
513
860
1209
1399
1521
1672
1771
1819
1835
1818
1718
1523
1366
1219
1003
782
544
264
1
-254
-506
-713
-867
-934
-1033
-1190
-1325
-1424
-1488
-1578
-1605
-1627
-1613
-1490
-1325
-1071
-831
-612
-341
-91
153
498
966
1461
1991
2601
3234
3847
4465
5099
5685
6155
6534
6870
7054
7048
6960
6731
6317
5821
5206
4434
3589
2712
1809
876
-73
-935
-1694
-2431
-3067
-3554
-3970
-4278
-4469
-4655
-4770
-4700
-4566
-4497
-4455
-4314
-4070
-3826
-3617
-3392
-3075
-2723
-2395
-2012
-1523
-1017
-474
112
692
1298
1823
2350
2841
3225
3625
3810
3869
3821
3588
3357
2909
2401
1983
1499
1034
494
4
-385
-842
-1182
-1519
-1830
-2010
-2262
-2477
-2682
-2827
-2952
-3169
-3251
-3350
-3436
-3454
-3512
-3444
-3326
-3162
-3046
-2939
-2647
-2373
-2018
-1668
-1306
-788
-443
-94
305
607
908
1156
1351
1438
1555
1657
1632
1647
1666
1596
1464
1354
1151
867
621
279
29
-210
-528
-654
-867
-1058
-1096
-1227
-1281
-1346
-1434
-1446
-1506
-1500
-1446
-1348
-1177
-990
-735
-540
-364
-90
132
418
812
1166
1665
2270
2847
3560
4243
4845
5512
6113
6620
7012
7326
7522
7442
7234
6882
6374
5744
4928
4024
3070
2155
1137
88
-844
-1721
-2433
-3138
-3787
-4244
-4545
-4800
-5035
-5097
-5080
-4964
-4775
-4590
-4351
-4033
-3825
-3678
-3385
-3155
-2874
-2559
-2301
-1894
-1409
-893
-361
161
777
1482
2055
2552
3075
3453
3778
4008
4009
3977
3912
3659
3267
2797
2305
1818
1255
636
40
-519
-1060
-1564
-1978
-2299
-2542
-2701
-2879
-3064
-3163
-3260
-3434
-3564
-3596
-3667
-3721
-3760
-3749
-3598
-3411
-3228
-3013
-2651
-2227
-1858
-1528
-1195
-690
-230
81
461
826
1093
1295
1395
1472
1579
1588
1561
1555
1476
1334
1163
960
760
582
379
177
19
-139
-287
-373
-440
-526
-620
-778
-885
-1012
-1171
-1187
-1247
-1293
-1236
-1176
-992
-833
-729
-521
-362
-222
6
310
679
1140
1683
2226
2848
3535
4179
4830
5432
5994
6472
6767
6992
7063
6929
6711
6352
5870
5269
4551
3736
2871
2122
1237
284
-563
-1428
-2151
-2808
-3403
-3846
-4160
-4400
-4607
-4660
-4645
-4539
-4369
-4280
-4122
-3946
-3801
-3705
-3608
-3361
-3124
-2839
-2454
-2016
-1498
-975
-452
50
683
1322
1863
2454
2910
3334
3725
3862
3931
3927
3763
3482
3051
2550
2048
1505
916
353
-152
-600
-1025
-1476
-1819
-2044
-2265
-2445
-2609
-2760
-2828
-2889
-2997
-3062
-3074
-3106
-3218
-3377
-3439
-3414
-3387
-3310
-3169
-2920
-2567
-2201
-1859
-1365
-746
-289
132
574
934
1214
1361
1521
1706
1812
1829
1758
1716
1584
1418
1222
911
693
405
132
-87
-362
-509
-637
-800
-952
-1031
-1060
-1066
-1034
-1007
-993
-1035
-1078
-1075
-1027
-981
-875
-745
-652
-506
-318
-40
260
671
1094
1482
1999
2485
3017
3536
4020
4596
5125
5589
6003
6345
6605
6756
6697
6489
6255
5913
5449
4840
4100
3322
2488
1565
605
-312
-1134
-1853
-2512
-3086
-3536
-3947
-4259
-4505
-4684
-4666
-4612
-4536
-4425
-4331
-4220
-4074
-3830
-3545
-3233
-2896
-2541
-2155
-1750
-1290
-813
-347
144
729
1363
1932
2416
2855
3249
3520
3625
3664
3674
3565
3307
2929
2464
1967
1422
848
342
-139
-588
-986
-1398
-1772
-2026
-2257
-2533
-2710
-2840
-2905
-2963
-3177
-3355
-3477
-3562
-3657
-3730
-3730
-3726
-3612
-3469
-3255
-2924
-2529
-2052
-1634
-1160
-644
-179
322
727
1142
1538
1720
1833
1955
2038
1993
1870
1732
1561
1337
1145
982
733
546
291
-41
-294
-544
-718
-839
-959
-1084
-1199
-1344
-1406
-1382
-1410
-1391
-1365
-1300
-1243
-1158
-1010
-892
-699
-472
-233
67
438
879
1339
1822
2333
2869
3395
3925
4449
4987
5622
6219
6645
6975
7198
7225
7068
6747
6319
5783
5079
4289
3481
2635
1774
917
94
-730
-1549
-2283
-2940
-3511
-3956
-4291
-4572
-4707
-4707
-4699
-4595
-4475
-4380
-4263
-4175
-3991
-3805
-3639
-3331
-2997
-2638
-2225
-1732
-1102
-470
126
751
1387
1968
2493
2948
3296
3592
3814
3903
3859
3702
3444
3077
2646
2190
1696
1187
665
97
-455
-974
-1474
-1876
-2174
-2427
-2606
-2725
-2867
-2922
-2957
-3094
-3190
-3332
-3511
-3626
-3745
-3834
-3885
-3748
-3509
-3313
-2972
-2580
-2135
-1714
-1372
-938
-517
-128
231
660
1099
1422
1697
1858
1994
2093
2063
1944
1783
1577
1323
1055
802
603
391
196
5
-168
-315
-498
-680
-846
-952
-1060
-1077
-1120
-1226
-1152
-1164
-1220
-1110
-1041
-980
-846
-741
-606
-428
-265
69
507
915
1388
1923
2389
2857
3486
4040
4580
5232
5755
6216
6606
6842
6989
7002
6937
6742
6380
5904
5239
4453
3608
2718
1821
863
-60
-917
-1716
-2435
-3129
-3668
-4005
-4273
-4477
-4684
-4833
-4814
-4762
-4688
-4559
-4366
-4119
-3861
-3613
-3360
-3043
-2691
-2317
-1864
-1344
-797
-261
252
781
1348
1875
2368
2823
3242
3574
3756
3854
3836
3723
3505
3085
2581
2087
1586
1096
609
87
-423
-876
-1320
-1732
-2117
-2442
-2643
-2857
-3121
-3312
-3424
-3578
-3758
-3852
-3888
-3888
-3909
-3913
-3769
-3599
-3424
-3162
-2808
-2350
-1853
-1422
-1003
-537
-111
282
667
997
1313
1557
1679
1768
1829
1805
1708
1568
1415
1266
1086
886
691
504
319
129
-58
-291
-516
-662
-816
-993
-1155
-1253
-1285
-1296
-1256
-1234
-1251
-1260
-1241
-1133
-991
-845
-694
-533
-250
96
489
952
1368
1811
2328
2847
3442
4059
4623
5260
5937
6501
6896
7132
7260
7227
7029
6777
6461
6023
5403
4623
3811
2975
2085
1200
254
-689
-1528
-2317
-3068
-3712
-4146
-4452
-4718
-4895
-4939
-4927
-4895
-4854
-4850
-4725
-4584
-4435
-4159
-3921
-3555
-3075
-2667
-2219
-1692
-1133
-596
-123
397
1056
1736
2348
2881
3317
3718
4012
4090
4062
3971
3726
3349
2915
2445
1973
1460
917
396
-128
-602
-1101
-1631
-2057
-2376
-2569
-2820
-3101
-3256
-3400
-3534
-3684
-3843
-3926
-4057
-4204
-4240
-4209
-4045
-3852
-3692
-3344
-2885
-2397
-1891
-1404
-873
-352
92
462
854
1244
1553
1807
1993
2164
2297
2275
2153
2040
1878
1673
1478
1242
979
716
436
154
-115
-344
-574
-837
-1065
-1259
-1447
-1554
-1622
-1724
-1794
-1827
-1852
-1801
-1673
-1531
-1358
-1136
-912
-630
-273
106
548
1061
1604
2116
2676
3294
3887
4528
5129
5738
6405
6893
7264
7547
7696
7728
7557
7225
6763
6177
5437
4547
3683
2779
1790
799
-248
-1214
-2047
-2825
-3521
-4146
-4624
-4937
-5188
-5390
-5423
-5358
-5291
-5205
-5123
-4906
-4669
-4436
-4098
-3785
-3381
-2948
-2520
-2011
-1474
-820
-130
430
1051
1722
2277
2797
3210
3640
4045
4163
4175
4097
3886
3587
3197
2721
2218
1763
1195
585
80
-396
-841
-1341
-1793
-2102
-2385
-2665
-2991
-3259
-3437
-3550
-3630
-3758
-3822
-3885
-4015
-4121
-4165
-4054
-3840
-3667
-3462
-3113
-2697
-2291
-1856
-1367
-813
-256
243
683
1093
1466
1763
2001
2173
2236
2194
2100
1974
1768
1591
1440
1255
1018
753
536
254
-15
-225
-424
-610
-827
-947
-1053
-1182
-1241
-1323
-1401
-1419
-1435
-1429
-1349
-1268
-1211
-1109
-922
-691
-432
-71
340
733
1166
1678
2238
2796
3381
4019
4623
5231
5912
6505
6935
7269
7438
7436
7318
7023
6603
6145
5548
4800
3973
3064
2162
1257
294
-619
-1405
-2170
-2913
-3550
-4008
-4295
-4577
-4785
-4897
-4880
-4787
-4743
-4637
-4533
-4376
-4233
-4122
-3891
-3552
-3146
-2808
-2387
-1938
-1419
-855
-403
151
765
1430
2061
2597
3061
3407
3749
3902
3876
3859
3658
3261
2821
2366
1920
1394
805
321
-108
-528
-952
-1414
-1822
-2089
-2281
-2519
-2762
-2895
-3011
-3256
-3539
-3672
-3707
-3771
-3879
-3996
-3956
-3811
-3695
-3551
-3269
-2844
-2467
-2099
-1692
-1207
-647
-165
248
692
1163
1463
1689
1919
2026
2114
2110
1983
1878
1787
1531
1212
967
666
398
143
-149
-349
-499
-665
-849
-976
-1004
-1059
-1137
-1153
-1202
-1270
-1243
-1219
-1231
-1154
-975
-714
-517
-428
-258
-57
157
475
843
1302
1834
2392
3010
3664
4364
5061
5693
6276
6790
7122
7328
7501
7488
7275
6923
6429
5810
5052
4187
3256
2346
1412
402
-499
-1317
-2065
-2691
-3232
-3610
-3920
-4193
-4433
-4631
-4691
-4688
-4701
-4714
-4630
-4478
-4322
-4217
-4051
-3803
-3486
-3135
-2809
-2270
-1725
-1139
-569
56
834
1614
2116
2580
3041
3462
3718
3795
3821
3798
3642
3226
2752
2250
1815
1341
839
308
-84
-494
-978
-1371
-1704
-1864
-2110
-2367
-2613
-2752
-2846
-3048
-3271
-3449
-3598
-3729
-3878
-3990
-3974
-3932
-3926
-3817
-3564
-3170
-2732
-2342
-1894
-1356
-835
-346
152
668
1103
1450
1679
1851
1979
2071
2076
1967
1874
1715
1532
1247
996
708
466
187
-46
-269
-487
-651
-841
-1000
-1058
-1135
-1087
-980
-877
-774
-714
-691
-678
-625
-551
-462
-364
-282
-154
37
313
656
1061
1504
1931
2381
2928
3526
4097
4690
5307
5859
6308
6658
6879
6973
6993
6872
6554
6119
5565
4821
3977
3102
2173
1251
370
-494
-1261
-1938
-2601
-3151
-3531
-3843
-4076
-4175
-4229
-4206
-4136
-4082
-4032
-3960
-3761
-3587
-3473
-3290
-3086
-2804
-2559
-2330
-1906
-1490
-1130
-687
-199
369
986
1538
1991
2402
2827
3210
3408
3452
3491
3359
3008
2591
2097
1635
1170
665
146
-376
-720
-1041
-1390
-1651
-1841
-1959
-2120
-2347
-2493
-2537
-2665
-2858
-3031
-3266
-3489
-3687
-3893
-3969
-3892
-3803
-3695
-3499
-3218
-2860
-2446
-1989
-1511
-1009
-595
-262
132
566
954
1180
1391
1646
1751
1810
1768
1651
1589
1404
1181
968
759
527
260
129
-19
-171
-262
-380
-477
-615
-677
-673
-726
-727
-694
-613
-548
-565
-550
-558
-529
-418
-387
-257
-50
171
437
725
1153
1632
2179
2750
3350
4009
4626
5222
5728
6223
6565
6781
6999
7013
6826
6459
5973
5372
4642
3784
2945
2210
1406
531
-321
-1057
-1763
-2355
-2841
-3287
-3519
-3748
-3972
-4034
-4046
-3998
-3932
-3916
-3877
-3746
-3608
-3553
-3516
-3339
-3091
-2891
-2634
-2250
-1765
-1232
-734
-258
240
803
1347
1748
2115
2517
2843
3067
3154
3122
3092
2974
2676
2310
1911
1403
812
246
-218
-592
-952
-1337
-1675
-1910
-2088
-2276
-2434
-2484
-2499
-2577
-2745
-2918
-3027
-3138
-3316
-3464
-3510
-3475
-3402
-3406
-3315
-3084
-2793
-2443
-2200
-1840
-1326
-931
-608
-275
101
427
660
884
1127
1275
1364
1461
1441
1394
1331
1174
1069
941
737
480
203
54
-77
-252
-397
-486
-512
-564
-591
-624
-680
-670
-743
-805
-780
-799
-760
-723
-698
-576
-411
-155
101
398
809
1217
1697
2240
2823
3388
3933
4536
5094
5643
6173
6582
6900
7160
7250
7107
6822
6407
5874
5186
4365
3486
2663
1813
905
43
-787
-1451
-2064
-2693
-3230
-3661
-3885
-4039
-4175
-4220
-4198
-4131
-4015
-3900
-3830
-3756
-3725
-3690
-3544
-3269
-3036
-2825
-2514
-2115
-1639
-1249
-820
-251
352
956
1452
1937
2434
2846
3122
3244
3300
3299
3190
2933
2566
2138
1667
1161
670
244
-156
-593
-1078
-1516
-1792
-1947
-2099
-2262
-2376
-2453
-2586
-2774
-2971
-3145
-3292
-3401
-3505
-3596
-3645
-3670
-3637
-3568
-3347
-2988
-2613
-2231
-1868
-1381
-904
-511
-80
322
670
917
1131
1310
1390
1427
1438
1412
1345
1273
1174
1028
834
624
436
253
74
-41
-135
-281
-400
-476
-489
-493
-513
-489
-552
-578
-549
-603
-598
-567
-495
-407
-414
-323
-122
92
360
752
1282
1795
2316
2905
3513
4124
4712
5254
5728
6160
6544
6797
6918
6962
6851
6489
5966
5377
4677
3815
2933
2149
1320
442
-392
-1180
-1866
-2471
-3006
-3416
-3659
-3856
-4084
-4273
-4322
-4189
-4106
-4020
-3868
-3692
-3409
-3302
-3262
-3041
-2850
-2699
-2528
-2285
-1877
-1387
-918
-424
173
800
1378
1838
2268
2677
2925
3138
3219
3209
3206
3017
2705
2375
2031
1615
1151
623
119
-294
-711
-1165
-1638
-1903
-2008
-2157
-2386
-2572
-2581
-2681
-2818
-2813
-2845
-2920
-3048
-3193
-3281
-3333
-3343
-3420
-3449
-3309
-3128
-2844
-2454
-2020
-1533
-1132
-770
-332
58
390
675
888
1061
1200
1369
1450
1512
1570
1433
1269
1085
868
718
509
295
133
-90
-279
-377
-491
-538
-565
-562
-574
-638
-633
-693
-698
-653
-685
-669
-622
-586
-513
-330
-96
163
432
695
1038
1453
1949
2548
3218
3896
4503
5074
5679
6242
6648
6932
7135
7196
7050
6711
6269
5723
5037
4260
3405
2520
1628
744
-149
-938
-1537
-2136
-2684
-3133
-3480
-3683
-3878
-4019
-4077
-4083
-4032
-4022
-3938
-3695
-3549
-3468
-3364
-3245
-3014
-2822
-2609
-2318
-2025
-1660
-1301
-854
-268
301
873
1392
1837
2337
2802
3046
3172
3273
3283
3155
2855
2476
2110
1670
1137
649
210
-230
-644
-1061
-1454
-1717
-1895
-2080
-2270
-2381
-2445
-2583
-2774
-2870
-2909
-3009
-3116
-3283
-3409
-3389
-3412
-3434
-3375
-3221
-2957
-2739
-2496
-2137
-1691
-1250
-874
-384
111
470
773
991
1195
1418
1587
1660
1697
1679
1613
1481
1233
1063
867
595
363
113
-40
-180
-383
-442
-464
-545
-596
-716
-836
-889
-959
-991
-1014
-985
-875
-801
-759
-669
-478
-275
-49
281
695
1185
1683
2216
2822
3454
4081
4663
5293
5884
6399
6814
7056
7218
7226
7105
6759
6274
5752
5058
4310
3472
2607
1666
654
-254
-1043
-1669
-2240
-2741
-3110
-3379
-3620
-3841
-3992
-4069
-4018
-3952
-3887
-3769
-3586
-3381
-3314
-3262
-3123
-2961
-2776
-2571
-2279
-1895
-1505
-1104
-712
-268
291
830
1333
1843
2388
2877
3191
3371
3431
3399
3240
2969
2642
2235
1808
1303
801
335
-168
-717
-1182
-1572
-1935
-2151
-2374
-2526
-2636
-2695
-2823
-2962
-3112
-3172
-3275
-3378
-3490
-3521
-3461
-3432
-3398
-3286
-3052
-2747
-2494
-2202
-1775
-1370
-1059
-679
-318
32
398
642
843
1054
1228
1354
1405
1427
1443
1400
1263
1127
967
757
580
361
174
61
-92
-196
-287
-411
-518
-624
-691
-786
-880
-934
-993
-1053
-1030
-939
-815
-707
-541
-303
-30
283
579
974
1415
1920
2388
2956
3508
4096
4669
5285
5847
6292
6678
6972
7125
7072
6827
6429
5917
5309
4619
3858
3012
2175
1298
410
-433
-1132
-1727
-2349
-2863
-3245
-3561
-3854
-4045
-4055
-4022
-3968
-3930
-3903
-3842
-3760
-3623
-3475
-3276
-3035
-2817
-2614
-2393
-2036
-1587
-1115
-637
-168
351
818
1279
1727
2170
2675
3056
3260
3395
3485
3425
3189
2854
2455
2003
1416
759
242
-178
-594
-999
-1358
-1635
-1914
-2174
-2370
-2585
-2741
-2832
-2957
-3097
-3206
-3291
-3448
-3598
-3650
-3703
-3732
-3730
-3693
-3512
-3223
-2890
-2551
-2206
-1789
-1314
-918
-517
-23
392
766
1038
1242
1442
1527
1583
1584
1504
1317
1078
842
635
530
389
220
-11
-150
-220
-322
-405
-481
-481
-509
-471
-491
-514
-615
-664
-727
-762
-748
-755
-702
-704
-599
-482
-281
9
352
840
1410
2049
2713
3354
4056
4700
5328
5838
6273
6626
6894
7044
6959
6811
6549
6172
5640
4971
4265
3439
2603
1723
817
-54
-858
-1554
-2147
-2632
-3024
-3321
-3548
-3680
-3720
-3729
-3719
-3719
-3709
-3644
-3568
-3476
-3345
-3255
-3158
-2950
-2698
-2424
-2075
-1703
-1368
-1048
-692
-241
304
840
1308
1745
2180
2618
2905
3082
3235
3267
3168
2911
2526
2130
1650
1187
706
188
-193
-628
-1047
-1415
-1705
-1959
-2178
-2443
-2511
-2597
-2718
-2875
-2964
-2998
-3090
-3189
-3378
-3484
-3473
-3446
-3408
-3395
-3214
-2936
-2662
-2425
-2145
-1766
-1452
-1153
-744
-307
89
463
789
1099
1379
1520
1595
1650
1649
1592
1461
1284
1143
937
605
273
-5
-167
-225
-341
-448
-465
-473
-469
-524
-650
-696
-713
-775
-795
-756
-702
-692
-676
-586
-465
-306
-112
113
479
947
1458
2045
2623
3212
3844
4480
5140
5730
6180
6538
6803
6933
7003
6918
6556
6078
5475
4789
4015
3160
2357
1510
640
-193
-980
-1640
-2179
-2674
-3069
-3314
-3548
-3763
-3851
-3833
-3750
-3679
-3655
-3604
-3521
-3449
-3378
-3299
-3165
-2984
-2792
-2551
-2232
-1854
-1455
-1067
-639
-137
393
909
1402
1936
2470
2880
3144
3210
3206
3244
3108
2843
2542
2174
1835
1417
922
438
36
-292
-743
-1108
-1405
-1714
-1958
-2235
-2368
-2482
-2681
-2821
-2991
-3117
-3177
-3288
-3397
-3438
-3416
-3373
-3402
-3415
-3269
-3087
-2894
-2608
-2304
-1904
-1486
-1158
-777
-362
5
290
498
659
800
854
829
880
983
1030
1031
1074
1042
871
684
423
133
-67
-252
-401
-493
-518
-478
-462
-439
-378
-295
-260
-312
-320
-328
-443
-542
-576
-540
-400
-246
-57
241
600
1043
1557
2124
2784
3431
4017
4650
5250
5739
6192
6537
6740
6866
6885
6679
6317
5907
5358
4670
3858
2984
2197
1403
593
-138
-807
-1403
-1954
-2394
-2724
-3000
-3193
-3379
-3542
-3597
-3575
-3592
-3605
-3559
-3516
-3475
-3457
-3387
-3246
-3037
-2829
-2658
-2365
-2009
-1637
-1165
-698
-207
429
1010
1449
1974
2440
2705
2937
3042
3058
3063
2912
2634
2299
1995
1698
1281
782
335
-40
-474
-913
-1233
-1436
-1626
-1851
-2089
-2317
-2515
-2721
-2934
-3119
-3232
-3314
-3466
-3617
-3633
-3562
-3535
-3462
-3337
-3158
-2895
-2628
-2267
-1866
-1525
-1167
-814
-473
-127
141
373
669
962
1193
1324
1326
1333
1372
1317
1178
1012
881
758
587
404
293
182
7
-91
-201
-311
-305
-347
-449
-529
-569
-628
-760
-842
-827
-823
-890
-888
-743
-571
-341
36
449
860
1303
1792
2277
2782
3449
4125
4721
5348
5920
6386
6749
6977
7074
7015
6758
6389
5963
5389
4685
3907
3084
2218
1284
396
-439
-1144
-1658
-2172
-2614
-2929
-3158
-3361
-3563
-3661
-3668
-3571
-3520
-3465
-3331
-3287
-3226
-3172
-3108
-2968
-2836
-2612
-2328
-1972
-1550
-1176
-808
-433
48
547
902
1262
1720
2207
2558
2794
3009
3134
3107
2926
2634
2304
1990
1577
1055
582
211
-129
-543
-1055
-1415
-1579
-1842
-2143
-2343
-2455
-2537
-2722
-2884
-3028
-3166
-3238
-3359
-3440
-3456
-3452
-3409
-3396
-3262
-3030
-2841
-2599
-2278
-1919
-1557
-1187
-834
-461
-61
242
490
768
991
1111
1216
1277
1248
1206
1164
1076
995
912
754
558
315
169
122
-25
-92
-127
-227
-282
-450
-624
-711
-814
-849
-850
-838
-779
-752
-755
-746
-677
-541
-341
-66
341
820
1292
1884
2528
3104
3724
4409
5056
5627
6111
6483
6765
6988
7106
7034
6758
6354
5841
5194
4391
3491
2632
1795
885
-5
-783
-1450
-2005
-2482
-2834
-3038
-3238
-3454
-3628
-3764
-3756
-3678
-3701
-3669
-3490
-3332
-3201
-3056
-2917
-2714
-2518
-2388
-2202
-1936
-1591
-1171
-763
-296
253
716
1123
1517
1940
2375
2609
2704
2851
2944
2833
2668
2471
2221
1901
1411
915
399
-100
-481
-917
-1306
-1542
-1709
-1952
-2214
-2360
-2425
-2517
-2717
-2910
-3037
-3222
-3462
-3640
-3751
-3754
-3624
-3495
-3344
-3095
-2839
-2621
-2354
-2046
-1720
-1400
-1123
-784
-411
-74
199
478
693
814
1001
1117
1196
1215
1215
1203
1045
908
750
619
463
248
117
-20
-102
-144
-188
-245
-321
-378
-459
-486
-519
-619
-648
-662
-688
-682
-727
-664
-516
-348
-102
117
471
928
1419
1994
2581
3210
3831
4488
5108
5707
6239
6589
6913
7052
6979
6762
6327
5804
5209
4474
3647
2804
1967
1116
270
-437
-1030
-1563
-1993
-2369
-2656
-2866
-3102
-3277
-3325
-3305
-3235
-3211
-3215
-3159
-3150
-3163
-3161
-3088
-2923
-2773
-2564
-2360
-2136
-1803
-1473
-1111
-698
-237
299
794
1257
1771
2247
2624
2825
2958
3133
3105
2920
2698
2436
2155
1769
1339
928
543
171
-252
-706
-1090
-1434
-1816
-2150
-2440
-2649
-2769
-2891
-3087
-3213
-3245
-3367
-3432
-3512
-3605
-3604
-3682
-3709
-3595
-3429
-3181
-2840
-2442
-1984
-1523
-1184
-872
-567
-249
124
363
619
885
1037
1270
1407
1426
1464
1413
1277
1104
939
715
391
61
-106
-197
-327
-371
-392
-415
-408
-488
-591
-662
-729
-785
-839
-903
-925
-844
-837
-810
-574
-329
-52
274
645
1155
1646
2158
2709
3260
3939
4597
5233
5837
6241
6598
6879
6966
6964
6823
6435
5930
5400
4732
3992
3168
2255
1344
411
-315
-914
-1539
-2077
-2521
-2799
-2999
-3226
-3371
-3443
-3509
-3439
-3354
-3468
-3479
-3356
-3301
-3206
-3093
-2945
-2699
-2491
-2253
-1878
-1526
-1244
-949
-616
-139
386
785
1197
1695
2172
2537
2816
2938
3010
3095
2939
2693
2430
2055
1579
1021
547
167
-156
-514
-889
-1141
-1303
-1527
-1839
-2092
-2228
-2362
-2634
-2896
-3067
-3201
-3367
-3590
-3663
-3626
-3583
-3620
-3639
-3504
-3325
-3062
-2829
-2611
-2213
-1750
-1383
-1019
-584
-186
84
257
514
755
903
1019
1091
1135
1155
1190
1043
837
762
622
425
214
96
64
-31
-166
-258
-346
-448
-526
-650
-783
-858
-910
-1017
-1077
-1033
-991
-927
-900
-747
-463
-223
52
417
931
1479
1997
2534
3134
3880
4636
5258
5831
6356
6726
7014
7199
7144
6928
6603
6115
5542
4897
4136
3365
2602
1766
870
-8
-722
-1311
-1927
-2458
-2818
-3104
-3281
-3348
-3422
-3443
-3378
-3373
-3421
-3371
-3282
-3278
-3267
-3176
-3006
-2793
-2602
-2319
-1905
-1528
-1150
-727
-359
98
571
992
1418
1726
2067
2404
2627
2842
2974
2966
2815
2573
2352
2065
1612
1085
605
271
-87
-511
-815
-1058
-1208
-1466
-1857
-2141
-2293
-2452
-2836
-3149
-3295
-3418
-3514
-3632
-3612
-3504
-3446
-3412
-3317
-3181
-3015
-2774
-2595
-2391
-2025
-1705
-1471
-1064
-574
-202
100
314
479
685
833
867
884
904
919
950
972
970
967
887
670
463
332
176
5
-162
-332
-421
-472
-550
-641
-765
-835
-804
-776
-750
-716
-799
-900
-862
-751
-576
-343
-4
434
967
1520
2068
2727
3406
4163
4901
5461
5990
6432
6774
7046
7153
7141
7037
6683
6104
5499
4760
3884
3032
2131
1208
356
-422
-1091
-1666
-2210
-2633
-2901
-3184
-3321
-3321
-3329
-3233
-3166
-3139
-3119
-3047
-2970
-2929
-2830
-2692
-2466
-2250
-2033
-1783
-1447
-1139
-909
-627
-351
132
586
961
1368
1636
1956
2176
2322
2532
2672
2686
2565
2394
2179
1904
1589
1237
842
429
-10
-429
-738
-1030
-1340
-1633
-1891
-2049
-2169
-2373
-2592
-2741
-2856
-3013
-3258
-3499
-3620
-3654
-3671
-3673
-3607
-3386
-3095
-2843
-2545
-2195
-1873
-1556
-1265
-993
-616
-300
-188
-8
288
481
631
759
808
888
980
977
934
895
856
741
591
554
498
298
54
-188
-366
-512
-709
-820
-887
-1000
-1012
-1012
-1090
-1046
-901
-853
-860
-781
-585
-342
-110
192
652
1181
1693
2291
3007
3743
4491
5186
5729
6222
6703
7046
7218
7275
7177
6848
6349
5824
5203
4381
3473
2617
1812
968
132
-590
-1248
-1874
-2442
-2947
-3284
-3466
-3603
-3647
-3636
-3642
-3581
-3434
-3246
-3045
-2864
-2696
-2559
-2397
-2173
-1972
-1721
-1349
-1027
-807
-611
-350
49
454
729
984
1296
1635
1953
2155
2268
2401
2445
2305
2089
1893
1748
1570
1244
877
579
256
-120
-479
-747
-912
-1096
-1408
-1747
-1951
-2118
-2473
-2942
-3257
-3383
-3482
-3587
-3599
-3485
-3391
-3400
-3385
-3185
-2889
-2706
-2611
-2388
-2002
-1626
-1333
-1045
-748
-496
-298
-125
52
247
374
363
329
425
572
637
631
658
733
755
648
510
462
435
265
-54
-384
-609
-706
-755
-823
-862
-851
-877
-954
-956
-845
-757
-777
-851
-858
-638
-295
34
504
1130
1767
2401
3117
3918
4738
5383
5830
6251
6669
7026
7128
7104
6934
6581
6151
5463
4852
4298
3541
2675
1757
946
119
-658
-1282
-1853
-2362
-2816
-3129
-3357
-3491
-3512
-3512
-3465
-3425
-3240
-3021
-2869
-2650
-2530
-2395
-2253
-2032
-1771
-1660
-1415
-1087
-716
-352
-89
268
678
997
1272
1564
1817
2034
2167
2189
2196
2200
2185
2084
1880
1672
1466
1092
622
263
-36
-345
-602
-816
-990
-1164
-1448
-1756
-1950
-2103
-2317
-2626
-2959
-3144
-3232
-3393
-3523
-3511
-3443
-3382
-3295
-3111
-2829
-2591
-2425
-2209
-1919
-1565
-1189
-922
-727
-506
-365
-310
-205
-59
74
157
186
269
396
437
475
596
643
598
581
497
317
186
47
-157
-328
-416
-485
-634
-846
-995
-1121
-1257
-1313
-1304
-1215
-1082
-1008
-909
-680
-385
-71
363
869
1430
2024
2547
3109
3777
4541
5211
5750
6290
6721
7085
7314
7275
7122
6814
6376
5809
5081
4281
3429
2598
1705
829
43
-701
-1320
-1878
-2361
-2781
-3133
-3428
-3644
-3692
-3623
-3601
-3653
-3541
-3418
-3298
-3124
-3021
-2797
-2514
-2268
-1959
-1579
-1178
-808
-434
-63
284
608
898
1139
1394
1613
1767
1937
2096
2186
2244
2309
2194
1984
1874
1769
1542
1219
905
497
156
-65
-386
-639
-882
-1184
-1433
-1670
-1913
-2123
-2358
-2670
-2926
-3092
-3238
-3395
-3526
-3545
-3502
-3481
-3398
-3191
-2963
-2732
-2452
-2166
-1916
-1672
-1417
-1185
-1001
-862
-762
-617
-384
-146
41
164
253
329
390
424
416
369
327
309
317
370
363
373
318
109
-75
-317
-542
-745
-995
-1220
-1388
-1478
-1531
-1510
-1389
-1178
-982
-793
-564
-312
50
462
1010
1648
2234
2887
3477
4062
4704
5234
5718
6146
6543
6807
6898
6899
6686
6391
5954
5352
4670
3832
3031
2236
1302
451
-237
-856
-1401
-1846
-2148
-2414
-2718
-3007
-3319
-3511
-3603
-3682
-3630
-3489
-3245
-2954
-2796
-2671
-2349
-1992
-1781
-1559
-1282
-967
-664
-449
-175
233
643
948
1145
1374
1677
1893
2006
2106
2233
2294
2137
1896
1753
1685
1568
1241
786
536
413
169
-103
-311
-481
-731
-1080
-1381
-1531
-1600
-1842
-2200
-2475
-2691
-2845
-3075
-3280
-3255
-3228
-3256
-3298
-3289
-3114
-2922
-2794
-2602
-2314
-2077
-1883
-1598
-1240
-904
-693
-572
-424
-240
-63
117
222
302
468
568
555
630
766
662
429
343
316
215
-36
-246
-410
-648
-796
-926
-1132
-1277
-1298
-1356
-1445
-1370
-1265
-1243
-1190
-1051
-829
-540
-136
332
881
1487
2077
2692
3270
3925
4630
5249
5787
6188
6528
6844
7103
7198
7099
6804
6344
5770
5078
4344
3498
2634
1788
913
154
-505
-1116
-1715
-2195
-2565
-2964
-3278
-3396
-3395
-3363
-3343
-3368
-3311
-3186
-3147
-3112
-2976
-2785
-2537
-2295
-2148
-1791
-1320
-911
-542
-241
247
722
1038
1362
1616
1870
2082
2200
2253
2311
2437
2408
2175
1957
1783
1568
1252
903
651
432
178
-75
-245
-365
-560
-844
-1127
-1327
-1622
-1993
-2324
-2666
-2891
-3029
-3118
-3190
-3150
-3073
-3128
-3117
-3017
-2777
-2562
-2450
-2191
-1907
-1735
-1561
-1294
-1074
-839
-576
-457
-383
-224
-78
-65
-68
-41
47
85
136
252
280
254
166
158
18
-72
-97
-309
-481
-745
-837
-954
-1158
-1224
-1275
-1263
-1294
-1162
-1056
-1017
-872
-702
-468
-217
92
400
825
1253
1703
2244
2766
3396
3981
4483
4884
5264
5692
6022
6263
6344
6363
6349
6030
5520
5030
4393
3655
2918
2109
1309
560
-80
-677
-1265
-1732
-2120
-2479
-2803
-2973
-3034
-3136
-3206
-3179
-3092
-2955
-2783
-2619
-2496
-2408
-2286
-2111
-1957
-1703
-1262
-882
-606
-231
147
474
818
1119
1450
1744
1897
2015
2018
1975
2096
2095
1865
1666
1473
1336
1179
917
735
612
434
151
-74
-212
-362
-504
-752
-1010
-1205
-1420
-1697
-2079
-2400
-2623
-2892
-3184
-3351
-3297
-3215
-3163
-3023
-2883
-2694
-2519
-2388
-2115
-1873
-1661
-1440
-1305
-1097
-846
-647
-501
-346
-186
-145
-129
-62
-35
14
55
25
79
75
88
243
201
131
104
-127
-346
-458
-582
-778
-963
-1077
-1206
-1318
-1408
-1463
-1441
-1429
-1360
-1190
-942
-606
-242
118
562
1108
1643
2174
2733
3305
3926
4486
4955
5438
5893
6266
6532
6672
6666
6544
6187
5647
5085
4395
3670
2853
1967
1199
493
-115
-690
-1278
-1778
-2193
-2626
-3013
-3215
-3318
-3369
-3432
-3500
-3436
-3253
-3023
-2781
-2559
-2310
-2025
-1795
-1596
-1300
-924
-588
-348
-85
290
680
992
1286
1622
1925
2139
2274
2345
2372
2384
2399
2224
1947
1788
1636
1437
1139
890
719
510
332
128
-85
-307
-663
-1061
-1301
-1479
-1750
-2029
-2364
-2682
-2830
-3045
-3334
-3391
-3288
-3222
-3147
-3042
-2831
-2483
-2314
-2140
-1818
-1600
-1437
-1285
-1092
-964
-839
-728
-661
-520
-403
-285
-257
-203
-154
-138
-128
-177
-89
-48
-23
2
-44
-123
-279
-417
-581
-705
-832
-918
-976
-1127
-1186
-1266
-1350
-1326
-1289
-1161
-1010
-843
-552
-300
-37
363
768
1157
1642
2176
2659
3179
3712
4185
4658
5089
5436
5764
5980
6077
6160
6033
5678
5261
4744
4136
3464
2700
1992
1324
575
-49
-612
-1125
-1554
-1939
-2247
-2563
-2731
-2841
-2974
-3110
-3173
-3091
-3029
-2945
-2881
-2784
-2681
-2529
-2331
-2232
-1977
-1614
-1166
-755
-440
30
537
987
1383
1729
2003
2228
2474
2610
2654
2662
2654
2580
2328
2185
2083
1771
1460
1249
1033
768
512
256
5
-239
-531
-879
-1239
-1468
-1729
-2121
-2491
-2761
-2905
-3152
-3379
-3380
-3412
-3415
-3298
-3215
-3058
-2756
-2448
-2191
-1881
-1537
-1253
-1035
-882
-686
-495
-488
-501
-406
-362
-393
-372
-288
-152
-77
-70
-2
-30
-130
-174
-238
-320
-418
-477
-558
-747
-919
-1091
-1233
-1341
-1432
-1456
-1583
-1638
-1547
-1535
-1521
-1408
-1225
-1018
-707
-308
135
646
1218
1816
2338
2850
3428
4161
4821
5233
5698
6090
6327
6489
6482
6444
6278
5926
5448
4784
4119
3449
2625
1691
803
16
-714
-1335
-1870
-2252
-2536
-2895
-3151
-3228
-3303
-3347
-3298
-3240
-3183
-3079
-2947
-2769
-2642
-2537
-2330
-2149
-1990
-1708
-1304
-923
-545
-134
282
835
1320
1702
2109
2416
2679
2857
2911
2894
2873
2851
2684
2429
2186
1949
1708
1424
1121
900
679
413
226
73
-98
-282
-545
-851
-1130
-1419
-1844
-2365
-2699
-2833
-2980
-3095
-3137
-3167
-3162
-3169
-3165
-2998
-2693
-2392
-2146
-1903
-1625
-1351
-1101
-883
-687
-519
-467
-501
-494
-482
-509
-543
-537
-456
-359
-290
-152
8
29
-10
-25
-87
-124
-120
-258
-458
-597
-799
-1039
-1187
-1270
-1384
-1528
-1597
-1618
-1575
-1475
-1324
-1013
-771
-533
-145
204
658
1140
1636
2180
2601
3101
3668
4160
4574
4973
5353
5634
5836
5946
5980
5893
5627
5256
4838
4345
3750
3053
2229
1313
408
-357
-1078
-1742
-2230
-2555
-2815
-3073
-3131
-3084
-3079
-3031
-3055
-3100
-3037
-2961
-2842
-2687
-2596
-2376
-2145
-1978
-1631
-1207
-734
-384
-109
320
733
1174
1615
1922
2240
2611
2855
2950
2987
3053
3073
2871
2588
2334
2060
1671
1230
960
730
445
232
71
-135
-337
-491
-699
-940
-1149
-1385
-1717
-2146
-2516
-2800
-3092
-3298
-3275
-3136
-3073
-2976
-2777
-2497
-2199
-1940
-1668
-1499
-1302
-1025
-842
-744
-644
-444
-271
-203
-133
-77
-72
-84
-73
-124
-237
-315
-297
-288
-368
-451
-480
-538
-621
-706
-839
-984
-1182
-1352
-1444
-1571
-1597
-1614
-1721
-1731
-1647
-1499
-1381
-1261
-1012
-697
-337
62
492
953
1321
1708
2197
2701
3231
3751
4316
4873
5340
5725
6008
6279
6389
6299
6021
5508
4972
4378
3667
2926
2187
1446
643
-124
-729
-1235
-1739
-2208
-2588
-2886
-3137
-3282
-3267
-3187
-3122
-3095
-3031
-2839
-2630
-2470
-2313
-2140
-1926
-1770
-1666
-1382
-1025
-711
-338
68
566
1129
1514
1805
2092
2305
2482
2560
2531
2522
2476
2361
2287
2245
2146
1957
1696
1393
1123
868
521
210
18
-162
-292
-423
-624
-730
-839
-1118
-1473
-1873
-2233
-2478
-2763
-3041
-3178
-3228
-3206
-3097
-2901
-2610
-2296
-1969
-1603
-1300
-1119
-979
-816
-611
-418
-361
-408
-390
-291
-189
-104
-97
-156
-179
-217
-344
-430
-453
-525
-610
-677
-739
-709
-664
-717
-777
-889
-1080
-1238
-1369
-1456
-1461
-1528
-1615
-1556
-1474
-1401
-1249
-1022
-750
-466
-194
200
736
1233
1807
2274
2677
3232
3753
4286
4688
5085
5530
5804
5981
6086
6167
6045
5682
5216
4644
3988
3254
2478
1664
889
166
-532
-1167
-1705
-2105
-2436
-2760
-2994
-3138
-3240
-3281
-3369
-3488
-3458
-3347
-3242
-3050
-2826
-2601
-2386
-2228
-2009
-1602
-1138
-759
-396
8
584
1094
1379
1771
2223
2568
2776
3026
3212
3255
3288
3157
2966
2741
2544
2364
2029
1698
1459
1229
868
516
337
204
-17
-363
-741
-1082
-1357
-1617
-1933
-2276
-2547
-2740
-2947
-3140
-3183
-3143
-3179
-3225
-3087
-2809
-2563
-2355
-2082
-1754
-1476
-1159
-854
-576
-333
-246
-189
-151
-32
91
13
-98
-142
-155
-171
-193
-247
-292
-441
-607
-602
-650
-723
-763
-864
-1078
-1245
-1234
-1226
-1264
-1344
-1375
-1368
-1458
-1511
-1438
-1347
-1285
-1168
-932
-587
-190
253
745
1248
1761
2231
2678
3225
3782
4217
4626
5064
5471
5778
5914
5925
5914
5762
5379
4897
4348
3685
2999
2287
1513
795
111
-593
-1167
-1607
-2004
-2342
-2649
-2931
-3095
-3151
-3174
-3241
-3313
-3250
-3136
-2974
-2771
-2584
-2359
-2189
-2034
-1858
-1629
-1235
-876
-581
-248
158
699
1166
1547
1927
2251
2566
2826
2980
2998
2902
2823
2697
2482
2247
2016
1775
1533
1371
1260
1068
810
606
388
145
-60
-330
-598
-855
-1162
-1469
-1757
-1986
-2226
-2454
-2701
-2871
-2886
-2966
-3003
-2949
-2880
-2698
-2411
-2093
-1772
-1504
-1294
-1032
-756
-557
-414
-343
-351
-330
-286
-337
-428
-464
-483
-493
-513
-521
-493
-518
-577
-590
-615
-622
-565
-604
-751
-829
-862
-918
-1087
-1272
-1394
-1475
-1522
-1582
-1525
-1449
-1340
-1143
-1007
-792
-445
-62
368
904
1428
1949
2505
3026
3579
4080
4547
4990
5343
5635
5746
5771
5764
5640
5410
4983
4480
3973
3386
2723
1926
1147
459
-258
-910
-1480
-2000
-2396
-2732
-3071
-3306
-3397
-3416
-3412
-3476
-3511
-3362
-3145
-2971
-2780
-2496
-2231
-1980
-1721
-1482
-1151
-787
-391
-8
345
773
1165
1536
1888
2194
2443
2600
2736
2825
2881
2935
2861
2616
2361
2193
1994
1745
1436
1118
931
680
380
153
-50
-247
-571
-878
-998
-1098
-1332
-1655
-1841
-1956
-2119
-2367
-2664
-2708
-2641
-2679
-2697
-2593
-2325
-2090
-1914
-1693
-1423
-1180
-1067
-967
-738
-514
-520
-643
-607
-430
-361
-458
-543
-556
-555
-587
-646
-689
-689
-695
-764
-808
-740
-676
-715
-745
-733
-720
-769
-899
-945
-905
-998
-1219
-1386
-1467
-1486
-1488
-1447
-1251
-972
-622
-226
214
725
1265
1837
2333
2856
3388
3828
4248
4556
4833
5152
5424
5575
5689
5811
5732
5409
4977
4489
3919
3273
2515
1700
955
233
-474
-1084
-1624
-2090
-2450
-2795
-3073
-3251
-3434
-3543
-3574
-3608
-3503
-3290
-3166
-3016
-2763
-2511
-2219
-1977
-1756
-1493
-1203
-898
-575
-248
43
471
888
1168
1539
1934
2319
2695
3003
3197
3277
3287
3171
2954
2724
2489
2227
1911
1486
1119
842
525
283
133
-20
-187
-355
-622
-884
-1144
-1528
-1921
-2315
-2577
-2814
-3050
-3116
-3085
-2951
-2834
-2708
-2547
-2301
-2016
-1891
-1689
-1429
-1240
-1072
-917
-685
-422
-242
-184
-105
74
131
58
-71
-174
-157
-200
-275
-341
-456
-528
-614
-660
-681
-722
-756
-920
-1103
-1257
-1425
-1612
-1802
-1837
-1846
-1925
-1938
-1833
-1672
-1487
-1238
-940
-596
-250
105
559
1055
1533
2040
2554
3038
3599
4192
4635
5005
5425
5817
6072
6164
6130
5986
5733
5243
4650
4026
3401
2769
1918
1081
359
-303
-974
-1624
-2162
-2664
-3031
-3419
-3674
-3712
-3699
-3663
-3649
-3521
-3333
-3077
-2934
-2837
-2613
-2442
-2282
-2085
-1774
-1351
-929
-607
-319
9
398
891
1338
1843
2364
2749
3039
3260
3425
3396
3324
3240
3012
2863
2707
2425
2060
1650
1397
1215
973
688
440
307
73
-325
-711
-1024
-1327
-1628
-2014
-2464
-2769
-3011
-3222
-3249
-3155
-3062
-3021
-3012
-2862
-2562
-2349
-2216
-1974
-1631
-1308
-1025
-741
-429
-175
-62
18
135
183
148
83
-5
-45
6
-20
-126
-167
-191
-266
-316
-365
-453
-568
-821
-1052
-1231
-1444
-1575
-1740
-1879
-1920
-1917
-1884
-1882
-1829
-1675
-1429
-1217
-1006
-672
-331
8
416
902
1438
1975
2471
2967
3616
4230
4686
5151
5544
5877
6058
6001
5951
5783
5377
4894
4374
3855
3312
2718
2021
1310
696
-13
-751
-1376
-1910
-2365
-2808
-3213
-3455
-3560
-3577
-3509
-3409
-3247
-3095
-2991
-2862
-2744
-2560
-2361
-2163
-1921
-1738
-1527
-1282
-1002
-623
-248
180
614
985
1398
1866
2345
2725
2977
3129
3203
3177
3096
3030
2931
2859
2689
2408
2127
1824
1602
1336
983
743
528
240
-181
-615
-886
-1164
-1546
-1942
-2297
-2560
-2700
-2806
-2975
-3058
-3051
-3098
-3091
-2928
-2607
-2296
-2062
-1809
-1505
-1223
-1071
-843
-543
-349
-249
-281
-280
-206
-176
-151
-146
-140
-135
-233
-359
-293
-219
-332
-414
-512
-547
-488
-676
-917
-1047
-1182
-1358
-1527
-1621
-1656
-1642
-1625
-1635
-1643
-1527
-1432
-1421
-1283
-1067
-734
-352
36
566
1145
1723
2274
2872
3574
4161
4617
5011
5393
5777
6023
6080
5969
5815
5643
5268
4715
4155
3601
2918
2140
1421
749
37
-629
-1221
-1811
-2327
-2748
-3159
-3484
-3654
-3766
-3838
-3863
-3848
-3703
-3500
-3350
-3170
-2929
-2661
-2388
-2156
-1879
-1534
-1189
-776
-374
19
535
1018
1378
1742
2105
2426
2658
2811
2976
3107
3142
3102
3022
2920
2744
2502
2262
1980
1687
1403
1063
744
501
241
-79
-437
-745
-936
-1122
-1412
-1736
-2043
-2316
-2536
-2717
-2811
-2773
-2719
-2710
-2667
-2576
-2420
-2194
-1993
-1763
-1444
-1187
-968
-691
-468
-295
-158
-168
-175
-82
-85
-205
-240
-186
-158
-169
-246
-294
-331
-465
-647
-829
-839
-831
-977
-1055
-1160
-1279
-1315
-1425
-1499
-1486
-1480
-1480
-1488
-1462
-1405
-1327
-1218
-1026
-710
-357
-8
417
999
1562
1985
2463
3083
3734
4248
4596
4907
5243
5491
5566
5556
5488
5390
5204
4776
4222
3649
3092
2483
1767
1100
427
-279
-974
-1614
-2022
-2377
-2763
-3035
-3247
-3324
-3363
-3469
-3514
-3505
-3462
-3377
-3333
-3274
-3066
-2776
-2522
-2267
-1911
-1465
-1046
-668
-246
176
566
1024
1397
1706
2094
2441
2788
3037
3174
3350
3412
3386
3269
3030
2813
2512
2109
1735
1411
1162
944
695
475
292
20
-335
-658
-908
-1096
-1362
-1692
-1984
-2233
-2421
-2700
-2919
-2887
-2880
-2880
-2845
-2740
-2415
-2109
-1875
-1549
-1168
-825
-596
-357
-99
73
116
69
82
109
45
-94
-191
-288
-386
-424
-504
-537
-555
-629
-784
-988
-1037
-1061
-1191
-1297
-1372
-1412
-1438
-1532
-1586
-1603
-1637
-1696
-1845
-1888
-1796
-1668
-1479
-1258
-902
-483
-90
406
1006
1587
2159
2742
3324
3974
4522
4901
5325
5702
5916
6089
6124
5989
5861
5624
5134
4528
3906
3275
2578
1765
937
168
-579
-1296
-1900
-2397
-2831
-3193
-3476
-3635
-3685
-3681
-3698
-3682
-3592
-3491
-3385
-3291
-3082
-2891
-2706
-2418
-2105
-1708
-1390
-1021
-629
-282
216
615
982
1379
1736
2118
2490
2836
3077
3268
3427
3473
3386
3188
3014
2714
2311
1932
1550
1263
945
721
559
339
199
-64
-352
-653
-956
-1170
-1623
-2017
-2238
-2485
-2661
-2892
-3029
-3042
-2978
-2883
-2796
-2514
-2212
-1946
-1707
-1457
-1038
-665
-449
-238
22
213
255
229
305
395
297
152
71
-35
-202
-377
-559
-716
-780
-858
-1009
-1098
-1156
-1263
-1328
-1380
-1452
-1493
-1592
-1725
-1781
-1846
-1918
-1922
-1913
-1909
-1841
-1699
-1517
-1283
-961
-568
-116
362
877
1493
2118
2706
3373
4013
4524
4981
5334
5618
5865
5940
5839
5666
5464
5190
4736
4190
3690
3165
2501
1688
917
299
-349
-1083
-1795
-2346
-2666
-2955
-3256
-3396
-3439
-3424
-3347
-3327
-3327
-3251
-3144
-3051
-2954
-2788
-2584
-2425
-2223
-1912
-1512
-1092
-719
-306
206
667
1067
1488
1898
2278
2586
2791
3004
3216
3325
3331
3176
2939
2801
2614
2304
2015
1697
1387
1132
807
506
291
66
-157
-420
-698
-889
-1089
-1385
-1669
-1836
-1975
-2213
-2497
-2746
-2868
-2834
-2828
-2801
-2573
-2289
-2014
-1712
-1432
-1092
-743
-556
-430
-215
-25
20
24
144
257
226
163
57
-38
-183
-397
-539
-722
-825
-856
-961
-1023
-1061
-1131
-1214
-1265
-1330
-1380
-1384
-1424
-1430
-1463
-1576
-1674
-1739
-1767
-1733
-1555
-1338
-1104
-759
-378
85
539
1026
1643
2217
2765
3311
3883
4461
4914
5234
5497
5727
5848
5874
5754
5495
5219
4792
4194
3550
2897
2230
1483
763
98
-544
-1106
-1697
-2162
-2472
-2877
-3270
-3575
-3762
-3880
-3972
-4019
-4049
-3888
-3621
-3407
-3167
-2850
-2579
-2361
-2113
-1868
-1491
-1142
-783
-327
70
546
1062
1491
1898
2375
2776
3053
3254
3372
3494
3503
3366
3110
2865
2670
2408
2188
1904
1606
1376
1061
776
549
301
16
-289
-561
-825
-1019
-1225
-1460
-1682
-1980
-2199
-2357
-2504
-2561
-2609
-2622
-2570
-2472
-2263
-2016
-1822
-1575
-1287
-1057
-836
-608
-355
-114
16
96
207
272
279
238
96
-80
-283
-505
-638
-695
-773
-881
-1013
-1089
-1069
-1086
-1139
-1259
-1370
-1435
-1555
-1587
-1604
-1637
-1624
-1685
-1751
-1711
-1559
-1416
-1276
-1058
-801
-445
-69
365
923
1416
1943
2528
3097
3711
4324
4869
5236
5549
5852
5957
5946
5851
5669
5301
4744
4258
3727
3155
2581
1908
1212
521
-168
-823
-1409
-1979
-2458
-2948
-3438
-3763
-3962
-3999
-4079
-4138
-4080
-3960
-3824
-3651
-3349
-3122
-2906
-2704
-2385
-1972
-1569
-1104
-743
-292
145
498
913
1341
1723
2076
2445
2670
2940
3198
3321
3424
3390
3271
3065
2879
2711
2433
2138
1794
1452
1115
746
444
256
77
-180
-506
-748
-1005
-1270
-1460
-1712
-1920
-2220
-2419
-2615
-2708
-2713
-2727
-2688
-2499
-2210
-1903
-1696
-1427
-1129
-910
-717
-444
-134
60
72
15
9
-7
-50
-37
-29
-53
-98
-195
-273
-283
-359
-568
-839
-1059
-1203
-1311
-1377
-1414
-1465
-1561
-1684
-1769
-1783
-1751
-1759
-1770
-1762
-1737
-1746
-1614
-1339
-1104
-833
-534
-71
456
1072
1667
2341
2953
3483
4012
4477
4961
5347
5717
5964
6074
6017
5829
5586
5234
4832
4193
3537
2922
2257
1516
808
191
-471
-1113
-1835
-2408
-2810
-3097
-3366
-3528
-3617
-3692
-3737
-3751
-3710
-3622
-3528
-3385
-3156
-2901
-2695
-2535
-2332
-1982
-1567
-1131
-655
-247
213
794
1209
1491
1850
2202
2556
2894
3085
3276
3460
3423
3315
3238
3081
2905
2637
2260
1995
1710
1312
973
653
371
106
-201
-393
-583
-903
-1209
-1558
-1913
-2198
-2538
-2815
-2966
-3078
-3069
-2989
-2868
-2638
-2359
-2077
-1765
-1409
-1018
-659
-364
-107
72
169
272
350
399
425
442
415
323
168
18
-94
-288
-442
-609
-738
-814
-1007
-1125
-1295
-1452
-1530
-1635
-1686
-1735
-1694
-1711
-1740
-1664
-1675
-1685
-1617
-1522
-1374
-1212
-1082
-848
-536
-242
192
786
1369
1887
2481
3148
3757
4287
4752
5176
5550
5791
5902
5883
5699
5478
5174
4655
4093
3556
2933
2294
1660
1008
380
-257
-909
-1494
-1965
-2377
-2797
-3172
-3419
-3619
-3795
-3875
-3940
-3971
-3894
-3787
-3654
-3447
-3261
-3045
-2777
-2584
-2276
-1829
-1362
-906
-474
110
668
1068
1502
1959
2377
2718
3011
3226
3385
3496
3433
3324
3150
2908
2706
2468
2218
1943
1748
1512
1156
927
690
411
50
-382
-755
-1086
-1314
-1604
-1955
-2203
-2476
-2711
-2818
-2883
-2878
-2836
-2784
-2638
-2379
-2039
-1734
-1397
-1093
-807
-459
-180
112
347
554
669
634
653
614
532
423
340
238
70
-54
-201
-322
-489
-749
-984
-1215
-1431
-1548
-1578
-1618
-1631
-1640
-1715
-1765
-1749
-1767
-1850
-1887
-1849
-1767
-1642
-1489
-1286
-1027
-726
-344
172
742
1249
1871
2553
3145
3685
4163
4617
5009
5390
5628
5706
5727
5563
5314
5047
4698
4235
3734
3143
2460
1744
994
307
-413
-1061
-1645
-2140
-2495
-2877
-3162
-3352
-3440
-3548
-3684
-3708
-3669
-3565
-3523
-3466
-3340
-3226
-3026
-2791
-2567
-2254
-1853
-1469
-1031
-563
-133
330
833
1339
1837
2279
2658
2972
3168
3353
3584
3663
3534
3356
3225
3058
2770
2403
2068
1741
1365
986
635
386
94
-235
-568
-870
-1100
-1409
-1715
-2034
-2245
-2383
-2569
-2705
-2819
-2763
-2672
-2602
-2426
-2104
-1795
-1601
-1248
-907
-597
-282
-89
153
333
440
564
626
649
623
558
478
335
156
-41
-196
-352
-553
-675
-823
-1005
-1116
-1201
-1263
-1401
-1551
-1640
-1815
-1983
-2100
-2157
-2116
-2131
-2144
-2079
-1942
-1786
-1711
-1500
-1127
-757
-349
148
671
1173
1751
2397
2995
3577
4202
4774
5245
5654
5987
6169
6183
6103
5939
5609
5115
4516
3874
3209
2454
1653
954
291
-389
-996
-1512
-1983
-2432
-2858
-3198
-3411
-3639
-3828
-3875
-3899
-3849
-3776
-3677
-3537
-3473
-3313
-3086
-2904
-2635
-2275
-1833
-1367
-991
-609
-142
377
813
1197
1637
2010
2382
2702
2918
3131
3274
3364
3257
3071
2933
2768
2577
2254
1985
1775
1507
1099
658
371
95
-196
-532
-843
-1038
-1307
-1661
-1944
-2135
-2322
-2481
-2549
-2484
-2380
-2383
-2333
-2127
-1888
-1625
-1346
-1070
-788
-459
-191
3
230
420
571
615
667
714
640
563
423
303
160
-87
-288
-466
-735
-947
-1061
-1223
-1280
-1377
-1534
-1633
-1789
-1881
-1945
-2040
-2103
-2134
-2162
-2160
-2045
-1920
-1851
-1727
-1486
-1183
-845
-534
-170
307
817
1404
2022
2590
3188
3867
4414
4881
5414
5798
6069
6169
6050
5856
5550
5121
4566
3995
3406
2726
2019
1312
634
-59
-757
-1367
-1877
-2301
-2729
-3100
-3358
-3525
-3655
-3813
-3857
-3809
-3690
-3543
-3494
-3351
-3179
-3053
-2837
-2605
-2316
-1952
-1581
-1290
-988
-542
-85
412
823
1187
1576
1904
2321
2627
2846
3074
3220
3285
3267
3217
3117
3007
2833
2621
2353
2015
1647
1223
772
301
-72
-509
-985
-1268
-1554
-1828
-2018
-2189
-2340
-2470
-2505
-2496
-2431
-2334
-2228
-2092
-1933
-1591
-1302
-1045
-690
-389
-8
279
456
642
795
852
814
772
671
559
434
318
171
25
-68
-202
-396
-627
-791
-1005
-1146
-1236
-1420
-1480
-1566
-1696
-1815
-1894
-1924
-2047
-2092
-2051
-2025
-2002
-2017
-2008
-1947
-1744
-1427
-1163
-777
-241
258
754
1319
1924
2554
3175
3755
4344
4879
5299
5641
5857
5877
5805
5691
5474
5122
4601
3975
3231
2470
1756
955
197
-422
-897
-1398
-1956
-2354
-2667
-2943
-3145
-3261
-3332
-3424
-3508
-3554
-3532
-3488
-3439
-3354
-3216
-2960
-2705
-2461
-2183
-1929
-1584
-1204
-787
-298
111
547
996
1345
1709
2046
2280
2517
2781
3039
3181
3233
3255
3149
3040
2886
2604
2324
2007
1659
1289
873
430
36
-291
-656
-1023
-1296
-1521
-1741
-1882
-1960
-2036
-2058
-2002
-1892
-1743
-1648
-1597
-1458
-1275
-1122
-902
-670
-540
-415
-242
-67
78
215
328
389
426
466
545
538
458
335
228
173
14
-148
-337
-523
-729
-970
-1110
-1288
-1426
-1536
-1640
-1747
-1892
-1957
-2062
-2178
-2225
-2218
-2225
-2244
-2139
-1984
-1855
-1680
-1375
-1004
-619
-104
407
893
1426
1969
2628
3316
3948
4449
4894
5245
5397
5551
5534
5369
5216
4971
4624
4074
3473
2906
2252
1602
957
327
-289
-893
-1404
-1907
-2374
-2732
-2986
-3145
-3233
-3284
-3319
-3305
-3247
-3159
-3071
-2982
-2872
-2717
-2506
-2275
-2061
-1799
-1451
-1174
-872
-533
-200
216
538
854
1186
1483
1819
2087
2292
2504
2693
2756
2774
2769
2688
2577
2386
2119
1849
1613
1332
922
485
151
-167
-541
-888
-1165
-1358
-1544
-1682
-1758
-1795
-1760
-1781
-1803
-1784
-1694
-1572
-1460
-1207
-970
-753
-466
-264
-91
81
230
399
561
678
707
713
725
705
680
570
483
442
260
115
-51
-334
-608
-894
-1114
-1324
-1540
-1686
-1805
-1895
-2013
-2187
-2264
-2270
-2300
-2226
-2175
-2130
-2094
-2090
-1955
-1823
-1620
-1344
-1024
-664
-239
243
666
1198
1718
2249
2790
3332
3881
4289
4705
5061
5321
5437
5425
5303
5041
4759
4307
3757
3171
2546
1891
1199
518
-96
-653
-1200
-1606
-2009
-2400
-2711
-2999
-3120
-3213
-3262
-3210
-3208
-3159
-2984
-2827
-2729
-2588
-2405
-2209
-2013
-1803
-1570
-1385
-1175
-884
-586
-227
158
438
752
1136
1416
1708
2033
2249
2442
2583
2672
2697
2656
2657
2531
2313
2049
1696
1379
1066
677
206
-183
-506
-847
-1068
-1239
-1385
-1510
-1658
-1704
-1694
-1629
-1558
-1515
-1387
-1264
-1173
-1064
-946
-789
-603
-409
-235
-70
70
253
439
521
655
735
719
722
661
639
602
503
371
191
-16
-249
-483
-717
-904
-1089
-1291
-1489
-1653
-1748
-1843
-1902
-2010
-2092
-2094
-2161
-2082
-1922
-1868
-1767
-1649
-1534
-1347
-1126
-868
-584
-290
-11
322
734
1105
1577
2092
2529
2989
3429
3886
4247
4507
4745
4837
4861
4839
4696
4414
4050
3592
3014
2429
1823
1172
555
7
-514
-1020
-1516
-1938
-2301
-2634
-2833
-2962
-3035
-3023
-2992
-3003
-2950
-2830
-2733
-2543
-2380
-2210
-2023
-1924
-1778
-1639
-1436
-1222
-1062
-748
-398
-106
266
606
955
1378
1666
1900
2071
2131
2237
2279
2271
2231
2144
2045
1855
1667
1487
1291
1111
851
577
262
-128
-521
-896
-1128
-1262
-1356
-1371
-1311
-1218
-1126
-1055
-1006
-943
-832
-691
-677
-655
-570
-493
-366
-297
-211
-101
69
231
349
496
528
591
609
542
457
278
112
-10
-93
-218
-380
-516
-669
-867
-1050
-1182
-1392
-1607
-1743
-1882
-1997
-2040
-2078
-2109
-2060
-1931
-1788
-1689
-1497
-1254
-1037
-807
-621
-455
-329
-143
117
409
786
1137
1520
1928
2314
2725
3065
3382
3655
3849
4011
4048
4070
4073
3965
3875
3664
3328
3004
2603
2114
1551
992
428
-134
-610
-1138
-1667
-2102
-2434
-2620
-2770
-2868
-2842
-2813
-2791
-2671
-2498
-2331
-2172
-2004
-1847
-1725
-1511
-1264
-1097
-881
-671
-522
-321
-133
46
275
440
593
740
855
991
1128
1293
1443
1522
1605
1715
1688
1595
1568
1453
1270
1051
794
554
244
-14
-231
-467
-599
-776
-894
-919
-1002
-1039
-1040
-1008
-916
-790
-683
-559
-439
-347
-273
-290
-246
-208
-179
-10
194
382
460
473
457
417
429
447
440
410
363
258
108
-31
-215
-378
-499
-615
-700
-859
-1078
-1304
-1540
-1732
-1928
-1992
-1978
-2005
-1929
-1912
-1839
-1686
-1599
-1451
-1274
-1045
-802
-494
-217
-71
94
265
479
711
987
1345
1675
1907
2094
2330
2610
2873
3069
3258
3356
3379
3376
3342
3296
3124
2953
2762
2518
2263
1858
1355
821
337
-128
-614
-1057
-1491
-1895
-2197
-2390
-2507
-2517
-2436
-2354
-2270
-2153
-2005
-1861
-1730
-1600
-1504
-1417
-1258
-1093
-980
-814
-617
-461
-291
-128
22
214
407
550
637
690
781
911
1000
1109
1246
1317
1336
1317
1241
1090
946
832
728
576
256
1
-127
-278
-422
-573
-624
-595
-542
-373
-271
-248
-144
-132
-130
13
58
55
118
203
281
296
369
482
478
495
481
300
171
62
-75
-205
-384
-478
-579
-684
-773
-906
-1039
-1194
-1279
-1339
-1344
-1366
-1436
-1472
-1615
-1691
-1665
-1628
-1502
-1363
-1266
-1194
-1116
-1022
-905
-778
-637
-489
-312
-126
0
163
397
584
758
981
1140
1320
1519
1622
1794
1961
2064
2214
2344
2413
2563
2699
2797
2960
2882
2783
2686
2380
2133
1817
1480
1170
796
399
-17
-414
-784
-1106
-1429
-1673
-1890
-2116
-2145
-2107
-2129
-2046
-1881
-1728
-1507
-1251
-1035
-845
-720
-623
-548
-512
-473
-439
-365
-269
-188
-60
71
174
284
391
476
581
668
681
699
710
714
611
436
400
332
266
320
331
327
224
23
-87
-219
-310
-323
-365
-352
-337
-306
-222
-104
40
157
347
481
523
551
465
383
353
329
306
283
252
199
167
109
48
31
-7
-111
-268
-377
-516
-645
-639
-753
-889
-946
-1069
-1123
-1161
-1225
-1242
-1328
-1426
-1499
-1573
-1518
-1473
-1540
-1547
-1512
-1451
-1346
-1143
-903
-669
-367
-151
25
260
429
587
748
893
1042
1181
1354
1498
1577
1577
1554
1636
1682
1732
1869
1964
2115
2215
2205
2218
2165
2125
2126
2070
1930
1704
1480
1253
940
564
192
-133
-407
-683
-956
-1220
-1460
-1602
-1738
-1846
-1771
-1618
-1515
-1411
-1266
-1084
-933
-855
-823
-796
-702
-552
-450
-386
-309
-244
-169
-119
-97
-39
44
81
101
93
47
137
262
347
444
457
438
358
296
270
203
179
147
123
115
43
-100
-175
-181
-207
-179
-47
168
381
517
593
705
787
834
925
918
913
881
706
570
404
255
165
-24
-155
-238
-407
-633
-866
-1027
-1162
-1286
-1307
-1211
-1161
-1146
-1075
-1000
-949
-972
-1025
-1016
-974
-1007
-1098
-1191
-1204
-1115
-1112
-1038
-869
-751
-584
-447
-302
-134
-12
86
154
296
404
395
424
440
457
513
568
700
851
960
955
932
1034
1022
1005
1090
1098
1149
1285
1408
1502
1627
1720
1717
1691
1699
1646
1490
1345
1159
881
635
357
180
18
-167
-222
-381
-413
-528
-610
-652
-724
-700
-721
-708
-657
-713
-678
-646
-556
-496
-522
-503
-527
-524
-573
-706
-722
-719
-711
-717
-701
-723
-615
-540
-439
-362
-256
-126
-68
99
192
252
227
259
286
261
195
125
77
53
51
-14
-44
25
99
151
274
429
540
706
817
896
959
949
931
883
813
697
515
395
291
203
78
-98
-257
-455
-636
-870
-1090
-1297
-1399
-1510
-1494
-1456
-1396
-1266
-1148
-1016
-889
-881
-871
-866
-885
-944
-1047
-1063
-1051
-988
-843
-769
-693
-592
-439
-324
-203
-17
80
223
380
498
641
722
788
875
1020
1106
1102
1122
1108
1099
1042
947
907
845
855
828
788
927
1098
1183
1310
1453
1437
1409
1388
1358
1258
1068
922
664
451
284
68
-27
-88
-93
-123
-218
-281
-386
-463
-518
-582
-572
-568
-580
-543
-498
-478
-468
-438
-411
-420
-432
-467
-539
-577
-610
-605
-550
-526
-489
-451
-428
-379
-313
-285
-223
-109
-32
82
81
44
87
75
64
16
-52
-37
15
0
-11
-29
-59
45
149
258
330
318
308
302
314
306
333
376
397
391
0
0
0
0
0
0
0
0
0
0
0
0
0
0
0
0
0
0
0
0
0
0
0
0
0
0
0
0
0
0
0
0
0
0
0
0
0
0
0
0
0
0
0
0
0
0
0
0
0
0
0
0
0
0
0
0
0
0
0
0
0
0
0
0
0
0
0
0
0
0
0
0
0
0
0
0
0
0
0
0
0
0
0
0
0
0
0
0
0
0
0
0
0
0
0
0
0
0
0
0
0
0
0
0
0
0
0
0
0
0
0
0
0
0
0
0
0
0
0
0
0
0
0
0
0
0
0
0
0
0
0
0
0
0
0
0
0
0
0
0
0
0
0
0
0
0
0
0
0
0
0
0
0
0
0
0
0
0
0
0
0
0
0
0
0
0
0
0
0
0
0
0
0
0
0
0
0
0
0
0
0
0
0
0
0
0
0
0
0
0
0
0
0
0
0
0
0
0
0
0
0
0
0
0
0
0
0
0
0
0
0
0
0
0
0
0
0
0
0
0
0
0
0
0
0
0
0
0
0
0
0
0
0
0
0
0
0
0
0
0
0
0
0
0
0
0
0
0
0
0
0
0
0
0
0
0
0
0
0
0
0
0
0
0
0
0
0
0
0
0
0
0
0
0
0
0
0
0
0
0
0
0
0
0
0
0
0
0
0
0
0
0
0
0
0
0
0
0
0
0
0
0
0
0
0
0
0
0
0
0
0
0
0
0
0
0
0
0
0
0
0
0
0
0
0
0
0
0
0
0
0
0
0
0
0
0
0
0
0
0
0
0
0
0
0
0
0
0
0
0
0
0
0
0
0
0
0
0
0
0
0
0
0
0
0
0
0
0
0
0
0
0
0
0
0
0
0
0
0
0
0
0
0
0
0
0
0
0
0
0
0
0
0
0
0
0
0
0
0
0
