0
0
0
0
0
0
0
0
0
0
0
0
0
0
0
0
0
0
0
0
0
0
0
0
0
0
0
0
0
0
0
0
0
0
0
0
0
0
0
0
0
0
0
0
0
0
0
0
0
0
0
0
0
0
0
0
0
0
0
0
0
0
0
0
0
0
0
0
0
0
0
0
0
0
0
0
0
0
0
0
0
0
0
0
0
0
0
0
0
0
0
0
0
0
0
0
0
0
0
0
0
0
0
0
0
0
0
0
0
0
0
0
0
0
0
0
0
0
0
0
0
0
0
0
0
0
0
0
0
0
0
0
0
0
0
0
0
0
0
0
0
0
0
0
0
0
0
0
0
0
0
0
0
0
0
0
0
0
0
0
0
0
0
0
0
0
0
0
0
0
0
0
0
0
0
0
0
0
0
0
0
0
0
0
0
0
0
0
0
0
0
0
0
0
0
0
0
0
0
0
0
0
0
0
0
0
0
0
0
0
0
0
0
0
0
0
0
0
0
0
0
0
0
0
0
0
0
0
0
0
0
0
0
0
0
0
0
0
0
0
0
0
0
0
0
0
0
0
0
0
0
0
0
0
0
0
0
0
0
0
0
0
0
0
0
0
0
0
0
0
0
0
0
0
0
0
0
0
0
0
0
0
0
0
0
0
0
0
0
0
0
0
0
0
0
0
0
0
0
0
0
0
0
0
0
0
0
0
0
0
0
0
0
0
0
0
0
0
0
0
0
0
0
0
0
0
0
0
0
0
0
0
0
0
0
0
0
0
0
0
0
0
0
0
0
0
0
0
0
0
0
0
0
0
0
0
0
0
0
0
0
0
0
0
0
0
0
0
0
0
0
0
0
0
0
0
0
0
0
0
0
0
0
0
0
0
0
0
0
0
0
0
0
0
0
0
0
0
0
0
827
855
858
813
705
603
510
371
227
37
-243
-494
-672
-810
-835
-826
-874
-921
-883
-753
-584
-387
-228
-87
-8
82
177
225
326
323
287
240
184
157
111
147
130
52
-60
-138
-284
-486
-540
-733
-893
-918
-967
-944
-951
-933
-864
-766
-567
-320
-49
176
348
537
733
947
1132
1245
1279
1223
1143
1041
914
797
679
470
211
38
-65
-132
-162
-211
-251
-223
-188
-172
-132
-129
-149
-114
-84
-72
-59
-87
-114
-81
-52
-22
27
61
87
36
37
53
-20
-67
-192
-330
-435
-517
-547
-606
-659
-705
-716
-683
-592
-465
-418
-399
-332
-235
-148
-45
60
110
141
216
291
292
279
301
308
296
319
361
327
245
194
168
137
102
5
-95
-130
-164
-160
-64
14
40
172
362
548
771
945
1126
1292
1390
1429
1427
1379
1207
1004
800
587
344
64
-148
-355
-569
-763
-924
-987
-1000
-959
-918
-885
-834
-788
-668
-515
-351
-221
-155
-86
-54
10
62
124
195
163
115
131
161
135
67
-91
-247
-369
-544
-722
-863
-1022
-1247
-1379
-1421
-1381
-1214
-1051
-856
-605
-294
40
300
514
720
953
1131
1280
1443
1493
1507
1462
1365
1362
1295
1140
987
789
570
352
76
-170
-311
-450
-594
-743
-795
-832
-900
-848
-755
-606
-446
-308
-134
51
149
205
250
240
260
159
114
86
-64
-103
-180
-219
-246
-343
-381
-370
-345
-379
-405
-394
-326
-269
-282
-311
-331
-334
-386
-451
-446
-406
-387
-393
-371
-338
-302
-193
-47
67
132
79
-39
-128
-214
-223
-178
-180
-181
-225
-289
-254
-189
-71
177
479
822
1182
1523
1933
2362
2688
2945
3141
3273
3269
3057
2689
2269
1778
1144
495
-72
-519
-938
-1393
-1809
-2142
-2236
-2229
-2192
-2068
-1910
-1737
-1628
-1354
-894
-541
-392
-394
-299
47
301
276
330
555
713
627
587
821
978
807
337
26
-15
-299
-907
-1475
-1747
-1942
-2346
-2761
-2755
-2448
-2308
-2296
-2035
-1386
-724
-369
-112
309
821
1165
1311
1639
2106
2200
1981
1822
1980
2231
2032
1682
1613
1658
1520
1104
800
702
392
-202
-751
-877
-877
-1242
-1752
-1886
-1598
-1334
-1257
-1062
-473
40
133
249
707
1225
1253
1014
969
1133
1087
600
208
94
16
-337
-724
-723
-633
-752
-1018
-1032
-768
-630
-641
-656
-526
-423
-548
-611
-425
-132
-85
-265
-244
0
191
141
26
96
229
191
6
-55
20
-104
-517
-844
-874
-927
-1230
-1524
-1520
-1375
-1366
-1409
-1182
-631
-96
272
759
1510
2217
2716
3267
4016
4667
4948
5008
5136
5240
4958
4277
3586
2992
2150
984
-58
-767
-1540
-2604
-3489
-3761
-3733
-3918
-4182
-4008
-3402
-2956
-2877
-2598
-1803
-1069
-912
-927
-486
231
612
535
593
1138
1585
1462
1362
1877
2346
1982
1222
989
1130
688
-449
-1463
-1688
-1968
-3104
-4116
-4084
-3477
-3680
-4431
-4210
-2952
-1852
-1745
-1613
-487
780
1102
961
1557
2540
2599
1823
1646
2410
2857
2309
1740
2160
2900
2770
2072
2039
2582
2353
1231
575
793
667
-503
-1734
-1959
-1663
-1944
-2677
-2713
-1869
-1336
-1517
-1307
-249
686
712
417
855
1596
1516
861
571
653
500
-124
-533
-192
37
-336
-653
-314
218
280
167
139
355
407
57
-94
-101
-279
-647
-968
-959
-687
-562
-742
-762
-488
-255
-268
-359
-235
-25
-107
-532
-860
-849
-890
-1290
-1711
-1823
-1645
-1510
-1651
-1649
-1285
-940
-648
-173
522
1294
1866
2304
3010
4006
4889
5365
5644
6042
6360
6290
5924
5467
4874
3955
2735
1464
353
-604
-1724
-3052
-4117
-4658
-4825
-4980
-5212
-5043
-4456
-4074
-3912
-3409
-2372
-1411
-1322
-1659
-1255
-242
231
-59
-134
536
1167
1082
980
1721
2650
2477
1530
1315
1929
1896
685
-505
-818
-1082
-2202
-3460
-3644
-3137
-3327
-4201
-4236
-2882
-1567
-1452
-1633
-750
724
1274
913
1135
2197
2577
1661
962
1730
2718
2280
1316
1617
2782
3038
2208
2045
3017
3230
1920
838
1143
1549
385
-1569
-2138
-1457
-1649
-2928
-3298
-2189
-1426
-1919
-2103
-766
776
823
90
435
1600
1739
761
371
925
962
-7
-621
-79
557
224
-395
-162
608
816
412
238
495
519
-50
-671
-735
-589
-1045
-2000
-2469
-2135
-1804
-2041
-2329
-2022
-1419
-1246
-1414
-1201
-613
-462
-887
-1089
-765
-582
-973
-1435
-1379
-1019
-941
-1071
-757
101
864
1311
2006
3217
4352
4955
5453
6348
7261
7481
7117
6847
6732
6133
4877
3607
2684
1599
23
-1435
-2221
-2847
-3988
-5184
-5510
-5134
-5079
-5484
-5411
-4600
-3994
-4033
-3854
-2884
-1965
-1945
-2215
-1698
-586
26
-33
223
1173
1952
2004
2081
2889
3762
3665
2852
2455
2663
2413
1137
-276
-912
-1314
-2464
-3928
-4427
-3994
-3983
-4723
-4867
-3688
-2383
-2107
-2071
-1035
417
832
417
675
1775
2234
1489
908
1536
2433
2357
1849
2205
3207
3502
2940
2795
3469
3692
2654
1418
1172
1256
362
-1211
-2041
-1924
-2087
-2920
-3227
-2337
-1397
-1445
-1599
-662
702
1093
706
834
1567
1730
1018
523
783
866
125
-593
-409
126
77
-319
-198
435
748
470
236
408
429
-170
-947
-1288
-1389
-1822
-2538
-2968
-2909
-2748
-2771
-2740
-2338
-1705
-1268
-1139
-1018
-680
-352
-374
-647
-787
-790
-1027
-1501
-1682
-1331
-887
-652
-207
851
2155
3155
3980
5117
6484
7504
7982
8259
8510
8447
7841
6853
5695
4409
2980
1436
-99
-1440
-2582
-3707
-4790
-5510
-5690
-5581
-5573
-5686
-5530
-4963
-4407
-4124
-3747
-2999
-2255
-1956
-1891
-1475
-578
193
380
507
1262
2238
2573
2450
2727
3404
3581
2961
2353
2346
2299
1295
-361
-1490
-1880
-2550
-3907
-4905
-4838
-4587
-5046
-5490
-4766
-3290
-2489
-2514
-2020
-514
701
728
644
1566
2660
2602
1916
2150
3257
3649
2875
2467
3374
4326
4026
3337
3598
4226
3742
2373
1617
1663
1162
-423
-1839
-2111
-2090
-2836
-3729
-3599
-2675
-2130
-2138
-1545
-256
677
831
889
1602
2128
1767
1141
927
1126
850
-38
-542
-430
-335
-678
-1015
-630
-95
-110
-265
-182
161
146
-439
-974
-1283
-1528
-2014
-2637
-2916
-2858
-2765
-2820
-2767
-2354
-1771
-1380
-1242
-913
-472
-276
-423
-606
-400
-387
-862
-1372
-1343
-756
-364
-85
634
1790
2842
3630
4798
6453
7818
8351
8474
8739
8995
8715
7725
6347
4836
3161
1251
-647
-2169
-3384
-4715
-6153
-7053
-7006
-6522
-6363
-6468
-6152
-5248
-4352
-3816
-3214
-2230
-1397
-1292
-1465
-948
262
1062
897
718
1536
2766
3160
2910
3266
4250
4460
3478
2717
3014
3069
1552
-540
-1438
-1494
-2460
-4375
-5439
-5131
-5073
-6100
-6682
-5517
-3851
-3473
-3768
-2849
-803
416
236
332
1653
2780
2438
1737
2361
3721
3945
3043
2953
4259
5156
4516
3751
4238
4909
4174
2656
2092
2298
1462
-678
-2180
-2122
-2138
-3448
-4636
-4148
-3009
-2923
-3290
-2382
-471
546
305
457
1709
2636
2149
1327
1458
1860
1294
218
-125
172
22
-670
-942
-469
42
-40
-406
-358
-108
-303
-800
-1137
-1253
-1517
-2236
-2953
-3065
-2827
-2836
-3227
-3504
-3110
-2397
-2139
-2153
-1777
-1133
-877
-1020
-889
-393
-267
-613
-754
-352
343
860
1227
2068
3321
4316
5121
6285
7755
8772
8914
8827
9115
9212
8272
6511
4898
3603
1829
-517
-2446
-3600
-4866
-6664
-7958
-7928
-7387
-7411
-7571
-6778
-5252
-4251
-3940
-3144
-1503
-336
-457
-654
326
1644
1823
1233
1371
2391
2976
2630
2473
3301
4126
3669
2529
2321
2924
2592
780
-937
-1401
-1712
-3143
-4941
-5680
-5448
-5701
-6835
-7149
-5722
-4144
-3832
-3876
-2623
-409
811
771
1247
2762
3733
3274
2787
3625
4710
4390
3291
3304
4466
4883
3971
3398
4112
4693
3735
2322
2108
2277
1168
-865
-2102
-2001
-2163
-3554
-4672
-4375
-3613
-3532
-3720
-2808
-1093
-183
-13
689
2050
2909
2541
1995
2272
2593
1961
769
202
316
60
-627
-1028
-871
-458
-524
-951
-919
-564
-454
-888
-1579
-1762
-1700
-2141
-2904
-3364
-3246
-3201
-3718
-3904
-3282
-2537
-2300
-2449
-2064
-1053
-586
-757
-568
139
546
239
79
740
1463
1585
1706
2570
3801
4559
5099
6240
7663
8336
8211
8197
8563
8433
7164
5398
4058
2842
864
-1533
-3200
-4165
-5477
-7224
-8270
-8043
-7416
-7370
-7425
-6470
-4830
-3824
-3413
-2344
-577
382
109
92
1234
2353
2057
1122
1418
2664
2925
2070
1934
3195
4039
3073
1925
2367
3115
2161
34
-1154
-965
-1328
-3310
-5155
-5215
-4750
-5597
-6785
-6153
-4231
-3395
-3869
-3405
-1139
809
817
462
1748
3620
3785
2706
2799
4237
4696
3413
2519
3405
4438
3811
2541
2624
3617
3437
1985
1244
1741
1623
-74
-1724
-1876
-1631
-2624
-4180
-4444
-3497
-3103
-3575
-3298
-1681
-244
21
220
1463
2895
3184
2710
2734
3213
3067
2163
1453
1276
965
217
-402
-458
-294
-410
-765
-990
-956
-917
-1156
-1642
-2081
-2310
-2529
-2982
-3532
-3810
-3813
-3917
-4198
-4130
-3425
-2663
-2456
-2414
-1783
-771
-240
-258
-44
621
1008
820
820
1595
2521
2809
2843
3559
4930
6077
6674
7213
7911
8295
8101
7696
7292
6468
4902
3016
1321
-257
-1971
-3656
-5019
-6216
-7331
-7970
-7841
-7374
-6988
-6407
-5284
-3993
-3115
-2192
-795
585
1078
867
1327
2389
2847
2229
1703
2339
3009
2637
1989
2397
3349
3140
1880
1273
1851
2011
554
-1362
-2018
-1960
-3013
-4980
-5961
-5570
-5498
-6480
-7018
-5841
-4076
-3535
-3757
-2719
-314
1242
1166
1313
2859
4271
4048
3267
3752
4988
4867
3491
2960
4016
4738
3691
2527
2807
3596
3000
1393
910
1394
962
-923
-2427
-2240
-1979
-3030
-4450
-4495
-3428
-3201
-3737
-3401
-1801
-472
-459
-290
1141
2714
2977
2492
2799
3662
3732
2864
2268
2334
2147
1239
250
76
241
-234
-1149
-1771
-1686
-1580
-2096
-2662
-2938
-2957
-3111
-3653
-3933
-3815
-3612
-3756
-4074
-3751
-2910
-2264
-2037
-1704
-976
-149
214
221
606
1236
1608
1409
1403
2250
3108
3317
3221
3855
5157
6027
6279
6637
7361
7686
7189
6435
5892
5073
3519
1587
-143
-1583
-3035
-4608
-6122
-7230
-7776
-7934
-7891
-7572
-6877
-5840
-4585
-3380
-2108
-696
690
1510
1530
1747
2590
3428
3299
2502
2323
2722
2789
2141
1755
2331
2843
2223
1220
1266
1983
1622
-87
-1367
-1484
-1641
-3026
-4790
-5266
-4973
-5344
-6484
-6624
-5042
-3713
-3813
-3932
-2264
165
1119
951
1723
3641
4633
3914
3401
4467
5513
4705
3154
3028
4009
3952
2544
1723
2365
2824
1767
486
582
1119
255
-1491
-2203
-1818
-2077
-3434
-4326
-3838
-3130
-3363
-3702
-2923
-1511
-836
-780
-70
1465
2645
2670
2485
3033
3722
3612
2985
2731
2708
2467
1629
752
586
576
178
-791
-1601
-1562
-1541
-2273
-3198
-3526
-3296
-3373
-4018
-4302
-4003
-3727
-4026
-4307
-3514
-2467
-2160
-2344
-1986
-788
31
-75
-157
674
1610
1698
1618
2336
3556
4082
3929
4290
5449
6507
6731
6757
7211
7627
7356
6539
5898
5083
3706
1980
216
-1213
-2726
-4380
-5740
-6913
-7922
-8397
-8178
-7746
-7371
-6766
-5656
-4208
-2938
-1726
-319
1030
1797
1928
2541
3760
4323
3882
3286
3506
3977
3531
2724
2701
3242
3003
1790
1302
1994
2185
818
-1181
-1959
-1648
-2421
-4395
-5718
-5678
-5508
-6612
-7602
-6652
-4872
-4243
-4625
-3801
-1294
660
899
1056
2751
4754
4987
4155
4536
5922
5991
4398
3414
4155
4736
3521
1876
1807
2538
1911
216
-372
299
118
-1564
-2869
-2600
-2171
-3152
-4594
-4630
-3611
-3333
-3859
-3606
-2260
-1231
-1081
-673
694
2036
2352
2203
2769
3699
3880
3444
3308
3670
3654
2854
2075
1824
1623
1043
-41
-1059
-1389
-1756
-2321
-3067
-3849
-3910
-3998
-4347
-4655
-4764
-4226
-3852
-3934
-3738
-3093
-2221
-1831
-1909
-1286
-244
277
250
397
1345
2074
2161
2293
3161
4595
4996
4791
5569
7014
7835
7542
7155
7487
7787
6979
5288
3849
2929
1394
-982
-2882
-3923
-4957
-6628
-8399
-9021
-8550
-8241
-8460
-8216
-6785
-5020
-3992
-3197
-1705
197
1334
1368
1651
3037
4312
4241
3430
3449
4503
4897
3915
3180
3804
4427
3501
1980
1888
2785
2329
228
-1381
-1413
-1462
-3118
-5254
-5855
-5457
-6070
-7617
-8105
-6680
-5145
-5129
-5278
-3633
-1038
271
403
1227
3348
4953
4711
4325
5336
6729
6396
4750
4275
5141
5329
3833
2359
2423
2680
1465
-204
-429
84
-712
-2632
-3620
-3205
-3043
-4078
-5053
-4741
-4035
-4140
-4454
-3595
-2022
-1190
-1062
-421
1053
2191
2617
2799
3305
4074
4171
3846
3750
3835
3747
3084
2371
2007
1768
1368
492
-382
-962
-1543
-2170
-3069
-3903
-4174
-4354
-4785
-5232
-5256
-4823
-4563
-4562
-4222
-3366
-2529
-2248
-1966
-1121
-367
13
234
644
1533
2187
2511
3195
4250
5135
5364
5611
6590
7803
8423
8313
8028
7913
7623
6652
5162
3656
2202
388
-1765
-3667
-5022
-6197
-7660
-9107
-9788
-9283
-8582
-8518
-8146
-6740
-4924
-3878
-3105
-1429
576
1655
1618
2009
3593
4880
4588
3753
4196
5420
5514
4457
4159
5040
5231
3758
2287
2450
3011
1786
-720
-2001
-1647
-2001
-4128
-6094
-6257
-5847
-6698
-8132
-8012
-6267
-5199
-5676
-5564
-3365
-840
-20
33
1324
3527
4654
4388
4563
5974
6901
6054
4862
5056
5839
5326
3637
2669
3025
3026
1489
-129
-267
-105
-1382
-3227
-3688
-3127
-3471
-4917
-5634
-4866
-4101
-4418
-4711
-3608
-2053
-1425
-1303
-513
1117
2252
2394
2439
3183
4250
4421
3923
3719
3895
3869
3137
2357
2022
1814
1210
40
-811
-1093
-1396
-2254
-3386
-3835
-3748
-3923
-4640
-5175
-4872
-4323
-4339
-4507
-3957
-2961
-2526
-2820
-2482
-1350
-429
-275
-355
564
1669
2111
2270
3102
4680
5389
5338
5941
7568
8895
8772
8171
8271
8624
7965
6322
4827
3833
2400
-6
-2418
-3893
-4895
-6526
-8606
-9803
-9644
-9228
-9361
-9309
-8161
-6358
-5122
-4392
-2967
-688
1011
1399
1601
2868
4486
4783
4083
3815
4666
5486
4826
3974
4204
4853
4381
2654
2014
2663
2597
1020
-965
-1477
-1408
-2722
-4936
-6268
-6000
-6051
-7548
-8561
-7595
-5958
-5662
-6044
-4971
-2432
-506
-105
328
2227
4233
4484
4092
5032
6749
7126
5877
5173
6024
6572
5461
4018
3852
4214
3373
1656
765
729
-67
-2066
-3650
-3830
-3866
-4987
-6462
-6804
-6060
-5714
-5901
-5278
-3773
-2548
-1891
-958
691
2266
3048
3465
4083
4854
5220
5023
4727
4499
4181
3636
3013
2422
1936
1294
397
-320
-956
-1415
-1848
-2606
-3418
-4031
-4356
-4713
-5191
-5490
-5452
-5404
-5436
-5166
-4554
-3820
-3462
-3122
-2168
-1055
-258
154
799
1930
2736
3182
3923
5197
6268
6455
6704
7811
9043
9359
8844
8502
8512
8059
6714
5085
3839
2521
422
-1887
-3538
-4780
-6336
-8301
-9712
-9931
-9800
-10054
-10103
-9156
-7458
-6033
-5060
-3554
-1261
776
1575
1870
3101
4858
5605
5045
4648
5395
6139
5506
4423
4515
5040
4484
2876
1931
2499
2631
1047
-946
-1637
-1447
-2500
-4807
-6103
-6141
-6472
-7847
-9052
-8206
-6701
-6383
-6696
-5925
-3355
-1348
-956
-364
1681
3937
4631
4460
5229
6823
7280
6463
5951
6735
7292
6228
4993
4673
4934
4150
2488
1510
1141
354
-1594
-3442
-4113
-4410
-5625
-6979
-7206
-6711
-6373
-6524
-5872
-4429
-3069
-1998
-992
673
2239
3073
3503
4057
4808
5151
4993
4791
4802
4613
3965
3148
2638
2371
1866
902
-106
-636
-954
-1592
-2734
-3573
-3790
-4090
-4748
-5523
-5640
-5436
-5613
-5879
-5902
-5058
-4168
-4065
-3652
-2714
-1526
-716
-509
309
1674
2727
3241
3830
5188
6528
6909
6984
7869
9160
9626
9143
8806
8937
8615
7346
5692
4414
3199
1189
-1352
-3141
-4203
-5759
-7989
-9682
-10011
-9845
-10047
-10474
-9874
-8164
-6726
-5733
-4691
-2496
99
1199
1527
2563
4421
5576
5172
4607
5277
6296
5975
4844
4489
5237
5231
3381
2031
2389
2881
1614
-975
-1848
-1161
-1765
-4161
-6367
-6414
-5959
-7304
-8835
-8427
-6711
-5978
-6714
-6343
-3862
-1512
-851
-774
918
3627
4696
4463
4996
6704
7780
6825
5947
6642
7445
6766
5061
4500
4914
4324
2648
1360
960
265
-1414
-3186
-3965
-4150
-4939
-6231
-6969
-6831
-6502
-6363
-6082
-5184
-3862
-2882
-1749
-267
1118
2405
3192
4003
4784
5015
5336
5473
5104
4551
4017
3759
3425
2687
1984
1409
856
-9
-1028
-1493
-2111
-3075
-4033
-4659
-4698
-5154
-5863
-6042
-5892
-5666
-5644
-5369
-4515
-3835
-3464
-2820
-1827
-801
-115
386
1276
2213
2994
3888
4703
5666
6482
7077
7954
8890
9677
9780
9455
9263
8963
8235
6688
4930
3291
1362
-731
-2844
-4512
-5806
-7515
-9226
-10178
-10342
-10099
-10012
-9822
-8724
-7019
-5599
-4368
-2712
-698
814
1475
2163
3677
5165
5402
4985
5172
6015
6260
5403
4720
5129
5387
4057
2459
2276
2854
2162
-185
-1704
-1623
-1887
-3633
-5814
-6388
-6133
-7186
-8771
-9007
-7681
-6690
-7159
-7069
-5014
-2471
-1285
-1085
270
2858
4393
4508
5033
6733
7937
7335
6453
6768
7577
7272
5870
5031
5009
4554
3142
1830
1361
702
-967
-2745
-3538
-3770
-4541
-5924
-6860
-6843
-6528
-6435
-6118
-5231
-4328
-3440
-2171
-628
733
1904
3096
4100
4662
4739
5111
5791
5670
4782
3970
4056
4230
3238
2083
1554
1182
300
-1001
-1620
-1866
-2878
-4325
-5075
-5007
-5237
-6129
-6805
-6632
-6133
-5942
-5654
-4913
-4057
-3635
-3276
-2308
-1227
-416
100
828
1834
2702
3787
4751
5595
6293
6857
7796
8824
9749
10135
9975
9692
9338
8772
7578
5763
3906
2095
-102
-2415
-4499
-6138
-7721
-9549
-10873
-11364
-10909
-10400
-10281
-9331
-7647
-5995
-4683
-3126
-851
864
1612
2223
3637
5587
6020
5281
5285
6134
6665
5744
4737
5209
5688
4575
2750
2251
2996
2597
106
-1949
-2129
-2270
-3643
-5881
-6794
-6315
-6975
-8519
-9069
-7796
-6447
-6856
-7388
-5806
-2961
-1392
-1295
-449
1893
3728
4023
4430
6208
7942
7776
6752
7004
8213
8279
6840
5669
5621
5293
3740
2111
1354
841
-824
-2964
-4014
-4414
-5146
-6622
-7644
-7573
-7336
-7006
-6431
-5401
-4311
-3594
-2294
-482
914
1739
2654
4002
4828
4894
5006
5610
5985
5135
4093
4080
4382
3766
2316
1424
1332
710
-614
-1617
-1870
-2256
-3657
-4819
-4966
-5094
-5790
-6810
-6983
-6349
-6189
-6193
-5744
-4802
-3854
-3435
-2714
-1472
-351
567
1273
2144
3262
4217
5209
6240
7034
7800
8674
9608
10208
10314
10344
10229
9725
8654
7080
5405
3457
1104
-1332
-3478
-5306
-7176
-9017
-10513
-11254
-11381
-11462
-11155
-10252
-8874
-7326
-5796
-3835
-1624
190
1214
2029
3474
4954
5575
5455
5405
5940
6334
5831
5195
5245
5610
5246
3813
2800
3042
3037
1529
-623
-1571
-1472
-2561
-4968
-6507
-6493
-6519
-7962
-9361
-8726
-7223
-6865
-7358
-6705
-4319
-2306
-1808
-1087
928
3249
4375
4430
5432
7213
8075
7665
7047
7885
8859
8007
6391
5609
5802
5020
2730
1054
487
-322
-2357
-4478
-5176
-5335
-6304
-7778
-8085
-7194
-6698
-6644
-6023
-4633
-3182
-2123
-968
711
2212
3139
3725
4242
4869
5347
5538
5319
4905
4671
4771
4501
3479
2622
2108
1785
868
-414
-964
-1386
-2184
-3530
-4620
-4717
-4911
-5788
-6596
-6589
-6108
-6116
-6367
-5763
-4709
-4138
-3988
-3508
-2123
-752
-220
220
1304
2686
3730
4351
5284
6704
7807
8480
9027
9995
10831
10721
10201
9661
9194
7935
5901
3954
2055
21
-2483
-4754
-6408
-8099
-9746
-10867
-11264
-11262
-10992
-10292
-8984
-7381
-6056
-4539
-2586
-690
822
1741
2892
4394
5220
5550
5490
5697
6141
5751
5240
4979
5173
5068
3787
2875
2797
2887
1958
-12
-1014
-1368
-2289
-4032
-5869
-6307
-6607
-8101
-9343
-9330
-8292
-7474
-7685
-7224
-5219
-3074
-1605
-765
786
3096
4403
4945
5595
7013
8192
7971
7622
7808
8265
8216
7235
6327
5931
5230
4012
2624
1496
434
-1477
-3472
-4764
-5672
-6660
-7985
-8763
-8748
-8447
-8004
-7276
-6079
-4626
-3164
-1630
108
1742
3036
4058
4847
5256
5398
5681
6056
5866
4878
4167
4111
4064
3388
2229
1761
1631
945
-128
-955
-1215
-2008
-3631
-4881
-5291
-5424
-6115
-7104
-7289
-6883
-6478
-6231
-5879
-4762
-3831
-3419
-2658
-1665
-334
730
1157
1899
3066
4514
5531
6023
7028
8105
9063
9805
9907
10242
10600
10097
9034
7809
6696
5218
2787
168
-2011
-3662
-5457
-7839
-9587
-10334
-10649
-11127
-11521
-10679
-9095
-7877
-7021
-5495
-2886
-620
392
1096
2622
4526
5455
5208
5033
5791
6531
6160
5155
4973
5709
5626
4306
3062
3209
3700
2431
129
-1295
-1305
-1904
-4259
-6288
-6751
-6622
-7728
-9404
-9313
-7944
-7143
-7550
-7357
-5060
-2695
-1833
-1432
215
2862
4170
4283
5170
6867
8028
7782
7306
7996
8682
8215
6969
6019
5941
5317
3790
2312
1225
282
-1416
-3362
-4632
-5427
-6174
-7289
-8194
-8106
-7420
-6968
-6651
-5777
-4449
-2949
-1546
-260
1110
2337
3487
4247
4584
4980
5247
5580
5432
4608
4226
4085
3808
3040
2069
1877
1612
777
-105
-686
-939
-1813
-3181
-3953
-4347
-4948
-5792
-6532
-6506
-6194
-6355
-6388
-5843
-4977
-4231
-3646
-2762
-1724
-799
14
652
1616
2890
3784
4540
5554
6612
7687
8603
9322
9935
10186
10331
10161
9489
8453
6854
5131
3155
892
-1279
-3478
-5497
-7646
-9552
-10472
-10979
-11232
-11225
-10712
-9411
-8036
-6661
-5128
-3283
-1156
337
1426
2627
4012
5362
5682
5442
5690
6304
6515
5584
4890
5352
5529
4543
2906
2377
2897
2326
370
-1399
-1725
-1820
-3430
-5594
-6455
-6265
-6911
-8592
-9315
-8207
-7049
-7300
-7617
-6138
-3570
-2111
-1784
-541
2066
4060
4411
4744
6435
8192
8273
7421
7497
8431
8508
7242
5991
5626
5280
3990
2282
1166
427
-903
-2865
-4465
-5171
-5715
-6818
-7922
-8092
-7501
-7030
-6680
-5725
-4217
-2814
-1683
-483
1042
2585
3592
4146
4567
4956
5402
5684
5316
4557
4060
3836
3494
2784
2103
1798
1336
299
-646
-1105
-1517
-2323
-3678
-4517
-4682
-5223
-6035
-6676
-6518
-6110
-6174
-5965
-5242
-4156
-3308
-3028
-2349
-1078
72
857
1252
2083
3427
4312
4906
5462
6487
7758
8391
8733
9060
9489
9731
9341
8534
7490
6224
4589
2557
448
-1400
-3195
-5315
-7534
-9142
-9774
-9988
-10395
-10686
-10117
-8784
-7499
-6405
-4820
-2585
-591
522
1279
2586
4350
5407
5226
4843
5319
6103
5877
4785
4393
4842
4625
3312
2187
2394
2912
1877
-227
-1211
-988
-1486
-3493
-5448
-5851
-5997
-7150
-8644
-8885
-7626
-7038
-7522
-7366
-5439
-2893
-1885
-1474
101
2430
4049
4452
5070
6506
7603
7638
7279
7601
8219
7900
6626
5789
5673
5104
3580
1822
827
7
-1481
-3273
-4616
-5226
-5957
-7107
-7933
-7932
-7299
-6570
-5861
-4972
-3645
-2074
-691
481
1550
2748
3802
4338
4526
4631
5047
5278
4647
3801
3425
3400
2912
1893
1469
1610
1219
110
-884
-1062
-1148
-2156
-3458
-4059
-4140
-4686
-5807
-6305
-6085
-5965
-5907
-5574
-4639
-3681
-3336
-2844
-1856
-624
428
1048
1814
2807
3753
4489
4955
5637
6500
7384
8163
8387
8563
9038
9177
8629
7481
6346
5415
3873
1693
-311
-1869
-3503
-5840
-8103
-9209
-9693
-10285
-10928
-10779
-9386
-8022
-7202
-5880
-3561
-1202
20
596
1929
4021
5316
5193
4815
5245
6075
5956
4894
4399
4894
5083
4103
2922
2759
3077
2420
732
-606
-937
-1389
-3019
-4996
-5893
-5996
-6764
-8242
-8831
-7870
-6740
-6702
-6879
-5644
-3335
-1824
-1483
-615
1545
3509
4073
4228
5348
6891
7342
6730
6613
7444
7780
6814
5722
5457
5181
3900
2150
971
222
-1038
-2875
-4324
-4991
-5572
-6517
-7260
-7228
-6669
-6073
-5495
-4631
-3420
-2108
-878
332
1480
2367
3203
3957
4384
4442
4539
4799
4553
3800
3257
3357
3273
2403
1620
1244
1085
524
-617
-1176
-1397
-2243
-3420
-4215
-4317
-4528
-5346
-5928
-5804
-5433
-5450
-5400
-4521
-3492
-3010
-2638
-1782
-470
525
1040
1826
2944
3955
4576
5031
5986
7131
7750
7948
8097
8527
8940
8735
7991
6919
5772
4530
2703
603
-1161
-2763
-4536
-6596
-8287
-9012
-9336
-9796
-10253
-9785
-8289
-7038
-6209
-4945
-2731
-426
489
679
1981
4204
5397
4903
4492
5478
6416
5692
4390
4443
5440
5108
3284
2366
3103
3579
1981
-363
-909
-520
-1414
-3728
-5540
-5471
-5441
-7082
-8761
-8580
-7115
-6657
-7419
-7105
-4937
-2808
-2193
-1860
-111
2404
3668
3775
4664
6481
7505
7010
6482
7218
8068
7375
5875
5350
5643
5072
3281
1748
1063
357
-1258
-3148
-4061
-4416
-5181
-6406
-6987
-6526
-6064
-5893
-5524
-4433
-2960
-1791
-741
325
1458
2539
3260
3755
3982
4165
4500
4518
4066
3490
3371
3594
3102
1968
1292
1176
765
-469
-1529
-1571
-1721
-2831
-4194
-4596
-4289
-4741
-5763
-6093
-5480
-5035
-5336
-5188
-4006
-2865
-2600
-2564
-1476
424
1427
1475
2185
3903
5272
5393
5471
6843
8391
8575
7923
7860
8570
8730
7577
6139
5320
4413
2527
175
-1486
-2546
-4103
-6343
-8151
-8700
-8632
-9102
-9889
-9642
-8128
-6754
-6171
-5117
-2785
-442
531
740
1781
3841
5249
4943
4218
4751
5846
5693
4539
4191
4888
4893
3372
1994
2404
3337
2403
-140
-1628
-1130
-1046
-3088
-5375
-5781
-5393
-6508
-8644
-8917
-6975
-5922
-7020
-7543
-5332
-2269
-1310
-1742
-524
2430
4134
3695
3729
5693
7359
6750
5534
6157
7787
7772
5952
4744
5117
5237
3754
1780
716
122
-1234
-3156
-4395
-4779
-5217
-6230
-7210
-7135
-6213
-5485
-5081
-4478
-3283
-1617
-207
694
1555
2721
3746
3898
3634
4001
4658
4560
3534
2664
2998
3303
2438
1374
1107
1464
1003
-401
-947
-486
-690
-2332
-3862
-3782
-3376
-4296
-5787
-6171
-5417
-5122
-5588
-5381
-4212
-3209
-3031
-2846
-1449
403
1385
1786
2611
4171
5356
5710
6214
7277
8232
8117
7472
7640
8359
8290
6886
5286
4500
3645
1819
-389
-2019
-2970
-4261
-6453
-8165
-8452
-8317
-8774
-9562
-9138
-7375
-6019
-5600
-4808
-2493
-68
710
714
1863
4127
5222
4473
3958
5146
6491
5840
4259
4251
5489
5357
3422
2169
2847
3443
1849
-584
-1269
-648
-1346
-3905
-5755
-5578
-5256
-6527
-8136
-7954
-6632
-6149
-6818
-6550
-4326
-2367
-1960
-1749
-111
2316
3424
3341
3960
5522
6429
6045
5550
6092
7002
6638
5434
4880
4834
4380
3039
1579
843
128
-1126
-2643
-3804
-4414
-5035
-5697
-6217
-6385
-6062
-5474
-4772
-4057
-3082
-1798
-565
305
1008
2054
3234
3776
3484
3548
4358
4748
4212
3370
3258
3491
2837
1747
1258
1301
1032
-212
-1362
-1416
-1487
-2382
-3602
-4195
-4115
-4503
-5312
-5578
-5027
-4461
-4730
-4933
-4205
-3119
-2412
-2133
-1340
109
1220
1746
2368
3754
5170
5610
5804
6690
7926
8512
8198
7953
8111
7903
6962
5587
4548
3669
1978
-68
-1595
-2747
-4081
-5898
-7508
-8160
-8310
-8522
-8906
-8782
-7597
-6424
-5611
-4510
-2787
-821
237
519
1276
3040
4567
4574
3838
4141
5284
5455
4627
4022
4607
5100
4027
2657
2429
3135
2726
667
-1021
-1089
-899
-2417
-4648
-5589
-5349
-5682
-7041
-7784
-6929
-5818
-6042
-6577
-5418
-3000
-1707
-1687
-893
1297
3239
3588
3719
5092
6769
6849
5796
5960
7026
7081
5697
4267
4084
3934
2764
1360
474
-34
-1093
-2560
-3362
-3571
-4027
-4930
-5553
-5630
-5442
-5103
-4720
-4117
-3459
-2654
-1424
-278
616
1390
2304
3144
3403
3492
3850
4292
4209
3560
3032
3078
3048
2286
1475
1089
866
157
-827
-1231
-1481
-2159
-3160
-3895
-3953
-4082
-4582
-4862
-4620
-4191
-4208
-4281
-3636
-2649
-2140
-2097
-1619
-475
593
1154
1734
2946
4241
5016
5399
6116
7342
8081
8003
7529
7398
7564
7071
5818
4383
3327
2250
557
-1287
-2559
-3434
-4771
-6610
-7812
-7831
-7733
-8163
-8433
-7563
-6087
-5304
-4748
-3477
-1447
77
337
750
2334
4150
4656
3974
3843
4925
5557
4618
3675
4106
4933
4342
2612
2045
2916
2955
1136
-728
-880
-468
-1575
-3849
-5030
-4714
-4909
-6577
-7874
-7055
-5732
-5814
-6552
-5900
-3484
-1827
-1733
-1174
835
3036
3548
3242
4270
6060
6633
5752
5319
6062
6495
5628
4310
3859
3795
2949
1486
413
-13
-635
-1868
-3156
-3874
-4097
-4402
-4934
-5230
-5120
-4788
-4225
-3615
-3077
-2260
-1200
-318
250
859
1812
2770
3118
2967
3211
3857
4057
3481
2890
3057
3002
2091
1212
1035
1189
549
-764
-1361
-1113
-1264
-2420
-3571
-3648
-3587
-4315
-5053
-4996
-4292
-4080
-4468
-4175
-3001
-2016
-1906
-1704
-614
560
1215
1735
2710
4001
4744
4910
5554
6866
7892
8024
7685
7709
7998
7676
6511
5163
4095
2850
915
-1127
-2468
-3498
-5119
-7118
-8327
-8353
-8180
-8596
-8963
-8271
-6791
-5696
-5117
-3911
-1788
-106
340
690
2160
3972
4482
3795
3693
4907
5891
5240
4159
4432
5241
4756
3255
2566
3245
3452
1757
-261
-635
-209
-1114
-3417
-4965
-4859
-4864
-6298
-7809
-7511
-6065
-5695
-6482
-6202
-4004
-1957
-1769
-1826
-107
2223
3112
2966
3617
5330
6271
5613
5052
5806
6627
6032
4641
3998
3954
3253
1843
703
105
-626
-1895
-3125
-3706
-3950
-4472
-5131
-5346
-5052
-4589
-4080
-3476
-2808
-2035
-1071
-98
595
1144
1845
2519
2758
2732
3006
3563
3701
3149
2624
2686
2787
2250
1485
1197
1121
563
-351
-940
-1123
-1582
-2617
-3521
-3651
-3569
-4052
-4713
-4703
-4211
-4055
-4227
-3945
-3056
-2365
-2227
-1876
-698
695
1467
1930
2878
4172
5083
5551
6243
7309
7999
7900
7538
7534
7675
7073
5640
4360
3496
2316
490
-1432
-2731
-3705
-5258
-7120
-8212
-8376
-8439
-8860
-8976
-8096
-6749
-5802
-5018
-3539
-1529
-160
264
863
2361
3856
4208
3872
4200
5257
5697
5007
4442
4957
5516
4759
3377
3061
3623
3188
1297
-273
-413
-472
-1964
-4064
-4983
-4815
-5265
-6729
-7543
-6793
-5866
-6115
-6572
-5612
-3691
-2526
-2311
-1641
169
1965
2580
2864
4029
5378
5755
5461
5612
6482
6892
6055
4962
4631
4518
3596
2047
923
285
-735
-2243
-3466
-4048
-4442
-5081
-5692
-5766
-5285
-4643
-4116
-3605
-2884
-1882
-824
41
659
1207
1804
2261
2481
2656
2979
3238
3067
2612
2539
2777
2608
2031
1447
1311
1079
292
-297
-657
-957
-1707
-2834
-3184
-3131
-3328
-3998
-4716
-4451
-4033
-4085
-4022
-3559
-2794
-2372
-2102
-1281
-16
1002
1584
2381
3532
4536
5197
5913
6964
7840
8007
7822
7871
7919
7415
6293
5056
4020
2807
1113
-770
-2360
-3574
-5028
-6890
-8144
-8347
-8344
-8726
-9036
-8504
-7272
-6257
-5560
-4330
-2422
-842
-212
296
1693
3430
4155
3819
3812
4815
5702
5423
4773
5002
5639
5278
4066
3482
3799
3593
2081
388
-164
-140
-1122
-3093
-4380
-4470
-4802
-6132
-7166
-6808
-5981
-6019
-6474
-5914
-4231
-2841
-2492
-2099
-651
1093
1901
2104
3016
4504
5198
4978
4978
5718
6351
5834
4775
4397
4413
3906
2766
1573
791
2
-1151
-2276
-3066
-3523
-3940
-4595
-4986
-4722
-4238
-3828
-3398
-2838
-2090
-1156
-236
378
801
1354
1857
1992
1955
2228
2717
2731
2221
1902
2063
2176
1662
933
758
727
118
-741
-1124
-1036
-1330
-2351
-3074
-2885
-2581
-2963
-3636
-3693
-3225
-3022
-3129
-3021
-2461
-1866
-1738
-1555
-654
503
1307
1909
2700
3748
4727
5480
6287
7179
7726
7780
7682
7805
7832
7102
5790
4494
3226
1743
-17
-1767
-3194
-4758
-6558
-7848
-8324
-8362
-8531
-8784
-8448
-7338
-6321
-5621
-4539
-3008
-1588
-974
-521
772
2401
3319
3092
3046
4099
5082
5019
4393
4611
5452
5211
4083
3463
3853
4149
2876
1066
531
755
28
-1905
-3328
-3390
-3470
-4626
-6002
-6049
-5099
-5128
-6070
-5999
-4506
-2947
-2524
-2411
-1175
586
1569
1643
2121
3520
4400
4186
3900
4409
5149
4985
4090
3539
3567
3283
2264
1243
772
390
-454
-1467
-2118
-2398
-2716
-3261
-3686
-3680
-3370
-3029
-2750
-2494
-2030
-1255
-528
3
459
1027
1527
1597
1588
1761
2151
2345
1870
1414
1495
1745
1554
904
506
341
32
-477
-1037
-1143
-1304
-2041
-2654
-2831
-2736
-2901
-3327
-3312
-3041
-2835
-2785
-2540
-1914
-1578
-1602
-1353
-565
305
970
1557
2308
3259
4109
4927
5885
6795
7301
7363
7409
7608
7470
6694
5586
4479
3329
1761
84
-1305
-2561
-3955
-5698
-7067
-7649
-7889
-8157
-8534
-8383
-7499
-6496
-5603
-4609
-3261
-1801
-1045
-593
494
2020
3052
2863
2660
3429
4464
4750
4172
4159
4871
5097
4301
3441
3845
4416
3493
1676
883
1240
865
-911
-2741
-3229
-3098
-4068
-5633
-6110
-5455
-5211
-6017
-6166
-4784
-3157
-2445
-2449
-1591
260
1491
1783
2033
2917
3735
3605
3276
3648
4330
4307
3493
2911
2957
2946
2417
1581
883
410
-171
-826
-1457
-2044
-2246
-2572
-3057
-3089
-2874
-2484
-2205
-2144
-1932
-1351
-575
-144
6
433
1148
1486
1371
1276
1649
2101
1726
1233
1303
1534
1389
631
246
500
403
-292
-986
-1012
-858
-1458
-2467
-2777
-2416
-2573
-3313
-3647
-3201
-2881
-3080
-3025
-2380
-1574
-1385
-1370
-716
447
1409
1774
2355
3467
4437
5003
5624
6573
7249
7241
6989
7087
7305
6867
5677
4509
3631
2402
640
-987
-2041
-3148
-4907
-6615
-7413
-7493
-7652
-8200
-8299
-7384
-6310
-5680
-5041
-3817
-2169
-1157
-1014
-478
951
2253
2416
1900
2229
3542
4300
3851
3473
4228
5120
4698
3694
3721
4489
4316
2656
1220
1170
1274
74
-1969
-2923
-2853
-3552
-5056
-5955
-5436
-4726
-5189
-5831
-5216
-3570
-2542
-2572
-2038
-437
1006
1452
1633
2592
3820
4156
3673
3529
4074
4373
3812
3012
2665
2520
2119
1499
945
488
-28
-673
-1339
-1858
-2184
-2439
-2734
-2926
-2869
-2579
-2188
-1827
-1521
-1056
-325
357
757
892
1176
1526
1571
1460
1444
1684
1623
1128
888
1063
1262
871
263
68
-88
-509
-1141
-1414
-1376
-1741
-2400
-2907
-2836
-2622
-2860
-3192
-3162
-2789
-2585
-2555
-2327
-1801
-1417
-1193
-684
121
1090
1767
2343
3069
3832
4628
5341
6145
6898
7213
7018
6838
6909
6755
5975
4727
3701
2666
1298
-161
-1522
-2613
-3946
-5592
-6794
-7210
-7156
-7408
-7864
-7604
-6671
-5678
-5010
-4263
-2867
-1543
-918
-571
439
2021
2721
2375
2182
3005
4046
4008
3457
3504
4155
4285
3501
3168
3739
4009
2985
1501
1145
1391
729
-879
-2299
-2648
-2923
-4134
-5393
-5604
-5027
-5127
-5882
-5640
-4165
-2827
-2607
-2551
-1356
328
1181
1403
2126
3294
3882
3722
3675
4168
4582
4205
3311
2824
2812
2497
1690
973
544
58
-564
-1103
-1494
-1828
-2122
-2373
-2552
-2589
-2379
-1938
-1553
-1373
-1128
-544
131
440
450
713
1241
1443
1263
1195
1613
1795
1211
725
826
1145
904
220
2
14
-275
-824
-1253
-1266
-1499
-2312
-2956
-3012
-2797
-2951
-3556
-3745
-3443
-3172
-2906
-2500
-1882
-1395
-1153
-538
453
1408
2260
2900
3511
4144
4750
5550
6377
7050
7240
6963
6937
6978
6741
6108
5016
3933
2651
1052
-389
-1590
-2722
-4227
-5807
-6806
-7139
-7263
-7656
-7842
-7344
-6424
-5633
-4987
-3892
-2398
-1282
-927
-618
462
1865
2372
1917
1829
2751
3622
3462
3117
3685
4546
4426
3419
3027
3853
4294
3110
1521
1133
1512
937
-859
-2191
-2410
-2899
-4318
-5476
-5364
-4786
-5112
-6036
-5903
-4330
-2916
-2688
-2482
-1121
571
1382
1679
2499
3697
4222
3872
3645
4088
4434
3942
3079
2561
2287
1849
1294
796
228
-477
-1079
-1453
-1767
-2092
-2275
-2319
-2429
-2526
-2253
-1611
-1175
-1163
-1040
-351
493
809
782
1010
1403
1380
1021
967
1432
1678
1160
648
682
963
705
24
-114
-85
-448
-1272
-1760
-1392
-1504
-2172
-2655
-2777
-2429
-2483
-2780
-2669
-2401
-2133
-2154
-2026
-1467
-994
-725
-401
278
1180
1971
2673
3386
4040
4705
5552
6381
6879
6923
6823
6880
6857
6408
5328
4149
3216
1923
249
-1300
-2424
-3523
-5122
-6529
-7247
-7447
-7531
-7845
-7718
-6895
-5975
-5281
-4484
-3064
-1533
-754
-541
163
1523
2481
2397
2050
2665
3602
3659
3132
3179
4172
4642
3853
3075
3408
4259
3830
2219
1255
1412
1424
-30
-1873
-2391
-2343
-3167
-4739
-5607
-5020
-4546
-5348
-5962
-5173
-3575
-2739
-2798
-2049
-459
746
1160
1499
2648
3751
3806
3357
3386
3939
3989
3331
2666
2325
2120
1591
880
376
-38
-592
-1292
-1815
-2094
-2281
-2418
-2530
-2582
-2525
-1971
-1149
-703
-574
-275
560
1290
1455
1420
1653
2063
1725
990
882
1210
1138
326
-383
-177
297
41
-618
-771
-478
-642
-1361
-1670
-1395
-1431
-2136
-2725
-2596
-2322
-2494
-2765
-2612
-2125
-1841
-1844
-1588
-972
-524
-351
-8
774
1718
2427
2993
3745
4604
5401
6233
7027
7446
7438
7318
7285
7036
6181
4961
3882
2755
1108
-731
-2092
-3146
-4577
-6329
-7520
-7687
-7568
-7883
-8046
-7297
-6119
-5340
-4777
-3639
-1937
-730
-479
-194
1040
2457
2736
2206
2293
3192
3705
3243
2845
3450
4163
3786
2854
2783
3664
3898
2657
1378
1326
1575
664
-1105
-2155
-2221
-2742
-4225
-5329
-5105
-4537
-4949
-5770
-5493
-4136
-3072
-2880
-2594
-1393
-32
569
917
1796
2855
3345
3253
3291
3801
4118
3795
3213
2743
2385
1850
1052
360
-179
-784
-1376
-1783
-1957
-2083
-2232
-2153
-1973
-1850
-1552
-1084
-632
-349
-175
230
830
1172
1213
1253
1463
1537
1137
832
947
1018
587
-103
-225
-53
-210
-612
-933
-824
-783
-1159
-1445
-1412
-1281
-1606
-2201
-2342
-2187
-2131
-2290
-2367
-2125
-1886
-1794
-1609
-1135
-585
-238
96
750
1662
2522
3231
3901
4738
5660
6497
7298
7859
8129
8131
7913
7505
6569
5363
4111
2643
1027
-779
-2403
-3748
-5201
-6625
-7770
-8283
-8357
-8501
-8366
-7614
-6502
-5569
-4808
-3547
-1910
-805
-510
-70
1172
2359
2510
2013
2286
3312
3746
3242
2839
3543
4298
3889
3042
3048
3917
3952
2679
1542
1393
1470
435
-1202
-2086
-2309
-2888
-4240
-5188
-5066
-4818
-5180
-5727
-5305
-4118
-3320
-3008
-2537
-1386
-223
402
987
1800
2692
3073
3053
3242
3571
3695
3291
2722
2370
2014
1490
864
269
-365
-1009
-1485
-1819
-2148
-2421
-2460
-2345
-2195
-1979
-1520
-863
-433
-202
181
909
1562
1638
1523
1589
1782
1566
1012
821
873
767
112
-543
-395
-200
-516
-1051
-1249
-904
-852
-1282
-1584
-1485
-1299
-1570
-1899
-1771
-1562
-1548
-1687
-1675
-1319
-1055
-957
-831
-593
-105
254
558
1191
2056
3015
3709
4300
5129
6080
6987
7399
7486
7723
7890
7676
6860
5806
4898
3765
2225
360
-1323
-2575
-4046
-5772
-7153
-7758
-7881
-8312
-8697
-8320
-7319
-6328
-5704
-4684
-3030
-1563
-794
-370
678
2056
2710
2519
2326
2917
3517
3356
2959
3094
3798
3922
3267
2905
3403
4053
3487
2180
1555
1616
1162
-386
-1843
-2326
-2596
-3682
-5078
-5558
-5069
-4846
-5580
-5958
-5078
-3769
-3205
-3256
-2504
-1104
-182
142
583
1857
2972
3166
3060
3336
3965
3969
3446
2952
2604
2239
1530
805
201
-408
-1108
-1697
-1999
-2273
-2524
-2534
-2395
-2407
-2326
-1793
-1018
-347
-3
298
976
1646
1864
1937
2128
2205
1891
1328
1077
1092
732
104
-358
-360
-369
-739
-949
-902
-781
-1042
-1390
-1311
-1234
-1467
-1819
-1876
-1767
-1829
-2020
-1884
-1575
-1539
-1533
-1428
-972
-465
-241
119
751
1515
2126
2782
3549
4201
4956
5776
6597
7173
7339
7506
7608
7444
6796
5798
4887
3795
2240
367
-1260
-2437
-3791
-5605
-7200
-7842
-7889
-8167
-8621
-8375
-7236
-6123
-5532
-4834
-3413
-1786
-944
-749
-53
1341
2269
2099
1745
2285
3223
3342
2831
2905
3719
4116
3498
2908
3392
4100
3582
2157
1384
1583
1382
-19
-1539
-2062
-2293
-3407
-4922
-5456
-4968
-4804
-5460
-5747
-4779
-3389
-2748
-2567
-1754
-281
816
1212
1724
2761
3662
3796
3572
3819
4398
4444
3847
3268
2982
2621
1927
1110
346
-429
-1185
-1829
-2344
-2762
-3057
-3080
-2936
-2863
-2665
-2036
-1184
-639
-463
-47
822
1507
1588
1508
1785
2114
1813
1136
936
1109
769
-156
-717
-497
-271
-710
-1351
-1430
-1129
-1210
-1632
-1719
-1436
-1365
-1712
-2041
-1955
-1741
-1830
-2034
-1923
-1581
-1423
-1468
-1324
-891
-476
-159
308
1056
1915
2668
3292
3965
4870
5923
6765
7193
7381
7549
7619
7381
6799
6005
5051
3827
2289
622
-932
-2407
-4014
-5679
-7004
-7776
-8224
-8554
-8602
-8132
-7247
-6349
-5562
-4479
-2896
-1453
-723
-304
552
1756
2454
2312
2063
2629
3511
3517
2896
3058
3962
4248
3656
3188
3809
4423
3790
2391
1600
1960
1552
-101
-1560
-2033
-2217
-3494
-5041
-5525
-5115
-5056
-5823
-6102
-5132
-3890
-3451
-3249
-2267
-800
128
528
1315
2545
3400
3577
3737
4284
4717
4540
4049
3744
3475
2830
1960
1276
623
-347
-1305
-1812
-2152
-2703
-3201
-3303
-3172
-3075
-2917
-2383
-1458
-672
-386
-68
796
1657
1796
1568
1703
2009
1766
1012
491
495
435
-130
-737
-843
-699
-869
-1281
-1436
-1295
-1221
-1355
-1583
-1708
-1721
-1744
-1788
-1906
-2057
-2047
-1983
-1928
-1772
-1626
-1411
-1035
-657
-179
519
1259
1895
2584
3551
4514
5180
5899
6783
7419
7618
7540
7635
7847
7461
6309
5057
4119
2997
1282
-699
-2154
-3297
-4952
-6642
-7579
-7683
-7852
-8432
-8500
-7723
-6586
-5820
-5239
-4037
-2371
-1195
-833
-347
914
2138
2288
1829
2077
3134
3737
3283
2892
3531
4356
4095
3274
3358
4185
4163
2886
1779
1784
1914
841
-967
-1936
-1955
-2565
-4244
-5473
-5292
-4843
-5367
-6177
-5918
-4733
-3896
-3813
-3463
-2193
-807
-213
133
1156
2481
3082
2935
3190
3981
4463
4189
3582
3397
3261
2754
1951
1162
542
-305
-1250
-2031
-2576
-2865
-3039
-3179
-3275
-3142
-2682
-2013
-1392
-936
-490
146
840
1250
1447
1738
2026
1997
1758
1675
1699
1453
891
410
228
95
-307
-887
-1215
-1258
-1442
-1769
-1764
-1363
-1205
-1673
-2005
-1655
-1311
-1472
-1747
-1682
-1309
-1171
-1403
-1369
-845
-327
-101
146
857
1905
2795
3461
4193
5131
6201
7156
7753
8005
8143
8307
8235
7614
6635
5602
4426
2925
1101
-661
-2010
-3358
-5063
-6662
-7636
-7981
-8210
-8690
-8852
-8179
-7107
-6274
-5576
-4459
-2908
-1634
-1026
-467
697
2017
2413
2083
2164
3000
3581
3152
2751
3309
4143
3795
2816
2736
3501
3884
2646
1328
1372
1641
765
-1105
-2023
-1879
-2407
-4027
-5359
-5260
-4814
-5383
-6340
-6122
-4829
-3954
-3999
-3769
-2434
-987
-407
-35
1131
2542
3057
2907
3163
3958
4437
4145
3575
3291
3118
2585
1752
1045
479
-302
-1225
-1917
-2392
-2836
-3142
-3140
-3005
-2937
-2637
-1951
-1246
-722
-316
216
983
1478
1555
1704
1989
2144
1999
1708
1628
1461
947
517
281
54
-157
-347
-462
-623
-922
-1099
-1076
-1160
-1459
-1718
-1717
-1683
-1943
-2303
-2349
-2111
-1980
-2046
-1905
-1324
-694
-341
107
1065
2214
2978
3471
4276
5367
6359
7147
7732
8230
8505
8293
7969
7695
7034
5906
4493
3064
1695
126
-1454
-2901
-4425
-5861
-7049
-7827
-8089
-8306
-8502
-8171
-7379
-6504
-5661
-4563
-3003
-1711
-1202
-643
577
1894
2475
2275
2238
2975
3587
3256
2864
3229
3980
3922
3006
2726
3378
3816
2981
1710
1400
1618
1084
-510
-1765
-2031
-2432
-3797
-5223
-5450
-4948
-5149
-6062
-6228
-5164
-3962
-3699
-3624
-2565
-1079
-167
96
850
2218
3051
3055
2945
3498
4179
4156
3587
3100
2919
2599
1933
1208
620
-37
-898
-1770
-2424
-2832
-3046
-3085
-3177
-3394
-3379
-2817
-2042
-1560
-1285
-712
136
696
949
1243
1843
2150
1779
1460
1557
1822
1459
613
118
38
-11
-367
-629
-582
-672
-1206
-1586
-1405
-1144
-1204
-1613
-1723
-1576
-1485
-1468
-1528
-1411
-1337
-1305
-1083
-671
-192
212
663
1267
2039
2969
3996
4871
5476
6100
6962
7800
8140
8052
8011
8050
7612
6487
5262
4331
3175
1319
-681
-2038
-3004
-4433
-6333
-7681
-7937
-7876
-8246
-8487
-7780
-6577
-5787
-5132
-3726
-1804
-582
-370
-41
1211
2587
2918
2490
2568
3364
3772
3309
2933
3406
3956
3542
2660
2569
3270
3390
2307
1117
931
1104
394
-1024
-2074
-2390
-3029
-4407
-5526
-5633
-5245
-5679
-6535
-6472
-5398
-4322
-4028
-3724
-2593
-1075
-25
473
1233
2420
3281
3344
3252
3686
4169
4083
3431
2870
2590
2151
1537
737
8
-624
-1324
-1900
-2392
-2723
-2877
-2948
-3019
-3104
-2878
-2290
-1694
-1371
-1020
-324
445
925
1025
1301
1952
2244
1968
1559
1619
1863
1415
691
350
310
70
-617
-990
-854
-792
-1041
-1419
-1448
-1291
-1374
-1615
-1727
-1631
-1567
-1660
-1707
-1546
-1354
-1276
-1173
-880
-385
168
728
1465
2452
3532
4529
5332
6132
7239
8341
8827
8723
8592
8681
8529
7579
6114
4859
3794
2243
133
-1697
-2824
-4012
-5804
-7422
-8010
-7990
-8301
-8879
-8701
-7532
-6424
-5862
-4980
-3267
-1597
-930
-741
247
1877
2696
2402
2309
3190
4099
3913
3264
3510
4321
4285
3357
2855
3350
3737
2921
1601
1173
1425
868
-773
-2124
-2454
-2737
-3898
-5294
-5768
-5458
-5506
-6170
-6351
-5414
-4216
-3731
-3563
-2697
-1216
-149
253
793
1910
2982
3290
3199
3457
3949
4099
3769
3248
2822
2407
1777
987
240
-400
-983
-1584
-2213
-2750
-3007
-3015
-3106
-3366
-3379
-2830
-2084
-1701
-1520
-936
11
693
848
1024
1669
2204
2008
1536
1531
1882
1753
947
321
294
222
-350
-932
-984
-897
-1215
-1623
-1644
-1396
-1316
-1508
-1582
-1376
-1269
-1382
-1416
-1238
-1071
-1038
-897
-605
-320
66
616
1243
1976
2785
3606
4436
5279
6175
7109
7925
8408
8515
8527
8535
8121
7060
5747
4555
3203
1332
-673
-2188
-3382
-4926
-6768
-7959
-8147
-8173
-8602
-8820
-8086
-6824
-6010
-5430
-4124
-2312
-1135
-839
-349
1107
2557
2766
2357
2704
3693
4079
3516
3176
3842
4417
3837
2978
3067
3704
3490
2175
1188
1200
1028
-208
-1786
-2606
-2876
-3688
-4999
-5765
-5725
-5613
-6019
-6468
-6065
-4992
-4160
-3768
-3193
-2066
-842
4
696
1592
2563
3178
3388
3580
3922
4181
4089
3635
3092
2641
2198
1716
1050
244
-464
-1090
-1791
-2501
-2906
-3064
-3130
-3320
-3471
-3048
-2251
-1627
-1540
-1296
-403
454
748
649
1086
1855
1911
1436
1168
1444
1715
1196
399
262
390
83
-497
-780
-591
-570
-980
-1171
-960
-846
-1054
-1397
-1530
-1433
-1565
-1788
-1674
-1449
-1360
-1314
-1201
-887
-427
112
790
1439
2198
3199
4130
4931
5780
6680
7561
8335
8572
8451
8476
8401
7759
6353
4968
3892
2495
556
-1502
-2918
-4096
-5759
-7424
-8211
-8220
-8391
-8880
-8880
-7920
-6556
-5547
-4708
-3283
-1587
-591
-135
693
2037
2938
2880
2627
3145
3925
3886
3415
3325
3779
3963
3220
2666
2987
3401
2912
1617
919
973
586
-663
-2037
-2591
-2835
-3806
-5113
-5692
-5479
-5386
-5844
-6206
-5611
-4421
-3756
-3578
-2923
-1697
-591
93
645
1516
2543
3101
3222
3457
3879
4154
4081
3740
3312
2875
2478
2071
1428
539
-263
-865
-1537
-2378
-3001
-3132
-3145
-3442
-3691
-3274
-2356
-1770
-1690
-1332
-328
597
864
957
1453
1961
1892
1526
1528
1836
1772
1153
575
476
471
64
-487
-644
-562
-756
-1155
-1277
-1163
-1275
-1608
-1707
-1509
-1396
-1531
-1644
-1528
-1371
-1344
-1301
-1093
-761
-429
-3
752
1607
2331
3183
4116
4913
5741
6702
7632
8179
8181
8079
8132
7915
7075
5883
4833
3769
2165
240
-1301
-2411
-3831
-5772
-7296
-7833
-7990
-8400
-8883
-8641
-7525
-6479
-5827
-4814
-3149
-1542
-743
-355
703
2275
3110
2923
2787
3369
3973
3809
3320
3449
4110
4198
3404
2883
3367
3837
3079
1632
956
1098
683
-819
-2317
-2860
-3094
-4128
-5542
-6021
-5607
-5527
-6101
-6362
-5553
-4287
-3669
-3537
-2778
-1328
-215
230
748
1797
2812
3149
3104
3332
3802
4019
3788
3366
3009
2627
2135
1619
1004
287
-357
-1010
-1806
-2539
-2855
-2777
-2833
-3256
-3473
-2954
-2021
-1461
-1320
-868
-4
599
774
1010
1569
1954
1643
1084
1037
1336
1265
690
170
87
13
-453
-846
-747
-593
-815
-1178
-1221
-1000
-1013
-1343
-1517
-1363
-1215
-1304
-1404
-1253
-1053
-1069
-1134
-929
-499
-110
231
795
1660
2583
3425
4328
5311
6200
6961
7665
8121
8180
8120
8148
7911
7018
5722
4539
3398
1820
-137
-1811
-3025
-4388
-6123
-7509
-8009
-8145
-8581
-8980
-8540
-7381
-6421
-5849
-4809
-3014
-1451
-819
-348
918
2501
3206
3014
3105
3924
4485
4106
3623
3960
4546
4242
3217
2723
3132
3365
2580
1467
1043
976
205
-1281
-2447
-2882
-3377
-4591
-5862
-6151
-5770
-5838
-6411
-6394
-5380
-4221
-3638
-3151
-2055
-687
187
470
1083
2165
2868
2964
2934
3427
3938
3967
3780
3533
3307
2863
2275
1661
927
130
-693
-1481
-2224
-2806
-3079
-3122
-3253
-3503
-3452
-2862
-2082
-1602
-1273
-678
162
761
958
1190
1692
1957
1660
1277
1252
1401
1072
438
171
192
180
-169
-492
-416
-442
-690
-1021
-1098
-910
-1072
-1358
-1438
-1481
-1521
-1595
-1611
-1567
-1525
-1520
-1385
-939
-510
-192
296
1010
1893
2889
3810
4661
5533
6358
7141
7736
7969
8087
8294
8258
7571
6435
5390
4434
3041
1159
-592
-1892
-3254
-5091
-6809
-7629
-7848
-8315
-8933
-8793
-7754
-6736
-6144
-5237
-3527
-1817
-1041
-778
88
1605
2656
2697
2579
3158
3935
3971
3510
3579
4235
4421
3677
2923
3067
3535
3098
1822
1008
1044
769
-532
-1922
-2442
-2688
-3716
-5183
-5829
-5508
-5365
-5930
-6262
-5553
-4421
-3831
-3571
-2789
-1481
-480
-49
494
1554
2548
2870
2849
3110
3569
3716
3465
3155
2915
2582
2110
1578
971
264
-441
-1102
-1829
-2560
-2951
-2922
-2933
-3280
-3507
-3096
-2349
-1919
-1762
-1277
-442
172
407
768
1479
1976
1791
1347
1360
1738
1668
1011
567
631
567
-28
-582
-507
-299
-556
-890
-871
-676
-701
-1020
-1188
-1089
-1218
-1540
-1600
-1413
-1294
-1358
-1369
-1094
-651
-227
260
938
1735
2501
3298
4188
5065
5905
6792
7587
7994
8025
8044
8164
7920
6935
5621
4566
3540
1929
-89
-1692
-2873
-4408
-6293
-7580
-7852
-7882
-8398
-8756
-8171
-7151
-6395
-5725
-4522
-2782
-1483
-998
-293
1150
2490
2910
2791
3124
3936
4332
4038
3788
4097
4340
3850
3085
2862
3206
3226
2339
1362
1085
918
96
-1218
-2256
-2676
-3204
-4372
-5443
-5712
-5593
-5830
-6374
-6313
-5305
-4312
-3906
-3399
-2322
-1091
-283
190
979
2097
2826
2989
3139
3571
3944
3922
3679
3418
3048
2531
1943
1298
613
-57
-715
-1406
-2100
-2673
-2972
-3004
-3083
-3355
-3375
-2812
-2103
-1738
-1473
-867
-56
460
658
1084
1770
1998
1500
1078
1286
1522
1082
410
245
333
160
-312
-481
-233
-290
-683
-1001
-961
-837
-1171
-1498
-1520
-1452
-1510
-1744
-1668
-1412
-1370
-1330
-1113
-660
-203
236
876
1662
2546
3492
4417
5300
6210
7120
7877
8322
8494
8530
8465
8177
7404
6180
4856
3583
2088
285
-1414
-2728
-4061
-5765
-7235
-7921
-7991
-8243
-8674
-8340
-7280
-6212
-5624
-4745
-3001
-1471
-854
-504
622
2093
2673
2434
2444
3164
3779
3579
3159
3460
4100
3990
3216
2920
3446
3699
2889
1754
1352
1334
556
-961
-2094
-2524
-3155
-4441
-5554
-5733
-5474
-5697
-6265
-6219
-5313
-4330
-3791
-3264
-2289
-1156
-350
218
957
1854
2509
2799
3004
3319
3635
3805
3765
3484
3008
2493
2019
1467
678
-245
-979
-1489
-2121
-2886
-3286
-3200
-3194
-3534
-3674
-3143
-2312
-1857
-1683
-1084
-34
665
779
1052
1790
2291
2129
1868
2038
2284
1999
1356
1011
977
644
-25
-406
-361
-448
-896
-1239
-1151
-988
-1177
-1513
-1538
-1332
-1352
-1607
-1679
-1500
-1408
-1478
-1397
-1075
-734
-372
228
1044
1822
2581
3539
4603
5489
6221
7029
7810
8205
8183
8107
8087
7727
6736
5472
4416
3380
1842
-64
-1654
-2820
-4192
-5930
-7294
-7806
-8018
-8504
-8846
-8337
-7209
-6296
-5695
-4626
-2904
-1446
-762
-154
1068
2368
2870
2755
3004
3795
4230
3866
3433
3823
4322
3976
3204
2984
3458
3327
2258
1259
1027
1048
166
-1277
-2251
-2639
-3236
-4442
-5466
-5714
-5641
-5906
-6276
-6061
-5206
-4376
-3899
-3317
-2288
-1154
-356
282
1121
2007
2580
2911
3351
3843
4030
3923
3857
3833
3503
2874
2290
1737
891
-176
-1031
-1624
-2340
-3236
-3807
-3805
-3715
-3924
-3974
-3338
-2364
-1720
-1343
-663
349
1079
1266
1388
1847
2238
2027
1505
1348
1527
1420
910
488
415
353
18
-368
-529
-563
-729
-1054
-1353
-1448
-1367
-1256
-1270
-1507
-1557
-1303
-1039
-1087
-1323
-1122
-777
-630
-554
-142
770
1559
2132
2880
4018
5214
6018
6714
7616
8406
8566
8292
8208
8222
7530
6006
4464
3317
2051
210
-1656
-2915
-4029
-5584
-7094
-7804
-7880
-8029
-8314
-8049
-7040
-6038
-5472
-4661
-3187
-1831
-1156
-616
434
1751
2450
2381
2530
3306
3895
3707
3314
3598
4279
4265
3523
3156
3534
3692
2851
1657
1135
1022
293
-1164
-2380
-2812
-3208
-4345
-5583
-5882
-5545
-5589
-6096
-6192
-5408
-4393
-3886
-3490
-2517
-1246
-325
278
1028
2049
2931
3363
3582
3888
4208
4301
4060
3596
3064
2567
2094
1471
635
-215
-859
-1371
-2083
-2921
-3328
-3262
-3275
-3640
-3905
-3428
-2545
-2103
-1929
-1292
-249
477
587
792
1558
2172
1995
1529
1537
1850
1718
1117
744
752
600
80
-335
-352
-353
-708
-1173
-1354
-1325
-1436
-1681
-1763
-1653
-1629
-1740
-1716
-1487
-1292
-1250
-1161
-897
-568
-217
314
1055
1843
2622
3504
4428
5187
5927
6871
7736
8085
7993
8019
8261
8028
7079
5988
5076
4022
2324
265
-1251
-2396
-4091
-6186
-7696
-8213
-8316
-8680
-8990
-8545
-7458
-6451
-5700
-4586
-2885
-1393
-706
-249
774
2094
2780
2704
2742
3411
4028
3828
3342
3563
4172
4032
3176
2785
3228
3436
2622
1500
1097
1123
457
-1033
-2289
-2764
-3214
-4315
-5460
-5753
-5515
-5699
-6270
-6239
-5292
-4300
-3900
-3575
-2622
-1296
-283
399
1233
2238
2954
3261
3538
3964
4278
4255
3962
3524
2981
2421
1915
1310
434
-502
-1156
-1605
-2197
-2924
-3281
-3138
-3051
-3338
-3442
-2846
-1962
-1561
-1475
-861
91
645
619
678
1276
1607
1347
1024
1076
1398
1256
897
868
900
688
141
-130
4
-132
-604
-1052
-1164
-1208
-1543
-1849
-1835
-1682
-1696
-1764
-1587
-1220
-1037
-1059
-953
-571
-105
272
769
1510
2287
2938
3654
4600
5696
6709
7472
7934
8097
8254
8320
8049
7315
6186
5083
3830
2297
619
-913
-2105
-3559
-5281
-6676
-7333
-7508
-7949
-8326
-8047
-7197
-6328
-5775
-4793
-3181
-1759
-1161
-900
210
1740
2480
2339
2302
3109
3831
3676
3251
3489
4216
4081
3120
2705
3232
3651
2823
1563
1137
1232
722
-749
-1873
-2203
-2745
-4055
-5446
-5732
-5507
-5787
-6541
-6740
-5749
-4657
-4095
-3738
-2732
-1231
-235
351
1125
2320
3189
3356
3395
3691
4015
3954
3614
3175
2600
1917
1330
803
76
-743
-1370
-1837
-2372
-2897
-3115
-2941
-2710
-2815
-2983
-2492
-1462
-889
-939
-709
162
863
818
632
1054
1698
1597
934
796
1217
1102
319
-124
90
274
-151
-590
-576
-511
-776
-1259
-1248
-1058
-1217
-1463
-1497
-1298
-1279
-1300
-1071
-812
-780
-889
-709
-196
283
606
1117
1965
2828
3506
4256
5367
6580
7451
7954
8344
8629
8639
8366
7831
6871
5514
4103
2781
1310
-364
-1964
-3420
-4966
-6528
-7594
-7959
-8126
-8549
-8837
-8314
-7183
-6220
-5470
-4221
-2475
-1227
-812
-185
1299
2628
2772
2459
2901
3767
3898
3352
3284
4008
4423
3737
2913
3189
3894
3463
2055
1229
1348
1124
-223
-1741
-2275
-2364
-3335
-4927
-5627
-5273
-5266
-6081
-6572
-5951
-4911
-4418
-4255
-3529
-2200
-1110
-537
209
1455
2532
2977
3167
3539
3948
3966
3627
3302
2960
2437
1832
1311
901
300
-540
-1114
-1438
-1985
-2626
-2862
-2663
-2639
-2979
-2942
-2248
-1529
-1269
-1183
-593
306
678
632
860
1373
1497
997
727
1099
1323
942
443
393
547
281
-191
-319
-292
-512
-910
-1024
-862
-1001
-1419
-1543
-1339
-1200
-1321
-1421
-1191
-986
-1114
-1085
-612
-131
132
514
1322
2310
3014
3625
4594
5724
6602
7244
7851
8375
8447
8099
7796
7416
6506
5145
3769
2480
1026
-663
-2226
-3547
-4925
-6352
-7382
-7695
-7914
-8257
-8162
-7505
-6608
-5950
-5065
-3611
-2152
-1236
-796
85
1413
2246
2334
2437
3130
3785
3700
3292
3483
4152
4238
3445
2868
3251
3641
2931
1657
1176
1384
916
-555
-1799
-2154
-2544
-3807
-5214
-5537
-5217
-5392
-6142
-6325
-5342
-4328
-3950
-3680
-2715
-1350
-628
-246
496
1638
2494
2676
2918
3413
3813
3836
3609
3542
3232
2539
1851
1400
900
-144
-1175
-1673
-2014
-2645
-3315
-3445
-3171
-3059
-3157
-2870
-2043
-1286
-1005
-731
17
791
963
872
1157
1565
1602
1262
1107
1287
1226
887
513
442
534
177
-228
-332
-357
-565
-990
-1151
-1180
-1389
-1594
-1705
-1626
-1564
-1610
-1499
-1264
-1124
-1074
-818
-326
76
333
801
1601
2404
3022
3720
4757
5844
6615
7223
7896
8401
8443
8171
7809
7205
6170
4878
3560
2163
559
-1072
-2457
-3671
-4901
-6003
-6752
-7239
-7677
-7892
-7596
-6992
-6459
-5926
-4945
-3500
-2382
-1859
-1089
235
1385
1878
2053
2581
3391
3661
3329
3259
3790
4277
3966
3127
2898
3355
3305
2417
1545
1193
1002
260
-1003
-1902
-2213
-2794
-4044
-5121
-5238
-4982
-5310
-5871
-5733
-4920
-4178
-3882
-3532
-2533
-1372
-765
-305
632
1781
2441
2550
2880
3591
3888
3597
3310
3169
2803
2065
1318
845
325
-555
-1442
-1885
-2139
-2665
-3177
-3134
-2780
-2700
-2814
-2532
-1788
-1212
-1089
-842
-100
562
657
611
979
1464
1528
1288
1253
1429
1353
947
622
573
358
-150
-515
-618
-774
-1200
-1488
-1441
-1460
-1704
-1915
-1746
-1478
-1470
-1504
-1340
-1059
-964
-922
-519
56
480
886
1625
2661
3432
3969
4782
5896
6885
7379
7706
8182
8505
8401
7896
7233
6374
5162
3706
2171
609
-920
-2436
-3946
-5341
-6428
-7008
-7410
-7794
-7849
-7469
-6732
-6165
-5715
-4763
-3405
-2230
-1734
-1277
-49
1249
1780
1817
2306
3428
3988
3554
3286
3913
4557
4053
3097
3099
3694
3533
2366
1355
1196
1013
-54
-1395
-2031
-2263
-3083
-4411
-5247
-5259
-5133
-5405
-5706
-5388
-4619
-4074
-3752
-3165
-2169
-1238
-617
81
1044
2070
2759
3042
3296
3568
3711
3608
3307
2994
2522
1889
1293
742
121
-644
-1337
-1836
-2332
-2830
-3061
-2896
-2694
-2758
-2719
-2177
-1476
-1149
-997
-563
6
246
247
464
901
1037
721
569
928
1210
945
567
600
750
435
-81
-177
-16
-185
-802
-1281
-1155
-975
-1210
-1473
-1457
-1288
-1248
-1329
-1225
-1056
-1024
-914
-584
-92
411
972
1839
2754
3431
4147
5099
6155
6952
7342
7687
8045
8123
7866
7332
6613
5625
4263
2795
1328
-163
-1588
-3011
-4357
-5426
-6241
-6813
-7221
-7526
-7501
-7062
-6452
-5845
-5143
-4109
-2897
-2020
-1427
-499
826
1814
2082
2172
2741
3569
3818
3443
3420
4050
4364
3777
3018
3045
3494
3140
1952
1161
1188
963
-324
-1783
-2286
-2349
-3141
-4547
-5317
-4979
-4651
-5151
-5631
-5140
-4145
-3658
-3633
-3090
-1794
-694
-324
31
992
2040
2429
2384
2554
2998
3241
3047
2664
2348
1975
1427
860
366
-198
-839
-1350
-1720
-2130
-2510
-2525
-2234
-2144
-2336
-2220
-1529
-941
-954
-946
-325
335
374
186
498
1116
1016
392
246
702
925
286
-204
24
146
-265
-770
-597
-171
-484
-1100
-1204
-914
-891
-1386
-1570
-1216
-1135
-1347
-1431
-1078
-707
-728
-522
100
803
1306
1826
2702
3570
4040
4569
5679
6882
7388
7359
7726
8252
8134
7368
6477
5854
4860
3235
1499
190
-805
-2279
-4007
-5270
-5895
-6299
-6884
-7360
-7267
-6663
-6122
-5765
-5060
-3775
-2463
-1687
-1237
-508
651
1629
1904
1911
2364
3091
3350
3054
2919
3395
3841
3487
2754
2641
3132
3067
1986
1057
1018
1003
160
-1100
-1766
-1852
-2413
-3602
-4493
-4649
-4632
-5088
-5597
-5390
-4746
-4277
-3945
-3410
-2510
-1546
-825
-162
637
1420
1995
2380
2745
3067
3188
3158
3025
2683
2159
1599
1072
530
-121
-798
-1299
-1640
-1981
-2324
-2485
-2358
-2208
-2293
-2216
-1652
-1072
-852
-695
-285
261
540
448
462
785
918
610
282
270
331
103
-229
-261
-106
-161
-470
-657
-549
-480
-660
-799
-746
-734
-936
-1190
-1281
-1213
-1122
-1052
-947
-798
-633
-348
121
622
1090
1703
2558
3432
4110
4794
5727
6649
7173
7344
7540
7907
7997
7404
6477
5643
4693
3336
1690
94
-1214
-2431
-3867
-5271
-6128
-6460
-6727
-7059
-7050
-6487
-5768
-5251
-4638
-3503
-2155
-1311
-902
-218
913
1789
1855
1720
2207
2905
2918
2414
2387
3080
3419
2732
2078
2522
3266
2941
1847
1377
1658
1429
248
-805
-993
-1152
-2232
-3675
-4319
-4194
-4278
-4941
-5449
-5137
-4408
-4039
-3940
-3425
-2444
-1636
-1226
-698
306
1409
2063
2260
2492
2986
3330
3238
2881
2441
1997
1490
833
116
-569
-1172
-1661
-2155
-2653
-2915
-2800
-2496
-2344
-2297
-1932
-1209
-607
-460
-408
85
724
808
593
788
1188
1148
674
374
544
614
126
-405
-494
-407
-534
-787
-813
-680
-784
-1031
-1061
-931
-952
-1110
-1134
-987
-931
-977
-851
-592
-444
-434
-208
390
942
1275
1893
2828
3550
4170
4881
5929
6982
7242
7305
7699
8152
7993
6991
6016
5390
4425
2758
1055
-172
-1188
-2559
-4268
-5456
-5947
-6324
-6862
-7256
-7090
-6497
-5958
-5497
-4657
-3301
-2038
-1459
-1163
-336
903
1603
1449
1344
1937
2562
2418
1984
2295
3095
3148
2359
1921
2456
3105
2797
1934
1553
1603
1350
439
-580
-950
-1169
-2070
-3263
-3922
-3938
-3990
-4498
-5009
-5001
-4483
-3885
-3540
-3059
-2208
-1405
-794
-245
424
1291
1998
2299
2332
2356
2533
2646
2472
2090
1641
1306
911
144
-558
-831
-1010
-1442
-2030
-2364
-2248
-1976
-2037
-2189
-1969
-1434
-999
-899
-511
264
742
773
657
919
1241
1123
813
462
373
260
-279
-615
-620
-678
-914
-1201
-1238
-1115
-1126
-1267
-1346
-1324
-1228
-1195
-1243
-1185
-1084
-1014
-855
-683
-505
-173
217
618
1027
1398
1947
2734
3500
4078
4643
5511
6426
6915
7150
7436
7737
7792
7310
6576
5887
4897
3431
1827
378
-951
-2389
-3909
-5168
-5989
-6504
-6935
-7240
-7109
-6557
-5967
-5430
-4623
-3427
-2186
-1317
-807
-205
759
1627
1800
1619
1908
2531
2660
2192
1922
2367
2799
2305
1573
1751
2344
2255
1549
1087
1237
1297
527
-481
-806
-871
-1619
-2891
-3673
-3607
-3551
-4141
-4706
-4524
-3954
-3672
-3575
-3078
-2131
-1294
-835
-392
385
1288
1845
1987
2071
2265
2384
2309
2184
2015
1670
1231
789
302
-271
-806
-1228
-1570
-1978
-2406
-2499
-2204
-1931
-2016
-1865
-1232
-683
-410
-183
373
890
1029
889
792
1074
1093
682
328
260
319
-6
-545
-653
-509
-723
-1147
-1287
-1085
-1004
-1310
-1568
-1443
-1253
-1384
-1591
-1438
-1137
-1049
-968
-594
-121
128
360
874
1412
1769
2200
2844
3566
4121
4502
5142
6055
6610
6761
7014
7340
7353
6891
6129
5394
4602
3386
1913
583
-632
-1971
-3432
-4765
-5726
-6318
-6701
-6998
-7072
-6654
-5877
-5169
-4512
-3511
-2210
-1150
-516
122
1079
1991
2255
1987
1987
2505
2757
2238
1712
1976
2481
2225
1497
1418
2012
2121
1363
728
845
979
337
-646
-1107
-1140
-1548
-2518
-3349
-3556
-3536
-3829
-4239
-4176
-3623
-3133
-2928
-2620
-1910
-1112
-598
-225
337
1068
1698
2051
2141
2127
2144
2099
1885
1536
1110
667
279
-173
-818
-1401
-1650
-1836
-2289
-2745
-2765
-2424
-2150
-2076
-1871
-1276
-607
-275
-60
498
1194
1453
1267
1241
1530
1577
1123
680
681
670
159
-471
-614
-518
-777
-1333
-1642
-1531
-1616
-1990
-2209
-2022
-1682
-1746
-1794
-1531
-1141
-879
-826
-576
-264
-44
207
626
1211
1723
2169
2736
3432
4024
4493
5136
6002
6648
6795
6869
7193
7381
6957
6170
5496
4789
3594
1962
438
-701
-1795
-3249
-4727
-5569
-5796
-6080
-6649
-6905
-6426
-5538
-4857
-4370
-3493
-2068
-869
-408
-11
956
2122
2454
2100
2092
2590
2984
2581
2037
2133
2506
2399
1657
1314
1667
1824
1206
376
164
302
-35
-879
-1489
-1614
-1755
-2502
-3318
-3492
-3255
-3228
-3678
-3807
-3357
-2812
-2514
-2369
-1799
-1063
-519
-114
302
960
1491
1725
1805
1793
1924
2014
1930
1689
1159
682
303
-157
-737
-1453
-1856
-1976
-2194
-2506
-2719
-2428
-2006
-1948
-1838
-1358
-598
-108
25
393
925
1315
1322
1186
1491
1727
1478
1048
777
719
370
-110
-349
-511
-728
-1161
-1549
-1641
-1695
-1909
-2171
-2185
-1973
-1798
-1711
-1539
-1274
-1028
-790
-505
-185
83
364
795
1313
1728
2104
2746
3647
4385
4819
5373
6228
6904
7007
6871
7021
7266
6938
5959
4955
4178
3117
1576
109
-943
-1969
-3347
-4779
-5717
-6106
-6326
-6614
-6713
-6264
-5440
-4678
-3982
-3025
-1729
-605
-43
481
1493
2595
3077
2858
2724
3171
3475
3045
2457
2431
2729
2420
1468
1011
1420
1636
918
-21
-200
-10
-481
-1492
-2059
-1985
-2097
-2839
-3572
-3649
-3412
-3509
-3845
-3837
-3361
-2824
-2497
-2180
-1574
-719
26
458
823
1381
1989
2331
2266
2032
1938
1886
1634
1233
806
371
-36
-512
-1105
-1577
-1803
-2013
-2417
-2850
-2891
-2475
-2137
-2153
-2085
-1570
-916
-546
-351
81
722
1123
1143
1138
1396
1696
1586
1140
911
947
769
279
-161
-334
-439
-790
-1296
-1563
-1575
-1678
-1915
-2053
-2023
-1910
-1774
-1654
-1460
-1129
-751
-386
-72
201
605
1149
1607
2008
2570
3271
3882
4342
4860
5579
6290
6644
6662
6727
6940
6903
6351
5509
4695
3842
2632
1087
-306
-1309
-2312
-3651
-4960
-5708
-5946
-6130
-6404
-6434
-5943
-5172
-4505
-3848
-2834
-1553
-542
-26
440
1342
2401
2873
2688
2625
3070
3390
3039
2521
2536
2758
2381
1539
1196
1545
1614
859
23
-156
-119
-663
-1576
-2080
-2144
-2448
-3253
-3899
-3848
-3548
-3602
-3872
-3789
-3155
-2476
-2113
-1723
-1067
-359
168
471
856
1465
1903
1998
1962
1863
1726
1627
1472
1146
657
122
-339
-764
-1273
-1754
-1957
-1982
-2222
-2666
-2785
-2386
-2007
-1990
-1879
-1290
-528
-121
-9
388
1079
1366
1171
1146
1491
1731
1528
1194
1091
958
521
49
-173
-278
-582
-1110
-1545
-1708
-1790
-1989
-2223
-2287
-2228
-2185
-2111
-1897
-1590
-1279
-935
-524
-111
251
660
1186
1707
2136
2641
3335
4006
4487
5006
5761
6434
6691
6763
7023
7269
7024
6291
5477
4730
3774
2439
994
-244
-1409
-2790
-4234
-5296
-5851
-6197
-6575
-6828
-6605
-5917
-5186
-4580
-3779
-2599
-1404
-618
-92
649
1632
2353
2487
2425
2710
3140
3114
2623
2341
2578
2702
2191
1541
1417
1724
1627
771
124
257
281
-440
-1372
-1774
-1782
-2233
-3177
-3755
-3629
-3403
-3603
-3858
-3529
-2806
-2264
-1945
-1481
-759
-95
279
546
983
1504
1746
1762
1859
1885
1758
1625
1371
1005
622
229
-64
-441
-1060
-1601
-1891
-2151
-2579
-2901
-2719
-2355
-2252
-2195
-1832
-1101
-481
-313
-94
494
1035
1242
1248
1431
1818
1914
1582
1298
1313
1301
891
283
-87
-254
-577
-1111
-1521
-1662
-1809
-2134
-2413
-2490
-2479
-2451
-2278
-1937
-1601
-1324
-989
-593
-265
24
429
928
1348
1683
2104
2629
3082
3439
3920
4639
5362
5790
6019
6342
6691
6656
6141
5526
5019
4296
3079
1660
505
-458
-1677
-3202
-4480
-5115
-5407
-5821
-6247
-6192
-5601
-4973
-4552
-3923
-2739
-1454
-778
-597
-107
952
1875
2073
1968
2291
2895
3035
2613
2390
2763
3071
2606
1774
1571
2011
2030
1160
284
179
248
-391
-1374
-1740
-1606
-2009
-3100
-3787
-3489
-3049
-3325
-3810
-3603
-2903
-2515
-2433
-1962
-996
-214
23
156
706
1472
1820
1646
1424
1430
1436
1170
794
577
380
49
-285
-521
-646
-722
-889
-1175
-1503
-1772
-1787
-1626
-1609
-1711
-1585
-1150
-714
-522
-314
198
735
885
744
788
1216
1471
1218
988
1049
1028
689
257
153
171
-215
-772
-1056
-1125
-1265
-1565
-1736
-1700
-1742
-1884
-2002
-1965
-1688
-1396
-1204
-942
-567
-202
58
343
791
1297
1768
2151
2518
3091
3767
4411
5036
5443
5662
5946
6212
6274
6034
5523
4846
3947
2822
1659
587
-407
-1520
-2849
-4122
-4974
-5391
-5697
-5995
-5990
-5610
-5097
-4572
-3874
-2827
-1727
-988
-470
155
930
1694
2173
2336
2493
2773
2957
2832
2577
2582
2761
2554
1851
1343
1495
1712
1271
484
127
169
-131
-984
-1666
-1721
-1783
-2526
-3452
-3641
-3231
-3069
-3408
-3658
-3287
-2662
-2457
-2356
-1634
-582
-23
41
294
1087
1917
2117
1877
1837
2032
2066
1835
1588
1454
1263
906
447
-4
-349
-695
-1181
-1677
-2041
-2214
-2164
-2076
-2042
-1921
-1634
-1282
-1017
-770
-366
74
379
576
833
1191
1381
1294
1215
1277
1312
1140
815
613
520
226
-251
-566
-659
-790
-1139
-1513
-1658
-1672
-1755
-1874
-1909
-1787
-1627
-1524
-1281
-883
-585
-378
-83
295
711
1173
1719
2290
2802
3249
3641
4074
4629
5095
5347
5506
5595
5582
5430
5054
4517
3887
3057
2030
892
-257
-1283
-2334
-3564
-4624
-5241
-5589
-5850
-6000
-5787
-5151
-4433
-3784
-2987
-1913
-852
-186
269
922
1700
2153
2127
2147
2554
2889
2747
2353
2281
2592
2539
2053
1836
1997
2126
1757
1011
715
814
465
-428
-1306
-1708
-1906
-2534
-3293
-3483
-3262
-3276
-3698
-3881
-3350
-2645
-2391
-2286
-1694
-746
-129
76
422
1091
1618
1634
1430
1515
1816
1815
1426
1109
1066
958
559
113
-133
-326
-695
-1162
-1484
-1609
-1659
-1682
-1624
-1474
-1323
-1164
-905
-614
-404
-200
68
303
393
454
617
783
831
708
530
539
562
385
268
236
84
-176
-483
-684
-734
-897
-1199
-1406
-1432
-1375
-1406
-1501
-1477
-1345
-1205
-1077
-887
-559
-184
123
443
908
1421
1804
2139
2613
3125
3478
3797
4304
4854
5111
5093
5114
5217
5109
4631
3990
3427
2843
1946
748
-387
-1275
-2185
-3294
-4264
-4785
-5075
-5427
-5650
-5389
-4760
-4135
-3600
-2952
-2060
-1125
-440
80
678
1348
1852
2067
2234
2484
2530
2335
2192
2166
2150
2033
1768
1496
1421
1509
1405
966
568
438
269
-251
-892
-1242
-1499
-2106
-2891
-3328
-3254
-3162
-3498
-3771
-3456
-2909
-2584
-2384
-1854
-938
-246
-9
320
1021
1677
1847
1745
1856
2100
2054
1716
1465
1424
1260
772
267
-9
-284
-733
-1185
-1458
-1608
-1746
-1823
-1753
-1605
-1426
-1221
-1021
-776
-575
-515
-411
-188
0
170
400
637
752
727
726
797
773
595
400
310
262
111
-100
-227
-266
-402
-709
-956
-998
-1018
-1163
-1296
-1252
-1153
-1155
-1154
-1071
-905
-699
-573
-351
128
622
1072
1544
2012
2576
3100
3392
3663
4023
4327
4485
4506
4475
4414
4272
4024
3606
3033
2391
1605
656
-289
-1144
-2008
-2899
-3660
-4176
-4471
-4619
-4651
-4476
-4042
-3515
-3029
-2462
-1692
-859
-165
326
686
1045
1449
1731
1748
1683
1815
1987
1892
1711
1805
2072
2049
1705
1475
1527
1493
1137
670
408
324
-81
-727
-1261
-1601
-1875
-2489
-3041
-3191
-3234
-3355
-3629
-3542
-2985
-2520
-2162
-1690
-1025
-275
152
501
1010
1373
1572
1547
1586
1799
1846
1755
1493
1192
909
512
152
-78
-323
-747
-1196
-1432
-1490
-1547
-1622
-1638
-1581
-1447
-1299
-1169
-959
-643
-364
-228
-73
195
451
586
611
626
588
547
527
522
542
510
453
269
136
99
7
-73
-282
-491
-636
-768
-891
-1104
-1197
-1174
-1178
-1169
-1122
-947
-687
-444
-191
71
395
752
1116
1529
1854
2158
2477
2763
3077
3406
3748
3994
4157
4182
4031
3922
3734
3399
2974
2438
1839
1101
242
-571
-1268
-1908
-2589
-3241
-3623
-3792
-3919
-3933
-3797
-3498
-3074
-2665
-2214
-1602
-968
-509
-192
207
751
1191
1351
1369
1485
1695
1766
1654
1638
1853
1958
1797
1591
1574
1684
1520
1149
870
714
480
-61
-662
-1141
-1595
-2053
-2576
-2944
-3051
-3133
-3196
-3196
-2982
-2507
-2028
-1589
-1175
-722
-262
64
332
598
924
1133
1084
1028
1051
1075
905
521
193
-16
-305
-690
-999
-1216
-1321
-1361
-1429
-1363
-1094
-816
-701
-681
-545
-350
-254
-204
-72
145
302
269
238
346
402
338
221
245
409
394
207
102
160
144
34
-143
-225
-151
-268
-431
-597
-664
-675
-868
-951
-920
-749
-555
-508
-356
-103
108
290
499
746
987
1202
1482
1826
2195
2553
2752
2922
3194
3495
3793
3944
3903
3803
3620
3365
3019
2532
2012
1405
663
-44
-734
-1448
-2102
-2682
-3073
-3317
-3486
-3520
-3398
-3112
-2712
-2245
-1862
-1457
-981
-526
-142
84
430
752
984
1102
1039
1187
1330
1302
1221
1162
1254
1287
1125
974
911
853
736
522
274
112
-146
-612
-1058
-1356
-1601
-1973
-2328
-2479
-2446
-2444
-2268
-2052
-1704
-1340
-1043
-715
-370
-78
88
234
362
462
491
446
388
312
227
20
-156
-260
-335
-469
-657
-692
-709
-723
-680
-597
-418
-288
-286
-252
-160
-126
-182
-273
-241
-192
-197
-166
-131
-10
62
-3
-56
1
79
-1
-96
-171
-221
-204
-282
-310
-228
-190
-232
-346
-283
-125
-75
-77
-71
45
195
254
266
355
496
555
583
663
828
1031
1164
1345
1605
1889
2159
2446
2750
2977
3149
3235
3304
3181
3006
2741
2344
1838
1373
883
365
-208
-813
-1336
-1797
-2234
-2588
-2770
-2729
-2609
-2442
-2154
-1776
-1347
-936
-629
-334
-41
140
246
356
483
593
576
485
462
530
603
631
576
450
393
378
352
255
173
201
114
-40
-186
-288
-404
-660
-891
-1061
-1197
-1320
-1436
-1470
-1427
-1414
-1405
-1210
-874
-580
-354
-124
33
93
104
93
178
181
103
81
38
75
93
-4
9
71
33
-91
-186
-198
-265
-321
-320
-343
-372
-444
-526
-550
-462
-332
-313
-331
-347
-302
-176
-157
-150
-139
-158
-130
-226
-314
-323
-414
-461
-494
-522
-456
-357
-265
-211
-196
-178
-150
-92
-4
70
170
351
570
780
966
1117
1198
1230
1287
1341
1306
1181
1033
928
884
882
909
967
1023
1031
1045
1174
1318
1304
1154
1025
1037
1093
1002
809
632
466
364
238
-27
-322
-566
-805
-1073
-1237
-1231
-1068
-949
-926
-806
-576
-288
-122
-25
133
284
368
236
119
160
136
-7
-285
-519
-571
-637
-811
-949
-955
-889
-795
-734
-552
-248
-122
-66
-17
73
221
157
-44
-182
-241
-315
-385
-344
-244
-169
-215
-269
-214
-166
-171
-241
-247
-110
62
126
63
71
59
62
140
155
179
163
116
72
13
17
59
39
-21
-22
44
89
12
-70
-130
-176
-194
-254
-278
-325
-344
-326
-322
-244
-182
-180
-246
-313
-345
-387
-415
-420
-471
-570
-605
-582
-512
-464
-435
-341
-159
28
119
214
284
376
459
477
652
779
767
761
714
734
694
552
468
446
406
237
132
141
197
227
215
333
383
385
419
440
567
578
495
523
602
727
760
679
674
683
613
496
375
275
146
1
-135
-163
-187
-306
-387
-420
-334
-309
-380
-337
-326
-371
-365
-284
-211
-180
-178
-157
-160
-236
-258
-303
-353
-382
-440
-428
-415
-340
-255
-253
-214
-148
-81
-87
-137
-157
-197
-197
-213
-178
-125
-189
-188
-171
-219
-263
-314
-398
-491
-507
-426
-309
-212
-97
19
117
230
367
505
579
550
465
447
414
400
322
182
135
32
-51
-127
-186
-229
-327
-444
-540
-467
-420
-395
-351
-297
-193
-159
-102
-143
-176
-147
-202
-211
-232
-233
-242
-362
-429
-365
-256
-192
-175
-95
-11
66
161
216
348
430
464
576
656
668
631
590
418
313
371
341
302
183
140
209
195
207
295
384
401
433
458
462
453
339
266
272
232
151
111
79
-42
-125
-156
-186
-186
-247
-253
-176
-117
-55
-40
29
98
9
-51
-39
-25
-17
-68
-114
-121
-122
-106
-191
-275
-208
-173
-129
-73
-90
-34
-36
-86
-69
-61
-45
-39
-8
27
48
59
62
28
-38
0
0
0
0
0
0
0
0
0
0
0
0
0
0
0
0
0
0
0
0
0
0
0
0
0
0
0
0
0
0
0
0
0
0
0
0
0
0
0
0
0
0
0
0
0
0
0
0
0
0
0
0
0
0
0
0
0
0
0
0
0
0
0
0
0
0
0
0
0
0
0
0
0
0
0
0
0
0
0
0
0
0
0
0
0
0
0
0
0
0
0
0
0
0
0
0
0
0
0
0
0
0
0
0
0
0
0
0
0
0
0
0
0
0
0
0
0
0
0
0
0
0
0
0
0
0
0
0
0
0
0
0
0
0
0
0
0
0
0
0
0
0
0
0
0
0
0
0
0
0
0
0
0
0
0
0
0
0
0
0
0
0
0
0
0
0
0
0
0
0
0
0
0
0
0
0
0
0
0
0
0
0
0
0
0
0
0
0
0
0
0
0
0
0
0
0
0
0
0
0
0
0
0
0
0
0
0
0
0
0
0
0
0
0
0
0
0
0
0
0
0
0
0
0
0
0
0
0
0
0
0
0
0
0
0
0
0
0
0
0
0
0
0
0
0
0
0
0
0
0
0
0
0
0
0
0
0
0
0
0
0
0
0
0
0
0
0
0
0
0
0
0
0
0
0
0
0
0
0
0
0
0
0
0
0
0
0
0
0
0
0
0
0
0
0
0
0
0
0
0
0
0
0
0
0
0
0
0
0
0
0
0
0
0
0
0
0
0
0
0
0
0
0
0
0
0
0
0
0
0
0
0
0
0
0
0
0
0
0
0
0
0
0
0
0
0
0
0
0
0
0
0
0
0
0
0
0
0
0
0
0
0
0
0
0
0
0
0
0
0
0
0
0
0
0
0
0
0
0
0
0
0
0
0
0
0
0
0
0
0
0
0
0
0
0
0
0
0
0
0
