0
0
0
0
0
0
0
0
0
0
0
0
0
0
0
0
0
0
0
0
0
0
0
0
0
0
0
0
0
0
0
0
0
0
0
0
0
0
0
0
0
0
0
0
0
0
0
0
0
0
0
0
0
0
0
0
0
0
0
0
0
0
0
0
0
0
0
0
0
0
0
0
0
0
0
0
0
0
0
0
0
0
0
0
0
0
0
0
0
0
0
0
0
0
0
0
0
0
0
0
0
0
0
0
0
0
0
0
0
0
0
0
0
0
0
0
0
0
0
0
0
0
0
0
0
0
0
0
0
0
0
0
0
0
0
0
0
0
0
0
0
0
0
0
0
0
0
0
0
0
0
0
0
0
0
0
0
0
0
0
0
0
0
0
0
0
0
0
0
0
0
0
0
0
0
0
0
0
0
0
0
0
0
0
0
0
0
0
0
0
0
0
0
0
0
0
0
0
0
0
0
0
0
0
0
0
0
0
0
0
0
0
0
0
0
0
0
0
0
0
0
0
0
0
0
0
0
0
0
0
0
0
0
0
0
0
0
0
0
0
0
0
0
0
0
0
0
0
0
0
0
0
0
0
0
0
0
0
0
0
0
0
0
0
0
0
0
0
0
0
0
0
0
0
0
0
0
0
0
0
0
0
0
0
0
0
0
0
0
0
0
0
0
0
0
0
0
0
0
0
0
0
0
0
0
0
0
0
0
0
0
0
0
0
0
0
0
0
0
0
0
0
0
0
0
0
0
0
0
0
0
0
0
0
0
0
0
0
0
0
0
0
0
0
0
0
0
0
0
0
0
0
0
0
0
0
0
0
0
0
0
0
0
0
0
0
0
0
0
0
0
0
0
0
0
0
0
0
0
0
0
0
0
0
0
0
0
0
0
0
0
0
0
0
0
0
0
0
0
-137
-98
-100
-136
-156
-243
-322
-373
-382
-314
-295
-308
-289
-341
-408
-391
-304
-122
-68
-172
-117
35
117
196
296
418
494
429
350
373
463
514
505
558
641
597
505
504
536
498
416
329
206
112
77
15
-39
-63
-124
-204
-273
-314
-326
-365
-369
-309
-306
-311
-208
-81
-16
56
223
420
525
563
614
651
626
564
503
415
286
161
29
-135
-273
-362
-485
-641
-736
-797
-921
-1063
-1090
-1014
-951
-928
-870
-728
-566
-465
-406
-322
-182
-3
192
356
446
476
491
505
505
496
475
399
249
87
-14
-75
-151
-221
-233
-267
-459
-779
-1024
-1071
-1021
-1066
-1248
-1432
-1503
-1493
-1478
-1449
-1309
-1015
-724
-665
-754
-648
-189
399
812
1053
1440
2046
2397
2267
2299
3051
3998
4227
3563
2690
2498
3070
3319
2470
1361
1131
1315
705
-532
-1087
-702
-681
-1744
-2690
-2337
-1540
-1724
-2452
-2232
-1073
-415
-751
-911
-126
743
857
844
1389
1750
1156
502
1021
2016
1676
9
-887
-157
276
-1021
-2323
-1778
-991
-2352
-4447
-4120
-2002
-1687
-3639
-4399
-2538
-1000
-1917
-2944
-1456
767
603
-933
-507
1686
2452
1268
894
2331
3248
2209
1154
1903
2979
2252
721
757
1864
1534
-193
-814
208
635
-561
-1431
-656
13
-845
-1656
-850
353
62
-987
-722
517
793
166
264
1260
1645
973
649
1268
1566
929
458
806
970
264
-388
-257
-65
-422
-858
-943
-998
-1282
-1479
-1306
-973
-855
-964
-1073
-1057
-855
-430
-40
3
-58
208
561
516
337
599
1037
994
673
749
1040
805
232
239
777
738
-109
-592
-152
143
-370
-716
-282
-81
-730
-1137
-548
-67
-562
-1035
-601
-136
-513
-993
-618
59
-64
-597
-380
240
202
-189
24
705
788
78
-172
504
945
595
275
528
720
270
-176
11
324
213
-166
-416
-397
-369
-495
-555
-484
-420
-365
-300
-259
-267
-287
-136
164
355
438
458
369
377
599
879
1060
980
727
624
748
919
987
986
943
719
424
407
574
506
197
14
-3
-126
-334
-427
-453
-560
-685
-665
-566
-665
-933
-952
-590
-313
-372
-387
-206
-169
-266
-132
205
375
273
175
259
325
288
336
353
96
-209
-328
-383
-463
-531
-572
-670
-883
-1036
-1052
-1125
-1301
-1317
-1001
-745
-935
-1068
-726
-387
-385
-337
91
442
169
-181
132
774
1056
845
578
639
715
428
151
347
646
377
-274
-573
-541
-697
-940
-902
-754
-844
-1099
-1289
-1408
-1445
-1178
-718
-518
-717
-1094
-1145
-465
488
1141
1654
2232
2711
2792
2568
2787
3845
5016
5182
4067
2836
2881
3841
3957
2637
1382
1368
1431
134
-1528
-1712
-952
-1272
-2773
-3570
-3005
-2547
-3043
-3374
-2574
-1527
-1398
-1599
-1054
-219
130
362
1075
1974
2031
1153
861
1860
2664
1847
272
-63
757
494
-1309
-2314
-1414
-941
-2853
-4983
-4364
-2448
-2802
-4977
-5221
-3021
-2007
-3491
-4205
-2141
-112
-709
-1769
-480
1596
1604
483
1078
3000
3353
2030
1781
3242
4005
2734
1464
2211
3366
2623
1033
843
1762
1727
435
-63
936
1312
-28
-966
93
1224
439
-806
-412
716
543
-424
-203
929
997
-58
-395
527
1022
235
-232
410
647
-103
-548
-136
96
-483
-962
-665
-420
-937
-1600
-1555
-994
-825
-1261
-1741
-1870
-1542
-852
-413
-766
-1271
-932
-241
-321
-693
-152
705
411
-471
-223
781
741
-122
26
1025
836
-602
-1035
32
355
-929
-1733
-968
-633
-1972
-3000
-2134
-1107
-1691
-2544
-2027
-1285
-1743
-2150
-1058
353
667
936
2286
3293
2603
2002
3778
6696
7508
5663
3995
4618
6344
6739
5208
3508
3254
3531
2436
210
-905
-173
-107
-2345
-4450
-4155
-3231
-4162
-5822
-5362
-3341
-2903
-4302
-4731
-3102
-1395
-875
-195
1175
1455
160
-301
1992
4917
4593
1578
418
2222
3128
1159
-344
1249
2519
-612
-5087
-4765
-835
-414
-4541
-6534
-3767
-1866
-4373
-6627
-4129
-434
-1056
-4066
-3616
-70
1055
-907
-991
2063
3663
1819
584
2656
4696
3491
1696
2896
5011
3990
1057
635
2829
3552
1531
15
786
1217
-587
-1999
-570
1187
33
-2241
-2065
-348
-417
-1854
-1498
538
994
-639
-1264
266
1394
770
444
1522
2012
802
-100
678
1522
1092
506
643
401
-782
-1489
-829
-4
-256
-1217
-2013
-2413
-2359
-1787
-1252
-1524
-2347
-2684
-2384
-2297
-2400
-1759
-921
-1518
-2864
-2598
-1108
-904
-1719
-1114
430
177
-1446
-1164
1353
2949
2693
3010
4295
4016
2483
3435
7132
8817
6268
3510
4409
6887
6689
3987
2459
3192
3475
1711
-258
-714
-728
-1741
-3003
-3235
-2987
-3570
-4733
-5078
-4150
-2909
-2354
-2582
-2900
-2527
-1373
-146
500
596
403
79
143
1245
2755
2735
643
-1126
-419
1122
493
-1570
-1848
-681
-1725
-4912
-5539
-2406
-715
-3464
-6087
-4277
-1408
-2428
-5050
-3856
0
734
-1935
-2482
527
2231
591
-89
2667
4840
3123
848
2143
4794
4426
2323
2743
4927
4540
1676
683
2578
3693
2187
576
808
1144
-189
-1614
-1001
426
19
-1804
-2349
-1313
-958
-1732
-1660
-379
102
-888
-1575
-868
64
37
-239
316
1027
637
-245
-70
881
1091
534
345
436
-88
-832
-727
-80
-58
-793
-1389
-1303
-841
-631
-894
-1267
-1379
-1213
-912
-772
-1034
-1390
-1508
-1646
-1810
-1473
-981
-1436
-2584
-2843
-1935
-1432
-2104
-2574
-1783
-901
-1122
-1381
-400
1000
1833
2811
4229
4636
3676
3656
6079
8715
8521
6244
5448
7161
8380
6817
4456
4108
4792
3723
1245
-26
86
-690
-2829
-4277
-4013
-3540
-4327
-5709
-6088
-5145
-4017
-3667
-3889
-3840
-3089
-1906
-727
155
392
-86
-373
646
2552
3403
1951
-403
-756
1181
2022
118
-1298
-153
30
-3107
-5276
-2815
166
-1606
-5494
-5476
-2435
-2182
-4828
-4685
-1020
181
-2935
-4507
-1347
1572
210
-1683
144
2926
2343
176
745
3360
3985
2412
2278
4283
4788
2381
668
2244
4491
4058
1910
1069
1708
1543
207
-33
1393
1766
-293
-2048
-1195
237
-311
-1490
-988
24
-737
-2212
-1834
-118
365
-530
-635
389
548
-549
-716
834
1837
839
-439
-321
227
-5
-179
498
893
-24
-1250
-1485
-1007
-657
-464
-309
-649
-1612
-2407
-2375
-1901
-1600
-1564
-1881
-2687
-3410
-3370
-2929
-2720
-2468
-1899
-1790
-2740
-3624
-2800
-704
531
507
1224
3205
4146
3193
3024
5398
8158
8907
8205
7351
6460
6148
7427
8830
7523
4229
2771
3776
3500
564
-1299
-6
526
-2899
-6499
-5664
-3036
-3794
-6532
-6231
-3548
-3346
-5608
-5670
-2777
-1089
-1984
-2174
-359
468
-1000
-1526
1073
3707
2660
-384
-876
1392
2135
-35
-1211
785
2040
-976
-4766
-3893
-13
445
-3265
-5073
-2540
-894
-3513
-5672
-2845
1071
108
-3799
-4176
-634
1167
-569
-1302
1197
2858
932
-764
1388
4238
3508
1409
2394
4890
4121
906
565
3849
5606
3250
509
643
1481
458
-537
669
1876
329
-2316
-2748
-1191
-342
-827
-958
-311
-329
-1253
-1491
-480
565
934
1063
996
470
163
843
1814
1953
1532
1388
1236
509
-70
392
1113
771
-204
-516
-527
-1329
-2057
-1237
-129
-1031
-2994
-3264
-2114
-2093
-3242
-3287
-2140
-2178
-3852
-4745
-3731
-2643
-2723
-2728
-1948
-1836
-2940
-3250
-1597
192
595
993
2652
3952
3322
2431
3725
6632
8606
8403
6804
5576
6197
8009
8178
5644
3422
4048
5054
2979
-431
-1052
415
-187
-3032
-4353
-3463
-3631
-5670
-6389
-4376
-2542
-3346
-5137
-5116
-3421
-2049
-1435
-663
-29
-646
-1791
-1150
1744
4009
2874
-105
-701
1671
2791
686
-687
1440
2799
-778
-4911
-3113
1747
1559
-3395
-4990
-1356
162
-3639
-5975
-2091
2036
-263
-5017
-4527
-197
816
-1735
-1762
1442
2121
-957
-1956
1673
4578
2645
-122
1363
4615
3977
504
291
3933
5340
2086
-610
936
2778
912
-1420
92
2596
1038
-2692
-3045
-370
427
-1166
-1274
441
330
-1890
-2298
141
1811
824
-358
43
460
-117
-68
1316
2115
1250
348
583
879
576
734
1489
1300
49
-476
-116
-591
-1679
-1419
-282
-727
-2530
-3035
-1965
-1770
-2976
-3292
-2088
-1835
-3574
-4765
-3681
-2343
-2519
-2686
-1759
-1766
-3521
-3946
-1276
1463
1777
1784
3212
3608
1847
1833
5876
9675
8812
5625
4962
6923
8073
7167
5846
5112
4306
3145
2132
1193
88
-567
-682
-1650
-3782
-4993
-4306
-3838
-4920
-5425
-3803
-2561
-4156
-6278
-5225
-2006
-648
-1643
-1841
-530
-354
-1377
-69
3604
4325
407
-1969
1248
4619
2594
-653
832
3472
770
-4043
-3069
2001
2270
-3027
-5232
-1367
876
-3114
-6665
-3460
1475
374
-4314
-4715
-851
487
-1851
-2069
1331
2633
-562
-2592
532
4187
3172
400
1308
4326
4059
961
475
3564
5194
2969
798
1638
2525
546
-1456
9
2543
1781
-1356
-2639
-1494
-886
-1539
-1282
160
287
-1541
-2642
-1431
232
575
477
948
1068
279
-68
891
2024
2272
2048
1789
1206
516
554
1263
1563
989
228
-298
-978
-1714
-1716
-1175
-1313
-2282
-2910
-2922
-3252
-3896
-3789
-3186
-3558
-4676
-4543
-2989
-2308
-3283
-3721
-2429
-1434
-2123
-2429
-589
1559
2059
2181
3184
3570
2695
3241
6606
9367
8057
4804
4390
7205
8951
7168
4302
3414
3891
3367
1691
571
399
-157
-1814
-3619
-4274
-3747
-3336
-4042
-5136
-5138
-3907
-2937
-3428
-4363
-3553
-1139
192
-400
-636
214
227
-243
1564
4546
3971
-47
-1408
1914
4043
1446
-728
1566
3096
-1097
-5441
-2794
2451
1191
-4831
-6078
-1615
-199
-4500
-6566
-2251
1392
-1322
-5025
-3276
450
-78
-2629
-1221
2675
2784
-674
-1402
1942
3908
2143
863
2719
4406
2913
719
1444
3708
3560
1335
810
2119
1758
-474
-1166
308
1024
-248
-1538
-1409
-1091
-1983
-2847
-1765
74
13
-1508
-1830
-593
282
238
598
1690
2117
1408
1183
2250
2942
2210
1620
2260
2615
1517
404
745
1516
1014
-468
-1362
-1278
-1191
-1633
-2135
-2361
-2648
-3137
-3386
-3228
-3152
-3484
-3919
-3999
-3556
-2933
-2781
-3127
-3088
-2373
-1995
-2429
-2467
-1200
446
1413
2201
3290
3558
2368
1936
4652
8626
9385
6244
3573
4625
7157
7165
4625
2853
3239
3564
1867
-508
-1228
-700
-1158
-2880
-3942
-3680
-3607
-4448
-4830
-3863
-2755
-2834
-3592
-3732
-2912
-1694
-556
319
744
438
-422
-540
1363
3966
4009
1240
-264
1714
3609
1996
-317
820
3071
1195
-3319
-3778
393
1935
-2320
-5964
-3809
-522
-2171
-5666
-4565
-547
-250
-3632
-4409
-1068
1042
-657
-1907
458
2982
1766
-647
388
3664
4276
1885
957
2976
4075
2215
792
2217
3672
2294
191
548
1798
837
-1046
-925
448
160
-1817
-2533
-1334
-914
-2149
-2635
-1266
-400
-1401
-1892
-658
83
-495
-368
1206
2078
1193
927
2431
3204
2053
1201
2155
3170
2264
742
881
1864
1444
-268
-1346
-1175
-975
-1470
-2045
-2313
-2723
-3305
-3320
-2687
-2506
-3376
-4485
-4870
-4275
-3062
-2235
-2407
-2782
-2622
-2443
-2525
-1948
-40
2175
3068
2746
2530
2501
2446
3760
7056
9601
8202
4221
2822
5854
8830
7340
3405
2168
3627
3091
-113
-1628
-123
484
-2320
-5450
-5245
-3390
-3776
-5972
-6250
-3997
-2739
-4225
-5766
-4739
-2078
-293
-125
-212
324
557
289
1486
4512
5759
2984
50
1450
4782
4455
1043
280
2870
2935
-1449
-3983
-702
2497
-537
-5429
-4665
-654
-1231
-5612
-5940
-1421
217
-3747
-6389
-3141
633
-727
-3468
-1434
2854
2592
-1257
-1492
2962
5480
3264
1551
3674
5319
2998
836
3176
6414
4944
715
-384
1547
1647
-524
-816
1088
673
-3105
-5333
-3187
-606
-1590
-3797
-3273
-1495
-2129
-3851
-2711
402
1090
-790
-1108
1079
2248
1195
1113
3321
4568
2916
1166
1813
3136
2865
1962
2148
2477
1106
-1083
-1521
-113
578
-620
-2169
-2763
-2819
-2929
-3026
-3064
-3208
-3684
-4656
-5455
-4752
-2788
-1858
-2917
-3938
-3494
-2978
-3223
-2345
714
3609
3920
2608
2000
2464
3518
5957
9532
10769
7634
4091
4913
8129
8179
4828
2976
4159
4222
809
-2321
-1699
-140
-1766
-5015
-5832
-4774
-5438
-7658
-7660
-4666
-2562
-3951
-6378
-6294
-3856
-1590
-416
526
1242
704
-543
131
3654
6622
5389
1857
1247
4146
5624
3499
1919
3702
4746
1185
-2827
-1448
2408
1398
-3628
-4886
-1304
-477
-5130
-8076
-4732
-969
-2728
-6173
-5137
-1780
-2017
-4661
-3661
925
2696
-144
-1757
1328
4639
3828
1910
3432
6386
5927
2945
2449
4994
6044
3862
1972
2492
2643
301
-1772
-806
790
-644
-3784
-4668
-3282
-2926
-4107
-4096
-2459
-2105
-3924
-4829
-2810
-211
210
-599
-192
1265
1832
1407
1735
3182
4128
3837
3434
3567
3500
2934
2646
2890
2784
1647
103
-565
-86
298
-599
-2276
-3285
-3253
-3293
-4146
-4952
-4855
-4689
-5313
-5599
-4445
-3337
-4049
-5282
-4561
-2296
-963
-927
-104
2178
3794
3228
2104
2911
5719
8437
9299
8240
6649
6262
7407
8222
6903
4545
3706
4194
3230
288
-1663
-1176
-974
-3354
-6225
-6633
-5515
-5679
-7055
-7292
-5868
-4738
-5220
-6180
-5643
-3352
-1057
-171
-152
151
715
1260
2561
4861
6039
4260
1841
2596
5539
6111
3846
2810
3829
2924
-829
-2402
944
3835
586
-5093
-5571
-1874
-1561
-5320
-6322
-3043
-1944
-5574
-7801
-4412
-379
-1427
-4639
-3791
128
1201
-845
-505
3235
5008
2929
1925
4537
6516
4942
3312
4824
6688
5253
2419
2203
3662
2779
-95
-972
348
105
-2618
-4642
-4114
-2950
-3354
-4475
-4240
-3199
-3470
-4479
-3813
-1707
-513
-682
-685
103
997
1668
2554
3615
3875
3066
2525
3038
3564
3371
3230
3359
2658
899
-449
-334
473
565
-487
-2075
-3323
-3649
-3208
-2985
-3678
-4673
-5101
-5206
-5384
-4912
-3450
-2594
-3587
-4807
-4122
-2463
-1767
-869
2239
5365
4657
1477
1130
4872
8718
9959
9568
8511
6797
5854
7078
8405
6999
4432
3993
4228
1419
-2677
-2960
-247
-566
-4960
-7815
-6543
-5462
-7541
-9098
-6688
-3614
-4447
-7328
-7400
-4531
-2221
-1372
-273
878
276
-1037
455
4837
7296
5026
1846
2396
5148
5628
3958
3895
5615
4910
629
-2249
-136
3048
1845
-2364
-4057
-2468
-2087
-4677
-6270
-3969
-1541
-3649
-7328
-6505
-2377
-1225
-3976
-4991
-1490
1758
505
-1713
188
4152
4802
2859
3305
5874
5938
3517
3349
6308
7348
4012
1047
2253
3927
1821
-1445
-1430
371
-510
-3617
-4700
-3433
-3383
-4953
-5017
-3147
-2399
-3817
-4658
-3083
-924
-249
-301
374
1223
1207
1230
2515
3956
3900
3148
3326
3844
3386
2657
2820
3096
2293
923
136
-10
-151
-631
-1460
-2497
-3334
-3624
-3667
-4141
-5014
-5391
-4856
-4287
-4479
-4856
-4678
-4346
-4174
-3380
-1813
-702
-305
822
2816
3573
2496
2455
5489
9030
9406
7279
6249
7505
8977
8754
6964
5092
4606
5169
4490
1531
-1296
-1623
-1148
-2786
-5530
-6235
-5199
-5591
-7835
-8684
-6676
-4828
-5717
-7112
-5943
-3494
-2486
-2141
-567
1014
573
-423
1279
5172
6703
4194
2191
4218
6666
5355
3102
4160
5939
3485
-1143
-1509
2486
3844
-465
-4708
-3899
-1717
-3478
-6686
-5743
-2305
-2699
-6863
-8382
-5193
-2416
-3337
-4591
-2756
-130
-169
-1255
300
3466
4242
2863
3427
6399
7453
5076
3571
5844
8323
6875
3529
2554
3370
2679
847
528
927
-884
-4135
-5261
-3954
-3310
-4467
-5431
-5097
-4732
-5139
-5173
-3973
-2597
-2123
-1805
-722
425
836
1178
2182
3335
3993
4220
4161
3909
3934
4481
4885
4378
3160
1954
1092
656
745
915
142
-1809
-3699
-4242
-3824
-3868
-4739
-5463
-5585
-5825
-6389
-6268
-5272
-4807
-5288
-5020
-3250
-1770
-1393
4
3063
4630
3258
2594
5669
9490
9644
7508
7538
9922
10993
9057
6410
5538
5865
5810
4829
2621
-166
-1781
-2072
-2992
-5350
-6970
-6277
-5789
-7901
-9933
-8603
-6019
-5973
-7571
-7114
-4396
-2737
-2947
-2179
287
1664
1319
2318
5291
6416
4347
3317
5995
8448
6545
3449
4370
6863
4814
-376
-1462
2543
4044
-1036
-6235
-5027
-1377
-2596
-7102
-7729
-4343
-3741
-7439
-9081
-5493
-1904
-3114
-5803
-4427
-490
522
-1085
-87
3955
5582
3162
2289
6054
9334
7489
3968
4462
7995
8830
5712
3118
3339
3642
1952
222
268
84
-2366
-5179
-5573
-4225
-4135
-5949
-6959
-5837
-4810
-5295
-5520
-4098
-2326
-1698
-1591
-599
1040
1942
1923
2208
3554
5134
5556
4666
3823
4299
5582
5729
4115
2584
2435
2332
1092
-54
-55
-373
-2387
-4577
-4812
-4014
-4634
-6341
-6678
-5663
-5673
-6883
-7077
-5872
-5098
-5096
-4454
-2987
-1648
-170
2077
3868
3735
3047
4581
8286
10807
9895
7641
7677
10043
11160
8980
5834
5023
6048
5448
2215
-393
-174
-48
-3321
-7523
-7912
-5448
-5469
-8852
-10655
-8499
-6279
-7234
-8637
-6923
-3760
-2766
-3218
-1944
509
1064
469
2504
6811
8225
4931
2230
4772
8976
8570
5035
4798
7375
5870
-136
-2500
1934
5351
1280
-5157
-5843
-2591
-3059
-7242
-7876
-3853
-2760
-7618
-11051
-7603
-2910
-3822
-6907
-5189
-606
-224
-3495
-3139
2234
5814
4207
2768
5818
9048
7309
3972
5286
9635
10339
6637
3920
4228
4267
2587
1577
1768
507
-2790
-5218
-5029
-3985
-4353
-5843
-6596
-6284
-6266
-6609
-5767
-3776
-2456
-2207
-1812
-922
-105
611
1670
3117
4381
4834
4580
4282
4309
4818
5810
6327
5171
2909
1423
1363
1707
1590
912
-449
-2582
-4631
-5335
-4756
-4365
-5014
-6044
-6633
-6822
-6876
-6736
-6335
-5694
-4725
-3587
-2773
-2112
-587
1766
3115
2665
2700
5491
9232
10118
8030
6827
8569
10662
10153
7839
6341
6230
5885
4188
1959
654
214
-802
-3205
-5810
-6928
-6743
-6716
-7571
-8440
-8250
-7511
-7733
-8229
-6791
-3677
-1778
-2473
-2533
-767
468
1366
3385
6403
6864
3958
2708
4803
7567
7508
5204
5092
6092
4188
-79
-1245
2631
4038
-939
-5592
-4349
-1593
-3680
-7639
-7029
-3444
-3695
-8127
-9822
-5852
-2170
-3834
-6560
-4491
-333
-341
-2974
-1624
3402
5534
3713
3706
7046
8277
5212
3544
7344
11740
10231
4631
2019
4105
5657
3371
394
36
164
-2181
-4945
-4899
-3752
-4907
-7274
-7634
-6351
-5975
-6514
-6079
-4519
-3300
-2834
-2366
-1690
-938
459
2594
4086
4158
3955
4262
4388
4504
5865
7578
6827
3683
1928
3235
4400
2853
854
836
678
-2091
-5092
-4893
-3089
-3635
-6245
-7256
-5922
-5233
-6521
-7435
-6253
-4672
-4580
-4811
-3294
-551
1334
1799
1847
2268
3518
5953
8690
9734
8595
7390
8048
9548
9403
7341
5755
5921
5819
3445
423
-397
274
-884
-4303
-6556
-6043
-5538
-7376
-9470
-8874
-6761
-6343
-7968
-8553
-6156
-2843
-1703
-2050
-1425
-344
520
2132
5145
7283
5905
3529
3597
6325
8222
6688
5103
5892
6317
2599
-1788
604
5108
2931
-3480
-5823
-2339
-1307
-5771
-8292
-5547
-2680
-4978
-9626
-8959
-3738
-2439
-5747
-6199
-2189
-199
-2671
-3338
1131
4913
3403
1357
4417
8607
7246
3126
3803
8804
10757
7091
3243
3760
5811
4486
752
-587
747
283
-3000
-4982
-4079
-3714
-5488
-6720
-6173
-5832
-6298
-5893
-4321
-3195
-3195
-3149
-1947
-186
857
1235
1956
3119
4005
4334
4264
4145
4614
5641
5836
4325
2581
2444
3187
2812
1433
679
297
-1375
-3710
-4139
-2726
-2646
-5008
-6861
-6113
-4746
-5135
-6421
-6675
-5897
-5037
-4190
-3007
-1452
223
1484
1717
1387
2271
5085
8091
9001
7633
6498
7667
9579
9292
6936
5506
6032
6064
4045
1285
50
736
-69
-3535
-5671
-5329
-5148
-6476
-8200
-8122
-6816
-6731
-7403
-7427
-5930
-3604
-3136
-2706
-981
-571
-841
238
3765
6856
5671
3173
3340
6114
7841
6126
4549
5972
7612
4623
-692
-465
4132
4519
-940
-4474
-2237
-608
-3994
-7712
-6528
-3104
-3537
-7859
-9744
-6392
-3226
-4646
-6671
-4583
-1583
-2066
-3119
-694
2849
3169
1667
2976
6309
7045
4662
3659
6709
9846
7977
3931
3494
5562
5992
3122
601
930
618
-1661
-3701
-3357
-2684
-4116
-5854
-6270
-5487
-5287
-5638
-5045
-3816
-2987
-2728
-2221
-1345
-325
711
1483
1952
2670
3683
3987
3638
3955
5173
5720
4586
2941
2461
3007
2982
1878
966
775
-177
-2430
-3808
-3194
-2905
-4525
-5932
-5376
-4581
-5273
-6260
-6104
-5437
-5108
-4688
-3501
-1600
270
1278
1346
1349
2283
4390
7195
9139
8411
6257
6225
8823
10341
8025
4781
4712
6142
5144
1777
-380
542
652
-2908
-5948
-5347
-3937
-5152
-8182
-8798
-6622
-5903
-7453
-8289
-6638
-3923
-3196
-3856
-2593
-90
515
-120
1550
5429
6741
3849
1897
4934
8952
7882
3953
4209
7781
6840
682
-1925
2663
6099
1616
-4734
-4471
-666
-1738
-6687
-7508
-3460
-2186
-6690
-10266
-7329
-2381
-2558
-6049
-5944
-2368
-1104
-2427
-1282
2663
4330
2164
991
4063
7644
6883
3763
4217
7989
9036
5662
3104
4166
5066
2669
-56
620
1688
-325
-3749
-4581
-2893
-3207
-5194
-6082
-5264
-4617
-5269
-4956
-3778
-3171
-3251
-2991
-1655
-68
1084
1516
1515
1894
3160
4510
4788
4114
3570
3832
4201
3936
3370
3106
2743
1594
392
266
460
-668
-2580
-3339
-3043
-3561
-5024
-5655
-5020
-4597
-5225
-6042
-6025
-5282
-4475
-3607
-2194
-456
800
1331
1404
1521
2889
6178
9275
9066
6221
5064
7516
10148
9195
6054
4774
5714
5523
2876
353
-20
179
-1399
-4205
-5852
-5732
-5632
-6736
-7872
-7564
-6557
-6646
-7647
-7454
-5165
-2537
-1748
-2462
-2324
-615
834
1528
3522
6394
6120
2586
1894
6409
9600
6743
3186
4832
7487
4397
-1226
-1027
4156
4923
-1319
-5915
-3411
-684
-4239
-8312
-5736
-1254
-3355
-9171
-9489
-3994
-1116
-3867
-6199
-3895
-435
-828
-2235
-173
3422
3921
1379
1978
5900
7491
5076
3005
5378
8239
7041
3798
2952
4190
3291
631
152
1675
949
-2604
-4914
-3998
-2638
-3521
-5293
-5651
-4847
-4536
-4731
-4188
-3019
-2470
-2545
-1938
-359
1103
1794
2028
2176
2530
3464
4621
4975
4374
3869
3934
3812
3137
2628
2561
2086
819
-308
-603
-916
-2085
-3236
-3418
-3616
-4789
-5671
-5083
-4207
-4448
-5369
-5902
-5528
-4213
-2516
-1103
91
1081
1232
774
1457
4346
7873
9102
7098
4685
5598
9296
10867
7798
4074
4211
6183
5045
1260
-398
819
586
-2837
-5549
-5065
-4473
-6609
-8840
-7777
-5546
-5937
-8145
-8404
-6089
-3784
-2902
-2238
-1183
-1219
-1548
-221
3326
6418
5888
3376
1973
4188
7593
7603
5203
4317
5912
5223
1013
-734
2504
4839
1114
-4124
-4158
-951
-1458
-5774
-7055
-3328
-1331
-5486
-9750
-7439
-2324
-1951
-5175
-5243
-1911
-889
-2821
-2197
2235
4797
2705
900
3502
6879
6089
3364
4170
7604
7723
3818
1902
4406
5872
2470
-1308
-664
1286
-371
-3712
-4257
-2970
-3406
-4989
-5108
-4365
-4738
-5390
-4383
-2368
-1488
-2036
-2377
-1515
-43
1223
2262
3021
2854
1906
1799
3388
5228
5581
4472
2926
1780
1549
2092
2508
2246
1467
42
-2107
-3731
-3437
-2212
-2326
-3898
-4977
-4862
-4750
-5162
-5173
-4501
-4151
-4316
-3593
-1341
847
1386
943
1151
2423
4282
6459
8237
8101
6060
5112
7430
10051
8473
4168
3120
6068
6627
1748
-2685
-1382
1473
-643
-5620
-6729
-4335
-4791
-8716
-9673
-5735
-3447
-6819
-10375
-8222
-3285
-1571
-2623
-2135
-291
-547
-1906
440
6131
8319
4209
359
2768
7517
7658
4700
5040
7822
6134
50
-1805
3520
7333
2823
-3978
-4263
-487
-1181
-6021
-6836
-2216
-308
-5169
-9852
-7678
-2686
-2297
-5121
-4537
-1000
-836
-3986
-3441
2377
6128
3227
-715
1089
5713
6017
3173
3849
7254
6615
2246
1166
4353
5392
2017
-498
1056
2391
-629
-4602
-4227
-1390
-1742
-4836
-5370
-2950
-2605
-5358
-6158
-2851
-3
-1060
-2965
-1986
277
712
397
1953
3910
3010
536
914
4216
5759
3779
1949
2703
3408
1664
-273
386
2035
1347
-1394
-3000
-2366
-1776
-3047
-4673
-4331
-2816
-2927
-4848
-5717
-4419
-3290
-3702
-3556
-1345
771
633
-190
785
2910
4089
4669
6365
8155
7284
4715
5090
9053
10644
6406
2009
3561
7169
5264
-463
-2090
966
1480
-3027
-6621
-5342
-3390
-5480
-8869
-8288
-5065
-4806
-7862
-9049
-6220
-2961
-2319
-2730
-1821
-726
-1410
-1769
1748
6910
7304
2564
143
3822
7664
6242
3678
5598
8291
4894
-1569
-1682
4616
6770
582
-4751
-2280
1166
-2235
-7283
-5384
29
-668
-6948
-9184
-4649
-1382
-3962
-6169
-2982
339
-1713
-4690
-2162
3060
3840
590
66
3776
5801
3502
2030
4795
7307
5304
2088
2485
4731
3997
779
-109
2051
2465
-1023
-4122
-3209
-1097
-1842
-4103
-4234
-2806
-3039
-4723
-4558
-1947
-160
-1110
-2440
-1598
150
505
443
1899
3388
2421
418
674
2866
3726
2437
1494
2047
2056
365
-752
543
1992
669
-2058
-2752
-1616
-1804
-3666
-4157
-2325
-1175
-2766
-4912
-4854
-3545
-3327
-3346
-1319
1499
1827
-79
-832
954
3704
6042
7705
7887
5831
3520
4523
8388
9756
6146
2414
3289
5773
4330
22
-1638
98
497
-2536
-5400
-5231
-4390
-5818
-7693
-6735
-4302
-4522
-7461
-8833
-6429
-2925
-1574
-2053
-2102
-1429
-1476
-1577
959
5334
6385
2678
328
3620
7473
6082
3110
4760
7982
5476
-897
-1977
3709
6704
1598
-4007
-2294
1525
-1152
-6684
-5692
-67
116
-5907
-8554
-4397
-1197
-3817
-6308
-3151
864
-756
-4573
-3024
2400
3665
32
-1002
3007
5603
3191
1100
3750
6836
5063
1405
1622
4246
3838
855
164
1973
1858
-1254
-3543
-2783
-1431
-2010
-3230
-2952
-2212
-3036
-4239
-3232
-757
81
-1148
-1765
-573
608
532
517
1666
2649
2006
826
1069
2327
2581
1666
1368
2073
1984
124
-1787
-1524
250
455
-1825
-3613
-2846
-1784
-2775
-4033
-3068
-1352
-2022
-4551
-5341
-3478
-2025
-2248
-1212
2186
3878
1321
-1413
442
5292
8306
8272
7172
5744
4264
4968
8301
9681
6104
2289
3344
5746
3476
-1084
-1338
1657
918
-4152
-6722
-4426
-3114
-6188
-8743
-6529
-3530
-5057
-8698
-8400
-4225
-1620
-2555
-3376
-1745
-361
-1421
-1811
1730
5779
4736
562
451
5054
7283
4240
1951
4721
7304
3827
-1284
135
5737
5531
-1347
-4509
152
3221
-1837
-7022
-3833
1583
-892
-7711
-7868
-1833
-363
-5592
-7426
-1640
2256
-2274
-6951
-2973
3877
3532
-1437
-1240
3979
5161
756
-714
3863
6793
3547
162
1546
3460
1533
-897
347
2540
997
-2676
-3455
-1446
-1006
-2653
-2819
-1114
-1012
-3172
-3970
-1699
625
269
-1066
-745
406
533
631
2008
3076
2241
966
972
1508
1491
1429
1652
1408
610
116
-18
-444
-906
-748
-543
-1517
-3296
-3916
-2811
-1986
-2677
-3274
-2731
-2707
-3933
-4325
-2860
-1330
-587
923
3307
3691
1067
-479
2828
8137
9674
7028
4866
5705
7672
8499
7650
5646
4191
4771
5500
3238
-492
-1251
592
236
-3473
-6208
-5203
-3623
-5345
-8126
-7098
-3756
-4029
-7749
-8836
-5686
-2943
-3063
-3396
-2047
-930
-1350
-813
2491
5163
3509
504
1689
5776
6498
3337
2423
5592
6699
2322
-1470
1285
6092
4810
-1167
-3225
288
1747
-2430
-5716
-2961
517
-2095
-7344
-6978
-1672
-103
-4589
-7232
-3325
682
-1578
-5325
-3056
2282
2471
-1653
-1991
2461
4239
1018
-364
3547
6417
3346
-432
1139
4356
2690
-1478
-1195
2652
2927
-1465
-4126
-2142
0
-1116
-2754
-1923
-582
-1552
-3248
-2448
20
675
-698
-1071
350
1177
484
234
1545
2728
2099
608
300
1291
1972
1633
1039
611
-53
-892
-1174
-687
-255
-775
-2100
-3156
-3190
-2633
-2373
-2515
-2539
-2518
-3049
-3736
-3278
-1684
-362
581
2350
4124
3422
935
1017
5416
9991
10010
6400
4174
5897
8955
9375
6673
3977
3849
5085
4625
1971
-211
-334
-327
-2253
-4667
-4970
-4023
-4957
-7556
-7965
-5190
-3556
-5984
-8848
-7436
-3238
-1238
-2212
-2765
-1772
-1382
-1577
536
4547
5420
1557
-1064
2329
7060
6294
2428
2607
5882
4897
-617
-2374
2777
6749
2649
-3903
-3725
842
455
-4696
-5497
-426
1413
-4134
-9046
-6190
-705
-1050
-5212
-5198
-1260
-716
-4315
-4843
152
4034
2006
-1444
-392
3027
3174
932
1461
4337
4423
1381
59
1692
2399
656
-577
127
375
-1249
-2770
-2466
-1626
-2043
-2961
-2623
-1533
-1484
-2168
-1776
-343
489
296
-6
21
385
1190
1958
1902
1461
1767
2465
2085
684
69
1097
2323
1982
398
-709
-842
-875
-1006
-922
-1312
-2609
-3392
-2520
-1338
-1632
-2775
-2931
-2142
-2057
-2739
-2417
-830
456
1311
2721
3616
2481
1407
3773
8359
10208
7614
4652
5408
8572
9808
7592
4414
3244
4251
4758
2675
-237
-799
152
-1223
-5057
-6914
-5019
-3546
-5916
-8870
-7578
-3911
-3837
-7540
-8767
-4937
-1104
-1303
-2502
-1177
351
-564
-728
3060
6700
4741
296
764
5441
6587
2977
1928
5650
6591
991
-3454
-138
5069
3242
-3024
-4206
74
685
-4971
-8178
-3743
1153
-1185
-6846
-7304
-2994
-1601
-4723
-5455
-1028
1697
-1722
-4979
-1788
3276
2950
-366
394
4253
4287
276
-736
3291
5942
3360
196
881
2349
517
-2031
-990
1547
515
-3398
-4849
-2631
-1267
-3014
-4182
-2213
-649
-2441
-4078
-1955
987
723
-1012
-404
1901
2498
1093
605
2120
3401
2967
2073
1807
1598
1210
1273
1669
1541
727
-309
-1154
-1429
-1136
-1237
-2365
-3381
-2926
-1795
-1732
-2640
-3068
-2836
-3053
-3523
-2547
-220
1062
928
1744
3409
3041
1498
3352
8608
11194
7968
3667
4183
8576
10930
8555
4841
3778
4842
4812
2659
554
271
475
-1163
-4179
-5855
-5251
-4470
-5460
-7150
-7154
-5596
-5168
-6827
-7902
-6069
-2863
-1191
-1415
-1955
-2096
-1861
-221
3444
6320
4685
504
286
5058
7796
4740
1907
4392
6787
2688
-2931
-1336
4631
4674
-1773
-4839
-1027
1434
-2862
-7345
-4884
13
-1186
-6633
-7491
-3197
-1797
-5259
-6404
-2247
787
-1702
-4635
-2259
2328
2560
-579
-516
3390
4848
1833
12
2698
5405
3906
1114
1446
3102
1681
-1568
-1653
1198
1454
-2373
-5145
-3635
-1452
-2413
-4368
-3653
-1518
-1426
-2810
-2396
-131
812
-513
-1315
398
2714
2792
1136
658
2169
3331
2476
1035
1026
2054
2294
1339
476
380
86
-1084
-1849
-1008
-224
-1830
-4314
-4055
-1491
-734
-2670
-3754
-2509
-1838
-3238
-3692
-910
2438
2981
1807
1733
2414
2463
3748
8157
11996
9988
4287
2736
7408
11564
9807
5308
3817
4939
4040
710
-629
1178
1729
-1492
-5280
-6114
-4861
-4623
-6290
-7476
-6199
-4530
-5640
-8182
-8013
-4716
-1979
-1800
-2185
-1281
-579
-1341
-685
3724
7481
5132
61
325
5717
7930
4297
1937
4806
6224
1196
-3072
757
6023
2641
-5159
-5618
616
1756
-5004
-8824
-3826
815
-3213
-8951
-6555
-550
-1438
-6960
-6372
329
2354
-2968
-5702
-643
4089
1714
-1689
1281
5968
4181
-928
-165
5723
7427
2801
-437
1611
3456
984
-1664
-291
1772
-163
-3948
-4613
-2559
-1761
-2804
-3223
-2636
-2826
-3818
-3520
-1391
312
-19
-1069
-1189
-558
492
2074
3164
2716
1802
1738
1863
1464
1477
2466
3066
1926
-107
-1064
-662
-264
-239
140
209
-1456
-3869
-4271
-2264
-486
-844
-2332
-3251
-3428
-3153
-2055
-344
996
2045
3339
3713
2147
1040
3680
8886
11547
8981
4605
3811
7087
9807
8755
5778
4189
4322
3968
1965
-64
-247
276
-1085
-4103
-5990
-5778
-5553
-6759
-7768
-6508
-4228
-4351
-7250
-8868
-6288
-2052
-281
-889
-1194
-1075
-1744
-1206
2926
7189
6002
1385
926
5557
7909
4736
2305
5188
7576
3152
-2659
-767
5362
4513
-2983
-5444
-181
1791
-4755
-9767
-5200
950
-1927
-9266
-9275
-2708
-912
-5975
-7478
-1420
2383
-2221
-6641
-2592
3930
3666
-534
36
4617
4925
113
-1247
4089
8040
4634
-407
7
3076
2428
-850
-1162
1452
1543
-2301
-5122
-3794
-1442
-1543
-2950
-3238
-2834
-3257
-3833
-2758
-373
807
-263
-1587
-1148
435
1481
1636
1827
2510
2718
1553
250
791
2602
3222
1975
566
191
81
-685
-1177
-189
789
-873
-4090
-4812
-2331
-414
-1258
-2791
-3086
-3134
-3651
-2987
-282
2346
2916
2437
2538
2769
2635
3990
7929
11092
9503
5229
4315
8031
10904
8742
4487
3416
5248
5128
1714
-848
-105
636
-2000
-5759
-6287
-4143
-4093
-7435
-9419
-6745
-3419
-4721
-8659
-8988
-4921
-1823
-2384
-3072
-1217
209
-1183
-1491
2865
7206
5153
121
839
6709
8350
3625
1422
5732
8027
2388
-3041
355
6165
3490
-4093
-4499
1808
2375
-5597
-9987
-4138
1956
-1607
-8675
-8184
-2390
-1701
-6491
-7216
-1486
1832
-1978
-5559
-2362
2448
1650
-1366
629
5095
4070
-1174
-1674
3885
6965
3556
-39
1173
3029
843
-2041
-663
2410
1476
-2663
-4572
-3225
-2298
-2856
-2477
-1092
-1493
-3661
-4242
-2082
206
637
134
-22
15
52
659
1891
2745
2567
1883
1385
1187
1294
1801
2193
1696
627
52
-54
-580
-1356
-1430
-1215
-1969
-3246
-3295
-2073
-1495
-2347
-3256
-3262
-3004
-2749
-1744
-74
1247
2127
2933
2945
2020
2546
6325
10550
10695
6926
4282
6154
9995
10695
7236
3959
4211
5539
4134
1042
-88
739
79
-3304
-6290
-5899
-3943
-4610
-7895
-9249
-6797
-4526
-5909
-8335
-7483
-4113
-2275
-2644
-2361
-806
-571
-1614
55
4995
7173
3246
-527
2418
7824
7467
3018
2725
6543
6130
196
-2099
3108
6575
1003
-6026
-4135
2364
1564
-5941
-8259
-2506
695
-4267
-8794
-5423
-536
-2782
-7805
-5978
503
1394
-3721
-5105
-7
3318
654
-1399
2121
5548
2754
-1496
646
6321
6599
1586
-481
2332
3463
195
-2131
-129
1913
-224
-3781
-4143
-2267
-2124
-3750
-3965
-2441
-2073
-3613
-4245
-2363
-147
-20
-1140
-1123
252
998
486
640
2450
3752
2618
725
802
2555
3381
2230
783
681
1157
609
-522
-590
-17
-832
-2922
-3681
-2126
-534
-984
-2676
-3758
-3731
-3048
-1943
-496
1041
2313
2790
2110
1117
1804
5181
9402
10928
8322
4603
4343
7907
10606
8931
5309
4056
4808
3891
1013
-143
1482
1934
-1564
-6026
-7066
-5120
-4223
-6002
-7829
-7256
-5744
-6083
-7783
-7860
-5338
-2508
-1673
-2338
-2467
-1634
-752
793
3982
6333
4629
1252
1669
5696
7672
5713
4230
5586
5597
1434
-1677
1519
6110
3754
-3339
-5397
-979
962
-3619
-7183
-3951
-233
-3547
-9228
-8161
-2430
-1630
-6369
-7574
-2370
1026
-2403
-5807
-2412
2800
2173
-1115
692
5515
5080
-53
-1063
4209
7944
5268
1037
663
2099
1322
-349
275
1655
131
-3315
-4490
-2884
-1928
-2856
-3375
-2621
-2585
-3885
-4318
-2724
-812
-331
-965
-1444
-1126
-195
913
1873
2378
2292
1983
1743
1359
1253
2326
3645
2930
398
-1035
-212
730
95
-1069
-1468
-1886
-3142
-3890
-2861
-1432
-1498
-2734
-3786
-4046
-3197
-1114
1376
3115
3616
2949
1645
1280
3715
8480
11678
9872
5290
3845
7090
10157
9127
6259
5451
6042
4688
1410
-235
973
1788
-444
-3977
-5739
-5638
-5653
-6486
-7070
-6581
-5695
-5861
-7355
-8327
-6796
-3606
-1571
-1691
-2377
-2367
-1771
-205
2954
5889
5457
2392
1546
4604
7043
5814
4481
6005
6405
2155
-1729
884
5956
4677
-2156
-5122
-1478
975
-2518
-6279
-4788
-1989
-3847
-7967
-7730
-3468
-2002
-5411
-7619
-4513
-523
-949
-3461
-2744
567
1614
-29
259
3723
5451
2709
113
2107
5577
5329
2570
1953
3321
2683
-38
-713
1299
1750
-969
-3292
-3103
-2659
-3408
-3579
-2378
-1826
-3122
-4516
-4017
-2143
-831
-789
-1148
-1171
-952
-505
419
1455
1879
1721
1452
1060
775
1530
3079
3374
1530
-476
-635
326
567
-131
-894
-1691
-2715
-3029
-2023
-1042
-1429
-2438
-2882
-2939
-2907
-2105
-149
2125
3547
3484
2091
777
1914
6291
10761
10879
6817
3878
5579
9080
9680
7331
5640
5822
5320
2659
205
282
1352
476
-2377
-4793
-5474
-5409
-5940
-6874
-6948
-5994
-5663
-7102
-8711
-7871
-4699
-2086
-1711
-2248
-2227
-1898
-1000
1903
5711
6307
2909
834
3774
7461
6617
4009
5119
7380
4393
-1295
-993
4863
6287
176
-4558
-2084
1073
-2099
-7041
-5878
-1188
-1599
-7001
-8805
-4561
-1774
-4787
-7631
-4747
-389
-888
-4011
-3348
726
2073
-441
-927
3061
5609
2563
-769
1474
5756
5620
2356
1541
3130
2562
-453
-1412
795
1787
-715
-3245
-2897
-1832
-2673
-3914
-3073
-1286
-1544
-3754
-4756
-3128
-1013
-500
-1002
-1153
-858
-495
102
1133
2184
2458
1583
319
95
1381
2866
2878
1454
116
-312
-376
-401
-58
157
-919
-2794
-3319
-1900
-669
-1322
-2725
-3023
-2457
-2255
-2132
-935
1111
2726
3319
3025
2180
2018
4291
8502
10943
8889
4903
4179
7551
10185
8491
5196
4770
6316
5325
1444
-698
892
2121
-739
-5158
-6382
-4718
-4515
-6896
-8192
-6370
-4566
-5906
-8401
-8090
-5036
-2723
-2482
-2321
-1451
-1555
-2205
-71
4751
6840
3527
130
2307
7034
7439
4105
3777
6994
6431
345
-2469
2809
7386
2635
-5036
-4524
1389
1226
-5374
-7608
-2665
-413
-5848
-10246
-6356
-1001
-3216
-8689
-7554
-1364
185
-3872
-4826
96
3191
158
-2365
1303
5703
3811
-649
227
5053
6139
2627
823
2790
3706
1159
-882
482
2147
676
-2123
-2839
-2013
-2252
-3367
-3183
-1792
-1477
-2796
-3790
-3186
-1877
-1014
-702
-671
-706
-577
-269
206
1095
2128
2254
1177
131
400
1683
2465
1823
460
-402
-609
-641
-412
39
-375
-2093
-3377
-2637
-1037
-690
-1777
-3057
-3551
-2855
-1283
223
1209
2029
2797
2998
2386
1995
3753
7781
10753
9564
5987
4750
7311
10040
9139
5845
4525
5803
5503
1888
-936
284
2271
190
-4641
-6670
-4795
-3837
-6239
-8121
-6439
-4308
-5490
-8293
-8563
-5812
-3254
-2764
-2793
-2009
-1764
-2480
-1276
3129
6620
5048
1047
894
5206
7810
5503
3323
5520
7229
2974
-1930
795
7031
5588
-2724
-5613
107
3238
-2499
-7972
-4767
281
-2803
-9532
-8608
-1718
-707
-6965
-9284
-3436
1003
-2381
-6202
-2698
2708
1339
-3150
-1417
4611
5210
182
-1227
3397
6367
3663
779
2277
4378
2379
-1111
-1054
1374
1353
-1353
-2789
-1850
-1451
-2962
-3975
-2672
-957
-1327
-2965
-3305
-1907
-591
-563
-1050
-750
177
365
-282
-70
1487
2355
1266
-91
254
1647
2119
1297
428
119
-269
-878
-856
-201
-367
-1994
-3475
-2976
-1033
112
-671
-2275
-3061
-2732
-1974
-933
799
2820
3881
3376
2041
1500
3357
7450
10787
10260
6772
4708
6555
9623
9521
6230
4182
5406
6096
2850
-1178
-1054
1621
1034
-3506
-6710
-5777
-4146
-5435
-7907
-7660
-5075
-4390
-7004
-9092
-7357
-3654
-1730
-1969
-1985
-1142
-1072
-1280
1274
5797
6542
2306
171
4210
8098
5958
2801
5222
8558
4701
-2113
-808
7004
7897
-1143
-6883
-1737
3617
-1180
-8476
-6440
288
-855
-8320
-9543
-2951
-340
-6152
-10034
-4972
852
-1458
-6482
-4614
1350
1958
-2129
-1942
3511
5533
1093
-1814
2186
6882
5117
390
170
3399
3421
-50
-1126
1386
2233
-736
-3195
-2205
-760
-1939
-3761
-3102
-1089
-1043
-2997
-3817
-2207
-460
-600
-1467
-1165
-143
75
-268
259
1617
2165
1156
-171
-241
888
1763
1458
529
-152
-576
-930
-845
-315
-362
-1585
-2847
-2609
-1189
-476
-1307
-2451
-2632
-2101
-1468
-479
1186
2998
3979
3574
2462
2430
4684
8159
10156
9018
6285
5424
7517
9301
7744
5010
5115
6908
5627
1170
-1265
288
1478
-931
-4145
-4715
-4082
-5163
-7007
-6895
-5338
-4974
-6144
-7093
-7019
-6165
-4506
-2433
-1311
-1861
-2950
-2657
-201
3125
4887
3961
2164
2329
4427
5575
4776
4678
6307
5942
1626
-1303
2135
6877
4461
-2755
-4531
455
2443
-2729
-6753
-3562
69
-3474
-9067
-7533
-1661
-1537
-7182
-8711
-3418
66
-2908
-5537
-2260
1661
208
-2561
-284
4045
3617
-89
-277
3439
5149
2820
699
1559
2885
2087
613
546
868
-134
-1538
-1627
-961
-1131
-2080
-2633
-2433
-1996
-1777
-1964
-2351
-2245
-1369
-525
-462
-757
-632
-223
-107
-103
374
1111
1168
282
-431
153
1396
1565
355
-622
-313
261
-253
-1439
-1909
-1585
-1640
-2126
-1775
-748
-851
-2256
-2875
-1610
317
1579
2247
2848
3192
2763
2314
3821
7465
10016
8647
5442
5078
8077
9845
7561
4632
5356
7723
6268
1160
-1456
670
2186
-784
-4334
-4031
-2585
-4594
-8092
-7766
-4164
-3098
-6231
-8579
-6867
-4275
-4137
-4427
-2449
-427
-1532
-3447
-1480
3307
5033
2372
779
3374
5829
4101
1734
3834
7735
6630
915
-1513
2603
6528
3914
-1507
-2263
983
1250
-2809
-4822
-1774
551
-2900
-7732
-6966
-2292
-1238
-5058
-7192
-4306
-1288
-2457
-4474
-2843
32
-349
-2059
-356
3166
2963
-495
-1231
2051
4085
2214
248
1149
2272
892
-815
-47
1349
286
-1989
-2225
-845
-659
-1733
-2023
-1542
-1737
-2158
-1445
-359
-509
-1279
-937
275
714
171
-19
599
938
505
350
895
829
-286
-751
266
1022
60
-1494
-1752
-679
15
-838
-2308
-2670
-1845
-1304
-1717
-2082
-1605
-1202
-1998
-2972
-2003
710
2684
2992
3142
3571
2943
2154
4544
9725
11873
8006
3720
5419
10246
10326
5291
2852
6197
8652
4637
-1061
-1059
2638
2305
-2672
-5381
-3355
-2227
-5544
-8746
-7097
-3578
-3814
-7170
-8377
-6029
-3856
-3869
-3621
-1578
-426
-2143
-3460
-498
4268
4910
1466
355
3952
6431
3777
1266
4459
8525
5547
-1406
-2095
4191
7069
1780
-3489
-1519
2420
285
-4995
-4986
-412
166
-5005
-7991
-4535
-849
-2916
-6771
-5725
-1577
-922
-3818
-4412
-1443
159
-1458
-1921
1098
3231
931
-1862
-76
3735
3699
514
-391
1551
1980
-12
-780
685
1055
-967
-2332
-1276
-284
-1281
-2242
-1257
-78
-725
-1911
-1561
-370
-109
-407
59
652
25
-899
-335
990
1089
283
168
374
-401
-1293
-555
944
638
-1506
-2646
-1391
-2
-808
-2729
-3129
-1759
-752
-1269
-2130
-1976
-1282
-1336
-1960
-1476
905
3548
4184
2905
1985
2770
4542
6581
8712
9536
7630
5179
5988
8959
8777
4811
3030
6032
7842
3561
-1962
-1730
1889
1299
-3575
-5590
-2928
-2047
-6128
-9322
-6680
-2440
-2965
-6864
-8139
-5675
-3469
-3194
-2432
-460
-190
-2371
-2808
1151
5297
4344
501
439
4533
6164
3104
1632
5256
7529
2912
-2463
-100
6184
5779
-1201
-4019
542
2924
-2215
-6472
-2652
2244
-912
-7571
-7402
-1650
-333
-5059
-7072
-2836
355
-2401
-5468
-3144
710
195
-2394
-1243
2566
3006
-449
-1845
1285
4035
2527
-134
33
1382
646
-919
-356
1186
481
-1924
-2741
-1587
-1068
-1864
-2019
-941
-423
-1393
-2380
-1900
-492
382
380
298
527
596
247
-30
403
1387
1706
509
-1007
-915
438
909
44
-664
-855
-1539
-2278
-1547
-147
-617
-2721
-3166
-1010
430
-1134
-3224
-2771
-986
-737
-1230
503
3748
4488
2090
753
2943
6074
7456
7823
8108
7498
6523
7274
8922
7959
4637
3685
6234
6921
2689
-1515
-862
1249
-657
-4606
-4897
-2236
-2577
-6794
-8950
-6077
-2971
-4209
-7145
-7018
-4442
-3149
-3424
-2610
-588
-160
-1666
-1494
1973
4718
3221
716
2153
5602
5316
1967
1914
5758
6325
968
-2639
1343
6495
3978
-2766
-3581
1366
2148
-3521
-6302
-1713
1760
-2714
-8236
-5748
477
-13
-6116
-7218
-1441
1444
-2696
-5452
-1264
2675
-250
-3970
-830
4348
2852
-2262
-1690
3686
4758
240
-1902
1109
2892
173
-1868
154
1754
-710
-3372
-2156
44
-867
-3031
-2714
-922
-825
-2066
-2056
-740
-241
-856
-854
64
408
9
141
678
482
63
519
907
-88
-1244
-632
873
869
-651
-1562
-1261
-1048
-1299
-1317
-1344
-1842
-1902
-935
-408
-1498
-2676
-2036
-555
-317
-450
1558
4629
4804
1996
877
3621
7006
8162
7949
7545
6679
6180
7386
8519
6685
3610
3705
6133
5307
517
-2079
219
1737
-1822
-5794
-4779
-2127
-3745
-7482
-7171
-3703
-3199
-6215
-7378
-4943
-2921
-3421
-3507
-1218
621
-553
-1964
225
3892
3908
999
919
4587
6166
2951
348
3022
6544
4201
-1333
-1554
3704
5385
106
-4113
-1292
2559
-70
-5221
-4393
554
479
-5118
-7099
-2398
847
-2655
-6566
-4036
758
146
-3942
-3726
737
1833
-1888
-2869
1872
4793
828
-3307
-498
4606
3898
-649
-1553
1186
1602
-1017
-1678
477
907
-1782
-3453
-1814
-324
-1615
-3240
-2477
-1061
-1361
-2258
-1631
-253
-356
-894
-687
-39
171
13
986
1537
861
-119
-378
307
270
131
606
902
121
-1372
-1812
-1078
-557
-950
-1535
-1842
-2010
-1740
-932
-775
-2110
-3126
-2066
-173
706
1275
2895
4337
3595
1826
2447
6008
8989
8668
6600
5919
7245
8483
7511
4836
3558
5333
7052
4672
-188
-1947
283
1185
-1920
-4688
-3584
-2127
-4387
-7448
-6416
-2982
-2642
-5652
-6880
-4134
-1276
-1768
-3483
-2733
-361
329
-188
1259
3815
3137
-324
-455
4471
7763
4667
386
1535
4970
3355
-1525
-1204
4392
5543
-1049
-5924
-2284
2727
316
-5170
-4343
799
576
-5390
-7417
-2227
1583
-1871
-6222
-4123
498
-30
-3662
-2835
1755
2448
-1608
-2808
1526
4294
888
-2820
-521
3949
3454
-702
-1984
123
617
-1288
-1415
763
837
-2465
-4675
-2902
-272
-572
-2483
-2646
-1471
-1532
-2308
-1421
515
949
-110
-486
334
836
386
283
1330
2017
862
-826
-962
-42
188
-94
338
921
-26
-2211
-3210
-1818
8
-410
-2708
-3862
-2597
-1178
-1666
-2867
-2759
-1599
-703
92
1820
3877
4121
2274
1432
4005
7823
9102
7639
6276
6729
8223
8969
7756
5223
3844
5003
6394
4823
1176
-668
31
-154
-2706
-4426
-3181
-2189
-4743
-7996
-7117
-3455
-2718
-5752
-7215
-4347
-1142
-1486
-3229
-2618
-545
82
177
2375
4902
3604
-215
-495
3879
6710
4390
1625
2916
4587
1640
-2359
-493
5064
5261
-1180
-5203
-2070
1208
-1690
-5557
-3205
1391
-438
-6857
-7977
-2121
1573
-1751
-5384
-3123
535
-846
-3992
-1972
2974
2920
-1776
-2733
2056
4770
1204
-2231
220
4089
2940
-953
-1643
282
230
-1583
-1267
938
713
-2787
-5146
-3590
-952
-667
-1816
-1975
-1606
-2217
-2893
-1898
71
929
275
-533
-430
405
1045
920
642
1100
1680
978
-530
-724
712
1439
200
-1048
-626
-293
-2025
-3878
-2819
-186
41
-2401
-3855
-2791
-1675
-2134
-2468
-1371
-303
-254
450
2766
4382
3410
2106
3690
7159
8726
7379
5920
6723
8740
9065
6664
3904
3700
5505
5864
3304
516
221
807
-999
-4195
-4673
-2370
-1896
-4834
-7025
-5496
-3173
-3790
-5824
-5265
-2412
-1257
-2527
-2687
-626
477
-448
72
3420
5279
2507
-862
589
4950
5960
3121
1953
3917
3724
-698
-3132
862
5479
3286
-2751
-4234
-867
-80
-3932
-5673
-1607
1954
-1225
-6832
-6772
-1905
135
-2461
-3750
-960
821
-1978
-4394
-1050
4036
3451
-1361
-2528
1351
3605
1058
-1274
683
3348
2136
-849
-1237
41
-441
-1982
-1643
-80
-464
-3070
-4765
-3753
-1973
-1729
-2306
-2085
-1708
-2338
-2907
-1862
108
1123
708
38
185
915
1375
1399
1456
1708
1789
1337
480
-103
150
792
769
-119
-1044
-1578
-2084
-2462
-2084
-1325
-1354
-2201
-2744
-2725
-2834
-2912
-2141
-870
-126
456
1762
2811
2204
1409
3186
6898
8874
7639
5698
5834
7951
9701
8892
5803
3595
4648
6660
5488
1656
-267
880
961
-2273
-5035
-3809
-1678
-3433
-7164
-7088
-3494
-2565
-5957
-7857
-4626
-710
-1068
-3251
-2415
57
-134
-1357
1242
5752
5326
168
-1507
3306
7137
4379
633
2653
6070
3028
-3079
-2402
4178
5597
-1117
-5793
-2063
2268
-1220
-7238
-5814
752
1639
-4546
-7784
-3457
611
-1942
-5369
-2414
2661
1315
-4242
-4368
1818
5047
1366
-1979
508
3690
1646
-1800
-200
3972
3663
-637
-2344
-272
367
-1963
-2821
-533
561
-2141
-5050
-4574
-2548
-2217
-2850
-2201
-1155
-1919
-3511
-3047
-590
942
532
65
559
917
943
1790
2929
2586
1240
924
1670
1877
1161
524
491
366
-522
-1487
-1616
-1596
-2304
-2820
-2372
-2076
-2657
-3146
-3111
-3200
-3180
-2322
-1214
-646
158
1795
2863
2292
1834
3565
6448
7797
6968
5773
6054
7879
9401
8411
5188
3222
4872
7244
5751
1305
-688
1041
1500
-2089
-5254
-3725
-1061
-2990
-7486
-7665
-3306
-1514
-4966
-7573
-4832
-1041
-1335
-3077
-1505
1338
758
-1307
673
5297
5520
843
-819
3789
7339
4285
381
2345
5750
2927
-2837
-2268
3706
4795
-1529
-5731
-2220
1575
-1714
-6857
-5264
267
336
-5245
-7363
-2843
710
-1970
-5203
-2482
2215
1294
-3198
-2929
2345
4392
739
-1437
1877
4737
1901
-1989
-337
4194
4265
-36
-2185
-520
181
-1801
-2543
-514
336
-2332
-5106
-4600
-2628
-2430
-3364
-2985
-1860
-2259
-3525
-2935
-605
585
-76
-389
457
908
599
1038
2377
2828
1832
1102
1592
1894
932
116
790
1545
523
-1335
-1922
-1472
-1822
-2972
-3070
-1729
-1006
-2350
-4266
-4321
-2594
-1361
-1420
-983
938
2522
2174
1349
2486
5296
7115
6828
6224
6709
7474
8061
8923
8658
5691
2739
3776
6965
6602
2005
-1237
-96
1133
-1742
-5286
-4309
-1397
-2694
-7060
-8004
-4710
-2903
-4935
-6396
-4055
-1127
-1427
-3053
-2126
455
1177
526
1902
4716
4604
1291
188
3736
6874
5032
1677
2339
4906
3202
-1639
-2145
2652
4682
-32
-4687
-2996
586
-1191
-5905
-5546
-455
664
-4730
-8361
-4629
400
-601
-4343
-3319
1090
1271
-2969
-3580
1758
5112
1775
-1521
1432
5208
2471
-2590
-1224
4666
5720
647
-2748
-1155
250
-1603
-2780
-691
692
-2136
-5838
-5556
-2544
-1540
-3071
-3659
-2408
-1979
-3034
-3011
-973
652
217
-710
-226
1123
1718
1309
959
1323
1922
2013
1556
1046
766
619
508
458
396
-11
-1071
-2358
-2897
-2494
-2069
-2123
-2225
-2336
-2966
-3739
-3548
-2338
-1164
-242
1313
3055
2924
1032
922
4455
8328
8574
6023
4496
5723
8138
9303
8134
5617
4011
4531
5572
4537
1730
172
703
379
-2355
-4487
-3449
-1893
-3401
-6207
-6111
-3709
-3346
-5591
-6295
-3679
-1163
-1542
-2785
-2088
-402
230
812
2992
4735
3132
340
1215
5165
6431
3473
1629
3819
5197
1713
-2087
-298
3901
2941
-2510
-4460
-907
920
-3040
-6640
-3960
526
-672
-5706
-6699
-2628
-316
-2747
-4527
-1669
1392
-313
-3349
-1815
2347
2799
-305
-789
2816
4532
1048
-2132
333
4493
3872
38
-1337
-189
-343
-1860
-1614
386
404
-2892
-5727
-4805
-2298
-1828
-2872
-3026
-2574
-2936
-3424
-2641
-1070
-61
214
365
552
674
947
1539
2115
2199
1805
1419
1335
1384
1401
1336
909
24
-739
-918
-1082
-1809
-2496
-2504
-2369
-2714
-3145
-3107
-2962
-3029
-2792
-2094
-1195
86
1726
2884
2583
1593
2506
5638
7948
7474
5614
5240
7344
9398
8582
5574
3642
4630
6397
5497
2271
363
977
1008
-1702
-4319
-3564
-1633
-2846
-6280
-6956
-4014
-2507
-4967
-6963
-4832
-1518
-1168
-2902
-2869
-783
170
85
1972
4873
4511
851
-511
3226
6900
5443
2136
2625
5052
3416
-1261
-1731
2994
5026
263
-4626
-2981
1047
-244
-5147
-5779
-1495
170
-3765
-6904
-4293
-460
-1440
-4658
-3688
509
1325
-1968
-2975
754
3583
1542
-907
1300
4888
3705
-604
-1138
2835
4981
2303
-941
-1031
-165
-1326
-2727
-1580
120
-1320
-4591
-5389
-3460
-2283
-2972
-3395
-2651
-2299
-3081
-3430
-2070
-146
501
-44
-334
215
1004
1577
1975
2201
2231
2108
1678
1039
990
1702
1920
895
-391
-992
-1231
-1711
-2292
-2319
-1792
-1920
-3116
-3716
-2890
-2418
-3211
-3543
-2441
-1097
-222
753
1849
2289
2104
2610
4589
6714
7142
6228
6045
7539
9282
8902
5947
3281
3914
6422
6583
3484
633
469
882
-996
-3683
-3602
-1604
-2120
-5397
-6717
-4545
-3155
-5139
-6955
-4936
-1430
-970
-2930
-2998
-718
423
18
1334
4418
4920
1602
-449
2621
6806
6094
2254
1817
4584
4160
-188
-1749
2118
4964
1402
-4092
-4334
-648
-305
-4423
-5977
-2247
229
-3129
-7586
-6288
-861
532
-3222
-4649
-1276
1133
-884
-2896
-107
3726
2535
-726
555
4699
4701
139
-1715
2290
5760
3467
-796
-1657
-150
-511
-2420
-1927
-80
-1342
-4693
-5818
-4126
-2494
-2866
-3654
-3072
-2565
-3346
-3735
-2241
-156
319
-631
-1005
-64
1117
1572
1620
1934
2301
2192
1672
1210
1221
1661
1906
1382
327
-481
-814
-1111
-1529
-1774
-1875
-2273
-2888
-3039
-2673
-2526
-2718
-2624
-2306
-2382
-2299
-797
1703
3209
2886
2028
2141
3566
5828
7822
8042
6517
5709
7179
8463
6582
3590
4006
7054
7043
2524
-1001
44
1720
-357
-3692
-3617
-1491
-2258
-5834
-7167
-4685
-2644
-3796
-5394
-4535
-2710
-2397
-2763
-1629
392
852
-10
778
3510
4356
1750
23
2781
6429
5495
1767
1566
4859
4859
-72
-2605
1446
5316
1987
-4191
-4671
-606
-153
-4271
-5485
-1459
489
-3898
-7928
-4947
479
232
-4095
-4574
-407
1487
-1160
-2500
613
3154
1295
-617
1925
5155
3393
-861
-840
3244
4723
1424
-1633
-1205
-193
-1162
-2037
-1029
-408
-2311
-4729
-4734
-3068
-2533
-3477
-3932
-3350
-3039
-3223
-2780
-1565
-615
-358
-275
46
503
937
1361
1806
2172
2356
2165
1334
354
409
1576
2341
1787
578
-530
-1304
-1377
-699
-218
-920
-2418
-3285
-2889
-2149
-1942
-1871
-1655
-2055
-3032
-2944
-930
1682
3263
3520
2720
1168
344
2535
7379
10542
8760
4859
4130
6792
8202
6262
4294
5267
6775
4804
425
-1548
32
1199
-663
-3256
-3664
-2877
-3708
-5944
-6434
-4104
-1891
-2485
-4782
-5890
-4737
-2520
-743
329
917
541
-587
-287
2476
4867
4133
2190
2481
4275
4253
2487
2313
3970
3439
-265
-2017
1263
4407
1602
-3935
-4773
-1037
297
-3000
-5425
-3497
-1278
-2976
-5662
-4356
-712
-506
-3907
-4935
-1202
2291
1295
-1296
-794
1782
2231
623
738
2871
3121
665
-454
1553
3035
1165
-1360
-1069
532
-44
-2404
-3319
-2156
-1586
-2673
-3574
-3356
-2987
-3134
-3130
-2159
-1151
-1410
-2210
-2185
-1114
290
932
683
522
903
1576
2198
2385
2228
2110
1875
1292
770
1000
1687
1357
-267
-1495
-1322
-470
-322
-1460
-2712
-3065
-3080
-2973
-2277
-1430
-1563
-2935
-4046
-3280
-1219
293
925
1908
3283
3240
1568
1335
4846
9444
10133
6373
3252
4676
8175
8788
6156
4346
5143
5502
2947
-44
55
2005
1671
-1500
-3907
-3622
-3027
-4374
-5918
-4902
-2432
-2104
-4469
-6258
-5304
-3039
-1446
-466
333
54
-1552
-2078
690
4606
5227
2348
562
2247
4163
3263
1820
3096
4959
3002
-1322
-1894
2090
3921
-163
-4530
-2962
1195
388
-4714
-6272
-2289
208
-2859
-5956
-3758
-193
-1321
-4873
-4333
7
1825
-611
-2192
-118
1786
558
-537
1781
4430
2996
-519
-917
1666
2629
838
-291
482
276
-1932
-3298
-2216
-806
-1236
-2511
-3003
-3269
-3792
-3739
-2824
-1770
-1584
-2057
-2040
-1645
-1146
-155
752
1046
1053
1095
1420
1751
1763
1932
2141
1798
1260
1036
1208
1431
838
-335
-850
-710
-544
-749
-1629
-2551
-2771
-2435
-1899
-1678
-1846
-2174
-2873
-3082
-1680
281
1292
1544
2128
3063
2961
1948
2671
6231
9348
8220
4437
3417
6459
8796
6941
3777
3611
5336
4667
1285
-788
264
1317
-507
-3374
-4035
-2971
-3103
-4759
-5380
-3930
-2558
-3177
-4682
-4856
-3421
-1787
-748
-44
260
-314
-1061
-161
2571
4552
3791
2011
2052
3418
3505
2401
2743
4654
4619
1156
-1787
-374
2790
2403
-1266
-3101
-1458
-326
-2413
-4782
-3747
-1061
-1339
-4548
-5748
-3037
-722
-2161
-4214
-2687
601
998
-1281
-2004
-77
1282
580
453
2350
3237
850
-1627
-384
2593
2798
412
-897
-164
209
-1138
-2337
-1645
-752
-1683
-3201
-3368
-2615
-2366
-2669
-2606
-2055
-1672
-1737
-1868
-1485
-645
109
572
699
528
471
804
1255
1436
1484
1618
1467
925
553
766
1276
1024
-378
-1363
-820
-122
-791
-2079
-2369
-1729
-1564
-2105
-2062
-1164
-975
-2099
-2692
-1407
341
951
1277
2643
3894
3057
1367
2408
6438
9052
7364
4328
4185
6325
6844
4734
3174
4232
5431
3719
455
-789
207
461
-1284
-2942
-2729
-2032
-3130
-5293
-5649
-3673
-2036
-2653
-4256
-4574
-3284
-1832
-980
-73
844
408
-1072
-747
2361
4858
3754
1271
1451
3746
4183
2315
1964
4134
4505
818
-2252
-160
3591
2583
-2157
-3824
-935
617
-2365
-5134
-3189
-86
-1544
-5554
-5549
-1603
-281
-3388
-5106
-2077
1075
-323
-3250
-2290
1191
1708
-627
-645
2224
2988
292
-1192
890
2709
1224
-800
-159
1146
-113
-2419
-2349
-663
-643
-2297
-2935
-2165
-1985
-2767
-2890
-1975
-1322
-1399
-1332
-834
-574
-660
-314
589
1077
770
643
1196
1590
1380
1271
1502
1338
676
433
913
1164
441
-658
-1082
-778
-585
-921
-1340
-1599
-2084
-2745
-2629
-1366
-191
-525
-2020
-2875
-2036
-401
681
1464
2854
3921
2888
774
1130
4957
8598
8383
5312
3273
4042
5836
6353
5497
4570
4019
3198
1877
609
-89
-39
227
-416
-2174
-3839
-4269
-3731
-3323
-3296
-3150
-2934
-3320
-4446
-4747
-2828
-325
298
-923
-2175
-1805
80
1954
3086
3427
2657
1305
1037
2468
3971
4014
3358
2937
1941
20
-877
836
2939
1734
-1982
-3396
-1167
368
-1599
-3745
-2486
-455
-2006
-5265
-4986
-1435
-187
-3075
-5051
-2690
88
-774
-2674
-1566
970
954
-640
183
2605
2184
-879
-1639
1247
3341
1875
-350
-479
122
-561
-1537
-1098
16
-110
-1579
-2673
-2475
-1916
-1914
-2001
-1578
-1124
-1186
-1581
-1805
-1271
-7
875
545
-305
-255
721
1190
949
1181
1950
1974
560
-690
202
1735
1272
-296
-700
-258
-743
-1851
-1492
27
-105
-2245
-3309
-1742
-72
-720
-2106
-1634
-84
42
-1028
-728
1433
3110
3059
2585
2729
3052
3605
5156
6929
6840
4789
3467
4699
6637
6232
3659
2092
2926
3717
2075
-446
-722
796
503
-2503
-4619
-3412
-1599
-2643
-5219
-5510
-3332
-2261
-3762
-4882
-3226
-942
-971
-2096
-1460
292
579
-7
1145
3285
3037
606
262
3269
5295
3439
1134
2215
4151
2678
-176
529
3408
2645
-1755
-3545
-718
1261
-1272
-4378
-3587
-1213
-1792
-4238
-4280
-2129
-1774
-3768
-4370
-2128
-296
-1323
-2931
-2158
-148
292
-455
-15
1522
1903
711
16
963
1989
1345
-137
-421
451
585
-477
-1140
-663
-324
-1041
-1866
-1799
-1445
-1715
-2167
-1929
-1370
-1454
-1944
-1655
-435
401
-8
-695
-387
488
767
656
1122
1788
1444
258
-310
306
1118
1203
857
620
209
-592
-883
7
859
66
-1703
-2319
-1370
-479
-593
-974
-993
-1095
-1535
-1484
-244
1371
2032
1912
2062
2258
1743
1578
3415
6173
6771
4524
2534
3520
5926
6224
4210
3008
3836
4245
2421
154
-89
1080
1022
-948
-2647
-2347
-1392
-2106
-4077
-4643
-3068
-1856
-2894
-4528
-4189
-2393
-1555
-1972
-1896
-854
-358
-736
-132
1937
2848
1267
-4
1698
4177
3516
1190
1141
2985
3177
769
-243
1621
2399
12
-2464
-1081
1618
382
-3141
-4049
-1802
-711
-2888
-4492
-3028
-1437
-2599
-4351
-3511
-1089
-429
-1895
-2399
-846
320
-441
-827
815
2274
1163
-787
-329
1604
2263
855
-295
608
1126
-37
-1260
-885
508
449
-795
-1597
-1582
-1394
-1792
-1746
-1075
-703
-1066
-1514
-910
0
21
-572
-433
431
1033
707
205
680
1044
808
412
676
1472
1167
251
29
343
256
-316
-592
-116
-16
-1287
-2260
-1803
-801
-397
-909
-1347
-1395
-1591
-1367
-259
1135
1992
1933
1837
1941
1523
1695
3681
6164
6672
4601
2668
3258
5012
5392
4130
3193
3449
3132
1396
-71
111
1147
1044
-783
-2638
-2815
-1745
-1512
-2767
-3562
-2736
-1775
-2305
-3645
-3724
-2302
-1295
-1401
-1360
-735
-656
-1224
-680
1369
2531
1491
411
1333
2818
2543
1358
1741
3161
2831
830
275
1909
2529
299
-1814
-949
800
64
-2408
-3266
-2028
-1780
-3616
-4672
-3299
-1791
-2481
-4147
-4017
-2163
-1247
-2029
-2392
-1297
-396
-716
-821
382
1603
1271
111
136
1451
2060
1238
618
1062
1312
603
-41
174
551
221
-570
-1083
-1224
-1338
-1311
-911
-722
-1328
-2050
-1901
-1116
-632
-635
-482
-74
-15
-244
-87
569
1011
724
444
859
1161
764
407
634
854
386
-228
-122
318
149
-691
-1212
-785
-386
-793
-1088
-545
-7
-517
-1484
-1225
292
1269
1073
1113
2147
2572
1305
499
2407
5398
5926
3631
1846
2643
4395
4728
3593
2737
2793
2533
1435
513
526
985
725
-570
-1722
-1827
-1533
-1781
-2389
-2560
-2283
-2287
-2795
-3147
-2825
-2208
-1791
-1319
-617
-370
-941
-1296
-338
1210
1745
1224
1116
1949
2474
1882
1359
2119
3151
2560
721
176
1645
2619
1188
-1091
-1461
-38
296
-1396
-2809
-2491
-1840
-2559
-3942
-3992
-2853
-2578
-3662
-4213
-2945
-1440
-1501
-2058
-1362
4
331
-309
-56
1300
1670
467
-363
393
1411
1114
155
-7
434
428
71
198
709
646
-46
-649
-894
-1036
-1224
-1173
-1043
-1185
-1436
-1570
-1581
-1088
-238
290
372
-292
-632
-164
417
889
648
563
710
622
702
625
760
767
328
13
-268
-235
16
-11
-207
-480
-635
-679
-679
-466
-435
-785
-974
-614
117
648
741
1051
1742
1850
1372
1692
3300
4851
4781
3369
2578
3355
4464
4480
3511
2698
2442
2153
1633
1149
852
630
89
-596
-974
-1342
-1882
-2325
-2440
-2304
-2528
-3085
-3273
-3100
-2772
-2347
-1852
-1214
-947
-1262
-1414
-825
486
1636
1690
1089
773
1149
1784
1771
1589
2190
2835
2195
553
73
1474
2268
765
-1082
-1061
62
-173
-1871
-2393
-1413
-1151
-2603
-3614
-2396
-1199
-2049
-3822
-3787
-1875
-1045
-1888
-2319
-1125
-74
-757
-1449
-387
1252
1246
155
58
1001
1491
960
772
1185
1210
707
97
129
231
42
-16
-45
-103
-703
-1195
-1002
-902
-994
-1041
-781
-709
-1164
-1050
-467
-262
-407
-568
139
741
169
-415
-276
455
364
-341
-182
599
846
-106
-612
-149
348
312
-169
68
490
128
-654
-752
41
379
-128
-329
503
1495
1728
1415
1374
1855
2283
2551
3057
3530
3167
2239
2073
2895
3141
2102
1254
1592
2115
1562
379
75
589
408
-625
-1258
-964
-598
-1061
-1876
-2015
-1394
-819
-926
-1185
-915
-607
-769
-1032
-850
-215
153
-28
-75
260
323
-131
-238
557
1277
1079
634
569
607
197
-372
-195
484
501
-289
-772
-765
-862
-1204
-1254
-771
-699
-1169
-1614
-1557
-1272
-1351
-1209
-828
-648
-880
-1116
-738
-480
-649
-674
-309
110
-69
-443
-448
-274
-96
-68
-82
-110
-216
-314
-376
-352
-174
-49
-221
-514
-621
-337
-89
-52
36
99
24
-435
-706
-406
61
230
-130
-503
-539
-367
-424
-553
-341
132
232
-267
-564
-486
-205
-236
-414
-214
-95
-376
-855
-481
438
602
87
-55
727
1276
863
283
428
875
688
419
1095
2215
2356
1551
1192
1841
2604
2663
2430
2450
2399
1985
1784
2027
1851
902
275
679
1045
314
-754
-811
-111
-127
-1060
-1528
-929
-304
-559
-1106
-915
-334
-225
-414
-372
32
396
277
14
-109
-270
-188
384
1052
1116
268
-532
-250
555
768
196
-429
-592
-752
-1196
-1236
-528
-36
-636
-1460
-1250
-461
-312
-851
-928
-151
121
-828
-1621
-1081
6
118
-745
-1056
-436
-218
-848
-1168
-620
-275
-888
-1415
-851
-82
-371
-1125
-868
307
821
68
-791
-755
-179
110
80
107
232
141
-101
-111
-11
201
385
403
245
-35
2
-73
-368
-470
-369
-125
-519
-980
-628
-390
-550
-963
-963
-291
-237
-788
-985
-525
8
-117
-383
-209
10
-45
55
588
1036
814
348
488
1124
1470
1194
863
878
886
760
874
1516
2322
2464
1874
1323
1264
1707
2367
2649
2264
1467
776
679
892
753
270
-4
32
-20
-315
-660
-678
-494
-354
-405
-563
-388
-200
-239
-327
-79
609
943
608
-5
-227
179
660
713
308
-171
-415
-403
-319
-353
-523
-705
-826
-913
-882
-739
-703
-896
-1165
-1256
-1064
-691
-427
-518
-744
-653
-224
75
4
-127
-27
-67
-507
-740
-443
-96
-423
-1104
-1111
-677
-523
-851
-1142
-877
-665
-708
-653
-449
-228
-380
-561
-343
-2
255
209
-15
-77
212
695
817
500
280
482
840
893
504
36
-50
169
315
288
202
-110
-751
-1155
-859
-348
-327
-663
-845
-889
-929
-746
-248
93
-132
-635
-660
-73
275
76
-207
-73
205
183
272
483
591
464
365
759
1193
1204
859
680
926
1142
1112
1044
1099
1046
863
909
1170
1372
1205
968
940
927
943
834
755
749
683
625
388
110
-79
-82
73
51
-175
-276
-49
161
73
-49
95
247
203
206
396
423
8
-401
-424
-121
30
-259
-662
-712
-471
-511
-554
-387
-239
-363
-851
-863
-375
-157
-300
-545
-440
-129
-100
-229
-201
-125
-202
-290
-412
-445
-486
-698
-782
-742
-545
-596
-892
-1049
-1128
-877
-611
-535
-685
-970
-965
-866
-725
-653
-737
-723
-582
-235
37
13
50
177
487
750
574
437
277
172
417
617
734
540
80
-193
-177
39
183
83
-176
-411
-642
-632
-300
18
47
-282
-488
-447
-385
-316
-210
-105
-156
-308
-340
-147
19
-20
-42
191
500
527
472
643
937
1011
791
535
537
738
824
844
804
729
649
652
838
897
738
484
327
325
271
112
88
185
208
254
230
252
391
515
621
513
387
436
522
449
235
139
163
266
252
87
87
191
277
230
135
60
-170
-178
73
196
60
-290
-392
-146
120
169
-17
-128
-126
-175
-143
24
173
128
-98
-226
-170
-98
-162
-282
-284
-268
-327
-429
-484
-519
-629
-796
-910
-896
-944
-945
-832
-745
-705
-830
-942
-917
-825
-677
-546
-572
-701
-822
-876
-661
-386
-189
-96
-132
-20
136
246
365
372
235
69
3
18
67
128
127
19
-61
-50
43
153
154
52
-83
-161
-179
-184
-273
-351
-308
-263
-126
-81
-211
-247
-222
-207
-214
-138
-6
18
-56
-56
78
188
307
518
715
794
733
565
424
472
664
818
820
704
566
539
678
901
1071
1062
857
576
391
333
369
403
308
113
-39
17
131
154
147
175
161
87
133
176
132
50
32
227
269
158
203
272
316
270
217
255
252
229
193
158
102
11
-11
32
107
142
155
148
21
-117
-166
-130
-64
-42
-40
-76
-152
-268
-205
-30
46
96
-41
-234
-366
-412
-391
-406
-422
-580
-704
-799
-762
-606
-566
-500
-608
-759
-794
-853
-805
-705
-689
-683
-685
-706
-599
-470
-390
-389
-378
-255
-148
-98
-152
-134
-23
73
73
-55
-81
-65
-44
-55
-84
-61
-120
-179
-210
-168
-73
-136
-272
-216
36
178
87
-63
-200
-233
-212
-177
-44
-62
-226
-238
-152
-4
184
217
175
132
154
352
517
597
588
478
421
522
738
890
958
926
839
797
852
902
848
809
729
685
640
531
380
209
192
170
143
165
184
131
5
32
102
59
-52
-114
-99
-97
-94
-66
13
111
170
219
311
336
259
188
0
0
0
0
0
0
0
0
0
0
0
0
0
0
0
0
0
0
0
0
0
0
0
0
0
0
0
0
0
0
0
0
0
0
0
0
0
0
0
0
0
0
0
0
0
0
0
0
0
0
0
0
0
0
0
0
0
0
0
0
0
0
0
0
0
0
0
0
0
0
0
0
0
0
0
0
0
0
0
0
0
0
0
0
0
0
0
0
0
0
0
0
0
0
0
0
0
0
0
0
0
0
0
0
0
0
0
0
0
0
0
0
0
0
0
0
0
0
0
0
0
0
0
0
0
0
0
0
0
0
0
0
0
0
0
0
0
0
0
0
0
0
0
0
0
0
0
0
0
0
0
0
0
0
0
0
0
0
0
0
0
0
0
0
0
0
0
0
0
0
0
0
0
0
0
0
0
0
0
0
0
0
0
0
0
0
0
0
0
0
0
0
0
0
0
0
0
0
0
0
0
0
0
0
0
0
0
0
0
0
0
0
0
0
0
0
0
0
0
0
0
0
0
0
0
0
0
0
0
0
0
0
0
0
0
0
0
0
0
0
0
0
0
0
0
0
0
0
0
0
0
0
0
0
0
0
0
0
0
0
0
0
0
0
0
0
0
0
0
0
0
0
0
0
0
0
0
0
0
0
0
0
0
0
0
0
0
0
0
0
0
0
0
0
0
0
0
0
0
0
0
0
0
0
0
0
0
0
0
0
0
0
0
0
0
0
0
0
0
0
0
0
0
0
0
0
0
0
0
0
0
0
0
0
0
0
0
0
0
0
0
0
0
0
0
0
0
0
0
0
0
0
0
0
0
0
0
0
0
0
0
0
0
0
0
0
0
0
0
0
0
0
0
0
0
0
0
0
0
0
0
0
0
0
0
0
0
0
0
0
0
0
0
0
0
0
0
0
0
0
