0
0
0
0
0
0
0
0
0
0
0
0
0
0
0
0
0
0
0
0
0
0
0
0
0
0
0
0
0
0
0
0
0
0
0
0
0
0
0
0
0
0
0
0
0
0
0
0
0
0
0
0
0
0
0
0
0
0
0
0
0
0
0
0
0
0
0
0
0
0
0
0
0
0
0
0
0
0
0
0
0
0
0
0
0
0
0
0
0
0
0
0
0
0
0
0
0
0
0
0
0
0
0
0
0
0
0
0
0
0
0
0
0
0
0
0
0
0
0
0
0
0
0
0
0
0
0
0
0
0
0
0
0
0
0
0
0
0
0
0
0
0
0
0
0
0
0
0
0
0
0
0
0
0
0
0
0
0
0
0
0
0
0
0
0
0
0
0
0
0
0
0
0
0
0
0
0
0
0
0
0
0
0
0
0
0
0
0
0
0
0
0
0
0
0
0
0
0
0
0
0
0
0
0
0
0
0
0
0
0
0
0
0
0
0
0
0
0
0
0
0
0
0
0
0
0
0
0
0
0
0
0
0
0
0
0
0
0
0
0
0
0
0
0
0
0
0
0
0
0
0
0
0
0
0
0
0
0
0
0
0
0
0
0
0
0
0
0
0
0
0
0
0
0
0
0
0
0
0
0
0
0
0
0
0
0
0
0
0
0
0
0
0
0
0
0
0
0
0
0
0
0
0
0
0
0
0
0
0
0
0
0
0
0
0
0
0
0
0
0
0
0
0
0
0
0
0
0
0
0
0
0
0
0
0
0
0
0
0
0
0
0
0
0
0
0
0
0
0
0
0
0
0
0
0
0
0
0
0
0
0
0
0
0
0
0
0
0
0
0
0
0
0
0
0
0
0
0
0
0
0
0
0
0
0
0
0
0
0
0
0
0
0
0
0
0
0
0
0
0
-176
-168
-169
-219
-277
-327
-395
-452
-487
-523
-552
-568
-576
-580
-579
-616
-655
-644
-616
-596
-568
-469
-413
-369
-315
-278
-233
-216
-134
-113
-83
-36
-8
60
-2
-17
-17
-72
-48
0
39
20
11
-3
-5
7
11
71
105
87
62
51
88
173
264
350
463
579
680
756
875
1045
1081
1128
1269
1316
1336
1378
1364
1236
1110
956
665
388
135
-73
-246
-478
-666
-790
-855
-831
-725
-616
-543
-428
-338
-191
-18
107
233
256
327
341
249
221
138
45
-108
-227
-299
-527
-706
-830
-1032
-1147
-1214
-1267
-1299
-1402
-1420
-1321
-1231
-1095
-901
-734
-607
-439
-250
-57
100
268
461
559
675
756
759
772
729
650
533
385
232
70
-69
-198
-316
-366
-316
-299
-272
-122
54
236
463
662
821
942
1018
1096
1164
1182
1122
1019
953
878
811
815
786
706
643
527
359
214
82
-42
-126
-184
-260
-370
-435
-413
-418
-474
-508
-532
-532
-472
-435
-416
-387
-432
-516
-559
-594
-628
-643
-666
-681
-674
-691
-743
-770
-782
-769
-668
-559
-505
-395
-277
-214
-109
-1
17
8
28
5
-17
-13
-18
-40
-88
-60
-55
-75
-68
-67
-63
-104
-105
-82
-45
-6
-33
-38
16
129
286
501
702
842
1030
1307
1585
1858
2131
2257
2258
2231
2170
2025
1790
1419
903
418
-74
-515
-786
-1058
-1344
-1555
-1657
-1615
-1393
-1075
-800
-580
-366
-99
222
556
841
969
942
865
771
624
430
227
14
-249
-551
-793
-947
-1087
-1251
-1409
-1541
-1663
-1751
-1812
-1890
-1975
-2022
-1989
-1852
-1599
-1283
-952
-628
-315
12
361
730
1033
1268
1416
1476
1519
1451
1282
1033
756
412
49
-160
-402
-654
-759
-768
-709
-625
-448
-171
84
362
700
988
1275
1535
1729
1912
2020
2095
2153
2081
1860
1626
1369
1119
936
689
397
56
-238
-494
-759
-887
-1012
-1140
-1198
-1245
-1238
-1183
-1125
-1041
-942
-829
-672
-535
-379
-264
-209
-168
-205
-223
-249
-275
-339
-462
-496
-509
-537
-532
-524
-497
-433
-360
-288
-240
-330
-416
-398
-445
-433
-424
-523
-595
-597
-518
-465
-391
-330
-355
-300
-182
-93
-13
49
-23
-54
45
173
364
566
748
904
1166
1456
1798
2298
2736
3133
3400
3505
3530
3423
3279
2924
2345
1657
852
124
-633
-1339
-1963
-2661
-3151
-3394
-3380
-3051
-2586
-2110
-1629
-1105
-544
102
791
1399
1763
1808
1737
1732
1688
1467
1102
641
139
-330
-756
-1092
-1340
-1598
-1884
-2134
-2299
-2306
-2247
-2327
-2509
-2595
-2546
-2402
-2180
-1912
-1584
-1247
-965
-581
4
572
988
1328
1631
1926
2201
2322
2218
1930
1537
1149
781
379
-9
-401
-865
-1206
-1290
-1188
-970
-751
-521
-130
348
889
1502
1939
2193
2397
2531
2672
2765
2681
2479
2147
1720
1371
1106
848
508
62
-266
-469
-764
-971
-1045
-1225
-1361
-1375
-1405
-1304
-1134
-1030
-898
-784
-649
-457
-353
-289
-214
-155
-81
-109
-199
-249
-326
-384
-434
-521
-560
-600
-680
-780
-867
-846
-798
-802
-724
-647
-677
-714
-742
-795
-802
-737
-670
-633
-571
-480
-378
-231
-75
25
65
60
77
140
150
45
-102
-212
-235
-88
229
513
732
1096
1678
2441
3264
3914
4327
4540
4579
4608
4594
4245
3472
2433
1276
123
-885
-1709
-2584
-3673
-4611
-4921
-4624
-4053
-3448
-2797
-2010
-1221
-452
540
1683
2508
2674
2331
2090
2181
2160
1715
929
98
-489
-882
-1218
-1438
-1577
-1791
-2127
-2447
-2456
-2068
-1785
-2120
-2704
-2818
-2523
-2347
-2392
-2415
-2245
-1957
-1593
-953
3
920
1482
1803
2266
2993
3668
3906
3579
2927
2330
1858
1309
664
29
-714
-1589
-2184
-2159
-1732
-1347
-1198
-1082
-645
191
1104
1796
2210
2390
2432
2458
2504
2486
2299
1837
1155
545
256
217
97
-346
-878
-1028
-829
-728
-773
-720
-690
-845
-938
-825
-701
-715
-839
-947
-876
-661
-507
-450
-440
-513
-518
-249
44
42
-74
-74
-112
-212
-153
55
88
-185
-406
-285
-55
-69
-257
-408
-494
-596
-629
-512
-536
-658
-801
-945
-849
-714
-609
-707
-951
-878
-704
-563
-425
-466
-625
-868
-1061
-1044
-1044
-854
-401
-75
272
810
1819
3131
4183
5051
5743
6178
6383
6510
6560
6038
4857
3450
1990
407
-1028
-2126
-3283
-4847
-6335
-6893
-6477
-5798
-5261
-4599
-3602
-2515
-1428
-34
1632
2845
3056
2717
2714
3219
3526
3000
1839
769
203
-69
-361
-652
-860
-1195
-1845
-2457
-2376
-1663
-1382
-2235
-3385
-3645
-3230
-3148
-3520
-3684
-3469
-3247
-3017
-2254
-810
578
1193
1404
2144
3584
4887
5242
4772
4262
4030
3544
2556
1663
1151
364
-965
-1895
-1703
-1071
-968
-1220
-1062
-376
458
1265
1927
2138
1902
1727
1827
1760
1267
694
155
-649
-1393
-1254
-499
-337
-901
-1020
-210
702
1107
1337
1608
1513
946
550
598
386
-604
-1801
-2494
-2707
-2752
-2745
-2780
-2933
-3005
-2599
-1653
-676
-143
129
407
501
438
693
1096
843
-4
-484
-360
-350
-721
-987
-961
-1089
-1459
-1445
-874
-539
-866
-1283
-1419
-1634
-2007
-2140
-2037
-2028
-1973
-1418
-405
562
1389
2574
4275
5935
7192
8309
9326
9860
9815
9418
8616
7184
5200
2949
690
-1370
-3169
-4881
-6698
-8348
-9108
-8720
-7875
-7180
-6297
-4867
-3358
-2116
-681
1152
2586
2926
2675
2773
3273
3455
2931
2049
1314
875
615
450
377
325
152
-263
-807
-1040
-825
-985
-2314
-4129
-5040
-5044
-5319
-6159
-6655
-6414
-6055
-5752
-4717
-2666
-621
582
1505
3013
4942
6517
7261
7204
6735
6278
5833
5106
4045
2851
1618
346
-692
-994
-613
-403
-856
-1240
-771
157
768
984
1011
837
540
415
461
302
-268
-944
-1307
-1290
-945
-323
134
11
-140
507
1567
2043
1900
1775
1709
1285
605
177
-78
-865
-2252
-3242
-3259
-2999
-3144
-3326
-3075
-2622
-2193
-1519
-613
-25
19
6
297
621
706
644
439
-72
-641
-762
-571
-750
-1354
-1720
-1651
-1682
-1966
-2048
-1904
-2095
-2694
-3000
-2645
-2127
-1911
-1639
-793
373
1392
2528
4215
6120
7662
8876
9974
10732
10925
10717
10156
8914
6934
4686
2480
150
-2230
-4211
-5783
-7457
-9107
-9785
-9179
-8218
-7624
-6872
-5378
-3635
-2274
-914
951
2673
3225
2877
2881
3627
4197
3867
3026
2358
2034
1894
1774
1570
1280
867
161
-701
-1136
-1055
-1362
-2790
-4665
-5698
-5758
-5888
-6612
-7211
-7040
-6471
-5938
-4974
-3120
-1052
279
1127
2485
4438
5999
6495
6289
6076
6013
5749
5070
4157
3195
2110
972
260
197
237
-148
-691
-875
-663
-267
134
237
-123
-496
-331
95
56
-415
-636
-572
-755
-955
-391
599
850
339
236
1017
1824
1899
1582
1501
1409
758
17
-56
26
-695
-1825
-2361
-2306
-2239
-2222
-2142
-2169
-2258
-2019
-1412
-902
-727
-682
-669
-778
-780
-370
127
39
-598
-995
-788
-533
-758
-1205
-1483
-1743
-2178
-2482
-2411
-2316
-2557
-2829
-2606
-1851
-836
286
1341
2202
3222
4856
6781
8287
9231
9827
10050
9888
9518
8836
7512
5547
3252
884
-1341
-3189
-4686
-6210
-7859
-8948
-8811
-7887
-7100
-6448
-5329
-3824
-2495
-1318
174
1832
2775
2603
2161
2440
3076
2929
1915
1059
868
839
576
296
241
290
148
-282
-638
-454
-127
-753
-2431
-3767
-3914
-3864
-4702
-5796
-5957
-5380
-5092
-5067
-4273
-2493
-866
-123
609
2365
4488
5572
5583
5621
6039
6139
5550
4765
4229
3627
2511
1236
530
410
253
-230
-753
-917
-636
-273
-258
-515
-631
-535
-508
-717
-999
-1081
-1014
-1154
-1522
-1510
-772
65
260
117
529
1528
2182
2081
1917
2240
2471
1919
1047
677
528
-210
-1347
-1958
-1939
-2067
-2566
-2940
-2882
-2529
-2309
-2260
-1987
-1631
-1451
-1279
-1105
-988
-879
-891
-1143
-1525
-1644
-1453
-1473
-1850
-2222
-2240
-1886
-1715
-1861
-1646
-1002
-546
-368
256
1728
3134
3632
4018
5259
6778
7515
7652
7979
8296
8017
7430
6879
5899
4269
2485
755
-1092
-2798
-4030
-5256
-6892
-8227
-8295
-7489
-6949
-6653
-5669
-3877
-2532
-1837
-614
1319
2764
2637
2088
2630
3819
4149
3101
2142
2121
2206
1692
1121
1234
1478
929
-206
-823
-488
-96
-758
-2356
-3602
-3790
-3666
-4255
-5366
-5995
-5890
-5725
-5724
-5052
-3308
-1698
-1317
-1124
476
2929
4384
4500
4510
5047
5476
5244
4736
4384
3889
2879
1753
1167
1140
1066
466
-449
-981
-808
-390
-288
-560
-965
-1224
-1131
-871
-869
-1090
-1137
-1139
-1427
-1468
-577
551
686
206
487
1616
2383
2335
2201
2414
2447
1942
1502
1567
1515
705
-342
-812
-781
-864
-1195
-1563
-1991
-2270
-2293
-2085
-1909
-1991
-1989
-2006
-2076
-2101
-1998
-1770
-1921
-2316
-2429
-2063
-1700
-1900
-2222
-2027
-1590
-1573
-1674
-1221
-538
-369
-352
377
1606
2508
2959
3621
4820
6145
7023
7340
7399
7535
7676
7367
6461
5113
3791
2331
339
-1656
-2965
-3615
-4879
-6803
-7759
-7272
-6445
-6282
-6028
-4822
-3203
-2031
-1255
-27
1671
2668
2361
1867
2427
3486
3543
2408
1473
1547
1820
1394
740
790
1189
862
-110
-495
145
536
-459
-2095
-2797
-2474
-2511
-3651
-4916
-5170
-4868
-4869
-5094
-4533
-3114
-2124
-1890
-1479
213
2361
3317
3216
3294
4229
5107
5093
4568
4207
4010
3399
2416
1897
2049
1900
986
-7
-177
49
-132
-513
-947
-1314
-1647
-1756
-1742
-2052
-2261
-2131
-1983
-2092
-1994
-1182
-360
-315
-472
282
1603
2172
1900
1983
2714
3036
2583
2260
2504
2472
1629
799
728
850
401
-334
-800
-1115
-1530
-1891
-2137
-2507
-3022
-3354
-3389
-3468
-3695
-3571
-3068
-3028
-3476
-3222
-2185
-1789
-2233
-2108
-1133
-564
-775
-731
67
833
991
1208
2183
3307
3769
4092
5134
6525
7366
7672
7964
8149
7939
7413
6574
5300
3678
1850
-179
-2332
-4112
-5292
-6605
-8330
-9535
-9499
-8593
-7810
-7414
-6437
-4536
-2807
-1735
-422
1593
3263
3610
3393
3948
5042
5313
4445
3563
3431
3541
3203
2551
2206
2312
2183
1315
490
589
891
74
-1720
-3054
-3352
-3678
-4811
-6135
-6709
-6507
-6490
-6912
-6623
-5237
-3926
-3398
-2823
-1085
1329
2801
3144
3720
4970
5892
5915
5694
5824
5831
5049
3831
3231
3382
3131
1934
728
307
274
-25
-648
-1349
-1970
-2467
-2784
-2903
-3020
-3283
-3497
-3544
-3618
-3530
-2813
-1805
-1324
-1179
-483
818
1866
2234
2525
3253
3853
3735
3461
3749
4003
3341
2374
2018
1856
1214
282
-313
-536
-995
-1658
-2098
-2477
-2866
-3159
-3476
-3770
-3996
-4040
-3860
-3933
-4222
-4013
-3292
-2818
-2963
-3040
-2332
-1530
-1465
-1446
-637
376
818
1266
2471
3853
4624
5192
6334
7835
8819
9110
9327
9647
9513
8672
7499
6205
4554
2442
112
-2081
-3918
-5530
-7338
-9289
-10552
-10595
-10043
-9721
-9398
-8303
-6392
-4420
-2888
-1392
577
2414
3111
3145
3958
5433
5922
5010
4199
4429
4837
4420
3600
3311
3401
3059
2184
1615
1770
1853
797
-1084
-2384
-2680
-3068
-4549
-6181
-6880
-6982
-7264
-7849
-7606
-6356
-5197
-4789
-4320
-2501
-78
1409
1939
2732
4125
5349
5770
5695
5929
6162
5862
5032
4408
4547
4418
3446
2278
1684
1670
1268
432
-353
-1178
-1978
-2634
-3186
-3861
-4508
-4722
-4812
-5096
-5143
-4499
-3460
-2630
-2075
-1227
222
1637
2392
2865
3723
4674
5007
4835
4779
4823
4416
3510
2722
2307
1784
879
-45
-702
-1210
-1674
-2128
-2714
-3344
-3645
-3674
-3921
-4378
-4478
-4231
-4301
-4734
-4705
-3942
-3259
-3235
-3292
-2747
-1982
-1658
-1414
-476
828
1580
1945
2872
4386
5640
6448
7404
8598
9422
9677
9826
9986
9612
8442
6899
5326
3566
1441
-875
-3058
-4994
-6865
-8750
-10212
-10763
-10610
-10375
-10138
-9371
-7801
-5892
-4258
-2792
-938
1156
2551
3068
3783
5279
6452
6156
5153
5013
5654
5614
4603
3946
4261
4386
3385
2147
1923
2200
1484
-375
-1958
-2481
-2899
-4289
-6089
-6998
-7017
-7295
-8084
-8290
-7288
-5956
-5320
-4942
-3619
-1338
540
1345
2093
3657
5215
5675
5505
5828
6512
6525
5739
5096
5077
5052
4392
3364
2584
2176
1751
956
-136
-1178
-2018
-2844
-3805
-4737
-5358
-5631
-5847
-6228
-6407
-5747
-4444
-3474
-3071
-2227
-425
1315
2071
2577
3826
5192
5455
4976
5064
5685
5530
4285
3147
2870
2687
1740
468
-253
-563
-1162
-2019
-2585
-2808
-3065
-3473
-3934
-4299
-4350
-4092
-4021
-4387
-4587
-4125
-3556
-3538
-3597
-3006
-2199
-1999
-2018
-1262
84
948
1240
1955
3428
4806
5555
6370
7817
9155
9524
9440
9800
10220
9712
8262
6584
4957
3069
744
-1660
-3673
-5443
-7461
-9488
-10627
-10676
-10437
-10414
-10102
-8939
-7206
-5504
-3895
-2084
-173
1322
2165
2800
3825
5085
5644
5154
4605
4930
5491
5173
4359
4209
4541
4134
2976
2349
2574
2401
992
-830
-1835
-2169
-3015
-4779
-6436
-7056
-7144
-7654
-8343
-8152
-7015
-6047
-5665
-4815
-2799
-593
625
1276
2481
4196
5439
5864
6057
6445
6759
6610
6146
5885
5879
5513
4489
3399
2832
2457
1671
508
-669
-1753
-2766
-3636
-4389
-5158
-5908
-6417
-6609
-6627
-6398
-5621
-4486
-3569
-2887
-1669
261
1886
2659
3360
4539
5540
5606
5362
5706
5938
5167
4007
3409
3276
2669
1368
331
-167
-833
-1816
-2609
-3078
-3687
-4452
-4876
-5100
-5335
-5365
-5279
-5286
-5380
-5133
-4178
-3380
-3376
-3147
-2149
-1251
-932
-529
560
1757
2346
2900
4063
5312
6093
6706
7684
8921
9592
9473
9443
9695
9326
8056
6527
5140
3589
1545
-709
-2752
-4516
-6236
-8136
-9836
-10611
-10528
-10356
-10242
-9537
-8005
-6295
-4937
-3533
-1547
521
1744
2320
3265
4668
5558
5418
4917
5024
5572
5421
4453
3982
4369
4294
3176
2204
2190
2300
1420
-285
-1632
-2111
-2675
-4169
-5845
-6581
-6709
-7270
-8148
-8247
-7245
-6195
-5833
-5347
-3680
-1389
114
736
1690
3417
4942
5507
5688
6254
6895
6875
6323
6027
6137
5964
5099
4040
3438
3172
2597
1471
180
-915
-1918
-3042
-4153
-5008
-5671
-6348
-6918
-7037
-6626
-5905
-5064
-4195
-3273
-2037
-333
1372
2467
3151
4066
5082
5545
5560
5741
5887
5282
4139
3377
3100
2532
1388
268
-365
-873
-1677
-2484
-2874
-3145
-3761
-4491
-4861
-4937
-5034
-5185
-5292
-5329
-5191
-4756
-4188
-3788
-3497
-2928
-2051
-1232
-500
507
1742
2746
3480
4366
5546
6683
7504
8173
8934
9556
9629
9389
9299
8997
7813
6055
4514
3091
1144
-1201
-3227
-4856
-6653
-8605
-9864
-10070
-9959
-10128
-10083
-9148
-7608
-6199
-4938
-3281
-1229
458
1375
2139
3432
4831
5317
4890
4713
5364
5945
5531
4693
4582
5005
4653
3305
2400
2677
2692
1076
-1119
-2074
-2092
-2967
-5068
-6793
-7083
-6961
-7684
-8605
-8266
-6872
-5960
-5841
-5124
-3066
-830
202
539
1655
3537
4869
5187
5459
6352
7038
6758
6214
6206
6458
6120
4949
3793
3228
2741
1898
800
-332
-1319
-2255
-3283
-4187
-4744
-5173
-5781
-6335
-6362
-5830
-5066
-4343
-3660
-2701
-1232
420
1639
2443
3518
4702
5144
4882
4850
5359
5436
4463
3269
2945
2911
2029
808
32
-270
-739
-1722
-2361
-2543
-2955
-3744
-4664
-5192
-5227
-5185
-5269
-5634
-5821
-5236
-4521
-4263
-4061
-3363
-2270
-1666
-1354
-294
1224
2426
3089
3882
5214
6449
7467
8489
9417
9892
9758
9521
9477
9164
8003
6213
4523
2943
936
-1273
-3087
-4597
-6296
-8307
-9762
-9939
-9666
-9832
-9911
-9105
-7676
-6447
-5391
-3719
-1554
125
1001
1790
3181
4826
5733
5623
5423
5949
6665
6449
5445
4977
5284
5083
3748
2473
2390
2669
1581
-653
-2073
-2162
-2430
-4401
-6674
-7215
-6999
-7619
-8992
-9093
-7472
-6480
-6592
-6282
-4243
-1441
-206
117
1287
3362
4958
5146
5347
6376
7142
6764
5924
5928
6467
6286
5194
4124
3648
3366
2613
1318
48
-875
-1760
-3015
-4345
-5134
-5530
-6089
-6816
-7117
-6590
-5528
-4547
-3977
-3254
-1637
351
1494
2069
3213
4735
5490
5066
4928
5566
5766
5005
3649
3067
3039
2310
1144
93
-372
-785
-1819
-2633
-2930
-3206
-3615
-4378
-4937
-5018
-5072
-5012
-5286
-5534
-5191
-4620
-4015
-3681
-3123
-2032
-1073
-469
232
1540
3015
3870
4344
5286
6716
7845
8362
8708
9227
9477
9209
8794
8296
7405
5765
3874
2194
421
-1423
-3313
-5089
-6901
-8758
-9812
-10006
-10039
-10199
-9978
-8971
-7481
-6063
-4752
-2976
-964
403
1066
1956
3562
5015
5349
4982
5035
5681
6055
5649
5132
5235
5448
4869
3769
3244
3468
3314
1910
-86
-1265
-1522
-2335
-4396
-6350
-6935
-7007
-7951
-9195
-9038
-7537
-6604
-6803
-6267
-3953
-1582
-778
-465
1075
3312
4472
4416
4719
5980
6836
6423
5886
6200
6598
6056
4920
4098
3837
3556
2686
1345
98
-816
-1828
-2957
-4032
-4938
-5480
-5891
-6195
-6338
-5956
-4973
-4154
-3495
-2511
-1002
486
1342
2103
3225
4337
4797
4776
5017
5323
5170
4385
3688
3495
2883
1758
781
206
-319
-1178
-2073
-2729
-3186
-3558
-4076
-4687
-5039
-5180
-5306
-5465
-5620
-5419
-4864
-4353
-3852
-3159
-2374
-1631
-845
104
1153
2181
3172
4135
5079
5975
6822
7743
8675
9260
9343
9295
9392
9229
8322
6892
5442
3958
2046
-285
-2453
-4119
-5720
-7737
-9696
-10539
-10338
-10174
-10235
-9650
-8115
-6443
-5309
-4166
-2239
-198
999
1456
2156
3659
5077
5250
4561
4818
5907
6264
5466
4786
5362
5667
4743
3480
3164
3612
2901
1032
-662
-1235
-1464
-2962
-5086
-6330
-6662
-7075
-8129
-8990
-8390
-6987
-6378
-6451
-5676
-3402
-1216
-485
-49
1580
3709
4725
4632
4819
5726
6309
5908
5227
5216
5530
5167
4165
3402
3207
2939
2089
991
89
-704
-1603
-2646
-3580
-4210
-4748
-5151
-5530
-5710
-5054
-4095
-3475
-3098
-2324
-573
937
1444
1999
3275
4538
4660
4259
4430
4939
4755
3630
2944
2856
2291
1057
-77
-347
-683
-1766
-2790
-3235
-3298
-3749
-4609
-5049
-4929
-4787
-5038
-5356
-5238
-4628
-3931
-3480
-3246
-2911
-1989
-918
-158
623
1734
3176
4155
4724
5855
7464
8892
9454
9710
10240
10473
10182
9411
8532
7235
5244
3024
784
-1326
-3327
-5135
-7001
-9082
-10694
-11129
-10744
-10554
-10558
-9717
-7734
-5963
-5054
-3904
-1763
369
1279
1471
2257
4017
5117
4668
4159
4761
5975
6038
5011
4871
5646
5969
5055
3860
3828
4199
3467
1460
-253
-615
-1031
-2834
-5227
-6528
-6639
-7070
-8456
-9272
-8426
-7286
-7081
-7002
-5550
-3037
-1453
-1155
-483
1333
3204
3904
3827
4394
5586
6005
5387
4999
5503
5898
5205
3986
3522
3865
3720
2426
994
377
-21
-1009
-2320
-3308
-3961
-4544
-5175
-5626
-5509
-5005
-4364
-3922
-3354
-2129
-630
726
1435
2024
3007
3813
4202
4096
4273
4774
4190
3019
2592
2724
2374
913
-336
-418
-702
-1626
-2421
-2750
-2764
-3512
-4470
-4450
-4261
-4295
-4559
-4727
-4442
-4185
-3741
-3238
-3026
-2722
-2018
-1031
-327
210
1298
2759
3793
4445
5487
7147
8551
9173
9650
10155
10345
10118
9469
8485
6972
4973
3066
1035
-1432
-3710
-5573
-7476
-9588
-11125
-11273
-10971
-11227
-11262
-10157
-8239
-6594
-5530
-3969
-1577
380
1094
1325
2454
4264
5027
4470
4339
5417
6381
6205
5436
5661
6811
6835
5683
4821
5085
5469
4032
1854
626
18
-877
-3088
-5341
-6155
-6683
-7648
-9158
-9725
-8421
-7503
-7447
-7192
-5606
-2992
-1615
-1273
-433
1418
3193
3549
3531
4336
5337
5361
4599
4462
5162
5334
4464
3512
3324
3762
3463
2241
1423
806
36
-912
-1930
-2577
-3294
-3982
-4757
-5490
-5308
-4519
-3821
-3577
-3336
-2162
-240
887
1099
1692
2810
3587
3235
2817
3517
3989
3195
1946
1390
1748
1606
327
-571
-564
-598
-1240
-2066
-2197
-2063
-2616
-3497
-3895
-3903
-3957
-4218
-4412
-4391
-4166
-3541
-3070
-2861
-2554
-1782
-667
-108
480
1722
3246
4217
4543
5649
7516
8839
9048
9018
9634
10157
9705
8627
7684
6601
4821
2512
282
-1560
-3353
-5389
-7594
-9645
-10854
-10989
-10907
-11035
-10704
-9466
-7787
-6429
-5247
-3514
-1479
-86
473
1209
2872
4461
4730
4162
4175
5225
6079
5713
5238
5880
6697
6298
5209
4987
5646
5462
3646
1616
914
859
-390
-3034
-5270
-6023
-6410
-7700
-9197
-9233
-8030
-7405
-7692
-7099
-4862
-2499
-1561
-1478
-233
1985
3383
3446
3343
4322
5115
4827
4463
4607
5256
5210
4193
3463
3351
3482
2923
1793
1016
331
-398
-1182
-2103
-3014
-3841
-4384
-4747
-4925
-4696
-3957
-3085
-2658
-2162
-1038
454
1398
1547
2115
3103
3643
3364
2893
3183
3160
2221
1441
1245
1370
961
-56
-512
-689
-1151
-1488
-1764
-1859
-2188
-3014
-3200
-3081
-3452
-3708
-3739
-3655
-3468
-3306
-2731
-2301
-2318
-2022
-1550
-832
-178
324
1471
2823
3653
4271
5394
6772
7731
8245
8599
9069
9372
9227
8664
7628
6254
4757
3021
841
-1495
-3441
-5021
-6884
-9009
-10359
-10502
-10311
-10448
-10238
-8869
-6990
-5667
-4749
-3274
-1297
134
510
749
2076
3611
4041
3505
3474
4499
5004
4646
4207
4631
5576
5464
4640
4264
4869
5138
3726
2092
1460
1376
330
-2120
-3966
-4552
-5042
-6343
-7979
-8147
-7170
-6749
-6917
-6623
-4884
-2744
-1915
-1593
-439
1435
2900
3125
3243
4141
4888
4855
4204
4010
4484
4299
3527
2850
2786
2901
2145
1205
523
93
-310
-1310
-2182
-2582
-3159
-3664
-3909
-4075
-3754
-3034
-2440
-2081
-1731
-775
495
1049
1170
1636
2295
2487
2184
1966
2111
2089
1426
901
833
762
233
-548
-633
-737
-1270
-1536
-1601
-1643
-2124
-2696
-2640
-2538
-2692
-2791
-2785
-2527
-2485
-2479
-1932
-1602
-1593
-1707
-1460
-595
46
592
1403
2546
3651
4305
5178
6655
8031
8641
8556
8592
9068
8871
7911
6598
5259
4193
2227
-144
-1880
-3447
-4955
-7113
-9263
-9877
-9768
-9959
-10398
-9992
-8193
-6421
-5531
-4585
-2746
-663
463
427
908
2633
3795
3548
2801
3050
4399
4940
4199
3912
4769
5598
5060
3914
4076
4849
4631
2872
1215
1446
1508
-82
-2400
-3828
-3911
-4468
-6136
-7452
-7292
-6445
-6260
-6766
-6151
-3820
-2029
-1709
-1497
-44
2026
2803
2515
2900
3903
4311
3858
3380
3696
4147
3740
2833
2462
2603
2287
1351
324
-276
-777
-1473
-2188
-2806
-3130
-3463
-3518
-3435
-3516
-2924
-2022
-1420
-1051
-783
149
1280
1389
1226
1651
2308
2334
1594
1499
1774
1493
696
-50
188
235
-526
-980
-905
-663
-871
-1565
-1743
-1692
-2137
-2448
-2632
-2485
-2345
-2620
-2348
-2019
-1870
-1527
-1124
-983
-1139
-847
-124
478
706
1255
2555
3720
4389
5207
6752
8322
8895
8860
9170
9724
9535
8464
7124
5861
4462
2536
489
-1506
-3257
-4963
-7102
-8849
-9757
-9846
-9950
-10398
-10100
-8893
-7232
-5907
-4787
-3064
-1076
152
408
969
2500
3753
3449
2513
2657
3798
4353
3745
3293
3941
4887
4799
3997
3915
4690
4701
3202
1571
1176
1471
452
-1757
-3432
-3824
-3989
-5431
-6828
-6841
-6065
-5959
-6667
-6163
-4244
-2598
-2270
-2226
-914
977
1881
1733
1874
2826
3578
3367
2961
3264
3869
3717
2699
2085
2335
2471
1733
456
-277
-505
-1193
-2001
-2444
-2770
-2928
-3155
-3313
-2972
-2532
-1942
-1324
-1134
-678
302
1311
1943
1912
2031
2529
2519
2140
1731
1477
1295
429
-433
-439
-361
-723
-1460
-1879
-1547
-1402
-1618
-1742
-1908
-1964
-2164
-2406
-2195
-2138
-2229
-2019
-1910
-1790
-1383
-1055
-978
-1163
-1003
-152
579
1231
2141
3343
4489
5228
6505
8187
9272
9498
9324
9784
10061
9192
7891
6617
5396
3464
1074
-646
-2048
-3763
-5976
-8041
-9212
-9621
-9727
-9878
-9837
-9011
-7554
-6261
-5100
-3574
-1654
-255
127
472
1520
2941
3342
2582
2240
3010
3904
3658
3067
3496
4419
4487
3704
3481
4213
4584
3547
1942
1297
1492
948
-903
-2707
-3406
-3681
-4641
-6084
-6646
-6204
-5984
-6494
-6575
-5109
-3383
-2775
-2769
-2006
-305
943
1401
1792
2520
3198
3235
3195
3483
3721
3570
2931
2415
2254
2043
1550
583
-328
-727
-1089
-1700
-2449
-2972
-3202
-3591
-3883
-3617
-3040
-2401
-1916
-1429
-502
659
1733
2334
2462
2784
3130
3049
2629
2190
1950
1330
292
-408
-614
-683
-1104
-1642
-1807
-1682
-1580
-1628
-1573
-1524
-1653
-1877
-1998
-1596
-1421
-1694
-1624
-1482
-1289
-1212
-1406
-1220
-962
-868
-610
-53
953
2183
3189
4053
5275
6780
8228
9219
9485
9510
9728
9849
9249
7988
6737
5565
3925
1733
-264
-1660
-3220
-5599
-8007
-9221
-9487
-9908
-10632
-10726
-9630
-8051
-6832
-5777
-4042
-1733
-32
417
678
1941
3351
3687
2932
2728
3730
4366
3889
3018
3492
4743
4588
3342
2919
4135
4856
3551
1776
1327
1693
911
-1197
-2850
-3129
-3386
-4911
-6743
-7058
-6065
-5817
-6756
-6956
-5290
-3339
-2853
-3011
-2111
-337
794
847
955
1888
2822
2862
2441
2701
3628
3903
3315
2815
2859
2997
2422
1263
493
-100
-929
-1672
-2636
-3251
-3467
-3822
-3930
-4107
-3843
-2896
-2071
-1548
-1131
-104
1354
2244
2265
2425
3220
3409
2780
2105
1832
1734
752
-381
-646
-850
-1222
-1642
-1804
-1595
-1696
-1800
-1660
-1614
-1637
-1937
-2080
-1796
-1691
-1716
-1624
-1396
-1253
-1377
-1239
-790
-542
-365
194
1066
1847
2506
3368
4543
5610
6542
7684
8756
9412
9617
9608
9762
9485
8279
7000
5745
3975
1879
-116
-1665
-3390
-6018
-8394
-9220
-9430
-10123
-10804
-10540
-9127
-7747
-6817
-5417
-3458
-1537
-432
-122
595
2201
3637
3621
2766
2983
4084
4513
4064
3600
4061
4756
4170
3139
3164
3874
3885
2417
871
796
1067
57
-2060
-3666
-3826
-4025
-5404
-6695
-6636
-5785
-5741
-6549
-6324
-4627
-3052
-2652
-2738
-1781
-22
1005
1219
1461
2247
2960
2920
2794
3036
3440
3529
3023
2563
2513
2659
2418
1504
494
-270
-770
-1458
-2611
-3581
-4075
-4265
-4564
-4757
-4220
-3428
-2767
-2335
-1723
-299
1114
1859
2154
2588
3313
3458
3188
2768
2263
1935
1149
391
-48
-712
-1197
-1640
-2033
-2081
-2025
-1911
-1931
-2063
-1995
-1729
-1558
-1654
-1785
-1666
-1484
-1542
-1522
-1212
-777
-502
-504
-93
651
1455
2246
2992
4132
5033
5936
7286
8508
9406
9721
9777
9933
9917
9223
8037
6790
5308
3507
1328
-777
-2416
-4157
-6416
-8436
-9335
-9501
-9892
-10475
-10272
-9126
-7834
-6917
-5706
-3735
-1761
-667
-342
567
2298
3720
3895
3357
3352
4071
4757
4298
3833
4206
4485
4238
3313
3252
4148
3935
2432
951
633
887
-194
-2214
-3407
-3948
-4488
-5754
-6794
-6396
-6040
-6288
-6559
-5911
-4326
-3136
-2786
-2486
-1332
75
933
1312
1781
2534
2903
2809
2797
3177
3535
3282
2647
2283
2345
2328
1839
1008
187
-478
-1097
-1730
-2469
-3254
-3904
-4251
-4273
-4245
-3983
-3309
-2390
-1796
-1455
-277
1108
1840
2090
2192
2766
3135
2886
2603
2328
2017
1226
393
165
-219
-773
-1352
-1829
-1923
-2147
-2141
-1901
-1986
-1998
-1859
-1484
-1277
-1547
-1536
-1323
-1130
-1172
-1373
-965
-533
-447
-250
395
1543
2450
3238
4255
5276
6265
7299
8473
9344
9484
9411
9652
9766
9262
8013
6542
5234
3499
1248
-791
-2250
-3923
-6087
-8157
-9158
-9203
-9722
-10296
-10186
-9200
-7935
-7142
-5912
-3988
-2081
-1024
-641
391
2246
3751
3902
3337
3550
4643
5229
4673
4150
4545
5069
4488
3402
3350
4013
3985
2460
868
682
974
259
-1905
-3521
-3705
-3986
-5156
-6456
-6476
-5920
-6104
-6665
-6399
-4892
-3394
-3019
-3062
-2191
-543
745
1043
1383
2249
2853
3061
2965
3265
3748
3631
3077
2290
2093
2305
1849
817
-382
-1015
-1269
-1890
-2612
-3440
-3878
-3821
-4042
-4136
-3821
-2976
-1975
-1691
-1326
-195
1280
2197
2083
2144
2776
3288
3180
2361
1895
1759
1220
300
-546
-597
-578
-1231
-1909
-2066
-1693
-1479
-1896
-2336
-2301
-2083
-2077
-2207
-2199
-1871
-1658
-1846
-2040
-1646
-658
-230
-301
76
1276
2747
3470
4165
5266
6546
7688
8461
9442
10267
10526
10267
9907
9632
8674
7088
5458
3705
1682
-339
-2094
-3671
-5645
-7826
-9083
-9310
-9405
-9935
-10217
-9293
-7927
-7142
-6269
-4566
-2502
-1103
-749
-265
1371
3162
3725
3247
3093
4042
5007
4751
4132
4397
5048
4818
3614
2878
3509
4086
3058
1082
36
380
216
-1707
-3789
-4265
-4042
-4892
-6507
-6970
-6072
-5641
-6364
-6916
-5558
-3528
-3006
-3165
-2493
-699
678
949
1498
2492
3344
3558
3316
3706
4327
4280
3942
3421
3087
3041
2544
1736
667
-247
-861
-1617
-2336
-3081
-3681
-4099
-4386
-4393
-4148
-3532
-2633
-1973
-1538
-672
602
1681
1902
1832
2271
2564
2380
1788
1428
1338
635
-217
-759
-895
-989
-1579
-1847
-1760
-1667
-1468
-1488
-1429
-1374
-1527
-1594
-1587
-1480
-1426
-1467
-1380
-1290
-1156
-710
-275
-70
337
1150
2222
3141
3806
4665
5732
6990
8129
8928
9641
9982
9982
9877
9656
9013
7771
6217
4306
2212
113
-1803
-3431
-5343
-7626
-9323
-9852
-9819
-10021
-10359
-9794
-8369
-7133
-6305
-5050
-2797
-971
-572
-333
1133
3310
4171
3467
3134
4012
4978
4891
4267
4456
5103
4947
4010
3493
4182
4677
3541
1483
198
315
73
-1666
-3669
-4636
-4783
-5556
-7034
-7355
-6283
-5760
-6459
-6841
-5409
-3252
-2456
-2642
-2176
-702
679
1077
1257
2130
3021
3178
2984
3242
4060
4400
3910
3125
2627
2606
2360
1579
358
-877
-1621
-2109
-2787
-3745
-4322
-4474
-4701
-4679
-4235
-3276
-2123
-1547
-1265
-477
942
2021
2246
2208
2279
2397
2083
1490
1226
1046
430
-623
-1263
-1118
-1100
-1512
-1810
-1839
-1620
-1333
-1372
-1508
-1680
-1828
-1717
-1875
-1975
-1774
-1637
-1414
-1535
-1517
-939
-358
331
811
1445
2688
3859
4814
5688
6910
8391
9441
10113
10534
10855
10876
10364
9475
8274
6892
5284
3263
926
-1236
-3008
-4901
-7266
-9385
-10242
-10162
-10356
-10986
-10910
-9571
-7985
-7082
-6142
-4121
-1782
-682
-562
342
2451
4051
3957
3342
3936
5476
6051
5135
4568
5395
6182
5497
4156
4017
4907
4580
2404
402
35
220
-951
-3343
-4902
-4941
-5207
-6861
-8398
-7938
-6365
-6060
-6962
-6685
-4505
-2597
-2524
-2800
-1504
530
1372
1105
1292
2488
3527
3459
3181
3685
4403
4429
3734
3039
2857
2690
1904
667
-474
-1235
-1827
-2583
-3475
-4204
-4555
-4634
-4643
-4394
-3575
-2487
-1796
-1525
-932
348
1682
2240
2147
2218
2613
2594
1932
1381
1302
989
33
-815
-885
-656
-870
-1422
-1766
-1700
-1548
-1575
-1761
-1932
-1945
-1898
-1957
-2112
-2163
-1953
-1653
-1739
-2063
-1865
-1059
-171
121
455
1715
3234
4429
5135
6144
7882
9321
10137
10405
10804
11505
11354
10456
9180
7893
6820
4996
2404
-25
-1793
-3500
-5905
-8286
-9492
-9617
-9945
-10997
-11488
-10366
-8797
-8171
-7630
-5782
-3117
-1359
-1020
-554
1332
3444
3926
3215
3207
4511
5721
5494
4624
4801
5859
6054
4911
4057
4585
5095
3859
1639
487
579
27
-2102
-4311
-5083
-5097
-5795
-7249
-7966
-7133
-6263
-6572
-6875
-5695
-3577
-2328
-2402
-2166
-671
998
1635
1544
2250
3472
3827
3601
3528
4012
4458
4105
3397
2887
2631
2300
1619
411
-889
-1558
-2028
-2894
-3956
-4558
-4416
-4270
-4446
-4317
-3358
-2051
-1416
-1062
-102
1173
2054
2012
1712
2127
2485
2119
1518
909
490
28
-715
-1084
-963
-870
-1078
-1527
-1739
-1620
-1532
-1431
-1489
-1672
-1718
-1906
-2078
-2087
-1906
-1646
-1793
-2108
-1908
-982
-45
422
865
1917
3356
4522
5585
6795
8379
9793
10316
10383
10675
11333
11501
10591
9083
7640
6413
4769
2392
-51
-1905
-3582
-5807
-8149
-9463
-9559
-9720
-10655
-11246
-10316
-8452
-7252
-6534
-5084
-2899
-1356
-1190
-806
894
2895
3310
2369
2483
3996
5179
4712
3913
4634
5843
5744
4362
3760
4788
5303
3837
1707
1033
1433
488
-2109
-4260
-4742
-4810
-6089
-7777
-7962
-6760
-6156
-6750
-6827
-5261
-3373
-2723
-2765
-1968
-202
1151
1366
1395
2224
3334
3675
3383
3411
3899
4030
3366
2488
2058
1960
1657
919
5
-701
-1069
-1447
-2228
-3301
-3962
-3863
-3693
-3975
-4037
-3120
-1854
-1317
-1234
-342
1231
2061
1878
1578
2053
2478
1993
1490
1270
1118
498
-405
-625
-845
-1374
-1912
-2385
-2421
-2548
-2771
-2741
-2750
-2684
-2585
-2393
-1976
-1598
-1334
-1062
-804
-944
-1030
-441
338
839
1248
2421
3968
5019
5856
6894
8483
9771
10332
10702
10956
11327
11177
10214
8857
7468
6396
4631
2024
-467
-2414
-4072
-6503
-8996
-10199
-10248
-10313
-11186
-11378
-9919
-7987
-6904
-6260
-4637
-2328
-905
-714
-207
1596
3427
3568
2640
2899
4660
5787
5097
4209
4768
5796
5473
4233
3976
4877
5045
3378
1349
765
970
141
-2014
-4052
-4799
-5088
-6283
-7787
-8081
-7176
-6522
-6873
-6988
-5555
-3474
-2492
-2521
-1977
-309
1224
1649
1721
2447
3452
3715
3282
3159
3664
3987
3539
2725
2178
1929
1594
909
-79
-985
-1389
-1648
-2403
-3405
-3915
-3832
-3802
-4223
-4361
-3310
-1961
-1514
-1452
-498
1132
2004
1829
1724
2504
3037
2569
1809
1460
1487
720
-448
-1027
-995
-945
-1645
-2377
-2750
-2861
-2803
-3006
-3246
-3119
-2739
-2505
-2533
-2467
-1870
-1224
-1267
-1586
-1205
-57
831
1127
1743
3180
4701
5648
6593
8327
10267
11226
11301
11370
11866
12051
11207
9713
8034
6505
4726
2342
-16
-1837
-3260
-5137
-7667
-9566
-9942
-9591
-9939
-10821
-10502
-8883
-7410
-6599
-5736
-3689
-1503
-919
-806
485
2687
3974
3349
2551
3374
4883
5083
4228
4208
5268
5608
4434
3540
4095
4743
3832
1691
460
542
173
-1536
-3724
-4908
-5237
-6016
-7164
-7680
-7199
-6456
-6496
-6591
-5441
-3489
-2098
-1919
-1704
-424
1016
1769
1966
2292
2941
3267
3123
3156
3549
3731
3395
2554
1777
1639
1527
1062
251
-900
-1676
-1928
-2331
-3175
-3900
-4109
-4101
-4150
-4181
-3455
-2081
-1298
-1067
-475
834
2385
2881
2666
3038
3414
3281
2607
1923
1858
1295
127
-672
-1005
-1006
-1281
-2147
-2910
-3297
-3392
-3298
-3518
-3775
-3761
-3451
-3093
-3014
-2570
-1896
-1674
-1913
-1915
-1015
336
1227
1544
2300
3804
5349
6469
7733
9562
11023
11517
11462
11786
12297
12021
10599
8540
6985
5595
3527
1141
-964
-2760
-4815
-7235
-9152
-9850
-9775
-10004
-10763
-10815
-9579
-8044
-6858
-5719
-4004
-2075
-1032
-563
611
2545
3963
3822
3183
3896
5279
5801
5283
4943
5655
6021
5203
4257
4315
4770
3922
1823
236
71
-118
-1705
-3854
-5068
-5272
-5784
-6972
-7588
-6925
-6052
-6066
-6141
-5005
-3076
-1841
-1534
-1033
160
1502
2183
2424
2805
3195
3398
3240
3093
3081
2959
2728
2181
1419
719
363
151
-550
-1651
-2453
-2650
-2778
-3353
-4115
-4463
-4414
-4465
-4568
-4115
-2971
-1914
-1510
-1145
-65
1391
2229
2367
2641
3214
3445
3079
2701
2604
2336
1482
442
-301
-869
-1408
-2210
-2975
-3639
-4155
-4183
-4259
-4310
-4372
-4122
-3473
-3169
-2873
-2265
-1490
-1198
-1424
-1134
-81
1062
1819
2623
3955
5529
6774
7890
9458
11150
12111
12205
12236
12653
12845
11976
10081
8037
6285
4278
1630
-984
-2944
-4753
-7082
-9382
-10551
-10589
-10552
-10964
-11078
-10041
-8252
-6794
-5706
-4051
-1875
-433
-6
738
2549
4289
4677
4213
4420
5529
6184
5716
5225
5627
6066
5417
4231
3868
4244
3839
2012
78
-677
-903
-2031
-4007
-5518
-6026
-6397
-7323
-8087
-7672
-6551
-6057
-6133
-5466
-3602
-1752
-895
-439
540
1950
2950
3376
3770
4234
4301
4005
3745
3667
3661
3171
2406
1452
477
28
-480
-1124
-2176
-3481
-4190
-4612
-5028
-5500
-5680
-5547
-5550
-5528
-5151
-3956
-2445
-1569
-1010
-112
1519
3025
3546
3995
4574
4941
4852
4241
4122
3960
3016
1798
646
26
-692
-1843
-2771
-3572
-4326
-4870
-5148
-5073
-4940
-4953
-4824
-4585
-4244
-3683
-3236
-2976
-2695
-2181
-1177
154
1437
2676
4076
5619
7159
8767
10553
12147
12998
13143
13230
13586
13628
12627
10745
8701
6690
4471
1980
-522
-2785
-5036
-7515
-9861
-11337
-11624
-11562
-12002
-12177
-11088
-9263
-7627
-6327
-4546
-2213
-555
124
968
2933
4953
5563
4944
4997
6317
7039
6658
5939
6111
6659
5767
4264
3652
4035
3779
1650
-773
-1644
-1715
-2968
-5264
-6849
-7038
-7084
-8079
-8959
-8274
-6687
-5929
-5946
-5045
-2610
-271
617
928
2022
3624
4526
4580
4677
5164
5381
4874
4130
3823
3815
3384
2288
1037
181
-389
-1075
-2070
-3318
-4458
-5198
-5529
-5891
-6324
-6394
-6131
-5932
-5881
-5266
-3974
-2554
-1626
-1088
249
1965
3142
3932
4418
5203
5781
5422
5136
5083
4796
3944
2448
1421
880
-122
-1423
-2740
-3757
-4404
-5164
-5825
-6149
-6333
-6339
-6283
-6104
-5559
-4699
-3843
-3371
-2904
-1949
-675
708
1983
3253
4879
6535
8105
9794
11567
13084
13684
13769
14050
14178
13564
11937
9944
8007
5603
2784
29
-2200
-4260
-6830
-9307
-10904
-11480
-11653
-12060
-12112
-11306
-9965
-8583
-7352
-5697
-3461
-1553
-420
486
2154
4331
5315
5015
4878
5839
7062
7044
6299
6238
6844
6539
4963
3927
4270
4223
2431
33
-1254
-1450
-2463
-4686
-6780
-7687
-7834
-8658
-9443
-9204
-8063
-6983
-6647
-5742
-3589
-1014
630
1325
2349
3881
5058
5490
5772
6195
6343
5863
5118
4695
4395
3763
2763
1650
733
-69
-902
-1684
-2761
-4113
-4945
-5380
-5977
-6678
-7189
-6918
-6306
-6168
-5928
-4985
-3537
-2265
-1557
-763
884
2654
3687
4384
5004
5890
6444
6069
5833
5509
4742
3842
2582
1544
531
-850
-2200
-3544
-4505
-5120
-5670
-6133
-6528
-6618
-6440
-6295
-6150
-5704
-4996
-4337
-3857
-3160
-1924
-499
766
2058
3726
5537
7084
8529
10372
12253
13361
13705
13861
14299
14296
13246
11394
9391
7479
5188
2653
-196
-2643
-4690
-7268
-9605
-11084
-11570
-11740
-12260
-12351
-11478
-9890
-8250
-6794
-4907
-2706
-1175
-152
1259
3262
5140
5601
5047
5465
6953
7814
7346
6741
6962
7233
6349
4791
4233
4442
3767
1441
-930
-1671
-2029
-3300
-5541
-7314
-7841
-8251
-8880
-9311
-8808
-7754
-7112
-6677
-5627
-3497
-1164
248
1001
2135
3886
5398
5931
6039
6383
6434
6031
5506
4988
4622
3991
2780
1538
582
-216
-978
-2082
-3567
-4943
-5709
-5984
-6413
-7067
-7405
-7208
-6903
-6620
-5967
-4638
-3158
-2151
-1286
27
1878
3286
3950
4538
5171
5654
5627
5612
5572
5107
4288
3100
2305
1431
205
-853
-2309
-3645
-4677
-5694
-6105
-6585
-7253
-7387
-7087
-6447
-5992
-5626
-4835
-3927
-2974
-1945
-617
1036
2456
3806
5250
6802
8634
10464
12117
13313
13906
14435
14881
14772
13724
11822
9807
7666
5174
2552
1
-2381
-5056
-7821
-9777
-10832
-11458
-12179
-12651
-12206
-11220
-10136
-8861
-7091
-4834
-2918
-1815
-844
788
2940
4434
4768
4927
5742
7084
7756
7338
7316
7899
7912
6843
5430
5299
5821
4678
1805
-606
-1354
-1928
-4009
-6701
-8112
-8322
-8946
-10291
-10741
-9435
-7911
-7525
-7294
-5621
-2826
-853
-23
915
2584
4254
4974
5390
6091
6677
6540
5838
5564
5606
5208
4222
3099
2204
1313
420
-490
-1645
-3084
-4389
-5071
-5562
-6429
-7278
-7452
-7230
-7225
-7155
-6544
-5175
-3665
-3023
-2367
-709
1331
2917
3675
4297
5379
6152
6230
6055
5890
5647
4870
3579
2585
1709
619
-718
-2372
-3565
-4386
-5054
-5776
-6743
-7209
-7264
-7144
-6874
-6497
-5858
-5143
-4414
-3560
-2369
-728
1038
2547
3861
5375
7264
9433
11324
12614
13346
13679
14202
14570
14143
12799
10796
8972
6870
4248
1793
-543
-2709
-5389
-8322
-9964
-10527
-10897
-11728
-12402
-11619
-10221
-9275
-8202
-6297
-4042
-2481
-1951
-1161
1123
3407
4084
3839
4320
6100
7574
7456
7062
7744
8676
8349
6818
5912
6271
5989
3702
790
-743
-1216
-2598
-5314
-7606
-8315
-8445
-9371
-10529
-10152
-8490
-7546
-7456
-6632
-4274
-1535
-244
204
1638
3628
5004
5439
5571
6218
6556
6075
5547
5205
4985
4518
3319
2116
1223
483
16
-1024
-2364
-3531
-4551
-4915
-5454
-6347
-6916
-6992
-6790
-6768
-6477
-5568
-4242
-3296
-2853
-1782
-51
1665
2666
3129
4009
4837
5214
5203
5170
5254
4618
3592
2661
1993
1409
131
-1233
-2428
-3508
-4018
-4739
-5663
-6363
-6936
-6843
-6587
-6586
-6398
-5829
-4791
-4049
-3407
-1921
47
1804
3077
4427
6498
9031
10994
12068
12924
13764
14465
14655
14011
12842
11423
9483
6951
4307
1997
-54
-2384
-5194
-7862
-9496
-10114
-10597
-11365
-11702
-10994
-9876
-8892
-7854
-5941
-3478
-2175
-1828
-919
1283
3418
3824
3514
3995
5613
6929
6699
6642
7572
8358
7935
6435
5962
6627
6056
3427
529
-692
-1020
-2633
-5542
-7661
-8189
-8600
-10002
-11079
-10226
-8403
-7533
-7459
-6276
-3446
-755
412
997
2375
4190
5404
5878
6154
6370
6344
6043
5600
5056
4627
4379
3718
2567
1199
431
281
-599
-2213
-3839
-4588
-4734
-5613
-6733
-7280
-7219
-7009
-7229
-7035
-5813
-4542
-3748
-3256
-2130
-50
1467
2177
2702
3532
4581
4943
4926
4991
5003
4643
3807
3048
2604
2087
1111
-263
-1718
-2902
-3701
-4454
-5480
-6618
-7234
-7128
-6979
-7077
-6797
-5793
-4620
-3872
-3153
-1601
460
1988
3116
4598
6835
9288
10961
11927
12847
13783
14068
13700
12786
11600
10275
8192
5821
3434
1360
-527
-3104
-5773
-7683
-8485
-9039
-10181
-10980
-10515
-9309
-8555
-8065
-6666
-4459
-2864
-2449
-2051
-400
1816
2664
2294
2623
4195
5641
5844
5672
6550
7899
8066
7075
6490
6943
6987
5265
2626
827
73
-1074
-3475
-5968
-7151
-7529
-8572
-10031
-10105
-8626
-7498
-7634
-7405
-5424
-2821
-1485
-1046
260
2367
3985
4447
4985
6336
7236
7080
6158
5763
5974
5725
4793
3305
2127
1442
801
-117
-1314
-2390
-3237
-4003
-4849
-5639
-6240
-6544
-6696
-6865
-6669
-5756
-4590
-3693
-2954
-2113
-900
194
1092
1996
2525
2892
2821
2880
3565
3667
3308
2991
2635
2434
1898
1047
487
-265
-1456
-2735
-3673
-4164
-4988
-5868
-6174
-6316
-6318
-6178
-5876
-5247
-4628
-3805
-2506
-1006
730
2276
3901
6202
8360
10176
11535
12498
13352
13605
13260
12372
11222
9865
7754
5173
2959
1222
-628
-3033
-5421
-6835
-7687
-8580
-9635
-10155
-9329
-8406
-7958
-7352
-5924
-3679
-2571
-2637
-2098
-633
1019
1548
1278
1900
3587
4993
5270
5613
6915
8221
8287
7302
6867
7324
7126
5310
3047
1794
1183
-245
-2770
-4963
-5818
-6260
-7652
-9377
-9671
-8518
-7724
-7942
-7634
-5705
-3294
-1936
-1324
-114
1829
3348
3897
4305
5223
6020
5944
5446
5246
5249
4988
4261
3337
2543
2038
1631
958
-149
-1282
-2023
-2505
-3155
-4355
-5244
-5458
-5708
-6144
-6586
-6044
-4843
-4206
-3904
-3407
-2132
-651
10
472
1317
2298
3072
3157
3163
3385
3221
2912
2404
2056
1927
1403
620
-417
-1294
-1770
-2353
-3287
-4347
-4954
-5104
-5407
-5996
-6214
-5760
-5193
-4918
-4411
-3036
-1294
-51
832
2240
4407
6645
8384
9746
11002
12112
12914
13250
12954
12085
10936
9490
7396
4923
2905
1332
-788
-3706
-6179
-7216
-7572
-8459
-9607
-9725
-8765
-8033
-7852
-7002
-5103
-3488
-3114
-3056
-1804
139
1218
1183
1222
2431
3833
4303
4353
5009
6373
7017
6341
5733
6157
6790
6045
3821
2020
1434
872
-773
-3145
-4648
-5161
-5875
-7008
-7742
-7345
-6604
-6549
-6723
-6040
-4362
-2831
-2223
-1876
-835
634
1702
2282
2883
3720
4313
4319
4245
4488
4590
4245
3662
2880
2078
1631
1406
915
-100
-1161
-1519
-1469
-1983
-2804
-3033
-2854
-3031
-3613
-3527
-2666
-2145
-2300
-2598
-2157
-1218
-707
-543
-366
152
746
962
1280
1755
1911
1860
1652
1480
1395
924
299
-345
-1236
-1971
-2426
-2700
-2931
-3471
-3934
-4026
-4089
-4160
-4059
-3678
-3282
-3102
-2605
-1443
-32
1223
2235
3619
5435
7034
8280
9099
9841
10408
10478
10205
9456
8545
7375
5702
3807
1950
447
-1174
-3135
-4830
-5885
-6332
-6764
-7305
-7264
-6551
-5693
-5170
-4536
-3089
-1711
-1330
-1611
-1257
150
1136
977
461
917
2185
2684
2260
2311
3547
4558
4136
3268
3614
4654
4497
2922
1334
988
882
-326
-2220
-3579
-3912
-4358
-5474
-6344
-6087
-5135
-4730
-4979
-4717
-3306
-1729
-1080
-942
-310
654
1113
1178
1550
2197
2462
2274
2246
2602
2880
2785
2527
2250
1892
1610
1627
1639
1214
514
21
-231
-653
-1291
-1764
-1929
-2107
-2505
-2816
-2516
-1752
-1319
-1321
-1273
-767
-98
162
273
357
485
679
748
976
1248
1221
964
592
299
63
-293
-601
-1098
-1880
-2547
-3063
-3354
-3606
-3888
-4001
-4163
-4241
-3987
-3369
-2685
-2311
-1928
-1066
168
1286
2164
3160
4588
6237
7666
8670
9332
9834
10148
10011
9268
8169
7040
5701
3839
1776
117
-1118
-2506
-4308
-5905
-6588
-6631
-6864
-7198
-6758
-5683
-4972
-4503
-3422
-1814
-702
-691
-805
172
1597
2040
1565
1360
2054
2875
2892
2714
3205
4130
4381
3686
3214
3650
4175
3272
1470
356
45
-379
-1844
-3612
-4462
-4685
-5259
-6209
-6415
-5511
-4587
-4484
-4541
-3613
-1871
-687
-513
-378
342
1317
1806
1770
1990
2495
2567
2239
2124
2378
2539
2310
1963
1637
1342
1198
1143
916
335
-317
-565
-539
-940
-1660
-1941
-1991
-2228
-2578
-2586
-1814
-1297
-1401
-1330
-844
-25
215
23
149
394
610
494
474
798
899
665
424
439
427
165
-213
-638
-1255
-1898
-2301
-2698
-3369
-4071
-4284
-4107
-4050
-4063
-3680
-2998
-2616
-2493
-1881
-548
755
1440
1984
3198
5080
6882
8068
8792
9478
10209
10608
10299
9419
8403
7217
5421
3120
1168
-29
-1212
-3172
-5381
-6624
-6816
-7018
-7578
-7658
-6914
-6106
-5659
-4951
-3512
-1907
-1032
-923
-660
407
1666
2046
1569
1394
2144
3011
3071
2870
3518
4614
4701
3718
3286
4061
4532
3349
1396
409
398
-187
-1953
-3619
-4045
-4041
-4918
-6117
-6115
-5049
-4498
-4862
-4839
-3547
-1772
-799
-661
-296
740
1660
1926
2054
2480
2846
2660
2161
1975
2272
2501
2237
1719
1405
1424
1453
1347
848
227
-76
-187
-366
-964
-1354
-1337
-1476
-1926
-2362
-2051
-1351
-1075
-1419
-1532
-859
-339
-361
-567
-440
-67
-154
-392
-216
38
87
-255
-609
-385
-346
-662
-943
-1248
-1548
-2037
-2457
-2689
-3062
-3378
-3475
-3454
-3469
-3448
-2970
-2201
-1796
-1431
-503
755
1795
2514
3570
5276
6885
7785
8368
9154
9937
10023
9312
8393
7487
6387
4709
2780
1218
-99
-1555
-3460
-5131
-5932
-6248
-6657
-7288
-7225
-6271
-5415
-5034
-4498
-3093
-1561
-1101
-1376
-1004
466
1484
1133
700
1310
2677
3248
2587
2486
3591
4584
4143
3061
3291
4339
4266
2761
1453
1451
1590
435
-1591
-2922
-3098
-3387
-4647
-5815
-5725
-4745
-4251
-4601
-4280
-2679
-1133
-675
-786
-259
1038
1747
1579
1607
1987
2378
2125
1647
1791
2080
2124
1716
1438
1417
1263
1290
1244
1004
434
-127
-116
-258
-790
-1335
-1497
-1432
-1870
-2184
-1751
-1037
-904
-1525
-1449
-639
-429
-761
-1001
-683
-279
-726
-1083
-673
-139
52
-524
-812
-569
-660
-824
-1203
-1549
-1738
-2138
-2431
-2673
-2872
-2794
-2758
-2906
-3016
-2869
-2227
-1589
-1337
-870
9
1029
1892
2645
3960
5715
6910
7408
7899
8724
9450
9441
8752
7828
6877
5703
3997
2120
758
-333
-1931
-3947
-5416
-5845
-5881
-6392
-7129
-7023
-6027
-5302
-5078
-4238
-2538
-1253
-1168
-1364
-590
886
1603
1123
792
1610
2667
2781
2401
2688
3651
4164
3681
3103
3410
4133
3955
2563
1313
1191
1214
141
-1633
-2787
-2954
-3268
-4445
-5353
-4939
-4038
-3858
-4116
-3644
-2177
-932
-782
-739
181
1176
1359
1228
1410
1827
1960
1630
1455
1633
1728
1638
1579
1541
1516
1377
1174
1036
691
491
499
491
146
-566
-737
-604
-624
-985
-1302
-899
-680
-996
-1349
-1191
-665
-856
-1339
-1397
-1161
-951
-1162
-1270
-1253
-1268
-1056
-1058
-1062
-971
-1143
-1189
-1310
-1656
-1790
-2103
-2508
-2731
-2840
-2535
-2485
-2689
-2655
-2280
-1508
-1159
-945
-53
1155
1931
2268
3051
4659
6239
6980
7163
7524
8503
9139
8858
8155
7161
6236
5011
3364
1739
252
-770
-2159
-4106
-5422
-5814
-5624
-5911
-6649
-6571
-5733
-4821
-4376
-3808
-2364
-1108
-895
-1090
-348
1331
2044
1368
936
1730
2846
2837
2298
2583
3517
4016
3340
2630
3147
3945
3461
1818
827
1071
1011
-335
-2104
-2966
-3094
-3607
-4654
-5201
-4670
-4069
-4094
-4194
-3434
-1973
-1092
-923
-757
-17
924
1208
1129
1259
1696
1924
1752
1751
2101
2466
2497
2197
1850
1687
1818
1998
1564
738
332
384
467
57
-695
-927
-633
-759
-1230
-1241
-812
-466
-787
-1389
-1365
-1007
-812
-1030
-1326
-1298
-1414
-1515
-1600
-1543
-1268
-1453
-1428
-1209
-1354
-1307
-1285
-1368
-1518
-1907
-1929
-1776
-2051
-2315
-2457
-2425
-2238
-2383
-2281
-1551
-823
-247
425
1399
2448
3230
4095
5460
6982
7749
7799
8033
8550
8746
7999
6795
5814
4571
3152
1461
-323
-1360
-2492
-3989
-5201
-5887
-5841
-5896
-6201
-6120
-5581
-4730
-4223
-3654
-2474
-1370
-979
-1183
-692
715
1552
1188
721
1379
2550
2869
2469
2648
3514
3754
2930
2377
3101
3967
3446
1951
1049
1141
1088
28
-1444
-2344
-2776
-3490
-4391
-4700
-4283
-3913
-3992
-3931
-3156
-1914
-995
-665
-439
49
553
915
1200
1417
1588
1439
1313
1309
1280
1464
1468
1405
1215
1014
1447
1830
1697
1274
940
1122
1254
894
282
-130
-31
-263
-986
-1118
-774
-462
-596
-1128
-899
-407
-466
-703
-1140
-1074
-978
-1535
-1649
-1676
-1748
-1697
-1915
-1707
-1685
-1929
-1681
-1737
-1996
-2270
-2448
-2103
-2140
-2498
-2455
-2257
-2037
-2009
-1839
-1173
-665
-334
210
1009
1999
2671
3286
4467
5854
7011
7413
7625
8411
8769
8379
7443
6309
5453
4300
2612
806
-495
-1510
-2947
-4497
-5529
-5810
-5799
-6151
-6529
-6206
-5377
-4677
-4186
-3377
-1930
-807
-808
-873
98
1587
2117
1459
1136
2017
2915
2602
2202
2796
3837
3824
2665
2420
3222
3671
2643
900
328
525
231
-1037
-2386
-2857
-2982
-3622
-4570
-4747
-4015
-3391
-3638
-3901
-2912
-1319
-541
-548
-404
213
885
1135
1155
1377
1657
1642
1426
1399
1571
1737
1825
1690
1318
1103
1343
1651
1399
837
717
853
727
342
-1
17
-28
-534
-860
-563
-253
-456
-959
-1036
-696
-656
-788
-1056
-1076
-794
-1081
-1369
-1438
-1439
-1340
-1630
-1740
-1640
-1839
-1918
-2002
-2235
-2309
-2336
-2165
-2107
-2402
-2379
-2186
-2027
-1931
-1952
-1384
-655
-483
-101
811
1984
2934
3293
4182
5811
7101
7620
7481
7754
8437
8435
7521
6249
5351
4342
2763
1097
-217
-1279
-2652
-4275
-5455
-5878
-6005
-6261
-6450
-6213
-5609
-5032
-4482
-3599
-2389
-1446
-1135
-908
-52
1151
1713
1443
1261
1821
2525
2571
2343
2737
3530
3671
2997
2596
3198
3845
3271
1790
830
839
569
-675
-2028
-2626
-2788
-3339
-4350
-4653
-3855
-3426
-3809
-4173
-3373
-1777
-1034
-953
-714
180
985
1034
1088
1404
1804
1653
1083
870
1084
1370
1358
1132
935
972
1278
1543
1398
970
759
835
838
528
222
197
176
-70
-438
-454
-43
0
-526
-874
-619
-296
-444
-831
-867
-564
-650
-1003
-1142
-1052
-1004
-1475
-1908
-1813
-1756
-1934
-2217
-2451
-2474
-2633
-2717
-2524
-2558
-2467
-2200
-2134
-2046
-1863
-1377
-698
-325
-43
728
1738
2435
2933
3704
5113
6550
7137
7251
7671
8401
8656
7837
6685
5960
5043
3444
1590
115
-922
-2262
-4123
-5680
-6260
-6168
-6280
-6772
-6757
-5872
-4937
-4528
-4030
-2663
-1281
-938
-1110
-599
939
2054
1781
1177
1535
2623
2891
2356
2443
3294
3790
3098
2214
2509
3401
3445
2041
645
685
870
-49
-1702
-2860
-2913
-3119
-4069
-4803
-4414
-3403
-3129
-3610
-3492
-2035
-562
-233
-295
232
1203
1683
1503
1486
1830
1905
1589
1281
1297
1598
1668
1364
1053
928
1080
1368
1395
986
552
549
504
12
-417
-355
-55
-128
-800
-1018
-362
-40
-419
-1116
-1112
-390
-430
-828
-927
-586
-134
-522
-970
-789
-560
-647
-1177
-1640
-1569
-1650
-1935
-2298
-2606
-2477
-2402
-2329
-2425
-2695
-2505
-2131
-2054
-2253
-2087
-1474
-848
-696
-412
775
2044
2807
3107
3958
5491
6688
7267
7284
7693
8359
8284
7543
6540
5892
4955
3188
1373
20
-755
-1983
-3876
-5451
-6121
-6024
-6347
-6917
-6782
-5968
-5043
-4505
-3833
-2404
-925
-497
-735
-366
905
1976
1849
1279
1532
2435
2859
2487
2334
3092
3702
3152
2337
2451
3216
3170
1754
465
363
451
-350
-1782
-2684
-2758
-3165
-4226
-4909
-4563
-3686
-3463
-3936
-3740
-2522
-1253
-685
-621
-230
660
1361
1570
1693
2083
2468
2369
1985
1865
2004
2024
1842
1580
1382
1313
1313
1240
904
609
639
580
154
-274
-451
-332
-347
-923
-1134
-745
-368
-467
-975
-701
-85
-187
-769
-1139
-683
-368
-806
-1066
-917
-595
-565
-1087
-1346
-1308
-1469
-1716
-2118
-2391
-2433
-2577
-2560
-2704
-2885
-2524
-2216
-2102
-2198
-2097
-1389
-902
-727
-302
790
2073
2679
3190
4393
5970
7089
7364
7392
7939
8528
8258
7286
6284
5508
4450
2692
895
-289
-1353
-2845
-4472
-5556
-5855
-6057
-6568
-6770
-6344
-5555
-4783
-4295
-3548
-2129
-902
-629
-748
-84
1343
1985
1356
977
1741
2655
2635
2213
2624
3606
3703
2774
2403
3201
3691
2742
1328
737
706
231
-1059
-2415
-3068
-3309
-3967
-4832
-5040
-4535
-3875
-3803
-3811
-3105
-1709
-508
-414
-351
324
1196
1747
1753
2003
2284
2363
2316
2190
2453
2414
2055
1683
1123
1073
1306
1413
1183
543
287
452
504
188
-247
-427
-451
-744
-1156
-844
-266
-181
-504
-781
-386
-121
-408
-659
-860
-791
-904
-1172
-1103
-1131
-1092
-1125
-1368
-1336
-1441
-1714
-1760
-2121
-2534
-2685
-2718
-2559
-2723
-2786
-2367
-1942
-1769
-1841
-1545
-864
-372
-100
519
1540
2336
2850
3400
4432
5811
6647
6843
7165
7776
8112
7821
7116
6488
5760
4385
2641
1237
218
-950
-2586
-4332
-5465
-5833
-5966
-6412
-6800
-6470
-5714
-5141
-4630
-3547
-2202
-1337
-1152
-1012
92
1298
1486
992
800
1638
2230
2088
2083
2448
3289
3249
2522
2514
3128
3848
3234
1907
1304
1175
900
-457
-2031
-2640
-3089
-3924
-4811
-5044
-4377
-3972
-4245
-4230
-3402
-1981
-1063
-899
-479
248
1049
1497
1496
1874
2367
2620
2415
2027
2370
2829
2831
2380
1823
1840
2000
1707
1135
578
220
-100
-676
-1090
-1156
-1108
-1115
-1341
-1407
-917
-244
-92
-246
-339
-203
94
-67
-200
-92
-166
-369
-806
-825
-567
-701
-926
-1436
-1689
-1511
-1654
-1936
-2245
-2381
-2324
-2466
-2638
-2538
-2303
-2181
-2244
-2449
-2327
-1799
-1303
-1108
-929
-314
725
1699
2156
2781
4022
5336
6254
6650
7156
7886
8220
8181
7779
7067
6265
5090
3682
2163
493
-862
-2288
-3991
-5341
-6115
-6223
-6395
-6819
-6509
-5686
-4892
-4453
-3866
-2361
-1079
-892
-1124
-572
686
1328
974
620
1242
2136
2419
2089
2189
3253
3805
3366
2832
3161
4128
3966
2548
1390
1243
1208
-74
-2009
-3156
-3355
-3734
-4867
-5583
-5152
-4318
-4171
-4497
-3958
-2500
-1218
-799
-723
25
1073
1466
1345
1559
2184
2259
1868
1800
2047
2338
2197
1860
1743
1645
1768
1900
1744
1400
850
533
515
176
-471
-949
-1014
-902
-1185
-1560
-1266
-650
-466
-698
-725
-200
232
152
-172
-257
-89
-147
-401
-620
-710
-1042
-1341
-1388
-1509
-1534
-1827
-2073
-2267
-2511
-2453
-2427
-2424
-2606
-2694
-2429
-2128
-2121
-2062
-1736
-1460
-1031
-667
61
1048
1724
2394
2981
3984
5264
6342
7174
7448
7792
8267
8314
7892
6949
6126
5235
3537
1632
107
-756
-1817
-3814
-5443
-6167
-6327
-6460
-6873
-6699
-5897
-5112
-4583
-3895
-2421
-1070
-612
-642
-364
704
1406
1163
837
1079
1962
2335
2042
2127
2785
3685
3589
2878
3056
3719
3828
2569
1063
878
1026
68
-1716
-3037
-3278
-3606
-4757
-5476
-5269
-4627
-4408
-4660
-4002
-2586
-1343
-791
-577
191
952
1484
1943
2237
2525
2386
2235
2320
2269
2213
2036
2056
1965
1366
1104
1405
1446
833
14
-178
97
-291
-906
-1069
-878
-870
-1515
-1783
-1179
-295
-204
-730
-678
-162
506
535
119
268
386
233
-93
-275
7
-219
-800
-1140
-1426
-1379
-1533
-2056
-2504
-2899
-2891
-2757
-2778
-2937
-3031
-2616
-2222
-2238
-2324
-1912
-1061
-602
-565
-149
972
2116
2659
2961
3772
5145
6398
7076
7329
7617
8065
8326
8006
7172
6274
5342
3937
2113
507
-609
-1767
-3521
-5327
-6222
-6262
-6267
-6668
-6837
-6099
-5209
-4946
-4509
-3126
-1501
-779
-972
-789
520
1910
2070
1413
1399
2267
2816
2507
2285
2960
3825
3715
2926
2820
3623
4001
3032
1540
785
602
-186
-1832
-3287
-3899
-4299
-5125
-5916
-5872
-5130
-4611
-4651
-4427
-3230
-1719
-923
-678
-160
684
1346
1726
2082
2456
2693
2762
2766
2723
2626
2673
2841
2611
1809
1228
1492
1846
1318
352
0
187
-73
-897
-1294
-1006
-905
-1438
-1903
-1499
-674
-468
-755
-765
-352
156
312
117
64
196
214
29
-192
-297
-375
-655
-1088
-1485
-1687
-1708
-1920
-2330
-2795
-2932
-2678
-2588
-2746
-2987
-2753
-2196
-1996
-2041
-1897
-1340
-907
-829
-416
716
1910
2577
3072
4001
5448
6712
7377
7753
8305
8800
8870
8451
7530
6639
5604
4064
2205
425
-811
-2028
-3702
-5424
-6466
-6714
-6916
-7337
-7345
-6522
-5485
-4894
-4366
-3185
-1681
-956
-1034
-745
465
1640
1660
1016
1145
2073
2593
2399
2316
3048
4055
4110
3375
3261
4024
4327
3271
1733
1028
856
-48
-1800
-3268
-3805
-4188
-5197
-6144
-5978
-5109
-4711
-4791
-4299
-2936
-1589
-838
-381
221
923
1505
1912
2288
2662
2750
2678
2652
2693
2613
2366
2275
1966
1385
998
1125
1473
1110
178
-405
-222
-4
-503
-1117
-1144
-1033
-1431
-1979
-1860
-1052
-587
-765
-924
-512
324
720
652
489
315
328
316
308
197
-262
-673
-1028
-1379
-1741
-2044
-2172
-2509
-3041
-3281
-3060
-2869
-2958
-3116
-3001
-2541
-2276
-2130
-1867
-1360
-814
-537
36
1053
2142
2902
3425
4243
5482
6843
7815
8184
8269
8505
8777
8614
7863
6761
5537
4112
2389
608
-818
-1938
-3339
-5135
-6524
-6933
-6928
-7189
-7380
-6907
-6055
-5413
-4792
-3632
-2137
-1192
-1092
-1000
-89
1168
1690
1461
1497
2166
2694
2600
2575
3302
4204
4223
3482
3208
3824
4205
3356
1904
1035
678
-159
-1649
-2971
-3692
-4295
-5234
-6002
-5868
-5164
-4729
-4615
-4173
-3111
-2018
-1279
-567
149
690
1177
1737
2375
2789
2774
2769
2955
2957
2704
2564
2656
2449
1698
1144
1249
1488
1088
79
-473
-195
-165
-887
-1569
-1613
-1422
-1679
-2170
-2094
-1379
-774
-786
-956
-567
242
745
646
390
412
535
484
244
-57
-285
-553
-959
-1348
-1740
-2042
-2153
-2442
-2975
-3221
-2987
-2672
-2691
-2871
-2695
-2236
-2033
-2159
-2080
-1468
-825
-671
-494
462
1865
2778
3159
3915
5412
6938
7760
8011
8352
8942
9227
8716
7586
6480
5549
4300
2396
368
-1089
-2160
-3678
-5641
-6854
-6965
-6774
-6984
-7094
-6374
-5402
-4655
-4082
-3161
-1860
-1053
-870
-700
76
994
1217
1021
1272
2107
2731
2792
2906
3630
4370
4319
3765
3660
4117
4167
3180
1746
900
459
-344
-1794
-3228
-3943
-4469
-5194
-5945
-6048
-5381
-4830
-4637
-4340
-3333
-1915
-938
-491
-70
637
1337
1769
2082
2431
2652
2665
2651
2662
2658
2652
2600
2281
1707
1290
1263
1293
901
178
-261
-178
-165
-661
-1149
-1130
-1037
-1407
-1870
-1676
-972
-664
-993
-1148
-624
53
204
-14
-20
81
125
34
-101
-77
-290
-702
-1073
-1303
-1360
-1621
-1971
-2286
-2735
-2999
-2931
-2792
-2774
-2944
-2837
-2415
-2165
-1993
-1863
-1550
-1071
-798
-371
577
1815
2611
2937
3678
5072
6525
7463
7889
8276
8831
9011
8464
7627
6839
5815
4266
2450
798
-465
-1643
-3224
-4953
-5998
-6282
-6463
-6734
-6760
-6227
-5523
-4932
-4225
-3170
-1880
-1200
-1128
-863
-20
1015
1333
1187
1362
2026
2673
2678
2649
3115
3686
3717
3115
2957
3457
3646
2794
1407
690
405
-384
-1786
-3067
-3745
-4314
-5163
-5816
-5607
-4883
-4532
-4533
-4038
-2829
-1626
-849
-227
516
1182
1580
1970
2535
2924
2869
2732
2813
2838
2581
2297
2144
1853
1264
737
727
974
713
-67
-544
-407
-321
-742
-1235
-1329
-1189
-1309
-1680
-1682
-1119
-729
-887
-978
-578
54
315
199
96
118
314
295
83
-17
-251
-547
-887
-1217
-1393
-1590
-1764
-2094
-2567
-2755
-2675
-2518
-2611
-2860
-2744
-2279
-1967
-2039
-2029
-1565
-1022
-784
-468
408
1565
2408
2937
3752
5113
6522
7362
7671
7999
8505
8700
8225
7379
6560
5616
4171
2381
818
-364
-1660
-3384
-5056
-5986
-6188
-6274
-6534
-6584
-6060
-5230
-4552
-3891
-2841
-1602
-933
-951
-763
191
1227
1386
943
1005
1807
2441
2467
2523
3172
3905
3749
3085
2993
3531
3664
2516
1078
458
259
-384
-1810
-3027
-3525
-4066
-4919
-5634
-5516
-4927
-4767
-4757
-4239
-3083
-1869
-1082
-459
240
909
1420
1901
2441
2788
2738
2620
2741
2833
2619
2323
2211
1946
1278
730
795
1028
688
-87
-412
-136
-167
-734
-1227
-1144
-959
-1394
-1869
-1820
-1319
-972
-1235
-1305
-740
-88
123
-130
-198
49
49
-146
-314
-418
-485
-774
-1045
-1142
-1329
-1458
-1569
-1819
-2112
-2403
-2465
-2348
-2373
-2325
-2195
-2043
-1821
-1690
-1322
-776
-353
62
600
1472
2407
3125
3881
4896
6074
6998
7478
7772
8096
8225
7823
6929
5893
4894
3695
2143
497
-864
-1972
-3199
-4551
-5499
-5789
-5860
-6059
-6049
-5489
-4703
-4155
-3670
-2770
-1620
-976
-957
-703
187
916
862
631
998
1733
2100
2024
2209
2966
3554
3338
2924
3168
3737
3648
2717
1710
1189
777
-183
-1567
-2629
-3227
-3859
-4677
-5221
-5179
-4755
-4442
-4374
-3984
-3079
-1962
-1164
-701
-152
387
943
1326
1584
1895
2012
2049
2079
2108
2018
1879
1926
1842
1393
970
1040
1318
1169
569
179
297
307
-210
-726
-675
-483
-763
-1219
-1163
-658
-415
-677
-931
-795
-565
-582
-689
-654
-515
-376
-280
-273
-330
-384
-502
-747
-1084
-1436
-1699
-1819
-1964
-2275
-2566
-2586
-2462
-2461
-2539
-2413
-2067
-1785
-1671
-1449
-912
-265
265
843
1691
2623
3360
4028
4938
6003
6815
7188
7345
7535
7656
7363
6577
5608
4629
3420
1897
440
-689
-1779
-3134
-4458
-5238
-5489
-5639
-5808
-5673
-5122
-4508
-4066
-3476
-2430
-1334
-879
-888
-436
624
1321
1164
964
1429
2059
2109
1830
2063
2870
3336
2945
2446
2739
3389
3220
2106
1074
694
341
-681
-2086
-3085
-3524
-3987
-4746
-5219
-4932
-4348
-4122
-4060
-3566
-2580
-1524
-756
-278
157
715
1286
1725
2017
2178
2263
2320
2244
1979
1791
1896
1991
1658
1085
879
1168
1383
1030
435
266
475
384
-170
-502
-321
-273
-744
-1136
-970
-571
-499
-804
-904
-673
-439
-483
-765
-767
-676
-774
-921
-1072
-997
-936
-1077
-1281
-1580
-1652
-1584
-1700
-1935
-2205
-2266
-2184
-2185
-2259
-2242
-1952
-1675
-1659
-1529
-941
-200
348
824
1470
2316
3157
3888
4702
5721
6571
6880
6937
7133
7230
6809
5931
4932
3942
2830
1527
228
-851
-1810
-2903
-4024
-4759
-5012
-5145
-5353
-5414
-5119
-4552
-3915
-3241
-2368
-1324
-567
-292
49
848
1553
1564
1247
1381
1978
2315
2102
2049
2687
3302
3030
2351
2324
2883
2957
2041
857
302
187
-353
-1474
-2488
-3056
-3547
-4235
-4800
-4824
-4372
-3950
-3797
-3544
-2778
-1669
-746
-266
-19
360
959
1504
1747
1761
1753
1771
1700
1510
1414
1593
1787
1565
1032
794
1102
1436
1216
624
358
588
668
209
-276
-269
-80
-247
-656
-778
-497
-341
-670
-1059
-972
-628
-600
-904
-1122
-1086
-993
-1035
-1173
-1235
-1188
-1143
-1201
-1369
-1553
-1572
-1473
-1568
-1881
-2014
-1846
-1746
-1913
-2040
-1814
-1388
-1143
-1096
-867
-261
439
946
1390
2012
2763
3507
4321
5283
6154
6633
6769
6856
6936
6718
6000
5006
4044
3055
1885
694
-332
-1337
-2488
-3646
-4543
-5022
-5225
-5408
-5482
-5213
-4689
-4097
-3330
-2297
-1301
-681
-363
-26
636
1415
1608
1287
1302
1837
2324
2324
2210
2674
3289
3171
2621
2504
2889
2955
2137
1013
369
41
-555
-1500
-2423
-3081
-3531
-3938
-4313
-4391
-4017
-3578
-3422
-3242
-2621
-1730
-1039
-660
-326
128
594
927
1143
1304
1377
1417
1484
1436
1222
1090
1181
1221
936
640
768
1122
1144
742
541
818
936
595
211
56
155
150
-234
-513
-386
-261
-409
-636
-649
-617
-726
-786
-829
-903
-959
-1126
-1251
-1267
-1345
-1334
-1285
-1351
-1469
-1638
-1671
-1625
-1835
-2036
-1955
-1763
-1626
-1683
-1701
-1350
-961
-849
-681
-98
655
1135
1480
2115
3025
3929
4720
5473
6146
6603
6867
6953
6718
6056
5096
4123
3101
1760
324
-795
-1717
-2761
-3892
-4703
-4952
-4961
-5063
-5094
-4790
-4228
-3663
-3089
-2266
-1270
-518
-198
22
580
1373
1816
1743
1724
2152
2538
2364
2065
2326
2843
2761
2077
1702
2058
2410
1942
916
219
28
-332
-1206
-2112
-2635
-3040
-3625
-4176
-4272
-3919
-3574
-3442
-3243
-2727
-1986
-1302
-759
-279
116
557
1143
1600
1760
1742
1697
1731
1649
1338
1149
1240
1226
824
369
463
1000
1169
744
423
598
808
627
263
107
215
203
-150
-393
-234
-86
-285
-624
-742
-587
-480
-615
-799
-842
-850
-979
-1072
-992
-990
-1199
-1377
-1459
-1531
-1515
-1456
-1531
-1734
-1939
-1985
-1833
-1760
-1933
-2037
-1764
-1286
-937
-644
-73
725
1380
1828
2419
3405
4568
5420
5803
6053
6466
6842
6787
6257
5505
4672
3651
2358
988
-179
-1171
-2253
-3474
-4512
-5066
-5203
-5206
-5188
-5010
-4559
-3931
-3242
-2441
-1495
-641
-160
63
453
1132
1688
1767
1583
1616
1943
2177
2141
2157
2465
2730
2527
2118
2105
2430
2376
1614
685
174
-85
-612
-1529
-2443
-3015
-3390
-3825
-4217
-4210
-3793
-3507
-3549
-3407
-2761
-1818
-1025
-579
-84
592
1128
1557
1949
2159
2227
2197
2063
1821
1483
1276
1248
1053
544
93
125
433
472
264
253
547
728
548
380
504
712
602
61
-347
-279
-207
-386
-659
-839
-796
-815
-1026
-1143
-1170
-1208
-1311
-1513
-1543
-1331
-1086
-979
-1139
-1357
-1418
-1534
-1775
-1955
-1937
-1769
-1746
-1929
-1980
-1738
-1341
-985
-683
-218
494
1252
1942
2697
3662
4771
5727
6358
6763
7065
7311
7295
6643
5488
4308
3216
1978
485
-957
-2030
-2988
-4188
-5344
-5809
-5520
-5211
-5210
-4998
-4259
-3269
-2390
-1595
-667
135
372
263
407
882
1122
849
578
758
1195
1541
1761
2105
2604
2820
2580
2417
2672
2962
2791
2101
1322
797
321
-380
-1281
-2204
-3052
-3844
-4486
-4858
-4981
-4849
-4584
-4342
-3891
-3052
-2068
-1193
-470
163
752
1335
1951
2425
2567
2479
2346
2177
1883
1493
1183
965
712
384
165
335
696
751
586
650
963
1184
1109
912
822
750
450
11
-207
-254
-520
-1018
-1448
-1507
-1280
-1276
-1512
-1567
-1492
-1478
-1475
-1383
-1137
-962
-993
-1039
-988
-844
-779
-1020
-1410
-1761
-2010
-2063
-2051
-2100
-2099
-1953
-1667
-1253
-661
155
1064
1868
2574
3457
4669
5864
6661
7060
7234
7354
7300
6751
5807
4768
3563
2094
584
-701
-1702
-2633
-3735
-4867
-5552
-5628
-5430
-5281
-5107
-4604
-3794
-3004
-2218
-1278
-416
39
45
24
372
750
746
588
631
986
1471
1835
2214
2752
3226
3367
3175
3064
3322
3408
2783
1842
1200
796
146
-912
-2003
-2844
-3663
-4569
-5234
-5399
-5186
-4932
-4693
-4125
-3123
-2055
-1199
-506
134
715
1183
1576
1916
2093
2066
1933
1793
1687
1544
1330
1166
958
503
140
299
705
835
698
697
1014
1288
1166
894
813
741
366
-194
-510
-484
-497
-790
-1120
-1190
-1086
-1105
-1229
-1207
-1017
-897
-887
-763
-533
-415
-410
-377
-331
-347
-454
-635
-861
-1172
-1499
-1658
-1734
-1907
-2080
-2126
-1943
-1538
-1130
-669
74
886
1547
2298
3352
4585
5614
6115
6357
6733
7047
6913
6251
5252
4150
2842
1271
-153
-1179
-2051
-3116
-4346
-5167
-5280
-5100
-4951
-4755
-4319
-3599
-2885
-2298
-1519
-577
11
28
-189
-161
148
292
82
-98
74
471
855
1242
1842
2610
3138
3205
3120
3277
3515
3312
2580
1782
1234
701
-138
-1149
-2013
-2707
-3431
-4182
-4697
-4806
-4633
-4401
-4152
-3649
-2766
-1776
-942
-302
149
534
947
1317
1579
1647
1506
1369
1302
1152
962
889
909
814
492
264
463
798
857
713
703
947
1108
936
782
885
838
315
-336
-543
-431
-556
-990
-1336
-1271
-983
-944
-1033
-863
-558
-425
-509
-565
-386
-186
-206
-303
-351
-357
-350
-479
-783
-1078
-1289
-1416
-1487
-1658
-1870
-1854
-1589
-1249
-886
-367
303
954
1631
2475
3469
4521
5393
5860
6105
6316
6318
5946
5284
4415
3328
2090
795
-452
-1504
-2421
-3339
-4155
-4696
-4880
-4770
-4628
-4475
-4039
-3289
-2553
-2009
-1434
-773
-397
-410
-420
-156
153
158
-51
-93
156
507
755
1105
1851
2630
2987
3166
3536
3989
4105
3552
2659
2037
1653
949
-115
-1063
-1793
-2522
-3380
-4045
-4184
-3991
-3974
-4161
-3899
-3159
-2331
-1654
-1175
-650
-88
377
671
879
1056
1072
794
429
295
245
223
232
219
223
215
431
835
1077
1077
987
1107
1314
1255
1051
888
810
593
127
-80
-48
-229
-715
-1201
-1281
-1150
-1042
-992
-839
-674
-687
-587
-345
-82
28
-20
-148
-364
-458
-472
-497
-595
-845
-1138
-1291
-1170
-1031
-1148
-1265
-1126
-952
-856
-583
-30
664
1235
1634
2182
3021
3907
4481
4766
4968
5135
5168
4814
4268
3731
3077
2183
1067
95
-609
-1260
-2080
-3013
-3653
-3908
-4022
-4096
-4037
-3730
-3228
-2799
-2451
-1924
-1263
-747
-523
-484
-297
120
444
461
373
503
912
1268
1415
1683
2168
2524
2560
2452
2555
2863
2848
2255
1523
1067
728
145
-689
-1463
-2045
-2612
-3299
-3793
-3792
-3534
-3412
-3434
-3197
-2626
-1918
-1300
-843
-489
-164
274
547
675
710
626
607
525
386
258
386
641
601
329
256
669
1055
1113
1049
1216
1536
1530
1251
963
898
782
283
-114
-191
-218
-471
-885
-1010
-876
-785
-861
-919
-807
-691
-625
-543
-409
-276
-179
-241
-315
-256
-309
-412
-525
-686
-922
-1107
-1036
-869
-851
-982
-928
-667
-420
-239
-6
430
979
1478
1891
2504
3228
3792
4175
4369
4590
4754
4668
4356
3800
3137
2404
1473
495
-293
-966
-1710
-2505
-3100
-3394
-3535
-3591
-3618
-3551
-3252
-2851
-2475
-2021
-1429
-840
-520
-497
-403
-46
280
248
4
-3
326
662
848
1126
1613
2018
2058
1938
2063
2374
2396
1893
1191
797
647
243
-418
-965
-1377
-1835
-2322
-2631
-2678
-2640
-2667
-2654
-2436
-1950
-1299
-713
-317
-72
111
329
498
481
329
108
-88
-161
-241
-343
-295
-147
-24
22
76
311
562
658
683
779
1086
1336
1212
1067
1124
1109
861
455
181
65
-227
-613
-770
-707
-608
-640
-744
-686
-452
-276
-276
-296
-188
-85
-146
-318
-438
-430
-419
-536
-701
-778
-780
-768
-759
-764
-769
-730
-648
-510
-238
153
533
861
1195
1599
2168
2883
3509
3875
3988
3902
3765
3704
3518
3066
2502
1815
1016
343
-219
-756
-1341
-2116
-2851
-3184
-3127
-2923
-2850
-2843
-2612
-2209
-1736
-1195
-657
-123
227
207
96
239
577
731
497
271
399
587
579
556
699
936
1000
844
834
1052
1151
918
419
39
-74
-298
-721
-1152
-1590
-1967
-2267
-2464
-2378
-2093
-1823
-1584
-1334
-949
-369
242
678
873
966
1089
1168
1094
882
607
295
-71
-395
-569
-619
-649
-745
-888
-920
-649
-162
169
246
398
743
1015
1030
941
940
868
545
191
43
35
-33
-293
-572
-524
-297
-239
-318
-367
-397
-441
-519
-545
-372
-244
-308
-455
-538
-487
-507
-539
-527
-510
-567
-633
-531
-438
-416
-450
-498
-417
-131
199
472
770
1059
1438
1809
2204
2719
3127
3371
3392
3341
3395
3392
3186
2713
2098
1466
807
131
-521
-1069
-1620
-2283
-2798
-3038
-2980
-2796
-2763
-2594
-2202
-1733
-1203
-713
-205
283
579
696
820
978
1191
1322
1144
958
874
825
730
534
447
449
304
-19
-207
-126
-28
-248
-764
-1127
-1279
-1540
-1914
-2157
-2180
-2132
-2206
-2271
-1994
-1480
-1015
-626
-229
235
728
1145
1449
1606
1631
1611
1546
1381
1079
691
350
-18
-458
-780
-932
-1038
-1109
-1170
-1177
-959
-593
-295
-152
27
307
572
746
733
727
773
721
568
402
428
467
280
39
-157
-219
-133
-209
-360
-398
-419
-439
-585
-730
-728
-793
-910
-1002
-1022
-914
-824
-887
-944
-838
-690
-496
-326
-306
-239
-110
29
231
526
824
985
1183
1448
1775
2157
2406
2601
2765
2884
3029
3155
3201
3052
2775
2369
1794
1227
627
-38
-778
-1514
-2066
-2494
-2791
-2970
-3032
-2867
-2524
-2116
-1625
-994
-403
3
373
880
1390
1608
1637
1705
1775
1739
1497
1190
976
727
307
-83
-310
-532
-817
-1245
-1536
-1582
-1675
-1830
-2093
-2274
-2275
-2291
-2252
-2106
-1929
-1751
-1583
-1315
-797
-186
303
673
1009
1368
1725
2074
2344
2362
2113
1810
1564
1275
843
317
-165
-597
-1018
-1398
-1597
-1614
-1625
-1686
-1638
-1272
-776
-352
-108
91
428
697
821
810
904
1017
857
610
491
606
580
293
18
-139
-188
-312
-472
-624
-785
-883
-872
-805
-742
-692
-731
-795
-786
-708
-540
-437
-477
-540
-521
-400
-238
-100
-37
18
77
155
317
512
717
798
904
1162
1427
1780
2075
2264
2508
2724
2905
2989
2987
2822
2406
1941
1458
1001
491
-80
-645
-1238
-1660
-1980
-2219
-2311
-2286
-2130
-1935
-1557
-1025
-459
188
736
1209
1639
1906
2096
2159
2095
1949
1599
1108
693
357
-50
-503
-929
-1313
-1726
-2197
-2547
-2685
-2771
-2889
-2974
-2966
-2790
-2456
-2110
-1806
-1500
-1164
-786
-378
39
465
923
1321
1593
1855
2177
2430
2441
2286
1970
1571
1197
779
310
-244
-724
-1086
-1400
-1582
-1685
-1691
-1622
-1508
-1320
-1072
-723
-349
-57
194
503
827
1013
1036
988
930
800
612
406
188
-15
-284
-514
-625
-632
-581
-646
-669
-649
-623
-493
-395
-355
-330
-277
-175
-48
52
106
159
144
104
104
129
201
181
91
-9
-36
74
130
196
255
302
456
649
904
1216
1490
1692
1938
2178
2386
2565
2596
2509
2234
1858
1453
982
527
-30
-601
-1057
-1467
-1825
-2136
-2224
-2110
-1880
-1501
-1154
-794
-309
240
780
1323
1752
1998
2114
2061
2006
1877
1626
1234
624
30
-447
-833
-1244
-1710
-2170
-2509
-2732
-2856
-2776
-2668
-2629
-2673
-2597
-2295
-1889
-1409
-1068
-794
-449
-62
386
901
1321
1587
1763
1833
1892
1932
1871
1698
1345
1030
760
406
130
-234
-524
-865
-1085
-1197
-1232
-1166
-1137
-1060
-967
-740
-402
8
315
469
543
674
734
628
451
253
58
-20
-134
-259
-284
-371
-488
-577
-551
-400
-394
-457
-476
-462
-354
-228
-136
-79
-52
-37
16
152
246
272
250
85
-91
-40
164
272
221
61
-74
-118
-124
-4
180
327
394
467
677
999
1410
1735
1983
2157
2175
2292
2451
2470
2298
1912
1397
839
318
-107
-455
-812
-1241
-1668
-1914
-1905
-1729
-1487
-1240
-917
-464
72
641
1169
1541
1668
1644
1646
1638
1538
1310
875
363
-57
-486
-844
-1084
-1482
-1904
-2158
-2307
-2382
-2378
-2251
-2150
-2070
-1899
-1567
-1101
-806
-712
-641
-444
-132
126
322
531
725
792
824
943
1051
1077
964
815
701
565
483
326
77
-116
-300
-363
-374
-470
-550
-615
-582
-440
-282
-124
3
125
216
313
443
541
579
513
369
253
189
97
-69
-254
-405
-528
-601
-592
-608
-699
-798
-836
-769
-644
-473
-290
-235
-232
-178
-70
104
239
212
180
252
274
304
325
222
209
220
267
403
415
399
287
141
106
110
238
351
469
590
703
856
896
877
905
1002
1042
1047
1079
1019
919
825
681
568
481
288
192
174
60
-74
-233
-351
-423
-388
-248
-139
-46
-36
-7
189
339
414
490
415
305
243
182
181
68
-189
-489
-726
-800
-858
-983
-1154
-1321
-1420
-1406
-1318
-1180
-1030
-1008
-981
-814
-574
-272
-60
-77
-74
83
222
307
334
322
249
177
126
96
192
186
39
-103
-163
-45
85
105
3
-137
-221
-193
-69
-2
11
21
0
39
229
402
415
298
125
40
80
123
82
-29
-173
-279
-299
-271
-253
-311
-425
-540
-597
-567
-476
-382
-303
-216
-151
-35
111
239
293
262
284
281
281
315
304
254
121
59
114
177
233
204
152
59
-44
-4
107
201
170
100
87
150
341
492
576
613
563
557
627
693
700
607
480
447
490
536
531
414
223
50
-19
12
71
80
0
-107
-157
-132
-28
94
150
129
81
99
168
185
184
180
99
19
-44
-109
-164
-276
-413
-525
-548
-556
-602
-655
-679
-736
-802
-702
-650
-534
-351
-303
-244
-191
-131
-118
-40
57
84
138
168
182
136
131
62
-30
-81
-123
-86
-156
-189
-147
-116
-149
-226
-180
-122
-120
-137
-81
-6
44
117
122
74
74
58
26
108
104
55
17
-63
-23
-36
-22
-36
-180
-186
-213
-227
-103
-66
-95
-147
-134
6
79
132
170
105
67
76
156
234
204
151
54
-24
-16
-10
-19
-82
-137
-122
-106
-57
-11
34
22
41
48
75
0
0
0
0
0
0
0
0
0
0
0
0
0
0
0
0
0
0
0
0
0
0
0
0
0
0
0
0
0
0
0
0
0
0
0
0
0
0
0
0
0
0
0
0
0
0
0
0
0
0
0
0
0
0
0
0
0
0
0
0
0
0
0
0
0
0
0
0
0
0
0
0
0
0
0
0
0
0
0
0
0
0
0
0
0
0
0
0
0
0
0
0
0
0
0
0
0
0
0
0
0
0
0
0
0
0
0
0
0
0
0
0
0
0
0
0
0
0
0
0
0
0
0
0
0
0
0
0
0
0
0
0
0
0
0
0
0
0
0
0
0
0
0
0
0
0
0
0
0
0
0
0
0
0
0
0
0
0
0
0
0
0
0
0
0
0
0
0
0
0
0
0
0
0
0
0
0
0
0
0
0
0
0
0
0
0
0
0
0
0
0
0
0
0
0
0
0
0
0
0
0
0
0
0
0
0
0
0
0
0
0
0
0
0
0
0
0
0
0
0
0
0
0
0
0
0
0
0
0
0
0
0
0
0
0
0
0
0
0
0
0
0
0
0
0
0
0
0
0
0
0
0
0
0
0
0
0
0
0
0
0
0
0
0
0
0
0
0
0
0
0
0
0
0
0
0
0
0
0
0
0
0
0
0
0
0
0
0
0
0
0
0
0
0
0
0
0
0
0
0
0
0
0
0
0
0
0
0
0
0
0
0
0
0
0
0
0
0
0
0
0
0
0
0
0
0
0
0
0
0
0
0
0
0
0
0
0
0
0
0
0
0
0
0
0
0
0
0
0
0
0
0
0
0
0
0
0
0
0
0
0
0
0
0
0
0
0
0
0
0
0
0
0
0
0
0
0
0
0
0
0
0
0
0
0
0
0
0
0
0
0
0
0
0
0
0
0
0
0
0
