0
0
0
0
0
0
0
0
0
0
0
0
0
0
0
0
0
0
0
0
0
0
0
0
0
0
0
0
0
0
0
0
0
0
0
0
0
0
0
0
0
0
0
0
0
0
0
0
0
0
0
0
0
0
0
0
0
0
0
0
0
0
0
0
0
0
0
0
0
0
0
0
0
0
0
0
0
0
0
0
0
0
0
0
0
0
0
0
0
0
0
0
0
0
0
0
0
0
0
0
0
0
0
0
0
0
0
0
0
0
0
0
0
0
0
0
0
0
0
0
0
0
0
0
0
0
0
0
0
0
0
0
0
0
0
0
0
0
0
0
0
0
0
0
0
0
0
0
0
0
0
0
0
0
0
0
0
0
0
0
0
0
0
0
0
0
0
0
0
0
0
0
0
0
0
0
0
0
0
0
0
0
0
0
0
0
0
0
0
0
0
0
0
0
0
0
0
0
0
0
0
0
0
0
0
0
0
0
0
0
0
0
0
0
0
0
0
0
0
0
0
0
0
0
0
0
0
0
0
0
0
0
0
0
0
0
0
0
0
0
0
0
0
0
0
0
0
0
0
0
0
0
0
0
0
0
0
0
0
0
0
0
0
0
0
0
0
0
0
0
0
0
0
0
0
0
0
0
0
0
0
0
0
0
0
0
0
0
0
0
0
0
0
0
0
0
0
0
0
0
0
0
0
0
0
0
0
0
0
0
0
0
0
0
0
0
0
0
0
0
0
0
0
0
0
0
0
0
0
0
0
0
0
0
0
0
0
0
0
0
0
0
0
0
0
0
0
0
0
0
0
0
0
0
0
0
0
0
0
0
0
0
0
0
0
0
0
0
0
0
0
0
0
0
0
0
0
0
0
0
0
0
0
0
0
0
0
0
0
0
0
0
0
0
0
0
0
0
0
0
328
622
888
1112
1209
1278
1390
1712
2034
2089
1998
1835
1695
1609
1567
1411
1101
794
542
334
50
-262
-426
-552
-844
-1139
-1208
-1123
-1102
-1186
-1132
-905
-732
-659
-544
-287
-14
110
247
486
588
576
593
618
676
637
309
-63
-174
-256
-437
-688
-876
-954
-1286
-1740
-1909
-1721
-1513
-1682
-1958
-1852
-1418
-1204
-1190
-895
-398
-57
12
121
536
898
894
910
1163
1371
1381
1276
1267
1370
1311
1028
787
779
781
522
251
247
249
75
-104
-120
-38
-69
-203
-212
-63
-31
-136
-185
-68
86
25
-7
169
305
296
179
189
331
295
196
159
187
93
-126
-139
-56
-105
-291
-387
-443
-429
-610
-643
-554
-604
-650
-702
-643
-553
-531
-527
-423
-387
-415
-344
-136
-47
-51
40
164
230
246
269
397
525
551
541
557
530
448
467
568
540
328
152
120
37
-68
-141
-202
-274
-445
-431
-262
-297
-441
-555
-482
-339
-355
-413
-435
-440
-506
-515
-342
-131
-83
-110
0
168
306
301
353
520
554
599
671
704
704
703
820
994
1078
1038
974
946
931
900
879
834
666
453
356
379
358
220
52
-71
-136
-153
-163
-212
-303
-436
-587
-684
-682
-625
-577
-560
-585
-617
-582
-447
-307
-266
-311
-330
-265
-186
-163
-198
-265
-336
-358
-304
-250
-284
-385
-464
-451
-391
-412
-492
-558
-607
-627
-610
-586
-596
-609
-546
-493
-421
-276
-269
-278
-64
156
267
286
279
360
347
322
513
560
401
363
402
442
410
199
-16
-132
-205
-296
-528
-833
-1057
-1221
-1285
-1282
-1396
-1573
-1661
-1637
-1498
-1388
-1322
-1196
-1148
-1019
-561
-8
609
1277
1614
1635
1793
2560
3764
4380
4093
3675
3661
4063
4490
4328
3470
2479
1991
1973
1769
1145
492
-70
-699
-1293
-1554
-1421
-1482
-2204
-2862
-2700
-2107
-1753
-1789
-1918
-1774
-1348
-715
-19
283
43
-180
234
1167
1720
1313
461
122
491
816
516
-18
-308
-699
-1581
-2297
-2018
-1375
-1732
-2967
-3567
-3020
-2468
-2601
-2591
-1868
-1303
-1594
-1844
-1024
208
575
252
411
1191
1620
1421
1464
2157
2631
2173
1561
1855
2512
2245
1333
1131
1584
1402
474
-8
252
247
-438
-923
-640
-349
-805
-1371
-1106
-458
-444
-841
-696
-132
-81
-428
-179
645
966
511
265
746
1221
1155
1035
1263
1442
1138
799
904
930
535
163
103
128
-336
-1137
-1363
-1084
-1014
-1202
-1429
-1617
-1925
-2156
-1781
-1302
-1345
-1484
-1453
-1323
-1070
-730
-346
-84
-94
57
443
496
271
234
512
555
235
48
176
232
-300
-608
-248
-63
-557
-1144
-1009
-849
-1268
-1595
-1214
-504
98
468
586
691
731
1455
3025
4088
3858
2882
2809
4128
5219
4766
3586
2994
3062
3100
2642
2173
1822
971
-248
-1042
-933
-596
-1277
-2623
-3256
-3065
-2778
-2792
-2906
-2872
-2927
-2945
-2320
-1236
-664
-1088
-1660
-1094
444
1395
933
77
135
832
1102
1040
1422
1788
878
-895
-1381
9
1004
-216
-2241
-2762
-2085
-2036
-2636
-2395
-1452
-1560
-2799
-3067
-1498
-84
-468
-1353
-868
230
243
-245
441
1877
2007
1026
896
2102
3049
2432
1614
1930
2564
2098
949
921
1593
1279
195
-24
664
504
-771
-1364
-533
64
-655
-1497
-1301
-838
-1262
-1800
-1179
-207
-373
-1155
-1051
-38
423
-53
-83
630
737
123
68
690
833
229
-186
-27
114
-151
-549
-787
-951
-1208
-1484
-1742
-2093
-2501
-2716
-2597
-2373
-2367
-2507
-2451
-2155
-1862
-1478
-717
239
1210
2241
2871
2751
2822
4219
6336
7333
6672
5590
5270
6006
7027
6931
5470
3868
3134
3115
2823
1706
337
-764
-1839
-2884
-3335
-3243
-3691
-5121
-6190
-5573
-4090
-3585
-4282
-4681
-3927
-2732
-1728
-873
-396
-605
-991
-396
1683
3610
3197
1316
935
2495
3411
2424
1474
1905
1798
-362
-2160
-1039
782
-314
-3173
-3894
-2240
-1646
-3306
-4156
-2519
-1489
-3193
-4680
-3247
-1133
-1402
-2719
-1988
86
348
-1046
-809
1563
2778
1555
711
2038
3503
3185
2392
2941
3870
3244
1743
1720
3145
3423
1666
171
533
1156
257
-1062
-960
-246
-796
-1998
-1883
-772
-684
-1622
-1651
-532
-17
-689
-1157
-460
253
-160
-493
402
1234
783
77
459
1293
1162
460
493
901
486
-392
-400
219
-3
-941
-1214
-940
-1125
-1459
-1252
-1174
-1997
-2956
-2922
-2227
-2088
-2712
-3040
-2703
-2519
-2584
-2127
-1358
-1249
-1567
-1188
-215
442
1068
2285
3222
2999
2692
3935
6331
7641
6998
6145
6322
6892
7438
7557
6305
4176
3109
3647
3804
2087
163
-275
-674
-2418
-3865
-3406
-2626
-3919
-6121
-6282
-4625
-4101
-5334
-5612
-4022
-2781
-3131
-3110
-1606
-652
-1418
-1801
470
2857
2268
228
74
2125
3084
1947
1140
2268
2995
920
-1469
-650
2241
2194
-1105
-2825
-1334
-101
-1732
-3423
-2326
-764
-2171
-4780
-4394
-1649
-675
-2371
-3271
-1679
-415
-1372
-1878
287
2393
1223
-1171
-406
2794
3754
1915
1181
2808
3835
2585
1387
2325
3351
1982
130
753
2296
1371
-1100
-1478
227
542
-1277
-2218
-988
-172
-1480
-2534
-1367
-78
-739
-1768
-1171
183
389
-277
120
1255
1423
880
1056
2013
2118
1285
986
1575
1755
788
-38
-33
197
150
-236
-776
-1490
-2139
-2180
-1950
-2288
-2975
-3419
-3804
-4173
-4000
-3357
-3202
-3659
-3653
-2769
-1945
-1753
-1355
47
1738
2540
2573
2831
3726
5109
6833
8261
8194
6601
5682
7242
9512
9122
6094
4060
4733
5251
3298
1011
703
643
-1582
-4238
-4191
-2887
-3939
-6641
-7480
-5861
-4613
-5445
-6446
-5800
-4768
-4428
-3617
-1769
-509
-1197
-2276
-1001
2214
3951
2785
1176
1631
3303
3713
2761
2607
3499
2935
245
-1212
895
3233
1442
-2670
-3761
-1459
-556
-2729
-4126
-2601
-1537
-3689
-5924
-4361
-1404
-1597
-3742
-3558
-1274
-778
-2488
-2373
723
2518
720
-889
929
3376
2799
1184
2303
4660
4236
1668
1062
3069
4081
2440
978
1453
1592
97
-744
440
1389
-57
-2126
-1967
-430
-209
-1237
-1473
-770
-845
-1766
-1652
-292
277
-564
-876
336
1324
758
53
699
1710
1591
949
1116
1622
1157
63
-224
390
664
47
-873
-1533
-1819
-1819
-1762
-1923
-2456
-3389
-4333
-4421
-3389
-2342
-2577
-3800
-4347
-3421
-2166
-1708
-1236
431
2402
2903
2187
2186
3817
6221
8065
8614
7740
6198
5887
7737
9586
8695
5815
4224
4649
4385
2401
897
800
96
-2411
-4616
-4238
-3006
-4183
-7071
-8182
-6717
-5337
-5841
-6896
-6595
-5182
-4118
-3715
-3058
-2080
-1798
-1886
-471
2320
3359
1341
-288
1579
4478
4329
2246
2285
3991
3198
-7
-518
2956
4621
832
-3349
-2197
1178
450
-2919
-2995
-402
-791
-4292
-5143
-1861
158
-2068
-4467
-3171
-565
-669
-2110
-972
1591
1453
-730
-720
1893
3106
1425
412
2269
3918
2572
611
1306
3242
3027
1093
507
1492
1320
-586
-1397
136
1191
-370
-2352
-2118
-943
-1227
-2115
-1441
-45
-360
-1875
-1821
48
1133
598
420
1392
1839
1099
837
1924
2777
2139
1270
1614
2142
1375
227
174
528
103
-661
-1174
-1821
-2508
-2463
-1979
-2236
-3356
-4298
-4517
-4359
-4031
-3433
-3023
-3382
-3848
-3200
-1823
-1216
-1130
263
2781
3816
2590
1738
3264
5871
7512
7823
7183
5993
5519
6860
8467
7576
4754
3559
4678
4637
2068
254
900
707
-2381
-4809
-3664
-2214
-4271
-7441
-7299
-4779
-4087
-5693
-6411
-5200
-4184
-4064
-3056
-1170
-948
-2596
-2666
550
3911
3777
1122
19
1933
4080
4029
3191
3582
3789
1626
-994
-177
3354
4246
388
-3476
-2789
-58
-372
-2999
-3251
-1159
-1412
-4555
-5476
-2347
-123
-2220
-4810
-3435
-311
-110
-1868
-1151
1650
1899
-670
-1022
2256
4198
2111
174
1858
3908
2548
355
1412
3813
3056
90
-435
1604
1828
-642
-1760
-80
675
-1395
-2874
-1329
364
-637
-2240
-1623
-250
-660
-1653
-783
924
871
-326
-44
1595
2175
1552
1762
2821
2763
1611
1379
2281
2476
1432
553
487
334
-340
-834
-950
-1404
-2231
-2649
-2678
-3113
-3894
-4253
-4233
-4367
-4379
-3870
-3468
-3716
-3792
-2967
-2118
-2039
-1609
422
2838
3356
2085
1511
3122
5803
7649
7849
6651
5195
5241
7085
8296
6786
4366
4062
4900
3743
1182
449
1320
294
-2820
-4159
-2827
-2437
-4643
-6591
-5816
-4194
-4602
-6046
-6089
-5010
-4240
-3679
-2460
-1315
-1880
-3112
-2108
1230
3744
3149
979
545
2417
4080
3935
3284
3546
3500
1577
-332
951
4109
4155
30
-3189
-2032
136
-661
-2656
-2470
-1280
-2602
-5552
-5404
-1803
56
-2096
-4388
-3433
-1411
-1654
-2547
-905
1746
1647
-735
-1043
2004
4232
3207
2170
3458
4390
2697
832
1909
4219
3755
1039
8
1113
1256
-357
-1072
130
428
-1633
-3196
-2321
-1174
-1802
-2830
-2214
-921
-1209
-2322
-1808
-146
263
-493
-397
675
992
368
518
1788
2398
1701
1222
1779
2222
1769
1281
1425
1457
814
35
-475
-973
-1510
-1671
-1587
-2143
-3255
-3823
-3793
-3690
-3312
-2824
-3045
-3822
-3903
-2962
-2223
-2065
-1072
1136
2600
1943
774
1624
4397
6770
7446
6949
5967
5074
5335
6823
7436
5828
3984
3965
4225
2547
361
260
1134
-101
-3037
-4283
-3314
-3415
-5756
-7044
-5300
-3548
-4711
-6760
-6414
-4391
-3340
-3148
-2144
-1049
-1743
-2998
-1573
2284
4286
2373
52
1049
3689
4182
2995
3371
4882
3838
312
-793
2361
4780
2185
-2055
-2367
110
83
-2593
-3157
-906
-653
-4035
-6299
-4186
-1227
-1780
-4228
-4237
-1946
-1113
-2279
-2045
470
1864
548
-425
1317
3541
3385
2071
2593
4532
4775
2913
1964
3124
3863
2660
1539
1913
1815
-135
-1706
-912
310
-624
-2634
-3109
-2328
-2389
-3218
-2944
-1647
-1367
-2341
-2500
-1157
-51
-84
-9
769
1074
593
697
1857
2674
2323
1810
2023
2389
2197
1718
1514
1381
844
296
74
-432
-1281
-1748
-1815
-2212
-3176
-3890
-3781
-3536
-3662
-3758
-3777
-4047
-4221
-3714
-2892
-2558
-2308
-920
1318
2431
1653
907
2242
5069
7244
7604
6489
5220
5412
7119
8048
6482
4218
4098
5216
4348
1678
406
1072
571
-2339
-4322
-3139
-2022
-4112
-6947
-6780
-4664
-4224
-5521
-5700
-4544
-4258
-4664
-3463
-977
-372
-2196
-2734
210
3511
3330
908
561
3048
4706
3607
2669
4237
5294
2698
-340
1039
4876
4880
375
-2611
-1075
780
-824
-3274
-2687
-1051
-2702
-6012
-5836
-2563
-1353
-3526
-4959
-3304
-1507
-2041
-2584
-720
1378
665
-1206
-250
3046
4317
2782
2158
3907
5148
3930
2506
3333
4676
3774
1809
1423
1928
977
-827
-973
199
-43
-1952
-3047
-2433
-1919
-2648
-3177
-2326
-1645
-2429
-3048
-1990
-525
-245
-496
117
1068
1026
671
1410
2546
2621
1908
1694
2210
2370
1771
1510
1865
1674
644
-320
-721
-903
-1161
-1373
-1783
-2787
-3932
-4430
-4051
-3368
-3183
-3531
-4103
-4557
-4176
-3013
-2051
-1402
-236
1376
1972
1161
1046
3209
6145
7344
6524
5494
5545
6487
7445
7392
6083
4565
4062
4320
3497
1169
-329
-77
-445
-2641
-4303
-3685
-3056
-4794
-6974
-6687
-4880
-4476
-5562
-5740
-4565
-3844
-3807
-2797
-812
-240
-1605
-1623
1408
4157
3370
908
956
3607
4912
3764
3433
5097
5213
1841
-708
1499
4798
3532
-951
-2718
-600
367
-2123
-3944
-2439
-1194
-3576
-6560
-5554
-2181
-1537
-3877
-4910
-3254
-2011
-2482
-1999
491
2017
625
-846
1099
4458
4691
2465
2241
4524
5390
3527
2456
4037
5064
3249
1246
1652
2351
598
-1611
-1079
541
-458
-3329
-4237
-2858
-2401
-3588
-3851
-2371
-1644
-2975
-3798
-2103
52
320
-397
-15
1208
1429
1061
1948
3305
3135
1819
1407
2426
3047
2175
1193
1189
1297
564
-577
-1180
-1184
-1151
-1415
-2195
-3364
-4123
-4038
-3615
-3423
-3592
-3913
-4175
-4303
-3913
-2847
-1900
-1335
-309
1141
1694
1166
1597
4219
6886
7046
5539
5063
6386
7877
8041
6881
5285
4277
4272
4524
3838
2045
280
-715
-1520
-2567
-3189
-3078
-3512
-5416
-7110
-6675
-5085
-4525
-5300
-5717
-4934
-4245
-4026
-3004
-1459
-900
-1279
-825
1283
2923
2239
1242
2466
4616
4926
3806
3791
4742
4121
1972
1448
3570
4853
2383
-1336
-1933
154
622
-1683
-3322
-2621
-2525
-4911
-6731
-5031
-2234
-2445
-4845
-5288
-3173
-1865
-2362
-1811
650
1831
268
-645
1792
4699
4217
2077
2708
5523
5913
3402
2442
4439
5387
3122
1006
1767
2750
924
-1560
-1281
202
-838
-3535
-4014
-2224
-1708
-3229
-3897
-2687
-2005
-2952
-3289
-1546
286
101
-928
-542
895
1443
1099
1464
2590
2947
2256
1821
2160
2411
2114
1778
1747
1685
1047
-323
-1651
-1725
-727
-559
-2172
-4013
-4368
-3751
-3592
-3939
-3887
-3582
-4016
-4855
-4495
-2759
-1334
-860
-89
1205
1441
534
1130
4533
7700
7280
4731
4257
6672
8830
8428
6488
5037
4563
4533
4186
3370
2228
675
-1072
-2687
-3336
-2962
-2888
-4202
-6428
-7413
-6375
-4986
-4927
-5757
-5897
-5157
-4295
-3277
-1824
-845
-1105
-1288
363
2824
3366
2018
1703
3428
4577
3682
3106
4572
5539
3465
661
1058
3854
4205
988
-1693
-1158
9
-1274
-3005
-2550
-1555
-2918
-5598
-5823
-3568
-2315
-3465
-4693
-4091
-3083
-3132
-2952
-939
1350
1243
-412
-284
2516
4700
4068
2914
3693
5313
5020
3452
3375
4514
4368
2474
1418
2089
2009
-8
-1725
-1319
-575
-1628
-3323
-3436
-2618
-3015
-4249
-4076
-2496
-1951
-2989
-3284
-1751
-303
-320
-462
517
1550
1473
1175
1892
3083
3505
3138
2834
2800
2589
2218
2192
2422
2170
1148
-143
-1110
-1434
-1179
-1105
-2068
-3705
-4663
-4427
-3899
-3907
-4308
-4739
-5123
-5124
-4287
-2964
-1979
-1269
-215
800
872
709
2196
5272
7311
6654
5057
5261
7313
8722
7832
5762
4733
5190
5460
4258
2431
1428
891
-670
-2978
-3872
-2872
-2566
-4728
-7253
-7247
-5385
-4610
-5548
-6045
-5074
-4181
-4251
-3703
-1722
-382
-976
-1127
1173
3485
2781
968
1902
4686
5134
3125
2835
5155
5599
2142
-338
2256
5765
3995
-1097
-2653
-114
715
-1993
-3614
-1919
-1134
-4230
-7237
-5715
-2313
-2340
-5025
-5415
-3063
-2259
-3899
-3699
84
3035
1596
-1030
33
3699
5140
3758
3512
5582
6383
4233
2656
4280
6170
4809
1868
1014
1829
1223
-796
-1472
-618
-1075
-3581
-5132
-3959
-2513
-3165
-4472
-4135
-2834
-2691
-3224
-2419
-833
-380
-846
-625
708
1725
1658
1716
2494
3197
3194
2650
2330
2394
2417
2473
2446
2126
1643
878
-111
-971
-1305
-1017
-1152
-2369
-3701
-4257
-4108
-3866
-3864
-3921
-4304
-4951
-4743
-3425
-1963
-955
-225
318
181
-239
1059
4438
6943
6278
4258
4311
6794
8644
7817
5768
4646
4646
4721
4090
2913
1762
650
-678
-2020
-2888
-3038
-3059
-3961
-5510
-6253
-5661
-4980
-5304
-5593
-4677
-3781
-3999
-3956
-2440
-684
-485
-814
770
3142
3048
1019
1071
4319
6411
4467
2346
3668
5358
3496
561
1452
4622
3916
-842
-3247
-1023
702
-1624
-4278
-3080
-990
-2837
-6510
-6489
-2956
-1296
-3552
-5396
-3761
-1862
-2583
-3268
-1030
1883
1628
-623
-237
3163
5203
3977
2703
4098
5968
5202
3219
3276
4794
4604
2457
1350
2155
1993
-282
-1768
-968
-462
-2204
-4263
-4126
-2853
-2967
-4012
-3961
-3094
-3082
-3626
-2921
-1191
-536
-1201
-1209
281
1696
1836
1710
2237
2899
3151
3083
3012
2835
2324
2069
2326
2323
1698
731
-266
-1095
-1521
-1242
-921
-1876
-3619
-4348
-3861
-3493
-3758
-3860
-3683
-4147
-4976
-4568
-2650
-721
228
533
509
75
226
2633
6350
7767
5716
3505
4391
7402
8893
7409
5125
4078
3831
3449
2950
2558
1989
442
-2134
-3997
-3876
-2954
-3050
-4604
-6205
-6189
-5422
-5466
-5595
-4715
-3317
-2831
-3554
-3425
-1775
-815
-824
394
2961
3898
1648
-270
1829
5436
5744
3280
2709
4557
4204
787
-400
2990
5468
2140
-2785
-2884
44
161
-2681
-3640
-1561
-1352
-5034
-7388
-4811
-1281
-1697
-4517
-5031
-3107
-2318
-2945
-1882
1118
2398
482
-1056
903
4027
4607
3424
3696
5346
5245
3109
2535
4602
5872
4144
1605
1166
1812
684
-1211
-1055
1
-1093
-3876
-4995
-3495
-2285
-3116
-3981
-3274
-2485
-3007
-3371
-1974
-189
-51
-930
-854
346
1256
1476
1943
2870
3265
2672
1965
2003
2478
2698
2561
2201
1591
847
222
-294
-749
-897
-962
-1732
-3137
-3976
-3607
-3097
-3606
-4312
-4066
-3618
-3950
-4370
-3563
-1741
-358
401
921
489
-181
1268
4857
7490
6643
3933
3464
6167
8652
8050
5583
4210
4259
3873
2684
2107
2375
1622
-1096
-3825
-4272
-2929
-2586
-4373
-6077
-5984
-5181
-5170
-5750
-5394
-3846
-2972
-3341
-3271
-2091
-1077
-981
-326
2149
4134
2741
48
757
4665
6387
3993
2374
4349
5278
1928
-873
1623
5583
4168
-1430
-3534
-628
617
-2419
-4315
-2087
-508
-3632
-7516
-6391
-2219
-1413
-4174
-5131
-3169
-2244
-3593
-3598
-128
2789
1200
-1437
-158
3491
4819
3334
3196
5571
6249
3925
2519
4195
6130
4923
2378
2154
2878
1628
-511
-806
517
168
-2630
-4435
-3748
-3007
-3728
-4345
-3511
-2781
-3571
-4285
-3206
-1317
-437
-539
-349
344
769
978
1649
2572
2915
2730
2658
2611
2309
2203
2641
2993
2416
1052
-111
-586
-735
-824
-798
-1139
-2453
-3899
-4068
-3351
-3144
-3604
-3871
-3785
-4011
-4264
-3588
-2264
-973
246
1145
1032
-169
-283
2779
6607
7346
5237
3382
4049
6466
7703
6757
5143
4078
3774
3452
2342
1506
1599
964
-1343
-3725
-4046
-2760
-2853
-4797
-5777
-4992
-4499
-5478
-6172
-4483
-2303
-2538
-3578
-2717
-878
-252
-558
570
3209
3819
1433
183
2515
5329
4873
2542
2835
5202
4471
639
-480
2874
5185
2118
-2326
-2221
323
-401
-3480
-3840
-1439
-1429
-5418
-7850
-5043
-1802
-2989
-5603
-4828
-2159
-2062
-3714
-2763
714
2417
710
-633
1687
4668
4376
2874
3876
6128
5741
3145
2746
5055
5725
3280
1277
1931
2539
477
-1942
-1499
138
-752
-3545
-4459
-3111
-2707
-3976
-4264
-2783
-1980
-3066
-3905
-2699
-773
-72
-177
262
920
859
792
1898
3429
3760
3004
2490
2488
2378
2205
2370
2535
2056
931
-243
-916
-974
-779
-960
-2001
-3464
-4070
-3548
-3300
-3948
-4255
-3766
-3747
-4369
-4079
-2509
-1056
-319
403
1007
646
224
2002
5556
7169
5244
3208
4512
7499
8173
6064
4275
4508
5034
4012
2291
1551
1505
690
-1118
-2761
-3386
-3395
-3816
-4947
-5784
-5447
-4839
-5432
-6598
-6144
-3932
-2490
-2979
-3307
-1981
-692
-650
203
2989
4564
2467
99
1961
6041
6707
3876
2785
4601
4627
1421
72
3054
5091
1768
-2806
-2667
316
62
-3356
-4332
-1833
-1217
-4669
-7125
-4830
-1655
-2443
-5115
-4834
-2301
-1852
-3495
-3008
401
2286
326
-1513
698
4454
5036
3140
3082
5168
5650
3653
2687
4456
5654
3634
1151
1401
2540
1299
-1255
-1679
-342
-698
-3071
-4442
-3559
-2486
-3152
-4098
-3167
-1928
-2561
-3392
-2434
-774
-44
-241
-101
770
1046
708
1301
2789
3730
3198
2087
1916
2122
1938
2042
2371
2184
1012
-647
-1348
-1130
-1081
-1476
-2438
-3497
-3786
-3494
-3276
-3568
-4184
-4317
-3878
-3392
-2890
-2024
-757
335
748
718
893
1994
4139
6032
6057
4670
4332
6124
7944
7342
4986
3769
4725
5535
4056
1602
612
702
-212
-2148
-3178
-2767
-2789
-4470
-6260
-6250
-5061
-4711
-5436
-5738
-5085
-4117
-3299
-2813
-2409
-1899
-1422
-486
1191
2652
2783
1670
1386
3532
5772
5157
3302
3526
4860
3668
800
1055
4377
4784
260
-3280
-1422
1472
-188
-3783
-3553
-1002
-2072
-6109
-6563
-2625
-969
-4221
-6509
-3815
-701
-1804
-3740
-1613
2068
1833
-1076
-759
3200
5210
3231
1754
3774
5857
4496
2188
2785
5000
4774
1946
460
1501
1775
-61
-1413
-884
-475
-2033
-3930
-3696
-2456
-2601
-3466
-3403
-2673
-2320
-2635
-2575
-1399
-345
-141
59
615
1274
1550
1488
1835
2357
2659
2868
2598
1930
1303
1083
1789
2337
1417
-30
-850
-1090
-1257
-1724
-2150
-2327
-2598
-2993
-3315
-3461
-3554
-3869
-4023
-3376
-2242
-1251
-589
-198
206
527
674
1809
4333
6226
5729
3890
3755
6292
8165
6576
3610
3020
4829
5482
3435
1237
882
745
-1173
-3285
-3202
-2401
-3356
-5331
-6018
-5110
-4859
-5961
-6137
-4840
-3951
-4049
-3834
-2336
-1035
-1577
-2013
-18
2849
3599
1905
683
2324
4937
5346
3971
3485
4606
4896
2617
695
2208
4592
3658
-46
-2000
-327
807
-1606
-3947
-2761
-810
-2435
-6150
-6430
-3011
-1420
-3563
-5339
-4032
-2242
-2609
-3074
-1115
1153
495
-1518
-649
2867
4466
2867
1983
3936
5515
4132
2458
3559
5482
4713
2057
1073
2178
2362
525
-880
-497
-405
-1986
-3287
-2762
-2088
-2983
-4172
-3798
-2577
-2291
-2699
-2254
-1091
-709
-1045
-657
504
1118
917
991
1712
2143
1878
1735
2223
2547
1807
796
775
1218
1070
281
-570
-861
-943
-1578
-2327
-2675
-2862
-2952
-2889
-2752
-2880
-3537
-3965
-3206
-1673
-601
-363
-96
574
856
775
1887
4594
6553
5508
2955
2813
6088
8885
7469
3632
2195
4013
5198
3530
1445
1348
1501
-736
-3747
-3854
-1656
-1422
-4398
-6796
-5881
-4420
-5431
-6804
-5640
-3386
-3207
-4707
-4344
-1690
-563
-1804
-1472
1819
3948
1891
-741
1290
5934
6602
3037
1440
4192
6264
3513
120
1855
5441
3721
-1776
-3084
1032
3027
-884
-4672
-3045
-108
-1796
-5732
-5555
-1830
-939
-4141
-5796
-3291
-1051
-2262
-3484
-1239
1409
198
-2476
-1092
3594
5141
2120
490
2957
5089
3958
2478
3717
5539
4138
1029
708
2769
2857
138
-1507
-379
166
-1852
-3505
-2627
-1538
-2557
-3947
-3312
-1944
-2220
-3245
-2574
-525
416
-349
-890
-106
874
1068
1257
2145
2717
2013
1095
1430
2465
2595
1727
1079
1039
873
260
-311
-505
-675
-1392
-2522
-3127
-2825
-2464
-2633
-2851
-3030
-3736
-4481
-3997
-2409
-1142
-763
-476
170
507
312
1031
3687
6408
6362
3886
2468
4343
7558
8303
5755
3140
3195
4513
4242
2561
1733
1869
817
-1823
-3596
-3000
-1934
-2757
-4758
-5619
-5105
-4978
-5689
-5740
-4502
-3344
-3389
-3935
-3744
-2746
-1701
-676
927
2507
2227
217
-287
2650
6024
5707
2702
1744
3759
4455
2045
802
3367
5104
1716
-2652
-1786
2097
1994
-2205
-4018
-1695
-783
-3885
-5922
-3115
206
-1261
-5121
-5547
-2650
-1266
-2286
-1873
650
1014
-2017
-3307
519
5027
4623
1103
378
3201
4893
3570
2667
4131
4871
2664
478
1270
2843
1837
-523
-917
213
-223
-2261
-2941
-1787
-1416
-2547
-3011
-2152
-1834
-2624
-2706
-1250
151
124
-599
-780
-335
398
1440
2282
1895
594
112
966
1738
1688
1745
2030
1246
-479
-1081
4
679
-507
-2200
-2565
-2129
-2471
-3103
-2420
-1316
-2180
-4417
-4917
-3024
-1267
-1099
-1037
307
1563
834
-552
594
4267
6829
6027
3605
2649
4291
6880
7664
5761
3297
2685
3521
3723
2859
2185
1786
294
-2143
-3367
-2652
-2109
-3313
-4877
-5136
-4897
-5448
-5970
-5219
-3963
-3509
-3483
-3093
-2787
-2922
-2485
-701
1444
2406
1794
509
189
2024
4909
5926
4193
2449
2803
3500
2538
1681
3114
4571
2429
-1589
-2145
1049
2262
-881
-3471
-2015
-518
-3052
-6173
-4785
-1038
-831
-4156
-5642
-3617
-2057
-2908
-2889
-221
1340
-957
-3208
-744
3909
4814
1976
732
2858
4588
3718
2815
3841
4660
3253
1406
1405
2172
1596
269
-24
332
-317
-1749
-2267
-1739
-1669
-2304
-2327
-1729
-1904
-2671
-2372
-1053
-382
-659
-708
-368
-426
-544
319
1581
1564
528
597
1937
2083
357
-378
1415
2812
1172
-1314
-1280
360
519
-895
-1688
-1551
-2015
-3064
-2977
-1619
-1134
-2709
-4546
-4272
-2337
-1108
-1291
-1224
254
1645
1041
-344
425
3816
6633
5934
3553
3164
4981
6696
6585
5210
4313
3934
3522
3121
2450
1730
1010
-288
-1825
-2983
-3224
-2707
-2961
-4208
-5167
-5420
-5264
-5246
-5245
-4455
-3486
-3455
-3872
-3561
-2465
-1554
-900
462
2020
1960
387
52
2647
5693
5627
3267
2554
4031
4108
1860
1249
3931
5334
1906
-2334
-1682
1965
2122
-1609
-3230
-922
-98
-3604
-6283
-3637
217
-958
-5389
-6442
-3383
-1579
-2765
-2827
-266
675
-1962
-3447
-82
4168
3849
664
224
2972
4437
3231
2616
4029
4703
3006
1359
1898
2984
2330
723
108
202
-443
-1567
-1889
-1538
-1641
-2211
-2361
-2027
-1885
-2001
-1913
-1492
-874
-220
11
-492
-938
-210
1246
1775
1042
538
1041
1437
917
494
1064
1568
797
-375
-432
220
68
-895
-1348
-1120
-1362
-2259
-2638
-2141
-1843
-2400
-3195
-3531
-3357
-2831
-2012
-940
247
1103
1040
313
369
2282
4932
5885
4512
3074
3847
6158
7332
6054
3830
2993
3786
4260
3221
1738
989
329
-1147
-2621
-2772
-2143
-2540
-4168
-5252
-4995
-4717
-5239
-5491
-4749
-3975
-4006
-4142
-3427
-2273
-1771
-1626
-358
1819
2520
976
-58
1806
4786
5353
3418
2387
3788
4777
3026
1130
2431
4808
3543
-685
-2255
441
2324
-18
-2966
-2356
-571
-1976
-4896
-4544
-1488
-899
-3897
-5672
-3747
-1709
-2331
-3239
-1689
376
-497
-2607
-1507
2196
3952
2339
685
1897
4142
4235
2958
2992
4123
4115
2665
1657
1909
2142
1488
652
270
-74
-965
-1975
-2192
-1814
-1679
-2073
-2716
-2881
-2482
-2120
-1618
-883
-352
-198
-683
-1146
-399
930
1521
1007
164
402
1379
1541
1034
963
1412
1368
298
-605
-370
74
-348
-1191
-1488
-1482
-1978
-2535
-2284
-1728
-1980
-2902
-3368
-3067
-2641
-2318
-1629
-456
525
638
213
501
2287
4637
5673
4754
3343
3510
5586
7406
6649
4070
2656
3361
4096
3309
1991
1368
858
-562
-2345
-3001
-2469
-2450
-3851
-5310
-5385
-4789
-4866
-5179
-4582
-3528
-3321
-3893
-3921
-2872
-1750
-1393
-849
941
2403
1357
-522
598
4343
6076
4082
2181
3334
4838
3205
633
1670
4977
4651
39
-2572
-87
2354
284
-2731
-2019
-79
-1761
-5456
-5520
-1860
-279
-2996
-5532
-4377
-2161
-2217
-2616
-744
961
-470
-2873
-1962
2025
4122
2251
306
1354
3385
3641
2781
2972
4000
3891
2504
1657
1948
1925
802
-47
296
318
-1054
-2275
-2042
-1392
-1557
-2129
-2119
-1727
-1985
-2748
-2518
-969
194
4
-512
-603
-294
469
1276
1553
1324
993
1141
1579
1448
986
979
1140
641
-355
-667
-152
-188
-1106
-1734
-1765
-1994
-2516
-2633
-2268
-2086
-2530
-3328
-3664
-3013
-1889
-979
-164
576
733
394
497
2014
4585
6011
4945
3185
3334
5535
7443
6981
4822
3390
3616
4004
3225
2117
1787
1355
-308
-2303
-3038
-2486
-2242
-3412
-4917
-5280
-4899
-4924
-5414
-5358
-4439
-3779
-3797
-3607
-3027
-2478
-1899
-805
1017
2276
1426
-230
431
3687
5835
4384
2265
3087
4835
3689
1204
1744
4646
4659
605
-1987
178
2556
599
-2685
-2315
31
-849
-4428
-5285
-2351
-544
-2634
-5173
-4562
-2650
-2723
-3598
-2235
131
-265
-2806
-2799
924
3910
2983
825
1280
3579
4278
2886
2162
3291
4123
3113
1830
1903
2245
1352
56
-122
349
-124
-1545
-2313
-1845
-1404
-1768
-2023
-1605
-1501
-2208
-2417
-1129
492
694
-368
-1050
-550
511
1409
1781
1437
869
1005
1620
1449
562
521
1532
1809
432
-1064
-939
-63
-414
-1629
-2051
-1998
-2619
-3379
-3115
-2079
-1771
-2876
-3950
-3614
-2540
-1779
-1192
-134
1084
1126
77
-64
1939
4968
6235
4609
2730
3364
5790
7261
6396
4583
3659
3541
3319
2794
2361
2055
1126
-669
-2255
-2614
-2158
-2174
-3220
-4552
-5195
-5012
-4712
-4840
-4924
-4295
-3394
-3150
-3361
-3039
-2180
-1462
-545
1072
2081
977
-630
507
3975
5473
3383
1616
3129
4798
3086
702
1965
4836
3902
-443
-2235
424
2275
-242
-3083
-1932
169
-1561
-5009
-4768
-1336
-232
-3095
-5411
-3981
-1713
-2064
-3080
-1538
655
-270
-2730
-1828
2401
4504
2119
-291
1356
4436
4482
2416
2130
3682
3936
2347
1417
1990
2063
689
-344
159
528
-867
-2636
-2594
-1401
-1290
-2268
-2566
-2026
-2045
-2674
-2465
-1094
60
24
-703
-995
-346
761
1498
1409
927
963
1476
1576
1010
599
1230
2045
1370
-186
-819
-407
-60
-456
-976
-1071
-1687
-3048
-3592
-2740
-1846
-2128
-3203
-3865
-3623
-2830
-1918
-931
249
1164
995
35
-4
2046
4962
6261
5170
3502
3488
5369
7261
7218
5351
3615
3435
4084
3856
2458
1162
593
-188
-1855
-3318
-3217
-2406
-2986
-5042
-6274
-5423
-4351
-4756
-5257
-4482
-3544
-3668
-4115
-3253
-1381
-665
-1009
-71
1751
1758
264
584
3464
5171
3470
1894
3429
5096
3453
567
1176
4687
4856
605
-1740
409
2289
122
-2731
-1620
666
-1041
-4930
-5548
-2419
-767
-3231
-5402
-3895
-1956
-2749
-4014
-2507
98
-283
-2454
-1360
2609
3905
1104
-770
2119
6042
5523
2360
1559
3359
4643
3879
2651
2249
1429
17
-297
792
1481
-82
-2621
-3135
-1990
-1596
-2182
-2538
-2356
-2530
-3116
-2482
-513
505
-352
-1441
-1103
471
1565
1345
862
996
1659
2397
2264
1164
583
1333
2259
1972
847
222
93
-469
-1248
-1301
-962
-1610
-3195
-3997
-3282
-2348
-2466
-3326
-4002
-4191
-3914
-2996
-1502
-66
643
539
143
272
1485
3631
5607
5958
4666
3657
4488
6331
7079
6032
4429
3730
4064
4043
2918
1920
1687
983
-972
-3059
-3283
-1899
-1922
-4194
-5797
-5138
-4250
-4931
-5675
-4590
-3120
-3394
-4215
-3333
-1424
-878
-1567
-751
1744
2510
823
234
2404
4465
3691
2057
3046
4999
3842
852
782
3748
4657
1296
-1893
-985
1288
521
-2241
-2757
-906
-848
-3671
-5256
-3380
-1445
-2668
-4880
-4310
-2030
-1772
-3173
-3013
-852
462
-520
-902
1305
3077
2103
740
2135
5242
5770
3361
2180
3481
4600
3886
2808
2923
2479
222
-1233
-174
1220
278
-2415
-3641
-2543
-1752
-2383
-2827
-2441
-2430
-3263
-3308
-1451
228
-290
-1449
-1191
7
832
996
1111
1480
1694
1761
2018
2114
1559
798
791
1513
1807
1092
-12
-742
-924
-778
-709
-1228
-2342
-3244
-3305
-2911
-2853
-3341
-3969
-4283
-4081
-3407
-2466
-1415
-264
684
676
-225
-301
1923
5272
6820
5489
3540
3768
6062
7699
7012
5246
4192
4145
4264
3616
2465
1705
1186
24
-1817
-2806
-2177
-1916
-3440
-5446
-6039
-4873
-4137
-5251
-6021
-5029
-3862
-3612
-3392
-2280
-1474
-1873
-1337
1131
2978
2409
678
427
2501
4320
4056
3619
4326
4183
1712
-540
1117
4865
4809
578
-2163
-906
851
-273
-2370
-2011
-733
-2091
-4889
-5116
-2615
-1492
-3504
-4990
-3220
-1180
-2091
-3851
-2734
250
827
-996
-973
1661
3483
2813
1905
3171
4808
4158
3017
3757
4832
3948
2219
2563
3981
2476
-1268
-2454
-207
1216
-749
-3341
-3510
-2571
-2814
-3446
-2842
-1889
-2234
-3058
-2547
-1045
-185
-274
-279
303
913
1195
1502
1920
1921
1438
1322
2042
2732
2327
1109
425
846
1319
721
-499
-1118
-971
-993
-1752
-2637
-2661
-2045
-2187
-3411
-4175
-3578
-2866
-3151
-3530
-2797
-1442
-607
-195
473
1007
916
1421
3648
5836
5556
3939
4312
6927
8234
6099
3286
3529
5810
6084
3726
1823
1591
1105
-606
-2104
-2321
-2220
-3169
-4909
-5904
-5521
-4811
-4867
-5424
-5563
-4998
-4193
-3579
-3088
-2554
-2135
-1807
-847
1158
2961
2725
988
723
3052
5126
4609
3609
4552
5157
2552
-306
1373
5509
5413
453
-2720
-824
1327
-411
-2778
-1828
-491
-3104
-6787
-5756
-1467
-547
-3882
-5758
-3772
-2015
-3099
-3857
-1565
1012
429
-1501
-765
2166
3309
1919
1529
3711
5357
4033
2105
2685
4564
4676
3161
2261
1961
737
-690
-300
1184
876
-1647
-3500
-2854
-1416
-1443
-2497
-2811
-2282
-2125
-2423
-2091
-1025
-365
-478
-354
452
978
682
540
1314
2296
2628
2457
2033
1238
509
749
1818
2313
1400
-140
-1043
-978
-573
-638
-1490
-2705
-3429
-3262
-2814
-2948
-3560
-3898
-3906
-4004
-3884
-3027
-1873
-956
115
1301
1357
200
189
2910
6202
6725
4621
3291
4686
6997
7478
5968
4479
4230
4458
3969
2789
1801
1305
517
-1257
-3210
-3653
-2593
-2366
-4300
-6279
-5850
-4221
-4206
-5493
-5441
-3784
-2904
-3501
-3499
-2025
-982
-1147
-194
2764
4278
1969
-471
1442
5416
5885
3194
2541
4389
3774
146
-475
3865
6405
2353
-2936
-2505
1285
1441
-2059
-3287
-1183
-1028
-4548
-6506
-3753
-813
-2274
-5299
-4883
-2283
-2221
-4339
-3884
-209
1724
-490
-2545
-370
3308
3727
1945
2445
5091
5646
3441
2452
4266
5556
4093
2295
2404
2443
285
-1829
-913
1232
608
-2439
-3959
-2890
-2090
-2898
-3369
-2373
-1569
-2252
-3070
-2241
-509
109
-346
-189
682
926
562
818
1965
3054
3072
1947
816
602
936
1395
2061
2251
1126
-611
-1514
-1174
-367
-405
-1842
-3447
-3780
-3328
-3220
-3268
-3034
-3126
-3858
-4204
-3343
-1992
-1064
-147
1195
1713
422
-645
1379
5535
7543
5662
3213
3819
6567
7827
6369
4443
4040
4510
4232
2882
1573
1026
632
-493
-2319
-3486
-3198
-3037
-4301
-5842
-5778
-4299
-4147
-5802
-6284
-4782
-3072
-2580
-3067
-2605
-1565
-1639
-913
1885
3902
2824
434
988
4542
5764
3602
2960
4898
4993
1528
-651
2573
6204
3625
-1658
-2498
596
1617
-1623
-3752
-1462
-290
-3665
-6593
-4868
-1393
-1581
-4766
-5323
-2863
-1968
-3291
-3270
-544
1592
200
-1869
-503
2588
3248
1596
1432
4151
5846
3848
1755
2860
4891
4363
2031
1459
2484
1719
-499
-1044
129
68
-2242
-3662
-2263
-1020
-2102
-3334
-2756
-1581
-1794
-2890
-2580
-927
-20
15
276
801
876
273
377
1862
2926
2801
2339
1677
799
191
698
2102
2417
1018
-665
-1496
-1228
-741
-886
-1397
-2236
-3241
-3582
-3417
-3360
-3283
-3330
-3696
-3817
-3362
-2491
-1303
85
1358
1613
545
189
2567
6175
7479
5488
3298
4069
6669
7590
6060
4523
4592
4975
4083
2448
1279
733
316
-514
-1784
-2898
-3467
-3751
-4482
-5495
-5344
-4341
-4609
-6025
-6256
-4376
-2303
-2264
-3308
-3162
-2074
-1269
-135
2121
3619
2159
-156
651
4222
6057
4320
2886
4203
4688
2006
-23
2420
5970
4116
-1493
-2970
473
2049
-1046
-3755
-2079
-288
-3104
-6641
-5349
-1668
-1700
-5077
-5882
-2936
-1485
-3512
-4370
-1150
1978
505
-2350
-645
3753
4489
1796
1305
4426
6449
4506
2271
3237
4996
4327
2495
2270
2773
1376
-941
-1269
111
292
-1871
-3795
-3259
-2198
-2752
-3544
-2945
-1955
-2234
-3206
-2864
-1288
-313
-134
176
572
754
784
963
1583
2270
2652
2768
2198
989
378
1060
2226
2533
1469
-150
-1225
-1433
-1022
-504
-629
-1877
-3516
-4045
-3262
-2610
-2915
-3632
-3930
-3572
-3135
-2709
-1565
-17
830
525
-366
21
2752
5806
6395
4608
3441
4950
7309
7501
5590
4260
4849
5543
4475
2648
1818
1536
407
-1337
-2407
-2613
-2906
-3856
-5005
-5616
-5525
-5120
-4873
-5004
-5128
-4575
-3519
-2925
-2930
-2607
-1551
-243
1064
2261
2603
1633
719
1800
4168
4883
3442
2822
4052
3962
1249
-46
2725
5291
2869
-1700
-2271
632
1058
-2110
-3598
-1395
-408
-3510
-6037
-3846
-799
-2238
-5778
-5526
-2075
-1003
-3168
-3762
-1017
935
-432
-1543
1033
4505
4391
1918
1812
4494
5872
4439
3205
3862
4178
2825
2031
3030
3112
407
-2123
-1280
902
357
-2507
-3950
-3112
-2586
-3339
-3483
-2424
-2036
-2998
-3548
-2576
-1145
-456
-271
160
806
1075
945
1016
1410
1770
2263
3024
3123
1831
328
425
1960
2892
1961
155
-905
-1055
-1216
-1706
-2064
-2147
-2399
-3051
-3798
-4220
-4145
-3692
-3142
-2689
-2325
-1965
-1368
-269
912
1316
1202
1987
3908
5178
4580
3647
4747
7333
7991
5274
2540
3394
6081
6087
3151
1076
1123
724
-1054
-1950
-1221
-1319
-3550
-5690
-5572
-4359
-4281
-5059
-5137
-4771
-4956
-4825
-3273
-1650
-1851
-2988
-2468
218
2612
2557
1132
1045
2784
4229
3993
3310
3921
5104
4425
1760
388
2272
4492
3271
-225
-1693
-360
260
-1473
-2750
-1626
-877
-3232
-6018
-5087
-1920
-1545
-4408
-5879
-3941
-1883
-2246
-2985
-1744
-32
-249
-1094
364
3228
3719
1639
1149
3847
6031
4911
2956
3283
4723
4581
3157
2383
2300
1603
384
-116
54
-559
-2267
-3456
-3120
-2379
-2444
-2915
-3017
-2922
-3010
-2954
-2326
-1455
-1031
-984
-573
320
985
1124
1156
1392
1837
2516
3161
3078
2034
961
1083
2154
2532
1491
226
-177
-183
-595
-1336
-1973
-2387
-2770
-3161
-3198
-2936
-3278
-4463
-5178
-4406
-2894
-1876
-1499
-985
67
838
530
314
2075
4990
6027
4467
3133
4253
6537
7299
5924
4219
3907
4682
4815
3619
2225
1455
660
-757
-2089
-2357
-2143
-2812
-4287
-5341
-5181
-4428
-4477
-5099
-4906
-4210
-3895
-3406
-2371
-1645
-1807
-2004
-772
1454
2446
1630
881
1964
4186
4745
3421
3337
4772
4564
1866
-97
1665
4539
3448
-656
-2371
-477
812
-1219
-3423
-2410
-801
-2469
-5424
-5026
-1927
-1417
-4553
-6077
-3394
-717
-1597
-3541
-2579
132
403
-1128
-166
2986
3928
1725
647
3393
6231
5310
3101
3347
4873
4487
2661
2363
3284
2360
-278
-1376
-174
422
-1358
-3413
-3438
-2574
-2767
-3446
-3222
-2519
-2677
-3332
-2882
-1547
-807
-779
-680
-4
1030
1535
1291
991
1424
2694
3576
3141
2008
1055
848
1444
2169
2316
1370
-390
-1524
-1248
-493
-590
-1703
-2702
-2879
-2950
-3394
-3617
-3464
-3561
-3961
-3770
-2482
-1122
-713
-551
89
517
566
1517
3797
5551
5083
3715
4185
6470
7530
5832
3795
4063
5482
5172
3059
1682
1896
1549
-693
-2789
-2561
-1496
-2494
-5048
-6096
-5074
-4412
-5072
-5367
-4630
-4347
-4856
-4366
-2308
-756
-1141
-1865
-757
1550
2486
1511
1188
3081
4732
3464
1405
2593
5898
6004
1951
-723
1642
4931
3669
-403
-1651
260
536
-2218
-3620
-1541
-219
-2854
-5906
-4807
-1504
-1482
-4571
-5439
-2865
-1136
-2382
-3460
-1792
208
-219
-1151
529
3501
3775
1575
1385
4147
5864
4559
3039
3815
4962
3812
1793
1634
2594
1953
-125
-862
-29
-307
-2344
-3874
-3320
-2107
-2474
-3756
-3828
-3030
-2940
-3244
-2598
-1211
-740
-1343
-1038
638
1789
1616
1132
1272
1987
2503
2635
2836
2851
2262
1455
1297
2056
2521
1628
91
-811
-725
-560
-1341
-2415
-2573
-2239
-2505
-3303
-3740
-3574
-3588
-3909
-3460
-2214
-1520
-1529
-975
323
878
97
61
2518
5409
5464
3281
2715
5245
7680
6885
4292
3409
4644
5242
3808
1983
1384
1359
466
-1156
-2129
-2151
-2476
-3886
-5255
-5168
-4288
-4171
-4799
-5136
-4857
-4362
-3648
-2373
-1201
-1091
-1644
-1554
226
2789
3462
2020
1342
2533
3586
3323
3402
4953
5482
2600
-877
-192
3705
4893
1364
-2166
-1738
194
-685
-3229
-3019
-646
-1049
-4617
-6085
-3340
-1048
-2818
-5304
-4181
-1414
-1502
-3744
-3527
-209
1649
149
-721
1496
3504
2569
1454
3544
6471
5742
2602
1877
3960
5054
3758
2627
2959
2407
26
-1241
-1
930
-686
-3132
-3575
-2366
-2215
-3476
-3977
-3165
-2560
-2861
-2922
-1841
-785
-887
-1006
35
1330
1590
1034
871
1570
2373
2769
2923
2644
1835
1072
1009
1766
2438
1833
130
-1251
-1235
-445
-458
-1549
-2605
-2857
-2805
-3286
-3628
-3110
-2854
-3525
-4075
-3567
-2591
-2325
-1830
268
1943
847
-1151
-202
3999
6966
5643
3077
3432
6061
7492
6530
4907
4141
4135
4157
3672
2717
1772
963
-171
-1684
-2571
-2232
-2002
-3415
-5524
-5981
-4576
-3581
-4369
-5563
-5313
-3856
-2668
-2107
-1529
-1119
-1490
-1525
539
3536
3973
1427
-119
1758
4253
4250
3373
4185
4651
1781
-1571
-105
4712
5581
491
-3814
-2374
663
-276
-3004
-2388
-189
-1693
-5642
-6274
-2824
-469
-2368
-4872
-3748
-1454
-2171
-3984
-2425
1559
2718
-6
-1471
1137
3961
3606
2454
3787
5901
4890
1926
1891
4808
5978
3741
1033
437
913
275
-759
-323
296
-1394
-4234
-4797
-2976
-1984
-3017
-3919
-3224
-2269
-2472
-2865
-2029
-676
-295
-561
-100
1016
1481
1113
1183
2202
3077
2860
2057
1588
1606
1883
2315
2592
2190
962
-546
-1383
-1020
-146
-160
-1476
-3018
-3646
-3361
-2880
-2688
-2859
-3310
-3782
-3847
-3363
-2573
-1471
205
1719
1433
-452
-835
2325
6235
6601
3828
2468
4645
7361
7112
4647
3288
3999
4630
3734
2343
1611
1141
126
-1322
-2324
-2397
-2381
-3451
-5117
-5695
-4847
-4114
-4650
-5565
-5195
-3589
-2452
-2406
-2236
-1475
-1139
-989
763
3610
4131
1401
-483
1667
5026
5324
3605
3584
4463
2466
-1131
-637
4111
5895
1330
-3413
-2566
419
-434
-3566
-3343
-380
-728
-5172
-7210
-3813
-451
-1840
-4641
-4034
-1737
-2131
-4129
-2896
1455
3160
178
-2067
450
3920
3659
1903
3202
6168
5889
2486
1231
3989
6270
4605
1701
1206
1869
764
-1155
-1109
175
-378
-2819
-4126
-3291
-2548
-3147
-3511
-2610
-1973
-2756
-3494
-2557
-800
64
34
124
470
637
794
1387
2258
2863
2903
2435
1762
1358
1524
2031
2303
1953
1023
-128
-1055
-1423
-1221
-992
-1437
-2530
-3426
-3549
-3260
-3216
-3494
-3662
-3439
-3020
-2720
-2397
-1452
219
1453
975
-402
23
3306
6600
6358
3519
2676
5469
8019
6776
3716
2972
4722
5550
3852
1819
1519
1632
32
-2325
-2911
-1839
-1665
-3443
-5364
-5545
-4542
-4201
-4871
-5179
-4412
-3438
-3060
-2924
-2447
-1804
-1385
-663
1135
2995
2697
575
153
2963
5545
4611
2414
2826
4399
2900
-391
150
4453
5424
320
-4015
-1979
1702
282
-3706
-3584
-484
-1104
-5578
-6949
-3027
-185
-2747
-5876
-4086
-757
-1552
-3957
-2232
2065
2750
-432
-1351
2162
4983
3695
1836
3290
5810
5173
2457
2033
4187
5098
3342
1598
1578
1523
30
-1279
-858
-116
-1099
-3119
-3976
-3387
-2977
-3415
-3636
-2998
-2359
-2443
-2574
-1905
-769
-56
62
87
370
801
1166
1476
1897
2433
2768
2492
1648
1046
1470
2418
2485
1334
146
-300
-617
-1288
-1718
-1559
-1575
-2284
-3019
-3154
-3156
-3614
-4041
-3546
-2395
-1750
-1763
-1367
-292
391
258
376
1773
4016
5356
4513
2808
3218
6208
8280
6491
2959
2138
4415
5666
3615
1186
1171
1470
-519
-2920
-2745
-1171
-1789
-4574
-5851
-4647
-3906
-5020
-5921
-5024
-3710
-3563
-3578
-2540
-1617
-2075
-2380
-304
2859
3475
1114
-334
1675
4585
4718
3024
3128
4856
4571
1407
-244
2472
5463
3659
-1256
-2793
62
1329
-1568
-4145
-2623
-557
-2697
-6327
-5849
-2062
-865
-3740
-5744
-3744
-1347
-2312
-3372
-1136
1412
538
-1898
-629
3679
5174
3000
1630
3548
5773
4804
2947
3781
5271
4109
1557
1083
2557
2289
-282
-1738
-985
-511
-1782
-3136
-2961
-2411
-3001
-3900
-3583
-2469
-2189
-2796
-2741
-1655
-817
-772
-573
201
769
871
1181
1716
1828
1718
2142
2758
2506
1491
922
1284
1826
1771
1044
-52
-1104
-1660
-1681
-1672
-1988
-2393
-2663
-3036
-3657
-4106
-3975
-3340
-2273
-759
475
198
-1397
-2043
94
3777
5846
4907
2628
1613
3168
6463
8582
6942
3105
1645
3833
5772
4439
1957
1435
1706
-163
-2994
-2894
-315
-166
-3760
-6426
-5210
-3362
-4350
-6165
-5254
-2714
-2312
-4105
-4568
-2738
-1490
-1861
-1046
1945
3250
370
-2409
169
5501
6486
2762
1032
3588
4799
1647
-422
2975
6629
3673
-2633
-3459
1385
3258
-913
-3981
-1410
954
-2481
-6877
-5111
-10
327
-4120
-5905
-2898
-1089
-3260
-3959
193
3362
139
-4403
-2482
3579
5394
2141
656
3225
4665
2442
1122
3749
6071
3844
173
148
2474
2385
-48
-863
336
140
-2116
-3248
-1964
-903
-1965
-3382
-2997
-1798
-1869
-2631
-2005
-304
226
-729
-1229
-488
297
535
1025
1858
1915
940
242
759
1731
1872
1041
191
31
148
-228
-957
-1227
-1026
-1276
-2168
-2587
-1980
-1473
-2020
-2800
-2761
-2437
-2565
-2252
-409
1794
1968
140
-787
932
3736
5428
5524
4533
3451
3992
6407
7714
5679
2875
3028
5225
5142
1927
-205
892
1849
-178
-3010
-3252
-2067
-3082
-5449
-5375
-3347
-3387
-6250
-7894
-5706
-2673
-2343
-3390
-2989
-2150
-3169
-3911
-624
4296
4521
-24
-2412
877
5031
4891
2930
3970
5908
3532
-1051
-609
5135
7749
2876
-2613
-1623
2087
1259
-2598
-2634
1037
1182
-4021
-7148
-3764
350
-982
-4796
-4827
-2008
-2077
-4816
-4293
218
2331
-896
-3840
-1437
2735
2865
461
1048
4189
4257
805
-313
3009
5798
4183
1092
793
1926
1134
-391
243
1739
754
-1983
-2688
-930
-68
-1364
-2370
-1521
-665
-1526
-2585
-1825
-291
-103
-830
-691
178
256
-553
-728
554
2038
1928
388
-686
-355
462
827
992
1264
877
-835
-2523
-2026
136
804
-1107
-2843
-2342
-1392
-2027
-2868
-2004
-905
-1738
-2759
-830
2565
2932
176
-908
1898
5189
5584
4144
3493
4039
4973
6014
6334
4672
2218
2030
4015
4378
1654
-987
-981
-105
-1048
-3062
-3578
-2754
-3208
-5162
-5715
-3933
-2741
-4081
-5815
-5254
-3116
-1946
-2287
-2507
-1866
-1426
-1425
-300
2162
3272
1455
-376
1133
4199
4611
2781
2828
4856
4304
520
-610
3621
6793
3138
-2426
-1982
2253
2043
-2553
-3630
302
1445
-3571
-7362
-4164
360
-1216
-5749
-5591
-1758
-1267
-4294
-4170
269
2245
-1143
-3611
-295
4025
3120
-278
443
4374
5055
1866
778
3631
5221
2754
462
1700
3266
1650
-769
-362
1330
648
-1812
-2518
-1081
-572
-1973
-2769
-1617
-526
-1064
-1973
-1700
-789
-489
-620
-378
388
614
-185
-818
-399
714
1234
773
219
212
442
-122
-772
-43
1059
566
-1441
-2560
-1901
-1166
-1355
-1776
-1439
-1297
-2444
-3391
-2546
-1034
-889
-1145
191
2051
1680
-267
-257
2657
5826
6401
4831
3211
3058
4917
7217
7342
4409
1484
2021
4393
4209
1211
-446
532
506
-2374
-4585
-3329
-1611
-3206
-6173
-6125
-3812
-3680
-6045
-6661
-4122
-2074
-2830
-3843
-2673
-1184
-1589
-1819
770
3694
2677
-740
-879
3028
5524
3842
1993
3319
4661
2458
-76
1965
5972
5089
-445
-2996
477
3672
1299
-2614
-2063
695
-580
-4925
-5548
-1415
786
-2390
-5730
-4172
-849
-1208
-3600
-2553
1169
1610
-1779
-2784
980
3987
2290
-52
1582
4455
3706
977
1277
3957
3874
625
-550
2044
3518
912
-1879
-1195
374
-639
-2389
-1690
-150
-1099
-3301
-2935
-303
612
-1202
-2493
-1451
-104
-73
-57
966
1457
222
-988
-134
1693
2084
1021
275
427
675
550
210
-52
-130
-391
-1193
-1984
-1988
-1564
-1680
-2273
-2393
-1960
-2160
-3279
-3603
-2196
-931
-1267
-1269
833
2703
1463
-920
-66
4100
7084
6216
3779
3174
4728
6386
6573
5291
3633
3036
3815
4242
2686
409
-256
129
-754
-2740
-3576
-3031
-3213
-4770
-5740
-4915
-4012
-4834
-6150
-5726
-3908
-2677
-2445
-2235
-2009
-2333
-2385
-599
2418
3689
1773
-562
235
3344
4813
3746
3163
3997
3215
129
-689
3305
6964
4399
-1610
-3353
176
2386
141
-1868
-350
496
-3063
-6536
-4176
859
971
-3704
-5808
-2866
-586
-2406
-3650
-328
3051
976
-3027
-1859
3165
4659
1565
253
3173
4961
2188
-457
1677
4974
3737
-81
-645
1705
1821
-941
-2145
-412
415
-1740
-3595
-2266
-253
-1089
-3291
-3004
-559
316
-1222
-2036
-503
1034
566
-266
626
1942
1314
-465
-564
1382
2644
1516
-177
-105
868
486
-704
-467
705
166
-2165
-3396
-2193
-771
-1262
-2500
-2397
-1724
-2475
-3804
-3319
-1550
-1029
-1470
-275
2174
2366
-195
-1182
2115
6344
6971
4548
3012
4053
6115
7332
6861
4739
2508
2370
4061
4570
2485
64
-580
-610
-1806
-3256
-3324
-2982
-4085
-5606
-5224
-3772
-4110
-6061
-6510
-4472
-2461
-2358
-2960
-2639
-1989
-1961
-1272
1323
3522
2211
-857
-740
3053
5459
3854
2069
3467
4890
2385
-924
750
5649
6186
908
-2854
-512
2765
1092
-2425
-1678
1411
181
-4767
-6046
-1787
1199
-1442
-5064
-4335
-1701
-2114
-4023
-2413
1618
2006
-1856
-3491
104
3520
2143
-323
1219
4197
3118
-374
-78
3881
5052
1499
-1179
516
2556
892
-1733
-1136
916
209
-2332
-2659
-862
-507
-2050
-2317
-394
753
-646
-2303
-1663
260
863
241
380
1267
1143
-173
-760
585
2189
1832
96
-830
-297
272
-272
-820
-124
353
-1186
-3307
-3214
-1162
-228
-1653
-3046
-2444
-1559
-2451
-3463
-2146
-17
199
-221
1234
3016
2134
-5
1241
6197
9029
6356
2457
2711
6364
8437
6731
3866
2624
2985
3342
2558
1322
776
280
-1389
-3568
-4182
-2962
-2576
-4551
-6323
-5281
-3274
-3715
-5967
-6317
-4141
-2495
-2467
-2166
-1345
-1853
-3240
-2096
2333
5236
2898
-1069
-887
2974
5093
3631
2574
4114
4518
1158
-1618
1139
6130
5881
255
-3252
-1011
1827
441
-2054
-1004
1107
-965
-5517
-5932
-1455
1305
-1344
-4946
-4456
-1914
-1995
-3498
-2013
1485
1923
-1371
-3205
-459
2992
2764
950
1666
3754
3292
868
640
2929
3734
1648
-215
308
1299
535
-866
-962
-513
-1189
-2196
-1756
-616
-852
-2119
-2314
-1193
-394
-525
-755
-710
-700
-645
-200
530
1069
1067
535
-145
-288
553
1696
1720
499
-391
-198
-30
-493
-621
-109
-263
-1644
-2710
-2127
-1009
-1169
-2169
-2360
-1941
-2228
-2727
-1935
-253
784
1213
1873
2081
1028
531
3019
6979
8001
5084
2483
3815
7144
7966
5306
2563
2626
4185
4091
2031
526
635
340
-1856
-3998
-3526
-1822
-2700
-6141
-7487
-4670
-2095
-3934
-7368
-7118
-3773
-2132
-3067
-3052
-1244
-831
-2293
-1507
2733
5082
1952
-1631
395
4963
5025
1633
1662
5094
4767
-407
-2313
2749
6932
3244
-2892
-2574
2178
2585
-1878
-3272
607
2366
-2131
-6501
-4402
233
127
-3553
-4176
-1253
-587
-3478
-4352
-742
2192
418
-2421
-1535
1280
1596
174
938
3277
2939
47
-565
2262
3903
1885
-318
279
1496
696
-559
2
905
-263
-2229
-2069
-251
249
-1072
-1905
-1415
-1124
-1431
-992
179
443
-362
-591
295
984
667
202
447
808
518
150
468
854
364
-589
-935
-506
-170
-745
-1994
-2676
-1981
-746
-524
-1518
-2385
-2296
-2101
-2477
-2288
-686
730
416
-117
984
2227
1600
1081
3720
7482
7248
3136
1355
5106
9642
9159
4599
1364
1892
3722
3950
2776
1808
913
-1015
-3291
-4013
-2929
-1827
-2389
-4527
-6374
-6114
-4325
-3451
-4371
-5221
-4368
-2725
-1926
-1913
-1773
-1444
-916
597
2696
2917
488
-1133
1136
4728
4909
2231
1475
3342
3352
429
-325
3240
5335
1531
-3179
-2082
2354
2652
-1534
-3437
-758
894
-1884
-4496
-2683
101
-1074
-4243
-4162
-1078
5
-2199
-3318
-968
1170
-134
-2076
-881
1817
2201
756
822
2528
2789
1010
333
2146
3393
1601
-842
-577
1258
1117
-1002
-1805
-437
156
-1644
-3356
-2502
-528
-241
-1414
-1789
-1108
-1004
-1542
-1107
465
1331
474
-787
-713
425
1061
797
551
533
175
-317
-258
251
545
279
-374
-852
-977
-1393
-2196
-2113
-634
446
-633
-2815
-3588
-2484
-1352
-1163
-806
409
1399
1361
996
1082
1709
3090
5404
7378
6738
3471
1525
4360
9170
9669
5015
1079
1698
3805
3382
1587
1473
1925
-458
-4712
-5964
-3031
-677
-2474
-5753
-6300
-4590
-3990
-5034
-5183
-3497
-2060
-2280
-2720
-1920
-1009
-1328
-1181
1649
4760
3316
-1534
-2525
2621
6867
4921
1361
2067
4191
2059
-1674
246
6302
6680
-868
-6045
-2016
3722
2097
-3097
-3108
460
-537
-5638
-6216
-683
2129
-2444
-7047
-4619
126
-600
-4257
-3122
1651
2153
-2206
-3701
424
3810
2192
-2
1769
4286
2803
-301
299
3618
4256
1486
-290
581
950
-740
-1712
-252
955
-620
-3132
-3595
-2412
-1769
-1776
-1252
-642
-1145
-2141
-2180
-1208
-57
851
1143
415
-733
-916
211
1421
1587
1140
966
634
-545
-1463
-568
1197
1418
-226
-1894
-2576
-2694
-2251
-833
613
288
-1850
-3691
-3475
-1566
377
1180
1056
1023
1446
1628
1287
1689
4082
7207
7890
5022
1898
2667
6709
9046
6966
3411
2230
2902
2620
1308
1166
2174
1567
-1680
-4726
-4656
-2577
-1875
-3419
-4899
-4709
-4101
-4687
-5731
-5310
-3314
-1701
-1779
-2606
-2826
-2560
-2044
-122
3225
4676
1794
-1942
-1147
3453
6052
4472
2515
2838
2758
132
-1206
2572
7065
4859
-2302
-5062
-725
2887
377
-3160
-1910
506
-2053
-6665
-5685
-19
1584
-3219
-6520
-3482
-31
-1886
-4592
-2049
2238
1354
-2709
-2462
2162
3943
928
-705
2213
4725
2828
-5
701
3248
3328
971
-238
683
893
-896
-2066
-900
448
-231
-1880
-2535
-2368
-2306
-2045
-1128
-128
-240
-1608
-2617
-2073
-202
1700
1779
267
-771
-558
334
926
1063
1542
1725
667
-776
-1240
-195
965
607
-391
-983
-1686
-2521
-2497
-907
880
422
-1805
-3162
-2838
-1641
-337
725
1714
2263
1726
778
554
1979
5119
7629
7100
4083
1704
3122
7112
8739
6119
2433
1674
3360
3307
1077
344
1652
1515
-1862
-5060
-4055
-1195
-1667
-4960
-6231
-4054
-2184
-3572
-5671
-4952
-2703
-1810
-2142
-1995
-1166
-1282
-2010
-271
3394
4098
625
-1967
495
4669
4758
2170
2159
3807
2390
-1056
-513
4473
6195
796
-4482
-2527
2489
2327
-2462
-4152
-738
804
-3055
-6062
-3426
111
-1298
-5280
-5284
-1297
39
-2957
-4209
-1003
1553
-365
-2810
-872
2727
2521
-243
-296
2580
3692
1770
719
2229
3107
1324
-378
709
2320
1328
-847
-1393
-632
-678
-1742
-1840
-816
-990
-2516
-2930
-1494
-60
-109
-1011
-1461
-1272
-759
18
671
880
699
194
-3
435
943
1392
1555
1042
340
-97
12
371
11
-680
-1095
-1628
-1980
-1689
-931
-532
-1362
-2338
-2309
-2062
-1739
-755
486
1284
1563
1821
1883
1308
1646
4556
8017
8035
4331
1740
3950
8174
9023
5767
2639
2542
3707
3445
2077
1467
1529
296
-2606
-4517
-3289
-979
-1521
-4954
-7118
-5729
-3488
-3674
-5370
-5429
-3574
-2470
-3060
-3179
-1702
-761
-1504
-1150
1891
3746
1078
-2116
-29
4968
5705
2032
564
3149
4025
597
-892
3510
6968
2768
-4011
-3878
2266
4337
-596
-4197
-1865
327
-2628
-5977
-3707
693
-197
-5254
-6660
-2576
327
-1862
-4275
-2287
572
-519
-2850
-1199
2565
2663
-407
-856
2331
3951
1679
-250
1397
3538
2444
-62
-206
1340
1225
-600
-1234
-259
-292
-1962
-2693
-1337
-263
-1334
-2740
-2231
-831
-601
-1228
-1052
-124
127
-324
-379
312
1257
1419
680
273
577
1029
1002
391
248
619
343
-378
-773
-654
-653
-1528
-2140
-1426
-710
-1077
-1878
-1865
-1112
-1121
-1543
-795
359
692
1011
2112
2892
2027
997
2810
6663
8123
5572
2421
2804
6583
9160
7334
3340
1276
2190
3679
3312
1798
1002
275
-2018
-4572
-4301
-1528
-489
-3330
-6795
-6781
-4133
-3044
-4559
-5471
-4026
-2557
-3013
-3512
-2096
-553
-905
-1148
1203
3665
2113
-1508
-929
4305
7120
3895
456
2063
4516
2406
-718
1426
6227
5158
-2016
-5322
-340
4260
1009
-4372
-3442
515
-962
-6062
-5968
-633
898
-4168
-7693
-4209
205
-1257
-4701
-3260
875
921
-2489
-2500
1639
3314
658
-624
2308
4740
2563
-432
939
4193
3889
707
-544
1031
1676
-32
-1260
-527
168
-916
-2622
-2669
-1350
-1068
-2023
-2233
-1304
-840
-1632
-2275
-1238
421
667
-356
-935
-233
748
746
442
929
1448
1040
272
284
1018
1162
319
-296
-53
17
-1033
-2138
-1543
59
192
-1414
-2478
-1878
-1160
-1609
-1916
-824
191
7
312
2040
3067
1960
1156
3448
6928
7378
4629
2655
4058
7096
8234
6193
3038
1797
3089
4415
3514
1429
507
435
-1017
-3476
-3864
-1809
-1152
-3996
-6911
-6092
-3354
-3136
-5480
-6321
-4213
-2222
-2435
-2926
-1995
-1251
-1765
-1089
2128
4128
1547
-1903
-332
4591
5825
2474
1017
3743
4660
711
-1656
2484
6796
3527
-3165
-3641
1591
3233
-1374
-4597
-1858
967
-1875
-6039
-4795
-616
-678
-4664
-5767
-2273
-65
-2580
-5201
-3045
954
1078
-1677
-1841
889
1698
-189
-117
3138
4597
1718
-907
780
3683
3152
561
160
1628
1297
-986
-1667
153
1134
-654
-2780
-2742
-1633
-1484
-1866
-1456
-868
-1445
-2509
-2309
-795
467
492
-188
-579
-316
275
706
1053
1462
1373
675
191
467
1095
996
103
-148
468
401
-1132
-2535
-1677
264
180
-1735
-2619
-1615
-884
-1606
-1619
63
919
38
46
2201
3656
2253
1277
4242
8102
7741
3940
2169
4965
8557
8297
4846
2285
2577
4113
4190
2321
638
348
-122
-2213
-4271
-3640
-1510
-1983
-5365
-7382
-5870
-3583
-3719
-5438
-5535
-3712
-2575
-2690
-2366
-1448
-1402
-1845
-225
3076
3587
293
-1537
1539
5358
4626
1741
2357
4855
3458
-617
-483
4387
6254
1651
-2913
-1643
1886
1294
-2403
-3327
-1042
-639
-3554
-5541
-3908
-1640
-2473
-4892
-4867
-2717
-2150
-3815
-4350
-1740
1256
857
-1741
-2069
495
2178
1502
1442
3301
3713
942
-1059
1123
4439
4083
1062
-91
957
852
-594
-439
1188
1038
-1375
-2986
-2276
-1049
-910
-1165
-1000
-1200
-2208
-2549
-1198
471
779
56
-509
-594
-345
310
1131
1390
896
440
555
707
515
470
684
538
161
178
-33
-1337
-2454
-1571
212
164
-1648
-2502
-1645
-1190
-1822
-1525
188
804
-465
-615
1840
3661
2394
1097
3293
6730
6856
4131
3027
5164
7606
7482
5181
2985
2504
3536
4359
3459
1387
-37
-532
-1547
-3179
-3485
-2168
-2010
-4495
-6737
-5739
-3394
-3554
-5817
-6396
-4285
-2248
-1983
-2307
-2265
-2373
-2319
-592
2457
3732
1662
-574
703
3874
4652
3091
2849
4323
4002
1043
-508
2031
5169
4013
-351
-2424
-557
1045
-661
-2957
-2221
-214
-1462
-5471
-6760
-3572
-886
-2458
-5197
-4869
-2799
-2625
-3761
-2632
634
1543
-1188
-2872
-542
2524
2763
1601
1963
3039
2413
1141
1922
3840
3747
1519
85
653
1186
412
-225
40
-226
-1616
-2656
-2180
-1025
-763
-1477
-2045
-2145
-1971
-1354
-667
-484
-549
-539
-485
-379
-9
814
1411
955
127
160
1065
1594
911
-37
-154
110
237
316
-32
-1114
-1970
-1524
-531
-624
-1487
-1506
-946
-1221
-1882
-1331
158
465
-540
-106
2338
3635
2233
935
2844
6319
7112
4967
3402
4406
6700
7616
5965
3246
2055
3426
4951
3578
615
-377
512
36
-2616
-4185
-2802
-1759
-4048
-6846
-6034
-3091
-2905
-5844
-6923
-4165
-1669
-2164
-3200
-2403
-1253
-1609
-1569
1111
3747
2598
-425
-253
3407
5392
3495
2019
3823
4986
1888
-1537
474
5451
5552
-165
-3944
-1382
1926
10
-3671
-2774
527
-801
-6180
-7751
-3251
270
-2095
-5794
-5067
-2144
-2387
-4513
-3053
1284
1969
-2116
-4198
-611
3490
2951
389
678
2849
2806
950
1122
3357
3760
1451
-109
768
1768
1171
246
113
-156
-1266
-2095
-1613
-651
-609
-1409
-1944
-1786
-1365
-893
-357
-172
-553
-766
-266
358
589
779
951
563
30
465
1492
1523
523
116
716
939
219
-334
-142
-206
-1052
-1485
-790
-402
-1438
-2434
-1904
-1063
-1432
-2039
-1470
-483
-272
70
1867
3676
2930
708
1073
4804
7764
6816
3907
3039
5352
8033
7619
4369
2202
3298
4900
3673
955
249
1113
-73
-3517
-4957
-2656
-848
-3147
-6501
-6211
-3690
-3570
-5653
-5981
-3991
-2764
-3277
-3330
-1922
-991
-1767
-2009
596
3764
3335
124
-735
2244
4647
3519
1975
3300
4755
2217
-1654
-556
4822
6506
1285
-3855
-2436
1717
1424
-2246
-2787
99
46
-4586
-7342
-4078
156
-936
-4909
-5241
-2359
-1713
-3826
-3787
-113
1901
-889
-3537
-1482
2173
2508
405
297
2392
2719
863
581
2641
3490
1579
-183
282
1252
917
-30
-371
-530
-1189
-1546
-1125
-796
-1075
-1437
-1204
-992
-1379
-1058
100
253
-727
-1174
-90
1271
1085
347
660
1356
1372
757
759
1682
1701
640
219
481
521
32
-712
-1084
-1043
-978
-1088
-1526
-1812
-1403
-1118
-1725
-2374
-1882
-430
238
-537
-301
2186
3745
1975
-202
1563
6250
8352
5792
2429
2523
5626
7595
6313
3770
2454
2821
3353
2429
963
727
844
-720
-3432
-4375
-2456
-996
-3041
-6090
-6068
-3691
-2833
-4596
-5800
-4179
-2152
-2186
-2687
-1899
-1179
-1724
-1550
1318
4240
3134
-385
-798
2670
5032
3663
2290
3762
4394
1181
-1687
665
5496
5451
-459
-4426
-1786
1936
543
-3245
-3180
-231
-636
-4953
-6956
-3712
-404
-2074
-5603
-5409
-2347
-1432
-3475
-3787
-526
1647
-47
-1902
-432
2351
2712
1236
1372
3139
3410
1747
1027
2385
3391
2270
615
373
1025
1152
668
218
-259
-1035
-1703
-1812
-1505
-1128
-975
-1378
-2260
-2679
-1809
-439
-191
-1143
-1599
-668
439
579
440
837
1017
303
-186
680
1904
1864
801
113
130
193
113
161
144
-397
-1211
-1475
-1083
-813
-916
-814
-510
-638
-1036
-995
-604
-195
672
2085
2772
1791
472
1068
3663
5801
5617
3954
2950
3717
5557
6433
4842
2094
1264
2820
3604
1756
-322
-277
47
-1826
-4072
-3430
-1210
-1727
-5133
-6713
-4405
-2189
-3491
-5770
-5206
-2819
-1871
-2292
-1862
-793
-1025
-1891
-566
2654
3690
1100
-967
920
4089
4245
2162
1711
3085
2753
191
-413
2671
4737
1729
-2764
-2717
920
1808
-1625
-3787
-1409
725
-2000
-5733
-4568
-629
-369
-3819
-5060
-2363
-546
-2434
-4063
-1573
1728
870
-2187
-1926
1701
3508
1823
759
2270
3338
2167
1022
2207
3779
2787
837
507
938
734
117
4
80
-864
-1924
-1708
-1037
-954
-1437
-1866
-1934
-2056
-1617
-80
763
-226
-1338
-859
658
1441
1116
880
915
506
165
718
1666
1862
849
-242
-190
203
-78
-479
-646
-910
-1103
-1134
-1466
-2165
-2442
-1651
-628
-630
-1425
-1991
-1832
-1292
-808
323
2205
3026
2028
578
364
2238
4982
6318
5431
3173
1918
3722
6324
5658
2399
778
2341
3832
2015
-825
-1029
-35
-889
-2987
-3411
-1927
-1992
-4348
-5385
-3752
-2056
-2770
-4764
-4804
-2920
-1774
-1744
-1365
-304
-166
-1582
-1664
1355
4083
3135
222
-310
2506
4368
2709
1474
3320
4353
1512
-1639
-106
3933
3612
-1049
-3241
-775
1099
-1348
-3950
-1984
753
-1378
-5716
-5653
-1220
936
-1847
-4314
-2678
-422
-1169
-2411
-427
2605
1867
-1434
-1609
2024
4352
2653
404
1374
3428
3050
1561
1628
2725
2505
629
-233
937
1640
311
-1745
-2437
-1511
-777
-1016
-1351
-1524
-1921
-2661
-3002
-1774
69
278
-937
-1878
-1437
388
1642
1393
1012
696
416
651
940
1584
2257
1614
464
-178
-349
-34
-113
-633
-576
-375
-630
-1183
-1741
-1597
-876
-569
-705
-895
-1147
-1484
-2055
-2328
-1400
64
969
1189
828
376
280
944
2891
5069
5569
3807
1289
1299
4468
6598
4778
1539
1074
3156
3493
868
-1061
36
1560
58
-3023
-3750
-2236
-1689
-3189
-4442
-3504
-2284
-3217
-4877
-4582
-2564
-1188
-1306
-1495
-1290
-1788
-2340
-688
2639
3719
996
-1596
-317
2748
3401
1948
1822
3086
2373
-598
-1542
1580
4504
2758
-1415
-2585
-404
762
-706
-1789
-632
315
-1335
-3626
-3186
-681
233
-1302
-2341
-1293
-275
-900
-1465
-264
1248
961
-82
431
1832
1843
627
526
2212
3283
2307
1024
774
963
950
1010
1580
1638
53
-1779
-2052
-1175
-527
-453
-473
-997
-2337
-3064
-2088
-209
792
-100
-1539
-1738
-899
112
952
1409
1326
738
282
663
1439
1664
1324
1005
796
321
-477
-1051
-918
-209
170
-735
-2089
-2144
-1195
-815
-1455
-1988
-1297
-547
-1172
-2118
-2293
-2023
-1779
-1486
-471
680
596
119
517
1171
1588
2542
4473
5778
4512
2016
1684
4261
6570
5518
2417
964
1791
2364
1443
578
909
960
-965
-3640
-4097
-1958
-442
-1753
-3950
-4329
-3479
-3629
-4437
-3705
-1626
-741
-1911
-3010
-2370
-1356
-1169
-321
1907
3112
1141
-1620
-718
2971
4495
2789
1168
1697
2104
7
-1292
1681
4972
3101
-1967
-3485
-106
2132
13
-2139
-728
1112
-965
-4832
-4777
-762
1467
-718
-3366
-2799
-1015
-1015
-1492
28
2149
1625
-811
-1191
1244
3188
2522
1159
1682
2857
2139
580
555
1721
2309
1718
809
220
-587
-1456
-1160
42
628
-68
-1620
-2798
-2632
-1559
-471
13
-474
-1378
-1762
-1354
-441
498
1095
1123
538
-64
82
899
1583
1596
1207
943
679
13
-656
-477
483
1028
286
-1105
-1854
-1496
-695
-390
-572
-809
-1336
-2014
-2104
-1556
-1015
-1198
-1842
-1764
-1160
-1128
-1195
-205
1498
2169
1057
257
1889
4307
4401
2435
1758
3828
5773
4678
1972
909
2161
3527
3005
1444
586
76
-826
-1512
-1296
-527
-524
-1990
-3686
-4077
-3213
-2322
-2261
-2752
-3140
-3098
-2527
-1700
-1212
-1343
-1592
-1065
381
1565
1154
-303
-596
1062
2614
2148
822
959
2208
2039
170
-465
1491
3053
1391
-1435
-1585
555
1243
-538
-1788
-770
165
-1179
-2894
-2105
166
582
-1203
-2307
-1404
-292
-287
-288
562
1006
91
-715
257
1958
2156
963
399
905
1098
677
723
1294
1123
-4
-782
-527
-81
-68
-104
-136
-707
-1698
-1715
-636
-22
-532
-1252
-1044
-539
-523
-535
-125
492
647
624
860
877
488
463
1358
2160
1682
432
-183
69
225
9
74
468
188
-958
-1755
-1565
-920
-622
-676
-830
-1224
-1739
-2037
-1676
-1116
-1042
-1430
-1818
-1561
-1101
-580
427
1210
1150
678
790
2136
3776
4021
2997
2336
3022
4269
4297
2707
1273
1666
2993
3029
1487
85
-238
-262
-758
-1291
-1244
-1224
-2082
-3253
-3431
-2608
-2067
-2405
-3030
-3245
-2853
-1922
-914
-653
-1438
-2208
-1460
360
1465
835
-340
-208
900
1566
1111
811
1685
2328
1343
-271
-121
1695
2546
1106
-605
-468
625
538
-905
-1320
-67
719
-502
-2320
-2006
-128
444
-1055
-2245
-1427
-162
-98
-447
11
527
-65
-926
-247
1660
2371
1008
-454
-369
324
383
381
905
939
-199
-1225
-814
332
746
266
-259
-411
-385
-262
93
450
373
31
14
276
275
12
-39
146
292
422
500
246
-254
-338
376
1161
995
-64
-1066
-1201
-646
-181
-138
-416
-666
-853
-1469
-1963
-1420
-341
223
-413
-1457
-1332
-652
-659
-865
-501
319
307
-810
-869
663
1683
1074
192
1295
3633
4032
2358
1291
2138
3634
3641
2092
771
532
907
1072
617
-115
-763
-1349
-1870
-1910
-1189
-509
-929
-2075
-2513
-1644
-434
58
-63
-329
-663
-787
-101
1129
1591
846
-27
-52
720
1364
1092
504
480
555
-104
-1131
-1261
-414
-311
-1699
-2786
-2011
-599
-841
-2484
-2972
-1428
72
-228
-1295
-1209
-119
393
82
245
1305
1843
916
-148
331
1820
2425
1806
1395
1669
1618
972
726
1332
1695
905
-199
-552
-354
-284
-686
-1289
-1560
-1500
-1336
-1225
-1406
-1582
-1201
-773
-1061
-1425
-888
30
112
-317
114
1104
1081
64
-193
1028
1946
1199
432
916
1191
308
-533
-159
671
351
-715
-845
-256
-342
-868
-463
547
421
-818
-1489
-1192
-932
-1060
-966
-514
-404
-963
-1628
-1719
-1176
-375
503
1260
1408
883
361
561
1514
2648
3530
3807
2936
1339
646
1561
2948
3174
1693
-269
-983
-365
385
568
129
-853
-1982
-2517
-2012
-887
-64
-29
-600
-1192
-1097
-292
452
612
412
573
1182
1113
53
-592
46
1277
2042
1734
244
-1730
-2435
-1046
644
569
-956
-2247
-2849
-3494
-3509
-1636
490
-87
-2927
-4388
-2654
-154
562
417
950
1203
-14
-1178
-83
2368
3357
2306
1145
1012
1036
695
978
2245
2986
1849
-70
-618
181
586
152
-140
36
-215
-1371
-2241
-1725
-657
-308
-736
-1333
-1586
-1385
-887
-158
444
485
185
-194
-525
-338
414
1061
1022
402
-13
13
-142
-290
200
703
383
-374
-657
-299
-175
-580
-399
478
585
-548
-1684
-1492
-320
277
54
-180
-381
-869
-1399
-1046
389
1328
667
-607
-1051
-444
214
233
199
712
1362
1399
837
424
651
1541
2929
3927
3279
1206
-179
737
2889
3670
2034
-289
-1109
-500
-47
-188
-146
34
-596
-2010
-2787
-1958
-379
300
-311
-988
-723
-89
-104
-495
-206
812
1557
1397
648
-31
-189
335
1310
1871
1063
-767
-1909
-1540
-816
-799
-973
-952
-1616
-3151
-3825
-2369
-356
-224
-1714
-2377
-1390
-423
-524
-591
311
1227
964
59
-81
740
1418
1325
1032
1108
1200
759
106
70
723
1156
777
159
14
58
-275
-635
-288
504
660
-190
-1122
-1137
-397
180
176
-50
-251
-587
-885
-507
516
1135
621
-391
-765
-329
185
369
510
611
139
-754
-958
-107
686
506
-99
-232
-48
-183
-521
-496
-66
208
-108
-661
-795
-554
-374
-226
61
254
68
-383
-620
-265
463
920
708
5
-563
-440
144
476
416
473
950
1293
850
210
513
1727
2758
2677
1652
766
707
1321
1956
1778
702
-332
-572
-324
-337
-627
-704
-676
-979
-1450
-1432
-751
-165
-233
-447
-201
306
509
285
80
231
568
853
993
709
-63
-528
61
1029
962
-349
-1491
-1331
-693
-940
-1611
-1480
-983
-1438
-2592
-2776
-1422
-140
-487
-1615
-1678
-628
69
-171
-375
219
838
548
0
319
1129
1196
390
-132
329
942
689
39
-29
321
458
417
484
519
178
-302
-219
362
602
180
-396
-621
-516
-301
-71
8
-197
-427
-409
-345
-472
-498
-91
281
-47
-698
-673
41
416
79
-164
164
385
-16
-384
12
635
552
31
7
397
297
-253
-256
430
731
140
-528
-522
-149
15
-86
-308
-613
-836
-701
-235
152
150
-141
-387
-350
-7
454
715
629
500
727
1117
1094
724
785
1570
2342
2251
1291
334
324
1200
1783
1188
-55
-737
-471
35
59
-307
-596
-726
-808
-633
-107
214
-173
-878
-1034
-394
412
656
257
-326
-587
-230
572
1073
671
-211
-566
-91
454
264
-471
-890
-776
-789
-1168
-1279
-826
-483
-818
-1367
-1328
-706
-268
-357
-393
-66
-63
-727
-1208
-731
294
818
433
-185
-296
46
497
862
955
705
218
-196
-99
448
861
815
407
-25
-119
98
381
603
598
292
-14
-62
3
-60
-230
-325
-265
-221
-383
-567
-457
-195
-174
-437
-689
-672
-381
-102
-53
-67
23
51
-82
-204
-171
4
130
42
-84
-29
81
88
27
-28
-57
-68
-25
24
-102
-393
-527
-294
16
-73
-580
-991
-900
-422
22
164
-11
-334
-502
-307
148
560
792
947
1038
975
889
1017
1375
1748
1843
1633
1339
1060
902
1061
1289
1055
409
-98
-152
-7
-119
-427
-540
-516
-645
-842
-850
-705
-685
-790
-755
-492
-197
-84
-137
-130
57
436
831
887
517
-6
-206
164
588
431
-92
-442
-472
-421
-450
-312
-41
-34
-461
-955
-872
-366
-72
-157
-370
-383
-359
-430
-408
-263
27
154
-147
-565
-619
-226
161
247
132
20
-112
-266
-243
81
503
483
112
-178
-227
-16
293
495
332
-68
-290
-240
-99
-23
25
23
-156
-484
-628
-455
-255
-323
-558
-718
-751
-654
-448
-138
75
-30
-307
-342
-19
205
184
42
-98
-129
-69
256
623
601
251
-44
50
453
804
791
365
-117
-222
-53
74
93
-24
-200
-239
-69
209
460
458
184
-24
63
314
512
559
499
586
708
702
799
967
1123
1101
825
551
504
638
493
56
-220
-231
-228
-414
-639
-748
-722
-601
-569
-522
-382
-361
-316
-205
-96
53
72
35
-7
0
0
0
0
0
0
0
0
0
0
0
0
0
0
0
0
0
0
0
0
0
0
0
0
0
0
0
0
0
0
0
0
0
0
0
0
0
0
0
0
0
0
0
0
0
0
0
0
0
0
0
0
0
0
0
0
0
0
0
0
0
0
0
0
0
0
0
0
0
0
0
0
0
0
0
0
0
0
0
0
0
0
0
0
0
0
0
0
0
0
0
0
0
0
0
0
0
0
0
0
0
0
0
0
0
0
0
0
0
0
0
0
0
0
0
0
0
0
0
0
0
0
0
0
0
0
0
0
0
0
0
0
0
0
0
0
0
0
0
0
0
0
0
0
0
0
0
0
0
0
0
0
0
0
0
0
0
0
0
0
0
0
0
0
0
0
0
0
0
0
0
0
0
0
0
0
0
0
0
0
0
0
0
0
0
0
0
0
0
0
0
0
0
0
0
0
0
0
0
0
0
0
0
0
0
0
0
0
0
0
0
0
0
0
0
0
0
0
0
0
0
0
0
0
0
0
0
0
0
0
0
0
0
0
0
0
0
0
0
0
0
0
0
0
0
0
0
0
0
0
0
0
0
0
0
0
0
0
0
0
0
0
0
0
0
0
0
0
0
0
0
0
0
0
0
0
0
0
0
0
0
0
0
0
0
0
0
0
0
0
0
0
0
0
0
0
0
0
0
0
0
0
0
0
0
0
0
0
0
0
0
0
0
0
0
0
0
0
0
0
0
0
0
0
0
0
0
0
0
0
0
0
0
0
0
0
0
0
0
0
0
0
0
0
0
0
0
0
0
0
0
0
0
0
0
0
0
0
0
0
0
0
0
0
0
0
0
0
0
0
0
0
0
0
0
0
0
0
0
0
0
0
0
0
0
0
0
0
0
0
0
0
0
0
0
0
0
0
0
0
