0
0
0
0
0
0
0
0
0
0
0
0
0
0
0
0
0
0
0
0
0
0
0
0
0
0
0
0
0
0
0
0
0
0
0
0
0
0
0
0
0
0
0
0
0
0
0
0
0
0
0
0
0
0
0
0
0
0
0
0
0
0
0
0
0
0
0
0
0
0
0
0
0
0
0
0
0
0
0
0
0
0
0
0
0
0
0
0
0
0
0
0
0
0
0
0
0
0
0
0
0
0
0
0
0
0
0
0
0
0
0
0
0
0
0
0
0
0
0
0
0
0
0
0
0
0
0
0
0
0
0
0
0
0
0
0
0
0
0
0
0
0
0
0
0
0
0
0
0
0
0
0
0
0
0
0
0
0
0
0
0
0
0
0
0
0
0
0
0
0
0
0
0
0
0
0
0
0
0
0
0
0
0
0
0
0
0
0
0
0
0
0
0
0
0
0
0
0
0
0
0
0
0
0
0
0
0
0
0
0
0
0
0
0
0
0
0
0
0
0
0
0
0
0
0
0
0
0
0
0
0
0
0
0
0
0
0
0
0
0
0
0
0
0
0
0
0
0
0
0
0
0
0
0
0
0
0
0
0
0
0
0
0
0
0
0
0
0
0
0
0
0
0
0
0
0
0
0
0
0
0
0
0
0
0
0
0
0
0
0
0
0
0
0
0
0
0
0
0
0
0
0
0
0
0
0
0
0
0
0
0
0
0
0
0
0
0
0
0
0
0
0
0
0
0
0
0
0
0
0
0
0
0
0
0
0
0
0
0
0
0
0
0
0
0
0
0
0
0
0
0
0
0
0
0
0
0
0
0
0
0
0
0
0
0
0
0
0
0
0
0
0
0
0
0
0
0
0
0
0
0
0
0
0
0
0
0
0
0
0
0
0
0
0
0
0
0
0
0
0
-376
-461
-408
-427
-494
-322
-181
-398
-578
-464
-307
-277
-333
-414
-607
-891
-902
-583
-434
-678
-931
-934
-865
-832
-772
-671
-547
-468
-478
-470
-387
-251
-115
33
253
374
297
356
636
817
894
935
753
590
917
1380
1233
672
462
710
908
781
551
451
374
276
381
518
204
-323
-382
-122
-137
-311
-299
-349
-611
-615
-243
-112
-443
-626
-364
-144
-346
-564
-316
114
124
-327
-497
-119
215
117
19
64
-67
-250
-231
92
13
-383
-468
-410
-283
-411
-330
-263
-820
-1225
-1045
-550
-611
-1022
-906
-574
-649
-947
-703
-29
170
-268
-354
369
1050
1094
1058
1421
1553
1197
1451
2747
3423
2225
862
1522
3178
3294
1932
1174
1508
1652
1157
789
835
703
32
-739
-869
-438
-499
-1521
-2229
-1327
-146
-851
-2598
-2445
-391
400
-1186
-2256
-654
904
24
-1510
-916
1000
1166
148
-209
127
183
-129
301
737
163
-866
-1333
-1179
-1029
-525
110
-674
-2750
-3286
-1204
270
-1181
-2907
-1845
-208
-1264
-3082
-2052
818
926
-1648
-2283
54
1568
-165
-1216
1236
3328
1419
-1660
-459
3450
3969
710
-630
2073
3594
1039
-663
2140
4507
1701
-1736
88
3581
2059
-1845
-1065
2653
1895
-2478
-2744
1377
2332
-1277
-2621
296
1412
-1453
-2659
239
1877
-635
-2462
-466
1243
-160
-1070
707
1552
-379
-1390
342
1287
-321
-1166
375
996
-843
-1697
26
857
-763
-1430
133
411
-1621
-2114
65
862
-1234
-2299
-423
715
-919
-1705
319
1412
-591
-1833
99
1621
146
-1079
358
1277
-199
-1101
666
1944
237
-1039
290
1521
270
-975
504
1729
333
-1205
-218
1514
872
-243
573
1660
915
-404
533
2205
1879
618
765
1881
1449
398
1078
2309
1759
263
244
1220
1094
176
162
669
379
-692
-1009
-294
-182
-627
-890
-1002
-1362
-1840
-1328
-668
-791
-1179
-1527
-1363
-1338
-1340
-874
-621
-689
-1300
-1578
-1154
-792
-438
-521
-780
-882
-1037
-966
-850
-563
-261
-480
-789
-855
-592
-267
-282
-209
230
527
149
-183
265
887
972
758
1113
1375
767
363
853
1927
2252
1342
539
296
840
1620
1473
893
470
398
219
17
681
1213
389
-839
-702
276
315
-631
-857
127
161
-1045
-1517
-505
399
-395
-1002
-555
-556
-1081
-1134
-91
1
-1229
-1233
-383
-88
-899
-1213
-125
-328
-1360
-1552
-962
-540
-1723
-2281
-1499
-1054
-1366
-2104
-1615
-768
-1008
-1406
-944
-134
-178
-375
566
1754
1648
1338
1983
2999
3478
3818
4317
3858
3322
4049
5481
5348
3565
2949
3666
4028
3052
2090
2178
1809
807
93
179
349
-628
-1916
-2184
-1428
-1099
-2290
-3358
-2730
-1500
-1614
-2979
-3322
-1752
-387
-1240
-2903
-2645
-781
29
-830
-1565
-1418
-1211
-1201
-804
-260
-595
-1636
-2150
-1799
-1279
-900
-666
-1236
-2609
-2980
-1402
-131
-1110
-2520
-1896
-520
-1221
-2646
-1830
434
923
-1188
-2173
-73
1831
905
-580
1070
3446
1933
-862
373
4515
5236
1668
440
3603
5337
2623
816
3679
5778
2597
-759
1288
4594
2745
-1403
-924
2530
1760
-2430
-2679
1076
1405
-2552
-3750
-713
188
-2869
-4017
-1010
687
-1822
-3552
-1282
645
-943
-2159
-205
1075
-624
-1628
180
1274
-231
-1087
704
1849
-261
-1563
321
1709
-29
-1468
444
994
-1507
-2288
207
1671
-904
-2627
-1001
-18
-1333
-2373
-866
-195
-2210
-3051
-1298
448
-746
-2300
-1096
153
-641
-1612
-141
1821
1409
423
1039
2164
2231
2676
4584
5425
3298
1509
3491
6314
5608
2860
2302
3655
3826
2692
2274
2620
2126
738
9
421
571
-473
-1646
-1616
-845
-961
-2396
-3619
-2944
-1087
-616
-2401
-3697
-2123
-36
-723
-2767
-2436
-276
311
-1068
-1743
-1081
-773
-853
-743
-291
-591
-1600
-1956
-2175
-1762
-838
-457
-1676
-3926
-3557
-1182
-471
-2284
-3670
-1830
-468
-2296
-3998
-2056
1471
634
-2769
-2613
892
2210
-433
-979
2595
4637
1848
-911
1698
6069
5465
1455
1267
5052
5915
1896
762
5004
6620
2144
-1593
1712
5318
2246
-2020
-501
3303
996
-4032
-2930
1734
1244
-3570
-4105
-382
-117
-3609
-3787
-83
513
-2960
-4057
-960
488
-1549
-1873
399
821
-1841
-2248
778
1601
-683
-1740
659
1203
-1561
-1914
661
1458
-1772
-2896
-77
189
-2558
-3215
-405
-85
-3678
-4069
-839
-98
-2736
-3330
-334
329
-2410
-2709
692
2444
415
-287
2633
4146
2014
1745
5773
7857
4475
1750
4671
8149
6672
3939
4710
5976
4213
2556
3977
5192
2839
-83
279
1667
489
-1465
-1378
-1024
-2295
-3015
-2020
-2199
-4190
-4144
-1536
-1259
-4362
-5246
-1752
205
-2810
-5019
-2149
696
-987
-3344
-2162
-205
-1153
-2474
-1014
434
-1067
-2974
-2277
-715
-1005
-1618
-887
-1272
-3371
-3347
-545
380
-2360
-3970
-1482
520
-1655
-3805
-1513
1628
257
-2875
-1611
2202
1896
-1497
-647
4280
5012
299
-1302
3505
7215
4421
607
2472
6407
5310
1495
2250
6242
5553
359
-673
3812
5121
383
-2323
974
2899
-1185
-4356
-1240
2068
-764
-4923
-3383
139
-1265
-4579
-3235
182
-796
-4188
-3490
117
242
-2211
-1842
612
307
-1842
-1151
1314
1315
-888
-519
1162
115
-1385
-419
1720
396
-1943
-812
699
-592
-2744
-1429
517
-1163
-3485
-2457
-89
-1067
-3334
-2598
-499
-1281
-3259
-1758
1262
1008
-885
159
2415
1957
1002
3659
6488
4284
997
2883
7516
7576
3758
3138
5485
5455
3077
2798
4759
4163
1173
294
1742
1822
-350
-1523
-708
-258
-1171
-2002
-2498
-3009
-2389
-1138
-1436
-3535
-3798
-1212
-431
-2886
-4190
-1737
394
-1161
-3164
-2389
-811
-1078
-1833
-1230
-571
-1429
-2561
-2391
-1530
-714
55
-197
-2255
-3654
-1602
1402
717
-2367
-2498
282
643
-2070
-2429
1056
2702
-344
-2796
-526
2202
619
-1613
647
3812
1706
-2457
-1109
4124
5075
691
-1149
2294
4419
1510
-1137
1702
5035
2681
-1495
-721
3089
2602
-1286
-1301
2427
2596
-1852
-3501
275
2813
-119
-3108
-1419
703
-1126
-3357
-1474
1455
163
-3037
-2445
322
81
-1760
-699
1498
113
-2836
-1903
1366
1513
-725
-858
516
-137
-1708
-922
835
279
-1473
-1471
-560
-1135
-2128
-1319
-107
-922
-2427
-2111
-1036
-1319
-1729
-443
806
-75
-1086
423
2496
1947
642
2296
5073
4432
1732
2274
5748
6786
4538
3431
4647
4842
3358
3154
4437
4233
2158
898
1248
1376
624
190
120
-798
-1964
-1675
-979
-2041
-3344
-2243
-780
-2353
-4780
-3702
-701
-917
-4084
-4843
-1955
-299
-2140
-3560
-2126
-995
-2183
-2750
-1109
-274
-1734
-2836
-2134
-1388
-1379
-917
-440
-1479
-2515
-1178
643
-105
-1801
-902
1524
1188
-1719
-1954
1642
3379
539
-1694
561
2992
1131
-1091
1413
4603
2316
-1759
-248
4511
4292
-607
-1614
3074
4989
571
-2237
1589
5067
1825
-2449
-338
3746
1787
-2805
-1674
2796
1970
-3072
-3544
1020
2084
-2153
-3807
-131
1692
-1736
-3874
-728
1791
-677
-3035
-1078
921
-625
-1887
137
1443
-762
-2254
-314
1231
-147
-1459
-400
452
-1005
-1920
-393
477
-1077
-2207
-1178
-516
-1834
-2497
-1006
-261
-1942
-3179
-1744
-96
-660
-1273
27
1039
395
377
2023
3090
2717
3152
4757
4653
2854
3282
6331
7579
5319
3161
3834
5134
4531
3549
3775
3628
2005
468
537
1332
1031
-312
-1305
-1424
-1156
-1412
-2601
-3487
-2712
-1457
-2200
-4543
-5052
-2796
-1398
-3010
-4715
-3695
-1730
-1808
-3152
-3044
-1904
-1810
-2139
-1524
-827
-1016
-1303
-1068
-1090
-1271
-251
917
-340
-2497
-1691
1187
1543
-1166
-2184
558
2272
-174
-2012
599
3154
977
-2026
-162
3307
1918
-1771
-849
3242
3323
-778
-1799
2232
4705
1794
-1437
375
3880
2792
-907
-688
2905
3376
-557
-2272
1289
3648
353
-2713
-46
3342
830
-3458
-1847
2520
1606
-2853
-2821
1205
1536
-2305
-3063
786
1745
-1998
-3264
-45
1615
-1377
-2864
152
1187
-1538
-2936
-167
1906
-888
-2638
-792
531
-1148
-2723
-493
779
-1613
-3559
-1753
526
-1035
-2842
-1707
-222
-1302
-2472
-767
942
58
-930
623
2215
1435
639
2130
4096
4375
3793
3311
2963
3430
5170
6529
5432
2830
2106
4224
5694
4036
2002
2441
2934
936
-599
919
1935
-680
-3196
-1919
-55
-1689
-4374
-3781
-1328
-1321
-3955
-5144
-3111
-1054
-2103
-4224
-4000
-2294
-1594
-2203
-2163
-2114
-3086
-3046
-1464
79
-627
-1984
-1518
-806
-568
-171
1208
1796
-353
-1772
25
2871
2382
-873
-787
2316
2855
-401
-1777
1697
3790
1084
-1720
-232
2600
1442
-1444
-336
3495
2950
-1764
-2518
2116
4788
1182
-2279
180
3797
2244
-2399
-1436
3852
3485
-2175
-3549
1509
3313
-1283
-3263
888
3043
-1778
-5460
-1222
3554
365
-4898
-2887
1983
389
-4282
-2516
2499
1322
-3332
-2941
1361
1680
-1589
-1458
1247
1253
-1572
-2147
1328
2507
-102
-1316
279
1112
-1053
-1171
1278
1134
-1442
-2492
-345
312
-1512
-1897
-613
-493
-2441
-2719
-851
36
-518
-415
705
644
-295
273
2602
4232
3831
2574
1994
2781
4618
6230
5848
3626
2250
3464
5308
4894
2898
2125
2624
1983
328
269
1506
712
-2072
-2709
-514
-170
-3385
-5220
-2660
-330
-2690
-6258
-5531
-2147
-1687
-4403
-5595
-3736
-2118
-2615
-3224
-2596
-2166
-2601
-2225
-572
196
-768
-1341
-461
196
297
1373
2532
1185
-1106
64
3653
4053
547
-968
1897
3810
1036
-1456
1225
4282
2375
-1415
-531
3194
2706
-607
-769
3058
3812
-1051
-3341
857
4717
1535
-3268
-1636
2706
1898
-2296
-2054
2059
2200
-2446
-3871
287
2363
-1405
-4183
-863
2444
-552
-4804
-2689
2331
1851
-2735
-3275
679
1659
-1548
-2365
967
2124
-952
-2334
467
2304
-53
-1569
362
1976
37
-2522
-838
1845
1327
-1376
-1570
360
-222
-1301
-440
1128
145
-2215
-2215
-746
121
-751
-1570
-1375
-1584
-2167
-1872
-657
24
295
535
90
-632
177
2577
4265
3746
1858
1091
2721
5072
5903
5180
4010
2965
2803
3998
5054
4181
2303
1432
1258
592
155
639
405
-1409
-2376
-952
1
-2162
-4551
-3100
-171
-1469
-5759
-6090
-1808
-368
-4511
-7183
-4053
-625
-2130
-4620
-3383
-1302
-2309
-3554
-1394
488
-1071
-3148
-1680
695
124
-247
1106
1525
-958
-1301
3196
5314
1877
-1310
1932
5556
2383
-1461
1634
6883
3917
-2558
-808
5685
4693
-2139
-1976
4763
5257
-2121
-4661
1726
5352
-11
-4533
-744
3129
-563
-4752
-1260
4011
1567
-4893
-4698
1539
2960
-2430
-4430
358
2352
-2551
-5140
-336
3687
582
-3538
-1857
1746
824
-2028
-680
2779
1955
-1967
-2264
1309
2924
876
-825
82
823
-175
-702
716
1614
223
-1660
-1738
-699
-938
-942
-699
-1115
-2108
-2941
-1881
-1821
-2256
-1656
-1392
-1972
-3486
-3009
-1161
-319
-248
-301
-69
-45
84
966
2862
4666
4515
2394
1156
3114
6383
7577
5631
3052
2855
4441
5012
4294
3978
3721
2395
948
690
1176
1256
286
-1165
-1461
-583
-839
-2899
-4051
-2375
-279
-1643
-5593
-6454
-2682
-538
-3730
-6688
-4578
-1517
-2431
-4886
-4540
-2443
-1910
-2515
-1643
-277
-1207
-2733
-1617
656
1056
710
996
340
-1110
105
3948
4885
1610
-768
1864
4973
2577
-486
1817
5893
3699
-1928
-892
4549
4510
-1126
-2126
3347
4522
-1680
-4606
1137
5480
856
-4528
-1835
2856
587
-3904
-1719
3348
1515
-4791
-4833
1279
2899
-2178
-4335
4
2216
-2132
-4925
-535
3682
665
-3849
-2071
2271
1717
-1430
-534
2889
2387
-1415
-2034
1433
3399
1306
-872
-181
984
102
-724
619
1745
491
-1618
-1385
-96
-240
-663
-907
-1228
-2246
-2575
-1657
-1606
-2130
-2421
-2258
-2328
-2852
-2731
-1941
-1140
-696
-425
-401
-602
-499
465
2243
3879
3949
2104
981
3166
6668
7312
4993
3346
3852
4713
4818
4863
4849
3944
2411
1428
1465
1811
1418
164
-855
-864
-559
-1068
-2525
-3545
-2525
-872
-2197
-5631
-5676
-1942
-906
-4647
-7008
-4271
-1117
-2286
-5058
-4770
-2812
-2800
-3133
-1162
176
-1844
-3441
-1374
1135
1285
1285
2085
1052
-1187
7
4396
5474
1451
-822
2306
4511
1142
-1349
2904
6866
2438
-3668
-1031
5233
3728
-2273
-1301
4594
3551
-3836
-4790
3258
7215
580
-5444
-1625
3511
453
-3962
-817
4108
515
-6213
-4425
2541
3208
-2963
-4488
708
2069
-2874
-5110
332
4438
373
-3982
-1840
2345
1308
-1682
-75
2847
1796
-1988
-1737
2308
3252
538
-1035
711
1124
-666
-621
1035
1512
-393
-1403
-841
-660
-417
-671
-798
-1541
-2499
-1952
-1675
-1402
-1939
-2476
-1894
-2300
-2955
-3063
-1990
-760
-347
-83
-607
-1653
-1222
1786
4768
4637
1464
-417
2332
6873
7775
4972
3159
3948
5323
4787
4663
5509
5004
3179
827
1222
2269
1220
-626
-1535
-19
282
-1836
-3621
-3171
-1029
-586
-3235
-6160
-5215
-1692
-1017
-4281
-6602
-5038
-2472
-2206
-3919
-4760
-3891
-3090
-2634
-1395
-433
-1204
-2074
-1559
-605
696
2818
3402
815
-1298
837
4701
5108
2017
399
2428
3882
1364
-778
2575
6658
3533
-2805
-1778
4506
4302
-1997
-2259
4408
5152
-3095
-6789
891
7247
1551
-6100
-2798
4129
1276
-5731
-3041
5049
3236
-6722
-7912
1931
5589
-3014
-7517
527
5635
-2177
-8143
-677
7130
2174
-5401
-2146
4727
2435
-3561
-786
5974
3828
-3754
-3187
4180
5121
-672
-1930
2309
2266
-2324
-2236
2771
3086
-2128
-2987
412
696
-2529
-2483
907
-575
-4049
-3397
-442
-864
-4280
-3511
-697
-1650
-4755
-4302
-550
176
-1906
-1518
862
175
-1893
799
6237
6010
264
-1002
4843
8880
6208
2972
4016
5588
4598
3867
4969
5043
3115
1778
1972
2005
1291
489
-343
-714
13
310
-1597
-3805
-3056
-260
-9
-3852
-6676
-3810
106
-2184
-7194
-6308
-1418
-905
-4506
-5512
-3144
-2115
-3351
-3072
-449
326
-2113
-3314
-1321
465
1078
2397
2530
-371
-1757
1959
5837
4176
163
626
4387
3983
-481
-156
5921
7115
326
-3444
1487
5844
2274
-2432
-64
4438
1655
-4940
-4012
3287
4392
-2744
-6178
-931
3047
-1326
-6028
-2045
3821
161
-7435
-4998
3767
3382
-4748
-5161
2850
4330
-3413
-6188
1557
6712
717
-5039
-434
5430
1698
-3602
198
6123
2868
-3889
-1887
4226
3800
-1684
-1367
3199
1589
-2683
-1894
2964
2055
-2694
-2121
578
58
-3273
-2350
427
-1118
-3568
-2865
-223
-1464
-4147
-3041
-760
-1906
-4632
-3131
658
844
-1668
-1204
1444
1274
92
2875
6604
4331
-492
1285
7908
9228
4183
1661
4530
6527
4809
3571
4552
4385
2058
759
1636
1957
229
-1637
-1791
-846
-341
-1031
-2610
-3469
-2201
-721
-2595
-6136
-5463
-823
-4
-5268
-8255
-3986
683
-1108
-5066
-4681
-2200
-2561
-3496
-1251
708
-952
-3383
-2451
113
925
1619
2512
1866
-196
-81
3802
5519
2567
270
2734
5282
1821
-1461
2371
7482
4935
-1871
-1477
4198
4304
-890
-1665
3357
3431
-3477
-5916
771
5757
134
-7262
-4491
3181
2292
-5426
-5902
1660
3245
-4291
-6961
199
4016
-2145
-6747
-636
5094
-35
-6862
-3086
5470
3869
-3666
-3741
2656
3514
-2179
-2317
3565
4875
-1436
-4030
1671
4761
650
-2201
2011
3925
-1028
-3766
269
4187
1528
-2288
-2045
-659
-990
-1102
431
53
-2808
-3914
-2066
-884
-1868
-1864
-1532
-3152
-4954
-3374
656
1111
-1228
-1669
376
921
-527
2082
6778
6190
186
-1510
5109
10049
7409
3138
3913
5986
4347
3064
5822
7897
4445
107
654
3171
2411
65
130
982
-397
-2520
-2730
-1911
-1530
-1190
-1756
-4680
-7051
-4576
-245
-1150
-6273
-7329
-2870
-566
-3659
-6078
-3977
-1795
-2897
-3596
-1396
-205
-2307
-3605
-1445
927
1126
975
1148
141
-678
1610
4924
4194
499
357
4252
4970
740
-515
4401
6862
1581
-3042
433
5003
2107
-2670
-277
4472
1473
-5440
-4187
3876
5045
-3267
-7486
-1340
3343
-1884
-6821
-1785
3887
-1213
-8812
-5043
4168
3098
-6008
-6848
1653
3680
-4207
-7010
1265
6278
-384
-6207
-876
5073
1261
-3369
545
5786
1458
-4888
-1473
5343
4601
-1786
-1864
3065
2287
-1405
-722
3023
2213
-1745
-1102
773
-97
-1824
-776
863
-1667
-3238
-1528
299
-1518
-3652
-1091
13
-2674
-4986
-1855
2613
1425
-1278
-1126
889
786
1009
5077
7281
2772
-2216
1404
9119
9971
4461
2176
4891
6075
4636
4903
6690
5571
2130
1029
2703
3288
1402
-192
286
1019
-166
-2460
-3619
-2837
-1159
-777
-3365
-6949
-6657
-2175
-340
-4701
-8432
-5235
-449
-1759
-5981
-5756
-2618
-2420
-3940
-2630
-341
-1571
-4377
-3803
-521
1245
1045
994
516
-1186
-1018
2850
5468
2874
45
2370
5219
2466
-806
2642
7828
5173
-1897
-2234
3875
5399
-157
-2198
2574
4359
-2613
-7617
-1085
6254
2029
-7616
-7006
1229
1665
-5260
-6433
1029
2908
-5099
-8846
-1406
4764
-1338
-8140
-3190
4397
974
-7140
-4626
4591
4910
-3063
-4574
2234
3998
-1602
-2351
4100
5212
-1412
-3542
2340
5836
1301
-1376
2134
3699
260
-2363
1226
3854
810
-1854
-887
717
-1113
-2303
-106
493
-2189
-3535
-1443
-747
-2795
-2771
-233
-837
-4404
-3962
820
2634
-267
-1345
1044
1553
416
3372
8026
5801
-799
221
9167
12537
5937
1146
5035
8990
6134
2934
5359
7652
4079
79
1939
5026
2552
-1937
-1366
2040
1240
-3284
-5171
-2752
-385
-1423
-4752
-6895
-5481
-2270
-1952
-5538
-7861
-5281
-1727
-2380
-5566
-6268
-4296
-3232
-3501
-2471
-650
-1354
-3920
-3919
-778
1508
1378
848
383
-655
-284
2843
5092
3317
1090
2578
4460
2032
-945
1974
7274
5698
-1618
-3662
1974
4828
261
-2382
2129
4134
-2828
-8078
-1814
6248
2478
-7169
-7291
831
2471
-4445
-6301
897
3524
-4717
-9821
-2239
4945
-629
-8087
-3589
3950
215
-7670
-4533
4863
4595
-3376
-4344
2466
3853
-1635
-1883
4929
6020
-1943
-4273
2920
7092
1430
-2762
1968
4277
105
-2983
1350
4854
613
-2935
-1025
1925
-877
-3012
-360
867
-2010
-4411
-1304
47
-2226
-3157
-944
234
-3357
-4258
176
3476
1010
-1921
147
2277
1648
3025
7220
6588
458
-623
6998
12261
7039
473
2834
8168
6819
2763
4310
7441
4576
-648
185
4811
4341
-696
-2854
894
2557
-2192
-5597
-3628
259
-577
-5207
-7562
-5937
-1739
-1249
-5831
-8849
-6111
-1445
-1835
-5651
-6938
-4765
-3220
-3770
-2873
-1306
-1438
-3790
-4428
-1150
1402
2176
684
-567
-525
730
3920
4410
2775
1607
3369
5133
2434
282
2952
7661
5986
-867
-2245
3031
5066
-24
-2276
2699
4626
-2457
-7448
-1304
5817
1781
-6695
-5692
1553
1185
-6059
-6243
2289
4410
-4890
-10142
-2304
4957
-552
-7518
-2749
4201
-701
-8417
-3682
5999
4420
-5096
-4978
3639
4680
-2106
-3252
4723
6749
-1501
-4800
1923
7056
2178
-2170
1896
3955
-337
-2816
1949
4862
-61
-3225
-1021
1260
-1256
-2923
73
554
-2877
-5435
-2179
792
-1694
-3639
-2049
-503
-3175
-4304
207
3639
1194
-2171
-662
1836
1723
2934
6814
6395
287
-1187
6363
12483
8743
2515
3063
6801
6455
4240
5542
7490
4703
182
439
3926
4049
299
-1885
-295
1146
-1184
-5098
-5444
-1888
152
-3111
-7990
-7895
-2920
-165
-4132
-8958
-6874
-949
-687
-5738
-7355
-4164
-2229
-3923
-3220
-191
-733
-3707
-4498
-841
1871
1784
1570
120
-1407
-553
3436
5677
2918
547
2692
5427
3078
-764
1774
8113
7103
-1266
-3719
3149
6597
686
-2919
2560
5777
-1468
-7797
-1805
6758
3112
-6818
-6664
1857
2689
-5538
-7231
1630
5278
-4038
-11193
-4052
4999
864
-7662
-4627
3676
914
-8362
-6395
4883
6721
-3292
-7305
868
5702
-246
-3801
2834
6793
-193
-5848
70
7298
4057
-1648
-501
3001
432
-2854
1265
4947
1652
-3949
-2429
1921
410
-2237
-1577
557
-1840
-4541
-1832
819
-1018
-4271
-2440
248
-1904
-4046
-1045
2860
1427
-1597
-907
1427
2329
3920
6343
4901
577
1194
7946
11181
6515
2312
4728
7926
6236
4154
6091
7433
3960
660
2615
5415
3048
-1445
-1420
2054
2326
-2042
-5516
-4035
-382
-196
-4534
-8027
-5820
-1101
-1423
-7133
-9846
-5145
28
-1949
-7321
-7588
-3453
-1985
-3664
-3400
-1164
-1297
-3897
-4872
-2291
1581
3199
1285
-1782
-2250
1030
4775
4484
992
541
4416
5161
56
-1574
5263
9696
3106
-4247
-561
6407
3764
-2946
-653
6155
3018
-7339
-7810
3383
8006
-1805
-9972
-3971
3962
-597
-8597
-4811
3976
1118
-9146
-8932
1378
4035
-4564
-8313
-818
3607
-3326
-8401
-1739
5600
1322
-5917
-2531
4471
2410
-3639
-705
6573
4938
-2988
-3805
4592
7011
652
-1306
2823
4499
-80
-2278
2147
4184
1261
-1747
-730
714
-1014
-1486
-94
436
-2384
-3431
-774
-896
-2752
-2968
177
562
-3799
-3926
746
3044
250
-1226
1219
2782
2349
4146
6858
3780
-569
3031
11172
11508
3247
471
7036
10350
5586
2556
6089
8046
2780
-1139
3227
7098
2330
-3985
-2121
3714
2366
-5088
-7109
-1085
2723
-2427
-9282
-8017
-1399
383
-4718
-9302
-8042
-3309
-907
-3396
-7239
-7116
-4026
-2933
-3851
-3375
-1449
-1508
-4014
-5310
-1960
3119
3650
-569
-3454
-654
3531
5129
2920
463
2735
5643
3952
-1556
-95
7932
8514
199
-4623
2169
6915
1125
-3624
1392
7261
735
-8776
-5444
5822
6498
-5063
-9350
-473
4306
-3968
-9316
-943
5658
-2947
-12346
-5658
5003
712
-9787
-6656
4007
1912
-8749
-8000
3817
6927
-3162
-7782
452
6045
-267
-4520
2396
7548
1679
-5016
-175
6684
3648
-1249
117
4427
2951
-2020
-642
3076
2805
-250
-852
1090
-142
-2059
-1430
697
-165
-2502
-1210
-729
-2748
-4212
-1110
1646
-2049
-4476
-987
2733
1069
-1329
512
3165
3444
3307
5210
5567
2620
2227
7883
11874
6951
880
3735
9661
7920
2808
4034
8162
5899
-273
-256
5271
5471
-1398
-4225
936
3323
-2877
-7852
-3845
1461
-1278
-8115
-9270
-4042
-49
-2476
-8125
-9451
-5050
-1298
-2702
-5900
-6666
-5026
-3194
-2627
-2902
-2562
-584
-1245
-4332
-3512
1774
5508
1511
-3828
-2603
2901
5761
2036
-1066
2188
6480
3855
-2390
-802
7104
8480
934
-3664
639
5214
1837
-3373
-20
6501
2459
-8147
-7161
5071
7881
-3887
-10796
-2465
5273
-1386
-10048
-4294
5766
1026
-10737
-8332
3650
3587
-7218
-8083
2661
4902
-5887
-9940
1026
8555
315
-7666
-1428
6081
1395
-4463
666
7220
2793
-4879
-1561
5672
4058
-1773
-802
5164
3067
-3505
-1821
3866
3358
-1856
-1925
1515
50
-3377
-2082
2207
522
-4114
-2824
152
-917
-4279
-2050
1738
-1163
-4482
-1674
4022
2558
-2343
-873
3847
4769
2611
4273
5840
2699
2091
8420
12089
5837
125
4692
11101
8004
1947
3330
8877
6905
-725
-323
6211
6437
-1947
-4700
2842
5080
-3188
-8711
-2190
4045
-1693
-9669
-8036
-1207
-651
-6074
-8278
-5491
-3869
-4439
-4621
-4603
-5530
-6074
-4041
-1913
-2496
-3939
-2508
-1401
-3207
-3582
-572
3804
2302
-3289
-3026
2708
5980
2153
-1548
2029
6889
4350
-1432
-50
6559
7928
1595
-2423
1950
5886
2000
-2275
1493
6547
1797
-7367
-5655
4864
6470
-3840
-9150
-1879
3523
-2779
-8582
-2515
4433
-1366
-10852
-7563
3060
2577
-7261
-8114
1762
3881
-5935
-9323
909
7706
-250
-7229
-1400
5811
1871
-4529
279
6750
3227
-4192
-1694
6048
4081
-1845
-1406
4024
3836
-2369
-2635
2612
4273
-384
-2837
829
2062
-1703
-3759
-311
1144
-1891
-2709
-1944
-1690
-3140
-2800
-77
-803
-2616
-1893
1583
2041
-964
-379
2942
4693
4194
5000
5405
2901
2743
8043
12352
8232
1514
2986
9932
9868
2920
2037
8285
8620
681
-1944
4652
7052
-554
-5323
687
5304
-1786
-9618
-5024
3699
1226
-8555
-10291
-2985
550
-4211
-8485
-6540
-3199
-3283
-4589
-4442
-4575
-5930
-5477
-2523
-1422
-3508
-4147
-2086
-2090
-4154
-2059
3234
3061
-2846
-4474
1786
6719
3363
-1080
1871
6761
4369
-1583
-195
7293
8486
1666
-2241
1036
4790
3030
-952
77
4099
2511
-4480
-6319
1582
7151
-218
-9238
-5440
3156
1120
-7417
-6738
2194
2514
-8001
-10972
-172
5259
-4562
-11050
-1547
6247
-2586
-11748
-3980
7724
3704
-7501
-5732
4527
4087
-4101
-2379
6260
5671
-3654
-4198
4806
6026
-506
-1794
4439
5817
-1559
-3695
2673
5740
466
-3411
-137
1330
-1935
-2923
570
972
-3526
-3288
-137
-1184
-3613
-2189
1212
-888
-4708
-2103
3051
2711
-1592
-1445
2854
4100
2946
5081
7041
3302
479
6266
12972
9127
1063
2711
10808
10723
2826
1683
8992
10241
1767
-2109
4418
7948
818
-4857
254
5528
-169
-8333
-5847
2308
1909
-6821
-10425
-4425
568
-3051
-8693
-7954
-3583
-2636
-4995
-6240
-5723
-5310
-4784
-3423
-2663
-3372
-3771
-3040
-3013
-3528
-1432
2566
2746
-1909
-4093
676
6048
4422
-524
346
5757
5555
-788
-1592
6234
9956
2754
-3778
362
6586
3695
-2474
-352
6127
4052
-5454
-7573
1807
7945
535
-8988
-6114
2558
1339
-6861
-6463
1794
1803
-8076
-10671
-659
4949
-3303
-10240
-3269
4775
-954
-9951
-5090
5893
4384
-5716
-5862
3343
4587
-2858
-3181
5306
6685
-1994
-5076
2849
7337
1049
-2561
2559
5886
261
-4181
595
4614
2213
-2093
-1156
1363
-1077
-3236
-1183
1715
-1077
-4199
-2181
-532
-1771
-2855
-468
-71
-3520
-3318
1601
3369
-696
-2300
1801
4350
2454
2903
6727
5966
1266
2885
10722
11760
3937
1240
8108
11406
5050
1279
7087
10616
3761
-2472
2076
8028
3865
-3843
-2472
3945
2263
-5180
-6588
-399
1740
-4515
-9057
-6106
-590
-1673
-6661
-7670
-6109
-4086
-2913
-3289
-5355
-7279
-5656
-2587
-2153
-3611
-3173
-2085
-3165
-4373
-2878
2355
4111
-1066
-3947
-729
3838
3791
1069
1223
3880
5263
1721
-1643
1776
7772
7146
298
-2345
2090
5336
2023
-1479
1594
5116
51
-7427
-3948
6087
5503
-5901
-9606
-388
4559
-3308
-8788
-1328
5058
-2593
-11639
-5830
5065
2046
-9017
-7965
2836
3219
-7344
-8878
1955
6360
-2297
-7796
-862
4964
-150
-4772
1241
6677
1164
-4779
-262
6140
2943
-1934
449
4957
2915
-2302
-707
3347
3097
-495
-724
1565
-468
-2298
-775
1167
-1049
-3418
-1021
-221
-2815
-3576
-286
472
-3309
-3746
706
2943
-169
-2216
726
3752
2864
2740
6542
7269
1881
368
8137
13451
7638
1077
4378
10171
7803
2479
4453
9452
6555
-781
-311
6213
5873
-1764
-3934
2111
4347
-2647
-8023
-3250
3076
-250
-8110
-8354
-2091
-15
-4357
-7873
-6679
-3816
-2700
-3524
-5107
-6418
-6231
-4059
-2030
-2509
-3881
-3325
-2442
-3652
-4005
-83
4072
2152
-3518
-4338
1594
6320
3895
-649
548
5136
4372
-1027
-791
6482
8969
1652
-4137
344
6604
3799
-2665
-772
6180
3927
-6821
-8431
3521
9831
-678
-11174
-5452
4434
629
-8634
-5252
4625
1497
-10785
-10648
2150
5453
-5802
-10815
-727
5776
-3534
-11482
-2694
7978
2428
-8232
-4709
4637
2511
-4448
-735
6639
3323
-4409
-2525
6118
5813
-629
-1037
3976
4782
-1276
-1360
3558
4189
150
-1799
1688
1388
-1910
-1966
724
468
-3283
-2786
-242
-1148
-3838
-2595
653
-1529
-4302
-1296
3135
1840
-2676
-1095
3577
3835
2541
4771
6876
2456
-547
6540
13579
8743
125
2216
10073
9417
2213
2067
9074
9431
660
-3054
3899
7685
634
-4578
904
5396
-1268
-8677
-4837
2935
1496
-6761
-9865
-4929
-450
-2861
-7868
-8065
-4406
-2966
-4405
-5576
-6284
-6634
-4876
-2292
-2193
-3752
-3974
-3199
-3195
-3047
-713
2652
2732
-1513
-4079
151
6140
5402
85
-107
5362
6427
529
-1781
5050
10404
5028
-2691
-1009
5834
5457
-913
-1168
5604
5906
-3812
-8356
954
9911
2668
-9051
-6905
3302
3603
-6351
-7145
2503
3973
-6758
-11829
-1156
6400
-2258
-10705
-3842
5423
-693
-10671
-5437
6649
4935
-6682
-7067
2640
4866
-2936
-4155
4845
6226
-2459
-5654
3179
8229
1112
-3224
1363
5383
926
-3140
781
4396
1897
-2590
-1340
1538
-547
-2431
-757
909
-1966
-4212
-1554
-443
-2240
-3435
-1234
-642
-3626
-2925
1054
2813
-649
-2253
1124
2745
2490
4181
7077
4504
-465
2615
10918
11654
3630
719
7107
10568
4904
1221
6888
10877
4181
-2958
1239
8232
4418
-3643
-1960
4510
2394
-5930
-7607
-428
3327
-2870
-9241
-7319
-2079
-1598
-5434
-7506
-6507
-4723
-2910
-3273
-6104
-7111
-4865
-2128
-2047
-4537
-4766
-1760
-1336
-4401
-4138
1388
4223
-90
-4417
-1668
4548
6097
1724
-1076
2759
6522
3485
-851
1806
7714
7537
1254
-2016
2665
6539
2977
-1834
1215
7162
2273
-6988
-4792
6756
8646
-3961
-10026
-1114
5635
-1652
-8846
-1704
6283
-1177
-12327
-7053
6030
4372
-8299
-9057
2514
4504
-6596
-10355
680
7557
-976
-9129
-2710
5247
739
-5256
-251
6418
1747
-4937
-1498
6044
4757
-1925
-698
3876
3424
-925
-866
3257
2404
-1105
-1441
1622
709
-2385
-1539
272
-915
-3968
-1859
411
-2174
-4176
-2844
-549
-2359
-4645
-2315
1645
1659
-1765
-1793
361
1023
2520
6236
7818
1750
-2215
4979
12500
9759
2127
2283
7866
7528
3203
4057
8515
7145
227
-1377
4636
6301
498
-2976
1178
4129
-1443
-6357
-4357
507
752
-4013
-6999
-6472
-3470
-1626
-3775
-7805
-8593
-4200
-860
-3831
-8663
-7663
-2834
-1691
-4482
-5275
-2163
-886
-4151
-5515
-1102
3440
2494
-2024
-3211
981
4624
4205
1922
1155
3504
5559
3644
884
2643
7673
7762
1073
-1853
3830
8063
3524
-1960
1369
6916
2050
-6697
-3056
8063
7102
-5460
-9251
526
5666
-2257
-7883
-673
5126
-3469
-11914
-3770
7168
938
-11219
-7551
4517
3147
-8330
-8464
3263
6647
-3443
-8644
-582
5744
370
-5040
491
5629
607
-4833
-305
6015
2759
-1659
427
3950
1748
-2373
81
3417
1842
-1422
-1315
581
-333
-1643
-1139
-542
-2066
-3237
-1374
-623
-2855
-4445
-2156
-93
-2887
-4564
-1068
2602
445
-3036
-1150
1864
2720
3855
6434
4625
-667
596
8807
12917
6576
1010
4332
9239
6997
2734
5485
8917
5281
-708
965
6062
4133
-1913
-2346
3227
3191
-3577
-6684
-2211
1928
-1127
-6080
-7212
-4595
-1827
-2239
-5679
-8307
-6172
-1912
-1697
-6049
-8357
-4908
-949
-2063
-5162
-4080
-748
-1437
-4700
-3589
1908
3879
-391
-4130
-1608
3700
4963
2130
-105
1811
4832
4147
1002
756
5763
8196
3461
-1657
664
6468
4706
-1267
-593
5747
4946
-4628
-6984
2707
8702
10
-9477
-4423
4696
1377
-7297
-4570
3838
916
-9173
-8133
2739
4275
-6133
-9691
192
5299
-4121
-10931
-2058
7098
1120
-8123
-4576
4234
2655
-4157
-2233
5174
3949
-3543
-3300
3982
5571
-743
-1434
3368
3547
-1194
-2208
3307
3299
-433
-1204
1024
1378
-2162
-1300
418
-272
-2700
-2949
-11
-1173
-3797
-3493
-542
-433
-3295
-2405
875
1041
-1515
-1074
1622
2053
1810
4855
7369
3387
-1294
2585
10932
11248
3816
1382
6643
8591
3973
2928
8036
8821
2253
-1142
3178
6250
2298
-1868
411
4028
1212
-4652
-4544
759
2433
-1815
-5984
-6111
-3670
-1654
-2450
-5950
-7862
-4884
-1198
-3017
-7821
-7781
-3133
-1661
-4709
-5467
-2217
-1313
-4739
-5953
-1529
2868
1928
-1877
-3420
-1283
2419
4316
2644
214
1317
4502
4219
730
644
5532
7788
2655
-2208
1168
6236
3340
-2227
173
5969
2484
-6527
-5319
5187
7411
-3143
-9846
-2325
5456
-243
-7851
-3104
4022
-1060
-9774
-6235
3564
2229
-7614
-8021
1335
2963
-6401
-9157
465
6229
-843
-7481
-2222
4131
931
-4245
9
6452
2634
-4292
-2454
5413
5095
-1101
-486
3272
2769
-1483
-1152
3244
2762
-317
-1010
1222
984
-2137
-1008
1008
-18
-2453
-1923
407
-1569
-3662
-2196
831
-720
-4557
-2738
1374
1787
-1370
-484
2224
1239
1263
5446
8362
2964
-1597
4110
12015
10679
2507
930
7184
9001
4341
3788
8123
7699
1468
-765
4381
6920
1892
-2222
460
3867
1253
-3952
-4321
-224
1620
-1504
-6060
-7097
-3425
-63
-2415
-8151
-9642
-4433
-35
-3362
-8687
-7383
-2870
-2696
-4969
-3819
-1046
-2183
-5299
-4501
-493
1639
525
-1381
-2134
-1202
1443
3861
2827
-356
260
4894
5460
76
-1096
5912
9261
1913
-4099
1599
8388
3440
-4381
-503
7450
2734
-8329
-5750
7328
8122
-5798
-11444
-312
7303
-1360
-9878
-3237
5101
-1364
-11395
-6466
4847
2110
-9462
-8674
2874
3564
-7728
-10058
1402
7204
-1862
-8371
-1608
5123
705
-4343
724
6480
2519
-4512
-1340
5965
3885
-933
106
4316
3590
-1839
-757
3854
3915
1167
-268
862
-94
-1785
-626
1558
322
-2477
-1486
-1306
-2596
-2737
-678
963
-2494
-4304
-136
3096
702
-1772
156
2871
2986
2987
6001
5923
841
886
8293
11931
6086
383
4311
10499
7767
2094
4291
9591
7120
83
347
6374
5852
-1384
-3096
2922
4912
-1965
-7183
-3122
2395
421
-5855
-8055
-4243
-474
-2248
-6965
-8542
-5785
-2241
-2467
-5609
-6926
-5227
-3414
-3802
-4227
-3057
-1618
-2984
-5108
-3774
-721
2151
1050
-2653
-3034
451
4476
3600
-33
212
4507
6059
1182
-1824
3701
9211
4392
-3488
-1342
6410
5474
-2429
-2273
5680
5283
-5483
-8352
3053
9819
-194
-10728
-5034
5374
1919
-8480
-6845
3072
2200
-8406
-9363
1252
3910
-6201
-10375
-658
5146
-3529
-10856
-3353
6354
1777
-7242
-4511
4005
2893
-4215
-1985
5671
5128
-2705
-3816
4022
5867
730
-729
3125
4858
0
-1650
2644
4207
1076
-1425
1185
2162
-919
-2386
-127
1056
-1989
-2389
-943
-1722
-3669
-2455
949
-852
-4045
-2634
1799
2414
-967
-1332
1616
3676
3303
4496
6401
3700
262
4661
12562
10774
1865
698
8491
11442
5308
1677
6417
9494
3457
-1928
2563
7782
2992
-3883
-1304
4480
1617
-5799
-5444
1574
2817
-4387
-9040
-5196
-447
-1816
-5951
-7418
-6215
-4390
-3099
-3671
-6001
-7038
-5066
-2811
-2894
-3830
-3420
-2576
-3218
-4410
-2860
1460
2936
-1541
-5140
-1155
4866
4284
-564
-1105
3525
5862
1559
-2548
1725
8720
6615
-1993
-2816
4226
6117
-203
-3144
3393
6682
-1421
-8741
-1499
9295
4036
-8664
-7881
3925
5186
-6005
-8659
1586
5512
-5840
-12696
-2150
6550
-2075
-12235
-4968
6268
485
-11700
-8612
5224
6395
-5689
-8747
1223
5672
-2225
-5436
2829
6771
-577
-5217
1596
6245
1334
-1696
2591
5803
384
-3619
1239
5039
2282
-1683
-112
1833
-156
-1824
-631
1374
-824
-2351
-889
-710
-2216
-2936
-380
267
-2632
-2787
1283
2858
-234
-1404
1366
3932
3798
4017
5350
3546
982
4855
11559
10156
2465
1377
8467
10873
4801
1899
6736
8862
2874
-1282
3415
7631
2443
-3924
-849
5118
1798
-6634
-6250
1973
3234
-5190
-10131
-5370
226
-1778
-7239
-7686
-4305
-3397
-4652
-4644
-4234
-5287
-5771
-3826
-2465
-3672
-4200
-2662
-2357
-4115
-3635
758
3253
-643
-5145
-2175
4688
4926
-689
-1505
3744
5657
974
-1971
3095
8601
4979
-2155
-1517
4628
5255
-410
-1692
4326
6256
-1735
-7766
-1080
8347
4320
-7674
-8316
2108
4532
-4590
-8329
-206
4511
-4059
-11371
-4022
5013
-364
-9941
-6269
3516
925
-9624
-7955
4007
5711
-5045
-8361
1253
5697
-1656
-5465
2652
7129
-439
-5601
1240
8139
2735
-2685
1165
5671
2143
-3426
735
5896
2761
-2050
-728
2855
738
-1889
-242
1658
-663
-3542
-1001
523
-2204
-3779
-1317
985
-2788
-4568
497
4017
419
-3381
185
3443
2570
2631
6287
6770
270
-334
8653
13852
7069
-380
3772
10660
8081
2187
4653
9883
6421
-821
490
7002
5838
-1397
-2582
2887
3707
-2695
-6108
-1633
2444
-924
-6895
-7830
-3911
-1115
-2478
-5868
-7933
-6593
-2991
-1877
-5009
-7300
-5573
-2938
-3214
-4632
-3485
-1348
-2250
-5252
-4331
-213
2118
257
-3321
-2753
482
3083
2821
540
927
3276
4332
1914
-170
3258
7456
5014
-1307
-1365
4330
5422
68
-2014
3622
4992
-2791
-7216
25
8860
3116
-8678
-7292
3224
4121
-5916
-7561
1735
3738
-6392
-10759
-512
5769
-3513
-11231
-3465
5157
-1111
-10789
-5644
5771
3406
-7022
-6418
2891
3596
-3565
-2975
5267
5539
-2841
-4409
3282
6785
832
-1330
3667
4859
400
-1916
2864
5317
1672
-853
536
1740
-529
-744
883
585
-1856
-2595
-16
-636
-2975
-2319
-364
-1203
-4249
-2941
1671
1965
-1934
-1941
1931
1875
17
3217
8858
6153
-2468
-437
10341
13620
5483
-33
5661
10008
5825
2597
6535
9399
4312
-1231
1227
6539
4245
-1815
-1425
2819
1986
-3479
-5644
-2357
591
-906
-4862
-7419
-5922
-1952
-1218
-5661
-9296
-6453
-1206
-1537
-6550
-8358
-4993
-2552
-4094
-5090
-2854
-1745
-4361
-6080
-3285
559
1251
-414
-2064
-2606
-806
2943
4497
1728
-282
2827
5834
2647
-1150
2989
9687
6991
-2009
-2731
5569
7965
554
-2428
4780
7618
-2083
-8795
152
10415
4081
-8878
-7309
4315
4714
-5871
-7477
2435
4562
-6461
-10953
-319
6277
-2707
-10841
-3713
5454
-178
-10254
-5877
5473
3895
-6498
-7006
2169
3489
-3459
-3564
3601
4598
-2808
-3940
3152
6533
964
-2235
2835
4504
1066
-1879
2178
5336
1089
-1077
-141
1722
-150
-1531
258
137
-1983
-3448
-917
-966
-3498
-3145
-407
-183
-4423
-4320
506
2382
-363
-1651
597
1133
261
3213
8095
5677
-1587
-715
8593
12662
6424
989
4019
8146
6152
3753
6340
8070
4009
56
2240
5708
3698
-681
-748
2105
1602
-2379
-4254
-2266
-114
-745
-3980
-7301
-6823
-2242
55
-4372
-9508
-7512
-1709
-1231
-6025
-7682
-4041
-2050
-4460
-5192
-1687
-200
-3754
-6130
-2994
1102
1224
-955
-1916
-1312
226
2542
3674
1865
250
2607
5310
2823
-687
2620
8536
6267
-1516
-1781
5506
6847
-69
-2002
4792
6645
-2177
-7343
814
9021
2808
-8074
-6116
3613
3414
-5691
-7119
1055
2859
-5913
-9734
-1989
3520
-2844
-9606
-4276
3708
-419
-8968
-5957
3292
3150
-4731
-5603
1234
3070
-2055
-2874
3377
4541
-1442
-3554
2349
5802
1634
-573
1968
4179
1089
-1429
1707
3478
1920
-138
613
903
-1042
-1231
294
870
-1542
-2067
-132
-1057
-3638
-3183
373
580
-3768
-4246
1451
3782
-446
-3089
130
3667
3165
3452
5601
3357
-644
2744
10761
11057
2670
-515
6639
11143
5877
1511
5504
8972
4113
-1102
2035
6872
3638
-2816
-1813
3738
2459
-4829
-6367
-257
2915
-2288
-8617
-7819
-1772
1044
-3164
-8579
-8150
-2960
-728
-3831
-6809
-5958
-3486
-3465
-4431
-3665
-1356
-1569
-5110
-5438
-1943
2027
2149
-1638
-3473
-1611
2574
4181
1344
-811
1717
5404
3234
-1950
-428
6936
7969
272
-3632
2175
6727
1591
-3444
1544
7160
849
-8401
-3888
7797
6394
-6322
-9182
1217
5574
-3310
-8719
-974
5275
-2026
-10169
-4753
4131
299
-8962
-6281
3544
2107
-8521
-9117
1806
5845
-2779
-7876
-1485
3288
-1240
-4688
1112
6187
1267
-4524
-701
4965
3290
-214
810
4639
2341
-2007
179
3615
3987
396
-439
1511
187
-1592
-1191
1263
466
-2434
-2447
-1701
-2015
-2235
-402
661
-2039
-3750
75
3654
1666
-1422
-313
3513
4670
3913
4415
3812
2061
3713
8575
10132
5180
1145
4627
8756
6402
2564
4150
7789
5194
-654
280
5355
4468
-1006
-1822
2349
2403
-3543
-5976
-861
2902
-1856
-8721
-7581
-1013
220
-4831
-7859
-6060
-3459
-2967
-4273
-5591
-5810
-4850
-3244
-2882
-4111
-4246
-2862
-2793
-4282
-3512
777
3029
-817
-4958
-2164
4073
4871
316
-1152
2908
5345
1886
-1588
1385
6765
5897
-115
-1750
2928
5022
703
-1805
2589
5569
-242
-6644
-2312
6944
5961
-4498
-8038
170
5166
-1745
-7825
-1988
4743
-1117
-10111
-6284
3557
1688
-7932
-7177
2285
2344
-7721
-9227
1340
6015
-2781
-8626
-1462
4616
-557
-5607
697
6553
1192
-5021
-1054
5809
3152
-1233
963
4812
2671
-2565
190
5080
3386
-945
-548
2583
756
-1931
-402
2040
-100
-3562
-1395
510
-2031
-3846
-1529
1189
-1762
-4299
-394
3293
1221
-1956
271
3239
2449
2804
6174
6041
431
-292
8107
13296
6733
-497
3506
10791
8579
1979
3523
9193
6738
-661
-336
6234
6263
-773
-2944
2133
3925
-1824
-5908
-1844
2685
-468
-6475
-7333
-3592
-1074
-2657
-5696
-6865
-5693
-3384
-2603
-4744
-6621
-5350
-3319
-3708
-4883
-3678
-1746
-2789
-5473
-5025
-932
1959
462
-2677
-3019
75
3239
3205
892
509
3233
4501
1366
-1038
2800
7940
5578
-1468
-2054
4340
6177
274
-2046
4048
6409
-2252
-8414
-253
9110
2672
-9677
-7351
4576
4508
-6977
-8820
1949
4857
-6330
-11845
-1706
5605
-3119
-11448
-3949
5258
-1336
-11648
-6141
6253
4288
-7026
-7078
2724
4339
-3551
-3990
4292
5589
-1813
-4151
3055
6228
1010
-572
3693
5096
266
-1685
3029
4919
2253
-652
505
1952
-795
-1227
604
1473
-1154
-2840
-625
-1371
-2924
-1871
602
-944
-4910
-2934
2234
3054
-1376
-2313
1953
3558
1987
3587
6916
3734
-1464
2736
12095
11534
2026
-128
7892
11344
4678
1086
7207
10665
3404
-2889
1969
8100
3852
-3457
-1467
4828
2566
-5462
-5923
1266
3210
-3550
-8608
-6024
-1420
-856
-4218
-7578
-7293
-4036
-1895
-3302
-6335
-7116
-5009
-3095
-3600
-4676
-3247
-1904
-4273
-5860
-2740
1062
1658
-979
-3672
-2087
2243
3603
1133
-691
1102
3944
3577
353
-416
4025
7135
2498
-2821
577
6428
3747
-2398
-165
5939
2579
-6573
-5456
5513
8050
-3299
-10415
-1635
7439
741
-9180
-3982
6021
1141
-10394
-7576
4233
3579
-7791
-9161
1362
4060
-6459
-11031
-346
7378
-515
-9229
-4087
4500
1532
-4509
-176
5636
1843
-4184
-1340
5617
3485
-1010
1246
4712
3121
-2439
-573
4461
4249
972
-948
1163
351
-1111
-113
1289
-188
-3532
-1848
-568
-1968
-3094
-1504
499
-3015
-4557
-7
3327
1167
-1757
350
2982
2945
3680
6228
6300
1095
-361
7155
13244
8056
-283
2222
9487
8184
2130
3494
8911
6865
-706
-1428
5694
6941
-246
-3960
1626
4895
-1656
-6767
-2624
3773
1687
-5703
-8088
-4007
245
-1237
-5776
-7737
-5531
-2413
-2592
-5369
-6936
-5406
-3425
-3292
-3943
-3885
-2797
-2796
-4188
-4287
-1407
1936
478
-3473
-3759
295
4047
2956
-399
-686
3003
4873
995
-2176
2075
7880
5339
-2127
-2659
4269
6131
204
-2284
3396
6429
-1398
-7467
-145
9129
3902
-8337
-7038
4016
4563
-5596
-7597
2034
4608
-5884
-11227
-1382
6293
-2254
-11354
-4636
5430
-124
-11096
-6948
4969
4527
-6303
-7980
883
3532
-2085
-3331
3024
4826
-1541
-3565
2096
5850
1983
-681
3117
3964
92
-1915
3053
6184
1873
-628
400
2128
-94
-1011
1541
1575
-676
-3230
-1264
-700
-2429
-1689
-291
-514
-3856
-3101
1350
2248
-490
-1460
871
1078
208
3511
8023
4978
-2465
-1158
9059
13106
5496
78
4715
9216
6137
3060
6131
8771
4950
174
1591
5442
4122
-187
-9
3119
1949
-2616
-3935
-1268
849
55
-2853
-5758
-5720
-2274
-12
-3049
-7943
-7678
-2421
-414
-4728
-8168
-5979
-2663
-3406
-5331
-3988
-2044
-3598
-5652
-4181
-494
1938
19
-3188
-3716
-913
3405
3828
666
-1461
1027
4440
2121
-1321
1392
7297
6048
-1657
-3125
3615
6613
822
-2794
2506
6003
-1200
-7700
-570
9353
4464
-8196
-7909
3619
5722
-4262
-7729
802
4326
-4824
-10483
-2274
5437
-1206
-10330
-5763
3818
471
-9796
-7566
3424
4690
-4977
-7782
82
3642
-968
-3574
2006
4981
-446
-3597
1008
5888
2884
-337
2453
4423
1524
-1312
2065
5056
2480
-238
71
1853
47
-1210
1047
1369
-552
-3029
-1382
221
-1704
-2322
-1652
-1103
-3199
-3034
481
1566
-105
-1098
794
1162
788
4037
8032
5529
-1305
-495
8621
12532
5921
680
3906
8223
5886
2863
5727
8077
4716
-453
808
5367
4406
185
-867
2005
2426
-1214
-3723
-2562
426
1268
-1993
-6703
-6863
-1500
1644
-3246
-9630
-7801
-1074
-388
-6381
-8754
-4082
-1211
-4768
-7037
-3001
-8
-3629
-7172
-4119
850
1145
-1615
-2774
-1848
-313
1609
2717
1161
-686
1409
4735
2845
-1475
576
6803
6112
-1124
-2511
4053
6237
-15
-2809
3418
6560
-1220
-7403
-84
9399
4250
-8036
-7285
4263
5874
-4676
-8180
586
4543
-3942
-9452
-2124
4587
-1517
-9445
-4911
4043
1398
-8463
-7689
2493
4595
-3532
-6680
-442
3025
-760
-3392
1451
4881
473
-2735
569
4705
2435
23
2171
3757
2030
-952
1301
4475
3281
1064
360
808
-492
-797
1131
1392
-1023
-2900
-1374
-1171
-2917
-1870
125
-466
-3981
-4052
798
2519
-53
-1717
126
1497
1052
3424
6804
4227
-1856
-273
8697
11580
3939
-1275
3754
9155
6104
1689
4255
7698
4444
-1268
177
5279
4210
-1024
-2491
1780
2954
-1642
-4600
-2219
2213
1339
-3768
-6717
-4435
913
1077
-5133
-9130
-5433
428
-335
-5847
-7443
-3315
-1657
-4427
-4955
-2030
-94
-3751
-6816
-3608
394
1658
-106
-2435
-3083
-1222
2570
3497
287
-1067
2635
4800
478
-3406
1283
8301
5470
-3161
-3147
4801
5948
-1677
-3260
4841
6742
-3410
-8570
991
9427
2188
-8901
-4942
6205
4359
-6299
-6363
3724
5045
-4994
-9317
-415
5200
-3203
-9320
-2620
4777
-1021
-10432
-5602
4984
3895
-5282
-6264
1172
2745
-2241
-2586
3542
4916
-1472
-3698
1844
5559
1802
-380
2832
3405
118
-1758
2236
4670
1922
-44
351
1017
-784
-506
1459
1277
-1556
-3009
-603
-1061
-2716
-2076
-352
-1577
-5106
-3526
968
1754
-1520
-2066
802
860
-411
2526
6690
3602
-2816
-473
8897
10962
3024
-1112
4340
8453
4440
847
4471
7804
3754
-1368
834
5611
4108
-1013
-1460
2858
3066
-1733
-4113
-1613
2411
1641
-3679
-7357
-4575
2067
1943
-5167
-9072
-4929
1345
180
-5360
-6628
-3077
-1843
-4518
-3452
-335
-457
-4046
-5862
-2423
695
1512
-287
-2671
-2850
-664
3002
2919
-934
-1987
2383
4623
-141
-3363
2095
8526
4412
-4090
-2670
5493
5599
-1991
-2694
4961
6107
-3314
-7483
1722
9191
1966
-8162
-4511
5568
4034
-5630
-5499
3762
4535
-5547
-8759
727
5461
-3001
-8922
-1672
5161
-1332
-10086
-5268
5412
3811
-5601
-6143
1383
2560
-2700
-2345
3523
4032
-2759
-3601
2374
4987
1162
-1377
3171
3795
42
-1457
2155
5207
1725
-136
530
1684
213
-532
1986
1247
-1599
-3327
-838
413
-1638
-1464
-565
-1654
-4646
-3586
888
1101
-1832
-2185
450
31
-2439
1100
6877
4804
-2880
-2881
6276
10267
4258
-839
2764
7225
4629
1203
4079
7547
4313
-254
1346
5213
3850
35
-382
2019
2453
-437
-2488
-1907
541
1362
-1364
-5126
-5541
-237
3012
-1902
-8601
-7407
332
2133
-3770
-7573
-5015
-1571
-3061
-4120
-1105
461
-2957
-6537
-3991
453
1696
156
-1656
-2659
-2287
1048
3050
1093
-1013
1210
4183
1003
-3042
426
7464
6347
-1980
-3877
3098
6414
742
-2645
2805
6301
-592
-7245
-1597
7644
5066
-5174
-6373
2372
5239
-2294
-6165
803
5415
-1996
-9381
-4131
4385
889
-7589
-5543
2977
2219
-7155
-7910
1812
6101
-1269
-7514
-2543
3212
494
-3153
355
4895
554
-4906
-1813
4686
4597
-866
-140
2850
2017
-356
-20
4156
3911
1329
506
952
763
20
2375
2506
-437
-2828
-1835
1010
-198
-1734
-1329
-993
-2430
-4269
-1038
2161
127
-2974
-2180
345
-855
-189
4339
5686
87
-4277
1350
8467
7750
1426
380
4989
5357
2234
2330
6304
6307
1598
31
2956
4478
1718
-526
875
2735
1128
-2526
-3533
-610
2331
523
-4570
-6188
-1756
2485
-602
-7357
-7676
-761
2500
-2602
-7330
-5630
-1780
-2014
-3064
-923
132
-2331
-5510
-3728
772
1785
307
-1305
-2118
-2589
-1084
2197
2462
-319
-757
2126
2174
-1795
-2124
3746
6748
1151
-4181
-771
4812
2817
-2306
-109
5541
3002
-5066
-4429
5104
8048
-600
-7489
-1940
5092
1732
-4745
-2501
4612
1754
-7052
-6441
2536
4912
-3791
-7554
-216
4044
-2849
-9192
-2468
6197
1688
-7546
-5687
2458
2191
-3018
-2140
3706
3125
-3799
-3553
3264
5645
79
-2481
2190
3274
-258
-1606
2225
4335
1600
-15
244
994
884
1582
2406
-195
-2482
-1605
1049
721
-2079
-1330
-127
-2005
-4977
-2792
2111
743
-2836
-2416
953
275
-2037
2043
6847
3914
-3467
-2092
7553
10396
3204
-1290
3424
7085
3607
1184
5011
7128
2473
-1128
1998
5468
2813
-1265
-474
2517
2081
-1363
-3266
-1529
1572
1697
-2415
-5952
-3776
1104
989
-4504
-7324
-3501
622
-1248
-5465
-5405
-2529
-2229
-3638
-2573
-526
-1753
-4750
-4549
-1292
459
-472
-1208
-1008
-1532
-1700
755
3368
2154
-446
620
3067
1344
-1621
1116
6324
4721
-2082
-3308
2600
5431
880
-2385
1542
4670
-681
-6315
-1222
7544
5046
-5254
-6479
2519
5647
-1648
-5068
1557
5069
-2587
-8657
-2204
5563
982
-7772
-4898
3959
2173
-7467
-7175
3159
5536
-3307
-7959
-1076
3703
-534
-3180
1435
4729
-932
-4443
698
5788
2988
-2280
463
3947
1552
-1556
244
4513
3366
-182
-805
385
635
711
2311
1016
-2304
-3151
-1078
410
-1976
-2062
105
-964
-4449
-4674
773
2362
-1329
-3036
-547
893
-1420
414
5949
5828
-1156
-3565
4063
9977
5923
-118
1362
5625
4745
1919
3722
6939
4648
55
562
4326
3927
8
-817
1813
2450
-545
-3231
-2496
504
1938
-370
-4260
-4983
-1380
1367
-1307
-6121
-5717
-731
783
-3712
-6853
-4325
-1513
-2321
-3585
-1556
-904
-3764
-5322
-2987
753
704
-622
-1500
-2263
-1928
29
3590
2912
-511
-555
2748
3220
-1134
-1024
4860
7007
972
-4201
-183
5677
3733
-1766
-327
5021
2711
-5419
-5240
4775
8544
-632
-8063
-2107
6125
2692
-4613
-1785
5216
1809
-7264
-5782
3809
4461
-5053
-7861
347
4166
-3473
-8441
-1050
5507
390
-6980
-3767
3190
1451
-3034
-1056
3890
1533
-3956
-1373
4541
4528
-784
-1229
3252
2861
-252
6
3795
3941
-170
-160
1473
1393
-112
534
2248
-680
-2930
-2314
-79
-373
-2240
-924
-1272
-3630
-5087
-1675
2206
-340
-3035
-1761
419
-1068
-2273
3116
7268
2399
-4524
-2212
6953
9231
3030
-184
3169
5272
2456
1660
5636
6891
2334
-801
1531
3888
2265
135
861
1991
705
-1474
-1907
-688
396
425
-1169
-3915
-4474
-1309
894
-2128
-5944
-4384
-157
-420
-4594
-5763
-2980
-1505
-3454
-3725
-1105
-1507
-4663
-4944
-1249
623
-877
-1050
-352
-1415
-2456
274
4216
2900
-1726
-1526
3604
4589
-162
-902
5261
7489
489
-4342
1310
7395
3284
-3042
285
6418
2298
-6085
-2922
7970
8031
-3622
-8077
1530
7753
589
-5916
-522
5916
-26
-7944
-3037
6039
3062
-7150
-6315
3393
3534
-6246
-8213
1465
5669
-2206
-7534
-1704
3790
-373
-4342
-50
4333
252
-4959
-1267
4384
2877
-1825
-982
2722
1116
-1977
-254
3686
3136
-541
-994
316
338
-131
1277
2387
-685
-2955
-1495
871
357
-1369
-247
-1159
-3788
-4060
-591
1528
-1374
-2486
-929
-303
-3038
-2344
3815
6333
1296
-4967
-966
6912
7644
2329
345
3582
3755
1999
2424
5716
5212
803
286
2429
3077
1021
579
2064
1774
163
-796
-525
-273
178
829
-109
-3388
-4772
-1339
1557
-1367
-5816
-4566
-578
-863
-4533
-5155
-2334
-1292
-3295
-3920
-1553
-1452
-3192
-2980
-535
-59
-1646
1
874
-1141
-2801
452
4654
1845
-2446
-1203
4441
3802
-1955
-1412
5270
7227
-715
-4311
1883
6544
1717
-3635
1604
6743
1073
-6794
-2444
8181
6814
-4426
-7191
2070
6554
-386
-4776
1386
5685
-808
-6625
-1407
5300
1137
-6383
-4184
2979
1661
-6691
-7713
956
4740
-2180
-6953
-2521
2334
38
-3085
-245
2462
-405
-3519
-639
2958
2056
-797
-764
2217
1546
-98
790
2783
3295
1146
339
-71
232
1802
2761
1302
-2068
-1785
179
132
-1204
-1665
134
-1183
-5045
-4788
-457
1903
-1664
-3939
-1199
64
-2357
-2521
3397
6358
643
-4726
-1078
6405
7392
2780
896
2979
3718
3208
3878
5665
5071
2370
1968
2317
2312
1710
1827
2235
329
-882
-361
-23
-1002
-1014
1346
1365
-2711
-5193
-1869
1939
-410
-5955
-6493
-1830
20
-3226
-5400
-3418
-1645
-2557
-3041
-1857
-1584
-2702
-2965
-2232
-1793
-1041
571
506
-2644
-4039
463
5145
2588
-3006
-1838
4375
4233
-2361
-2602
5286
7768
-54
-5290
1074
7843
3022
-3965
27
7090
3018
-6060
-3750
6937
7698
-3022
-7119
1722
7711
875
-5837
-427
6440
1109
-7835
-4730
4435
2876
-6348
-6324
2494
3604
-5490
-8520
445
5696
-1330
-7702
-2867
3824
955
-3847
-1000
3304
1279
-3264
-1488
3713
3474
-288
-1114
1755
2264
-245
249
3092
3775
1185
-379
753
1501
1623
1422
583
-1101
-1797
-380
-198
-1317
-1224
0
-883
-4091
-3722
-200
888
-1990
-3218
66
970
-2299
-3422
1724
5934
2047
-3244
-1728
3994
5830
3586
2027
2144
1941
2127
4126
5292
3956
1710
1910
2917
1494
861
2667
3189
-326
-2766
413
2701
-368
-3474
-741
2983
-501
-6019
-4654
1651
2065
-4553
-7253
-3233
360
-1737
-4391
-3301
-2340
-3437
-3908
-1584
-183
-1877
-3393
-2872
-1927
-1337
388
1613
-612
-3581
-1521
3608
3904
-1000
-2505
2387
5018
676
-2635
1943
7036
3608
-2710
-828
5673
4740
-1392
-1635
5047
6038
-2021
-5594
956
7909
3503
-4963
-3290
3963
4380
-2201
-2922
3565
4206
-3351
-6578
59
4533
-1136
-6793
-2509
3270
-501
-6869
-3906
3800
3011
-4738
-5998
802
3485
-1205
-3685
418
3433
-425
-3543
279
4338
2346
-1167
-544
2308
1858
-869
342
2668
2180
-385
-1335
902
1452
516
-186
385
-102
-1984
-2088
-1823
-471
-633
-2032
-2665
-3582
-2825
-1217
-748
-2022
-2251
-574
-156
-1760
-1976
1890
4789
2426
-1304
-761
3328
5749
4522
2618
2569
3214
3214
3463
4885
4914
2960
1832
1965
2568
2306
1399
570
-559
-517
290
285
-820
-2144
-656
1543
-206
-3874
-3789
147
1036
-3342
-6727
-4200
-137
-489
-3892
-5403
-3305
-2046
-2739
-2289
-1106
-1350
-3461
-4329
-2484
-624
319
339
-1784
-3379
-1279
3054
4380
590
-1372
1656
4574
2258
-1594
1349
6463
4331
-2348
-2368
4439
5610
-125
-1957
3521
5845
-699
-4740
1099
7477
3423
-4614
-3365
3097
3210
-2436
-2549
3183
2744
-3961
-5500
1404
4347
-2066
-6066
-1689
2175
-1899
-6028
-2351
2513
450
-4509
-3489
1191
1467
-1705
-1220
2590
2103
-1992
-2496
1819
4347
1219
-1345
209
2446
1451
-319
1351
3014
1979
-139
-482
292
241
476
556
-66
-1628
-2522
-1447
-1062
-1705
-2125
-1808
-1981
-3993
-4247
-1977
-990
-1961
-2327
-1077
-727
-1857
-1675
1710
4856
3149
-679
-744
2820
5076
4708
3863
3249
2430
2409
4045
5698
5018
2604
1640
2004
1917
1151
1185
1743
123
-1439
-287
1576
334
-2775
-1564
2380
1802
-3467
-5117
-80
2593
-2576
-7747
-4879
866
51
-5249
-6327
-2797
-1399
-3066
-3124
-1016
-1188
-4244
-4682
-2207
-227
66
-528
-964
-2617
-2074
2499
4780
1060
-2362
1051
5280
2917
-2200
30
6782
5219
-2091
-2712
4621
6903
-216
-2556
4284
7054
-441
-6162
222
8475
5010
-4414
-4743
2796
4109
-1193
-2553
1905
3390
-2346
-5055
-333
2780
-893
-5488
-2946
1610
-247
-4989
-4201
1039
2266
-1216
-3321
-755
1205
-483
-850
1003
1902
-286
-2189
11
2606
2076
90
-402
912
1907
1109
244
1310
1768
986
199
-456
-47
253
479
229
-820
-1519
-1795
-1912
-2251
-1165
-413
-1983
-4250
-4886
-2276
-435
-1659
-2517
-1199
-358
-1810
-2516
174
3490
2890
248
112
1757
2754
3660
5238
5673
3446
1069
2426
5787
6013
3219
2007
3136
2770
471
358
2695
2638
-698
-1936
921
2282
-1061
-3472
-283
3053
-129
-5422
-4264
1016
1161
-3950
-5772
-2187
47
-2240
-4544
-3712
-2313
-2614
-3159
-2643
-2313
-2793
-2818
-2226
-1927
-1462
23
604
-1382
-2750
227
3827
1954
-2121
-1249
3608
4039
-592
-1478
2850
5142
1211
-1952
1434
4822
2252
-1717
502
5226
3392
-2634
-2882
3380
6145
1381
-3175
-1071
2993
2082
-1411
-1087
2312
2109
-2744
-4709
-257
3341
342
-4118
-3078
843
166
-3682
-2953
1585
1917
-2799
-4550
-363
2270
-590
-2227
870
2345
-1189
-3323
453
4058
1438
-2477
-1183
2045
1576
-703
-46
2509
2165
-461
-712
966
1167
233
144
469
-691
-2263
-1465
-114
-899
-1723
-1093
-1306
-3265
-3797
-938
1119
-1175
-3660
-2170
119
-556
-1787
6
2588
1906
-46
703
2445
2498
2736
4577
5084
2151
-121
2470
5898
4842
1725
1462
3177
2301
-70
1298
4127
2337
-1928
-2185
1384
2125
-1553
-2917
335
1954
-1419
-4764
-2798
1367
1051
-3044
-4794
-2711
-784
-1643
-2955
-2684
-2249
-3017
-3714
-2588
-1017
-1034
-2605
-3429
-2807
-1706
-306
-122
-955
-1821
-1421
615
1555
605
-464
814
2838
1880
-531
-100
3361
4216
921
-1041
1027
3289
1672
-121
1727
3560
1550
-1887
-539
3857
4269
270
-2182
272
2315
628
-737
1122
2194
-1286
-4019
-1073
3069
1495
-3267
-3274
504
975
-2275
-2840
624
1483
-2073
-3513
-441
1658
-621
-2330
230
1911
-618
-2682
-81
3023
1163
-2384
-1892
1343
2155
547
-91
542
352
-180
931
1810
707
-787
-455
390
-481
-1031
-124
126
-1704
-2787
-994
108
-1792
-3571
-1769
678
-850
-3692
-2758
885
1469
-1435
-1867
1157
2586
795
234
2654
3589
1822
1519
3909
4862
2509
987
2967
4738
2925
848
2018
3452
1692
-399
916
2678
879
-1579
-594
1576
756
-1861
-1664
1039
1025
-2069
-3120
-947
390
-1279
-3383
-3002
-1375
-1314
-2489
-3118
-2914
-2452
-2338
-2393
-2260
-2299
-2122
-1922
-2705
-2801
-938
390
-599
-2247
-1631
1036
1669
-406
-895
1346
2703
1084
-782
604
3232
2636
175
262
2552
3205
1000
-351
2071
4366
2297
-1137
-796
2789
3980
636
-2034
-341
2247
1539
-878
-577
1517
650
-2027
-1412
1545
1382
-2039
-2958
74
1243
-1725
-3289
-633
1362
-799
-3111
-1243
1346
-158
-2461
-857
1623
404
-2175
-1191
1728
1255
-1415
-1159
1396
1885
-12
-736
760
1429
292
-5
825
555
-577
-698
85
120
-848
-1240
-982
-1467
-1714
-574
-215
-1960
-3178
-1763
-1
-745
-2161
-1191
466
-272
-1865
-961
1517
1928
341
250
1919
2065
776
1791
4828
4780
1093
-62
3196
5337
3622
1510
2043
3295
1839
-176
1456
3806
2014
-1296
-913
1847
1736
-970
-1440
581
784
-1738
-3214
-1535
321
-873
-3139
-3400
-2366
-1920
-1762
-1658
-2298
-3294
-3594
-2576
-1863
-1753
-1705
-2298
-2752
-2947
-1680
365
288
-1173
-2060
-1173
535
659
-496
-260
1344
1467
-18
-941
831
3405
2438
224
210
1670
1898
654
1183
2852
3108
559
-1373
645
3677
3807
378
-931
1078
1851
282
-316
1902
2203
-1073
-2980
-285
2407
767
-2417
-2207
803
600
-1944
-1863
790
950
-2258
-2522
253
710
-1587
-2067
458
1412
-1076
-2676
-134
2400
856
-1580
-997
1056
1114
0
78
508
81
-238
604
940
243
-323
-198
441
-25
-270
170
-601
-2026
-2182
-313
122
-2254
-3360
-1476
-216
-1951
-3148
-1142
869
-251
-1965
-843
1249
1084
147
1578
3391
1934
-185
1579
4980
4606
1638
1215
3450
4084
2102
1694
3301
3338
849
-733
1324
2732
859
-1348
-778
1292
660
-1492
-1654
93
688
-1105
-2427
-1349
257
-351
-2438
-3228
-1767
-202
-749
-2533
-3322
-2567
-1701
-1754
-2121
-1679
-1429
-2422
-3253
-2367
-627
-149
-1078
-2197
-1680
-541
-218
134
227
485
492
367
261
-69
737
1933
1900
515
-247
508
1653
1324
408
1525
2496
1316
-720
101
3375
3675
1128
-153
1196
2103
784
27
1663
2615
9
-2325
-472
2462
1650
-1554
-2004
202
250
-2042
-1981
563
868
-1992
-3531
-1112
1330
44
-1902
-1128
439
-58
-1574
-1098
991
1064
-795
-1292
-82
1305
871
-106
222
457
471
88
14
604
748
309
-550
-627
223
574
-654
-2016
-1465
-221
-345
-1850
-2515
-1393
-628
-1452
-2090
-1479
-919
-1023
-980
-325
50
-476
-450
1190
2486
1657
421
1089
3103
3930
2822
1943
2347
2754
2858
3119
3226
2792
1831
1400
2026
2317
1683
873
441
538
502
137
-113
-552
-771
-376
-544
-1604
-2175
-1476
-649
-1324
-2611
-2393
-1352
-1442
-2529
-2870
-2198
-1868
-2195
-2316
-1965
-2099
-2487
-2445
-1979
-1520
-1400
-1060
-1190
-1635
-1352
-299
540
-181
-765
82
1073
853
-81
807
2369
1690
-233
-302
2158
3040
1167
152
1650
3047
1526
-197
859
3221
2945
462
-103
1249
2186
1194
510
1463
1489
-421
-1531
487
2417
985
-2094
-2176
366
693
-1198
-2157
-841
66
-1420
-2266
-723
338
-879
-1928
-872
410
-269
-1366
-496
842
572
-501
-698
316
1069
855
441
510
483
328
631
622
534
312
60
-164
-760
-459
178
-253
-1483
-1774
-773
-506
-1346
-2112
-1643
-990
-1602
-2024
-1335
-343
-696
-1890
-1184
337
331
-582
-414
1237
2201
1129
6
1204
3288
3828
2537
1598
2466
3247
2879
2356
2808
3121
2132
1180
1433
2406
2156
786
448
1249
1343
108
-846
-363
647
470
-1015
-2010
-1500
-553
-606
-1538
-2235
-2172
-1726
-1678
-1937
-2007
-1991
-2430
-2929
-2580
-1968
-1724
-2341
-2759
-2526
-2496
-1794
-1072
-935
-1581
-1996
-658
182
-688
-1250
291
1809
521
-1331
-294
2357
2416
192
-170
1982
2776
893
348
2823
4116
1743
-353
1413
4087
3115
329
706
3220
2902
-110
-706
2106
3025
-34
-1991
-44
1551
-228
-2034
-680
1095
-354
-2793
-2143
213
319
-1547
-2126
-858
-396
-1468
-1583
-146
401
-821
-1655
-674
568
220
-699
-289
692
643
-130
-11
1016
1461
761
103
354
589
644
322
208
333
-133
-283
-580
-695
-388
-285
-688
-1862
-1972
-1125
-922
-1605
-2008
-1344
-1242
-1896
-1805
-564
219
-738
-1444
-480
844
1195
893
1167
1746
1866
2002
2691
3154
2519
2212
3211
3961
3038
1581
1908
3149
2818
1509
1404
2212
1712
206
60
1397
1748
-87
-1402
-379
631
-227
-1644
-1352
-285
-1066
-2706
-2831
-1614
-1097
-1892
-2672
-2773
-2705
-2713
-2382
-2042
-2173
-2611
-2837
-2781
-2648
-1921
-902
-737
-1965
-3032
-1870
259
673
-542
-850
230
525
-367
-193
1638
2463
977
-409
647
2614
2509
1111
1440
2976
2692
861
680
2835
4142
2486
359
892
2748
2523
658
425
1928
1735
-634
-1451
514
1667
-413
-2521
-1408
647
-343
-2866
-2443
-157
-69
-2286
-2804
-672
218
-1382
-2311
-660
672
-269
-1299
-375
935
238
-605
214
1252
940
-28
158
1142
1399
815
595
719
337
80
327
374
-68
-477
-383
-425
-924
-990
-712
-910
-1625
-1851
-1162
-1195
-2237
-2425
-1366
-932
-1901
-2129
-665
182
-962
-1694
-254
1198
755
-41
873
1912
1373
1315
2974
4012
2460
768
2063
4248
3959
2235
2102
3342
3131
1721
1855
3227
2854
587
-180
1381
1985
237
-987
76
814
-566
-2072
-1573
-261
-593
-2033
-2773
-2501
-2194
-2313
-2218
-2155
-2655
-3279
-3210
-2525
-2155
-2298
-2487
-2672
-3002
-2917
-1985
-1086
-1261
-1900
-1652
-704
-285
-509
-363
406
860
484
96
676
1827
2188
1422
956
1729
2620
2344
1719
2226
3059
2559
1361
1587
2984
3156
1591
679
1646
2252
1110
-349
100
1267
430
-1134
-1190
124
218
-1155
-1674
-1059
-783
-1841
-2125
-858
-147
-1051
-2281
-1683
-446
-257
-477
-333
2
-539
-1049
-407
656
1056
345
-38
42
78
367
932
1458
846
14
-112
212
656
745
734
275
-520
-989
-727
-64
-5
-579
-1206
-1626
-1879
-1658
-999
-751
-1359
-2089
-2052
-1578
-1376
-1252
-746
-358
-765
-1303
-931
62
778
1158
1398
1245
852
1147
2419
3415
2947
1861
1881
2797
2998
2510
2675
3224
2735
1570
1403
2265
2491
1552
911
1423
1744
708
-387
36
1054
802
-575
-1424
-1107
-608
-878
-1591
-1944
-2004
-2231
-2463
-2445
-2535
-2901
-3052
-2881
-2946
-3299
-3314
-2958
-2869
-2984
-2565
-1823
-1827
-2438
-2165
-722
188
-428
-1138
-407
902
1057
395
642
1795
2098
1268
1126
2337
3170
2487
1635
2189
3320
3137
1811
1411
2497
3128
2055
850
1195
1785
982
-225
69
1229
701
-1024
-1255
117
553
-896
-1682
-733
-359
-1502
-2254
-1291
-419
-1256
-2063
-1446
-670
-1030
-1481
-545
394
-234
-1209
-734
578
697
25
126
602
436
47
653
1524
1181
267
42
571
724
488
640
605
-19
-659
-322
216
-262
-1011
-1040
-611
-961
-1549
-1392
-1024
-1323
-1910
-1526
-970
-1334
-1994
-1589
-512
-688
-1585
-1353
-63
383
-350
-224
938
1449
861
798
2108
2864
2123
1452
2423
3707
3235
2144
2185
3144
3398
2714
2251
2273
2448
2261
1868
1569
1297
983
585
267
178
250
-61
-1019
-1794
-1524
-965
-1505
-2815
-3288
-2569
-2127
-2751
-3464
-3444
-3031
-2859
-2979
-2978
-2870
-2894
-2809
-2574
-2419
-2143
-1640
-1281
-1250
-1116
-399
375
308
-55
511
1568
1572
639
688
2200
3056
2188
1441
2092
2880
2539
1923
2361
3076
2391
1077
1288
2601
2553
795
-96
999
1716
387
-941
-242
795
55
-1440
-1304
-89
-189
-1335
-1643
-679
-332
-1473
-2009
-936
-76
-843
-1798
-1275
-169
-233
-1124
-1062
-117
152
-435
-621
34
517
265
55
437
768
554
336
583
815
616
476
752
890
457
-20
101
515
405
-206
-512
-354
-254
-399
-546
-581
-735
-1145
-1411
-1185
-845
-975
-1449
-1625
-1366
-1135
-1070
-890
-624
-591
-753
-619
49
661
584
289
611
1319
1575
1403
1568
2050
2143
1931
2036
2492
2772
2537
2212
2220
2217
2052
2015
2055
1920
1566
1154
814
520
334
265
87
-309
-756
-1001
-1014
-1083
-1334
-1706
-2094
-2246
-2108
-1983
-2129
-2513
-2724
-2517
-2331
-2549
-2822
-2778
-2511
-2239
-2064
-1934
-1775
-1634
-1485
-1249
-960
-649
-332
-61
155
385
715
1149
1454
1509
1594
1881
2096
1995
1826
1981
2237
2117
1836
1820
1895
1718
1387
1295
1374
1085
525
321
425
275
-75
-42
215
-72
-707
-798
-402
-357
-864
-1135
-808
-649
-1052
-1236
-794
-439
-692
-1022
-794
-319
-231
-383
-305
-64
-12
-138
-7
469
698
498
412
581
655
510
460
667
709
446
357
542
599
309
-91
-214
-145
-217
-406
-529
-570
-654
-782
-801
-795
-882
-961
-992
-971
-942
-991
-1017
-941
-905
-959
-990
-946
-863
-660
-249
94
56
-119
24
467
869
1077
1122
1110
1253
1646
2054
2194
2091
2021
2123
2273
2314
2294
2265
2139
1865
1593
1438
1288
1046
825
685
494
158
-198
-431
-572
-780
-1103
-1403
-1565
-1706
-1894
-2002
-2023
-2129
-2303
-2337
-2251
-2301
-2450
-2361
-2038
-1833
-1807
-1793
-1713
-1514
-1237
-966
-710
-608
-619
-377
45
301
517
815
950
851
828
1178
1621
1622
1384
1510
1788
1627
1271
1354
1701
1601
1017
706
970
1135
740
321
339
357
-4
-300
-120
163
-33
-539
-697
-502
-498
-648
-561
-375
-441
-706
-819
-581
-268
-278
-438
-368
-239
-274
-236
9
208
174
44
64
203
233
146
93
113
184
256
307
368
400
289
58
-57
88
255
161
-55
-110
-54
-116
-251
-268
-231
-295
-407
-471
-513
-617
-661
-487
-302
-359
-543
-600
-464
-346
-378
-332
-167
-168
-251
-105
121
196
180
176
292
527
698
699
679
797
1073
1284
1201
987
1021
1379
1587
1422
1109
902
996
1084
1009
934
823
553
179
63
216
227
-126
-550
-682
-632
-632
-710
-816
-1023
-1306
-1465
-1425
-1319
-1304
-1361
-1444
-1537
-1543
-1379
-1175
-1061
-1093
-1235
-1206
-886
-495
-286
-233
-330
-397
-178
194
537
577
401
349
438
705
998
1070
915
729
690
803
1006
1063
914
713
539
516
568
633
645
523
225
-76
-19
91
18
-128
-203
-143
-237
-386
-377
-242
0
0
0
0
0
0
0
0
0
0
0
0
0
0
0
0
0
0
0
0
0
0
0
0
0
0
0
0
0
0
0
0
0
0
0
0
0
0
0
0
0
0
0
0
0
0
0
0
0
0
0
0
0
0
0
0
0
0
0
0
0
0
0
0
0
0
0
0
0
0
0
0
0
0
0
0
0
0
0
0
0
0
0
0
0
0
0
0
0
0
0
0
0
0
0
0
0
0
0
0
0
0
0
0
0
0
0
0
0
0
0
0
0
0
0
0
0
0
0
0
0
0
0
0
0
0
0
0
0
0
0
0
0
0
0
0
0
0
0
0
0
0
0
0
0
0
0
0
0
0
0
0
0
0
0
0
0
0
0
0
0
0
0
0
0
0
0
0
0
0
0
0
0
0
0
0
0
0
0
0
0
0
0
0
0
0
0
0
0
0
0
0
0
0
0
0
0
0
0
0
0
0
0
0
0
0
0
0
0
0
0
0
0
0
0
0
0
0
0
0
0
0
0
0
0
0
0
0
0
0
0
0
0
0
0
0
0
0
0
0
0
0
0
0
0
0
0
0
0
0
0
0
0
0
0
0
0
0
0
0
0
0
0
0
0
0
0
0
0
0
0
0
0
0
0
0
0
0
0
0
0
0
0
0
0
0
0
0
0
0
0
0
0
0
0
0
0
0
0
0
0
0
0
0
0
0
0
0
0
0
0
0
0
0
0
0
0
0
0
0
0
0
0
0
0
0
0
0
0
0
0
0
0
0
0
0
0
0
0
0
0
0
0
0
0
0
0
0
0
0
0
0
0
0
0
0
0
0
0
0
0
0
0
0
0
0
0
0
0
0
0
0
0
0
0
0
0
0
0
0
0
0
0
0
0
0
0
0
0
0
0
0
0
0
0
0
0
0
0
0
