1.0000000000e+000 0.0000000000e+000 0.0000000000e+000 0.0000000000e+000 0.0000000000e+000 
3.2258049009e-002 9.6774195099e-001 0.0000000000e+000 0.0000000000e+000 0.0000000000e+000 
0.0000000000e+000 7.9669643485e-001 2.0330356515e-001 0.0000000000e+000 0.0000000000e+000 
0.0000000000e+000 0.0000000000e+000 8.1671356299e-001 1.8328643701e-001 0.0000000000e+000 
0.0000000000e+000 0.0000000000e+000 0.0000000000e+000 9.2191636475e-001 7.8083635248e-002 
0.0000000000e+000 0.0000000000e+000 0.0000000000e+000 0.0000000000e+000 1.0000000000e+000 
1.0000000000e-030 1.0000000000e-030 1.0000000000e-030 1.0000000000e-030 1.0000000000e-030 1.0000000000e-030 1.0000000000e-030 1.0000000000e-030 1.0000000000e-030 1.0000000000e-030 1.0000000000e-030 1.0000000000e-030 1.0000000000e+000 1.0000000000e-030 1.0000000000e-030 1.0000000000e-030 1.0000000000e-030 1.0000000000e-030 1.0000000000e-030 1.0000000000e-030 1.0000000000e-030 1.0000000000e-030 1.0000000000e-030 1.0000000000e-030 1.0000000000e-030 1.0000000000e-030 1.0000000000e-030 1.0000000000e-030 1.0000000000e-030 1.0000000000e-030 1.0000000000e-030 1.0000000000e-030 1.0000000000e-030 1.0000000000e-030 1.0000000000e-030 1.0000000000e-030 1.0000000000e-030 1.0000000000e-030 1.0000000000e-030 1.0000000000e-030 1.0000000000e-030 1.0000000000e-030 1.0000000000e-030 1.0000000000e-030 1.0000000000e-030 1.3893180120e-018 1.0000000000e-030 1.0000000000e-030 1.0000000000e-030 1.0000000000e-030 1.0000000000e-030 1.0000000000e-030 1.0000000000e-030 1.0000000000e-030 1.0000000000e-030 1.0000000000e-030 1.0000000000e-030 1.0000000000e-030 1.0000000000e-030 1.0000000000e-030 1.0000000000e-030 1.0000000000e-030 1.0000000000e-030 1.0000000000e-030 
1.0000000000e-030 1.0000000000e-030 1.0000000000e-030 6.7767855049e-003 1.0000000000e-030 1.0000000000e-030 1.0000000000e-030 1.0000000000e-030 1.0943846155e-003 3.3561184658e-016 1.0000000000e-030 1.0000000000e-030 1.0381625491e-008 1.4378699593e-002 1.0000000000e-030 1.7131264483e-001 1.0000000000e-030 1.0000000000e-030 1.0000000000e-030 1.0000000000e-030 1.0000000000e-030 1.0000000000e-030 1.0000000000e-030 1.5404289216e-021 1.0000000000e-030 1.0000000000e-030 2.3562389378e-026 2.7107142019e-002 1.0000000000e-030 1.0000000000e-030 1.0000000000e-030 1.0000000000e-030 1.0000000000e-030 1.0000000000e-030 1.0000000000e-030 1.0000000000e-030 1.0000000000e-030 1.0000000000e-030 1.0000000000e-030 1.0000000000e-030 1.0000000000e-030 1.0000000000e-030 8.1321426058e-002 1.0000000000e-030 7.4544640553e-002 6.7767855049e-003 1.6941963762e-001 3.9983034479e-001 1.0000000000e-030 3.3883927524e-002 1.3553571010e-002 1.0000000000e-030 1.0000000000e-030 1.0000000000e-030 1.0000000000e-030 1.0000000000e-030 1.0000000000e-030 1.0000000000e-030 1.0000000000e-030 1.0000000000e-030 1.0000000000e-030 1.0000000000e-030 1.0000000000e-030 1.0000000000e-030 
1.0000000000e-030 1.0000000000e-030 1.0000000000e-030 1.0000000000e-030 1.0000000000e-030 1.0000000000e-030 1.0000000000e-030 1.0000000000e-030 1.1232463536e-002 8.5533670606e-002 1.0414841100e-001 7.9961648977e-002 3.0547733178e-002 2.1192199235e-001 1.0000000000e-030 1.1437478573e-001 7.1553088558e-022 1.0000000000e-030 1.0000000000e-030 1.0000000000e-030 4.9800492159e-002 1.0000000000e-030 1.1065712060e-001 6.7205026892e-002 1.0000000000e-030 7.9402194434e-002 4.2766835303e-002 1.0000000000e-030 1.0000000000e-030 1.0000000000e-030 1.0000000000e-030 1.0000000000e-030 1.0000000000e-030 1.0000000000e-030 1.0000000000e-030 1.0000000000e-030 1.0000000000e-030 1.0000000000e-030 1.0000000000e-030 1.0000000000e-030 1.0000000000e-030 1.0000000000e-030 1.0000000000e-030 1.0000000000e-030 1.0000000000e-030 1.0000000000e-030 1.0000000000e-030 1.0000000000e-030 1.0000000000e-030 1.0000000000e-030 1.0000000000e-030 1.0000000000e-030 1.0000000000e-030 1.0000000000e-030 1.0000000000e-030 1.0000000000e-030 1.0000000000e-030 1.0000000000e-030 1.0000000000e-030 1.2447625233e-002 1.0000000000e-030 1.0000000000e-030 1.0000000000e-030 1.0000000000e-030 
1.0000000000e-030 1.0000000000e-030 1.0000000000e-030 1.0000000000e-030 1.0000000000e-030 1.0000000000e-030 1.0000000000e-030 1.0000000000e-030 1.0000000000e-030 1.0000000000e-030 1.0012876410e-002 2.3737910540e-003 2.1144724145e-024 5.6716339186e-003 1.0000000000e-030 7.6520634114e-019 2.9603022802e-002 1.0000000000e-030 5.2055756820e-003 1.0000000000e-030 2.5698917793e-002 2.8989709362e-018 9.1634800467e-001 3.9826174938e-023 1.0000000000e-030 2.5807478715e-003 1.0000000000e-030 1.0000000000e-030 1.0000000000e-030 1.0000000000e-030 1.0000000000e-030 1.0000000000e-030 1.0000000000e-030 1.0000000000e-030 1.0000000000e-030 1.0000000000e-030 1.0000000000e-030 1.0000000000e-030 1.0000000000e-030 1.0000000000e-030 1.0000000000e-030 1.0000000000e-030 1.0000000000e-030 1.0000000000e-030 1.0000000000e-030 1.0000000000e-030 1.0000000000e-030 1.0000000000e-030 1.0000000000e-030 1.0000000000e-030 1.0000000000e-030 1.0000000000e-030 1.0000000000e-030 1.0000000000e-030 1.0000000000e-030 1.0000000000e-030 1.0000000000e-030 1.0000000000e-030 1.0000000000e-030 2.5054297984e-003 1.0000000000e-030 1.0000000000e-030 1.0000000000e-030 1.0000000000e-030 
1.0000000000e-030 1.0000000000e-030 1.0000000000e-030 1.0000000000e-030 1.0000000000e-030 1.0000000000e-030 1.0000000000e-030 1.0000000000e-030 1.0000000000e-030 6.8186974467e-004 1.3709803187e-002 1.0000000000e-030 2.5911050297e-002 2.6601214065e-002 1.0000000000e-030 3.0684138660e-002 9.3161420270e-002 1.0228046170e-002 3.1379595960e-013 1.0000000000e-030 3.4773661255e-001 2.7956659531e-001 3.3973340004e-002 7.7051281149e-002 2.7274789787e-003 6.9009105681e-004 4.0912184680e-003 2.2501701574e-002 1.0000000000e-030 6.8186974467e-003 6.8186974467e-004 1.4319264638e-002 1.0000000000e-030 1.0000000000e-030 1.0000000000e-030 6.8186974467e-004 1.0000000000e-030 1.0000000000e-030 1.0000000000e-030 1.0000000000e-030 1.0000000000e-030 1.3637394893e-003 1.3637394893e-003 6.8186974467e-004 1.0000000000e-030 1.0000000000e-030 2.0456092340e-003 2.7274789787e-003 1.0000000000e-030 1.0000000000e-030 1.0000000000e-030 1.0000000000e-030 1.0000000000e-030 1.0000000000e-030 1.0000000000e-030 1.0000000000e-030 1.0000000000e-030 1.0000000000e-030 1.0000000000e-030 1.0000000000e-030 1.0000000000e-030 1.0000000000e-030 1.0000000000e-030 1.0000000000e-030 
