1.0000000000e+000 0.0000000000e+000 0.0000000000e+000 0.0000000000e+000 0.0000000000e+000 
0.0000000000e+000 1.0000000000e+000 0.0000000000e+000 0.0000000000e+000 0.0000000000e+000 
0.0000000000e+000 7.7738711601e-001 2.2261288399e-001 0.0000000000e+000 0.0000000000e+000 
0.0000000000e+000 0.0000000000e+000 8.9690025506e-001 1.0309974494e-001 0.0000000000e+000 
0.0000000000e+000 0.0000000000e+000 0.0000000000e+000 9.0469191977e-001 9.5308080233e-002 
0.0000000000e+000 0.0000000000e+000 0.0000000000e+000 0.0000000000e+000 1.0000000000e+000 
1.0000000000e-030 1.0000000000e-030 1.0000000000e-030 1.0000000000e-030 1.0000000000e-030 1.0000000000e-030 1.0000000000e-030 1.0000000000e-030 1.0000000000e-030 1.0000000000e-030 1.0000000000e-030 1.0000000000e-030 9.6666666667e-001 1.0000000000e-030 1.0000000000e-030 1.0000000000e-030 1.0000000000e-030 1.0000000000e-030 1.0000000000e-030 1.0000000000e-030 1.0000000000e-030 1.0000000000e-030 1.0000000000e-030 1.0000000000e-030 1.0000000000e-030 1.0000000000e-030 1.0000000000e-030 3.3333333333e-002 1.0000000000e-030 1.0000000000e-030 1.0000000000e-030 1.0000000000e-030 1.0000000000e-030 1.0000000000e-030 1.0000000000e-030 1.0000000000e-030 1.0000000000e-030 1.0000000000e-030 1.0000000000e-030 1.0000000000e-030 1.0000000000e-030 1.0000000000e-030 1.0000000000e-030 1.0000000000e-030 1.0000000000e-030 1.0000000000e-030 1.0000000000e-030 1.0000000000e-030 1.0000000000e-030 1.0000000000e-030 1.0000000000e-030 1.0000000000e-030 1.0000000000e-030 1.0000000000e-030 1.0000000000e-030 1.0000000000e-030 1.0000000000e-030 1.0000000000e-030 1.0000000000e-030 1.0000000000e-030 1.0000000000e-030 1.0000000000e-030 1.0000000000e-030 1.0000000000e-030 
1.0000000000e-030 1.0000000000e-030 1.0000000000e-030 1.0000000000e-030 1.0000000000e-030 1.0000000000e-030 1.0000000000e-030 1.0000000000e-030 1.0000000000e-030 1.0000000000e-030 1.0000000000e-030 1.0000000000e-030 1.0000000000e-030 1.0000000000e-030 1.0000000000e-030 1.0000000000e-030 1.0000000000e-030 1.0000000000e-030 1.0000000000e-030 1.0000000000e-030 1.0000000000e-030 1.0000000000e-030 1.0000000000e-030 7.4204294662e-003 1.0000000000e-030 1.0000000000e-030 1.0000000000e-030 2.2261288283e-002 1.0000000000e-030 2.2261288399e-002 6.2784970813e-009 1.5777225381e-002 1.0000000000e-030 1.0000000000e-030 1.0000000000e-030 1.0000000000e-030 7.4204294662e-003 1.0000000000e-030 7.4204294662e-003 2.9681717865e-002 1.0000000000e-030 4.2617343996e-002 9.9050421331e-020 2.5852341719e-002 2.0777202505e-001 4.2922339221e-001 1.9042634161e-002 1.4098815986e-001 1.0000000000e-030 1.0000000000e-030 1.0000000000e-030 1.0000000000e-030 1.0000000000e-030 1.0000000000e-030 1.0000000000e-030 1.0000000000e-030 7.4204294662e-003 7.4204294657e-003 7.4204294658e-003 1.0000000000e-030 1.0000000000e-030 1.0000000000e-030 1.0000000000e-030 1.0000000000e-030 
1.0000000000e-030 1.0000000000e-030 1.0000000000e-030 1.0000000000e-030 1.0000000000e-030 1.0000000000e-030 1.0000000000e-030 1.0000000000e-030 1.0000000000e-030 1.0000000000e-030 1.0000000000e-030 1.0000000000e-030 1.0000000000e-030 1.0000000000e-030 1.0000000000e-030 1.0000000000e-030 1.0000000000e-030 1.0000000000e-030 1.0000000000e-030 1.0000000000e-030 1.0000000000e-030 1.0000000000e-030 1.0000000000e-030 1.0000000000e-030 1.0000000000e-030 1.0000000000e-030 1.0000000000e-030 1.2219623887e-010 1.0000000000e-030 1.0000000000e-030 7.7070304113e-002 9.8763107266e-003 1.0000000000e-030 1.0000000000e-030 1.0000000000e-030 1.0000000000e-030 1.0000000000e-030 1.0000000000e-030 1.0000000000e-030 5.7898433810e-022 1.0000000000e-030 5.7049989113e-003 1.5822557328e-001 7.2571301318e-001 8.7372895327e-012 7.4112550468e-003 1.5998544602e-002 1.0000000000e-030 1.0000000000e-030 1.0000000000e-030 1.0000000000e-030 1.0000000000e-030 1.0000000000e-030 1.0000000000e-030 1.0000000000e-030 1.0000000000e-030 1.0000000000e-030 2.4621316652e-013 2.2577173965e-013 1.0000000000e-030 1.0000000000e-030 1.0000000000e-030 1.0000000000e-030 1.0000000000e-030 
1.0000000000e-030 1.0000000000e-030 1.0000000000e-030 1.0000000000e-030 1.0000000000e-030 1.0000000000e-030 1.0000000000e-030 1.0000000000e-030 1.0000000000e-030 1.0000000000e-030 1.0000000000e-030 4.0051856841e-027 1.0000000000e-030 1.0000000000e-030 5.9836958328e-025 8.1026443630e-015 1.0000000000e-030 1.0000000000e-030 1.0000000000e-030 1.0000000000e-030 1.0000000000e-030 1.0000000000e-030 1.0000000000e-030 1.0000000000e-030 1.0000000000e-030 1.4926759631e-003 3.3899304632e-003 5.0830976061e-002 1.0000000000e-030 1.0000000000e-030 8.1776079837e-003 1.0000000000e-030 1.0000000000e-030 1.0000000000e-030 1.0000000000e-030 1.0000000000e-030 1.0000000000e-030 1.0000000000e-030 1.0000000000e-030 1.0000000000e-030 1.9061616047e-002 8.2495893518e-003 8.2269765560e-001 1.3812781040e-002 3.1769360000e-003 1.0000000000e-030 6.8474201545e-002 1.0000000000e-030 1.0000000000e-030 1.0000000000e-030 1.0000000000e-030 5.7601539191e-004 1.0000000000e-030 1.0000000000e-030 1.0000000000e-030 1.0000000000e-030 1.0000000000e-030 1.0000000000e-030 1.0000000000e-030 6.0014554135e-005 1.0000000000e-030 1.0000000000e-030 1.0000000000e-030 1.0000000000e-030 
1.0000000000e-030 1.0000000000e-030 1.0000000000e-030 1.0000000000e-030 1.0000000000e-030 1.0000000000e-030 1.0000000000e-030 1.0000000000e-030 1.0000000000e-030 2.0957215734e-003 1.3971477156e-003 2.1655789592e-002 2.0258641876e-002 2.0957215734e-003 9.7800340091e-003 6.9857385779e-003 9.0814601513e-002 1.0338893095e-001 1.1526468654e-001 1.1316896496e-001 2.0258641876e-002 2.1446217434e-001 1.5368624871e-002 2.0468214033e-001 6.9857385779e-004 5.9589414247e-003 7.6374772593e-003 1.1261667778e-021 1.0000000000e-030 1.0000000000e-030 1.0000000000e-030 1.0000000000e-030 1.0000000000e-030 1.0000000000e-030 1.0000000000e-030 1.0000000000e-030 1.0000000000e-030 1.0000000000e-030 1.0000000000e-030 1.0000000000e-030 2.8212801858e-015 1.0000000000e-030 1.0000000000e-030 1.0000000000e-030 9.0814601513e-003 1.0000000000e-030 1.5542979312e-003 2.0957215734e-003 1.0000000000e-030 1.0000000000e-030 1.0000000000e-030 2.6419147043e-002 1.0000000000e-030 1.0000000000e-030 1.3971477156e-003 1.0000000000e-030 1.0000000000e-030 1.0000000000e-030 1.0000000000e-030 3.4796727378e-003 1.0000000000e-030 1.0000000000e-030 1.0000000000e-030 1.0000000000e-030 
