0
0
0
0
0
0
0
0
0
0
0
0
0
0
0
0
0
0
0
0
0
0
0
0
0
0
0
0
0
0
0
0
0
0
0
0
0
0
0
0
0
0
0
0
0
0
0
0
0
0
0
0
0
0
0
0
0
0
0
0
0
0
0
0
0
0
0
0
0
0
0
0
0
0
0
0
0
0
0
0
0
0
0
0
0
0
0
0
0
0
0
0
0
0
0
0
0
0
0
0
0
0
0
0
0
0
0
0
0
0
0
0
0
0
0
0
0
0
0
0
0
0
0
0
0
0
0
0
0
0
0
0
0
0
0
0
0
0
0
0
0
0
0
0
0
0
0
0
0
0
0
0
0
0
0
0
0
0
0
0
0
0
0
0
0
0
0
0
0
0
0
0
0
0
0
0
0
0
0
0
0
0
0
0
0
0
0
0
0
0
0
0
0
0
0
0
0
0
0
0
0
0
0
0
0
0
0
0
0
0
0
0
0
0
0
0
0
0
0
0
0
0
0
0
0
0
0
0
0
0
0
0
0
0
0
0
0
0
0
0
0
0
0
0
0
0
0
0
0
0
0
0
0
0
0
0
0
0
0
0
0
0
0
0
0
0
0
0
0
0
0
0
0
0
0
0
0
0
0
0
0
0
0
0
0
0
0
0
0
0
0
0
0
0
0
0
0
0
0
0
0
0
0
0
0
0
0
0
0
0
0
0
0
0
0
0
0
0
0
0
0
0
0
0
0
0
0
0
0
0
0
0
0
0
0
0
0
0
0
0
0
0
0
0
0
0
0
0
0
0
0
0
0
0
0
0
0
0
0
0
0
0
0
0
0
0
0
0
0
0
0
0
0
0
0
0
0
0
0
0
0
0
0
0
0
0
0
0
0
0
0
0
0
0
0
0
-76
28
9
-128
25
46
-81
-49
14
14
12
49
-42
-41
52
-24
-73
54
43
-92
-2
85
-24
-128
55
127
-134
-47
141
-23
-57
122
67
-56
3
68
88
3
14
92
-2
-36
-5
25
36
-25
-38
8
53
-74
-79
180
-38
-186
178
21
-157
134
109
-88
-54
117
33
-129
118
105
-168
12
66
-79
75
91
-91
-63
22
-37
24
124
-44
-104
8
-25
-137
-25
185
-47
-165
128
14
-237
-21
191
-6
-125
73
-2
-183
58
101
-113
50
21
-173
104
71
-222
59
152
-218
-75
226
-79
-145
220
66
-231
7
255
-35
-186
229
134
-187
138
116
-196
35
149
-22
29
55
-73
-28
86
42
-56
29
128
-114
-91
153
-211
-222
275
-34
-304
196
169
-304
-39
235
-101
-131
110
156
-67
-180
208
98
-211
153
90
-227
4
108
-63
0
59
-64
28
2
-119
13
60
-83
-196
155
149
-291
12
187
-158
-209
240
179
-448
74
399
-386
-158
337
-165
-214
323
126
-208
80
60
-139
75
172
43
-29
97
80
-119
116
212
-123
61
253
-238
-178
403
-22
-290
379
47
-413
176
108
-398
-23
416
-170
-359
326
-48
-316
440
54
-458
253
74
-358
333
140
-387
118
186
-213
-107
303
12
-450
248
253
-545
27
421
-274
-219
446
-141
-497
607
38
-589
568
110
-592
285
364
-395
-69
482
-179
-286
387
94
-280
141
161
-200
77
170
-131
74
106
-145
3
122
-68
-165
138
93
-311
70
215
-349
-74
360
-155
-269
318
28
-464
175
328
-348
-120
341
-115
-275
168
14
6
71
-242
67
94
-154
58
112
-92
-99
107
-159
-134
140
2
40
-127
-15
171
-194
-9
153
-28
-49
-83
121
85
-217
-27
279
-16
-275
111
231
-240
-243
409
146
-525
208
457
-467
-7
536
-389
-198
552
-159
-281
524
-21
-461
480
126
-529
449
373
-627
24
615
-391
-340
626
-31
-543
236
327
-262
-250
160
124
-204
-118
118
-46
-147
32
112
187
-90
-242
391
60
-482
423
310
-581
89
557
-198
-241
275
14
-185
-66
-103
111
-16
-428
36
392
-352
-321
521
-52
-484
405
346
-466
-110
537
-238
-341
651
-41
-520
329
246
-259
-100
159
17
-171
-11
116
-156
-126
150
-111
-57
91
-174
27
23
-160
132
197
-136
-106
406
71
-383
379
369
-572
88
485
-528
2
395
-355
-124
185
-40
-228
-15
134
-135
-104
158
-24
-186
148
149
-160
-67
244
42
-209
144
4
-128
160
19
77
-19
-71
252
-48
-160
186
64
-199
108
99
-222
111
49
-167
-6
136
47
-268
76
242
-230
-134
231
-50
-280
320
242
-484
113
503
-426
-84
603
-407
-266
615
-248
-351
426
-50
-298
356
-42
-473
507
64
-703
494
362
-554
26
258
19
-16
-209
117
271
-393
11
474
-417
-205
492
-182
-441
313
108
-365
213
54
-216
173
-75
-229
242
57
-353
305
55
-389
332
-23
-237
262
-158
-119
273
-289
-10
474
-310
-242
454
63
-462
205
318
-482
171
357
-362
38
49
-140
228
111
-246
75
171
-280
244
77
-457
269
232
-171
-191
23
206
-156
-156
201
199
-361
-144
599
-182
-405
543
-2
-469
356
38
-404
349
55
-287
93
24
-56
18
285
-244
-328
478
61
-425
124
410
-337
-212
483
-15
-496
140
513
-531
-18
729
-753
-233
935
-530
-532
1067
-177
-971
955
225
-1120
557
720
-912
-153
984
-648
-695
993
-85
-690
522
273
-773
85
886
-650
-367
1012
-308
-841
624
363
-867
238
624
-811
-5
496
-456
86
373
-372
-94
493
-263
-384
579
57
-736
301
648
-739
-253
929
-293
-536
649
-180
-459
752
-86
-554
768
-86
-914
820
538
-1112
193
809
-720
-146
662
-297
-453
550
34
-807
779
218
-974
665
252
-754
179
554
-507
-431
798
-127
-570
480
202
-409
3
653
-238
-667
758
316
-921
406
641
-1072
161
887
-1004
166
915
-931
-108
962
-447
-646
868
108
-775
429
214
-423
211
132
-392
335
154
-523
287
172
-311
62
62
-103
136
-51
-200
250
-51
-160
42
27
62
-157
53
198
-210
-28
366
-302
-98
519
-319
-163
422
-204
-227
173
181
-194
-150
320
-299
-209
530
-320
-325
606
-279
-481
745
86
-757
649
435
-726
249
404
-285
-37
246
-150
-141
169
-209
-186
223
-164
-412
398
-28
-456
278
-174
129
208
-544
402
354
-802
323
605
-771
435
169
-701
682
-150
-160
190
-346
593
-369
-431
785
-338
-452
612
-160
-701
686
135
-944
644
538
-968
218
803
-955
-265
1179
-663
-693
1210
-282
-828
1244
144
-1207
1006
573
-1549
659
985
-1388
159
1086
-891
-372
1054
-424
-652
851
-66
-685
326
416
-645
-205
805
-507
-437
804
-147
-607
648
334
-913
709
695
-1570
764
1209
-1963
597
1423
-1905
70
1458
-1093
-640
1420
-553
-1439
1795
109
-2170
1701
760
-2326
1133
1353
-2002
233
1905
-1630
-541
2182
-1027
-1144
1666
64
-1532
953
898
-1917
482
1421
-1594
119
1465
-1297
-435
1665
-836
-1396
1633
105
-1962
1454
1078
-2312
797
1556
-1876
374
1481
-1434
-376
1627
-890
-1256
1951
-466
-1754
2132
-227
-2012
2012
118
-2025
1752
631
-2158
1129
1281
-2153
584
1673
-1920
144
1496
-1256
-242
1117
-607
-631
1045
-193
-938
871
191
-816
205
472
-120
-585
374
524
-887
416
447
-1137
820
658
-1233
415
884
-932
-141
1100
-737
-302
1321
-1004
-452
1415
-965
-712
1093
-445
-651
688
-228
-381
562
-372
-303
844
-363
-651
1233
-394
-1030
1571
-279
-1069
1288
-192
-1016
1099
123
-1351
1066
459
-1654
914
622
-1349
512
643
-881
34
788
-771
-144
1254
-887
-416
1337
-693
-541
1212
-361
-759
1149
-148
-830
765
-15
-496
269
274
-361
-99
383
-389
201
297
-569
9
183
5
-378
90
324
-514
300
216
-476
173
405
-255
-278
591
-233
-427
669
-106
-415
515
59
-489
91
159
-65
-91
-131
44
131
-146
-169
144
56
-70
-110
122
147
-208
223
-284
155
723
-1111
182
1179
-997
-355
1174
-442
-736
1083
-346
-656
833
-189
-512
267
581
-633
-324
1298
-917
-473
1436
-1101
-393
1274
-662
-496
824
12
-528
349
131
-379
357
24
-442
502
99
-724
602
384
-1215
664
812
-1378
326
945
-1157
-80
1365
-1172
-475
1700
-1247
-781
1745
-321
-1383
1062
935
-1717
531
1556
-1985
166
2118
-1981
-795
2450
-979
-1651
2016
80
-1903
1396
457
-1647
789
614
-1252
46
1303
-1142
-738
2015
-967
-1192
1916
-344
-1320
1361
331
-1354
787
595
-1031
376
512
-810
358
764
-1168
285
1105
-1298
85
1139
-1024
-363
1179
-618
-729
1146
-236
-570
825
-284
-483
666
-314
-378
744
-323
-550
689
124
-726
363
456
-568
-22
385
-78
-248
235
-86
-163
462
-556
-82
685
-801
-13
655
-658
64
578
-106
-543
143
764
-699
-436
1125
-342
-970
1189
8
-1095
1055
236
-1100
688
581
-1288
462
887
-1589
474
1076
-1611
337
1261
-1387
-131
1505
-972
-691
1365
-268
-860
673
254
-502
35
305
-14
-241
38
318
-185
-264
337
44
-224
-16
34
376
-441
-598
1253
-338
-1291
1643
-272
-1531
1548
-1
-1146
843
303
-682
87
654
-474
-145
853
-688
-57
964
-840
-156
1051
-633
-577
1212
-309
-1119
1375
-55
-1318
1156
81
-769
666
-223
-86
648
-873
-68
1484
-993
-738
2082
-616
-1642
1889
-40
-1704
1639
117
-1574
1316
208
-1514
1289
346
-1852
1505
405
-2259
1438
883
-2189
826
1174
-1951
629
1125
-1808
510
1124
-1628
434
1411
-2003
493
1710
-2411
679
1632
-2447
338
1874
-1564
-635
2045
-984
-1090
1787
-892
-504
1265
-890
49
932
-1331
388
1131
-1741
794
1195
-2018
662
1228
-1587
270
999
-1002
39
796
-826
-26
931
-972
-26
1342
-1352
-393
2031
-1088
-1217
1814
-142
-1274
1009
246
-733
402
-33
-173
171
-318
146
385
-514
-156
1146
-428
-1059
1425
79
-1287
556
520
-345
-697
580
754
-1228
296
893
-888
94
287
-382
318
-153
-241
737
-144
-589
495
458
-434
-598
1202
108
-1852
1701
564
-2147
1408
383
-1259
1014
-242
-667
1128
-476
-802
1413
-367
-1266
1659
-107
-1639
1589
-14
-1387
1400
-130
-1523
1616
-29
-1832
1879
-240
-1667
1700
-225
-1225
960
281
-719
-252
796
-178
-638
589
-184
118
-329
-261
853
-802
-56
518
-328
230
-234
-62
384
-366
-562
794
144
-1401
1012
657
-1767
784
967
-1392
236
822
-692
-60
663
-555
-14
864
-885
-25
950
-509
-393
617
-7
-536
741
-116
-984
1111
377
-1577
863
714
-1404
802
288
-1144
1064
-74
-1001
1281
-624
-545
1470
-1199
-84
1396
-1284
98
1209
-1265
85
1769
-1683
-427
2596
-2003
-966
2743
-1425
-1439
2239
-375
-1778
2014
-75
-1966
2255
-423
-1924
2243
-541
-1496
1705
-311
-940
1120
-35
-740
558
139
-497
185
-93
-88
393
-258
-193
426
-82
-407
413
81
-433
205
248
-405
77
267
-417
474
-269
-369
1073
-833
-735
1833
-738
-1712
2645
-261
-2538
2671
104
-2595
2043
310
-2196
1529
447
-1945
1300
543
-1628
972
553
-1076
459
352
-758
405
-54
-654
1064
-589
-920
2156
-786
-1820
2832
-502
-2241
2452
-401
-1441
1562
-560
-540
896
-696
84
654
-1233
363
942
-1366
330
1252
-1753
154
1880
-1800
-269
2046
-1336
-788
2098
-961
-1417
2285
-119
-2479
1896
1289
-3223
1393
2098
-3150
669
1982
-1985
178
1372
-1129
-529
1265
-122
-1133
757
161
-465
353
-633
583
337
-1297
1162
239
-1546
1304
549
-1720
713
1099
-1318
103
614
-337
304
-882
731
777
-2083
1401
805
-2310
1406
797
-1941
665
1083
-1309
-201
1218
-749
-609
1104
-189
-967
629
999
-1366
-551
2379
-1174
-1825
2831
-361
-2360
2095
525
-1895
550
1113
-412
-1311
1217
954
-2409
1414
1160
-2277
1238
716
-1295
398
700
-477
-806
980
276
-1519
806
1028
-1491
-22
1451
-704
-900
1133
351
-1074
-53
1185
-280
-1581
1670
782
-2537
1176
1247
-1593
-24
565
61
-951
174
1223
-1623
-197
1936
-1176
-1055
1892
-217
-1681
1859
107
-2285
2009
671
-2634
1239
1709
-2337
-84
2372
-1777
-879
2122
-710
-1316
1252
984
-2214
427
2361
-2515
-56
2191
-1549
-423
1290
-232
-1214
708
1083
-1418
-221
1297
-439
-867
1003
178
-1504
1093
871
-1882
573
1639
-1919
57
2107
-2033
-234
2056
-1385
-689
1281
-400
-386
394
-739
634
232
-1323
1051
202
-859
841
-184
-437
610
-21
-543
181
589
-735
11
1049
-1202
121
1380
-1468
8
1488
-1104
-783
1302
9
-1659
1044
1116
-1932
518
1291
-1311
7
1135
-557
-776
1276
84
-1529
1337
453
-1772
897
899
-1403
-31
1494
-856
-1203
1811
302
-2211
1292
1420
-2213
251
1786
-1382
-768
1792
-697
-1115
1471
-258
-894
525
338
-297
-620
1097
3
-1492
1561
241
-1567
945
709
-804
-667
893
617
-1719
279
1394
-1333
-568
1856
-738
-1468
2245
-446
-1903
1826
267
-1583
841
805
-1187
-20
1217
-1123
-796
1614
-607
-1434
1090
1092
-1360
-592
2092
-496
-1571
1605
726
-2065
102
2540
-1973
-1359
2974
-1055
-1693
2233
-360
-1914
2377
-274
-2097
2235
-149
-1062
694
139
171
-626
373
484
-734
241
309
-317
-194
745
-145
-778
1017
-211
-535
425
-257
283
-179
-7
167
-308
601
-514
-239
917
-438
-250
262
-106
-179
-32
40
-227
783
-678
-571
1706
-1160
-869
1472
-322
-1163
653
1129
-1850
-328
2431
-1484
-1210
2337
-387
-1593
1546
405
-1585
625
737
-843
-485
708
730
-1579
210
1806
-1869
25
1928
-1789
-157
1947
-1699
-790
2142
-773
-1504
1557
233
-808
378
-106
394
16
-697
688
358
-1054
380
1062
-1362
-33
1680
-1370
-443
1595
-1123
-740
1532
-440
-1133
1348
662
-1689
891
1318
-2099
285
1843
-1528
-759
1659
-127
-1570
807
1131
-1814
34
1648
-1179
-435
809
-327
-61
210
-68
-90
512
56
-787
467
414
-805
-40
426
-61
-494
252
679
-868
-18
879
-559
-204
668
-318
-90
-65
20
563
-1045
-48
1416
-1072
-745
1534
-500
-720
1266
-641
-61
1154
-1188
145
979
-772
-816
935
404
-1720
797
1171
-1755
566
1037
-1263
554
506
-596
549
-281
88
330
-733
440
94
-625
-81
605
-281
-593
628
202
-428
-88
695
-12
-748
727
43
-454
244
-439
401
-81
-673
771
-324
-605
1058
-15
-956
749
717
-1243
185
551
-547
-2
-45
3
126
-70
-314
344
454
-703
53
840
-564
-551
725
-6
-756
402
324
-363
-351
115
773
-917
-782
1761
-282
-1613
1757
650
-1973
1013
1125
-1539
64
838
-517
59
69
-439
467
97
-546
188
431
-343
-817
730
638
-1290
72
1057
-301
-776
541
536
-998
190
385
-258
-306
-231
993
-719
-726
1265
-130
-738
373
709
-254
-105
611
-83
67
286
-186
-333
363
-111
-1043
671
-87
-1063
916
128
-987
231
862
-397
-499
835
468
-611
-215
1233
-454
-1248
1470
-418
-1433
1274
-526
-892
1344
-158
-654
711
259
-442
254
389
-516
123
429
-473
-240
275
198
-233
24
356
-192
-391
-197
480
-183
-796
1004
380
-793
539
399
-387
111
479
-626
-349
810
-796
-353
768
-426
-279
605
418
-1086
440
1204
-1314
-119
779
-28
-633
-165
1221
-770
-758
1275
-606
-1077
1033
404
-1055
132
1026
-339
-409
505
-117
114
175
-783
450
628
-1170
385
971
-1315
250
694
-1153
409
322
-592
549
-47
-420
662
260
-365
301
487
-318
-589
526
279
-1035
-134
963
-464
-1139
1120
336
-1368
720
1005
-960
-569
1200
41
-924
436
642
-58
-850
464
673
-1474
53
1171
-688
-736
918
375
-1223
822
832
-1463
679
966
-1109
197
269
-1189
605
537
-1598
775
1354
-1570
-192
1488
-403
-527
739
397
-348
-603
283
474
-989
-463
1079
-175
-1089
606
675
-690
27
981
-174
-620
967
30
-919
954
-472
-774
1306
-865
-974
1426
-491
-1296
1514
50
-1200
1225
17
-297
777
-391
-57
280
-461
-466
120
-312
-299
593
-485
163
971
-886
480
1120
-1187
287
1155
-1406
-73
1402
-1310
-366
1402
-939
-1031
880
219
-1007
151
672
-639
-18
668
-229
-151
150
42
-103
-463
121
528
-583
-69
926
-653
-312
1197
-380
-551
1090
-88
-915
560
151
-1006
175
639
-757
-150
912
-129
-111
538
66
-82
156
-9
-346
-96
-146
-424
-63
-71
134
13
-16
641
-284
-53
713
-465
86
638
-689
-202
312
-402
213
-96
-345
413
-95
-103
230
-84
-125
139
149
-448
-140
590
-112
-418
367
54
-549
298
172
-392
286
-97
-111
472
-168
137
592
-321
-275
733
-145
-879
528
23
-754
342
-49
-344
191
118
-32
-316
4
181
-312
39
317
-235
143
375
-333
216
472
-176
65
204
-32
-272
11
334
-323
-36
222
-409
255
77
-473
478
71
-504
320
101
-315
224
135
-243
-19
44
-52
-15
-53
-55
-157
42
-35
44
133
-375
255
119
-418
369
55
-343
349
-61
-397
366
-12
-365
347
-180
-494
375
-39
-395
486
248
-314
307
13
-225
372
-243
-171
464
-347
-214
534
-181
-241
375
-53
-326
57
75
-305
-6
240
-218
156
288
-113
307
133
-97
265
78
-101
-74
43
95
-177
-92
247
-179
-259
368
126
-385
-145
510
-111
-497
551
43
-351
361
122
-121
168
59
-61
313
-195
-319
446
-197
-324
545
158
-284
276
443
-153
70
422
-112
-142
-177
-253
-127
-452
-91
25
-362
-34
21
-113
4
-29
-160
43
-15
-215
166
-81
-171
173
-28
-121
-203
72
118
-363
68
347
-95
31
199
80
113
-3
63
309
61
-50
147
-117
-102
122
-116
135
99
-396
25
6
-513
-108
182
-278
-366
68
-71
-327
72
127
-3
164
73
206
308
104
268
425
13
83
335
41
124
89
-94
-158
21
-53
-235
130
-124
-240
-24
-77
-226
-91
121
-170
79
47
-91
157
-197
-76
214
-124
-43
127
-88
14
258
83
22
224
101
-18
-24
-78
-178
-157
-15
-169
-150
-186
-289
-71
-264
-197
62
-116
-55
192
221
-22
266
505
69
319
571
184
166
397
138
-170
178
46
-177
206
16
-136
-42
-181
-159
-56
-103
-168
-134
-101
40
-177
-199
299
-28
-323
121
6
-449
-203
47
-265
-254
75
58
-163
-67
145
-12
-90
31
41
-31
-165
-91
26
-157
-222
107
35
-292
67
62
-242
-30
-79
-46
3
-169
137
163
-127
91
186
-1
-85
18
123
-135
-94
220
26
-110
84
260
13
-188
268
181
-50
150
248
354
-50
111
772
113
-150
815
367
-484
484
681
-203
56
518
176
-136
182
213
-37
40
76
184
82
-5
90
-90
-56
-201
-280
-53
-303
-298
-88
-204
-308
-248
-118
-299
-443
-173
-239
-597
-358
-179
-582
-573
-290
-614
-805
-568
-742
-890
-811
-785
-689
-862
-872
-656
-886
-1009
-900
-1053
-1074
-948
-989
-748
-592
-708
-223
27
75
905
1397
1573
2141
2519
2673
2942
3116
3321
3443
3266
3324
3046
2628
2579
2120
1924
1861
1186
855
623
-129
-562
-716
-1053
-1245
-1103
-1036
-1380
-1418
-1390
-1735
-1664
-1407
-1267
-957
-539
-339
-374
-207
-247
-606
-646
-659
-805
-711
-779
-1044
-917
-1099
-1680
-1781
-2082
-2517
-2360
-2291
-2439
-2140
-2053
-2207
-1602
-1567
-1812
-1294
-1501
-1798
-1381
-1278
-1440
-1108
-759
-795
-702
-758
-1186
-1791
-2106
-2055
-1584
-365
937
2259
3437
4009
4473
4961
5750
6864
7569
8088
8250
7698
6974
5930
4752
3512
2320
1469
607
-228
-1296
-2360
-3448
-4225
-4323
-4337
-3982
-3937
-3940
-3611
-3322
-2814
-2278
-1463
-1054
-500
873
1363
1485
2273
2230
1894
2579
2691
2246
2014
1467
647
-174
-637
-1246
-2098
-2504
-2767
-3173
-3293
-3314
-3695
-3783
-3473
-3263
-2818
-2001
-1488
-697
556
1288
2040
2642
2851
3178
3709
4024
4233
4062
3200
2598
1615
547
-14
-814
-1923
-2389
-2508
-3340
-3344
-3351
-3774
-3435
-2832
-2094
-1497
-712
-260
332
953
1389
2087
1838
2068
2474
2261
2434
2257
1667
1112
719
56
-201
-634
-1434
-1487
-1912
-2174
-2214
-2560
-2742
-2716
-2501
-2323
-1937
-1574
-1451
-1114
-701
-560
-331
-59
140
574
780
813
1168
1185
1198
1896
2356
2754
3419
3539
3460
3697
3734
3510
3552
3456
2867
2746
2392
1769
1163
485
288
-399
-413
-283
-943
-1062
-1100
-1195
-1140
-889
-877
-1060
-789
-569
-667
-441
-423
-711
-425
-442
-577
-307
-586
-962
-977
-971
-989
-1046
-1008
-1123
-1440
-1516
-1378
-1357
-1263
-959
-694
-230
169
617
975
1037
1344
1369
1676
1763
1347
1377
921
371
67
-199
-764
-1349
-1112
-1509
-2028
-1469
-1924
-2291
-1471
-1835
-1606
-986
-1275
-694
-648
-230
256
-260
548
247
49
1005
226
555
529
-301
282
-9
-51
37
-401
-389
-665
-567
-559
-830
-783
-1315
-1376
-1147
-1348
-952
-1264
-1002
-357
-1481
118
-157
-1961
826
-1368
-125
3129
290
5390
5303
3400
8311
4667
5326
8040
4900
6482
5456
2861
3602
1364
-83
68
-2148
-3180
-2842
-3727
-4401
-4335
-4267
-4219
-3636
-2018
-1006
-1112
-372
864
672
1116
2547
2080
2039
2682
2374
2365
1717
797
175
-908
-1348
-1563
-2324
-3081
-3923
-4105
-3984
-4163
-3743
-3528
-3654
-3396
-2609
-1504
-1074
-707
457
2275
3857
4104
3341
2391
2706
4632
6595
6767
4312
1282
-384
-423
588
485
-1728
-4137
-4620
-3593
-2839
-3422
-4878
-5139
-3427
-1572
-608
249
649
472
776
1548
2260
2229
1512
1031
1424
1793
1109
155
-308
-356
-883
-1072
-689
-1091
-1453
-1854
-2098
-1803
-1481
-1379
-2041
-2192
-1639
-1707
-2080
-1592
-505
-133
41
448
976
1187
435
51
127
-127
352
1837
3909
5367
5537
5018
4306
4576
4591
4471
4610
3814
3082
1544
384
-537
-1853
-2286
-3002
-2920
-2832
-2735
-2477
-2501
-2194
-2425
-932
1098
1905
2211
1828
1946
1949
1730
2011
1823
927
538
573
-1
-992
-2181
-2996
-3173
-3055
-2705
-2527
-2712
-3148
-3372
-2916
-1959
-1126
-402
625
1234
1792
1983
1513
1573
1318
1538
2464
3062
3542
3016
2075
1395
953
331
-754
-1273
-1625
-1990
-2331
-2954
-3494
-3985
-3985
-3207
-2046
-1440
-1117
-515
-161
764
1344
1590
2270
1822
1394
1283
649
121
-323
-461
-367
-296
-516
-1054
-1477
-1748
-1575
-967
-492
-154
51
-321
-328
184
-428
-1188
-1315
-1215
-971
-797
-109
80
156
669
683
715
-150
-1501
-2225
-2514
-1747
17
2200
3937
4996
5361
5134
5113
5335
5664
5341
4728
4053
3034
2611
1032
-1157
-2327
-3524
-3918
-3596
-3358
-3344
-3120
-2364
-1542
-615
238
1071
1653
1875
2372
2873
2585
2095
1516
657
216
-381
-805
-1154
-2162
-2924
-3285
-3321
-3149
-3011
-3025
-3161
-2987
-2372
-1560
-773
184
1044
1733
2434
2621
2431
2156
1517
906
694
697
1093
1815
2234
2174
1842
1271
363
-510
-598
-318
-490
-942
-1358
-2038
-2823
-2902
-2668
-2402
-1958
-1474
-1017
-331
491
552
913
1386
1163
1051
711
213
-266
-273
-251
-439
-536
-1101
-1520
-1743
-1538
-1080
-742
-570
-697
-544
-663
-617
-331
-686
-913
-916
-1297
-1584
-1383
-1433
-1350
-649
-64
617
1198
1178
671
-468
-1809
-2917
-2981
-1223
1524
4405
6250
6536
5805
4883
5216
5853
6156
6139
4781
3388
2402
1125
-592
-2479
-3619
-3957
-3388
-2594
-2231
-2176
-2204
-1479
-293
1170
2423
2635
2668
2727
2837
2668
1684
676
-494
-1733
-2205
-2254
-2710
-3524
-4192
-4542
-4263
-3708
-3303
-2835
-2438
-2107
-1386
-490
298
1028
1356
1594
2097
2478
2301
1767
995
206
47
-139
-123
300
476
957
1450
1613
1349
593
-18
-421
-598
-639
-852
-1216
-1426
-1399
-1195
-726
-787
-1074
-909
-556
461
1216
1187
1157
859
325
-153
-308
-389
-571
-439
-106
80
-259
-1050
-1828
-2052
-1586
-928
-399
-199
-192
-396
-735
-657
-629
-1029
-1299
-1219
-1308
-1391
-1268
-1249
-852
-636
-333
417
424
-353
-1825
-3082
-3655
-3227
-967
1963
4945
7072
7527
6947
6097
6406
7125
7124
6470
5111
3746
2009
68
-1881
-3865
-4865
-5058
-4587
-3708
-2899
-2300
-1943
-1259
187
2046
3108
3271
3454
3634
3384
2803
2078
971
-639
-2057
-2414
-2272
-2663
-3532
-4492
-4953
-4443
-3501
-2771
-2304
-2083
-1903
-1348
-294
778
1315
1658
2257
2759
2808
2315
1351
331
-598
-1397
-1619
-1351
-1118
-687
236
1330
2161
2218
1597
1117
1131
1338
1343
907
-59
-1264
-1970
-1984
-2197
-2792
-3178
-3070
-2291
-1079
20
633
980
1004
1022
1220
1149
1065
804
876
1054
710
-30
-1315
-2139
-2466
-2154
-1247
-684
-648
-1299
-1567
-1164
-715
-440
-524
-761
-1142
-1233
-940
-839
-1274
-1780
-1584
-912
-42
578
572
-23
-1427
-3014
-4132
-4109
-2408
510
4276
7403
8883
8724
7130
6420
7169
7984
7937
6465
4320
2150
459
-1287
-3105
-4627
-5922
-5444
-3911
-2903
-2604
-2414
-1841
-719
1518
3499
4368
4118
3356
2870
2427
2084
982
-769
-2377
-3391
-3489
-3340
-3284
-3884
-4720
-4547
-3706
-2726
-1904
-1576
-1448
-529
729
1365
1792
1785
1608
1364
1609
2160
1516
589
-511
-1535
-2007
-2161
-1888
-1434
-578
762
2658
3631
3211
2057
858
683
785
955
586
-416
-1451
-2291
-2751
-3371
-3891
-4281
-3669
-1909
-282
1010
1564
1453
1534
1878
2178
2525
2490
2207
1816
1228
496
-707
-1787
-2595
-2694
-2205
-1722
-1359
-1584
-1689
-1702
-1344
-668
-563
-797
-1088
-876
-688
-622
-342
-539
-1247
-1739
-1472
-1035
-955
-895
-747
-1070
-1843
-2831
-3639
-3520
-2135
680
3887
6753
8470
8494
8084
8161
8848
8992
7926
5975
3643
1877
569
-798
-2607
-4657
-6015
-6119
-5220
-4196
-3256
-2189
-941
577
2333
3875
4284
3907
3541
3413
3350
2638
1462
-194
-2031
-3250
-3727
-3431
-3304
-3694
-4186
-4315
-3733
-3022
-2421
-2042
-1650
-972
-146
800
1301
1316
987
839
1355
1633
1469
959
482
-118
-1164
-1703
-1705
-1201
-489
507
1980
2920
2907
1901
812
246
-27
-51
-175
-652
-1601
-2555
-3010
-3281
-3752
-4035
-3404
-1855
-26
1437
2334
2600
2374
2182
2313
2636
2523
1809
1150
633
25
-879
-2007
-2798
-3166
-2962
-2199
-1389
-722
-557
-751
-717
-465
-245
-380
-599
-524
-493
-551
-519
-781
-1524
-2155
-2309
-1972
-1226
-569
-334
-685
-1784
-3159
-3870
-3195
-1240
1386
4373
7257
9138
9579
9047
8368
7997
7546
6694
5244
3207
1276
-341
-2032
-3908
-5442
-6366
-6064
-4671
-3425
-2212
-1167
-229
685
2019
3792
4555
4513
3979
3385
2774
1871
596
-1142
-2528
-3653
-3933
-3493
-3277
-3678
-4692
-4876
-4198
-3181
-2100
-1445
-937
-161
886
1551
1671
1287
786
911
1570
2270
2114
1204
249
-742
-1538
-2031
-1764
-856
-8
1013
1985
2680
2475
1230
314
-245
-460
-430
-608
-973
-1862
-2656
-3022
-2887
-2872
-3021
-2074
-618
1058
2380
2770
2484
1922
1547
1182
1142
745
135
-122
-266
-330
-1101
-2082
-2555
-2437
-1913
-1169
-296
-126
-412
-447
-319
-236
-414
-860
-1058
-876
-771
-794
-999
-1463
-1998
-2138
-1682
-1104
-656
-254
-106
-396
-1074
-2069
-2735
-2321
-572
2225
5162
7437
8552
8342
7434
7248
7524
7107
6013
4042
1950
353
-995
-2306
-3854
-5023
-5502
-4899
-3526
-2535
-1750
-872
59
1204
2635
3975
4524
4014
3129
2553
1989
1112
-62
-1494
-2832
-3536
-3598
-3363
-3207
-3574
-4143
-4072
-3346
-2452
-1598
-1003
-590
52
798
1366
1676
1617
1354
1350
1682
1769
1208
309
-444
-1063
-1535
-1563
-1163
-663
-270
212
941
1644
1745
1191
479
107
95
18
-132
-533
-1324
-2218
-2434
-2239
-2448
-2337
-1857
-865
407
1364
1849
1620
1444
1025
793
1074
933
500
-52
-294
-559
-1098
-1584
-2033
-2201
-2019
-1465
-808
-327
-284
-610
-713
-550
-567
-735
-666
-589
-690
-665
-610
-896
-1298
-1568
-1538
-847
14
421
252
-491
-1568
-2543
-2836
-1802
458
3191
6036
7957
8464
7902
7196
7261
7176
6571
5030
2979
1386
-8
-1384
-2973
-4224
-5331
-5579
-4559
-3408
-2254
-1382
-524
282
1449
2910
3856
4118
3339
2585
2162
1770
1230
-65
-1709
-3047
-3486
-3078
-2588
-2705
-3488
-4189
-4018
-2973
-1732
-1003
-960
-792
-135
587
1316
1778
1583
1229
1404
1899
1938
1122
-41
-910
-1362
-1330
-862
-267
165
417
827
1562
2049
1654
623
-294
-779
-1237
-1770
-1951
-2138
-2539
-2546
-2361
-2311
-2167
-1983
-1278
314
1859
2710
2912
2509
1776
1071
690
539
197
-259
-550
-788
-1143
-1710
-2348
-2584
-2244
-1634
-961
-369
-219
-569
-880
-841
-787
-919
-1086
-1153
-1038
-764
-603
-605
-623
-640
-491
-31
591
830
333
-731
-1897
-2833
-2893
-1534
822
3899
6356
7720
8167
7320
6961
7082
7116
6756
5020
3079
1457
451
-853
-2888
-4180
-5469
-5642
-4532
-3471
-2296
-1826
-1208
-404
1010
2754
3341
3437
2722
2417
2273
1807
1373
-29
-1287
-2370
-2831
-2589
-2578
-2787
-3452
-3756
-3442
-2776
-1985
-1606
-1701
-1694
-1124
-276
635
1366
1654
1631
1752
1977
1765
1011
141
-356
-328
111
675
1143
1256
942
702
840
883
413
-304
-915
-1341
-1878
-2284
-2354
-2468
-2406
-2218
-1899
-1494
-1283
-982
-295
826
1848
2631
2885
2364
1560
636
68
-57
-128
-320
-616
-888
-1335
-1783
-1930
-1906
-1731
-1297
-802
-579
-574
-653
-752
-821
-860
-977
-1231
-1270
-1108
-995
-908
-799
-558
-414
-225
121
254
131
-495
-1456
-2384
-2820
-2000
4
2949
5828
7549
8185
7816
7340
7364
7574
7445
6030
4006
2244
864
-79
-1399
-2889
-4287
-5041
-4726
-4263
-3559
-3098
-2899
-2178
-658
1260
2389
2722
2217
1643
1584
1732
1915
1308
355
-564
-1215
-1314
-1462
-1913
-2723
-3494
-3671
-3123
-2406
-2159
-2314
-2417
-2131
-1605
-892
-4
678
1071
1382
1624
1856
1874
1376
847
713
824
1159
1664
2015
2061
1820
1399
844
162
-496
-1152
-1631
-1982
-2429
-2781
-3043
-3046
-2915
-2686
-2182
-1706
-1127
-281
701
1607
2367
2811
2678
2075
1305
651
133
-76
-326
-691
-814
-1121
-1580
-1860
-1950
-2024
-1905
-1382
-980
-876
-820
-861
-849
-612
-672
-1085
-1394
-1502
-1531
-1389
-828
-387
-117
263
511
647
390
-432
-1602
-2492
-2513
-1511
726
3823
6556
7893
7807
7022
6575
6780
7223
7046
5909
4383
2933
1901
696
-737
-2340
-3903
-4654
-4837
-4274
-3763
-3619
-3411
-3086
-1660
9
1143
1541
1242
1253
1243
1540
1754
1311
787
-11
-245
-121
-186
-731
-1954
-2710
-3182
-2990
-2350
-2258
-2620
-3103
-2957
-2526
-1839
-1101
-757
-265
306
863
1434
1834
1701
1182
1010
1387
2129
2909
3470
3617
3362
2701
1659
642
-436
-1388
-2118
-2670
-2873
-3223
-3405
-3619
-3879
-3607
-3302
-2682
-1637
-352
896
1740
2434
2771
2760
2527
1977
1355
930
576
183
-119
-461
-944
-1392
-1666
-1854
-1983
-1981
-1988
-1925
-1546
-1123
-906
-735
-868
-1461
-1922
-2043
-2100
-1952
-1496
-1043
-516
206
789
1004
866
309
-629
-1438
-1634
-941
743
3210
5740
7523
8037
7276
6343
5909
6050
6065
5379
4379
3167
2337
1424
406
-619
-2126
-3281
-4037
-3939
-3376
-3134
-3026
-2930
-2092
-1082
-312
22
-71
152
240
540
977
1057
998
372
-85
91
364
303
-453
-1258
-1925
-2218
-2074
-2306
-2729
-3202
-3490
-3229
-2506
-1525
-1005
-886
-826
-592
-92
371
817
914
1082
1728
2562
3545
4246
4499
4407
4019
3284
2215
923
-321
-1315
-2155
-2906
-3704
-4162
-4388
-4531
-4336
-4037
-3610
-2934
-1805
-513
782
1993
2578
2833
2910
2832
2546
2055
1713
1218
880
567
-148
-753
-1277
-1584
-1834
-1967
-1991
-2241
-2073
-1813
-1584
-1300
-1421
-1863
-2479
-2649
-2577
-2471
-1939
-1385
-714
38
614
979
1023
819
96
-726
-1061
-610
911
3091
5357
6874
7327
6945
6155
5653
5482
5204
4556
3766
3282
2927
2149
1264
205
-1064
-2050
-2817
-3077
-3140
-3037
-2849
-2882
-2333
-1434
-779
-555
-632
-664
-595
-253
129
364
478
432
269
240
393
291
-227
-797
-1119
-1195
-1144
-1362
-1857
-2451
-2877
-2893
-2562
-1917
-1521
-1224
-917
-743
-526
-455
-392
-418
-90
788
1984
3279
4045
4361
4261
3980
3481
2750
2033
1121
138
-969
-1923
-2716
-3464
-3814
-4278
-4706
-4672
-4286
-3566
-2646
-1491
-437
586
1518
1985
2354
2459
2257
1957
1799
1754
1540
1301
756
185
-122
-455
-734
-1033
-1347
-1626
-1790
-1792
-1680
-1581
-1689
-1870
-2217
-2460
-2476
-2576
-2358
-1967
-1437
-667
41
537
659
602
233
-189
-388
-293
414
1691
3481
5061
6114
6601
6260
5739
5431
5228
4960
4392
3624
2955
2396
1886
1343
539
-482
-1507
-2252
-2528
-2522
-2533
-2638
-2586
-2134
-1436
-898
-745
-911
-1122
-1154
-1006
-729
-411
-182
-62
104
341
448
260
-194
-694
-942
-871
-810
-1004
-1328
-1629
-1866
-1929
-1771
-1531
-1290
-1145
-1095
-1076
-1016
-838
-628
-172
608
1519
2386
2937
3212
3240
3120
2886
2314
1615
1021
568
89
-609
-1365
-2125
-2749
-3144
-3384
-3383
-3309
-3210
-2932
-2349
-1497
-754
-172
293
674
1084
1324
1363
1298
1239
1262
1250
1249
1078
676
294
14
-119
-298
-578
-851
-1069
-1054
-953
-942
-1147
-1626
-2096
-2392
-2420
-2315
-2250
-2096
-1749
-1216
-666
-249
-12
43
-41
-171
-229
-110
241
868
1840
3039
4142
4835
5054
4996
4945
5000
5028
4854
4385
3795
3288
3015
2793
2358
1759
1017
307
-379
-1005
-1526
-1996
-2227
-2228
-1870
-1367
-1163
-1351
-1794
-2099
-2159
-1968
-1708
-1571
-1386
-1088
-723
-356
-74
-90
-451
-855
-1028
-939
-754
-670
-728
-762
-742
-740
-718
-670
-708
-817
-851
-755
-512
-153
253
567
842
1080
1228
1352
1302
1152
954
764
541
236
49
-213
-580
-1041
-1510
-1746
-1762
-1599
-1502
-1414
-1257
-1171
-1123
-1021
-763
-436
-170
28
262
541
718
715
601
498
477
535
579
557
515
541
504
378
262
90
-54
-185
-252
-254
-350
-540
-891
-1214
-1375
-1433
-1395
-1353
-1290
-1173
-1023
-885
-801
-690
-524
-365
-271
-217
-155
-67
25
78
178
325
651
1179
1826
2563
3092
3434
3595
3639
3698
3704
3657
3498
3407
3319
3122
2745
2153
1514
811
246
-226
-614
-864
-1096
-1197
-1274
-1353
-1503
-1726
-1917
-2068
-2041
-1953
-1825
-1646
-1498
-1276
-1098
-968
-861
-865
-886
-917
-860
-705
-583
-484
-380
-254
-159
-90
-52
-75
-20
156
356
591
873
1075
1138
1069
850
559
288
96
-34
-97
-74
-101
-239
-453
-626
-787
-892
-920
-939
-842
-833
-899
-961
-1002
-974
-987
-915
-877
-793
-643
-547
-490
-509
-458
-403
-294
-146
34
217
220
241
318
446
558
614
649
615
550
454
282
37
-146
-387
-615
-686
-720
-672
-651
-626
-561
-513
-421
-351
-318
-280
-179
10
233
384
383
276
55
-181
-265
-199
-23
248
669
1147
1650
2133
2492
2695
2718
2767
2777
2788
2829
2722
2580
2347
2100
1820
1461
1068
626
350
147
-83
-355
-655
-846
-911
-876
-875
-916
-985
-1149
-1346
-1493
-1585
-1632
-1627
-1608
-1534
-1386
-1254
-1202
-1213
-1189
-1091
-977
-869
-737
-540
-279
4
257
481
675
828
918
915
866
728
572
393
170
34
-90
-107
-83
-112
-183
-276
-302
-404
-426
-396
-446
-495
-592
-615
-601
-569
-540
-567
-578
-583
-594
-626
-676
-754
-773
-669
-538
-414
-334
-316
-303
-239
-125
11
123
177
187
213
309
374
306
129
-109
-316
-435
-476
-479
-486
-432
-312
-154
11
98
105
47
15
86
224
409
485
401
302
187
80
-18
-143
-174
-93
84
317
562
855
1146
1436
1657
1801
1876
1909
1969
1957
1933
1855
1692
1515
1346
1236
1073
904
705
428
197
24
-106
-167
-175
-172
-144
-173
-273
-414
-613
-767
-921
-1081
-1168
-1221
-1251
-1194
-1051
-924
-852
-842
-877
-891
-827
-672
-492
-301
-84
111
272
385
402
354
269
147
61
14
-37
-101
-186
-281
-354
-388
-392
-407
-407
-353
-318
-349
-376
-400
-433
-432
-452
-498
-484
-410
-361
-345
-366
-454
-516
-527
-481
-410
-375
-381
-465
-509
-459
-379
-272
-181
-127
-61
51
160
216
202
122
-21
-123
-174
-241
-276
-307
-314
-270
-168
-44
4
31
47
72
169
299
412
461
456
422
377
333
270
167
45
-47
-61
24
177
356
560
800
1049
1265
1417
1504
1555
1581
1599
1593
1550
1505
1443
1357
1274
1151
963
771
549
363
249
125
5
-143
-258
-310
-312
-320
-419
-567
-772
-942
-1069
-1139
-1145
-1114
-1013
-899
-743
-635
-601
-628
-683
-657
-524
-263
-13
202
371
465
483
448
367
178
35
-56
-97
-58
-58
-110
-217
-303
-357
-408
-453
-517
-545
-556
-523
-435
-366
-308
-333
-401
-466
-526
-521
-509
-522
-550
-546
-528
-537
-535
-546
-591
-619
-591
-533
-384
-267
-201
-110
-52
94
218
283
286
190
141
98
36
-22
-61
-110
-146
-106
-46
-5
-1
-37
-99
-77
-13
37
69
66
82
69
118
187
171
115
19
-21
-12
123
391
651
955
1217
1441
1673
1781
1800
1769
1746
1750
1730
1716
1660
1555
1432
1279
1057
788
524
278
75
-65
-128
-211
-319
-438
-575
-649
-705
-775
-870
-997
-1072
-1101
-1090
-1029
-950
-825
-699
-618
-567
-557
-562
-565
-531
-422
-229
3
193
307
315
275
236
208
193
131
66
-7
-64
-53
-57
-75
-108
-154
-212
-242
-258
-329
-385
-421
-401
-367
-407
-450
-490
-537
-569
-573
-567
-571
-566
-546
-537
-558
-585
-621
-660
-659
-620
-549
-489
-450
-390
-279
-106
60
196
271
301
268
181
188
169
117
119
108
92
73
4
-125
-290
-468
-544
-525
-417
-288
-159
-48
16
35
44
65
76
154
308
533
853
1202
1535
1798
1966
2079
2111
2102
2034
1917
1823
1734
1708
1686
1611
1440
1141
859
573
260
-36
-274
-447
-572
-591
-621
-656
-693
-815
-934
-1031
-1117
-1196
-1242
-1239
-1184
-1098
-980
-839
-754
-726
-777
-783
-764
-710
-559
-395
-207
-60
105
237
323
348
330
355
368
385
438
438
390
360
301
291
273
257
236
172
107
14
-88
-214
-362
-502
-609
-684
-754
-791
-818
-833
-848
-900
-927
-942
-907
-843
-794
-730
-696
-638
-588
-541
-478
-444
-388
-357
-304
-216
-104
34
155
267
351
404
415
399
398
390
373
322
238
140
51
-18
-96
-162
-225
-232
-206
-258
-301
-344
-386
-343
-201
72
438
864
1310
1676
1985
2231
2338
2363
2357
2295
2206
2107
2003
1909
1769
1561
1290
967
622
278
-14
-224
-350
-429
-448
-446
-495
-572
-696
-831
-997
-1127
-1183
-1231
-1214
-1161
-1053
-984
-977
-951
-969
-975
-965
-944
-879
-801
-690
-517
-335
-171
4
103
138
173
210
254
283
269
245
207
126
98
85
92
141
146
195
249
265
293
273
165
61
-39
-142
-207
-320
-446
-574
-718
-812
-864
-885
-961
-1029
-1067
-1073
-976
-870
-739
-625
-536
-409
-336
-273
-248
-273
-287
-299
-221
-84
100
290
388
393
322
249
145
33
-30
-82
-66
21
102
145
102
-93
-346
-566
-756
-833
-741
-505
-103
444
1029
1601
2088
2441
2642
2727
2803
2843
2857
2834
2759
2640
2412
2096
1681
1194
704
226
-169
-444
-624
-764
-868
-918
-945
-976
-1012
-1055
-1098
-1102
-1047
-953
-834
-712
-617
-564
-545
-533
-514
-524
-566
-620
-659
-682
-717
-765
-819
-865
-860
-758
-618
-434
-219
-22
182
259
287
299
243
198
167
156
164
219
268
295
259
162
35
-66
-116
-164
-176
-167
-159
-142
-186
-323
-499
-730
-952
-1098
-1172
-1171
-1126
-1086
-1009
-896
-803
-706
-596
-465
-331
-198
-23
107
183
225
174
97
56
26
2
-9
-46
-111
-172
-241
-328
-404
-414
-353
-255
-143
-52
-56
-163
-304
-424
-445
-292
76
638
1340
2074
2681
3140
3416
3514
3531
3419
3217
3000
2767
2579
2385
2079
1630
1033
375
-266
-816
-1211
-1463
-1541
-1488
-1344
-1158
-1032
-1010
-1096
-1211
-1265
-1189
-978
-669
-319
-18
195
253
203
42
-173
-365
-524
-558
-489
-387
-417
-585
-847
-1149
-1393
-1492
-1381
-1100
-713
-272
113
406
576
550
483
365
384
493
637
835
866
783
526
186
-198
-504
-706
-850
-807
-757
-629
-535
-525
-607
-840
-1001
-1147
-1173
-1068
-958
-864
-781
-709
-704
-678
-625
-595
-549
-453
-330
-147
25
149
225
187
182
107
-12
-73
-224
-367
-494
-595
-670
-704
-640
-620
-532
-438
-460
-457
-499
-503
-438
-248
213
866
1763
2727
3510
4075
4399
4508
4461
4360
4116
3680
3218
2788
2348
1895
1329
519
-387
-1185
-1826
-2254
-2383
-2303
-2128
-1831
-1439
-1083
-814
-660
-688
-650
-430
-121
236
559
836
911
869
760
498
228
-141
-498
-702
-788
-794
-869
-1007
-1208
-1495
-1755
-1903
-1953
-1874
-1630
-1249
-747
-163
381
751
965
1101
1239
1379
1525
1645
1666
1629
1438
1072
517
-117
-701
-1263
-1658
-1905
-1951
-1862
-1756
-1639
-1602
-1541
-1511
-1465
-1308
-1091
-784
-511
-275
-130
-91
-45
-71
-103
-142
-145
-110
-102
-3
24
-34
-142
-275
-354
-404
-405
-549
-768
-925
-1070
-1202
-1241
-1119
-943
-688
-427
-224
-109
-141
-327
-514
-321
305
1353
2685
3984
4996
5561
5739
5621
5401
5074
4498
3798
3153
2609
2076
1425
531
-539
-1612
-2530
-3174
-3403
-3283
-3000
-2570
-2007
-1330
-734
-357
-236
-234
-79
174
554
946
1213
1336
1269
1126
844
491
58
-525
-979
-1202
-1251
-1310
-1503
-1780
-2081
-2265
-2349
-2310
-2067
-1726
-1301
-745
-114
436
849
1139
1296
1496
1850
2169
2376
2535
2515
2269
1756
1039
232
-592
-1177
-1673
-2042
-2177
-2234
-2259
-2223
-2049
-2040
-1999
-1790
-1554
-1007
-388
10
242
389
361
169
35
-57
-182
-268
-240
-229
-262
-317
-503
-790
-897
-862
-883
-786
-778
-894
-1007
-1145
-1321
-1519
-1451
-1283
-946
-360
108
411
484
301
-121
-411
-220
410
1584
3097
4434
5288
5643
5579
5320
5072
4645
4123
3607
3064
2641
2161
1467
470
-721
-1828
-2703
-3115
-3144
-2920
-2546
-2081
-1446
-812
-320
-67
-100
-84
185
542
997
1338
1417
1384
1151
832
458
-25
-609
-1220
-1565
-1674
-1659
-1708
-1902
-2094
-2240
-2298
-2257
-2085
-1758
-1336
-886
-356
150
562
847
1047
1349
1674
2007
2156
2219
2338
2266
1971
1351
556
-321
-1073
-1529
-1892
-2032
-2044
-2087
-2114
-2045
-1967
-2064
-2106
-1891
-1359
-532
263
698
816
762
522
239
61
-107
-265
-262
-146
-86
-113
-358
-821
-1196
-1329
-1257
-1094
-891
-787
-766
-723
-799
-1043
-1358
-1415
-1254
-811
-37
514
844
871
482
-76
-504
-431
194
1411
2902
4221
5078
5246
5022
4683
4417
4145
3670
3202
2827
2595
2327
1671
679
-572
-1777
-2619
-2996
-2841
-2490
-2084
-1646
-1135
-525
-200
-223
-446
-454
-44
514
1087
1386
1452
1251
860
557
235
-158
-701
-1105
-1182
-1154
-1213
-1541
-1985
-2257
-2334
-2351
-2249
-1947
-1601
-1241
-730
-71
454
684
840
1048
1245
1455
1610
1696
1876
2015
1868
1499
886
-37
-907
-1399
-1672
-1819
-1749
-1651
-1649
-1557
-1428
-1496
-1610
-1556
-1322
-833
-132
431
699
759
579
215
-107
-376
-643
-737
-629
-531
-491
-553
-844
-1184
-1263
-1151
-965
-717
-584
-585
-507
-403
-560
-822
-980
-1056
-867
-266
315
524
626
396
-146
-527
-509
-26
813
2224
3531
4402
4942
4822
4539
4334
4239
3893
3354
3002
2561
2167
1589
827
-110
-1255
-2081
-2615
-2604
-2275
-2019
-1584
-1141
-600
-244
-148
-123
-145
76
365
834
1076
969
916
595
270
-3
-336
-796
-1228
-1233
-1219
-1229
-1371
-1718
-1924
-2094
-2055
-1957
-1777
-1332
-1027
-636
-56
445
698
770
924
1016
1102
1286
1379
1444
1611
1623
1357
952
347
-484
-1179
-1466
-1637
-1727
-1670
-1581
-1532
-1395
-1281
-1495
-1494
-1326
-1111
-491
158
616
667
519
376
49
-201
-377
-504
-405
-273
-328
-456
-694
-1128
-1413
-1359
-1202
-1048
-781
-548
-481
-381
-318
-512
-759
-803
-646
-256
282
667
764
635
248
-283
-581
-518
-12
1064
2484
3682
4397
4635
4481
4297
4143
3945
3604
3271
2991
2597
2266
1629
744
-252
-1281
-1922
-2265
-2194
-2087
-1848
-1354
-1122
-661
-331
-356
-330
-261
108
394
635
783
668
600
318
75
-170
-455
-865
-1231
-1142
-1181
-1341
-1576
-1725
-1801
-1826
-1747
-1735
-1457
-1242
-978
-468
199
629
704
924
982
1009
1060
1202
1334
1445
1585
1402
1202
714
-107
-928
-1348
-1392
-1548
-1455
-1334
-1356
-1290
-1224
-1338
-1617
-1641
-1448
-1016
-240
413
619
591
432
89
-174
-262
-327
-312
-148
-40
-194
-475
-872
-1372
-1612
-1491
-1284
-1058
-743
-653
-652
-505
-606
-814
-934
-911
-701
-294
308
556
536
378
-105
-407
-426
-37
702
1784
3141
3972
4418
4511
4373
4238
4104
3986
3523
3178
2782
2412
2043
1260
474
-511
-1180
-1635
-1975
-1850
-1815
-1560
-1248
-974
-635
-536
-473
-501
-332
-33
132
323
363
444
400
215
44
-221
-481
-873
-1080
-1112
-1137
-1194
-1379
-1471
-1574
-1649
-1713
-1705
-1515
-1272
-866
-280
303
667
853
979
1006
990
1030
1161
1297
1379
1357
1199
848
170
-573
-1048
-1247
-1281
-1211
-1056
-979
-954
-976
-1094
-1249
-1474
-1459
-1162
-614
101
300
241
221
-41
-258
-386
-431
-356
-193
-49
-93
-258
-633
-1132
-1459
-1314
-1089
-1071
-801
-657
-813
-845
-827
-910
-936
-760
-535
-155
336
521
462
451
232
-212
-342
-91
404
1326
2479
3283
3751
3965
3870
3784
3836
3810
3566
3288
2926
2495
2137
1545
867
227
-456
-900
-1202
-1471
-1559
-1484
-1378
-1199
-848
-604
-531
-460
-308
-181
-85
58
41
97
136
83
81
-41
-169
-523
-758
-826
-1069
-1156
-1213
-1281
-1336
-1274
-1208
-1276
-1158
-1015
-903
-532
-21
271
446
695
779
750
853
1008
1057
1084
1100
948
719
396
-176
-703
-825
-826
-936
-852
-813
-934
-997
-1040
-1154
-1430
-1430
-1327
-1122
-521
-182
-115
-111
-211
-403
-537
-472
-395
-280
-106
-89
-286
-548
-982
-1335
-1360
-1173
-970
-785
-410
-396
-547
-586
-683
-696
-737
-509
-233
149
583
705
690
345
-107
-480
-524
-160
435
1378
2351
3024
3348
3440
3505
3566
3454
3399
3288
3011
2846
2575
2120
1390
757
172
-433
-696
-1005
-1185
-1213
-1140
-1062
-996
-748
-751
-702
-484
-322
-209
-146
28
42
-10
31
-46
-167
-234
-366
-647
-783
-878
-1035
-1056
-1133
-1115
-1149
-1275
-1276
-1349
-1245
-1055
-772
-247
131
346
458
528
537
500
593
691
755
832
953
927
682
265
-330
-535
-538
-591
-473
-455
-467
-609
-813
-938
-1205
-1423
-1518
-1349
-824
-412
-321
-251
-279
-611
-866
-852
-790
-663
-377
-145
-161
-347
-671
-951
-952
-863
-834
-621
-269
-302
-411
-356
-484
-619
-612
-331
-93
33
269
303
306
163
-169
-301
-240
89
782
1748
2538
2969
3229
3276
3278
3355
3476
3429
3299
3258
2972
2618
2073
1353
851
318
-132
-508
-802
-898
-974
-978
-1009
-1088
-1132
-1099
-948
-771
-674
-669
-561
-443
-362
-163
-52
-49
-46
-5
-32
-282
-474
-583
-646
-590
-638
-701
-741
-830
-939
-1003
-960
-1007
-884
-495
-113
134
206
321
309
265
389
496
640
759
875
933
789
355
-191
-388
-462
-526
-392
-318
-415
-576
-670
-878
-1228
-1420
-1558
-1493
-1077
-696
-551
-483
-449
-626
-821
-781
-688
-573
-270
9
-3
-189
-441
-704
-787
-704
-645
-543
-351
-315
-391
-372
-479
-738
-788
-641
-511
-316
-58
59
27
-41
-182
-377
-339
36
594
1287
1965
2379
2602
2875
3055
3174
3391
3476
3427
3302
3147
2859
2399
2019
1591
1128
736
346
-15
-317
-503
-697
-975
-1196
-1288
-1305
-1281
-1188
-1116
-1073
-990
-890
-802
-748
-671
-590
-548
-468
-439
-498
-573
-599
-536
-524
-488
-451
-514
-534
-568
-526
-445
-428
-335
-143
97
224
305
409
401
319
364
484
530
620
679
645
474
232
-27
-297
-357
-408
-495
-489
-554
-755
-989
-1140
-1372
-1626
-1687
-1613
-1418
-1109
-818
-663
-592
-601
-626
-528
-368
-141
90
249
334
333
292
106
-18
7
24
151
301
329
203
54
-111
-331
-428
-506
-583
-569
-521
-490
-471
-494
-679
-835
-805
-736
-579
-257
112
427
758
1113
1324
1502
1736
1909
2098
2271
2353
2378
2428
2473
2403
2356
2261
2067
1873
1713
1558
1316
1089
786
498
356
208
68
-78
-161
-305
-445
-443
-513
-651
-772
-866
-1043
-1240
-1369
-1551
-1681
-1725
-1756
-1781
-1774
-1741
-1757
-1686
-1587
-1550
-1428
-1209
-905
-614
-288
12
143
244
396
576
727
970
1280
1489
1595
1581
1530
1365
1153
1062
927
804
737
627
433
161
-102
-450
-791
-1018
-1204
-1305
-1282
-1161
-1082
-1055
-1090
-1240
-1317
-1307
-1297
-1207
-1077
-1062
-1090
-1052
-1034
-1070
-998
-826
-706
-516
-330
-303
-305
-317
-310
-284
-248
-180
-148
-63
10
15
39
7
-31
-12
66
155
299
585
823
1034
1260
1383
1562
1886
2233
2508
2659
2689
2556
2380
2368
2330
2222
2102
1934
1797
1634
1460
1208
849
523
231
86
31
-80
-208
-304
-385
-532
-656
-802
-987
-1108
-1232
-1287
-1357
-1484
-1589
-1741
-1817
-1849
-1853
-1789
-1749
-1695
-1622
-1564
-1502
-1407
-1291
-1152
-925
-594
-309
-107
95
271
478
741
1037
1347
1604
1769
1807
1828
1805
1635
1458
1361
1282
1119
921
718
397
16
-292
-549
-856
-1108
-1246
-1307
-1266
-1301
-1377
-1433
-1514
-1588
-1587
-1439
-1348
-1256
-1125
-1050
-1036
-1102
-1062
-990
-885
-694
-546
-455
-421
-354
-322
-319
-271
-232
-169
-90
29
102
119
172
170
150
131
179
283
399
606
815
1002
1124
1275
1471
1696
2021
2248
2444
2564
2551
2548
2541
2507
2359
2184
2041
1879
1728
1550
1290
925
579
291
67
-43
-195
-350
-478
-600
-690
-787
-865
-1044
-1180
-1247
-1367
-1405
-1443
-1508
-1590
-1615
-1575
-1594
-1561
-1497
-1468
-1426
-1355
-1267
-1161
-1003
-845
-639
-347
-149
30
268
438
625
849
1068
1228
1355
1484
1446
1389
1363
1214
1091
1002
919
786
605
448
171
-132
-409
-683
-883
-1066
-1132
-1174
-1231
-1226
-1317
-1380
-1426
-1503
-1474
-1389
-1269
-1149
-992
-899
-956
-947
-876
-793
-724
-639
-489
-379
-322
-312
-298
-327
-339
-257
-171
-50
46
95
138
172
167
129
117
173
288
452
700
919
1072
1205
1318
1500
1718
1949
2181
2372
2507
2534
2513
2476
2393
2238
2065
1908
1712
1511
1304
1079
814
514
258
18
-159
-285
-462
-592
-734
-789
-863
-958
-979
-1133
-1242
-1321
-1357
-1396
-1439
-1450
-1498
-1482
-1459
-1388
-1306
-1280
-1230
-1193
-1126
-1039
-933
-733
-536
-358
-210
-45
99
229
421
605
812
992
1137
1253
1310
1236
1158
1045
933
886
791
724
537
368
213
-52
-267
-494
-720
-855
-904
-924
-956
-973
-1006
-1071
-1168
-1229
-1264
-1272
-1140
-988
-882
-821
-772
-735
-745
-679
-571
-477
-377
-283
-205
-200
-225
-237
-290
-332
-327
-291
-262
-246
-159
-84
-86
-117
-91
-85
-38
100
319
543
730
974
1149
1289
1422
1622
1826
2003
2201
2338
2417
2404
2400
2347
2228
2081
1891
1691
1492
1324
1144
881
577
304
81
-118
-308
-475
-645
-804
-923
-993
-1089
-1198
-1282
-1392
-1455
-1459
-1429
-1393
-1369
-1321
-1302
-1256
-1181
-1126
-1072
-1002
-915
-826
-709
-566
-423
-299
-136
13
113
268
390
504
658
791
933
1033
1045
1002
933
848
767
668
577
504
387
253
107
-88
-251
-407
-600
-723
-790
-847
-847
-828
-820
-861
-958
-974
-961
-968
-885
-766
-668
-592
-561
-553
-541
-568
-570
-523
-516
-444
-390
-409
-422
-487
-531
-539
-510
-459
-369
-296
-264
-187
-151
-114
-83
-59
25
143
327
550
813
1036
1177
1308
1423
1620
1844
2081
2309
2399
2449
2429
2419
2380
2216
2038
1818
1636
1473
1323
1142
845
504
204
19
-173
-316
-439
-600
-725
-829
-883
-966
-1067
-1206
-1346
-1420
-1452
-1383
-1332
-1308
-1302
-1342
-1324
-1287
-1182
-1094
-1083
-985
-873
-740
-553
-373
-236
-124
-2
80
197
340
485
601
652
755
816
881
895
799
658
531
439
367
359
261
155
41
-103
-191
-345
-502
-593
-710
-775
-744
-743
-750
-749
-808
-883
-919
-913
-874
-777
-615
-481
-416
-381
-367
-385
-397
-364
-287
-198
-105
-33
-18
-47
-93
-146
-204
-251
-249
-210
-145
-27
61
93
87
20
-56
-65
-13
98
278
438
589
706
789
856
939
1058
1231
1422
1606
1765
1855
1900
1883
1835
1746
1663
1565
1490
1446
1312
1148
915
646
449
234
23
-119
-232
-356
-451
-532
-658
-813
-935
-1029
-1106
-1126
-1117
-1117
-1144
-1179
-1214
-1199
-1128
-1056
-956
-862
-745
-627
-491
-366
-291
-176
-98
53
217
289
361
380
384
408
435
451
438
386
335
285
182
106
37
-59
-112
-140
-219
-281
-346
-442
-493
-607
-704
-734
-749
-747
-744
-729
-766
-772
-756
-714
-641
-569
-448
-371
-298
-255
-247
-249
-262
-210
-161
-97
-43
-36
-50
-81
-96
-126
-156
-180
-203
-175
-96
-48
-54
-49
-39
-36
3
75
145
239
393
558
710
869
979
1072
1200
1375
1542
1702
1843
1894
1888
1855
1829
1731
1655
1558
1430
1297
1135
1006
787
575
387
180
14
-87
-195
-310
-413
-536
-663
-771
-877
-959
-984
-1029
-1071
-1079
-1115
-1157
-1166
-1185
-1176
-1119
-1047
-949
-846
-749
-675
-607
-495
-371
-253
-121
12
148
216
287
315
324
340
354
408
374
377
343
261
177
129
92
41
30
-37
-78
-166
-265
-313
-424
-508
-570
-637
-648
-636
-650
-666
-688
-709
-684
-642
-571
-482
-408
-334
-303
-285
-267
-262
-244
-216
-175
-172
-164
-166
-208
-210
-260
-302
-285
-284
-238
-163
-129
-84
-34
-50
-51
-18
-6
70
207
354
497
614
733
835
886
993
1167
1336
1542
1710
1762
1768
1755
1721
1688
1651
1590
1476
1325
1205
1084
915
742
578
419
307
225
157
74
-91
-269
-386
-494
-584
-652
-758
-879
-956
-997
-1039
-1103
-1163
-1198
-1211
-1161
-1044
-927
-830
-748
-679
-609
-519
-395
-247
-125
-24
59
72
90
129
166
213
241
247
269
255
169
119
47
-34
-87
-95
-106
-134
-169
-250
-336
-423
-507
-578
-613
-618
-613
-587
-605
-630
-642
-680
-625
-549
-465
-330
-254
-191
-137
-148
-162
-180
-204
-182
-119
-71
-33
-57
-142
-200
-256
-250
-217
-193
-127
-83
-15
48
63
63
45
26
71
140
197
317
411
516
644
713
806
913
1047
1217
1387
1514
1595
1648
1665
1669
1626
1539
1447
1357
1269
1158
1008
841
668
491
331
192
79
-34
-169
-290
-387
-475
-573
-662
-759
-839
-904
-979
-1009
-1045
-1085
-1081
-1062
-997
-920
-855
-767
-683
-609
-522
-449
-367
-262
-158
-38
59
107
128
131
122
137
139
119
125
112
91
48
-12
-75
-142
-145
-137
-166
-218
-244
-268
-306
-317
-354
-390
-417
-431
-421
-404
-404
-429
-421
-421
-400
-368
-332
-274
-227
-172
-138
-143
-194
-227
-239
-265
-257
-243
-240
-265
-287
-294
-313
-304
-269
-249
-219
-152
-98
-35
33
64
88
107
147
194
261
395
516
598
711
807
899
1026
1140
1280
1398
1483
1563
1565
1556
1536
1490
1431
1319
1204
1087
969
840
689
542
392
250
128
14
-120
-251
-364
-490
-555
-633
-740
-795
-885
-954
-981
-1005
-1005
-994
-973
-935
-854
-748
-648
-555
-461
-367
-274
-175
-92
-30
28
90
141
182
224
240
217
184
157
136
108
74
36
-13
-84
-164
-231
-278
-329
-383
-427
-478
-518
-539
-573
-602
-615
-642
-649
-617
-565
-501
-453
-418
-380
-339
-292
-245
-198
-147
-114
-79
-47
-47
-47
-39
-49
-55
-56
-55
-45
-54
-69
-74
-68
-46
-9
30
56
86
128
152
180
223
236
234
247
279
349
434
508
583
651
705
776
854
946
1038
1114
1180
1217
1239
1226
1198
1158
1091
1015
915
834
743
644
537
403
290
169
61
-18
-94
-175
-268
-354
-416
-476
-575
-664
-713
-771
-808
-811
-825
-836
-805
-770
-738
-688
-642
-578
-507
-439
-352
-282
-218
-161
-118
-85
-61
-37
-32
-25
-32
-54
-64
-73
-84
-87
-91
-124
-138
-175
-210
-225
-258
-271
-293
-315
-338
-361
-393
-410
-446
-459
-466
-464
-426
-410
-370
-356
-326
-298
-254
-204
-154
-95
-53
-9
-1
-13
-41
-67
-64
-50
-32
-17
-24
-16
-4
12
28
37
63
87
139
193
216
250
253
246
266
278
300
344
410
474
539
614
658
697
752
822
902
976
1031
1043
1042
1019
979
949
879
812
757
680
617
546
452
360
265
173
111
36
-29
-79
-164
-232
-303
-386
-438
-482
-525
-540
-535
-539
-533
-529
-535
-509
-450
-375
-320
-267
-211
-187
-151
-138
-150
-136
-131
-132
-139
-167
-195
-227
-280
-324
-346
-373
-386
-385
-395
-413
-440
-478
-528
-556
-548
-542
-541
-534
-553
-562
-541
-519
-504
-484
-431
-377
-301
-213
-169
-132
-90
-43
10
64
125
169
189
203
217
212
210
225
229
235
253
261
255
249
238
221
202
190
178
169
164
147
127
127
125
115
98
105
132
153
201
262
297
351
424
472
535
610
671
738
797
826
831
828
820
805
773
738
707
643
581
538
476
406
335
271
204
146
111
44
-27
-93
-183
-253
-310
-347
-378
-431
-449
-455
-473
-481
-482
-474
-451
-406
-358
-329
-299
-285
-292
-295
-321
-353
-343
-348
-378
-383
-402
-435
-449
-464
-478
-476
-460
-434
-404
-388
-370
-372
-408
-421
-417
-400
-389
-374
-341
-330
-311
-300
-302
-273
-239
-203
-148
-92
-61
-44
-39
-32
-16
-11
-3
27
56
78
95
98
98
104
109
130
157
165
170
188
197
192
182
178
180
178
183
206
226
233
249
262
265
283
298
301
330
366
399
432
463
500
501
513
544
576
617
639
658
653
629
597
566
530
482
464
421
370
340
277
223
177
127
75
44
36
8
0
1
-27
-63
-83
-81
-99
-114
-102
-116
-137
-133
-145
-193
-226
-230
-237
-240
-244
-275
-321
-362
-401
-417
-438
-488
-506
-514
-551
-582
-600
-617
-634
-647
-637
-638
-645
-617
-594
-581
-550
-523
-489
-436
-397
-359
-296
-238
-195
-144
-90
-51
-22
-2
7
31
62
75
98
103
103
133
138
146
155
148
160
171
169
154
157
163
151
134
120
121
117
98
99
104
85
84
111
120
120
137
167
184
201
208
210
226
237
261
267
271
306
331
353
384
419
446
472
526
575
584
597
613
600
590
582
557
532
499
466
430
395
363
307
260
234
213
177
131
99
58
25
-19
-81
-119
-167
-230
-279
-330
-387
-439
-488
-529
-566
-596
-613
-629
-647
-656
-663
-675
-672
-666
-657
-638
-628
-607
-594
-591
-574
-567
-542
-508
-466
-404
-352
-308
-263
-228
-180
-141
-98
-33
13
72
95
102
137
134
143
142
142
150
168
189
178
180
143
135
151
152
165
154
158
166
163
145
124
112
80
90
90
64
89
82
30
29
34
47
77
69
84
118
127
155
169
162
181
199
217
255
275
297
318
339
362
368
413
471
510
546
544
540
543
521
503
493
484
470
441
427
402
352
327
283
237
209
174
140
92
35
-33
-111
-185
-248
-308
-360
-409
-472
-521
-575
-628
-663
-688
-719
-750
-752
-749
-748
-754
-756
-753
-750
-727
-705
-661
-616
-576
-501
-454
-394
-325
-292
-218
-160
-108
-17
43
93
141
176
197
209
240
262
271
294
306
313
311
281
258
239
220
202
188
193
183
156
145
136
105
93
92
74
66
61
78
80
70
78
72
77
87
88
91
108
114
108
127
140
154
166
168
191
221
229
230
246
262
294
319
324
343
363
376
403
409
404
426
431
415
400
370
354
331
302
274
239
204
169
140
97
48
7
-41
-95
-136
-182
-239
-279
-324
-376
-416
-456
-503
-547
-566
-585
-596
-601
-607
-612
-618
-612
-590
-565
-551
-529
-521
-505
-479
-453
-430
-405
-362
-342
-306
-256
-220
-169
-135
-95
-62
-33
8
48
89
105
116
116
126
149
157
172
188
192
191
197
205
206
211
217
229
248
255
257
260
253
251
234
217
218
220
224
224
219
211
193
187
178
167
172
172
169
170
164
147
130
119
110
99
96
95
92
102
107
100
109
112
102
129
165
181
205
224
232
231
246
251
230
222
218
207
194
198
193
155
123
98
64
40
35
13
-30
-56
-86
-125
-164
-198
-233
-272
-286
-318
-350
-370
-391
-406
-437
-431
-436
-441
-407
-404
-404
-380
-378
-374
-345
-340
-347
-335
-326
-322
-320
-302
-300
-321
-305
-278
-258
-234
-212
-180
-145
-132
-106
-61
-31
20
57
73
134
172
187
220
241
267
295
309
324
347
353
353
368
371
355
348
331
313
305
285
268
260
239
218
204
189
167
141
121
101
79
68
57
28
16
0
-27
-29
-33
-38
-25
-5
14
14
20
29
18
24
41
39
48
66
65
86
103
76
71
93
92
92
94
84
83
84
67
48
33
17
16
11
4
-5
-30
-33
-60
-88
-96
-134
-140
-157
-173
-183
-197
-197
-228
-237
-232
-252
-252
-242
-238
-232
-207
-193
-197
-186
-178
-184
-190
-184
-174
-181
-174
-157
-155
-153
-142
-127
-122
-121
-98
-77
-62
-55
-53
-24
-16
-30
-9
18
35
66
78
83
98
107
129
151
161
175
196
203
206
224
221
203
211
207
199
190
174
163
146
138
123
97
86
87
76
57
53
25
5
15
-18
-25
-8
-11
-6
-11
-3
6
6
4
13
20
26
21
30
42
35
29
25
17
14
28
27
40
38
25
30
37
37
29
27
31
27
12
16
9
-4
-6
-20
-43
-39
-32
-39
-44
-44
-48
-49
-55
-72
-64
-81
-82
-83
-113
-116
-101
-126
-140
-130
-139
-137
-131
-125
-123
-106
-114
-105
-86
-98
-88
-72
-74
-78
-70
-59
-57
-46
-37
-25
8
22
30
51
59
66
69
60
76
78
75
88
83
66
56
75
75
67
69
72
99
105
101
114
115
97
94
95
79
85
82
67
55
49
45
24
26
34
22
12
23
21
17
19
13
3
-6
-24
-28
-27
-33
-36
-47
-38
-34
-41
-49
-60
-61
-52
-47
-59
-52
-33
-27
-20
-22
-24
-3
6
-7
-6
-8
-9
-5
-14
-20
-20
-19
-25
-11
-23
-41
-30
-36
-28
-18
-8
2
-2
-8
-20
-21
-31
-38
-23
-16
-37
-47
-31
-33
-34
-33
-38
-17
-11
-15
-9
-17
-21
-36
-63
-61
-42
-42
-52
-41
-29
-37
-34
-17
-12
-6
7
16
25
30
33
25
17
31
41
33
46
64
58
59
73
87
90
83
91
100
91
91
90
82
73
60
65
82
82
86
80
81
92
69
61
69
65
58
26
16
11
-16
-27
-31
-42
-56
-50
-43
-52
-46
-38
-25
-23
-38
-31
-30
-55
-63
-60
-77
-89
-94
-98
-103
-108
-102
-91
-80
-71
-50
-41
-23
-12
-29
-22
-40
-47
-36
-57
-51
-57
-77
-75
-76
-45
-37
-28
6
16
29
31
33
47
41
36
39
31
17
17
12
4
-5
-25
-18
-11
1
25
18
27
37
23
41
53
30
10
16
14
-3
1
11
4
-1
21
30
18
32
53
48
30
31
38
22
13
32
32
15
20
28
28
29
32
45
53
46
48
51
44
48
40
26
40
50
33
27
25
16
12
17
12
5
7
12
0
-16
-20
-41
-46
-39
-56
-55
-63
-80
-84
-82
-68
-65
-71
-63
-54
-51
-45
-55
-40
-26
-35
-9
1
-5
-2
-5
0
4
22
19
-8
11
28
26
25
17
13
10
3
12
13
6
20
14
8
9
-3
8
-6
-19
-6
-15
-25
-29
-42
-49
-41
-44
-58
-67
-75
-72
-69
-68
-70
-71
-72
-78
-78
-75
-74
-58
-35
-43
-42
-18
-14
-6
30
43
39
66
83
93
103
105
117
104
109
121
114
119
116
120
127
114
108
110
0
0
0
0
0
0
0
0
0
0
0
0
0
0
0
0
0
0
0
0
0
0
0
0
0
0
0
0
0
0
0
0
0
0
0
0
0
0
0
0
0
0
0
0
0
0
0
0
0
0
0
0
0
0
0
0
0
0
0
0
0
0
0
0
0
0
0
0
0
0
0
0
0
0
0
0
0
0
0
0
0
0
0
0
0
0
0
0
0
0
0
0
0
0
0
0
0
0
0
0
0
0
0
0
0
0
0
0
0
0
0
0
0
0
0
0
0
0
0
0
0
0
0
0
0
0
0
0
0
0
0
0
0
0
0
0
0
0
0
0
0
0
0
0
0
0
0
0
0
0
0
0
0
0
0
0
0
0
0
0
0
0
0
0
0
0
0
0
0
0
0
0
0
0
0
0
0
0
0
0
0
0
0
0
0
0
0
0
0
0
0
0
0
0
0
0
0
0
0
0
0
0
0
0
0
0
0
0
0
0
0
0
0
0
0
0
0
0
0
0
0
0
0
0
0
0
0
0
0
0
0
0
0
0
0
0
0
0
0
0
0
0
0
0
0
0
0
0
0
0
0
0
0
0
0
0
0
0
0
0
0
0
0
0
0
0
0
0
0
0
0
0
0
0
0
0
0
0
0
0
0
0
0
0
0
0
0
0
0
0
0
0
0
0
0
0
0
0
0
0
0
0
0
0
0
0
0
0
0
0
0
0
0
0
0
0
0
0
0
0
0
0
0
0
0
0
0
0
0
0
0
0
0
0
0
0
0
0
0
0
0
0
0
0
0
0
0
0
0
0
0
0
0
0
0
0
0
0
0
0
0
0
0
0
0
0
0
0
0
0
0
0
0
0
0
0
0
0
0
0
0
0
0
0
0
0
0
0
0
0
0
0
0
0
0
0
0
0
0
0
