0
0
0
0
0
0
0
0
0
0
0
0
0
0
0
0
0
0
0
0
0
0
0
0
0
0
0
0
0
0
0
0
0
0
0
0
0
0
0
0
0
0
0
0
0
0
0
0
0
0
0
0
0
0
0
0
0
0
0
0
0
0
0
0
0
0
0
0
0
0
0
0
0
0
0
0
0
0
0
0
0
0
0
0
0
0
0
0
0
0
0
0
0
0
0
0
0
0
0
0
0
0
0
0
0
0
0
0
0
0
0
0
0
0
0
0
0
0
0
0
0
0
0
0
0
0
0
0
0
0
0
0
0
0
0
0
0
0
0
0
0
0
0
0
0
0
0
0
0
0
0
0
0
0
0
0
0
0
0
0
0
0
0
0
0
0
0
0
0
0
0
0
0
0
0
0
0
0
0
0
0
0
0
0
0
0
0
0
0
0
0
0
0
0
0
0
0
0
0
0
0
0
0
0
0
0
0
0
0
0
0
0
0
0
0
0
0
0
0
0
0
0
0
0
0
0
0
0
0
0
0
0
0
0
0
0
0
0
0
0
0
0
0
0
0
0
0
0
0
0
0
0
0
0
0
0
0
0
0
0
0
0
0
0
0
0
0
0
0
0
0
0
0
0
0
0
0
0
0
0
0
0
0
0
0
0
0
0
0
0
0
0
0
0
0
0
0
0
0
0
0
0
0
0
0
0
0
0
0
0
0
0
0
0
0
0
0
0
0
0
0
0
0
0
0
0
0
0
0
0
0
0
0
0
0
0
0
0
0
0
0
0
0
0
0
0
0
0
0
0
0
0
0
0
0
0
0
0
0
0
0
0
0
0
0
0
0
0
0
0
0
0
0
0
0
0
0
0
0
0
0
0
0
0
0
0
0
0
0
0
0
0
0
0
0
0
-44
-49
-63
-75
-91
-126
-161
-179
-197
-219
-209
-170
-125
-81
-44
-6
6
-3
31
116
242
330
337
322
301
310
309
263
197
129
120
128
81
-24
-145
-241
-300
-311
-312
-275
-235
-267
-293
-264
-224
-146
-42
16
85
164
241
315
311
291
322
374
411
413
321
165
75
23
-4
-49
-186
-338
-439
-488
-506
-505
-481
-454
-451
-497
-550
-510
-371
-169
113
368
442
337
164
142
421
823
1056
979
644
327
277
393
414
311
155
-45
-212
-318
-446
-572
-666
-743
-675
-458
-328
-408
-628
-710
-477
-70
262
316
230
177
239
453
676
821
780
581
435
425
485
432
188
-91
-198
-157
-143
-272
-525
-723
-739
-618
-459
-366
-380
-445
-452
-306
-46
191
311
320
337
444
536
541
479
429
495
574
496
270
-5
-192
-232
-226
-254
-329
-458
-595
-660
-622
-547
-508
-487
-432
-322
-152
-3
49
65
172
365
528
601
582
505
452
449
470
488
419
246
72
-30
-48
-55
-148
-291
-383
-392
-358
-348
-376
-418
-424
-331
-175
-29
77
87
43
67
173
312
439
490
435
308
212
194
208
220
206
130
-4
-126
-203
-236
-237
-229
-224
-241
-247
-247
-252
-234
-189
-105
-1
96
150
126
97
98
143
222
276
280
235
164
101
53
34
19
-21
-53
-84
-123
-179
-245
-275
-278
-239
-165
-129
-139
-188
-201
-121
3
99
110
80
32
32
123
194
206
147
60
37
74
122
129
78
-14
-77
-89
-56
-38
-85
-136
-143
-98
-48
-39
-75
-103
-68
6
88
135
95
8
-40
6
106
174
151
54
-15
-17
36
86
72
31
-15
-55
-45
-7
-3
-23
-43
-54
-44
-36
-43
-59
-47
1
41
49
26
3
-20
-30
-19
23
86
114
98
32
-32
-49
-29
35
97
74
-15
-77
-67
-19
22
57
14
-52
-39
-9
54
69
24
-9
-18
50
70
19
0
1
11
57
112
96
44
-12
-37
10
81
102
93
34
-63
-85
-90
-83
-66
-64
-65
-103
-85
-68
-82
-42
-23
-4
8
16
15
-51
-54
-51
-34
16
42
40
-25
-45
-43
-27
22
76
58
20
7
2
27
66
101
65
60
70
67
75
66
20
1
16
29
12
-42
-41
-62
-44
-9
-77
-121
-126
-116
-59
47
108
69
44
25
14
93
262
455
571
596
461
227
143
328
591
664
483
54
-294
-344
-171
-55
-143
-333
-603
-769
-746
-676
-607
-586
-596
-556
-440
-317
-315
-351
-262
-36
235
431
432
278
184
266
477
687
721
512
224
85
157
309
302
58
-239
-394
-347
-249
-243
-348
-529
-614
-514
-311
-174
-197
-243
-215
-99
75
187
202
162
203
343
422
380
253
162
192
299
370
299
139
20
14
91
158
133
45
-5
20
93
136
80
-1
-20
35
147
219
176
73
-6
-16
40
76
60
-10
-77
-89
-107
-133
-192
-245
-223
-133
-62
-86
-143
-200
-156
-14
107
171
148
101
100
185
281
336
314
225
177
143
101
22
-53
-101
-170
-231
-330
-467
-554
-510
-427
-393
-382
-446
-512
-424
-234
-70
25
43
59
131
300
474
487
505
549
539
552
563
475
278
140
60
-19
-52
-178
-440
-679
-831
-947
-972
-914
-902
-933
-957
-949
-883
-724
-426
-59
263
512
655
713
865
1216
1620
1868
1901
1731
1438
1316
1402
1388
1206
908
464
44
-200
-374
-596
-876
-1145
-1373
-1521
-1515
-1521
-1589
-1527
-1342
-1092
-756
-486
-394
-256
32
387
788
1076
1146
1039
999
1171
1368
1467
1321
924
548
382
364
267
38
-279
-655
-945
-1044
-1052
-1106
-1185
-1236
-1228
-1122
-948
-819
-717
-515
-238
2
180
296
370
497
704
880
904
845
778
642
567
552
430
219
16
-112
-273
-417
-477
-627
-748
-762
-728
-689
-685
-615
-577
-501
-306
-167
-45
98
243
360
488
631
695
766
827
872
886
827
768
628
484
420
316
204
73
-76
-192
-290
-354
-384
-428
-504
-556
-593
-591
-534
-508
-456
-339
-266
-229
-158
-67
59
217
335
402
460
502
550
657
766
810
793
808
842
822
727
512
380
418
414
268
-16
-371
-678
-712
-641
-764
-873
-1025
-1241
-1229
-1052
-860
-741
-674
-626
-547
-348
-187
-101
60
264
364
457
553
518
482
477
387
243
240
161
-93
-258
-428
-687
-939
-1031
-1054
-1058
-1002
-1136
-1373
-1423
-1227
-966
-584
-111
171
392
604
828
1200
1698
2208
2634
2865
2760
2469
2252
2170
2176
2137
1851
1286
576
-142
-628
-764
-838
-1128
-1479
-1912
-2356
-2439
-2258
-2043
-1884
-1639
-1434
-1319
-926
-493
-160
277
756
1150
1455
1646
1571
1515
1782
2023
1960
1784
1447
871
483
393
216
-62
-435
-1078
-1571
-1635
-1627
-1738
-1880
-1979
-2113
-2007
-1580
-1378
-1264
-996
-726
-444
-78
325
377
460
891
1045
1054
1084
988
968
1211
1511
1311
908
668
401
432
708
689
255
-257
-588
-784
-623
-319
-456
-722
-760
-815
-830
-558
-318
-368
-342
-118
-8
48
160
18
-159
159
477
333
255
222
-117
-163
181
134
-171
-340
-666
-895
-558
-380
-858
-1238
-1340
-1536
-1347
-814
-849
-1236
-1391
-1573
-1480
-598
335
750
1058
1178
1036
1460
2540
3407
3968
4275
3795
2908
2655
2936
3099
3046
2551
1422
359
-186
-618
-937
-1080
-1558
-2304
-2832
-3134
-3312
-3400
-3346
-2996
-2523
-2199
-2011
-1897
-1630
-902
110
980
1561
1763
1465
1191
1691
2566
2935
2752
2215
1382
821
824
832
617
236
-586
-1546
-1856
-1801
-1993
-2150
-2181
-2398
-2479
-1930
-1381
-1019
-420
-18
160
496
1143
1650
1938
2372
2397
2098
1869
1727
1722
1570
1346
922
54
-649
-820
-1009
-1351
-1549
-1949
-2518
-2571
-2302
-2390
-2422
-2038
-1908
-1873
-1294
-831
-972
-799
-90
235
495
997
677
-144
-50
351
187
340
388
-554
-1252
-1132
-918
-664
42
646
581
716
1099
1086
1590
3006
4016
4219
4160
3575
2878
3140
3913
4056
3311
2166
896
-41
-115
-90
-661
-1571
-2500
-3265
-3588
-3261
-3109
-3502
-3542
-3198
-2911
-2524
-1943
-1566
-1263
-342
750
1392
1742
1718
1407
1585
2577
3423
3306
2537
1568
705
505
874
732
-106
-897
-1745
-2573
-2486
-2018
-2427
-2907
-2644
-2493
-2222
-1178
-524
-515
215
960
1071
2024
3135
2909
2598
3149
3183
2689
2815
2470
1395
1018
916
-25
-951
-1083
-1810
-2798
-2659
-2845
-3646
-3519
-3193
-3651
-3525
-2745
-2956
-2971
-1798
-1228
-1269
-609
-127
-447
46
896
583
515
1073
620
-65
327
405
-302
-177
292
-196
-237
833
1293
1517
2546
2662
1834
2568
4268
4854
4971
4854
3583
2722
3652
4379
3677
2673
1307
-604
-1336
-770
-969
-2045
-2945
-3957
-4784
-4418
-3711
-3940
-4321
-4032
-3709
-3181
-1893
-1011
-1070
-745
332
1466
2506
3214
2987
2298
2544
3536
3862
3605
3088
1746
444
420
775
414
-414
-1586
-2931
-3371
-2823
-2661
-2899
-2605
-2282
-2266
-1699
-774
-384
93
1440
2663
2900
2709
2313
2003
2872
4209
4018
2648
1504
527
-139
97
327
-451
-1616
-2569
-3425
-3821
-3588
-3543
-3932
-4023
-3890
-4066
-4137
-3697
-3134
-2614
-1851
-1080
-882
-1038
-957
-683
-48
1086
1586
921
313
377
543
953
1674
1802
1401
1602
2366
2861
3529
4088
3717
3400
4179
5230
5231
4899
4239
3025
2672
3162
3190
2135
969
-225
-1548
-2068
-2089
-2494
-3365
-3768
-4290
-5039
-4816
-4416
-4436
-4051
-2936
-2335
-2339
-1667
-715
-47
905
2157
2735
2813
3105
3010
2696
3314
4128
3617
2678
2163
1011
-137
-92
-10
-865
-1624
-2280
-3605
-4127
-3614
-3366
-3132
-2329
-1912
-2603
-2266
-807
114
1424
2784
2697
1891
2087
2712
2888
3823
4252
2794
1553
1269
625
-172
95
-37
-1565
-2431
-2783
-3630
-4007
-3734
-3864
-4239
-3815
-3731
-4491
-4211
-3430
-3163
-2382
-1334
-1082
-1426
-1319
-937
-546
701
1558
1022
637
902
1085
1357
2271
2764
2374
2669
3616
4329
4903
5235
4704
4027
4806
5913
6192
5763
4328
2633
1965
2645
2836
1691
325
-1099
-2516
-3333
-3291
-3433
-3969
-4240
-4835
-5417
-5091
-4596
-4622
-4156
-2749
-1774
-1657
-1258
-538
-21
1013
2442
3163
3354
3348
2841
2515
3321
4234
3774
2646
1789
767
-153
-325
-479
-1140
-1942
-2793
-3401
-3290
-2715
-2565
-2684
-2339
-2039
-1610
-504
516
981
1107
1473
2012
2507
2944
2547
2135
2350
2276
1801
1116
544
-226
-920
-1035
-1368
-1945
-2553
-3348
-4138
-4230
-3822
-3961
-4393
-4411
-4098
-3740
-3237
-2660
-2324
-2135
-1727
-1017
-353
-26
119
375
811
1488
1971
1975
1914
2117
2648
3010
3390
4043
4517
4918
5189
5283
5084
4855
5347
5962
6045
5349
3985
2695
2000
1954
1515
622
-219
-1554
-3153
-4296
-4500
-4439
-4608
-4811
-5424
-5796
-5480
-4995
-4641
-3990
-2550
-1606
-1470
-739
147
609
1352
2528
3509
3912
4047
3522
2776
3243
3968
3731
2845
1781
632
-465
-921
-1130
-1591
-2233
-3175
-3697
-3316
-2722
-2758
-3072
-2809
-2201
-1078
240
635
530
620
1220
2429
3598
3628
2555
2211
2617
2517
2220
1776
921
-19
-550
-911
-1502
-1920
-2687
-3863
-4254
-3940
-3969
-4853
-5568
-5316
-4683
-4009
-3544
-3225
-3069
-3070
-2515
-1465
-332
366
313
152
545
1792
2940
3089
2916
2983
3277
3566
4205
5306
6018
6153
5770
5320
5234
5372
5997
6410
5905
4670
2903
1506
1164
1521
1214
-104
-1309
-2655
-4222
-4873
-4573
-4382
-4601
-4946
-5524
-5746
-5098
-4518
-4365
-3436
-1809
-1077
-943
-296
345
894
2097
3361
3921
3996
3374
2188
2098
3514
4306
3441
1985
447
-884
-1209
-921
-990
-1420
-2265
-3443
-3754
-2845
-2234
-2583
-2715
-2034
-1082
-325
-121
-304
219
1673
2742
2819
2557
2168
1783
2209
3160
3206
2082
583
-576
-725
-61
3
-1278
-2923
-3799
-4049
-4094
-3895
-3936
-4735
-5493
-5226
-4231
-3398
-3182
-3440
-3478
-2589
-1172
-412
-498
-546
-153
535
1523
2523
2829
2429
2240
2834
3854
4643
4955
5164
5733
6370
6335
5748
5544
6019
6546
6612
6030
4594
2668
1386
1311
1595
1106
-391
-2361
-4026
-4763
-4645
-4441
-4786
-5662
-6506
-6564
-5757
-4994
-4837
-4641
-3846
-2722
-1538
-471
94
298
850
1997
3357
4328
4246
3213
2530
3097
4082
4206
3251
1762
336
-568
-756
-558
-683
-1441
-2426
-2988
-2809
-2440
-2528
-2535
-1912
-1193
-833
-811
-861
-168
1311
2237
2149
1858
1644
1531
1987
2879
3195
2364
920
-238
-436
282
573
-715
-2605
-3614
-3895
-4049
-4009
-3998
-4631
-5610
-5775
-4810
-3784
-3635
-3992
-3869
-2913
-1605
-775
-841
-1150
-716
431
1673
2733
3186
2558
1734
2295
4098
5469
5623
5267
5237
5760
6509
6862
6621
6325
6366
6471
6305
5592
4087
2411
1810
2131
1806
264
-1609
-3144
-4163
-4419
-4204
-4445
-5491
-6597
-6918
-6268
-5173
-4597
-4805
-4874
-4112
-2972
-1820
-599
219
387
731
1910
3071
3582
3610
3192
3039
3534
3994
3415
2074
1138
574
219
0
-312
-927
-1865
-2413
-2298
-2089
-2137
-2247
-2144
-1794
-1518
-1232
-931
-616
279
1265
1540
1257
1242
1402
1555
2468
3181
2644
1447
532
168
231
925
758
-1055
-2689
-3275
-3383
-3648
-3770
-3924
-4797
-5454
-5298
-4666
-4143
-4101
-3875
-3377
-2624
-1787
-1475
-1471
-1238
-131
1135
1679
2169
2489
2321
2318
3338
4698
5108
5173
5347
5729
6483
7049
7035
6541
6457
6694
6766
6607
5394
3625
2303
2008
2225
1487
-9
-1919
-3451
-3945
-4255
-4524
-4894
-5683
-6592
-6803
-5892
-5167
-5199
-5174
-4797
-3824
-2540
-1488
-656
-160
266
1012
2119
3451
3997
3554
2986
2804
3369
3885
3532
2371
1306
726
-59
-366
-466
-797
-1388
-2136
-2113
-2295
-2451
-2305
-2145
-1373
-1024
-945
-1033
-1049
-12
1063
1608
1382
1122
1210
1096
1969
2902
2637
1572
435
388
669
854
430
-1238
-2478
-2861
-3016
-3361
-4038
-4325
-4843
-5568
-5384
-4740
-4292
-4533
-4439
-3403
-2650
-1950
-1476
-1340
-1099
-496
688
1543
2213
2604
2245
2183
3097
4383
5077
5177
5244
5700
6456
7099
7281
6912
6376
6298
6907
7392
6618
4476
2744
2192
2390
2451
1102
-946
-2781
-3676
-4257
-4670
-4456
-5080
-6194
-6947
-6653
-5808
-5439
-5276
-5346
-4452
-2869
-1898
-1361
-659
250
736
1442
2738
3727
3786
3110
2548
2893
3839
4110
3200
1746
667
132
-186
-191
-121
-685
-1827
-2597
-2524
-2180
-2112
-2035
-1788
-1793
-1889
-1549
-983
-416
325
879
815
660
1010
1500
1796
2274
2554
1745
667
620
1061
1088
695
-223
-1552
-2428
-2585
-2738
-3231
-3832
-4509
-5161
-5444
-5248
-4729
-4257
-4131
-3986
-3445
-2932
-2631
-1989
-1157
-813
-447
514
1245
1419
1779
2415
3076
3915
4576
4499
4232
4852
6142
7032
7453
7611
6974
5887
5821
6981
7824
7180
5320
3288
2203
2289
2318
1313
-98
-1363
-2985
-4736
-5409
-5008
-4881
-5566
-6375
-6730
-6715
-6624
-6397
-5491
-3855
-2599
-2553
-2718
-1870
-558
291
1196
2723
3835
3526
2444
2027
2852
4223
4796
3895
2347
1052
171
-291
200
1167
837
-981
-2726
-2991
-2633
-2325
-1609
-1119
-1362
-2330
-2677
-1955
-950
261
752
634
554
577
698
785
1660
2626
2241
1259
752
785
630
341
259
-411
-1316
-1851
-2433
-3214
-3827
-3854
-4110
-4673
-4689
-4518
-4569
-4845
-4557
-3610
-3015
-2660
-2267
-1931
-1704
-1106
69
730
1043
1794
2285
2570
3418
4329
4348
4144
5203
6583
7443
7947
7379
6320
5916
6816
8150
8527
7657
5238
2857
2320
2977
3109
1962
295
-1617
-3579
-4751
-4930
-4760
-4726
-5239
-6422
-7274
-7054
-6530
-6306
-5626
-4287
-3132
-2861
-3056
-2712
-1459
245
1552
2654
3250
2641
1754
1851
3327
4860
5199
4042
2027
870
712
993
1442
1467
579
-1212
-2310
-2065
-1726
-1807
-2023
-1860
-1685
-1923
-2195
-2344
-1751
-683
59
460
504
412
75
272
1384
2225
2434
1758
825
329
337
798
590
3
-470
-1251
-2165
-2947
-3107
-3196
-3675
-3974
-4267
-4471
-4626
-4936
-4837
-4089
-3048
-2720
-3009
-2810
-2158
-1344
-842
-408
549
1344
1792
2464
3577
4042
3467
3586
4712
6120
7318
7633
7148
6464
6236
6238
6712
8245
8921
7196
4215
2273
2315
3011
3298
2425
334
-2041
-4162
-5159
-4718
-3523
-3186
-4830
-6988
-8090
-7645
-6221
-4866
-3940
-3679
-4023
-4713
-4405
-2255
-18
845
836
1100
1491
1494
1753
2539
3706
4623
4341
3060
1758
1351
1494
1613
2005
1980
595
-1598
-2653
-1723
-508
-310
-1097
-2168
-2756
-2643
-1800
-946
-581
-581
-720
-352
311
515
233
197
1049
1956
2035
1317
164
-299
218
934
1172
501
-634
-1914
-2749
-2613
-2204
-2136
-3022
-4318
-4848
-4632
-4071
-3896
-4010
-3983
-3764
-3170
-2792
-2545
-2013
-1385
-832
-447
265
898
1168
1999
3341
4066
3649
3394
3945
4814
6197
7513
7700
6788
5922
5751
6181
7568
8830
8069
5364
2570
1726
2785
4047
3845
1582
-1505
-3846
-4385
-3486
-2680
-2741
-4150
-6486
-7987
-7376
-5504
-4496
-4494
-4609
-4727
-4673
-4163
-2887
-1346
-314
221
456
839
1288
1369
1684
2735
4079
4419
3417
2245
1393
1553
2447
2752
2359
1234
-338
-1705
-1386
374
590
-356
-1267
-2328
-2639
-1884
-544
-142
-494
-694
-1298
-1325
-534
183
341
691
1244
402
-380
-207
-63
197
603
710
-313
-1414
-1717
-1842
-1469
-1418
-2091
-2842
-3559
-3997
-3957
-3220
-2957
-3425
-3498
-3616
-3534
-2584
-1775
-1831
-1675
-805
-418
-546
73
994
1268
2056
3497
3683
2881
2649
3023
3974
5853
7195
6612
5485
5086
5073
5309
6819
8553
7719
4964
2485
1772
2882
4371
4612
2136
-1136
-2896
-3420
-2900
-2112
-1896
-3331
-5792
-7071
-6863
-5412
-4295
-4287
-4781
-5168
-4830
-4557
-3619
-2044
-994
-669
-547
301
788
793
1176
2142
3447
4052
3551
2342
1540
1878
2762
3236
3053
1962
251
-1038
-752
952
1493
484
-774
-1801
-2339
-2049
-489
398
-284
-1258
-2037
-1758
-649
67
-160
-508
0
-13
-737
-845
-552
-159
66
43
-420
-1374
-1725
-1561
-1350
-1142
-1424
-2281
-3530
-3931
-3034
-2385
-2580
-3069
-3167
-2995
-2857
-2283
-1647
-1356
-1116
-835
-532
-278
142
535
753
1696
3217
3633
2590
1839
2400
3639
5024
6143
6283
5504
4613
4136
4626
6313
7856
7604
5619
3244
1889
2437
4264
5135
3606
576
-2094
-3281
-2784
-1453
-935
-2140
-4474
-6487
-7227
-6292
-4452
-3509
-3975
-5133
-5873
-5735
-4536
-2568
-1259
-958
-1171
-1060
-334
349
1102
1919
2692
3140
3061
2828
2289
2144
2858
3533
3518
2693
1526
300
-120
811
1688
1483
352
-1055
-2268
-2405
-868
553
324
-990
-2202
-2643
-2047
-533
292
-259
-923
-1244
-1568
-1689
-982
-197
-315
-636
-992
-1803
-2203
-1581
-1030
-1259
-1617
-1957
-2739
-3471
-3171
-2147
-1621
-2019
-2664
-2944
-2848
-2291
-1257
-480
-486
-710
-768
-699
-43
1012
1382
1264
1741
2540
2631
2194
2225
2807
3327
3776
4325
4672
4643
4453
4386
4695
5395
6072
6234
5596
4173
2796
2824
4236
4994
3526
782
-1176
-1546
-1005
-493
-692
-2022
-4248
-6173
-6416
-4891
-3252
-3317
-5011
-6515
-6519
-5347
-3880
-2631
-2013
-2196
-2570
-2226
-940
630
1512
1472
1464
2265
3130
3073
2620
2814
3501
3857
3602
2930
2075
1312
1041
1506
2189
1987
490
-1305
-1956
-1191
-104
176
-561
-1641
-2258
-2239
-1704
-1002
-778
-1093
-1517
-1662
-1583
-1687
-1688
-1105
-576
-639
-1116
-1953
-2367
-1764
-816
-602
-1206
-1694
-2302
-2986
-2751
-1721
-1016
-1420
-2187
-2541
-2265
-1407
-680
-506
-683
-805
-551
59
548
639
518
587
989
1732
2474
2265
1599
1587
2157
2665
2982
3622
3944
3799
4076
4460
4548
4534
4993
5661
5575
4741
3482
3040
4040
4740
3565
1325
48
-276
-528
-492
-523
-1805
-3938
-5174
-5030
-4105
-3540
-4177
-5757
-6556
-5482
-4371
-4060
-3650
-3227
-3160
-2849
-1375
98
404
334
326
1025
2738
3930
3451
2370
2440
3163
3481
3881
3865
2538
926
459
1443
2384
1775
213
-1147
-1328
-799
-511
-299
-657
-1489
-2234
-2355
-1544
-1024
-1377
-2023
-1941
-1137
-1158
-1897
-2121
-1558
-897
-922
-1264
-1570
-1871
-1851
-1385
-758
-639
-1352
-2297
-2621
-2059
-1242
-1031
-1421
-1750
-1800
-1592
-1019
-438
-442
-755
-662
-214
349
846
609
-165
22
1310
2023
1680
1407
1467
1349
1423
1945
2227
2287
2788
3405
3747
4147
4227
3505
3215
4429
5802
5663
4373
3195
2807
3274
3848
3370
1846
450
-308
-680
-670
-694
-1698
-3412
-4429
-4256
-3626
-3445
-4133
-5054
-5143
-4499
-3980
-3659
-3186
-2748
-2491
-1965
-1003
-203
63
131
500
1424
2525
2913
2461
2061
2172
2557
3053
3284
2656
1369
527
805
1567
1781
1083
-59
-712
-617
-484
-540
-511
-731
-1248
-1287
-933
-1243
-2035
-2026
-1220
-637
-661
-1390
-2486
-2694
-1673
-688
-484
-865
-1818
-2740
-2296
-749
17
-603
-1526
-2069
-2186
-1695
-881
-542
-776
-1189
-1684
-1775
-995
-259
-355
-476
-262
-341
-366
102
294
144
512
979
872
828
1012
927
1125
1959
2427
2057
1885
2649
3691
4270
4234
3654
3399
4227
5289
5515
4774
3586
3102
3823
4478
3637
1794
533
198
308
630
226
-1551
-3456
-4115
-3517
-2511
-2285
-3628
-5546
-5839
-4454
-3325
-2858
-2690
-3132
-3566
-3010
-1654
-339
234
54
-166
406
1615
2209
2008
2003
2248
2368
2480
2465
2072
1384
894
1120
1668
1672
784
-309
-602
-206
122
137
-26
-691
-1550
-1729
-1161
-414
-574
-1506
-2098
-1706
-982
-1138
-1558
-1793
-1836
-1459
-1103
-975
-1318
-1620
-1505
-1092
-330
-316
-1042
-1583
-1559
-1114
-923
-770
-855
-1201
-1316
-1193
-912
-800
-854
-1140
-1059
-530
-260
-62
-133
-447
-549
25
799
827
797
762
475
701
1562
2059
1765
2100
2883
3192
3492
3595
3318
3339
4549
5551
5058
4097
3239
2940
3606
4452
3707
1882
813
385
327
409
167
-955
-2343
-2875
-2952
-2570
-2360
-3248
-4143
-4082
-3463
-3312
-3504
-3226
-2873
-2707
-2454
-1849
-1015
-590
-697
-658
215
1265
1443
1042
1095
1646
1813
1956
2257
2020
1498
1108
1186
1473
1419
826
92
344
843
295
-437
-456
-423
-562
-197
-61
-909
-1723
-1777
-1359
-520
-95
-1257
-2588
-2263
-1442
-1095
-403
-411
-1885
-2637
-1639
-554
-166
135
-536
-1812
-1633
-760
-551
-558
-444
-867
-1459
-1157
-875
-999
-811
-676
-505
-213
-455
-960
-703
36
-5
41
668
174
-485
282
1123
1129
1107
1278
974
1010
2159
3096
3339
3332
2938
2537
2993
4182
4976
4832
3793
2637
2572
3612
4267
3315
2042
1404
869
750
925
510
-721
-1513
-1428
-1810
-2380
-2267
-2374
-2998
-3086
-2934
-3383
-3523
-2789
-2397
-2498
-2171
-2043
-2385
-1909
-744
-408
-448
88
344
157
170
552
1092
1706
1902
1061
606
1001
1075
1171
1436
1317
708
294
314
270
555
667
148
-64
63
-351
-1080
-617
120
-416
-1141
-1353
-1292
-1347
-1353
-1139
-988
-765
-1381
-2286
-1737
-622
-435
-1014
-903
-637
-1376
-1700
-876
-107
-360
-994
-1250
-1201
-937
-780
-812
-848
-844
-856
-762
-554
-490
-499
-326
-130
-139
-175
-88
59
208
591
834
629
591
750
1129
1743
2437
2888
2743
2562
2498
2725
3622
4601
4804
4016
3029
2712
3219
3934
3926
3041
2109
1490
831
513
898
851
-363
-1415
-1647
-1768
-1967
-2026
-2265
-2902
-3130
-3097
-3198
-2918
-2531
-2626
-3088
-2729
-1717
-1496
-1560
-1408
-1215
-653
31
241
7
137
497
453
820
1456
1356
860
663
1044
1295
1054
902
854
1011
1059
690
664
887
594
-9
137
773
434
-379
-774
-899
-542
-303
-814
-1456
-1474
-1153
-1281
-1200
-990
-1632
-1979
-1238
-576
-826
-1318
-1461
-1580
-1210
-360
-473
-1260
-1283
-1086
-1153
-696
-220
-702
-1266
-918
-480
-447
-414
-583
-715
-424
-80
-63
-176
-65
-129
13
651
708
365
560
1001
1092
1464
2235
2472
2348
2477
2936
3242
3452
3812
3942
3669
3181
3018
3397
3929
3570
2298
1544
1641
1719
1305
965
465
-608
-1215
-1059
-1019
-1510
-1922
-2240
-2790
-2715
-2403
-2823
-3111
-2636
-2347
-2655
-2533
-2191
-2205
-1820
-1240
-1094
-938
-579
-545
-591
-133
374
521
558
524
403
595
914
854
805
1051
912
500
746
1031
792
828
1159
951
438
587
876
633
382
250
111
86
-42
-536
-958
-839
-582
-715
-980
-1169
-1539
-1660
-1110
-760
-1175
-1521
-1409
-1303
-1212
-1018
-1010
-1165
-1065
-883
-967
-1065
-883
-673
-701
-647
-615
-792
-808
-590
-369
-350
-306
-270
-480
-466
-261
-155
35
228
217
48
94
375
617
969
1423
1829
2089
2165
2098
2092
2853
3986
4212
3513
2743
2624
3174
3996
4165
3189
1996
1414
1644
2113
2011
1020
-191
-746
-897
-812
-627
-935
-2035
-2969
-2773
-2280
-2192
-2308
-2479
-2735
-2906
-2749
-2398
-1879
-1442
-1475
-1666
-1520
-1156
-870
-557
-81
272
87
-318
-272
249
853
1058
866
628
384
260
502
1189
1620
1185
611
460
557
802
1243
1579
1158
307
-107
248
873
819
94
-539
-533
-404
-596
-720
-1005
-1419
-1459
-1106
-1032
-1522
-1943
-1911
-1413
-1002
-1038
-1363
-1656
-1441
-980
-570
-391
-629
-889
-846
-450
-97
-132
-221
-302
-528
-576
-199
207
42
-412
-558
-464
-301
21
314
26
-561
-680
-212
387
703
954
1038
932
1018
1509
2308
2896
3218
3226
2880
2521
2655
3485
4225
4166
3117
1908
1617
2162
2772
2550
1575
401
-568
-771
-282
196
-210
-1568
-2600
-2567
-2036
-1753
-1797
-1875
-2301
-2941
-2908
-2095
-1326
-1376
-1848
-2019
-1804
-1332
-983
-757
-516
-500
-751
-806
-185
348
148
21
316
412
64
70
713
1055
828
627
825
1096
1061
1064
1331
1580
1470
1086
850
850
943
1086
1094
582
-228
-566
-181
293
-2
-981
-1831
-1661
-882
-847
-1378
-1758
-1848
-1852
-1615
-949
-813
-1267
-1541
-1250
-611
-470
-596
-510
-358
-327
-656
-675
-179
29
-72
-431
-766
-769
-560
-214
-334
-668
-889
-1083
-769
-268
-155
-631
-838
-351
-82
166
639
1000
1032
1063
1455
1783
2330
3082
3290
2900
2461
2712
3368
3886
3804
2748
1859
1939
2439
2632
2200
1238
101
-292
256
677
267
-686
-1556
-1798
-1373
-1027
-1234
-1637
-1891
-2052
-2124
-1936
-1591
-1525
-1784
-1854
-1621
-1482
-1524
-1494
-1259
-1005
-990
-1098
-968
-620
-506
-644
-448
68
210
-53
-103
304
694
695
687
923
1043
975
1026
1241
1442
1405
1081
868
1085
1381
1235
687
238
191
302
306
134
-359
-989
-1083
-582
-429
-835
-1212
-1364
-1268
-920
-616
-897
-1344
-1160
-660
-413
-591
-835
-819
-584
-208
-106
-427
-672
-561
-374
-353
-410
-529
-739
-801
-619
-574
-737
-795
-787
-796
-769
-667
-627
-686
-490
-234
-236
-286
-118
487
1054
1154
1161
1204
1351
1833
2543
2856
2502
2211
2353
2690
2980
2865
2426
2141
2184
2236
1924
1442
1231
1273
1150
652
120
11
72
-131
-388
-587
-858
-1177
-1198
-925
-1102
-1611
-1836
-1742
-1515
-1472
-1664
-1908
-1968
-1801
-1632
-1544
-1506
-1492
-1527
-1455
-1145
-829
-733
-767
-540
-220
-160
-137
-11
320
671
797
849
856
887
1091
1498
1719
1402
956
987
1449
1662
1226
618
534
857
903
501
186
144
-30
-257
-325
-446
-777
-991
-832
-837
-1136
-1350
-1390
-1040
-709
-965
-1403
-1360
-783
-439
-618
-850
-896
-642
-276
-180
-223
-245
-327
-283
-69
75
-52
-241
-131
-37
-175
-326
-230
-33
-164
-386
-390
-281
-295
-420
-396
-316
-314
-378
-399
-143
208
285
248
371
534
800
1285
1659
1608
1392
1569
2070
2393
2314
2103
2222
2404
2356
2235
2101
1975
1835
1793
1675
1356
1075
796
640
551
261
-125
-465
-551
-593
-940
-1405
-1638
-1531
-1505
-1785
-2099
-2222
-2161
-2127
-2153
-2137
-2067
-2026
-2055
-2020
-1812
-1554
-1392
-1191
-896
-777
-815
-558
21
374
379
479
809
1087
1202
1288
1468
1726
1879
1783
1617
1652
1823
1825
1577
1301
1136
993
828
691
502
127
-276
-423
-435
-612
-924
-1171
-1281
-1337
-1447
-1525
-1478
-1413
-1406
-1423
-1413
-1317
-1115
-853
-647
-596
-615
-530
-308
-58
122
201
199
188
229
312
431
579
621
480
330
322
372
408
425
346
123
-77
-59
88
126
2
-165
-272
-273
-269
-285
-190
-90
-216
-425
-398
-190
-12
101
147
110
110
284
525
725
796
781
811
913
1093
1163
1220
1343
1317
1239
1177
1196
1231
1202
1182
1011
760
569
453
454
423
310
38
-277
-430
-485
-400
-388
-602
-858
-1022
-955
-793
-731
-818
-997
-1018
-843
-683
-696
-762
-660
-537
-511
-470
-429
-365
-242
-136
-77
-113
-161
-78
59
203
192
89
85
110
138
95
131
266
218
72
16
54
111
172
166
11
-144
-97
-3
-54
-95
-161
-293
-338
-260
-209
-326
-445
-456
-405
-373
-425
-500
-520
-470
-394
-312
-267
-330
-435
-390
-200
-40
-49
-208
-235
-88
56
81
39
55
75
136
236
286
273
209
213
309
396
403
332
324
408
436
416
436
439
436
457
454
430
394
386
374
340
346
277
171
173
199
157
4
-68
-10
-37
-86
-122
-166
-190
-206
-191
-153
-101
-152
-211
-126
22
74
13
58
140
189
281
378
471
466
438
502
559
560
593
639
621
570
474
375
362
414
421
287
114
12
-33
-20
3
-69
-232
-406
-454
-413
-404
-439
-577
-709
-754
-766
-727
-689
-699
-766
-829
-834
-767
-656
-592
-573
-567
-558
-511
-417
-310
-237
-202
-201
-177
-82
-13
-25
-28
71
186
202
135
63
68
157
286
326
231
102
-12
67
260
293
206
53
-27
22
115
181
94
22
23
23
98
150
137
121
173
222
196
228
273
269
280
294
261
243
303
316
282
261
223
186
173
193
175
122
82
32
46
61
-6
-65
-58
-48
-72
-73
-87
-146
-147
-96
-81
-81
-69
-80
-91
-70
-22
38
57
11
-30
-6
72
136
131
107
90
58
80
183
220
155
119
110
89
85
127
152
123
63
-38
-33
52
71
19
-59
-110
-175
-139
-85
-174
-237
-242
-238
-246
-226
-224
-328
-318
-219
-214
-260
-327
-329
-245
-131
-132
-232
-236
-180
-96
-17
14
-12
-58
-32
24
87
128
86
46
95
142
123
115
142
143
125
147
141
86
100
109
61
44
36
29
50
54
17
-18
-26
2
31
-12
-34
-52
-81
-46
-19
-30
-97
-124
-57
-18
-46
-82
-64
-21
-18
-32
-16
3
7
12
41
83
69
39
51
117
140
82
61
82
101
92
95
99
77
60
24
17
80
118
55
-27
-33
-32
-33
20
69
32
-40
-63
-43
7
52
54
19
-12
-28
-29
7
66
80
45
5
-2
7
50
79
57
7
-43
-48
-51
-6
10
-20
-65
-102
-103
-85
-34
-19
-72
-154
-172
-151
-114
-99
-94
-111
-157
-151
-108
-48
-16
-7
-11
-37
-42
-23
29
101
112
71
21
25
88
131
175
189
99
37
75
122
138
124
82
10
-18
34
43
-8
-7
-20
-63
-78
-80
-92
-104
-71
-91
-132
-151
-147
-112
-72
-57
-66
-90
-106
-51
13
19
-8
-7
19
56
76
81
76
59
74
146
183
134
73
80
136
154
113
78
68
55
58
71
41
-9
-21
-2
12
-2
-55
-91
-72
-43
-45
-65
-91
-112
-114
-74
-48
-59
-55
-86
-106
-66
-41
-27
-51
-71
-62
-67
-42
-17
0
4
-23
-20
0
31
47
28
37
42
22
35
61
65
58
54
73
92
71
53
60
66
79
89
81
69
64
54
57
86
97
77
47
17
0
6
22
33
15
-34
-69
-66
-43
-23
-40
-79
-102
-115
-123
-105
-91
-114
-143
-140
-122
-133
-138
-122
-110
-113
-115
-111
-102
-76
-41
-39
-51
-41
-26
2
50
77
71
52
61
98
130
157
157
124
125
152
162
173
177
157
134
135
155
156
136
120
100
87
87
61
51
62
55
30
-13
-28
-33
-23
-13
-52
-75
-101
-125
-116
-100
-113
-151
-159
-147
-150
-156
-143
-133
-144
-144
-140
-146
-141
-108
-77
-90
-125
-119
-84
-53
-27
-25
-39
-40
-25
12
48
60
60
61
65
73
87
117
132
121
121
129
127
134
143
143
146
147
126
98
92
102
99
86
53
18
8
4
-4
-10
-33
-68
-86
-83
-75
-74
-91
-107
-117
-124
-121
-111
-99
-93
-106
-109
-91
-82
-71
-45
-39
-52
-48
-31
0
20
24
27
33
55
73
89
96
93
100
112
128
119
107
120
125
126
121
104
94
88
86
96
98
72
43
27
28
36
27
10
2
-17
-48
-58
-52
-50
-50
-66
-102
-116
-108
-107
-109
-104
-106
-123
-128
-119
-117
-116
-96
-83
-82
-86
-104
-111
-80
-44
-31
-39
-55
-58
-30
14
46
48
32
37
53
75
93
89
93
92
95
105
104
105
99
105
117
106
90
66
70
86
82
60
39
36
23
15
6
-7
-16
-30
-31
-40
-52
-73
-84
-67
-60
-68
-95
-102
-83
-81
-83
-93
-101
-93
-84
-78
-76
-81
-81
-61
-46
-40
-29
-24
-13
4
20
29
31
45
61
78
80
71
76
90
101
105
102
84
79
94
95
87
79
70
61
59
64
62
54
40
30
35
32
15
1
5
0
-11
-18
-36
-41
-38
-35
-41
-52
-64
-72
-66
-54
-58
-75
-77
-76
-80
-69
-62
-74
-80
-62
-51
-49
-45
-49
-41
-28
-23
-11
-10
-7
4
5
15
30
39
40
44
49
49
54
60
57
52
48
51
52
47
40
41
39
32
27
22
17
7
-1
-2
-2
-12
-23
-26
-30
-35
-41
-38
-41
-51
-45
-39
-46
-48
-41
-37
-36
-28
-21
-20
-23
-17
-3
3
6
9
16
19
25
31
34
38
34
40
52
46
41
44
45
42
42
46
39
27
25
21
10
8
8
6
-4
-14
-16
-21
-20
-9
-12
-29
-34
-30
-27
-17
-7
-16
-23
-19
-20
-13
-10
-4
-7
-12
-6
-12
-10
-1
4
4
-3
-3
-3
3
16
24
22
11
10
13
29
35
23
25
24
23
27
28
27
23
31
26
19
17
9
15
20
18
8
-5
-7
-4
-5
-11
-20
-25
-28
-33
-37
-41
-49
-49
-43
-49
-63
-66
-59
-63
-54
-52
-59
-50
-45
-46
-40
-22
-21
-24
-11
6
5
2
12
24
37
35
44
43
41
55
62
62
64
65
60
62
61
61
63
55
52
49
47
37
31
31
27
15
9
12
3
-9
-8
-9
-20
-21
-23
-29
-36
-40
-29
-28
-36
-38
-40
-42
-36
-25
-31
-33
-32
-28
-26
-27
-24
-20
-16
-11
-9
-13
-11
-4
-1
3
12
13
1
12
25
27
29
30
32
33
33
35
43
41
40
39
37
35
34
32
33
31
28
29
22
13
13
16
17
12
-1
-7
-8
-14
-14
-17
-31
-35
-36
-35
-41
-50
-50
-50
-54
-53
-53
-58
-53
-53
-54
0
0
0
0
0
0
0
0
0
0
0
0
0
0
0
0
0
0
0
0
0
0
0
0
0
0
0
0
0
0
0
0
0
0
0
0
0
0
0
0
0
0
0
0
0
0
0
0
0
0
0
0
0
0
0
0
0
0
0
0
0
0
0
0
0
0
0
0
0
0
0
0
0
0
0
0
0
0
0
0
0
0
0
0
0
0
0
0
0
0
0
0
0
0
0
0
0
0
0
0
0
0
0
0
0
0
0
0
0
0
0
0
0
0
0
0
0
0
0
0
0
0
0
0
0
0
0
0
0
0
0
0
0
0
0
0
0
0
0
0
0
0
0
0
0
0
0
0
0
0
0
0
0
0
0
0
0
0
0
0
0
0
0
0
0
0
0
0
0
0
0
0
0
0
0
0
0
0
0
0
0
0
0
0
0
0
0
0
0
0
0
0
0
0
0
0
0
0
0
0
0
0
0
0
0
0
0
0
0
0
0
0
0
0
0
0
0
0
0
0
0
0
0
0
0
0
0
0
0
0
0
0
0
0
0
0
0
0
0
0
0
0
0
0
0
0
0
0
0
0
0
0
0
0
0
0
0
0
0
0
0
0
0
0
0
0
0
0
0
0
0
0
0
0
0
0
0
0
0
0
0
0
0
0
0
0
0
0
0
0
0
0
0
0
0
0
0
0
0
0
0
0
0
0
0
0
0
0
0
0
0
0
0
0
0
0
0
0
0
0
0
0
0
0
0
0
0
0
0
0
0
0
0
0
0
0
0
0
0
0
0
0
0
0
0
0
0
0
0
0
0
0
0
0
0
0
0
0
0
0
0
0
0
0
0
0
0
0
0
0
0
0
0
0
0
0
0
0
0
0
0
0
0
0
0
0
0
0
0
0
0
0
0
0
0
0
0
0
0
0
