0
0
0
0
0
0
0
0
0
0
0
0
0
0
0
0
0
0
0
0
0
0
0
0
0
0
0
0
0
0
0
0
0
0
0
0
0
0
0
0
0
0
0
0
0
0
0
0
0
0
0
0
0
0
0
0
0
0
0
0
0
0
0
0
0
0
0
0
0
0
0
0
0
0
0
0
0
0
0
0
0
0
0
0
0
0
0
0
0
0
0
0
0
0
0
0
0
0
0
0
0
0
0
0
0
0
0
0
0
0
0
0
0
0
0
0
0
0
0
0
0
0
0
0
0
0
0
0
0
0
0
0
0
0
0
0
0
0
0
0
0
0
0
0
0
0
0
0
0
0
0
0
0
0
0
0
0
0
0
0
0
0
0
0
0
0
0
0
0
0
0
0
0
0
0
0
0
0
0
0
0
0
0
0
0
0
0
0
0
0
0
0
0
0
0
0
0
0
0
0
0
0
0
0
0
0
0
0
0
0
0
0
0
0
0
0
0
0
0
0
0
0
0
0
0
0
0
0
0
0
0
0
0
0
0
0
0
0
0
0
0
0
0
0
0
0
0
0
0
0
0
0
0
0
0
0
0
0
0
0
0
0
0
0
0
0
0
0
0
0
0
0
0
0
0
0
0
0
0
0
0
0
0
0
0
0
0
0
0
0
0
0
0
0
0
0
0
0
0
0
0
0
0
0
0
0
0
0
0
0
0
0
0
0
0
0
0
0
0
0
0
0
0
0
0
0
0
0
0
0
0
0
0
0
0
0
0
0
0
0
0
0
0
0
0
0
0
0
0
0
0
0
0
0
0
0
0
0
0
0
0
0
0
0
0
0
0
0
0
0
0
0
0
0
0
0
0
0
0
0
0
0
0
0
0
0
0
0
0
0
0
0
0
0
0
0
-4
-5
0
0
6
9
-1
8
21
17
18
16
11
11
6
8
-2
-9
-19
-19
-14
-21
-4
1
-3
6
16
19
13
20
29
34
32
31
30
17
12
9
11
9
3
10
-1
-2
3
-16
-14
-12
-17
-12
-9
-11
-8
-19
-14
-5
-18
-8
-4
-8
-6
-8
-6
-7
-13
-3
-7
-9
-7
-8
-16
-16
-12
-22
-12
-11
-13
-6
-3
-5
2
3
1
9
5
4
7
4
6
17
19
18
25
19
10
9
16
8
8
20
18
11
17
30
14
12
24
21
19
26
31
32
22
22
18
1
5
-12
-23
-15
-26
-31
-19
-14
-14
-5
4
7
4
2
9
6
0
5
2
-5
-6
-5
-15
-20
-31
-41
-37
-50
-52
-57
-79
-90
-101
-102
-92
-92
-77
-57
-62
-54
-41
-51
-38
-32
-28
-3
-6
-14
-4
0
6
16
11
22
41
39
45
54
59
68
73
76
89
103
91
94
110
110
125
140
130
122
111
100
87
66
66
55
29
29
26
30
46
32
30
40
34
38
48
54
53
57
56
52
54
46
65
62
20
8
-17
-48
-61
-96
-98
-97
-135
-140
-149
-186
-199
-207
-217
-214
-219
-226
-218
-230
-216
-206
-215
-200
-194
-182
-192
-178
-164
-165
-152
-149
-144
-143
-126
-126
-118
-97
-73
-58
-53
-45
-31
-19
-2
14
17
29
35
44
72
86
78
88
105
97
90
103
119
124
141
176
215
244
276
328
377
426
448
470
498
512
547
557
569
565
548
554
518
526
509
438
419
409
387
352
307
259
213
171
131
84
31
-9
-65
-123
-163
-227
-308
-362
-399
-446
-483
-521
-587
-610
-620
-645
-666
-663
-651
-653
-645
-644
-603
-587
-558
-537
-513
-483
-461
-418
-401
-353
-317
-246
-225
-220
-173
-185
-157
-120
-130
-113
-114
-129
-115
-105
-105
-111
-121
-128
-130
-134
-121
-127
-156
-146
-129
-138
-147
-157
-139
-105
-108
-96
-79
-54
-25
2
73
124
191
279
370
490
581
695
804
897
999
1094
1201
1273
1354
1458
1504
1540
1585
1579
1559
1534
1457
1376
1294
1192
1083
949
812
684
533
381
244
94
-70
-214
-331
-446
-578
-707
-820
-923
-1008
-1080
-1142
-1174
-1203
-1242
-1252
-1259
-1267
-1251
-1233
-1199
-1158
-1146
-1104
-1043
-977
-868
-784
-735
-642
-557
-501
-438
-391
-344
-284
-261
-251
-209
-182
-178
-164
-162
-175
-193
-220
-239
-256
-269
-273
-294
-361
-394
-400
-433
-438
-448
-438
-449
-465
-421
-408
-386
-345
-301
-249
-194
-92
-1
83
203
324
443
579
716
847
974
1099
1259
1427
1583
1762
1934
2073
2204
2320
2404
2483
2538
2553
2539
2444
2333
2219
2039
1838
1596
1346
1083
793
526
232
-57
-371
-669
-894
-1134
-1346
-1516
-1700
-1859
-1967
-2066
-2176
-2204
-2202
-2199
-2170
-2159
-2086
-2002
-1923
-1787
-1643
-1491
-1324
-1158
-1007
-844
-680
-532
-363
-194
-40
86
199
350
492
592
698
801
868
928
981
1032
1073
1079
1051
999
925
826
699
574
453
292
140
-15
-171
-287
-404
-530
-645
-700
-728
-775
-784
-775
-752
-721
-651
-586
-545
-433
-341
-284
-193
-120
-56
9
66
133
168
194
238
251
275
300
305
314
299
296
307
281
221
175
140
82
9
-80
-158
-228
-317
-415
-491
-542
-612
-647
-656
-668
-622
-571
-472
-320
-150
87
333
604
884
1140
1408
1715
2018
2240
2428
2574
2653
2675
2665
2611
2489
2356
2159
1934
1700
1443
1164
812
498
226
-69
-344
-614
-876
-1078
-1297
-1547
-1737
-1924
-2085
-2171
-2276
-2351
-2383
-2451
-2481
-2430
-2357
-2266
-2131
-1946
-1757
-1584
-1382
-1181
-977
-734
-499
-299
-86
134
307
450
607
752
863
998
1113
1214
1325
1352
1372
1369
1317
1284
1242
1172
1080
961
792
619
421
226
39
-135
-294
-431
-529
-621
-714
-776
-821
-840
-813
-813
-765
-708
-677
-595
-548
-494
-404
-376
-337
-221
-131
-82
1
69
128
204
243
292
342
399
420
392
410
371
296
222
154
81
-30
-102
-155
-222
-277
-335
-475
-568
-634
-690
-698
-731
-774
-794
-791
-803
-838
-802
-698
-572
-399
-192
77
310
536
772
1021
1284
1555
1840
2100
2336
2495
2577
2605
2614
2596
2520
2446
2356
2214
1992
1714
1438
1112
804
523
264
-6
-291
-517
-805
-1075
-1306
-1575
-1801
-1946
-2014
-2070
-2117
-2186
-2230
-2190
-2171
-2076
-1899
-1733
-1517
-1263
-1038
-842
-639
-390
-170
24
224
393
561
669
774
822
843
874
888
899
895
908
861
774
679
611
488
362
268
170
38
-149
-305
-465
-663
-821
-925
-1130
-1231
-1288
-1393
-1480
-1570
-1519
-1526
-1554
-1449
-1321
-1205
-1086
-912
-812
-716
-582
-394
-197
-103
110
267
310
354
383
467
498
556
670
693
587
503
460
339
214
148
133
105
80
87
75
7
-70
-88
-8
175
468
875
1242
1520
1640
1661
1725
1878
2255
2592
2765
2781
2741
2699
2387
2061
1845
1790
1802
1608
1376
1137
846
380
-56
-261
-442
-512
-582
-688
-814
-1123
-1461
-1798
-1981
-1928
-1850
-1745
-1736
-1832
-1954
-2111
-2228
-2210
-2040
-1831
-1610
-1418
-1335
-1386
-1476
-1423
-1232
-1047
-845
-560
-312
-219
-205
-78
30
95
314
631
991
1171
1230
1314
1322
1317
1245
1240
1330
1339
1308
1202
985
646
311
127
28
-93
-276
-368
-445
-589
-766
-923
-914
-929
-891
-783
-707
-592
-559
-492
-472
-440
-374
-333
-209
-176
-97
-4
-34
-21
54
79
59
80
118
201
233
246
340
393
351
265
203
122
80
74
57
70
-8
-135
-217
-382
-564
-623
-629
-614
-602
-659
-730
-820
-929
-967
-917
-769
-597
-427
-217
-37
173
460
784
1142
1497
1901
2253
2496
2748
2935
3084
3201
3307
3326
3107
2801
2495
2240
1943
1608
1294
944
573
146
-209
-507
-747
-1022
-1359
-1494
-1640
-1876
-2108
-2244
-2254
-2267
-2325
-2437
-2444
-2390
-2355
-2266
-2150
-2003
-1846
-1665
-1462
-1264
-1067
-862
-643
-405
-104
161
344
539
729
864
950
1060
1162
1291
1402
1412
1491
1487
1375
1288
1221
1158
1042
1015
894
638
432
199
-27
-224
-360
-490
-674
-850
-987
-1144
-1300
-1412
-1482
-1437
-1407
-1424
-1390
-1330
-1251
-1157
-1001
-850
-696
-535
-435
-297
-212
-173
-56
19
63
116
206
252
196
185
208
215
169
131
110
60
-4
-92
-199
-273
-258
-264
-307
-399
-472
-528
-557
-472
-271
34
265
468
714
965
1153
1382
1696
1968
2261
2502
2705
2823
2835
2833
2821
2736
2573
2470
2350
2236
2066
1762
1395
999
642
388
204
-18
-223
-420
-675
-924
-1200
-1425
-1599
-1731
-1774
-1802
-1843
-1985
-2085
-2159
-2189
-2147
-2094
-1990
-1900
-1698
-1455
-1402
-1414
-1346
-1215
-1083
-921
-766
-625
-474
-374
-257
-238
-248
-120
12
222
493
658
691
642
695
829
958
1107
1208
1275
1266
1176
1125
1006
814
684
484
265
145
-24
-214
-368
-552
-720
-811
-838
-819
-776
-707
-647
-618
-563
-493
-374
-245
-103
35
-1
-41
0
20
-17
52
160
136
180
125
175
262
168
273
256
213
268
177
131
59
-52
-121
-204
-329
-478
-663
-819
-937
-1118
-1190
-1139
-1123
-1087
-1131
-1355
-1579
-1774
-1820
-1434
-755
80
964
1685
2282
2698
2870
3016
3125
3129
3217
3367
3448
3429
3291
3012
2615
2111
1528
1032
608
342
190
26
-82
-360
-588
-689
-804
-838
-1088
-1238
-1292
-1497
-1341
-1177
-1084
-855
-782
-706
-750
-853
-952
-1210
-1241
-1103
-980
-816
-880
-1081
-1088
-1070
-1081
-945
-779
-744
-715
-504
-332
-312
-207
-20
344
849
1083
1135
1153
1018
923
773
504
362
172
-29
-97
-253
-505
-668
-566
-257
-25
172
247
24
-35
32
-75
-148
-176
-225
-316
-401
-645
-824
-780
-669
-523
-480
-182
-89
-95
94
-101
-181
-449
-738
-647
-754
-705
-587
-649
-535
-403
-375
-179
-80
-166
-170
-166
-352
-721
-969
-1087
-1053
-970
-757
-596
-785
-1059
-1347
-1162
-733
230
2043
3867
5676
6585
6440
6013
5088
3846
2510
1414
742
177
-181
-485
-1050
-1389
-1541
-1529
-1153
-934
-301
507
918
1645
1747
1417
1147
609
411
-82
-271
-391
-935
-804
-897
-810
-436
-476
-380
-376
-510
-649
-847
-1067
-1206
-1360
-1332
-1241
-1136
-1101
-1425
-1342
-908
-579
-306
22
76
502
608
-131
-747
-1508
-1479
-2103
-1661
-1435
-1884
166
-1184
-822
-257
-2875
-538
-617
-313
2946
1765
2200
2632
958
1542
281
-1058
-42
-922
-1069
-142
-298
8
358
617
902
1307
1617
1875
2298
2487
2306
1391
1108
1099
320
221
-36
-1047
-1242
-725
-340
-303
-371
-154
-247
-499
-132
-54
-657
-1063
-904
-530
-414
-369
-178
-327
-999
-1642
-1922
-2083
-2032
-1113
447
1277
621
-956
-2562
-3575
-3443
-1983
-207
266
-617
-1147
-442
578
1036
695
-665
-2402
-2781
-1203
913
2649
4559
6591
7743
7547
6626
5591
4061
2018
401
-251
-140
-178
-831
-1026
-504
-248
-205
-80
353
1486
2462
2697
2734
2256
972
-204
-785
-922
-1258
-2431
-3546
-3675
-3215
-2774
-1994
-910
-119
501
384
83
9
-1015
-1931
-2104
-1914
-1573
-1810
-1657
-1160
-1086
-884
-649
-93
513
771
1228
1607
1428
494
-635
-1132
-1299
-1370
-905
106
1076
1401
1289
1274
902
374
536
823
742
478
-5
-170
28
-420
-1111
-1262
-1328
-1171
-680
-308
188
472
376
709
859
502
431
400
484
666
442
328
287
-18
54
125
-172
-239
-338
-324
-259
-302
-382
-835
-1061
-1248
-1367
-1235
-1238
-823
-363
-121
-78
-302
-415
-619
-958
-1334
-1626
-1863
-1994
-1814
-1322
-566
-432
-967
-1789
-3035
-3469
-2742
-858
2193
5189
7744
8814
8105
7084
5663
3895
2161
365
-489
-664
-556
270
660
984
1501
1389
1674
2144
2157
2359
2441
1967
1540
868
-347
-975
-1395
-2207
-2641
-2799
-2769
-2236
-1359
-382
368
652
460
-97
-957
-2046
-2962
-3298
-3328
-3146
-2525
-1909
-1454
-1272
-1008
-455
-142
316
695
1058
1288
913
574
-72
-1035
-1917
-2448
-2357
-2077
-1440
-498
200
511
562
678
1032
1491
1920
2219
2107
1662
1111
662
258
-743
-1783
-2312
-2274
-1361
-491
348
1108
1139
1173
1016
978
1136
779
900
832
203
171
-102
-540
-399
-359
-209
318
402
624
1324
1387
1305
1173
476
-158
-926
-1677
-1975
-2202
-2080
-1617
-1151
-770
-747
-612
-449
-538
-324
-511
-1033
-1139
-1543
-1492
-1069
-1670
-2225
-2525
-2921
-2632
-2165
-1514
-314
762
1731
1929
1320
771
-733
-1925
-1994
-1518
1071
4240
7068
9326
9491
8985
7614
5713
4102
1705
-4
-1181
-1997
-1442
-1118
-705
158
86
8
650
792
866
1067
408
176
119
-605
-998
-1703
-2525
-2968
-3725
-4039
-3838
-3252
-1720
-109
1404
2390
1970
1229
58
-1438
-2196
-3033
-3297
-2710
-2470
-1644
-767
-634
-234
-105
-23
619
801
1067
1505
1356
1202
381
-696
-1656
-2685
-2551
-2195
-962
1140
2008
2758
2984
2667
2611
1875
1278
474
-617
-1062
-1529
-1375
-1086
-1570
-1496
-961
-415
693
1667
1978
2279
2204
1534
1097
447
-566
-962
-1100
-1311
-1146
-1026
-1044
-836
-475
-167
70
122
-223
-530
-833
-1263
-1527
-1815
-2012
-2183
-2243
-1848
-1313
-747
-270
181
470
253
-131
-606
-1049
-1535
-1980
-2115
-2114
-1622
-902
-253
125
-195
-803
-1614
-2043
-1379
401
3404
6632
8965
9852
9206
7825
6120
4121
1919
-204
-1639
-1909
-1249
-227
838
1617
2268
2679
2580
2080
1305
761
342
78
89
-208
-753
-1450
-2061
-2475
-2903
-3032
-3096
-2742
-1640
-449
755
1490
1118
135
-1016
-2387
-3383
-3801
-3795
-3133
-2171
-1040
-56
462
640
602
662
738
828
788
480
126
-199
-398
-669
-1137
-1606
-1863
-1696
-1041
-117
685
1076
1082
1001
1134
1554
1856
1742
1427
850
181
-157
-646
-1545
-2234
-2507
-2215
-1272
-332
348
907
1130
1228
1299
989
700
582
274
120
8
-312
-351
-326
-228
318
671
790
927
722
510
389
128
-54
-418
-997
-1376
-1621
-1776
-1791
-1539
-1015
-622
-242
133
69
-34
-32
-351
-706
-1104
-1805
-2237
-2225
-2246
-2229
-2126
-2217
-2035
-1244
-397
640
1684
1492
561
-195
-1056
-1134
25
1722
4268
7027
8698
9312
8728
7021
4943
2829
719
-1081
-1773
-1550
-1037
35
654
735
1468
1403
726
871
316
-239
127
-350
-693
-522
-1352
-1944
-2069
-2913
-3581
-3732
-3771
-3009
-1382
211
1569
2490
2135
1069
75
-1494
-2921
-3440
-3770
-3209
-1807
-967
-34
927
896
943
1289
991
597
376
-52
-100
222
-138
-740
-886
-1455
-1837
-1103
-832
-820
96
549
1019
2433
2878
2635
2868
2166
861
212
-837
-2069
-2161
-2247
-2492
-1372
-452
-377
832
1451
848
1449
1478
528
939
754
-266
-197
-654
-1523
-1322
-1070
-969
-587
-425
-417
-6
407
181
38
-121
-922
-1187
-1302
-1950
-1789
-1508
-1344
-247
251
181
723
642
256
254
-434
-1390
-1903
-2352
-2516
-2117
-1690
-1403
-697
-80
-83
185
255
-457
-625
-686
-1225
-685
897
3118
6522
9437
10249
9912
8747
6613
4534
2228
-907
-3000
-3030
-2498
-1259
525
1227
1740
2232
1763
1167
730
-105
-680
-610
-915
-1054
-984
-1484
-1637
-1887
-2497
-2794
-3221
-3225
-2274
-950
476
1518
1618
989
-53
-1294
-2322
-3165
-3664
-3227
-2280
-1142
268
1198
1516
1722
1544
1047
833
421
-302
-315
-72
-260
-436
-840
-1560
-1802
-1658
-1424
-504
311
333
639
942
1142
1824
2077
1719
952
-171
-984
-1237
-1240
-1620
-1955
-1708
-1424
-818
72
418
674
1053
964
954
1054
622
127
-8
-120
-279
-27
122
51
378
474
440
623
374
-32
-205
-288
-204
-279
-827
-1627
-2169
-2246
-2312
-2015
-1421
-960
-161
407
482
494
243
-162
-308
-513
-1170
-1940
-2420
-2190
-1549
-867
-330
-229
-31
478
1212
1610
1256
480
-736
-1457
-932
396
2859
5872
7931
9235
9576
8391
6738
4649
1824
-574
-2301
-3324
-2995
-1939
-761
613
1558
2043
2169
1377
544
167
-641
-1091
-769
-987
-1339
-1306
-1813
-2376
-2521
-3127
-3725
-3472
-2724
-1305
552
1586
1892
1804
773
-600
-1871
-3406
-4156
-3608
-2616
-974
810
1386
1559
1883
1417
779
636
35
-561
-151
187
162
247
-515
-1608
-1661
-1834
-2233
-1270
-269
376
1829
2631
2584
2889
2497
874
-225
-1161
-2748
-2731
-2089
-2324
-1683
-976
-505
504
1146
1438
1553
1642
1373
725
542
-64
-561
-238
-542
-619
-109
-471
-583
212
213
293
803
64
-320
-374
-1223
-1599
-1976
-2527
-2581
-2307
-1878
-1245
-376
394
776
914
856
-106
-1132
-1366
-2039
-2520
-2057
-1929
-1779
-972
-207
709
1388
829
-391
-1500
-2313
-2372
-1036
1595
4773
7910
10130
10272
8722
6708
4533
2418
114
-2015
-2637
-1783
-688
293
1822
2711
2914
3413
2468
1000
399
-689
-1267
-944
-1036
-897
-775
-1209
-1539
-1791
-1961
-2618
-3278
-2730
-1590
-72
1444
2056
1807
825
-568
-1962
-3566
-4927
-5042
-4464
-2878
-338
1021
2286
3280
2590
2492
2197
710
-468
-1311
-1501
-1103
-870
-972
-1285
-1548
-1543
-1306
-708
-157
-134
367
995
1287
1961
2006
1504
1097
114
-874
-1315
-1653
-2047
-2131
-1684
-847
-102
579
1123
872
1004
1026
213
230
81
-239
431
612
177
274
270
52
397
439
267
423
79
-143
96
-207
-547
-587
-1146
-1630
-1437
-1417
-1625
-1474
-1288
-1181
-705
-346
-362
71
532
198
-129
-499
-1805
-2864
-2848
-2561
-1743
-550
-94
293
728
-149
-1410
-2026
-2627
-2300
-217
2412
5549
9059
10539
9943
8478
6169
3793
1855
-402
-2896
-3039
-1562
-614
1142
2395
2529
3303
3028
1575
1139
269
-965
-670
-859
-1130
-353
-748
-1207
-868
-1460
-2076
-2449
-3245
-2860
-1215
234
1383
1942
1459
553
-469
-2032
-3465
-3960
-3958
-3276
-1769
-419
763
1799
1911
1686
1591
988
348
-19
-524
-508
-263
-953
-1676
-1805
-2031
-1810
-954
-308
394
1127
1228
1349
1737
1609
1372
1378
756
-646
-1816
-2236
-2532
-2506
-1677
-1234
-690
682
1126
1580
2575
1655
678
861
-307
-1152
-799
-1216
-1049
-222
-158
476
1236
861
1155
1480
720
616
255
-602
-725
-979
-1409
-1825
-2315
-2807
-2999
-2239
-1566
-1006
408
1134
1361
1968
1218
-28
-715
-2098
-3136
-3309
-3738
-3599
-2384
-1356
-467
871
847
-703
-1282
-1643
-2157
-788
1413
4119
7823
9907
9992
9018
6507
3836
1766
-459
-2442
-3122
-1984
-266
1494
3428
3831
3607
3748
2105
491
127
-1255
-1674
-771
-938
-618
-343
-1423
-1616
-1355
-1839
-2244
-2682
-2644
-1217
805
1994
2117
1749
581
-877
-1873
-3351
-4240
-3744
-3288
-2114
-418
478
1108
1588
1838
1977
1932
1390
280
-723
-1138
-1021
-1080
-1632
-2228
-2245
-1601
-1041
-216
721
1243
1863
1750
1210
1215
1018
674
401
-306
-1352
-1677
-1603
-2105
-1819
-1140
-1325
-264
1020
800
1517
1744
658
744
342
-717
-585
-623
-862
-241
-54
-29
602
719
980
1313
897
852
701
135
143
-163
-974
-1372
-1933
-2664
-2711
-2427
-2247
-1492
-270
353
940
1495
779
-16
-353
-1385
-2183
-2528
-3185
-3223
-2394
-1464
-440
589
611
-822
-2042
-2471
-2812
-1238
1625
4308
8088
10397
10231
9343
6723
3616
1364
-875
-2683
-3249
-2200
-512
1073
2866
3534
3718
4198
2771
1210
866
-113
-680
-722
-1341
-1430
-1266
-1948
-2259
-2143
-2250
-2173
-2360
-2203
-962
557
1732
2109
1326
297
-519
-1741
-2778
-3356
-3414
-2710
-1423
108
742
963
1314
1137
1300
1511
1213
1093
425
-148
139
-507
-1640
-2434
-3372
-3292
-2421
-1358
250
1568
2867
3857
3704
3133
1859
394
-598
-2097
-3475
-3764
-3619
-3492
-2568
-1545
-979
729
1761
1784
2788
2531
1377
1247
236
-1351
-1479
-1683
-2122
-1208
-613
-343
934
1491
1308
1852
1602
860
983
399
-315
-621
-1474
-2017
-2095
-2443
-2787
-2209
-1445
-1132
14
800
355
631
527
-500
-486
-898
-1933
-1803
-1913
-2538
-2221
-1683
-1661
-1111
-447
-1164
-1751
-1349
-1281
196
3026
4948
7541
9746
9329
7806
5592
2898
679
-681
-1895
-2748
-1352
500
1381
2830
3207
2572
3096
2494
883
760
271
-407
163
-160
-1058
-1343
-2364
-3206
-2783
-2653
-2550
-1905
-1638
-498
1305
1940
1761
984
-268
-1461
-1981
-2362
-2868
-2350
-1567
-901
78
529
292
132
219
317
952
1451
1098
917
795
428
-12
-877
-2407
-3562
-3412
-3009
-1857
63
1572
3262
4383
4222
3401
2081
368
-1146
-2446
-3613
-4108
-3829
-2833
-2262
-1719
-500
44
1023
2064
1828
2003
1939
909
316
-222
-1093
-1432
-1428
-1602
-1181
-354
112
737
1304
1256
1292
1612
1275
699
414
-621
-1544
-1564
-2141
-2567
-2133
-2207
-1810
-397
227
609
1223
620
-339
-609
-1358
-2181
-2023
-1891
-1808
-986
-640
-1038
-1255
-2084
-3153
-3175
-2875
-2005
472
3975
7792
11004
12006
9986
6563
4046
2009
127
-1285
-3081
-3080
-598
859
1878
2756
1808
1613
2214
1836
2079
2037
965
571
277
-224
-726
-2102
-3632
-4137
-3567
-2554
-1967
-1528
-625
624
1894
2422
1682
140
-1453
-2436
-2535
-2376
-2259
-1806
-1045
36
816
635
173
-214
-244
776
1704
1868
1949
1124
579
383
-1197
-2562
-3604
-4106
-3629
-2761
-901
792
2230
3567
3913
3937
3045
1416
495
-655
-1896
-2771
-3349
-2989
-3251
-3189
-2221
-1855
-292
1364
1966
2794
2857
2053
1289
36
-1522
-2189
-2420
-2139
-1066
-353
126
699
931
1304
1669
1618
1577
908
424
-84
-1142
-1319
-2217
-2896
-2561
-2709
-1746
-697
-321
524
769
490
316
-290
-686
-678
-872
-984
-1427
-1779
-1926
-2424
-2334
-2561
-3281
-3150
-2955
-1669
1461
4707
8052
10403
10448
8914
6115
3949
2621
615
-629
-1802
-2372
-563
73
-58
928
944
1692
3075
2735
2912
3228
1965
1125
43
-1424
-1892
-2786
-3512
-3249
-2639
-1791
-1328
-885
-199
386
1308
1587
779
289
-894
-2263
-2280
-2966
-3175
-2263
-2182
-1066
268
290
790
1159
1260
1823
2199
1824
829
121
-696
-1615
-1787
-2483
-3410
-2982
-2585
-2222
-650
628
1442
2636
3210
3257
3562
3196
1895
525
-995
-2510
-3055
-2996
-3393
-3348
-2885
-2186
-232
1371
2043
2514
2393
1862
1206
361
-1000
-1945
-2111
-2195
-1581
-499
13
377
1037
1194
1261
1628
1333
910
719
113
-543
-1238
-2247
-3146
-3568
-3032
-2043
-1171
7
664
694
756
90
-716
-844
-988
-832
-462
-517
-707
-1287
-1776
-2276
-3204
-3419
-3309
-2123
897
3984
6980
8963
8684
7073
4961
3235
2388
2008
1126
-64
-236
-95
-125
-171
-907
-1009
571
2051
2976
4069
3900
2742
1856
56
-1331
-1485
-2234
-2462
-1809
-1397
-1112
-1219
-1601
-1425
-181
867
978
929
-20
-1142
-1611
-2443
-2813
-2589
-2515
-1883
-691
66
348
560
432
465
962
1116
1097
1157
626
71
-300
-1482
-2665
-3197
-3294
-2529
-1066
380
1811
2896
2656
1714
893
637
817
821
717
-216
-1101
-992
-1526
-2237
-2410
-3219
-2498
-107
1169
2676
3180
2024
1515
486
-611
-998
-1340
-1336
-862
-267
-277
-699
-1391
-1681
-802
622
1859
2114
2064
1319
-71
-767
-2150
-3120
-3098
-2925
-1590
-203
396
50
-821
-1433
-1667
-1255
-778
-287
229
594
377
-705
-2201
-4189
-5072
-4398
-2806
49
2471
4928
7423
8278
8007
5928
3761
3177
2614
2460
1628
-167
-388
-760
-1584
-1336
-1574
-934
717
1606
2562
3448
3523
2704
1705
837
267
59
-518
-1018
-1079
-1179
-1793
-2491
-2560
-1969
-573
863
1657
1884
1021
-343
-1410
-2550
-3127
-3209
-3120
-1934
-747
-166
375
140
35
439
550
1243
1873
1976
1974
724
-720
-1929
-3461
-3513
-2994
-2500
-810
465
1263
2229
1801
901
635
475
1283
1897
1484
946
-564
-1661
-1892
-2797
-3191
-2955
-1857
461
1661
2101
2338
1339
675
-66
-931
-355
69
358
886
667
152
-940
-2376
-2829
-2002
-390
1203
2043
1972
1238
-85
-1285
-2046
-2713
-2652
-1979
-926
231
484
147
-566
-1135
-1164
-1290
-764
107
466
527
46
-918
-2488
-3670
-3763
-3520
-2308
-792
482
2802
4960
6294
7291
6368
4574
4099
4095
4442
4308
2152
-54
-1014
-1678
-1993
-1883
-1631
-837
580
1776
2313
2245
1918
1215
318
401
585
537
655
-53
-658
-1056
-2203
-2814
-2447
-1508
74
1337
1513
873
-66
-1256
-2327
-2215
-1869
-1573
-694
-526
-774
-1099
-1854
-2085
-1632
-578
837
2010
2642
2325
1213
-235
-1917
-3454
-3895
-3237
-1910
-60
1154
1760
1933
916
-257
-869
-584
964
2661
3291
2290
613
-893
-2394
-2949
-3011
-3102
-1771
37
1461
2804
2465
1349
607
-537
-458
351
834
1595
1473
625
-470
-1668
-2395
-2560
-1679
-135
1034
1734
1575
198
-1008
-1975
-2329
-1421
-941
-426
18
-321
-565
-1247
-1997
-2153
-1934
-862
414
1000
1085
402
-500
-1215
-2297
-3183
-3543
-2987
-1171
1011
3052
4762
5497
5360
4689
3645
3597
4271
4479
4351
2792
833
-56
-1208
-2008
-2156
-1963
-744
529
1227
1307
1033
856
428
211
586
1046
1425
1439
935
318
-678
-1782
-2387
-2223
-1054
151
1215
1585
555
-568
-1654
-2330
-2109
-1766
-985
-87
254
134
-584
-1359
-1738
-1482
-588
387
1264
1272
683
205
-663
-1730
-2830
-3230
-2565
-1162
493
1406
1658
818
-799
-1821
-1805
-440
1430
2494
2596
1833
402
-540
-1183
-1804
-1463
-1139
-481
709
723
422
-124
-899
-640
-21
951
1948
2128
2049
1471
298
-723
-1325
-1474
-1140
-400
403
734
547
-38
-878
-1309
-1194
-843
-407
-212
-498
-981
-1309
-1523
-1716
-1553
-981
-694
-384
-276
-640
-571
-697
-968
-1196
-1692
-1765
-1498
-920
-158
689
1872
3245
4524
5211
5043
4237
3644
3399
3221
3157
2437
1489
962
294
-357
-818
-920
-979
-1121
-765
-363
286
790
447
376
310
83
443
681
767
694
-22
-760
-1262
-1407
-934
-171
518
682
120
-713
-1406
-1934
-2126
-1802
-1263
-682
-216
-212
-558
-907
-1049
-784
-96
711
1246
1211
625
-191
-1019
-1770
-2202
-2052
-1367
-555
33
379
369
-35
-419
-474
-114
427
846
878
216
-322
-548
-732
-258
121
210
121
-300
-429
-654
-555
-77
19
300
531
499
493
227
99
241
274
410
446
296
123
-257
-758
-1115
-948
-504
-88
131
-227
-644
-889
-1047
-897
-683
-478
-173
99
85
-182
-599
-1391
-1831
-1368
-744
6
437
-134
-824
-1310
-1322
-350
1040
2859
4635
5462
5191
3763
2694
2788
3383
4222
3777
2060
550
-467
-547
-432
-407
-301
-676
-703
-556
-487
-202
-553
-1098
-1159
-586
350
571
246
-118
-453
-410
-234
-381
-541
-504
-412
-113
-21
-462
-934
-1286
-1408
-1114
-607
-384
-503
-703
-1027
-1095
-805
-283
398
729
929
816
144
-272
-489
-450
65
489
667
417
-302
-838
-990
-813
-322
-129
-276
-358
-331
-341
-556
-727
-792
-633
-265
177
485
48
-632
-974
-1110
-864
-279
45
94
120
-16
-38
-22
-1
128
311
617
767
717
260
-324
-651
-844
-594
-478
-661
-658
-714
-599
-426
-306
-191
-296
-233
-298
-605
-681
-684
-445
-166
-318
-520
-726
-732
-213
116
144
-112
-391
267
1467
2928
4305
4624
4111
3209
2524
2786
3577
4237
3980
2374
725
-232
-487
15
476
650
223
-815
-1612
-1938
-1744
-1169
-575
-210
-54
-62
-391
-977
-1530
-1712
-1452
-715
168
591
554
80
-683
-1248
-1482
-1434
-1116
-724
-561
-487
-532
-793
-1102
-1508
-1620
-1194
-192
1090
1853
1907
1136
42
-569
-475
458
1480
1669
1181
411
-449
-854
-582
-76
386
474
-64
-784
-1163
-1219
-1069
-866
-849
-1013
-1213
-1296
-1121
-764
-467
-355
-327
-232
-107
-103
-300
-641
-775
-449
75
471
513
115
-269
-261
-11
330
532
364
61
-288
-812
-1273
-1572
-1705
-1217
-196
474
460
-55
-848
-1302
-1045
-415
340
927
868
347
-185
-573
-599
-291
-31
207
529
870
1544
2639
3724
4321
4207
3460
2680
2812
3787
4792
4840
3369
1251
-432
-946
-453
171
585
208
-690
-1317
-1695
-1521
-1203
-1176
-1067
-1035
-951
-834
-1019
-1179
-1302
-1396
-1147
-863
-579
-202
-115
-214
-433
-737
-906
-1137
-1279
-1122
-1044
-935
-686
-623
-612
-672
-694
-451
-54
370
515
568
491
318
541
1005
1458
1571
1290
834
392
359
731
1190
1324
786
-345
-1441
-1809
-1419
-757
-383
-589
-1246
-1779
-1737
-1375
-1032
-752
-564
-476
-323
-210
-456
-885
-1256
-1309
-905
-176
458
347
-183
-686
-887
-558
-116
212
205
-67
-371
-669
-837
-1088
-1298
-1209
-926
-528
-297
-408
-596
-628
-503
-130
280
431
499
309
-49
-64
130
356
546
679
796
980
1654
2978
4462
5321
5064
3953
3020
3205
4268
5235
4976
3275
1306
71
-157
273
627
347
-559
-1358
-1652
-1499
-1114
-991
-1229
-1574
-1707
-1584
-1422
-1342
-1441
-1509
-1422
-1244
-1047
-1085
-1202
-1251
-1282
-1050
-622
-327
-279
-425
-745
-1080
-1125
-919
-726
-744
-801
-706
-540
-336
-308
-352
-294
-162
278
950
1588
1937
1794
1273
774
646
913
1399
1691
1412
613
-335
-973
-968
-513
-137
-118
-527
-1023
-1275
-1248
-1021
-841
-704
-570
-415
-231
-267
-519
-850
-1185
-1178
-887
-488
30
206
24
-307
-753
-884
-772
-672
-692
-968
-1297
-1581
-1536
-1275
-1091
-934
-1086
-1203
-1187
-1111
-886
-782
-537
-279
-23
178
113
51
-4
158
426
662
888
1012
1289
1956
3011
4128
4785
4574
3820
3365
3734
4614
5263
4917
3397
1801
949
1083
1715
1947
1499
294
-911
-1439
-1348
-956
-765
-845
-1153
-1515
-1685
-1774
-1851
-1824
-1750
-1601
-1305
-1030
-853
-814
-979
-1216
-1328
-1177
-903
-753
-767
-992
-1284
-1328
-1218
-1123
-964
-826
-730
-459
-53
119
-44
-268
-365
-197
271
725
911
781
453
312
517
949
1488
1740
1406
701
-30
-368
-170
142
166
-298
-1117
-1716
-1641
-1024
-350
-124
-392
-754
-865
-604
-219
75
48
-245
-375
-437
-272
-101
-266
-311
-454
-554
-268
-167
-224
-379
-788
-1012
-1200
-1403
-1303
-1199
-1009
-846
-1016
-1342
-1647
-1696
-1416
-903
-411
-106
-52
-175
-389
-534
-239
110
379
674
659
731
1303
2417
3589
4249
4254
3541
3270
3998
5054
5859
5411
3947
2407
1545
1774
2218
2294
1636
325
-759
-1255
-1109
-790
-722
-825
-1135
-1342
-1396
-1527
-1595
-1617
-1611
-1528
-1373
-1334
-1449
-1442
-1306
-1064
-896
-879
-999
-1261
-1301
-1278
-1167
-974
-1002
-1029
-1089
-1043
-770
-441
-179
-190
-217
-45
283
657
927
1034
918
767
588
529
739
998
1241
1125
679
147
-315
-287
13
401
532
99
-525
-1134
-1305
-1054
-805
-640
-779
-897
-820
-742
-498
-418
-408
-241
-136
100
204
113
-40
-207
-155
-102
-42
-140
-375
-514
-708
-806
-960
-1081
-1113
-1208
-1175
-1315
-1470
-1640
-1859
-1645
-1334
-932
-656
-710
-695
-783
-688
-389
-107
244
361
403
522
670
1217
2131
3045
3639
3451
2971
3100
3807
4875
5546
5103
3944
2753
2456
2941
3204
3027
2119
850
-11
-514
-588
-593
-808
-1048
-1421
-1658
-1768
-1902
-1759
-1432
-1168
-1249
-1529
-1733
-1899
-1604
-1118
-959
-904
-1022
-1226
-1271
-1098
-834
-808
-913
-968
-1020
-968
-752
-599
-568
-508
-578
-670
-430
21
423
780
1093
1053
734
486
537
964
1413
1596
1169
332
-374
-762
-470
29
155
-88
-688
-1103
-1159
-920
-556
-476
-538
-703
-742
-543
-390
-243
-315
-435
-420
-328
-44
124
232
257
143
141
29
-22
-8
-54
-94
-313
-553
-864
-1121
-1094
-1023
-1012
-1133
-1397
-1765
-2015
-1873
-1524
-1301
-1204
-1140
-1201
-1216
-920
-466
-79
276
463
374
431
923
1614
2366
3059
3162
2768
2728
3270
3962
4555
4624
3859
3073
2861
2973
3016
2912
2611
1833
1041
346
-298
-496
-498
-490
-663
-960
-1375
-1990
-2071
-1680
-1389
-1372
-1595
-1612
-1475
-1232
-930
-1046
-1192
-1162
-1079
-762
-542
-552
-799
-1007
-879
-831
-751
-555
-476
-421
-477
-696
-895
-815
-479
-176
110
380
406
229
300
645
921
1082
1144
1072
697
281
-24
-174
24
50
-274
-811
-1112
-1137
-1059
-651
-543
-643
-774
-844
-532
-235
-58
-93
-161
-153
-194
-119
109
254
191
122
-20
-183
-163
-15
48
120
64
-324
-665
-772
-576
-500
-538
-684
-1101
-1291
-1472
-1404
-1070
-944
-1014
-1231
-1174
-1068
-954
-675
-475
-286
-218
-186
-100
266
975
1703
2526
2873
2624
2347
2486
3335
4150
4582
4230
3140
2497
2398
2650
2886
2793
2362
1396
603
186
-22
53
20
-186
-696
-1231
-1582
-1831
-1642
-1462
-1551
-1836
-2102
-1899
-1686
-1444
-1109
-1190
-1325
-1245
-1062
-828
-623
-489
-572
-655
-600
-577
-467
-220
-24
13
-127
-375
-387
-97
243
487
506
425
187
41
313
603
797
851
904
881
545
229
-14
29
201
75
-302
-875
-1267
-1313
-1153
-934
-934
-1269
-1560
-1320
-872
-513
-249
-252
-275
-261
-123
172
318
579
724
513
351
224
274
387
433
469
124
-308
-463
-421
-292
-297
-463
-791
-1138
-1232
-1127
-975
-846
-869
-1088
-1274
-1210
-972
-834
-764
-577
-495
-523
-431
-228
24
354
845
1410
1920
2065
1905
1946
2474
3455
4117
4123
3493
2630
2524
2995
3465
3483
2790
1831
1142
927
729
404
236
33
-327
-704
-1129
-1547
-1640
-1441
-1300
-1438
-1783
-2072
-2218
-1932
-1534
-1548
-1644
-1769
-1717
-1459
-1243
-1025
-914
-795
-746
-663
-416
-261
-165
-22
129
122
65
154
313
461
575
616
608
631
625
566
576
690
821
855
694
344
4
-92
37
132
2
-408
-901
-1150
-1090
-888
-836
-1026
-1269
-1450
-1378
-1104
-890
-760
-738
-699
-595
-441
-152
115
322
467
499
472
461
522
622
688
642
499
292
127
79
-4
-122
-226
-301
-396
-597
-720
-767
-823
-826
-779
-698
-701
-749
-769
-748
-624
-498
-442
-443
-410
-284
-59
238
537
765
903
1090
1444
1946
2384
2644
2803
2813
2746
2772
2963
3132
3022
2727
2367
1994
1652
1318
1047
855
703
456
-26
-499
-761
-883
-938
-1011
-1147
-1410
-1716
-1869
-1895
-1880
-1909
-1977
-1956
-1873
-1846
-1856
-1791
-1595
-1321
-1099
-999
-914
-745
-515
-274
-20
210
257
205
334
586
747
829
865
850
831
821
900
987
1015
982
800
645
542
418
323
170
33
-110
-312
-542
-771
-840
-936
-1113
-1181
-1256
-1254
-1209
-1208
-1129
-1063
-1024
-961
-878
-717
-557
-446
-274
-84
59
164
187
184
243
354
426
376
258
113
-6
28
117
120
46
-140
-314
-332
-285
-259
-277
-314
-359
-373
-349
-260
-196
-282
-304
-239
-149
-94
-29
140
216
329
521
704
958
1217
1350
1425
1591
1857
2202
2450
2600
2628
2494
2441
2419
2455
2463
2249
1939
1614
1280
913
609
418
212
-44
-345
-690
-915
-947
-1027
-1198
-1371
-1640
-1909
-1983
-1879
-1802
-1825
-1878
-2017
-2053
-1973
-1925
-1739
-1483
-1244
-1005
-798
-604
-523
-395
-159
-18
143
292
370
482
586
689
689
684
822
911
931
892
863
842
758
716
611
422
225
51
-14
-79
-178
-388
-591
-592
-658
-764
-821
-889
-894
-892
-909
-970
-1014
-997
-940
-796
-681
-652
-648
-563
-369
-209
-117
-54
-26
12
110
178
193
192
128
80
-10
-106
-103
-104
-19
44
-6
-68
-122
-67
26
88
77
18
46
130
212
265
279
264
324
513
738
957
1111
1166
1212
1332
1506
1669
1787
1854
1885
1911
1937
1923
1886
1855
1729
1536
1372
1234
1040
793
640
488
240
-22
-249
-453
-662
-777
-866
-996
-1090
-1207
-1412
-1576
-1650
-1746
-1778
-1741
-1711
-1752
-1828
-1788
-1701
-1567
-1356
-1186
-1057
-857
-661
-483
-232
-32
130
279
394
493
549
615
707
809
853
819
753
699
675
715
778
720
615
492
373
268
138
3
-194
-355
-420
-472
-591
-717
-843
-1004
-1006
-943
-945
-950
-983
-1002
-979
-889
-799
-783
-721
-583
-454
-294
-139
-94
-50
40
112
196
291
324
293
250
209
164
144
132
78
47
97
142
133
111
58
23
64
101
136
195
171
97
126
192
229
259
310
379
481
633
792
981
1145
1278
1413
1501
1631
1757
1820
1905
1963
1926
1832
1714
1560
1410
1281
1149
1018
853
648
423
208
27
-141
-298
-476
-701
-935
-1099
-1197
-1313
-1463
-1651
-1760
-1800
-1843
-1802
-1751
-1748
-1740
-1669
-1521
-1423
-1363
-1263
-1111
-910
-678
-457
-275
-124
17
174
338
513
673
783
855
869
864
842
809
831
826
780
697
580
491
404
318
220
124
31
-102
-247
-414
-569
-683
-791
-878
-928
-976
-1052
-1069
-1036
-1004
-928
-862
-797
-717
-619
-516
-435
-306
-198
-129
-51
-7
6
3
7
35
101
192
218
148
105
73
41
78
103
96
44
-26
-52
-40
9
36
46
68
98
135
168
264
367
406
468
591
690
783
907
1032
1159
1321
1503
1637
1737
1824
1893
1961
1995
1996
1942
1824
1673
1529
1390
1167
915
710
486
294
148
-3
-193
-417
-637
-821
-951
-1078
-1210
-1360
-1511
-1614
-1708
-1779
-1823
-1856
-1858
-1796
-1665
-1522
-1413
-1318
-1195
-1061
-889
-679
-516
-394
-266
-109
43
179
353
490
583
684
755
771
774
814
830
798
752
656
513
371
295
223
121
-2
-165
-304
-410
-471
-516
-599
-685
-761
-840
-885
-875
-886
-906
-892
-870
-823
-743
-667
-591
-494
-374
-224
-67
56
127
169
228
277
290
325
356
338
311
290
238
184
143
76
39
32
5
-31
-56
-52
-85
-144
-154
-151
-126
-54
15
34
58
141
216
284
364
441
520
640
799
933
1052
1141
1235
1361
1467
1608
1709
1731
1741
1723
1685
1629
1530
1407
1265
1095
906
697
498
293
71
-118
-295
-474
-660
-797
-917
-1056
-1155
-1273
-1369
-1416
-1483
-1548
-1557
-1528
-1501
-1455
-1389
-1314
-1253
-1108
-902
-770
-634
-477
-322
-167
16
189
268
369
490
554
624
673
679
705
718
683
611
507
422
342
256
189
44
-121
-238
-357
-422
-471
-564
-677
-790
-840
-863
-873
-892
-952
-969
-967
-948
-870
-805
-752
-690
-586
-459
-358
-258
-149
-38
74
179
269
336
380
410
435
444
438
424
411
396
361
309
258
209
169
142
110
73
49
44
58
86
98
80
76
82
113
181
225
276
339
413
522
624
720
801
886
1018
1176
1342
1448
1526
1586
1576
1576
1564
1494
1422
1330
1211
1069
900
719
528
337
141
-50
-230
-408
-587
-746
-868
-1010
-1164
-1271
-1352
-1435
-1485
-1507
-1520
-1504
-1466
-1417
-1345
-1266
-1172
-1052
-902
-735
-581
-425
-273
-109
74
238
383
491
584
674
743
795
816
813
791
744
667
564
464
377
295
207
83
-79
-223
-336
-428
-503
-603
-738
-847
-917
-978
-1023
-1067
-1137
-1173
-1153
-1122
-1080
-1035
-994
-937
-810
-646
-525
-416
-309
-193
-73
37
143
223
290
363
427
474
508
522
527
533
530
515
491
464
441
419
383
351
314
295
287
240
220
222
218
238
277
293
291
327
359
402
494
566
648
756
852
940
1037
1137
1201
1274
1324
1320
1345
1353
1324
1276
1198
1097
977
855
710
560
400
230
68
-95
-247
-422
-606
-747
-887
-1011
-1081
-1178
-1276
-1341
-1399
-1408
-1411
-1412
-1356
-1291
-1216
-1110
-998
-885
-755
-631
-489
-329
-209
-87
49
142
223
310
361
401
430
426
417
403
365
324
278
212
132
67
25
-34
-109
-167
-247
-336
-395
-446
-527
-610
-652
-702
-746
-772
-806
-834
-833
-789
-742
-690
-617
-554
-464
-361
-253
-159
-89
-6
72
146
214
255
280
316
349
352
363
356
336
355
357
350
347
317
301
299
298
286
260
264
276
281
276
257
256
261
286
330
358
404
455
513
579
644
722
785
863
961
1054
1118
1151
1173
1170
1181
1172
1131
1052
933
826
707
598
496
350
184
55
-72
-199
-308
-441
-571
-685
-784
-871
-944
-1014
-1080
-1106
-1127
-1119
-1100
-1083
-1050
-1017
-923
-793
-695
-596
-496
-408
-278
-127
-22
59
105
177
285
372
407
384
353
343
372
389
326
220
144
85
36
-16
-139
-250
-314
-371
-425
-507
-605
-669
-698
-735
-785
-832
-865
-871
-861
-829
-787
-758
-728
-674
-608
-536
-459
-376
-290
-205
-114
-30
38
104
187
267
326
373
403
429
446
479
495
472
474
470
463
437
408
413
394
386
376
351
342
347
389
420
422
421
437
491
556
593
605
635
697
778
846
868
861
867
930
991
994
955
879
846
852
859
802
668
542
434
384
319
185
36
-131
-255
-317
-414
-549
-685
-799
-868
-903
-937
-998
-1077
-1104
-1089
-1056
-1003
-985
-970
-889
-788
-674
-569
-507
-443
-345
-230
-117
-39
8
48
93
152
181
187
171
143
164
167
139
94
48
35
-3
-42
-97
-169
-213
-261
-318
-380
-437
-482
-506
-526
-544
-551
-559
-558
-545
-531
-504
-457
-412
-361
-300
-244
-180
-105
-46
-12
35
116
201
258
290
317
355
406
446
455
447
439
437
438
426
380
310
260
253
236
183
131
90
52
58
88
82
73
80
85
129
204
255
266
280
335
415
489
540
549
578
678
766
800
819
811
812
864
906
880
817
763
724
690
635
532
413
311
222
136
36
-93
-210
-286
-363
-441
-505
-583
-663
-707
-720
-716
-746
-803
-807
-782
-756
-730
-729
-703
-645
-601
-538
-482
-468
-425
-351
-282
-242
-242
-214
-160
-129
-111
-123
-134
-123
-109
-102
-122
-137
-151
-180
-189
-201
-213
-239
-275
-299
-316
-309
-330
-370
-397
-411
-388
-369
-364
-381
-381
-343
-291
-240
-216
-196
-165
-79
25
60
106
151
192
287
358
390
405
444
496
516
549
574
561
534
525
519
502
487
451
413
396
381
355
335
321
295
275
281
290
287
298
314
340
375
404
424
454
489
507
528
543
576
603
578
566
555
548
545
508
458
389
347
319
263
193
101
29
-25
-79
-136
-225
-300
-344
-374
-422
-479
-516
-552
-571
-585
-600
-615
-644
-648
-645
-647
-642
-651
-665
-664
-653
-634
-623
-622
-602
-570
-548
-532
-499
-443
-406
-383
-347
-307
-257
-209
-186
-157
-123
-100
-71
-66
-68
-60
-55
-40
-39
-76
-98
-95
-89
-84
-90
-96
-94
-76
-57
-72
-82
-63
-42
-7
15
18
35
58
102
162
187
212
255
283
312
353
382
408
432
441
437
443
470
475
444
428
425
416
423
420
381
348
347
359
367
353
330
326
337
360
364
328
304
322
343
353
345
325
324
362
400
396
366
346
338
340
342
316
274
250
227
180
113
55
26
7
-20
-81
-144
-201
-235
-239
-304
-363
-405
-472
-498
-545
-613
-656
-679
-699
-745
-781
-810
-827
-825
-802
-763
-755
-727
-684
-673
-630
-577
-550
-509
-458
-422
-385
-340
-276
-205
-174
-138
-91
-60
-12
29
54
82
117
151
152
148
130
114
126
119
113
109
84
82
95
107
105
97
96
92
92
110
129
163
209
237
265
292
280
279
328
362
373
381
382
392
402
400
408
406
398
404
391
384
396
371
354
350
323
310
292
268
265
272
250
230
230
206
194
196
184
190
196
196
201
198
202
206
195
183
167
160
171
177
165
140
128
124
89
45
-3
-66
-84
-81
-130
-200
-252
-317
-361
-377
-430
-495
-554
-588
-583
-599
-626
-659
-683
-680
-666
-653
-660
-668
-651
-617
-570
-539
-545
-541
-499
-453
-409
-381
-355
-313
-270
-209
-164
-157
-113
-53
-12
29
70
108
122
125
154
177
175
175
172
166
178
183
167
152
132
115
106
99
102
82
58
71
98
112
108
115
132
143
167
197
219
252
290
313
333
363
391
406
420
447
453
445
462
463
464
495
504
481
459
452
442
421
419
407
380
373
353
326
287
239
222
190
152
121
81
38
9
-18
-59
-69
-93
-152
-194
-223
-220
-227
-246
-251
-280
-298
-285
-284
-306
-320
-319
-319
-294
-269
-283
-308
-318
-306
-291
-301
-329
-352
-346
-346
-372
-371
-367
-392
-389
-392
-412
-397
-402
-414
-373
-346
-348
-335
-335
-327
-303
-288
-252
-214
-205
-170
-123
-114
-87
-45
-40
-28
4
22
34
53
80
108
118
121
128
128
121
131
148
170
215
238
222
232
237
214
242
280
276
286
304
314
346
367
374
365
334
333
362
376
372
372
367
367
381
370
328
300
278
270
302
302
266
259
253
242
238
211
185
168
138
134
127
86
62
60
41
22
8
-18
-44
-56
-70
-101
-118
-130
-139
-131
-149
-166
-193
-199
-188
-194
-194
-237
-248
-221
-229
-224
-235
-274
-279
-259
-262
-276
-285
-299
-307
-298
-280
-281
-308
-329
-324
-307
-296
-289
-284
-281
-276
-263
-245
-239
-236
-211
-186
-179
-170
-159
-150
-131
-106
-90
-81
-72
-64
-63
-46
-21
-25
-32
-18
-11
10
40
44
49
71
83
89
108
122
130
157
188
195
199
207
207
210
221
226
223
219
210
204
211
226
233
237
235
231
244
251
242
243
242
234
244
246
226
227
235
227
237
244
229
197
171
152
132
137
133
137
130
133
140
101
99
92
81
101
77
64
67
58
60
50
26
8
-15
-32
-49
-73
-82
-105
-116
-122
-157
-179
-199
-237
-237
-227
-245
-251
-249
-255
-260
-262
-263
-272
-274
-267
-267
-267
-237
-222
-238
-229
-234
-247
-241
-234
-218
-201
-182
-187
-184
-175
-195
-193
-182
-182
-158
-145
-136
-123
-112
-103
-93
-62
-56
-66
-37
-22
-11
14
29
43
41
49
57
51
58
77
88
101
116
111
113
110
119
154
164
172
177
174
190
199
224
237
213
204
188
175
192
208
203
190
181
175
168
163
159
146
144
171
175
162
160
144
124
131
134
126
125
112
100
109
114
104
88
74
50
47
64
47
37
28
12
17
11
-1
-2
-4
-3
-11
6
25
4
-4
-4
-16
-25
-25
-22
-26
-28
-37
-48
-56
-80
-91
-92
-122
-144
-145
-159
-164
-163
-182
-196
-210
-222
-219
-225
-234
-238
-248
-236
-210
-203
-211
-208
-194
-191
-183
-170
-165
-155
-135
-118
-101
-94
-93
-78
-72
-78
-61
-53
-63
-56
-47
-52
-35
-13
-8
-1
6
10
18
32
47
59
58
64
83
85
81
78
94
100
105
128
118
112
105
115
129
128
170
170
150
171
173
169
180
183
172
186
210
203
186
163
146
149
158
145
123
109
99
96
101
87
52
32
47
61
40
6
-7
-7
12
35
22
-3
-7
-15
-18
-10
-10
-25
-42
-64
-60
-59
-72
-92
-103
-98
-95
-83
-91
-98
-97
-85
-76
-84
-84
-87
-90
-78
-70
-78
-79
-78
-74
-76
-74
-72
-87
-96
-102
-101
-90
-96
-81
-71
-79
-71
-54
-43
-36
-29
-30
-16
-11
-7
-5
6
-5
-5
22
18
16
0
10
23
21
22
16
9
21
17
14
20
10
6
26
24
13
24
27
33
32
27
26
24
8
20
41
40
29
31
31
29
37
37
37
32
27
40
64
50
34
46
45
56
60
42
33
28
31
42
43
40
46
47
46
40
32
37
30
26
28
24
18
14
25
18
2
-2
-3
16
21
11
13
-8
-15
12
16
-6
-4
-3
-7
4
-2
-10
-11
-15
-22
-27
-24
-35
-47
-36
-32
-43
-46
-49
-55
-55
-55
-57
-56
-61
-57
-53
-38
-20
-20
-34
-47
-43
-38
-21
-31
-40
-27
-45
-46
-37
-40
-47
-71
-60
-52
-61
-55
-58
-67
-54
-37
-27
-32
-42
-21
-22
-15
8
-9
-13
-3
2
28
23
15
32
46
62
73
63
57
56
61
76
76
65
64
69
76
70
63
59
58
60
49
49
48
41
37
22
36
43
27
39
37
32
38
33
39
41
39
31
33
43
33
27
25
20
23
21
11
1
-15
-12
1
4
8
8
-8
-15
-5
-14
-23
-31
-51
-46
-35
-36
-47
-61
-53
-55
-54
-43
-54
-67
-70
-62
-48
-48
-45
-48
-53
-37
-36
-41
-42
-46
-33
-18
-25
-20
-8
-14
-10
-10
-9
-4
-14
-12
-5
-6
-13
-11
-13
-16
2
3
12
24
0
3
16
15
14
9
-4
3
22
4
-2
12
11
17
22
11
4
0
-8
1
17
9
13
8
-7
6
9
6
7
11
20
6
8
20
7
11
16
4
-2
8
3
0
1
2
18
20
21
21
9
14
13
21
29
25
32
12
1
9
-1
2
18
16
21
21
22
25
12
8
13
17
14
5
4
7
2
4
13
6
6
3
5
17
12
12
18
5
-3
1
-1
-7
-10
-12
-4
-4
-9
-5
-4
-7
-7
-3
-11
-14
-2
-3
-12
-10
-5
-5
-4
-15
-27
-25
-26
-28
-16
-10
-20
-16
-14
-23
-28
-31
-25
-35
-28
-26
-22
-24
-32
-27
-40
-33
-27
-20
-34
-36
-32
-36
-24
-18
-12
-10
-13
-15
-19
-13
-9
1
10
8
24
17
10
8
9
9
22
33
36
40
20
27
22
20
26
14
9
6
10
7
10
16
16
16
17
15
9
22
15
24
38
27
26
12
7
9
19
19
16
15
15
20
16
20
7
0
15
29
23
0
3
18
6
3
4
-1
-8
-16
-17
-22
-26
-22
-23
-33
-23
-24
-29
-24
-12
-11
-17
-21
-26
-23
-14
-7
-12
-1
7
7
-1
-3
3
-2
9
15
0
-1
0
4
8
-5
-16
-9
0
-5
-15
-10
-8
-7
-5
-7
-1
-7
-10
-7
-5
-11
-3
1
-14
0
-2
-15
-16
-11
-7
3
7
0
1
0
-1
2
-3
-3
-1
0
9
3
-1
6
4
1
2
0
-7
-5
-3
-5
4
1
-2
6
7
8
10
11
14
14
8
10
16
12
14
10
12
20
7
12
13
9
24
21
16
20
17
11
18
21
21
20
15
17
15
20
18
12
18
12
16
19
11
11
12
17
17
16
15
0
-12
-8
-7
-13
-12
-12
-12
-12
-22
-24
-23
-21
-24
-23
-22
-29
-22
-23
-32
-34
-44
-42
-32
-27
-24
-16
-16
-30
-19
-17
-28
-16
-18
-12
-9
-5
-1
-10
-11
-17
-15
-25
-31
-19
-24
-20
-3
3
-2
6
4
0
13
3
3
19
11
10
8
-3
-1
3
2
1
-1
13
17
15
24
21
14
16
18
18
23
20
19
23
16
16
15
4
0
-2
-2
0
8
2
2
11
1
0
0
-8
-4
0
5
5
3
7
5
5
5
2
-1
-3
7
6
3
5
5
-1
-6
-3
-5
-2
-7
1
5
-4
-3
7
6
8
9
-2
5
2
3
5
-2
1
9
9
-5
-6
-8
-7
1
-1
5
-2
1
8
-5
2
4
-3
-4
-6
-2
-10
-17
-19
-29
-36
-35
-35
-28
-32
-31
-35
-37
-32
-31
-24
-23
-17
-21
-19
-21
-24
-19
-23
-24
-23
-10
-13
-15
-9
-12
2
-3
-8
5
-3
-4
7
6
16
4
1
5
5
12
7
20
12
15
20
18
25
20
31
34
19
13
23
31
23
34
44
29
27
27
33
38
27
24
28
33
37
34
37
48
38
37
42
27
27
26
15
15
29
25
24
18
2
7
0
-9
0
-1
-2
-3
2
-11
-21
-16
-42
0
0
0
0
0
0
0
0
0
0
0
0
0
0
0
0
0
0
0
0
0
0
0
0
0
0
0
0
0
0
0
0
0
0
0
0
0
0
0
0
0
0
0
0
0
0
0
0
0
0
0
0
0
0
0
0
0
0
0
0
0
0
0
0
0
0
0
0
0
0
0
0
0
0
0
0
0
0
0
0
0
0
0
0
0
0
0
0
0
0
0
0
0
0
0
0
0
0
0
0
0
0
0
0
0
0
0
0
0
0
0
0
0
0
0
0
0
0
0
0
0
0
0
0
0
0
0
0
0
0
0
0
0
0
0
0
0
0
0
0
0
0
0
0
0
0
0
0
0
0
0
0
0
0
0
0
0
0
0
0
0
0
0
0
0
0
0
0
0
0
0
0
0
0
0
0
0
0
0
0
0
0
0
0
0
0
0
0
0
0
0
0
0
0
0
0
0
0
0
0
0
0
0
0
0
0
0
0
0
0
0
0
0
0
0
0
0
0
0
0
0
0
0
0
0
0
0
0
0
0
0
0
0
0
0
0
0
0
0
0
0
0
0
0
0
0
0
0
0
0
0
0
0
0
0
0
0
0
0
0
0
0
0
0
0
0
0
0
0
0
0
0
0
0
0
0
0
0
0
0
0
0
0
0
0
0
0
0
0
0
0
0
0
0
0
0
0
0
0
0
0
0
0
0
0
0
0
0
0
0
0
0
0
0
0
0
0
0
0
0
0
0
0
0
0
0
0
0
0
0
0
0
0
0
0
0
0
0
0
0
0
0
0
0
0
0
0
0
0
0
0
0
0
0
0
0
0
0
0
0
0
0
0
0
0
0
0
0
0
0
0
0
0
0
0
0
0
0
0
0
0
0
0
0
0
0
0
0
0
0
0
0
0
0
0
0
0
0
0
0
