0
0
0
0
0
0
0
0
0
0
0
0
0
0
0
0
0
0
0
0
0
0
0
0
0
0
0
0
0
0
0
0
0
0
0
0
0
0
0
0
0
0
0
0
0
0
0
0
0
0
0
0
0
0
0
0
0
0
0
0
0
0
0
0
0
0
0
0
0
0
0
0
0
0
0
0
0
0
0
0
0
0
0
0
0
0
0
0
0
0
0
0
0
0
0
0
0
0
0
0
0
0
0
0
0
0
0
0
0
0
0
0
0
0
0
0
0
0
0
0
0
0
0
0
0
0
0
0
0
0
0
0
0
0
0
0
0
0
0
0
0
0
0
0
0
0
0
0
0
0
0
0
0
0
0
0
0
0
0
0
0
0
0
0
0
0
0
0
0
0
0
0
0
0
0
0
0
0
0
0
0
0
0
0
0
0
0
0
0
0
0
0
0
0
0
0
0
0
0
0
0
0
0
0
0
0
0
0
0
0
0
0
0
0
0
0
0
0
0
0
0
0
0
0
0
0
0
0
0
0
0
0
0
0
0
0
0
0
0
0
0
0
0
0
0
0
0
0
0
0
0
0
0
0
0
0
0
0
0
0
0
0
0
0
0
0
0
0
0
0
0
0
0
0
0
0
0
0
0
0
0
0
0
0
0
0
0
0
0
0
0
0
0
0
0
0
0
0
0
0
0
0
0
0
0
0
0
0
0
0
0
0
0
0
0
0
0
0
0
0
0
0
0
0
0
0
0
0
0
0
0
0
0
0
0
0
0
0
0
0
0
0
0
0
0
0
0
0
0
0
0
0
0
0
0
0
0
0
0
0
0
0
0
0
0
0
0
0
0
0
0
0
0
0
0
0
0
0
0
0
0
0
0
0
0
0
0
0
0
0
0
0
0
0
0
0
136
144
127
89
98
93
56
92
91
63
92
61
41
24
-6
39
-7
-27
11
-55
-65
-49
-41
-54
-86
-49
-88
-106
-107
-164
-177
-210
-209
-228
-274
-270
-291
-307
-284
-291
-333
-303
-300
-337
-304
-292
-325
-304
-284
-301
-290
-301
-285
-265
-272
-268
-264
-289
-276
-256
-248
-200
-161
-183
-188
-133
-191
-184
-127
-164
-88
-52
-61
-32
-70
-13
10
-2
82
89
105
172
181
198
245
264
277
322
345
348
368
382
376
369
384
382
385
419
412
390
405
395
353
389
356
382
405
351
401
325
328
428
289
328
450
251
404
467
293
510
452
422
510
403
442
466
456
449
485
452
365
317
318
245
157
256
99
-33
39
-147
-238
-197
-377
-412
-431
-598
-554
-678
-793
-732
-885
-942
-855
-944
-1017
-869
-960
-998
-845
-937
-852
-807
-805
-687
-767
-677
-619
-699
-546
-526
-585
-460
-508
-539
-388
-490
-432
-328
-450
-343
-286
-349
-277
-233
-236
-186
-183
-90
-103
-125
50
-27
32
230
122
192
336
278
366
373
394
542
445
527
638
513
627
623
611
732
619
703
795
704
729
791
753
702
733
758
727
671
740
754
717
772
719
735
710
725
703
623
871
673
558
843
533
462
727
548
337
558
578
249
458
377
153
387
106
141
224
-96
55
-69
-176
-147
-309
-230
-407
-517
-448
-595
-693
-635
-668
-974
-751
-710
-1151
-820
-836
-1176
-897
-858
-1054
-1044
-796
-860
-1060
-629
-688
-1072
-650
-620
-990
-715
-619
-818
-730
-733
-721
-725
-836
-717
-725
-742
-653
-723
-615
-608
-720
-545
-512
-617
-489
-334
-396
-412
-182
-61
-149
36
291
120
272
580
337
548
805
597
850
1018
883
929
1046
988
835
1015
1046
829
937
905
681
761
626
433
693
433
152
559
330
54
384
215
35
323
290
195
458
490
565
803
673
894
1074
921
1288
1265
1222
1579
1312
1245
1504
1262
1061
1329
1073
828
1033
543
448
468
3
-88
-182
-454
-735
-736
-919
-1179
-1189
-1278
-1397
-1575
-1418
-1338
-1505
-1322
-1142
-1163
-1101
-1035
-756
-654
-868
-322
-167
-360
-24
29
39
-50
180
303
8
186
259
108
-9
68
-15
-423
-225
-117
-721
-531
-332
-931
-817
-720
-936
-1127
-1061
-711
-1088
-1049
-831
-1013
-905
-1021
-920
-712
-915
-897
-566
-558
-743
-417
-115
-347
-256
78
-16
55
333
482
551
546
739
733
640
888
874
881
1128
1046
831
942
976
616
747
915
629
620
570
454
371
256
187
166
116
-191
-122
23
-340
-277
-1
-367
-453
-144
-268
-336
97
300
37
590
873
414
963
1273
1062
1390
1866
1812
1780
2181
1896
1929
2085
1846
2112
1645
1622
1803
911
1023
1033
303
203
145
-356
-685
-603
-1057
-1113
-1026
-1813
-1416
-1540
-2452
-1648
-1475
-2232
-1726
-982
-1864
-1800
-714
-1269
-1350
-414
-509
-788
181
45
-252
506
119
165
685
344
94
723
661
-267
417
595
-615
-193
380
-601
-732
-115
-611
-949
-840
-876
-1180
-1287
-945
-1378
-1455
-957
-1164
-1534
-1034
-860
-1668
-1027
-440
-1334
-1040
-143
-480
-720
-103
-162
-461
-70
151
317
460
454
635
925
665
299
1092
1070
299
969
1189
571
796
1174
715
512
772
533
580
530
485
677
313
381
124
127
246
-414
200
235
-387
6
75
-290
-234
106
-251
167
579
134
799
846
778
1111
1200
1396
1258
1794
1894
1722
2390
2233
1820
2377
2013
1861
2458
1563
1933
2118
727
1491
1178
-240
757
207
-989
-105
-391
-1624
-1342
-755
-2161
-2435
-1023
-2199
-2677
-1256
-1619
-2542
-1262
-1123
-2549
-747
-925
-2114
-245
-488
-1386
-56
223
-845
-140
540
34
-420
571
849
-781
603
964
-1000
253
603
-992
-239
271
-945
-723
-60
-873
-1320
-602
-657
-1695
-1066
-554
-1623
-1338
-545
-1413
-1458
-804
-1547
-1062
-742
-1186
-531
-355
-808
-642
121
-269
-497
556
470
-92
763
1121
215
796
1381
465
1002
1594
773
815
1576
1237
552
1364
1306
199
829
1112
48
203
826
-163
-205
408
-531
-379
192
-492
-508
74
-218
-563
-145
0
-418
-260
474
173
-20
994
1086
598
1333
1740
1203
1836
2220
1729
2196
2273
2373
2331
1917
2612
1906
1604
2522
1661
1279
1666
1281
340
502
556
-845
-513
-138
-1394
-1477
-782
-1638
-2322
-1509
-1639
-2496
-2041
-1101
-1897
-2088
-814
-1282
-1655
-625
-765
-1298
-411
-210
-667
-57
251
-242
-348
205
40
-471
45
674
-78
-671
471
-271
-1538
-40
-117
-1370
-504
-49
-1192
-1174
-163
-993
-1334
-360
-1013
-1424
-1024
-1187
-1287
-1341
-1156
-1219
-1423
-1227
-1260
-1284
-988
-508
-666
-779
-23
-218
-529
381
437
-222
513
1036
474
684
995
808
657
753
927
849
911
819
960
1149
467
267
689
572
249
486
500
119
491
290
19
181
-386
-23
474
-218
-103
380
-609
-264
506
-714
55
670
-8
899
916
967
1610
1220
1644
2344
1626
1663
2930
2339
1894
3261
2552
1537
2638
2390
1171
1675
1935
1034
667
959
746
-779
-265
421
-2184
-1014
443
-2807
-1696
150
-2971
-2741
-310
-2436
-3082
-468
-1434
-2440
-967
-634
-1324
-1453
56
-361
-1141
503
-120
-368
611
-248
317
641
-302
408
431
-206
-99
27
141
-617
-521
-63
-1171
-833
-27
-1056
-1056
-193
-1242
-1881
-758
-1296
-2042
-936
-874
-1644
-1616
-1116
-1392
-1995
-725
-822
-1617
-317
-1025
-852
320
-935
-361
467
-435
77
928
253
343
1020
978
1014
601
1104
972
202
1544
1346
129
1155
1413
163
449
1028
381
180
619
608
-181
-11
161
-704
-37
-163
-755
240
-687
-1019
-105
-796
-508
62
34
487
701
1248
1298
1009
2100
1884
1539
2937
2778
2227
2963
3438
2588
2647
3091
2242
2490
2242
2010
1949
1418
1393
408
579
364
-918
-502
-602
-1411
-1254
-1046
-2009
-2231
-1569
-2668
-2696
-1348
-2771
-2790
-925
-2199
-2770
-1453
-1335
-1968
-1459
-19
-862
-940
777
24
-299
395
119
-71
482
1084
93
588
1439
-214
179
1123
-532
-626
886
-183
-839
496
-434
-1590
-494
-601
-2035
-1271
-714
-2112
-1546
-631
-1849
-2224
-1302
-1473
-2163
-1337
-702
-1583
-1423
-495
-766
-925
-374
-195
-203
27
426
1049
1011
563
900
825
437
607
879
1000
551
834
1246
521
636
942
233
359
898
356
363
682
-24
-588
-368
-321
-995
-602
9
-674
-581
-111
-822
-1325
-679
-792
-1014
257
755
570
1179
1747
1501
1622
3024
2934
2509
4054
3944
3496
4651
4296
3290
3388
3585
2546
2306
3491
2453
1573
2253
1119
-414
-133
-278
-1765
-1306
-928
-2369
-1934
-1767
-3148
-3047
-2560
-3317
-3422
-2370
-2748
-3088
-1647
-1907
-2687
-1771
-1602
-1672
-906
-1
89
-119
614
448
-84
920
803
524
1194
1397
1420
1211
1372
464
540
362
-550
169
-61
-724
-147
-44
-1363
-1565
-1356
-1656
-2270
-1819
-1192
-2143
-2027
-1593
-2172
-2152
-1712
-1671
-1938
-1446
-952
-1076
-222
-80
-646
-309
100
251
243
694
1033
869
893
774
925
791
369
937
963
635
857
922
843
13
230
678
-273
20
375
-27
-177
-548
-746
-793
-1236
-1166
-532
-758
-778
-1081
-1670
-1574
-1638
-746
176
813
1508
1262
1643
2304
2300
2882
3707
3683
3728
4601
5103
4966
4980
4792
3932
3513
3694
3475
3466
2764
2010
2068
840
-31
-161
-966
-1866
-1901
-1621
-2656
-2995
-2661
-3521
-4161
-3639
-3805
-3938
-2928
-3115
-3043
-2321
-2414
-2993
-2758
-1567
-1871
-1547
418
786
-31
918
1401
205
602
1480
1645
1616
2503
2693
1735
1790
1443
721
181
724
575
-305
214
164
-705
-1526
-1359
-2353
-3155
-2074
-2507
-2459
-1800
-2448
-2639
-2401
-2914
-2305
-1570
-1817
-921
-609
-519
-227
-248
2
-362
-197
173
167
708
1047
778
977
860
251
839
588
-197
803
1120
483
823
757
-110
-322
-358
-553
-441
-531
-669
-504
-543
-884
-879
-309
-603
-1612
-1373
-1096
-2067
-1706
125
849
1035
1195
1613
1846
1841
3337
4477
4503
4346
4782
5803
5806
5527
5444
5328
4627
3963
4365
4775
3921
2531
2109
1245
-78
-1107
-1119
-1061
-2727
-2845
-2037
-3141
-4268
-4100
-4266
-5051
-4580
-3644
-3736
-3832
-3037
-3044
-3388
-2593
-2104
-2460
-1913
-513
-661
54
1585
859
428
901
970
950
1871
2876
2758
2973
3035
2284
1866
1394
839
1340
1370
906
533
-259
-457
-1340
-2061
-2025
-2663
-3096
-3005
-2834
-3027
-3071
-3489
-3763
-3107
-2935
-3033
-2130
-1321
-1966
-1142
59
-519
-508
-145
207
480
816
1291
1357
1021
738
1183
1161
433
596
968
-19
-288
500
325
-101
-78
-2
-912
-1388
-993
-865
-505
-750
-657
-440
-1527
-2492
-2676
-2545
-2335
-1280
966
2586
2157
1491
1793
1709
2189
4360
6183
6474
6187
6221
6997
7427
6495
5991
6297
5294
4192
5216
5835
3743
1867
1671
742
-916
-1458
-1227
-2026
-3428
-3566
-3068
-4014
-5617
-5560
-5452
-5993
-5347
-4175
-3707
-4030
-3919
-3426
-3510
-3206
-2324
-1864
-1200
-211
-121
570
1401
388
0
629
801
1308
2397
3514
3711
3419
3245
2440
1807
2035
2117
2133
2528
1763
381
-34
-383
-1054
-2037
-2552
-2631
-3076
-3135
-2675
-2742
-3869
-4457
-3880
-3649
-3916
-3267
-2308
-2274
-2009
-1545
-1376
-1504
-1327
-565
-575
-76
1487
1671
959
1516
2005
1193
1189
2238
2357
1079
257
932
938
-14
-88
87
-813
-2070
-1761
-571
-729
-1404
-961
-651
-2484
-4025
-3047
-2772
-3112
-1113
2005
3319
1965
990
1774
2139
3216
6550
8997
8000
6289
6913
7913
7001
6354
7142
6761
5093
5051
6212
5186
2350
910
674
-274
-1182
-1202
-1751
-3481
-4689
-4349
-4379
-5522
-6094
-6014
-6120
-6192
-5127
-3960
-4689
-5121
-4100
-3514
-3458
-2937
-1648
-1240
-1202
67
960
961
764
855
930
933
1556
2624
3514
3410
3490
3545
2347
1981
2771
2974
2970
3134
2553
1286
249
56
-320
-1250
-1654
-2082
-2667
-3048
-3336
-3693
-3900
-4265
-5056
-4347
-3044
-3208
-3457
-2990
-2596
-2613
-2596
-1757
-632
-925
-1558
-457
985
623
388
1802
1682
376
1036
2481
2158
1014
1001
933
491
398
387
264
-713
-1837
-1535
-667
-453
-590
-1178
-2286
-3681
-4222
-3230
-2056
-611
1276
2464
2070
1044
1141
2094
3983
6572
8459
8701
7501
6724
7121
7520
7430
7755
8124
6820
5287
5853
5606
2775
1313
1590
643
-686
-913
-1283
-3027
-4949
-5126
-4761
-5739
-6519
-6204
-5982
-6595
-6696
-5278
-4888
-5895
-5763
-4248
-3630
-3760
-2572
-1740
-1867
-1456
-487
405
546
426
446
1093
1620
1423
2667
4192
4050
3478
3222
2705
1585
2475
4621
4219
3288
2630
699
-332
492
887
-121
-1041
-1620
-2583
-3204
-3413
-3402
-3281
-3820
-3940
-2865
-2447
-3412
-3955
-3699
-3790
-3034
-1359
-740
-1028
-1743
-2094
-1420
-605
366
831
367
641
1287
1189
903
567
152
-290
-174
1134
1383
-263
-1521
-1921
-1735
-1201
108
1205
14
-2009
-3706
-4546
-3831
-1675
1437
3925
4590
2766
349
187
2357
5864
9333
10633
8952
6965
6928
7444
7219
7355
7988
7473
5985
5425
5543
3972
1214
146
1178
1453
-27
-1254
-2388
-4111
-5258
-4825
-4368
-5136
-5901
-6607
-6806
-6180
-5680
-5501
-5834
-6200
-5441
-4359
-4075
-3353
-2592
-2757
-2677
-1473
354
644
42
324
205
-129
603
2268
3339
3380
3849
3849
2848
1859
1553
3023
4861
4905
3752
2151
273
-258
925
1572
979
41
-1027
-2287
-3048
-2876
-2589
-2905
-2846
-2163
-2472
-3346
-3874
-4108
-3909
-3144
-1587
-1005
-2133
-3180
-3350
-2814
-2044
-590
680
75
-700
-380
-93
-684
-1064
-458
-313
-372
259
654
-63
-1361
-1898
-1456
-557
608
1482
1073
-677
-2739
-3631
-3090
-1232
2161
5153
5782
3806
1131
346
2276
6620
10677
11625
9367
6240
5221
6468
8267
9461
9564
8026
5074
3043
3364
3839
2576
1080
872
1035
16
-1848
-3330
-4432
-4872
-4290
-4194
-5145
-5690
-6163
-7498
-7736
-5530
-3708
-4853
-6586
-5890
-4460
-4451
-4311
-3093
-2379
-2501
-2038
-560
427
-143
-851
-391
568
1364
1797
1934
2400
2974
2910
2626
2714
2921
3161
3909
4629
3869
1753
386
1068
2374
2302
1283
454
-1033
-3020
-3121
-1381
-1028
-2690
-3407
-2816
-2812
-3183
-2922
-3221
-4144
-3226
-1555
-1358
-2285
-3232
-3546
-3336
-2163
-562
-7
-852
-1561
-937
-424
-965
-1018
-248
-752
-1359
-428
-52
-1072
-1804
-1143
-717
-735
639
1619
-229
-2793
-2903
-1652
-986
607
3890
5841
4465
2029
1241
2582
5736
9799
11878
9575
5583
4771
6958
8473
8908
9791
9374
6005
2764
2805
4232
3980
2311
890
103
-965
-2337
-3501
-3768
-2891
-2738
-3955
-5519
-6231
-6115
-6186
-5858
-4926
-4128
-4514
-5900
-6438
-5347
-4198
-3828
-3042
-2208
-2098
-2309
-1627
-675
-385
105
82
-213
66
1015
1591
1305
1917
3133
3119
1924
2247
3503
3586
3927
4379
3318
1230
809
2311
2819
1570
889
656
-1265
-3107
-2688
-1463
-2009
-3031
-2859
-2905
-3190
-3231
-3364
-3987
-3463
-1741
-1750
-2719
-2808
-3000
-4166
-3929
-1214
316
-1025
-2548
-2282
-1552
-1507
-1204
-401
-444
-1385
-1536
-988
-1307
-1998
-1313
-26
-13
-353
267
159
-1735
-2606
-788
893
1008
2312
5070
5383
2854
1686
3420
6031
8789
11032
9858
5696
4200
7182
9556
8865
8496
8884
6182
1936
1931
4951
5277
2913
1176
134
-1417
-2773
-3060
-2902
-2877
-2901
-3739
-5820
-7128
-6146
-5076
-5702
-5770
-4157
-3786
-5521
-6348
-5344
-4492
-4145
-3215
-2153
-2075
-2591
-2415
-1259
-114
372
558
581
401
764
1689
1953
1842
2498
2867
2128
2283
3956
4751
4096
3580
2921
1462
1128
2875
3880
2171
12
-359
-399
-1566
-2059
-1117
-1223
-2770
-3423
-3088
-3080
-3287
-3441
-3475
-3043
-2618
-2838
-3191
-3178
-3284
-3679
-3377
-2009
-1120
-1672
-2455
-2354
-1702
-1297
-1122
-582
-399
-1315
-1857
-1277
-1123
-1532
-1047
-37
48
-401
-255
-406
-1801
-2464
-946
665
1168
2366
4566
5220
3227
1441
2762
6167
9450
11313
10004
6071
3927
6017
9352
10428
9676
8394
5758
2407
1681
4045
5536
3833
1045
-771
-2125
-3293
-3515
-2978
-2460
-2359
-3362
-5720
-7511
-6847
-5225
-4896
-4993
-4202
-4131
-5801
-6795
-5428
-3762
-3506
-3095
-2105
-2102
-2817
-2463
-633
673
801
710
341
227
936
1980
2220
1950
2860
3316
2290
2193
3702
5363
5198
3607
2432
1565
1471
2866
3974
3176
1039
-1139
-2101
-1800
-1150
-1162
-1605
-2110
-3509
-4332
-3772
-3267
-3405
-3289
-2551
-2655
-3001
-2741
-2637
-3184
-3501
-2388
-1503
-1696
-2059
-2308
-2426
-2297
-1474
-586
-677
-1487
-1890
-1695
-1743
-1934
-1336
-306
-211
-771
-697
-438
-1361
-2696
-2234
-60
1751
2739
3841
4386
3279
2188
3745
7529
10713
11333
9104
5580
4283
7115
10849
11274
9110
7087
4853
2111
1722
4449
6254
4480
1091
-1606
-3154
-3361
-2802
-2903
-3435
-3301
-3776
-6297
-8399
-7411
-5503
-5550
-5937
-4604
-3723
-5280
-6779
-5810
-3929
-3003
-2340
-1422
-1330
-2245
-2475
-1258
296
1472
1656
646
-448
-167
1900
3431
3297
3021
2740
2045
1481
2844
5853
6800
4810
1882
165
876
2890
4338
3503
892
-1095
-1773
-1769
-1395
-732
-561
-2019
-4169
-4541
-3257
-2416
-2900
-3205
-2278
-1998
-2725
-3065
-2651
-2396
-2861
-2629
-1789
-1446
-1662
-2384
-3223
-3271
-1777
-167
-560
-2177
-2824
-2510
-2472
-2360
-1483
-745
-1039
-1391
-916
-686
-1699
-2793
-2326
-435
1733
3524
4696
4559
3099
2407
4490
8525
11828
12126
9166
5345
4369
7915
11838
11882
9629
6801
3919
2006
2294
4886
6132
3914
231
-2897
-4060
-3436
-2616
-2806
-4308
-5406
-5812
-7368
-8469
-7248
-5671
-6131
-7486
-6644
-4492
-4092
-5277
-5609
-4478
-3281
-2110
-774
-205
-820
-1530
-1141
156
1940
2980
2060
508
350
2161
3935
4037
3523
2688
1879
1815
2814
4842
5657
4326
1691
-400
279
2355
3504
2334
-157
-1483
-1901
-2013
-2126
-1962
-1478
-2277
-3677
-3803
-2699
-2163
-3205
-3501
-2140
-1169
-1435
-2430
-2809
-2486
-2113
-1506
-1012
-606
-1076
-2466
-3038
-2307
-965
-335
-842
-1776
-2510
-2992
-3029
-2409
-1429
-732
-1177
-1721
-1871
-2073
-2172
-2476
-1921
-59
2042
3899
4985
4411
2795
2837
5764
9927
12570
12037
8703
5084
5008
8943
12621
12548
9433
5908
3256
1813
2797
5311
5582
2517
-1290
-3876
-4805
-3739
-2292
-2852
-5263
-7183
-7521
-8038
-8052
-6526
-5902
-6984
-7814
-6670
-4865
-4557
-4987
-4620
-3808
-3373
-2382
-648
227
16
-100
393
1158
2137
2988
2827
2089
2533
3910
3986
3234
2957
2829
2513
2110
3080
4660
4488
2707
450
-688
187
2131
2820
1035
-1547
-2836
-2723
-2390
-2312
-2363
-2483
-2920
-3384
-3109
-2323
-2286
-2746
-2129
-1238
-898
-1135
-1833
-2089
-2005
-1495
-899
-816
-860
-977
-1429
-2211
-2446
-1443
-424
-785
-1727
-2388
-2820
-3165
-2762
-1402
-901
-1526
-2274
-2239
-2050
-2575
-2410
-1198
595
2093
3423
4709
4423
3166
3160
5968
9978
12157
11553
8774
6106
6111
9026
11792
11483
8869
6073
3636
2107
2912
4894
4640
1612
-1495
-3401
-4606
-4598
-3434
-3386
-5413
-7364
-7874
-8070
-8205
-7149
-5887
-6579
-7985
-7142
-4900
-4128
-4265
-3478
-2998
-3774
-3316
-501
1722
1661
1236
1474
1378
1255
2206
3418
3723
3893
4372
4018
2845
2412
2632
2354
2364
3721
5123
4029
1044
-1089
-1451
-219
1350
2037
862
-1845
-3670
-3972
-3439
-2691
-1969
-1589
-2412
-3559
-3528
-2664
-2278
-2265
-1554
-587
-599
-1351
-1742
-1633
-1350
-815
-133
57
-519
-1240
-1582
-1667
-1437
-654
-76
-804
-2192
-2707
-2393
-2298
-2351
-1953
-1574
-1721
-1838
-1580
-1723
-2550
-2865
-1585
506
1937
3152
4522
4990
3842
2744
4574
8217
10839
11298
9712
7299
5751
7011
9583
10073
8530
6646
4746
2731
2024
2985
3205
1314
-1121
-2627
-3467
-3843
-3726
-4060
-5629
-7183
-7404
-7056
-7005
-6650
-6037
-6367
-7343
-7005
-4931
-3319
-2905
-2790
-2868
-3229
-3230
-1344
1211
2132
1819
1492
1629
1470
1496
2569
3706
4206
4125
3634
2873
2336
2286
2176
2057
2679
3638
3406
1691
-227
-1232
-1139
-216
837
927
-311
-2100
-3479
-4035
-3723
-2675
-1454
-1100
-2065
-3256
-3430
-2877
-2252
-1277
-214
-262
-1258
-1683
-1200
-765
-724
-644
-376
-214
-396
-804
-1240
-1578
-1467
-783
-417
-1105
-2023
-2223
-2182
-2441
-2450
-1891
-1334
-1088
-916
-960
-1695
-2705
-2576
-763
1490
3023
4041
4491
3545
2019
2471
5458
8480
9543
8952
7471
5856
5606
7099
8230
7416
5808
4735
3824
2821
2289
1939
894
-546
-1470
-1922
-2390
-2804
-3208
-4064
-5187
-5730
-5530
-5145
-4779
-4478
-4697
-5383
-5449
-4257
-2684
-1778
-1573
-1865
-2554
-2699
-1264
880
1923
1748
1408
1059
527
479
1317
2285
2725
2821
2689
2071
1222
850
939
929
1129
2125
2928
2024
-32
-1415
-1586
-1002
129
1007
329
-1555
-2847
-3055
-3036
-2731
-1705
-943
-1358
-2010
-2015
-2051
-2263
-1532
-130
171
-642
-881
-392
-440
-892
-649
58
360
392
339
-304
-1178
-1022
44
549
27
-767
-1366
-1655
-1474
-1117
-1134
-1467
-1627
-1380
-865
-508
-741
-1456
-2078
-2187
-1745
-830
512
2046
3131
3138
2190
1128
901
2306
5181
7652
7756
5619
3252
2516
3562
5298
6394
5865
4027
2253
1602
2050
2354
1604
586
-14
-589
-1158
-1340
-1215
-1164
-1421
-1894
-2363
-2792
-3092
-2906
-2206
-1742
-2029
-2539
-2712
-2640
-2367
-1831
-1430
-1569
-1896
-1704
-923
-214
-95
-409
-803
-1081
-906
-85
785
981
615
137
-348
-589
-159
765
1544
1848
1635
820
-280
-666
298
1902
2676
1836
124
-1081
-1060
-10
907
560
-688
-1841
-2362
-1926
-904
-348
-690
-1457
-1857
-1573
-1132
-864
-654
-697
-851
-742
-735
-1016
-1170
-924
-278
208
107
-226
-656
-934
-544
-15
4
-219
-436
-609
-666
-634
-618
-777
-889
-685
-572
-922
-1468
-1837
-1827
-1330
-632
7
392
438
670
1072
1128
1038
1483
2696
4055
4710
4244
3234
2576
2730
3845
4988
4868
3631
2378
1983
2572
3239
3003
2077
1286
995
989
859
310
-543
-1060
-872
-465
-608
-1430
-2363
-3033
-3144
-2438
-1477
-1337
-2115
-2744
-2679
-2399
-2473
-2289
-1558
-1249
-1257
-1058
-898
-1079
-1364
-1320
-1104
-761
-164
525
814
536
154
-168
-238
296
1236
1978
2049
1640
1121
692
906
1613
1888
1409
590
130
-92
-255
-83
-113
-895
-1727
-1642
-1143
-971
-1064
-1173
-1174
-1239
-1011
-680
-1116
-2015
-2205
-1342
-431
-44
-114
-758
-1606
-1717
-805
274
684
404
-21
-312
-398
-47
371
237
-165
-363
-465
-462
-380
-452
-617
-745
-909
-1081
-1344
-1701
-1641
-1343
-1171
-680
205
761
666
536
596
950
1726
2688
3568
3622
3196
3247
3661
4117
4205
3906
3533
3093
3023
3723
4279
3751
2525
1409
784
622
761
831
381
-546
-1369
-1546
-1354
-1569
-2316
-3000
-3132
-2775
-2302
-1953
-2000
-2626
-3276
-3246
-2609
-1879
-1484
-1522
-1641
-1538
-1121
-407
-26
-333
-569
-379
-178
194
883
1360
1304
765
242
69
410
1383
2116
2183
1791
1242
958
784
708
743
579
176
5
164
-82
-797
-1411
-1679
-1627
-1214
-676
-860
-1627
-2030
-1767
-1299
-1140
-1005
-1155
-1703
-1779
-1251
-598
-311
-464
-752
-856
-669
-250
304
544
393
213
151
166
312
394
150
-58
-156
-239
-259
-392
-606
-903
-1143
-1119
-1027
-1082
-1375
-1619
-1541
-1202
-627
89
822
1254
1259
1274
1623
2212
2789
3234
3482
3544
3658
4017
4445
4467
3937
3228
2840
2865
3008
3113
2863
1995
959
395
243
-54
-607
-1171
-1420
-1497
-1697
-1799
-2101
-2866
-3474
-3346
-2648
-2042
-1928
-2189
-2512
-2617
-2125
-1238
-747
-873
-1235
-1192
-623
84
700
834
505
87
-63
256
720
1170
1371
1197
891
637
525
463
590
923
1124
1069
857
610
270
2
-58
-152
-385
-625
-680
-765
-1105
-1409
-1435
-1433
-1583
-1454
-1284
-1405
-1509
-1458
-1197
-1054
-1070
-1078
-1107
-1145
-898
-358
-241
-408
-574
-636
-421
-41
399
425
167
101
275
493
574
521
52
-662
-870
-376
135
92
-233
-560
-936
-1240
-1211
-1055
-1213
-1441
-1207
-598
-75
313
787
1280
1619
1842
2269
2773
3185
3637
4025
4222
3987
3826
4140
4403
4367
3852
3018
2209
1667
1558
1644
1568
1015
98
-839
-1584
-2012
-2218
-2260
-2197
-2237
-2448
-2685
-3006
-3350
-3208
-2621
-1939
-1586
-1663
-1690
-1600
-1209
-515
144
457
252
105
253
567
902
1034
956
682
524
623
693
627
524
437
353
287
146
-57
-140
4
179
114
6
-123
-239
-252
-340
-367
-549
-782
-671
-427
-427
-831
-1169
-1302
-1307
-1038
-691
-666
-1060
-1476
-1569
-1370
-1247
-1064
-848
-868
-815
-632
-529
-570
-522
-367
-101
224
348
324
58
-59
241
555
616
411
112
-245
-402
-260
-117
-225
-564
-822
-895
-921
-1033
-1218
-1407
-1494
-1353
-897
-327
163
774
1530
2244
2675
2899
3192
3576
4080
4526
4738
4681
4446
4317
4354
4303
3869
2997
1968
1148
677
515
385
35
-565
-1388
-2219
-2974
-3500
-3635
-3447
-3056
-2796
-2760
-2857
-2945
-2726
-2194
-1456
-802
-448
-260
-105
243
724
1210
1544
1558
1482
1429
1478
1447
1178
837
475
312
287
201
60
-239
-621
-990
-1247
-1393
-1587
-1595
-1303
-939
-715
-757
-746
-587
-372
-47
5
-194
-369
-374
-23
351
310
-70
-497
-844
-895
-703
-654
-903
-1235
-1328
-1246
-1088
-1071
-1201
-1247
-1150
-783
-373
-219
-334
-319
-62
109
290
403
336
288
452
746
866
819
681
470
172
-205
-507
-696
-905
-1081
-1188
-1427
-1801
-2079
-2117
-1968
-1804
-1731
-1720
-1542
-734
835
2626
3925
4311
4106
4027
4552
5579
6318
6278
5535
4764
4728
5183
5449
4908
3348
1401
-29
-621
-732
-879
-1313
-1903
-2532
-3130
-3656
-4309
-4923
-5042
-4643
-4014
-3404
-2847
-2228
-1509
-646
181
625
683
662
939
1552
2107
2436
2518
2369
2292
2351
2275
1844
979
8
-668
-1079
-1293
-1321
-1281
-1299
-1427
-1650
-2144
-2921
-3468
-3365
-2628
-1630
-840
-463
-258
86
666
1335
1556
1174
528
119
274
715
1084
980
360
-297
-731
-1040
-1374
-1765
-2046
-1994
-1787
-1518
-1296
-1302
-1242
-984
-641
-428
-499
-624
-493
-57
497
966
1106
867
603
658
946
1228
1219
909
573
167
-149
-272
-527
-1109
-1813
-2329
-2778
-3142
-3289
-3281
-3162
-3013
-2644
-1966
-1186
-78
1558
3215
4442
5124
5576
6184
6903
7636
7907
7396
6393
5601
5433
5381
4872
3684
2128
595
-504
-1177
-1988
-2973
-3932
-4483
-4610
-4667
-4725
-4800
-4878
-4857
-4393
-3638
-2936
-2149
-1138
45
1045
1732
2372
2844
3020
3226
3339
3101
2676
2408
2457
2474
2293
1883
1197
271
-753
-1592
-2370
-3051
-3501
-3685
-3470
-3184
-2896
-2859
-3331
-3891
-4300
-4101
-3354
-2270
-964
92
1119
2090
2963
3547
3576
3326
2688
1912
1308
1030
1045
950
676
163
-692
-1734
-2553
-3000
-3211
-3251
-3225
-3082
-2647
-1855
-839
-11
279
196
110
220
534
902
1138
1150
1100
1267
1639
1963
2059
1879
1370
609
-151
-744
-1221
-1661
-2063
-2421
-2734
-3019
-3299
-3586
-3815
-3892
-3781
-3513
-3044
-2333
-1288
377
2552
4809
6479
7312
7724
7901
8244
8707
8796
8268
7124
6169
5630
5073
4307
3164
1688
-193
-2057
-3562
-4810
-5525
-5875
-6001
-6114
-6389
-6310
-5845
-5110
-4240
-3520
-2937
-2281
-1260
109
1559
2787
3804
4799
5597
6052
6189
5889
4983
3749
2732
2083
1613
1185
705
-30
-999
-1973
-2889
-3880
-4965
-5722
-6087
-6083
-5634
-4996
-4279
-3728
-3164
-2524
-2156
-1900
-1751
-1435
-554
984
2817
4105
4694
4926
5018
4939
4431
3263
1554
-121
-1197
-1631
-1817
-2025
-2264
-2576
-3007
-3459
-3788
-3914
-3706
-3059
-2162
-1236
-282
742
1750
2611
3188
3224
2674
1950
1387
1012
905
938
1003
1145
1204
1147
925
259
-902
-2045
-2986
-3838
-4364
-4797
-5005
-4852
-4592
-3981
-3398
-3040
-2718
-2558
-2358
-1876
-856
554
2470
4940
7212
9072
10134
10589
10934
10869
10414
9335
7621
5793
4510
3760
3045
2193
756
-944
-2690
-4362
-5402
-6391
-7419
-8170
-8675
-8592
-7936
-6704
-5203
-3817
-2539
-1467
-458
519
1554
2685
3722
4679
5507
6214
6817
7254
7248
6561
5349
3844
2330
1057
-71
-1186
-2110
-2848
-3433
-3841
-4276
-4810
-5352
-5946
-6362
-6245
-5729
-4885
-4092
-3309
-2212
-1165
-177
437
578
516
732
1616
2674
3593
4049
4362
4632
4516
3969
2732
1111
-596
-1952
-2774
-3372
-3793
-3946
-3871
-3598
-2943
-2139
-1297
-830
-735
-509
-136
682
1786
2794
3431
3742
3865
3642
2984
2031
1004
-149
-1044
-1722
-2073
-2051
-2012
-1879
-2115
-2559
-3021
-3522
-4017
-4423
-4573
-4784
-4712
-4315
-3476
-2255
-1147
-142
570
1114
1593
2213
2884
3288
3938
5209
6975
8640
9617
9868
9695
9377
8953
8134
6504
4315
2273
735
-424
-1382
-2205
-3003
-3861
-4621
-5133
-5533
-5984
-6550
-7073
-7192
-6727
-5735
-4460
-3268
-2107
-651
840
2141
3349
4358
5012
5236
5367
5641
5854
5756
5243
4437
3417
2518
1796
845
-186
-1167
-2152
-3075
-3924
-4554
-4969
-5217
-5338
-5434
-5397
-4981
-3989
-2857
-2011
-1302
-719
-142
348
486
364
39
-122
269
1114
1993
2534
2794
2822
2711
2550
2158
1328
17
-1429
-2537
-3031
-2983
-2726
-2491
-2209
-1688
-892
19
759
1131
1170
1149
1311
1642
2059
2376
2410
2319
2238
1966
1411
595
-446
-1599
-2714
-3503
-3822
-3898
-3929
-3751
-3342
-2810
-2164
-1700
-1572
-1713
-1919
-1895
-1766
-1518
-1051
-433
385
1204
1986
2721
3104
3142
2937
2564
2118
1883
2287
3178
3996
4535
5045
5753
6576
7126
6932
5800
4031
2355
1161
87
-1060
-1925
-2491
-2978
-3251
-3173
-2974
-3038
-3480
-4059
-4413
-4463
-4269
-4004
-3803
-3255
-2004
-290
1267
2639
3726
4283
4560
4638
4670
4300
3577
2828
2070
1585
1179
874
367
-291
-721
-1015
-1317
-2074
-3027
-3989
-4692
-4982
-4979
-4653
-4213
-3266
-1995
-809
280
985
1313
1346
1096
594
50
-321
-299
158
624
937
1296
1783
2258
2521
2365
1616
277
-1260
-2444
-3128
-3461
-3508
-3257
-2694
-1817
-694
410
1201
1642
1827
1804
1630
1404
1155
898
745
818
1098
1441
1581
1263
521
-331
-1047
-1658
-2259
-2769
-3059
-3044
-2640
-1898
-1160
-701
-386
-51
130
36
-159
-370
-654
-857
-758
-460
-197
26
315
552
598
507
318
-9
-365
-358
266
1195
2110
3168
4434
5723
6875
7542
7500
6786
5601
4299
2894
1362
-50
-1155
-1980
-2590
-2626
-2263
-2123
-2170
-2352
-2539
-2767
-3169
-3552
-3944
-4144
-3902
-3191
-2195
-1076
321
1785
2970
3739
4244
4500
4214
3625
2982
2138
1183
369
-261
-710
-948
-1017
-1078
-1313
-1668
-2090
-2587
-3163
-3729
-4082
-4178
-4016
-3486
-2696
-1770
-705
313
1230
1876
2039
1965
1728
1368
1053
795
583
325
221
400
649
949
1094
904
321
-589
-1390
-1979
-2525
-3003
-3206
-3006
-2509
-1712
-608
493
1353
2061
2532
2706
2687
2481
2015
1386
952
801
810
759
653
577
255
-181
-644
-1177
-1562
-1872
-2151
-2354
-2451
-2279
-1833
-1323
-892
-550
-389
-386
-501
-713
-837
-946
-1044
-1107
-1134
-951
-680
-444
-335
-393
-489
-576
-542
-277
275
1096
2031
3027
4148
5358
6474
7308
7622
7311
6530
5509
4303
2812
1248
-191
-1507
-2519
-3111
-3314
-3366
-3414
-3302
-3117
-2945
-2876
-2936
-3047
-3256
-3147
-2568
-1888
-1038
-20
1056
2134
3104
4031
4647
4736
4379
3613
2710
1791
922
84
-830
-1604
-2216
-2645
-2800
-2822
-2864
-3045
-3315
-3614
-3766
-3661
-3448
-3013
-2433
-1807
-1048
-236
700
1632
2288
2592
2559
2424
2325
2157
1848
1493
1150
841
666
475
289
45
-440
-987
-1526
-1924
-2251
-2593
-2876
-2902
-2474
-1892
-1226
-544
187
951
1770
2558
2940
3077
2987
2862
2657
2463
2390
1976
1393
755
238
-229
-588
-825
-1293
-1744
-2190
-2457
-2517
-2535
-2428
-2363
-2299
-2175
-1999
-1737
-1421
-1173
-986
-908
-822
-672
-540
-335
-267
-238
-242
-294
-194
-146
-5
166
366
820
1386
2141
2913
3695
4544
5215
5759
5935
5720
5191
4441
3777
2849
1704
612
-515
-1498
-2126
-2396
-2514
-2589
-2665
-2697
-2583
-2432
-2324
-2252
-2219
-2159
-1915
-1514
-1092
-556
235
1126
1895
2552
3121
3478
3544
3432
3144
2501
1595
655
-249
-1023
-1643
-2198
-2642
-2936
-3089
-3077
-3015
-2970
-2852
-2700
-2537
-2271
-1965
-1652
-1250
-830
-414
82
565
951
1290
1526
1675
1795
1788
1646
1457
1268
1018
727
454
82
-256
-572
-936
-1124
-1306
-1519
-1625
-1707
-1602
-1317
-960
-522
-70
415
938
1490
1957
2230
2359
2313
2201
2078
1843
1533
1131
656
222
-96
-372
-614
-865
-1245
-1556
-1863
-2072
-2118
-2234
-2332
-2344
-2196
-2054
-1876
-1609
-1436
-1257
-1061
-875
-818
-765
-702
-649
-520
-449
-334
-209
-63
43
173
460
633
899
1397
1918
2444
2996
3598
4140
4594
5067
5285
5074
4677
4130
3429
2539
1543
559
-482
-1331
-1937
-2399
-2657
-2829
-2866
-2710
-2489
-2225
-1969
-1790
-1587
-1321
-1024
-690
-350
9
426
947
1553
2128
2604
2904
3016
3036
2881
2499
1946
1179
302
-536
-1337
-2030
-2591
-3086
-3459
-3645
-3632
-3424
-3102
-2747
-2398
-2045
-1672
-1281
-878
-492
-173
85
288
439
627
843
1125
1423
1635
1800
1849
1872
1837
1688
1461
1002
430
-129
-627
-1044
-1428
-1725
-1937
-1969
-1720
-1299
-866
-427
9
380
720
1028
1251
1328
1226
1072
989
877
754
697
621
534
486
406
238
38
-234
-467
-666
-1009
-1307
-1585
-1855
-1996
-2008
-1937
-1935
-1901
-1822
-1685
-1497
-1391
-1293
-1274
-1238
-1143
-1032
-817
-719
-616
-461
-336
-36
282
627
1007
1389
1883
2437
3022
3546
4061
4562
4952
5239
5352
5233
4862
4350
3781
3061
2150
1147
124
-805
-1571
-2199
-2679
-3105
-3351
-3313
-3126
-2791
-2449
-2124
-1810
-1549
-1147
-790
-483
-132
170
510
890
1365
1806
2196
2517
2689
2728
2547
2283
1809
1143
425
-343
-1147
-1968
-2634
-3206
-3551
-3705
-3745
-3582
-3337
-2942
-2452
-1933
-1449
-1071
-726
-432
-164
60
246
410
589
870
1209
1574
1858
2107
2330
2411
2447
2300
1922
1392
782
218
-366
-871
-1306
-1647
-1825
-1822
-1542
-1225
-883
-486
-176
142
386
552
619
495
352
207
70
-5
-72
-71
-66
-49
61
135
112
53
-3
-169
-399
-658
-952
-1224
-1502
-1641
-1728
-1814
-1882
-1929
-1830
-1731
-1524
-1294
-1151
-1045
-1005
-904
-802
-672
-521
-336
-163
0
303
603
980
1426
1963
2631
3199
3800
4414
4928
5356
5607
5664
5402
4970
4427
3738
2929
1916
913
-35
-880
-1561
-2062
-2455
-2810
-2955
-3018
-2917
-2733
-2591
-2397
-2287
-2141
-1879
-1577
-1295
-946
-506
-37
475
1044
1627
2058
2401
2633
2725
2638
2294
1815
1171
444
-300
-1064
-1764
-2407
-2906
-3198
-3300
-3277
-3150
-2899
-2584
-2241
-1823
-1437
-1172
-914
-653
-412
-161
93
346
652
1011
1397
1827
2123
2350
2570
2615
2519
2239
1848
1365
751
176
-406
-910
-1331
-1662
-1737
-1697
-1533
-1287
-1019
-722
-421
-129
20
146
139
20
8
-65
-157
-188
-176
-163
-78
129
281
356
391
424
407
283
97
-153
-492
-873
-1190
-1450
-1711
-1943
-2073
-2116
-2104
-2007
-1811
-1588
-1380
-1119
-818
-563
-414
-291
-167
-96
-34
70
283
541
917
1469
2112
2805
3471
4205
4907
5457
5890
6072
5975
5592
5063
4424
3516
2478
1432
397
-579
-1427
-2076
-2603
-3004
-3177
-3209
-3175
-3065
-2927
-2781
-2669
-2505
-2265
-2100
-1894
-1598
-1246
-796
-312
326
996
1553
2088
2505
2820
2952
2840
2597
2175
1568
849
69
-729
-1542
-2264
-2728
-3045
-3237
-3228
-3080
-2814
-2470
-2021
-1579
-1263
-954
-662
-402
-206
-75
57
197
458
835
1189
1496
1757
1975
2137
2225
2219
2022
1639
1183
706
189
-348
-830
-1229
-1510
-1660
-1663
-1572
-1447
-1196
-860
-555
-282
-57
118
200
238
286
235
113
30
-30
-49
-28
8
34
12
64
131
107
49
-58
-249
-541
-798
-996
-1241
-1517
-1735
-1831
-1908
-1897
-1747
-1551
-1343
-1139
-817
-475
-266
-69
132
252
314
379
532
676
776
1107
1591
2052
2581
3195
3877
4474
4933
5310
5432
5282
4936
4431
3763
2846
1887
956
-9
-842
-1579
-2207
-2699
-3054
-3178
-3178
-3091
-2955
-2809
-2628
-2462
-2212
-1974
-1833
-1638
-1402
-1157
-870
-469
-13
443
985
1516
1993
2354
2570
2653
2522
2236
1796
1236
551
-185
-849
-1519
-2084
-2519
-2806
-2860
-2803
-2604
-2288
-1927
-1530
-1091
-620
-260
20
220
313
373
423
487
479
488
531
577
719
812
888
968
956
928
857
693
487
235
-51
-320
-584
-799
-966
-1059
-1047
-980
-845
-671
-480
-241
-3
199
339
422
452
414
300
138
-28
-239
-410
-511
-611
-673
-727
-694
-597
-540
-453
-404
-383
-418
-505
-533
-663
-809
-893
-1031
-1070
-1074
-1059
-922
-799
-613
-411
-248
-52
130
390
618
827
1107
1383
1740
2137
2537
2921
3276
3604
3911
4130
4189
4142
3938
3619
3146
2570
1908
1135
395
-369
-1056
-1633
-2187
-2603
-2869
-2997
-3032
-3008
-2917
-2782
-2594
-2353
-2097
-1855
-1642
-1437
-1158
-837
-489
-76
322
691
1089
1489
1820
2030
2125
2125
1979
1710
1353
893
364
-194
-715
-1160
-1543
-1793
-1903
-1921
-1777
-1513
-1241
-918
-557
-227
42
233
353
362
277
182
95
-41
-196
-289
-333
-332
-291
-174
-46
50
199
325
416
462
400
344
264
92
-58
-192
-353
-432
-471
-415
-320
-197
24
182
331
457
554
545
435
261
92
-199
-480
-669
-939
-1106
-1240
-1238
-1207
-1158
-966
-765
-590
-392
-188
-82
-54
-48
-45
-92
-224
-314
-370
-473
-503
-464
-349
-202
-68
171
484
792
1115
1486
1846
2114
2337
2576
2749
2829
2876
2887
2812
2652
2497
2303
1976
1623
1311
944
536
179
-202
-611
-999
-1366
-1650
-1939
-2210
-2345
-2484
-2576
-2570
-2474
-2310
-2169
-1932
-1638
-1358
-1065
-728
-383
-74
272
554
814
1028
1156
1245
1259
1213
1093
960
788
614
441
251
74
-79
-127
-183
-190
-160
-190
-211
-205
-168
-179
-253
-340
-433
-545
-650
-735
-799
-832
-868
-805
-670
-565
-430
-265
-96
40
174
322
404
468
485
468
428
310
235
166
73
39
27
44
68
160
302
362
391
404
346
263
110
-93
-289
-566
-841
-1043
-1247
-1437
-1516
-1502
-1494
-1410
-1248
-1109
-962
-789
-609
-442
-332
-258
-120
-31
2
121
252
371
539
811
1126
1387
1703
2055
2367
2642
2847
2992
3012
2893
2753
2546
2176
1720
1303
876
386
15
-313
-624
-812
-956
-1021
-1063
-1077
-1029
-1037
-1061
-1090
-1155
-1237
-1335
-1401
-1422
-1475
-1467
-1386
-1288
-1112
-886
-591
-328
-49
272
515
766
936
1023
1043
985
890
800
714
566
475
368
270
235
229
271
242
221
204
123
47
-52
-214
-429
-671
-888
-1090
-1285
-1372
-1437
-1435
-1325
-1230
-1021
-781
-509
-196
25
289
527
691
792
806
864
820
735
682
572
503
422
367
329
271
278
294
307
308
281
237
172
92
10
-101
-257
-414
-564
-708
-843
-938
-1019
-1104
-1146
-1150
-1128
-1093
-1047
-1011
-944
-887
-838
-741
-673
-557
-412
-294
-93
118
328
611
907
1196
1483
1774
2036
2236
2417
2516
2548
2552
2438
2280
2054
1768
1483
1121
786
457
114
-174
-452
-688
-910
-1092
-1201
-1321
-1404
-1435
-1435
-1417
-1401
-1341
-1271
-1196
-1111
-1028
-913
-790
-673
-537
-373
-216
-73
76
212
342
468
594
694
750
810
841
857
877
859
820
740
639
538
414
296
149
-12
-180
-371
-526
-687
-840
-991
-1126
-1234
-1287
-1308
-1301
-1254
-1175
-1020
-905
-718
-513
-318
-101
65
283
453
604
773
887
971
1022
1053
1073
1039
991
945
862
763
648
537
423
283
128
-38
-218
-393
-556
-695
-818
-949
-1041
-1092
-1112
-1094
-1077
-1011
-936
-866
-761
-682
-579
-458
-371
-256
-141
-46
85
212
349
506
664
839
997
1163
1310
1437
1569
1645
1707
1722
1679
1601
1457
1311
1112
878
654
404
161
-71
-262
-422
-587
-710
-802
-878
-933
-968
-987
-996
-1001
-986
-936
-900
-838
-750
-678
-564
-466
-364
-237
-120
21
135
259
387
452
514
560
585
615
606
564
526
477
416
361
275
206
142
47
-15
-113
-226
-305
-413
-519
-630
-732
-808
-880
-911
-935
-947
-922
-872
-768
-658
-568
-455
-330
-212
-94
19
117
211
299
382
457
522
591
651
698
754
803
825
838
828
800
763
704
636
549
415
274
146
1
-140
-293
-427
-533
-650
-726
-779
-805
-823
-826
-784
-747
-680
-601
-549
-469
-373
-294
-209
-99
2
110
227
340
469
578
702
836
930
1033
1102
1140
1169
1154
1128
1046
937
839
694
554
423
262
123
-13
-141
-239
-344
-422
-493
-551
-580
-617
-627
-630
-634
-611
-590
-568
-536
-493
-439
-377
-315
-251
-170
-94
-28
39
104
161
214
263
298
329
334
325
326
306
278
236
183
134
44
-40
-131
-251
-346
-449
-505
-580
-647
-652
-695
-682
-673
-656
-619
-573
-507
-444
-385
-330
-257
-193
-118
-56
26
93
141
222
288
345
390
434
482
495
516
533
523
516
493
456
415
365
310
260
210
153
95
39
10
-10
-42
-59
-73
-98
-109
-94
-93
-98
-94
-106
-103
-111
-104
-89
-100
-71
-39
-12
12
30
77
113
170
235
266
304
337
382
417
424
445
440
413
393
359
329
285
226
180
125
56
2
-38
-81
-126
-169
-220
-256
-274
-295
-317
-330
-337
-320
-294
-277
-246
-204
-166
-141
-103
-62
-40
-6
25
47
61
70
92
108
118
112
97
96
68
47
53
13
-29
-62
-115
-145
-184
-231
-277
-324
-360
-400
-424
-439
-455
-467
-479
-469
-453
-438
-417
-381
-339
-287
-230
-182
-143
-98
-45
10
53
91
127
144
169
212
239
263
277
280
290
306
320
305
287
278
268
258
244
213
172
153
133
100
79
57
35
25
23
21
25
30
32
55
70
81
114
131
147
170
182
192
199
198
182
178
180
162
149
149
138
137
148
155
151
138
123
106
80
49
29
13
-7
-18
-30
-34
-35
-39
-41
-60
-70
-74
-74
-66
-82
-110
-118
-116
-121
-125
-124
-126
-124
-120
-118
-112
-96
-86
-78
-64
-61
-58
-62
-66
-65
-72
-73
-88
-108
-109
-111
-118
-130
-136
-145
-155
-160
-178
-179
-188
-199
-198
-198
-195
-194
-187
-181
-193
-179
-161
-169
-157
-149
-146
-130
-119
-98
-92
-77
-59
-49
-20
-2
22
51
55
64
76
86
114
126
128
144
146
156
160
166
184
182
174
159
162
162
152
149
133
124
129
122
128
132
116
116
122
129
130
123
139
133
138
160
163
175
170
171
173
176
191
192
178
158
145
127
104
82
61
48
34
11
-10
-28
-45
-54
-57
-68
-89
-105
-116
-126
-119
-108
-104
-98
-84
-74
-69
-62
-53
-60
-67
-58
-59
-51
-38
-48
-48
-39
-38
-32
-41
-57
-68
-75
-70
-76
-91
-89
-93
-98
-86
-84
-101
-112
-117
-119
-123
-129
-134
-142
-148
-151
-148
-138
-139
-138
-126
-117
-112
-99
-90
-81
-72
-63
-53
-41
-30
-23
-14
-4
8
8
12
23
16
24
26
27
34
27
34
26
27
35
24
24
26
32
35
32
45
57
67
75
84
93
100
112
125
127
119
125
134
124
125
133
131
138
141
140
146
151
148
144
133
122
118
108
103
102
91
84
82
83
83
73
64
52
46
43
27
8
-3
-22
-29
-30
-55
-68
-76
-86
-83
-83
-93
-97
-92
-81
-71
-68
-66
-59
-46
-35
-32
-26
-30
-31
-22
-25
-22
-14
-23
-23
-15
-20
-15
-9
-24
-36
-37
-38
-49
-56
-62
-64
-69
-76
-73
-75
-77
-68
-72
-76
-71
-71
-71
-68
-73
-67
-61
-62
-60
-58
-55
0
0
0
0
0
0
0
0
0
0
0
0
0
0
0
0
0
0
0
0
0
0
0
0
0
0
0
0
0
0
0
0
0
0
0
0
0
0
0
0
0
0
0
0
0
0
0
0
0
0
0
0
0
0
0
0
0
0
0
0
0
0
0
0
0
0
0
0
0
0
0
0
0
0
0
0
0
0
0
0
0
0
0
0
0
0
0
0
0
0
0
0
0
0
0
0
0
0
0
0
0
0
0
0
0
0
0
0
0
0
0
0
0
0
0
0
0
0
0
0
0
0
0
0
0
0
0
0
0
0
0
0
0
0
0
0
0
0
0
0
0
0
0
0
0
0
0
0
0
0
0
0
0
0
0
0
0
0
0
0
0
0
0
0
0
0
0
0
0
0
0
0
0
0
0
0
0
0
0
0
0
0
0
0
0
0
0
0
0
0
0
0
0
0
0
0
0
0
0
0
0
0
0
0
0
0
0
0
0
0
0
0
0
0
0
0
0
0
0
0
0
0
0
0
0
0
0
0
0
0
0
0
0
0
0
0
0
0
0
0
0
0
0
0
0
0
0
0
0
0
0
0
0
0
0
0
0
0
0
0
0
0
0
0
0
0
0
0
0
0
0
0
0
0
0
0
0
0
0
0
0
0
0
0
0
0
0
0
0
0
0
0
0
0
0
0
0
0
0
0
0
0
0
0
0
0
0
0
0
0
0
0
0
0
0
0
0
0
0
0
0
0
0
0
0
0
0
0
0
0
0
0
0
0
0
0
0
0
0
0
0
0
0
0
0
0
0
0
0
0
0
0
0
0
0
0
0
0
0
0
0
0
0
0
0
0
0
0
0
0
0
0
0
0
0
0
0
0
0
0
0
0
0
0
0
0
0
0
0
0
0
0
0
0
0
0
0
0
0
0
