0
0
0
0
0
0
0
0
0
0
0
0
0
0
0
0
0
0
0
0
0
0
0
0
0
0
0
0
0
0
0
0
0
0
0
0
0
0
0
0
0
0
0
0
0
0
0
0
0
0
0
0
0
0
0
0
0
0
0
0
0
0
0
0
0
0
0
0
0
0
0
0
0
0
0
0
0
0
0
0
0
0
0
0
0
0
0
0
0
0
0
0
0
0
0
0
0
0
0
0
0
0
0
0
0
0
0
0
0
0
0
0
0
0
0
0
0
0
0
0
0
0
0
0
0
0
0
0
0
0
0
0
0
0
0
0
0
0
0
0
0
0
0
0
0
0
0
0
0
0
0
0
0
0
0
0
0
0
0
0
0
0
0
0
0
0
0
0
0
0
0
0
0
0
0
0
0
0
0
0
0
0
0
0
0
0
0
0
0
0
0
0
0
0
0
0
0
0
0
0
0
0
0
0
0
0
0
0
0
0
0
0
0
0
0
0
0
0
0
0
0
0
0
0
0
0
0
0
0
0
0
0
0
0
0
0
0
0
0
0
0
0
0
0
0
0
0
0
0
0
0
0
0
0
0
0
0
0
0
0
0
0
0
0
0
0
0
0
0
0
0
0
0
0
0
0
0
0
0
0
0
0
0
0
0
0
0
0
0
0
0
0
0
0
0
0
0
0
0
0
0
0
0
0
0
0
0
0
0
0
0
0
0
0
0
0
0
0
0
0
0
0
0
0
0
0
0
0
0
0
0
0
0
0
0
0
0
0
0
0
0
0
0
0
0
0
0
0
0
0
0
0
0
0
0
0
0
0
0
0
0
0
0
0
0
0
0
0
0
0
0
0
0
0
0
0
0
0
0
0
0
0
0
0
0
0
0
0
0
0
0
0
0
0
0
0
135
-132
80
15
-64
139
-135
119
-59
-28
61
-164
136
-103
33
20
-96
148
-130
88
-54
-24
127
-106
132
-93
13
29
-87
113
-124
54
-44
-24
81
-114
119
-92
64
15
-106
110
-104
92
-60
7
53
-123
115
-88
74
-11
-54
112
-120
100
-85
36
47
-102
94
-137
55
-86
-71
42
-124
72
-118
17
-3
-79
77
-105
77
-38
1
63
-71
88
-67
52
12
-61
104
-82
73
-3
-45
78
-84
103
-42
2
37
-32
114
-71
89
8
16
77
-26
120
1
92
-1
16
57
-63
99
-43
37
4
-51
74
-105
33
-32
-29
48
-67
75
-61
24
-8
-34
68
-77
35
-47
34
14
-39
58
-78
69
-13
-49
19
-105
35
-50
-6
9
-78
22
-73
32
-38
-9
22
-66
55
-58
14
-9
-13
43
-41
33
-19
-3
-4
42
31
-42
43
-53
35
-39
-13
55
-99
93
-56
34
73
-89
126
-40
103
21
-31
125
-93
108
-49
-11
28
-111
104
-79
16
-40
-67
90
-100
13
-49
-5
54
-80
62
-42
14
40
-61
50
-38
30
52
-18
34
-52
21
50
-31
10
-43
15
27
-18
27
-29
7
4
-43
-5
-14
1
-25
11
17
-51
8
-4
-8
30
-10
11
-5
-18
-11
-43
18
-36
-20
50
-58
4
-17
7
38
-63
36
-14
16
47
-12
106
4
43
70
7
99
-7
72
28
-18
79
-26
24
40
-17
19
16
-7
-35
-33
9
-28
37
-39
-38
32
-51
32
-69
-1
66
-63
48
-45
-19
-4
-72
48
-59
23
-9
-22
36
-102
52
-55
-1
42
-43
98
-58
34
30
18
36
-105
55
-7
53
24
-76
60
-66
41
-13
-63
34
-58
77
-66
-15
70
-48
32
-64
62
-34
-70
30
-94
88
-20
21
67
-35
128
-63
25
4
-57
112
-79
77
-80
3
82
-108
95
-109
111
-26
-66
119
-112
140
-86
4
35
-50
150
-142
99
-30
-47
102
-94
108
-108
74
35
-71
95
-152
93
-90
-71
96
-87
45
-133
4
35
-76
36
-118
56
18
-26
90
-23
59
-55
-41
-1
-52
33
-6
40
-8
46
24
-51
1
-61
56
-48
-8
96
-42
95
-85
-19
64
-78
107
-37
93
8
-44
65
-73
116
-82
26
20
25
92
-53
121
-112
22
-18
-98
84
-114
97
14
20
54
-88
87
-89
19
-79
12
99
-132
127
-69
14
20
-132
51
-58
46
-34
-58
41
-94
36
-24
-56
54
-18
120
115
17
17
-64
-70
-47
-42
65
88
8
85
-42
-35
44
-80
-25
-5
56
67
-30
37
-30
-78
0
-46
48
1
-14
45
30
8
-48
6
-106
40
2
25
240
-3
148
-12
-122
45
-128
101
13
-1
-19
-112
94
-59
-10
-156
-68
117
-82
130
-44
25
76
-107
114
-74
40
-76
-78
145
-72
95
-104
-65
61
-63
114
-43
65
-19
-89
80
-153
10
3
-99
67
17
28
-11
-18
-60
-119
41
-28
2
104
-12
42
2
-28
-37
7
49
-66
36
10
64
20
-3
67
-40
67
4
16
21
-25
30
-13
54
-46
-43
7
-108
95
75
17
102
-55
-20
7
-31
2
-27
-1
45
16
27
11
-139
16
13
-102
72
-81
22
121
13
113
-81
-59
-30
-60
68
-62
3
-20
34
201
13
-7
-111
-80
-44
-50
51
-13
87
14
28
54
-43
-28
-48
-56
-26
7
4
-72
-42
13
53
62
2
-9
-77
14
16
-1
42
-45
38
21
-46
-20
-24
7
-27
29
68
8
-35
-78
27
-1
5
57
-44
-6
16
27
0
126
-45
-75
19
-190
15
79
54
155
8
-58
-45
-145
-39
-54
37
28
-49
36
3
183
-55
-33
55
-187
99
-49
7
243
-85
77
74
-108
25
-46
-61
-30
55
127
105
108
44
-92
-92
-21
-57
45
-28
77
98
-40
-22
-4
72
-111
-61
-30
-100
82
27
9
8
-63
-52
-89
-33
-64
40
19
-26
49
-107
123
-69
-60
-74
-257
-136
-226
-113
-16
250
195
242
199
48
-28
-108
-10
-3
122
171
102
25
52
-154
-123
-93
-334
-144
-259
-94
226
180
421
304
102
17
-228
-146
25
6
138
17
-187
-48
-106
-6
51
-11
115
-77
20
60
-107
200
80
165
157
-62
34
-138
0
-56
30
34
-14
-103
-125
25
-8
220
146
171
-106
-84
-6
-200
100
130
96
11
-20
-26
-36
-51
-96
-105
-79
-101
-105
-94
-96
32
42
117
72
-62
-27
-173
-126
53
-32
-16
-45
-58
-89
75
203
16
121
-86
-217
-46
-47
147
245
249
140
79
155
101
-91
-131
-110
-291
-233
-190
-57
85
204
405
187
76
-54
-217
-121
-69
42
-49
-160
-21
-18
50
127
-126
-124
-111
-218
109
87
252
259
92
154
-70
121
-45
-13
25
-74
29
7
-35
-131
234
-60
52
116
-117
192
-184
73
-10
-289
33
-292
-117
-55
-105
99
-40
-62
6
0
-63
88
23
31
50
22
89
-167
2
170
-111
-2
82
-85
214
159
79
211
0
41
57
11
-108
-179
47
-9
-40
161
110
145
-8
65
51
-151
-121
-201
-52
-20
109
124
129
63
-52
9
-251
-61
-143
-138
145
-22
209
177
25
75
21
-100
-91
-39
-165
-120
-40
139
71
3
44
-83
-44
32
113
59
-13
-40
-50
-256
-125
-91
-222
30
136
293
38
-94
-72
-218
-45
81
121
48
-125
-100
94
181
147
177
-80
-67
50
-178
-84
-64
-1
26
323
288
-83
-43
-173
-160
-86
125
81
-276
-180
-18
103
182
326
171
-200
-28
-107
-118
3
125
229
142
149
-109
-195
-365
-158
169
32
202
197
22
-149
52
75
-37
8
-160
-81
-335
-251
67
143
148
37
110
-210
-168
20
8
168
82
63
-106
115
-8
-369
154
186
100
198
76
-143
-197
96
219
334
249
-31
-296
6
176
63
245
-55
-237
-279
-130
-65
-243
-249
88
171
123
274
-208
-216
-165
-69
195
-22
-147
-462
-270
-179
6
447
72
-39
-95
-191
79
238
343
345
77
-8
57
-176
31
39
-176
247
122
153
241
25
61
-38
17
-71
-104
-257
-266
233
237
122
12
61
-247
-329
50
-264
-208
-446
-212
176
83
295
-130
-24
-88
-135
323
144
-10
-86
19
-186
-96
264
-25
77
248
314
261
-1
-162
-389
10
273
269
425
99
106
-170
-244
327
48
22
249
96
-15
-160
-80
-128
-207
-115
-140
-157
-161
16
-215
45
330
-102
-77
-293
-140
-110
-127
220
76
-95
-288
-18
-71
-12
314
113
165
95
114
-99
37
197
-16
356
-69
-8
225
13
367
153
47
-94
-144
-147
-169
141
157
442
436
134
-142
-339
-279
-105
183
-58
-231
-269
-346
100
214
188
80
-213
-192
-213
-169
-12
-15
69
36
47
243
-15
-142
-245
-63
-102
-288
-64
-367
-232
101
219
89
-134
-290
-534
-192
-180
-207
-59
-279
-120
-298
-267
-30
-102
217
288
399
264
222
206
60
331
298
264
16
-115
-130
-72
443
643
710
596
303
201
104
345
318
56
22
-291
-369
-330
11
372
141
165
190
155
172
101
188
-3
-160
-74
56
185
-27
-110
-232
-98
78
114
280
-1
128
-18
-195
-64
-311
-347
-411
-282
-386
-537
-576
-757
-636
-748
-708
-710
-929
-945
-1060
-973
-1096
-1074
-1029
-1054
-774
-971
-855
-623
-680
-642
-442
-262
-300
-37
132
209
316
472
762
879
1130
1364
1525
1677
1905
2311
2393
2432
2513
2325
2326
2358
2247
2313
2265
2129
2148
2012
1679
1527
1371
1045
932
757
474
302
108
-160
-595
-878
-1095
-1205
-1089
-1059
-1099
-1249
-1292
-1457
-1713
-1841
-2183
-2375
-2334
-2249
-2193
-2227
-2369
-2702
-2868
-2845
-2846
-2837
-2853
-2981
-3148
-3059
-2960
-2897
-2732
-2693
-2609
-2422
-2048
-1623
-1428
-1160
-882
-572
-196
84
407
720
1093
1532
2047
2642
3164
3688
4202
4826
5359
5898
6469
6606
6648
6515
6171
5613
4956
4340
3259
2437
1695
687
84
-606
-1114
-1361
-1487
-1453
-1633
-1514
-1529
-1692
-1795
-2067
-2271
-2608
-2695
-2929
-3053
-2786
-2664
-2334
-1937
-1419
-1054
-561
14
317
790
920
1119
1330
1153
1057
871
571
257
234
270
145
310
580
848
1020
1260
1503
1415
1534
1530
1202
916
466
-163
-731
-1092
-1539
-1929
-2146
-2393
-2593
-2677
-2710
-2717
-2646
-2719
-2807
-3043
-3411
-3617
-3919
-4185
-4405
-4593
-4618
-4519
-4316
-3979
-3551
-3086
-2510
-1994
-1397
-832
-389
108
574
1214
1898
2604
3415
4283
5341
6419
7497
8547
9351
9978
10432
10476
10209
9464
8309
7127
5739
4350
2960
1563
331
-826
-1705
-2358
-2905
-3379
-3710
-3900
-4090
-4223
-4375
-4676
-5029
-5192
-5208
-5214
-5132
-4841
-4506
-4102
-3380
-2628
-1779
-819
37
909
1675
2373
2914
3349
3709
3635
3522
3404
3112
2788
2500
2338
2049
2023
2133
2186
2360
2407
2486
2359
2178
1739
1025
331
-726
-1631
-2467
-3226
-3813
-4318
-4424
-4591
-4606
-4454
-4463
-4491
-4603
-4668
-4952
-5368
-5741
-6316
-6755
-7024
-7151
-7137
-7047
-6689
-6182
-5385
-4411
-3466
-2506
-1712
-893
-59
848
1871
2879
4065
5280
6677
8183
9645
11124
12373
13537
14392
14908
14972
14375
13445
12089
10466
8645
6533
4315
2139
162
-1562
-2908
-4005
-4954
-5674
-6201
-6530
-6761
-7024
-7322
-7561
-7714
-7820
-7876
-7851
-7606
-7277
-6662
-5663
-4708
-3574
-2341
-1173
49
1329
2677
3738
4611
5290
5662
5880
5815
5536
5096
4419
3634
2951
2375
1900
1575
1396
1360
1484
1792
2091
2221
2233
2249
2033
1661
1272
480
-559
-1699
-2770
-3764
-4719
-5319
-5873
-6354
-6569
-6622
-6592
-6619
-6575
-6500
-6535
-6644
-6808
-7070
-7376
-7533
-7398
-7044
-6600
-5998
-5292
-4538
-3633
-2657
-1657
-536
647
1878
3285
4780
6312
7992
9766
11621
13471
14988
16116
16967
17397
17311
16769
15749
14143
12053
9799
7421
4822
2274
-150
-2526
-4533
-5975
-7011
-7821
-8435
-8857
-9019
-9078
-9079
-8934
-8950
-8992
-8898
-8731
-8462
-7953
-7209
-6514
-5506
-4135
-2628
-1061
521
2158
3708
5198
6443
7372
7904
8054
7959
7512
6836
5864
4725
3527
2332
1286
471
-204
-872
-1152
-1266
-1290
-1007
-670
-381
-117
211
386
319
180
-123
-667
-1196
-1665
-2277
-2850
-3384
-3885
-4254
-4553
-4775
-4973
-5177
-5502
-5810
-6024
-6355
-6643
-6991
-7435
-7713
-7765
-7565
-7263
-6739
-6039
-5361
-4604
-3671
-2510
-1360
-111
1336
2925
4667
6442
8335
10275
12334
14347
16096
17611
18740
19399
19464
19040
18082
16462
14342
11797
8932
5856
2776
-168
-3039
-5619
-7665
-9314
-10626
-11510
-12062
-12246
-12073
-11758
-11346
-10846
-10293
-9675
-8987
-8248
-7451
-6538
-5506
-4264
-2869
-1351
231
1745
3309
4798
6227
7483
8393
9038
9257
9151
8694
7910
6905
5564
4027
2345
697
-809
-2185
-3295
-4174
-4648
-4735
-4597
-4200
-3574
-2746
-1914
-1049
-164
577
1186
1559
1694
1629
1525
1289
732
136
-420
-971
-1583
-2195
-2784
-3562
-4380
-5196
-6057
-6931
-7750
-8428
-9143
-9650
-9793
-9715
-9478
-9044
-8203
-7196
-6072
-4824
-3500
-2055
-571
1093
2799
4640
6693
8808
11036
13290
15612
17710
19348
20654
21489
21754
21317
20163
18347
15836
12887
9610
6019
2303
-1351
-4779
-7958
-10630
-12565
-13983
-15003
-15514
-15439
-14904
-14085
-13062
-12023
-11003
-9848
-8638
-7450
-6265
-5080
-3949
-2784
-1361
246
1903
3499
5052
6629
8160
9594
10589
11044
11104
10749
10054
8944
7514
5801
3723
1588
-456
-2352
-4043
-5582
-6762
-7467
-7620
-7256
-6673
-5791
-4633
-3323
-1913
-544
752
1760
2574
3238
3611
3738
3637
3365
2771
2125
1595
924
13
-992
-1925
-3057
-4200
-5218
-6331
-7511
-8551
-9339
-10145
-10739
-10892
-10880
-10664
-10006
-8990
-7937
-6735
-5169
-3475
-1781
122
2224
4244
6289
8549
10795
12889
15076
17341
19215
20569
21582
22088
21833
20949
19505
17210
14214
10883
7279
3356
-635
-4325
-7944
-11296
-13887
-15698
-16979
-17786
-17816
-17352
-16504
-15150
-13501
-11902
-10360
-8585
-6909
-5374
-3801
-2243
-789
610
2216
3793
5267
6726
8042
9234
10315
11179
11543
11413
10992
10206
8978
7455
5650
3456
1104
-1115
-3189
-5094
-6650
-7919
-8934
-9354
-9138
-8563
-7616
-6286
-4743
-3024
-1107
867
2615
3975
5108
6071
6590
6643
6452
5889
4861
3813
2838
1458
-191
-1643
-3120
-4756
-6143
-7310
-8635
-9924
-10790
-11382
-11927
-12118
-11879
-11580
-11076
-10019
-8650
-7327
-5832
-4109
-2343
-466
1616
3835
5910
8084
10485
12830
15081
17316
19501
21067
21962
22520
22514
21708
20151
18017
15111
11573
7827
3785
-476
-4547
-8268
-11737
-14680
-16760
-18122
-18947
-19158
-18696
-17647
-16084
-14169
-12142
-10110
-8116
-6142
-4192
-2358
-726
754
2168
3529
4933
6309
7571
8612
9425
10201
10839
11199
11027
10396
9485
8180
6541
4587
2462
128
-2227
-4313
-6200
-7906
-9354
-10250
-10692
-10570
-9725
-8482
-7049
-5387
-3312
-1144
968
3163
5074
6451
7531
8490
9003
8901
8435
7599
6313
4866
3435
1696
-411
-2462
-4291
-6077
-7754
-9083
-10302
-11473
-12206
-12494
-12603
-12622
-12264
-11585
-10781
-9534
-7950
-6412
-4942
-3242
-1373
344
2146
4145
6103
8100
10319
12614
14720
16610
18440
20079
21185
21793
21854
21073
19600
17564
14774
11358
7603
3529
-706
-4799
-8694
-12216
-15204
-17532
-19008
-19682
-19671
-19066
-17804
-15988
-13785
-11272
-8803
-6451
-4204
-2085
-39
1705
3097
4286
5397
6467
7414
8284
9028
9457
9694
10040
10207
9872
9209
8124
6647
4951
3078
1013
-1365
-3718
-5839
-7803
-9405
-10555
-11335
-11675
-11386
-10457
-9027
-7182
-5060
-2758
-276
2291
4759
7026
8936
10334
11308
11902
11915
11267
10108
8450
6279
3864
1407
-1244
-4076
-6689
-8892
-10838
-12473
-13572
-14230
-14631
-14604
-14067
-13352
-12551
-11360
-9862
-8413
-6859
-5039
-3366
-1941
-313
1459
2978
4480
6251
8004
9731
11788
13927
15691
17262
18854
20099
20737
20888
20447
19175
17256
14909
11930
8224
4158
49
-4098
-8125
-11696
-14787
-17414
-19262
-20096
-20015
-19311
-18119
-16247
-13766
-11017
-8128
-5344
-2947
-810
1206
3017
4500
5633
6545
7282
7866
8460
9041
9357
9361
9300
9247
8981
8360
7399
6043
4272
2276
190
-2068
-4482
-6776
-8789
-10505
-11739
-12393
-12582
-12267
-11305
-9734
-7744
-5402
-2732
-21
2555
5184
7649
9606
11206
12411
12938
12883
12443
11423
9779
7681
5331
2793
-21
-2665
-5108
-7636
-9890
-11526
-12783
-13905
-14403
-14362
-14198
-13615
-12441
-11108
-9966
-8420
-6447
-4780
-3223
-1371
364
1670
3052
4596
5723
6521
7553
8752
9846
11070
12421
13505
14397
15449
16394
16736
16530
15905
14696
12930
10770
8012
4584
966
-2575
-6164
-9605
-12499
-14888
-16905
-18125
-18234
-17585
-16396
-14604
-12361
-9733
-6775
-3848
-1259
891
2672
4161
5312
6149
6654
6835
6893
7046
7197
7300
7438
7415
7238
7055
6896
6382
5163
3739
2198
279
-1836
-4037
-6354
-8587
-10373
-11654
-12486
-12704
-12314
-11451
-9932
-7810
-5329
-2528
353
3105
5693
8122
10081
11454
12561
13199
13180
12591
11649
10469
8670
6406
4000
1304
-1577
-4284
-6679
-9107
-11289
-12668
-13684
-14453
-14439
-13749
-13061
-12260
-10778
-9030
-7570
-6002
-4174
-2693
-1435
84
1432
2210
3025
4028
4636
5118
5896
6766
7460
8345
9677
10815
11870
13264
14473
15069
15342
15351
14521
12896
11025
8652
5415
1900
-1413
-4823
-8224
-11011
-13183
-15019
-16168
-16289
-15659
-14455
-12580
-10311
-8027
-5582
-2951
-653
1045
2414
3601
4434
4948
5304
5402
5286
5264
5401
5673
6069
6361
6473
6478
6398
6067
5195
3834
2193
205
-2013
-4189
-6500
-8841
-10735
-11994
-12783
-13075
-12427
-11158
-9621
-7496
-4806
-2053
557
3350
5989
8026
9824
11450
12336
12642
12922
12683
11582
10219
9009
7235
4783
2499
131
-2622
-5196
-7167
-9187
-11292
-12428
-12884
-13361
-13415
-12586
-11602
-10804
-9431
-7606
-6081
-4736
-3224
-1927
-973
73
1129
1643
1960
2674
3294
3556
3936
4697
5402
6063
7315
8724
9776
10904
12280
13369
13941
14290
14035
12790
11222
9514
7043
3754
468
-2658
-5824
-8695
-11016
-12857
-14256
-14739
-14354
-13260
-11664
-9665
-7525
-5324
-2905
-559
1290
2432
3259
3977
4543
4816
4757
4526
4358
4394
4636
5030
5398
5521
5456
5409
5286
4724
3676
2233
313
-1745
-3718
-5813
-8149
-10238
-11700
-12640
-13035
-12683
-11502
-10096
-8313
-5824
-2962
-301
2400
5173
7419
9358
11316
12756
13276
13667
14025
13576
12396
11023
9254
6886
4258
1533
-1404
-4498
-7297
-9624
-11749
-13405
-14166
-14394
-14459
-13948
-12583
-10950
-9466
-7703
-5770
-4316
-3053
-1696
-789
-381
140
668
789
936
1435
1880
2020
2672
3871
4924
6043
7572
9151
10445
12016
13485
14403
14651
14510
13861
12392
10552
8258
5407
2051
-1068
-3997
-6749
-9069
-10945
-12287
-13074
-12879
-12061
-10798
-9212
-7355
-5395
-3404
-1419
145
1258
2026
2591
2926
3169
3392
3415
3368
3528
3926
4391
4885
5329
5483
5517
5454
5054
4121
2709
1056
-997
-3081
-5185
-7389
-9548
-11277
-12209
-12761
-12610
-11758
-10349
-8596
-6329
-3626
-975
1588
4061
6427
8442
10269
11601
12466
12957
13159
13130
12612
11617
10187
8445
6403
3940
1200
-1650
-4593
-7386
-9810
-11851
-13530
-14614
-14885
-14565
-13841
-12504
-10663
-8731
-6914
-5105
-3330
-2037
-1096
-306
156
361
552
777
734
729
1113
1464
1740
2435
3530
4630
5878
7418
8913
10295
11761
13041
13695
13757
13322
12291
10718
8756
6421
3714
858
-1829
-4219
-6336
-8108
-9421
-10247
-10534
-10178
-9272
-8107
-6823
-5407
-3949
-2559
-1195
90
976
1379
1712
2191
2558
2736
2888
3045
3269
3751
4401
4816
4992
5067
4852
4360
3704
2622
998
-917
-2945
-4916
-6897
-8795
-10360
-11599
-12184
-11947
-11098
-9870
-8246
-6019
-3461
-795
1850
4296
6404
8161
9730
11023
11800
12095
12128
11932
11538
10968
10172
8882
7064
5061
2757
160
-2669
-5630
-8588
-11258
-13170
-14531
-15368
-15500
-14839
-13536
-11676
-9282
-6938
-4834
-2953
-1242
54
815
1362
1443
1108
807
637
433
303
352
489
780
1345
2293
3403
4573
5807
7167
8627
9920
11156
12079
12311
12020
11411
10413
8918
7121
5036
2685
476
-1460
-3328
-5063
-6484
-7584
-8308
-8576
-8305
-7581
-6700
-5760
-4682
-3424
-2121
-1060
-403
-52
232
671
1175
1475
1624
1913
2419
2971
3559
4226
4651
4624
4422
4165
3583
2551
1065
-890
-2970
-4718
-6213
-7778
-9307
-10332
-10606
-10286
-9534
-8336
-6764
-4932
-2773
-346
2035
4195
6109
7726
9070
10239
11190
11677
11559
11086
10581
9929
8816
7276
5507
3533
1455
-618
-2924
-5550
-8025
-10075
-11878
-13315
-14024
-14067
-13585
-12366
-10441
-8277
-6105
-3981
-2111
-559
753
1665
1922
1677
1388
1149
785
333
-114
-486
-619
-498
-298
-43
504
1489
2778
4292
6019
7686
9108
10469
11694
12382
12457
12049
11180
10023
8746
7144
5031
2695
503
-1517
-3387
-5059
-6613
-8041
-8993
-9294
-9150
-8736
-8142
-7457
-6545
-5243
-3862
-2752
-1887
-1122
-390
488
1510
2189
2522
3017
3781
4453
4981
5468
5539
5210
4871
4556
3611
1970
283
-1735
-3878
-5530
-6934
-8461
-9787
-10227
-10053
-9476
-8192
-6550
-5016
-3183
-695
1837
3985
5899
7663
9089
10156
11077
11598
11386
10774
10136
9321
8215
6927
5350
3339
1200
-771
-2897
-5442
-8027
-10247
-12114
-13492
-14089
-14063
-13718
-12728
-10794
-8485
-6198
-3831
-1589
115
1370
2479
3043
2946
2494
1856
1246
596
4
-522
-1112
-1372
-1117
-737
-341
468
1676
3046
4695
6499
8088
9354
10662
11903
12435
12344
11878
11076
9984
8646
6991
4810
2497
343
-1818
-3890
-5765
-7502
-9020
-9972
-10248
-10089
-9670
-9073
-8308
-7231
-5786
-4305
-3105
-2098
-1076
43
1255
2351
3075
3623
4383
5259
5918
6385
6571
6237
5672
5181
4320
2740
873
-1051
-3176
-5273
-6834
-8114
-9546
-10430
-10419
-9921
-9016
-7500
-5654
-3974
-1899
846
3357
5227
6982
8647
9834
10720
11410
11559
10933
10192
9598
8568
7158
5611
3766
1415
-938
-2882
-4977
-7516
-9810
-11479
-12794
-13436
-13274
-12781
-12072
-10619
-8315
-6060
-4107
-2270
-795
317
1296
2042
2115
1612
1063
616
227
-6
-157
-471
-736
-546
12
547
1070
1926
3041
4363
5888
7309
8414
9353
10493
11425
11785
11711
11224
10397
9252
7989
6309
4065
1761
-439
-2607
-4802
-6743
-8402
-9831
-10644
-10762
-10498
-10042
-9265
-8127
-6762
-5244
-3655
-2316
-1269
-243
863
1986
2941
3693
4184
4803
5786
6462
6670
6602
6205
5534
4729
3573
1851
-242
-2343
-4262
-6169
-7828
-9051
-9926
-10309
-10095
-9213
-7902
-6275
-4243
-1984
372
2750
5098
7118
8561
9647
10470
10832
10791
10515
9806
8743
7782
6828
5485
3896
2419
687
-1401
-3372
-5255
-7295
-9416
-11105
-12350
-13165
-13194
-12611
-11636
-10321
-8418
-6185
-4150
-2253
-649
509
1311
1934
2209
1946
1472
1051
549
7
-242
-395
-549
-444
10
592
1237
2314
3584
4846
6200
7446
8620
9748
10676
11278
11430
11107
10525
9850
8932
7561
5730
3602
1391
-716
-2762
-4814
-6778
-8493
-9716
-10327
-10554
-10484
-9943
-9092
-8026
-6585
-4881
-3456
-2403
-1197
-3
1106
2447
3661
4344
4810
5643
6463
6782
6829
6457
5515
4437
3446
2099
187
-1871
-3769
-5516
-7055
-8200
-8988
-9504
-9494
-8748
-7548
-6147
-4417
-2384
-344
1721
3885
5713
7016
8135
8854
9058
9127
9037
8752
8246
7542
6745
5777
4826
3910
2845
1441
-505
-2560
-4460
-6369
-8257
-10127
-11799
-12969
-13314
-12758
-11721
-10437
-8776
-6712
-4451
-2262
-386
1023
1866
2193
2269
2109
1615
1056
475
-268
-784
-763
-474
-164
151
570
1240
2283
3596
4807
5737
6643
7668
8728
9759
10436
10558
10261
9812
9335
8655
7599
5976
4034
2044
104
-1741
-3759
-5772
-7584
-9101
-9978
-10202
-10093
-9640
-8782
-7740
-6452
-4922
-3226
-1740
-647
351
1236
2196
3255
4141
4594
4908
5474
5851
6016
6009
5425
4277
2997
1767
343
-1305
-3031
-4720
-6215
-7233
-7732
-8026
-8078
-7612
-6750
-5704
-4276
-2424
-575
1085
2712
4212
5461
6662
7753
8297
8221
7961
7778
7496
7040
6403
5356
4132
3259
2581
1669
348
-1447
-3464
-5276
-6746
-8119
-9659
-11140
-12020
-12098
-11413
-10070
-8470
-6872
-5051
-2980
-994
666
1889
2492
2443
2173
1912
1378
736
325
-224
-830
-770
-222
183
516
902
1192
1626
2545
3604
4288
4842
5661
6542
7439
8594
9598
9934
9839
9576
9058
8295
7220
5573
3361
929
-1350
-3316
-5025
-6599
-8077
-9295
-9879
-9595
-8763
-7887
-7048
-6126
-5070
-3726
-2206
-1067
-458
44
643
1351
2254
3136
3702
4108
4627
5174
5567
5707
5364
4471
3305
1922
311
-1223
-2716
-4388
-5845
-6836
-7565
-7739
-7220
-6565
-5839
-4728
-3340
-1735
90
1835
3206
4256
5253
6180
6767
6990
6862
6366
5814
5379
4858
4190
3443
2573
1667
904
186
-671
-1708
-3028
-4572
-5963
-7059
-7999
-8740
-9193
-9336
-8916
-7730
-6082
-4352
-2636
-1076
212
1373
2398
2951
2892
2397
1649
831
170
-304
-775
-1309
-1712
-1812
-1640
-1274
-787
-362
-74
377
1240
2330
3439
4572
5651
6667
7925
9426
10598
11139
11203
10811
9954
8826
7340
5205
2623
83
-2280
-4480
-6350
-7796
-8871
-9560
-9738
-9400
-8732
-7897
-6915
-5926
-5139
-4412
-3508
-2609
-1866
-1030
-10
1033
2238
3726
5116
6163
7075
7836
8117
7895
7302
6146
4395
2433
425
-1736
-3823
-5495
-6808
-7815
-8260
-8101
-7581
-6683
-5375
-3954
-2573
-1080
451
1800
2938
3817
4413
4774
5082
5299
5243
5147
5007
4801
4659
4455
3992
3232
2525
1760
681
-444
-1726
-3407
-5090
-6385
-7540
-8529
-8931
-8924
-8788
-8146
-6837
-5278
-3557
-1612
112
1309
2234
2958
3196
3000
2600
1856
750
-250
-936
-1494
-1858
-1955
-2048
-2142
-1949
-1560
-1218
-791
-175
511
1384
2642
4084
5518
7086
8726
10109
11174
11912
12007
11427
10503
9126
7034
4602
2164
-455
-3043
-5124
-6845
-8338
-9206
-9479
-9598
-9478
-8955
-8345
-7749
-6946
-6103
-5440
-4681
-3615
-2411
-1095
474
2155
3777
5489
7233
8631
9594
10165
10120
9367
8116
6431
4269
1910
-385
-2670
-4733
-6256
-7380
-8167
-8459
-8360
-7960
-7187
-6115
-4948
-3864
-2722
-1464
-377
644
1775
2718
3498
4405
5289
5895
6333
6741
6878
6685
6406
5803
4664
3461
2284
736
-997
-2546
-4149
-5806
-6969
-7720
-8417
-8585
-8022
-7330
-6518
-5235
-3778
-2390
-837
697
1662
2261
2859
3059
2815
2536
2020
1200
510
-22
-631
-1256
-1728
-2098
-2474
-2681
-2690
-2741
-2647
-2130
-1387
-457
894
2522
4145
5803
7534
9125
10427
11469
11976
11579
10536
9191
7371
5199
3071
807
-1703
-3939
-5650
-7068
-8104
-8572
-8758
-8856
-8688
-8293
-7793
-7124
-6319
-5507
-4722
-3865
-2800
-1499
75
1950
3895
5729
7528
9125
10200
10703
10643
10004
8829
7158
5023
2484
-174
-2504
-4439
-6042
-7155
-7884
-8379
-8447
-8099
-7541
-6799
-5898
-4938
-4002
-3095
-2130
-1038
252
1678
3019
4243
5399
6343
6990
7381
7386
6948
6339
5617
4538
3192
1862
499
-874
-1978
-2868
-3840
-4777
-5462
-6034
-6535
-6690
-6450
-6046
-5437
-4490
-3430
-2385
-1131
322
1595
2521
3136
3325
3096
2733
2303
1619
726
-149
-986
-1815
-2469
-2845
-3059
-3168
-3083
-2843
-2582
-2226
-1589
-708
358
1726
3333
4863
6235
7549
8695
9562
10196
10430
9969
8858
7300
5359
3233
1153
-912
-2960
-4778
-6242
-7348
-7994
-8122
-7876
-7376
-6685
-6034
-5560
-5104
-4585
-3982
-3208
-2250
-1148
105
1577
3297
5049
6697
8262
9442
9939
9823
9051
7529
5630
3675
1522
-752
-2798
-4578
-6063
-6940
-7237
-7301
-7156
-6743
-6255
-5752
-5140
-4512
-3952
-3343
-2623
-1821
-887
207
1424
2746
4098
5350
6412
7079
7133
6714
6005
5022
4018
3156
2181
1046
22
-834
-1594
-2150
-2518
-3075
-3878
-4562
-5179
-5843
-6165
-6044
-5766
-5118
-3921
-2643
-1428
11
1422
2494
3468
4207
4264
3818
3157
2155
908
-220
-1178
-2110
-2848
-3239
-3501
-3609
-3368
-3025
-2740
-2311
-1802
-1334
-661
307
1364
2541
3946
5358
6640
7829
8710
9133
9188
8797
7851
6444
4700
2744
726
-1120
-2612
-3798
-4687
-5216
-5477
-5521
-5313
-4951
-4619
-4392
-4255
-4184
-4109
-3866
-3361
-2621
-1659
-419
1059
2639
4228
5688
6782
7410
7650
7419
6592
5297
3710
1904
123
-1386
-2652
-3704
-4421
-4855
-5108
-5088
-4814
-4547
-4380
-4230
-4159
-4194
-4106
-3778
-3321
-2636
-1545
-195
1276
2945
4545
5632
6310
6725
6560
5875
5101
4138
2941
2010
1329
545
-86
-397
-775
-1243
-1539
-1950
-2764
-3621
-4388
-5316
-6040
-6103
-5777
-5131
-3863
-2357
-1019
436
1939
2997
3686
4226
4290
3723
2949
2049
769
-487
-1261
-1874
-2406
-2501
-2386
-2422
-2360
-2104
-2070
-2306
-2448
-2550
-2701
-2434
-1602
-505
933
2737
4502
6131
7701
8917
9544
9577
8931
7563
5685
3635
1648
-149
-1559
-2499
-3089
-3360
-3359
-3294
-3289
-3338
-3480
-3764
-4189
-4706
-5199
-5489
-5438
-4956
-3966
-2499
-686
1307
3295
5097
6579
7578
7934
7624
6701
5262
3534
1784
157
-1235
-2239
-2803
-3004
-2927
-2708
-2546
-2558
-2778
-3201
-3773
-4410
-5060
-5605
-5867
-5721
-5075
-3850
-2139
-179
1842
3788
5445
6634
7311
7414
6870
5807
4556
3373
2359
1601
1151
902
729
660
622
359
-201
-925
-1901
-3195
-4501
-5664
-6728
-7332
-7127
-6297
-4977
-3169
-1236
436
1884
3118
3818
4025
4010
3537
2547
1584
767
-119
-780
-1025
-1170
-1245
-1023
-815
-964
-1276
-1764
-2627
-3579
-4322
-4818
-4896
-4298
-3011
-1290
740
3046
5274
7186
8782
9788
9987
9426
8167
6359
4244
2239
683
-465
-1142
-1256
-1142
-1039
-900
-855
-1101
-1617
-2334
-3332
-4539
-5602
-6317
-6675
-6483
-5603
-4209
-2473
-446
1593
3300
4662
5668
6078
5871
5268
4285
2999
1758
717
-160
-687
-749
-582
-393
-236
-260
-601
-1179
-1917
-2853
-3902
-4872
-5651
-6165
-6241
-5767
-4787
-3326
-1450
578
2495
4142
5311
5863
5859
5359
4428
3335
2319
1499
1078
1122
1414
1829
2282
2535
2468
2143
1470
354
-1018
-2474
-4031
-5480
-6417
-6782
-6613
-5718
-4248
-2714
-1248
136
1146
1770
2258
2545
2475
2226
1954
1489
862
426
138
-190
-314
-207
-177
-216
-255
-528
-1218
-2200
-3318
-4542
-5614
-6114
-5932
-5122
-3633
-1599
613
2751
4767
6544
7822
8517
8692
8212
7043
5569
4071
2630
1579
1154
1067
1083
1263
1371
1066
527
-81
-1053
-2346
-3552
-4723
-5899
-6615
-6765
-6562
-5794
-4371
-2717
-1023
706
2158
3084
3579
3722
3448
2853
2178
1508
875
490
468
678
1042
1491
1781
1787
1574
1112
329
-681
-1797
-2943
-3943
-4623
-4936
-4835
-4333
-3557
-2545
-1413
-356
649
1559
2199
2558
2656
2505
2132
1633
1253
990
848
1115
1614
1989
2426
2824
2824
2647
2394
1678
612
-418
-1571
-2822
-3675
-4168
-4523
-4345
-3600
-2827
-1994
-978
-268
70
441
644
508
515
712
727
759
960
986
852
801
661
355
96
-149
-432
-644
-862
-1202
-1650
-2238
-2901
-3490
-3975
-4202
-3930
-3252
-2279
-861
713
2004
3248
4432
5109
5567
6016
5966
5494
5003
4307
3328
2470
1919
1422
983
904
921
645
347
80
-502
-1195
-1669
-2211
-2943
-3505
-3904
-4300
-4364
-3956
-3380
-2641
-1617
-575
217
826
1280
1441
1442
1529
1601
1621
1773
1951
1999
2033
2075
1992
1797
1578
1248
699
31
-699
-1528
-2302
-2900
-3380
-3689
-3720
-3544
-3252
-2829
-2328
-1825
-1286
-712
-210
181
518
796
987
1141
1312
1499
1725
2035
2374
2654
2871
2988
2899
2586
2137
1611
957
245
-398
-1054
-1726
-2203
-2445
-2490
-2273
-1875
-1467
-1060
-676
-420
-271
-160
-125
-63
140
338
475
673
822
793
717
606
308
-97
-476
-911
-1371
-1620
-1681
-1751
-1772
-1718
-1833
-2141
-2479
-2909
-3349
-3420
-3004
-2169
-941
409
1587
2647
3668
4569
5360
6036
6387
6385
6103
5416
4435
3472
2597
1913
1532
1270
949
577
175
-406
-1191
-1903
-2528
-3209
-3711
-4045
-4471
-4806
-4857
-4663
-4126
-3173
-2003
-853
205
1106
1611
1708
1728
1695
1568
1520
1600
1491
1194
1143
1048
854
915
1006
892
645
400
-147
-965
-1572
-2102
-2623
-2768
-2572
-2368
-2009
-1358
-713
-113
573
1156
1428
1495
1449
1200
856
672
624
661
890
1182
1342
1403
1364
1179
910
581
179
-267
-746
-1236
-1634
-1920
-2107
-2065
-1775
-1419
-987
-462
-74
116
285
378
337
364
463
443
385
348
187
-30
-151
-302
-529
-651
-711
-843
-943
-979
-1102
-1257
-1295
-1313
-1427
-1565
-1696
-1892
-2011
-1828
-1367
-693
235
1312
2324
3198
3940
4462
4711
4775
4676
4332
3835
3266
2577
1903
1398
1001
733
663
599
397
160
-172
-756
-1425
-1973
-2507
-3031
-3341
-3483
-3608
-3580
-3275
-2803
-2202
-1466
-761
-196
271
613
759
787
791
742
659
601
576
585
570
562
648
698
667
647
579
432
228
-17
-252
-499
-672
-741
-864
-903
-748
-615
-433
-90
232
464
716
982
1110
1106
1145
1122
947
833
756
546
374
336
226
48
-13
-77
-260
-349
-343
-529
-820
-1033
-1348
-1743
-1901
-1899
-1906
-1730
-1356
-1055
-809
-474
-209
-101
35
186
152
13
-94
-266
-479
-558
-520
-419
-228
7
251
457
537
487
278
-113
-517
-821
-1014
-1000
-717
-191
552
1446
2368
3173
3786
4180
4285
4078
3600
2882
2048
1265
618
146
-84
-69
68
245
411
419
206
-193
-781
-1474
-2177
-2836
-3342
-3653
-3760
-3614
-3268
-2731
-2005
-1266
-593
-24
386
633
736
797
784
759
811
890
1053
1249
1415
1505
1516
1503
1413
1244
999
664
247
-229
-697
-1084
-1347
-1473
-1433
-1242
-979
-692
-406
-172
-30
48
110
173
219
276
344
386
469
566
594
586
579
595
559
532
531
389
224
73
-165
-420
-683
-928
-1213
-1420
-1480
-1550
-1490
-1261
-945
-603
-272
12
124
162
186
151
69
-17
-42
-60
-88
-100
-129
-162
-175
-147
-82
-52
-51
-91
-268
-487
-719
-994
-1170
-1226
-1162
-914
-493
39
605
1201
1739
2118
2395
2581
2629
2574
2503
2384
2153
1913
1717
1496
1275
1126
989
802
571
302
-77
-541
-981
-1440
-1873
-2161
-2305
-2353
-2281
-2033
-1739
-1449
-1093
-746
-491
-254
-25
97
168
238
299
333
402
541
635
703
738
701
594
463
303
126
-42
-192
-321
-484
-626
-766
-860
-831
-673
-486
-217
107
308
471
611
650
637
647
686
678
672
694
607
517
495
421
319
221
82
-162
-409
-657
-961
-1177
-1293
-1374
-1397
-1301
-1227
-1158
-1019
-842
-672
-494
-285
-134
-14
81
99
97
125
169
252
350
408
398
331
201
47
-59
-154
-239
-263
-316
-416
-479
-538
-574
-495
-326
-98
176
461
706
888
1059
1217
1338
1479
1602
1624
1597
1518
1332
1134
993
844
702
637
553
379
201
1
-270
-505
-657
-780
-853
-876
-907
-955
-977
-960
-916
-811
-633
-470
-343
-215
-163
-193
-187
-159
-147
-81
8
42
73
109
84
34
20
4
-19
30
102
96
115
199
231
260
364
416
421
504
544
483
492
529
491
450
467
421
276
176
45
-177
-321
-421
-585
-731
-813
-905
-1032
-1109
-1138
-1167
-1113
-1020
-981
-916
-820
-726
-597
-450
-296
-172
-64
38
80
137
206
226
295
394
434
458
520
572
558
563
533
418
309
195
62
-7
37
115
198
362
528
610
679
767
778
697
610
487
263
36
-136
-315
-436
-393
-277
-195
-107
1
23
-49
-82
-102
-196
-237
-204
-233
-256
-196
-121
-35
119
291
455
602
665
703
664
521
392
241
88
12
-56
-118
-119
-86
-50
-18
-1
-15
-59
-94
-167
-307
-407
-438
-461
-434
-324
-222
-161
-61
58
113
144
169
147
112
77
7
-111
-226
-288
-328
-352
-320
-295
-299
-300
-362
-437
-468
-511
-520
-497
-468
-432
-388
-342
-311
-258
-180
-72
65
191
296
346
352
336
295
279
289
310
337
366
360
290
257
245
209
237
281
272
258
227
163
126
118
107
134
177
214
257
273
249
200
170
151
134
122
100
63
17
11
-51
-114
-119
-169
-173
-146
-164
-207
-247
-238
-237
-196
-81
-16
38
145
192
202
239
221
160
136
149
171
184
207
219
191
175
160
65
-36
-91
-184
-279
-329
-420
-509
-533
-532
-512
-469
-423
-369
-309
-246
-197
-173
-120
-80
-68
-37
-8
15
25
86
132
140
186
177
152
138
73
36
-2
-61
-71
-110
-142
-137
-157
-107
-51
-18
41
28
1
0
-15
-14
14
55
103
169
206
223
260
292
309
327
332
301
238
177
123
66
34
41
33
40
79
93
73
57
46
19
-13
12
32
8
0
-4
17
17
26
36
40
46
52
40
-16
-69
-119
-180
-236
-230
-192
-183
-175
-155
-150
-143
-120
-128
-146
-140
-135
-131
-109
-59
-12
23
89
135
114
109
95
57
78
100
59
19
-19
-78
-128
-151
-143
-111
-79
-59
-53
-53
-62
-76
-78
-66
-53
-36
-17
5
33
68
104
136
159
176
200
224
250
259
233
185
109
42
-4
-36
-41
-58
-78
0
0
0
0
0
0
0
0
0
0
0
0
0
0
0
0
0
0
0
0
0
0
0
0
0
0
0
0
0
0
0
0
0
0
0
0
0
0
0
0
0
0
0
0
0
0
0
0
0
0
0
0
0
0
0
0
0
0
0
0
0
0
0
0
0
0
0
0
0
0
0
0
0
0
0
0
0
0
0
0
0
0
0
0
0
0
0
0
0
0
0
0
0
0
0
0
0
0
0
0
0
0
0
0
0
0
0
0
0
0
0
0
0
0
0
0
0
0
0
0
0
0
0
0
0
0
0
0
0
0
0
0
0
0
0
0
0
0
0
0
0
0
0
0
0
0
0
0
0
0
0
0
0
0
0
0
0
0
0
0
0
0
0
0
0
0
0
0
0
0
0
0
0
0
0
0
0
0
0
0
0
0
0
0
0
0
0
0
0
0
0
0
0
0
0
0
0
0
0
0
0
0
0
0
0
0
0
0
0
0
0
0
0
0
0
0
0
0
0
0
0
0
0
0
0
0
0
0
0
0
0
0
0
0
0
0
0
0
0
0
0
0
0
0
0
0
0
0
0
0
0
0
0
0
0
0
0
0
0
0
0
0
0
0
0
0
0
0
0
0
0
0
0
0
0
0
0
0
0
0
0
0
0
0
0
0
0
0
0
0
0
0
0
0
0
0
0
0
0
0
0
0
0
0
0
0
0
0
0
0
0
0
0
0
0
0
0
0
0
0
0
0
0
0
0
0
0
0
0
0
0
0
0
0
0
0
0
0
0
0
0
0
0
0
0
0
0
0
0
0
0
0
0
0
0
0
0
0
0
0
0
0
0
0
0
0
0
0
0
0
0
0
0
0
0
0
0
0
0
0
0
0
0
0
0
0
0
0
0
0
0
0
0
0
0
0
0
0
0
0
