0
0
0
0
0
0
0
0
0
0
0
0
0
0
0
0
0
0
0
0
0
0
0
0
0
0
0
0
0
0
0
0
0
0
0
0
0
0
0
0
0
0
0
0
0
0
0
0
0
0
0
0
0
0
0
0
0
0
0
0
0
0
0
0
0
0
0
0
0
0
0
0
0
0
0
0
0
0
0
0
0
0
0
0
0
0
0
0
0
0
0
0
0
0
0
0
0
0
0
0
0
0
0
0
0
0
0
0
0
0
0
0
0
0
0
0
0
0
0
0
0
0
0
0
0
0
0
0
0
0
0
0
0
0
0
0
0
0
0
0
0
0
0
0
0
0
0
0
0
0
0
0
0
0
0
0
0
0
0
0
0
0
0
0
0
0
0
0
0
0
0
0
0
0
0
0
0
0
0
0
0
0
0
0
0
0
0
0
0
0
0
0
0
0
0
0
0
0
0
0
0
0
0
0
0
0
0
0
0
0
0
0
0
0
0
0
0
0
0
0
0
0
0
0
0
0
0
0
0
0
0
0
0
0
0
0
0
0
0
0
0
0
0
0
0
0
0
0
0
0
0
0
0
0
0
0
0
0
0
0
0
0
0
0
0
0
0
0
0
0
0
0
0
0
0
0
0
0
0
0
0
0
0
0
0
0
0
0
0
0
0
0
0
0
0
0
0
0
0
0
0
0
0
0
0
0
0
0
0
0
0
0
0
0
0
0
0
0
0
0
0
0
0
0
0
0
0
0
0
0
0
0
0
0
0
0
0
0
0
0
0
0
0
0
0
0
0
0
0
0
0
0
0
0
0
0
0
0
0
0
0
0
0
0
0
0
0
0
0
0
0
0
0
0
0
0
0
0
0
0
0
0
0
0
0
0
0
0
0
0
0
0
0
0
0
0
-178
75
-25
-258
134
-1
-185
69
104
-174
-34
194
-80
11
88
87
-70
54
200
-48
71
67
88
48
66
137
-66
-53
163
19
-114
223
47
-160
254
36
-199
157
13
-128
24
0
-59
-98
-28
-29
-203
-188
2
-61
-122
79
-92
-155
83
-138
-32
230
-48
-76
58
14
-19
-49
207
127
-282
134
217
-230
26
267
-17
-117
175
60
-181
-51
206
2
-177
170
-220
-133
170
-232
165
59
-313
111
60
39
123
93
170
-64
-84
286
153
-136
298
190
-96
-35
243
-74
-375
306
28
-416
106
203
-508
51
255
-444
-56
-7
-230
-20
22
62
-89
-159
148
-263
-140
486
-249
-253
465
-23
-231
250
318
-106
-188
428
128
-436
347
202
-363
127
45
-115
-174
-281
67
68
-264
-12
174
-358
-27
271
-296
77
258
-289
99
286
-231
69
299
60
-162
50
348
-218
64
413
15
62
-5
129
35
-179
277
70
-283
33
-20
-291
-40
256
-185
-276
199
-276
-434
446
-245
-386
359
-92
-296
83
378
-411
210
380
-566
315
74
-33
200
-114
310
-56
-352
415
246
-206
92
170
104
-416
205
391
-484
120
256
-312
41
63
-306
415
62
-494
323
-80
-424
197
241
15
25
-145
8
84
-273
238
139
-353
-129
120
-56
-324
277
173
-383
242
350
-496
209
191
-646
476
-191
-390
351
-171
155
63
170
-2
-234
83
5
-51
-206
70
173
-289
432
394
-308
146
-78
-45
-104
23
80
-211
283
-147
-273
128
-140
-92
78
212
-214
-164
388
-238
-297
297
258
-177
-41
247
-162
-186
56
170
-102
-265
199
138
-218
253
320
-302
83
17
-498
-8
163
-15
254
372
-132
-156
55
-55
85
6
190
-65
-166
266
-42
-232
133
366
-319
-193
263
-269
-303
238
-126
-404
42
-229
69
291
-50
186
1
-327
-34
10
6
276
109
90
231
153
127
-86
168
-100
-607
423
119
-472
611
286
-313
32
-19
-134
-109
171
64
-176
-135
-119
123
44
81
7
-70
171
-234
-70
-36
-119
264
-190
330
205
-539
93
221
-20
-237
-11
-171
-280
152
195
291
-8
-39
-146
-254
87
-103
59
210
-232
-65
30
85
116
-271
-116
-289
-278
149
116
77
48
156
-20
235
346
-174
2
161
9
-294
-37
-61
-227
377
172
63
-133
-437
30
102
-30
239
167
-317
-111
84
29
227
104
-233
-153
-238
-337
127
377
274
165
181
-219
-407
-179
65
531
460
159
66
14
-45
193
301
50
74
-153
-210
-131
-126
123
227
173
128
-57
-440
-114
59
-7
119
-187
-215
-491
-373
267
115
-5
32
-217
-416
-324
-175
-97
228
193
82
283
37
-228
-148
-61
245
157
95
253
-55
-40
-17
71
-71
-219
-12
-247
-30
339
99
-27
356
238
-101
167
111
-62
114
8
-189
88
-74
-149
299
187
-39
82
162
94
200
167
6
20
-286
-218
14
-74
-92
-101
-186
-200
145
93
111
146
-90
-211
-289
-47
-35
144
174
-168
-224
-270
-337
-234
170
101
-240
-155
35
-164
-66
140
-22
-79
-155
6
-24
-227
-173
30
154
447
316
210
558
123
167
477
215
236
196
-12
97
209
75
34
-49
-87
-153
-355
-63
-37
-309
-193
-43
-73
-211
12
-33
42
250
46
302
329
-151
-164
109
44
108
222
244
129
-315
-439
-152
-247
-282
150
325
308
130
298
307
71
177
125
84
47
68
166
139
159
140
129
-90
-231
-109
-148
-113
-125
-71
-388
-570
-484
-751
-701
-526
-586
-761
-764
-924
-769
-609
-787
-423
-278
-234
0
43
53
-40
-89
68
131
161
296
357
324
445
624
524
417
407
327
270
236
268
484
580
509
639
789
676
683
926
1042
983
905
908
972
981
799
778
881
429
272
574
304
137
268
224
225
195
171
206
152
74
9
-16
-91
-223
-378
-573
-632
-805
-884
-773
-854
-877
-1041
-1245
-1358
-1328
-1289
-1383
-1197
-1300
-1305
-1157
-1286
-1319
-1693
-1832
-1670
-1955
-2208
-2101
-2255
-2743
-2919
-2987
-3079
-3134
-3017
-2583
-2205
-1704
-865
-365
-433
-667
-1008
-1085
-658
450
2267
4273
6064
7720
9661
11181
12235
12880
12340
10713
8362
6033
3693
1596
-227
-2055
-3395
-4662
-5202
-4966
-5088
-5483
-5863
-6360
-6804
-6376
-5574
-4507
-2929
-1665
-24
1849
3581
5289
6225
6658
6521
6107
5483
4738
4230
3445
2746
1794
798
-195
-1559
-2846
-4240
-5237
-5923
-6256
-6159
-5867
-5030
-4051
-2914
-1563
-534
242
675
562
979
1496
1577
2002
2377
2630
2332
1868
1465
582
-516
-2019
-3482
-4850
-5954
-6661
-6771
-6376
-6522
-6206
-5565
-5090
-4420
-4259
-4229
-4522
-5050
-5039
-4474
-3228
-1879
-281
1259
1855
2359
2957
3373
3944
5235
7208
9041
11039
13341
15310
16724
17671
17825
16403
13568
9703
5652
1948
-1592
-4314
-6483
-8294
-9609
-10063
-9174
-8109
-7372
-7157
-7199
-6773
-6019
-4570
-2583
-502
1594
3181
4806
6962
8309
8929
9044
8037
6647
4323
1475
-518
-2615
-4957
-6696
-7511
-7979
-8177
-7368
-6492
-5771
-4755
-3548
-1828
-289
1141
2993
4396
5155
5737
6119
5868
4870
3832
3105
2019
703
-103
-795
-1969
-3046
-3452
-3667
-4049
-4731
-5364
-5900
-6287
-5958
-5324
-4342
-3543
-2889
-1620
-620
184
858
864
174
-689
-1053
-1195
-1326
-1192
-1013
-1423
-1774
-1531
-1624
-2170
-2653
-3286
-3860
-4004
-3938
-3227
-2592
-2866
-3255
-3036
-2121
-80
3965
8421
12248
15553
18296
21137
23023
23841
22980
19344
14052
8571
3862
-694
-4843
-8341
-11689
-14192
-15359
-14747
-13422
-12578
-12120
-11947
-10931
-8891
-6048
-2480
943
4176
7118
10021
12787
14598
15102
13916
11745
9164
5848
2280
-1155
-4673
-7795
-10330
-12112
-12573
-12459
-12419
-12158
-11242
-9470
-6917
-4083
-1157
1809
4560
7198
9381
11660
13038
12461
10488
7964
6210
3680
1052
-768
-2547
-4683
-7379
-7828
-7215
-7265
-7553
-7416
-6281
-5977
-5186
-3035
-775
437
520
1258
2163
2050
1139
279
-717
-2275
-3288
-3021
-2315
-2071
-1769
-1178
-804
-788
-938
-1274
-2088
-3189
-4046
-4480
-4636
-4352
-3648
-3319
-3556
-3384
-2487
-1294
988
5202
10083
14237
18063
21677
24092
25162
25335
23982
20184
14375
8032
2197
-3230
-8502
-12986
-16155
-18323
-19358
-18554
-16366
-14240
-12666
-10978
-8493
-5141
-1319
2493
6285
9875
12495
14101
15158
15513
14217
11243
7673
4186
278
-4355
-8404
-11350
-13403
-15307
-15940
-14682
-13488
-12117
-10434
-7748
-5158
-3097
79
3378
7035
10184
13073
15567
16323
15877
13450
9989
5952
1858
-1827
-5773
-8557
-10070
-10885
-10985
-10029
-7873
-6195
-5123
-3371
-1627
-501
242
1529
3355
3747
3234
2978
2787
1670
-584
-1826
-3012
-5346
-7023
-6742
-4991
-3873
-2800
-848
485
978
1011
1016
577
-959
-2474
-3527
-4286
-4570
-4551
-4302
-4049
-3660
-3017
-2136
-326
3145
7943
12527
16729
20709
23554
24853
24913
24360
21458
15469
8754
2409
-3638
-9453
-13926
-16713
-18971
-20220
-19403
-16718
-13623
-11088
-8698
-5963
-2928
361
4045
7912
11286
13452
14378
14445
13658
11578
8128
4076
72
-4106
-8299
-11553
-13583
-14802
-15631
-15242
-13073
-10497
-7967
-5269
-2326
387
2169
4509
7362
9512
11272
12754
14182
14197
12561
10205
6438
1844
-2851
-6628
-9302
-11083
-11229
-10542
-9438
-7765
-5333
-2747
-949
470
1614
2021
1790
1805
2344
2509
1589
650
5
-1150
-2762
-4001
-4279
-5178
-6284
-5954
-4173
-2073
-577
1628
3628
4058
3384
2551
1724
-417
-3000
-5012
-6501
-7484
-7650
-6575
-5217
-4400
-3896
-3232
-2037
275
3936
8752
13676
17993
21401
23417
24683
24863
23420
19537
13415
6527
-869
-7611
-13027
-16551
-18620
-19970
-19543
-17397
-14075
-10611
-7287
-3963
-1248
1269
4315
7980
11306
13555
14872
15169
14059
11601
8329
4346
-253
-4986
-9426
-13160
-15695
-16741
-16584
-15322
-12895
-9671
-6288
-3023
313
3028
4858
6214
7563
8895
9453
10014
10502
10192
8855
6715
4455
797
-3713
-7311
-9487
-10343
-10436
-8675
-6182
-4530
-2488
131
2555
3634
4141
4450
3188
1743
1154
895
-62
-1571
-2523
-3683
-4924
-5406
-4968
-4552
-4920
-4791
-3468
-1654
121
2209
4290
5107
4637
3973
3241
1581
-792
-3045
-5142
-7091
-8221
-8274
-7772
-6807
-5354
-3970
-2807
-1574
-479
569
2879
7190
12489
17571
21808
24425
24851
23673
21743
18609
13086
5193
-3382
-10869
-16453
-19661
-20235
-18981
-17374
-15683
-12784
-8356
-3645
244
3235
5348
6613
7985
10449
13388
15255
15213
13176
9429
4889
423
-4093
-8773
-12928
-16111
-18218
-18351
-15913
-12147
-8496
-5105
-1728
1355
4021
6323
7996
8507
7912
7277
7252
7646
7320
6050
4158
1365
-1562
-4061
-5715
-7256
-8534
-8069
-6452
-3888
-833
2082
3729
3710
4125
4426
3692
2633
1405
-251
-2635
-3901
-3332
-3025
-3456
-4063
-4452
-4546
-4186
-2355
-116
1067
1393
1640
2725
3622
3703
3257
2007
94
-2092
-3301
-4082
-5538
-6625
-7276
-7857
-8084
-7317
-5779
-4829
-3731
-2035
-857
167
1229
2339
3215
4337
7741
12673
17712
21627
23331
22907
20182
16904
13568
8736
1532
-7244
-14490
-18747
-19912
-18657
-16313
-14057
-12366
-9900
-5714
-559
4221
7606
9087
9467
10222
12343
14745
15824
14992
11116
5086
-932
-5394
-9210
-13676
-17156
-19110
-19384
-17585
-13255
-7584
-3607
-1208
1117
4109
6689
8084
9084
8800
7250
5884
5647
5769
4527
2281
-710
-4039
-6185
-6987
-6745
-6122
-5114
-3317
-995
2500
6306
8677
8550
6391
4321
2325
288
-1380
-2570
-4097
-6721
-7933
-6884
-5181
-4312
-3890
-2635
-1486
-186
2139
4893
6190
5135
3657
2912
2174
773
-929
-2735
-4984
-7115
-7971
-7394
-6478
-6014
-5756
-5045
-3971
-3137
-2371
-1502
-1015
-962
-435
1064
2595
3406
3582
3548
4181
6498
10356
14640
17974
18882
17810
15470
12929
10304
6053
601
-6155
-12408
-15871
-16441
-14262
-11706
-9562
-7761
-5911
-2353
2274
6384
8793
9451
9289
9384
10412
11719
11873
9818
5714
522
-4504
-8717
-12416
-15473
-17509
-18257
-17176
-13706
-8660
-3715
63
2374
4183
5544
6722
7908
8055
7532
6109
4957
4629
3622
2082
-734
-3995
-6839
-8918
-8566
-6792
-4128
-1410
1097
4556
7488
9781
10864
9767
6847
2526
-989
-3466
-5138
-6003
-7249
-8238
-8034
-6619
-4474
-2219
-469
326
805
2289
4306
5869
6497
5308
3098
713
-1268
-2843
-4472
-5831
-7373
-8272
-7426
-5385
-3210
-1892
-1323
-1320
-1570
-1291
-496
124
105
-424
-763
-63
1436
2688
2950
2214
930
-248
640
4280
8995
13089
15349
15955
14966
13013
11102
8143
3354
-3145
-9277
-12595
-13039
-11159
-8755
-7097
-6243
-5731
-3834
-564
2831
4768
4821
5011
6148
8112
10378
11660
10637
6752
1576
-3411
-7937
-11753
-14633
-16104
-15471
-12668
-8441
-3671
472
2992
3921
4330
5024
5484
5724
5781
5581
5564
5458
5311
4244
1475
-2446
-6811
-10057
-11696
-11249
-8591
-5138
-984
3684
8412
12260
13918
13702
10976
5978
936
-2987
-5378
-6972
-8077
-8417
-8798
-8551
-6905
-4757
-2448
-748
434
2071
3787
5654
6752
6524
5024
1955
-860
-3247
-5493
-7101
-8388
-8729
-8061
-5780
-2400
-1
1445
1786
1021
1
-544
-320
-580
-1127
-826
-61
1091
2684
3686
2865
282
-2685
-4740
-4840
-1853
3374
9177
14183
17071
18146
17411
15188
11808
6890
780
-5665
-9924
-11065
-10477
-8979
-7433
-6838
-7363
-7356
-5283
-2254
116
2182
4381
6702
9127
11803
14175
13938
10545
4987
-1254
-7041
-12281
-15437
-16012
-14728
-12052
-8231
-3373
342
2032
2875
2999
2782
2728
3769
5756
6933
7470
7365
6138
4075
769
-3240
-7371
-10920
-12712
-12585
-9801
-5278
-882
3654
8217
12018
13801
13333
11410
7374
2380
-1471
-3991
-5514
-6877
-7872
-8664
-9755
-9714
-8471
-6465
-3856
-1276
1628
4525
7003
8748
8975
7526
4516
819
-2450
-5201
-7171
-7813
-7551
-6741
-5305
-2937
-435
897
1775
2130
1409
324
-131
152
-85
-413
-183
-90
-37
98
-129
-1260
-2853
-3980
-4055
-2405
1187
6343
11628
15783
17830
17195
14762
11138
7261
3239
-1041
-4769
-7360
-8038
-7939
-7783
-7577
-8041
-8850
-8769
-6418
-2960
274
3729
7185
9921
11677
12772
12698
10546
6478
1486
-3560
-8190
-11674
-13252
-12724
-10670
-7824
-4588
-1778
-314
83
667
1775
2924
4186
5827
7229
7422
6664
4998
2062
-1570
-5338
-8392
-10144
-10161
-8518
-6311
-3307
-10
2518
4544
6571
9039
10379
10429
9871
7513
3687
-645
-3613
-5520
-7659
-9182
-10444
-11075
-11088
-9733
-6328
-2744
492
3263
6044
8623
9856
10104
8853
5770
1697
-2234
-4858
-6413
-7156
-6939
-6258
-5316
-3971
-2255
-812
-91
448
932
930
881
1179
854
-374
-1169
-1102
-1253
-1718
-1475
-901
-1171
-1882
-1770
-505
1882
5792
10778
14948
16653
15624
12784
9484
6204
2583
-1118
-4211
-6707
-8242
-8009
-6972
-6951
-8050
-9393
-9909
-7963
-3410
1533
5618
9182
11539
12190
12385
12215
10055
5781
860
-3628
-7354
-9800
-10441
-10050
-9295
-7816
-5861
-3883
-2288
-1676
-1022
513
2014
3621
5994
8122
8493
7055
4733
1848
-1712
-4842
-6867
-8402
-8706
-7559
-5524
-3194
-769
1649
3167
4979
7069
8748
9899
9619
8557
5247
572
-2636
-5568
-7864
-9240
-10142
-10871
-11232
-9324
-6360
-3032
508
3112
5745
8172
9996
10723
9775
7180
2828
-1442
-4347
-6255
-7285
-7413
-7161
-6949
-6299
-4870
-3149
-1758
-499
709
1558
2209
2809
2905
2042
613
-587
-1301
-1601
-1487
-1304
-1442
-2027
-2484
-1726
422
3839
8100
12012
14393
14365
12521
9755
6542
3582
646
-2004
-4049
-5413
-5985
-6579
-7408
-8854
-10369
-10475
-8598
-4649
105
4801
8632
10773
11709
11719
11085
9296
6392
3434
12
-3650
-6745
-9012
-10319
-10811
-9931
-8154
-6483
-4840
-3426
-1778
603
3105
5407
7403
8630
8541
7332
5718
3396
220
-2843
-5125
-6578
-7011
-6173
-4803
-3701
-2999
-2378
-1482
-43
2435
5313
8004
9895
9965
7954
4283
572
-2640
-5131
-6606
-7719
-8571
-9144
-8590
-6806
-4551
-2023
368
2805
5228
7157
8420
8479
6978
3997
352
-2330
-4210
-5731
-6241
-6219
-6188
-6491
-6304
-5117
-4061
-2670
-465
2128
4227
5071
4917
3736
1792
16
-1045
-1578
-1871
-1952
-1873
-1948
-2131
-2069
-1507
248
3582
7913
11778
13964
13682
11410
8473
5494
3511
1780
-397
-2446
-4309
-5729
-7250
-8613
-9999
-10940
-9724
-6644
-1909
3076
6724
8907
9329
9127
8854
8307
7619
6048
3713
1051
-1891
-4792
-7472
-9460
-10515
-10504
-9201
-7280
-5443
-3471
-1377
548
2705
5126
6937
7768
7874
6999
5071
2862
603
-1878
-3909
-5013
-5714
-6157
-5836
-4813
-3648
-2442
-947
808
2626
4353
6054
7578
7885
6389
4009
1635
-501
-2189
-3444
-4582
-5971
-7451
-7846
-6544
-4606
-2855
-951
1056
2581
3832
5119
5721
4907
2840
444
-1299
-2463
-3414
-3840
-4066
-4846
-5686
-5778
-5180
-3995
-2037
392
2440
3544
3625
2762
1455
413
-357
-1090
-1382
-1086
-830
-740
-479
-566
-1272
-1306
480
3820
7798
11046
12241
11319
9090
6500
4804
4206
3117
872
-1388
-3304
-5217
-6498
-6963
-7660
-8498
-7975
-5504
-1878
1891
4811
6053
5966
5687
5946
6657
7195
6730
4899
2100
-895
-3362
-5254
-6343
-6971
-7446
-7273
-6907
-6092
-4664
-2965
-1242
134
1738
3101
3928
4531
4318
3433
2402
1441
581
6
-353
-1047
-1872
-2243
-2312
-2396
-2190
-1598
-783
164
1130
2527
3788
3981
3160
1978
1135
136
-548
-699
-1599
-3105
-4357
-4274
-3244
-2342
-1346
-690
-423
-418
-19
1328
1962
1444
526
-246
-836
-1451
-1168
-760
-1562
-2842
-3414
-3240
-3061
-2328
-742
466
800
919
830
125
-851
-1699
-2268
-2493
-2397
-1731
-202
1421
1940
1643
1474
1540
2348
4946
8562
10906
11071
9751
7477
4824
2907
1953
885
-820
-2557
-3876
-4669
-4894
-5054
-5579
-5908
-5449
-4117
-1688
1430
3719
4506
4583
4502
4369
4584
5095
5199
4432
2703
295
-2002
-3694
-4890
-5440
-5168
-4834
-5180
-5589
-5263
-4534
-3726
-2477
-987
-29
600
1667
2852
3421
3465
3150
2474
1786
1281
875
537
161
-370
-974
-1323
-1237
-954
-519
-67
80
294
684
738
764
958
621
-230
-853
-1252
-1898
-2381
-1957
-1142
-721
-326
186
106
-528
-838
-624
-371
-208
-56
-25
-223
-722
-1249
-1435
-1602
-2030
-2324
-2294
-2154
-1891
-1149
-245
-207
-751
-1113
-1549
-1837
-1375
-738
-651
-875
-746
-25
828
1846
2611
2450
2104
2519
4402
7071
9191
9867
8498
5684
2834
1393
1127
1249
959
-415
-1982
-3183
-3931
-4149
-4153
-4421
-4698
-4031
-2202
133
2145
3280
3077
2388
2153
2355
3319
4547
4908
3803
1881
-62
-2064
-3315
-3275
-2728
-2667
-3373
-4198
-4843
-5272
-4996
-3891
-2837
-2219
-1560
-736
536
1662
2218
2608
2482
2030
1769
2400
3395
3427
3128
2372
753
-626
-1047
-836
-619
-196
4
-523
-1225
-1907
-2019
-1661
-1326
-924
-722
-617
-590
-398
147
203
-157
-304
-351
-206
197
802
1266
878
79
-729
-1544
-1951
-2035
-1882
-1784
-2068
-2590
-3125
-3167
-2670
-1865
-753
200
531
392
174
-48
-334
-557
-536
-420
-94
761
1389
1647
1593
1013
566
799
2499
5067
7307
8712
8321
6548
4155
2230
1628
1697
2176
2233
1585
390
-1646
-3720
-5303
-5816
-5499
-4733
-2926
-1155
-78
691
1250
1388
875
711
1511
2898
4399
5231
4674
2843
353
-1915
-2784
-2243
-1603
-1661
-2247
-3352
-4904
-5845
-5534
-4620
-3765
-3001
-2186
-1317
-331
786
1847
2462
2465
2174
2198
3034
4039
4661
4525
3205
1276
-212
-239
275
573
786
-26
-1402
-2549
-2888
-2549
-2473
-2169
-2083
-2429
-2309
-1673
-583
250
619
521
105
304
688
1176
1629
1283
349
-812
-1333
-1583
-1972
-1835
-2045
-2663
-2917
-2735
-2518
-2397
-1731
-1452
-1457
-644
-153
-258
-394
-428
-764
-1188
-567
321
1270
2266
2372
2005
1396
1023
1744
3742
6025
7250
7606
7110
5557
3912
2954
2342
1898
1749
1464
778
-345
-1951
-3532
-4545
-5054
-4903
-3843
-2435
-1128
-51
266
-104
-388
-485
-145
1348
3311
4438
4586
3758
1931
-21
-1224
-1376
-696
-105
-321
-1184
-2347
-3633
-4582
-4627
-4218
-4103
-3856
-3241
-2668
-1877
-883
-249
162
640
1277
2323
3644
4668
5029
4699
3763
2601
1943
2111
2717
3188
2827
1252
-876
-2688
-3827
-4009
-3469
-3166
-3376
-3657
-3768
-3521
-2821
-1802
-870
-298
149
873
1722
2427
2872
2756
2144
1094
257
45
73
44
-498
-1348
-2770
-4128
-4356
-3938
-2916
-2063
-1729
-1691
-2243
-2719
-2655
-2021
-1214
-680
40
1042
1726
2148
2376
2044
1578
1757
3169
5621
7863
8928
8476
6610
4322
2805
2405
2763
3154
2903
1866
212
-1696
-3513
-5040
-5702
-5321
-4557
-3569
-2410
-1676
-1470
-1539
-1661
-1430
-723
564
2636
4840
5909
5318
3623
1504
-160
-323
753
1846
2119
954
-1373
-3536
-5034
-5739
-5426
-4683
-4337
-4274
-3919
-3579
-3270
-2692
-1960
-1215
-122
1611
3159
4733
5945
5770
4988
3902
3262
3465
4202
5219
5100
3888
1595
-1460
-3412
-4285
-4230
-3597
-3226
-3399
-4328
-5105
-5264
-4863
-3977
-2922
-1665
-289
1108
2333
3121
3179
2582
1912
1534
1531
2028
2526
2186
1158
-523
-2461
-3744
-4326
-4006
-3076
-2342
-2129
-2588
-3360
-4286
-4765
-4096
-2958
-1576
157
1460
1965
2139
1910
1495
1698
2746
4776
7172
8975
9599
8682
6533
4223
3082
2861
3151
3788
3630
2408
119
-2524
-4611
-6075
-6381
-5880
-4715
-3635
-3330
-2987
-3133
-3418
-3173
-2334
-836
973
3359
5112
5493
4998
3435
1785
1222
1824
3051
4032
3954
2387
-135
-2649
-4447
-5134
-4901
-4427
-4167
-4140
-4405
-4787
-4938
-4587
-4055
-3273
-1627
400
2247
3634
4603
4621
3831
3584
3879
4831
6027
6950
7069
5663
3547
1043
-1137
-2172
-2373
-2259
-2512
-3319
-4696
-6050
-6790
-7009
-6376
-5096
-3756
-2334
-1044
57
807
1042
1364
1684
2008
2750
3670
4369
4208
3168
1664
-74
-1488
-2065
-1773
-1239
-1172
-1744
-2816
-4307
-5669
-6121
-5584
-4508
-3206
-1886
-941
-454
-377
-414
-292
307
1802
3999
6767
9090
10072
9498
7667
5834
4858
5195
6244
7184
6832
4682
1672
-1490
-3964
-5446
-5481
-4962
-4698
-4403
-4726
-5321
-5862
-6166
-6144
-5333
-3473
-1440
1068
3565
4633
4249
3550
2996
2576
3516
5588
7025
7120
5780
3200
142
-2118
-3022
-3099
-2666
-2509
-3212
-4415
-5840
-6939
-7581
-7447
-6455
-5112
-3117
-1096
357
1272
1503
1327
1089
2096
4273
6514
8991
10482
9644
6770
3659
1802
1016
1678
2665
2144
88
-2809
-5327
-7082
-7972
-7958
-7355
-6349
-5225
-4176
-3305
-2745
-2738
-2610
-1789
-338
1649
3791
5665
6230
5314
3690
1918
922
1211
2196
2885
2770
1586
-660
-3096
-4667
-5428
-5568
-5085
-4659
-4436
-4367
-4405
-4238
-3855
-3196
-2490
-1581
-183
1568
4158
7095
8954
9334
8355
6729
5752
6474
8590
10272
10416
8533
4833
982
-1625
-2476
-2257
-2071
-2625
-4142
-5764
-6880
-7422
-7519
-7493
-7323
-6743
-5315
-3033
-537
1401
2161
1710
1000
1214
2672
5062
7558
8773
8062
6180
3980
1962
916
928
890
347
-369
-1567
-3426
-5060
-6095
-6916
-7290
-6916
-6086
-5084
-3883
-2771
-2037
-1633
-1385
-997
-145
1598
3969
6550
8230
8117
6711
4510
2905
2575
3657
5000
4633
2833
163
-2423
-4341
-5000
-4779
-4995
-5085
-5055
-4987
-4659
-4067
-3924
-4436
-3970
-2872
-1615
449
2531
3474
3237
2802
2015
1283
1891
2918
3539
3838
3633
2387
345
-1049
-1894
-2705
-2948
-2819
-3101
-3578
-3745
-4276
-4833
-4479
-3948
-3646
-2865
-1617
-577
940
3178
4827
5669
5907
5484
4899
5753
7997
9534
10064
9192
6568
3624
2054
2013
2113
1925
978
-1140
-3160
-4115
-4642
-5217
-5488
-5810
-6172
-5699
-4453
-3289
-2501
-1890
-1810
-1938
-1150
290
1627
3081
4509
4709
3950
3387
2752
1991
1758
2236
2265
1878
1607
404
-1254
-2479
-3320
-3977
-3984
-3237
-2865
-2700
-2493
-2728
-3082
-2895
-2539
-2118
-993
692
2208
2951
3291
2850
1756
1389
1969
2983
3848
4239
3478
2034
639
-499
-852
-980
-1241
-1754
-2353
-2829
-2967
-2756
-3085
-3659
-4028
-4079
-3432
-2161
-814
-149
-129
-250
-271
3
893
2005
2537
2731
2827
2341
1528
1129
808
199
-113
-88
-343
-842
-1414
-2306
-3119
-3267
-2997
-2399
-1455
-1019
-1490
-2020
-2064
-1554
3
2412
4122
4326
3925
3461
2918
3511
5561
6966
6951
6478
5288
3595
2841
2725
2206
1588
897
-299
-1385
-1792
-2191
-3068
-3837
-4281
-4761
-4662
-3457
-2337
-1928
-1614
-1866
-2752
-2550
-1111
108
1374
2840
2816
1526
979
879
614
1292
2288
2121
1667
1456
513
-659
-1031
-1350
-1967
-1856
-1322
-1347
-1452
-1594
-2421
-3001
-2460
-1680
-1157
-354
547
846
899
1290
1405
1045
933
1089
1378
2063
2544
2115
1243
377
-565
-1219
-1081
-820
-972
-1170
-1613
-2169
-2384
-2570
-2944
-3065
-2612
-1986
-1243
-330
149
-20
-378
-574
-575
-76
852
1377
1469
1589
1437
781
320
152
-300
-586
-548
-509
-172
271
135
-664
-1606
-2432
-2708
-1771
14
1613
2430
2175
940
99
531
1619
2936
4075
4504
4244
3953
3839
3286
2463
1835
1327
1402
2077
2372
1808
536
-1125
-2594
-2979
-2350
-1592
-1002
-852
-1313
-2123
-2582
-2460
-2128
-1360
-500
-57
243
595
587
235
238
358
445
714
1024
1228
1127
815
319
-92
-345
-881
-1248
-1123
-975
-925
-801
-778
-1311
-2079
-2364
-2112
-1540
-610
377
756
543
44
-388
-293
471
1437
1814
1683
1239
671
664
936
781
109
-673
-1120
-1114
-498
46
-298
-1143
-2212
-2763
-2211
-1199
-418
-355
-465
-756
-1249
-985
-440
-62
250
590
823
984
1116
614
44
-160
-145
52
439
769
396
-152
-794
-1650
-1999
-1786
-1342
-1076
-800
-714
-1150
-1479
-1784
-1869
-1350
-385
787
1813
2543
2354
1626
1303
1590
2482
3580
4556
4636
3954
3371
2717
2268
2236
2187
1806
1463
1593
1556
1213
557
-618
-1611
-1967
-1759
-1298
-683
-327
-985
-1968
-2424
-2546
-2279
-1460
-659
-369
-319
-412
-748
-840
-495
-441
-583
-190
254
365
548
530
19
-445
-593
-627
-318
123
233
31
-247
-355
-610
-723
-458
-266
27
375
519
420
292
128
-178
-74
322
422
353
278
53
-146
-164
-277
-540
-742
-730
-552
-372
-217
-224
-633
-1162
-1339
-1183
-806
-308
-30
-140
-444
-686
-782
-681
-297
91
176
188
228
195
160
44
-205
-403
-401
-219
34
209
107
-398
-946
-1128
-1123
-930
-610
-349
-234
-307
-368
-672
-946
-842
-560
148
1029
1600
1606
1238
973
879
1205
1957
2651
2945
2927
2787
2484
2285
2218
2179
2097
1919
1949
1928
1793
1478
778
155
-320
-564
-504
-366
-399
-807
-1340
-1708
-1908
-1916
-1694
-1543
-1515
-1530
-1555
-1532
-1397
-1239
-1185
-873
-621
-407
-44
127
244
170
237
410
488
724
824
772
540
395
470
489
527
430
258
38
-68
-30
-199
-233
-289
-455
-439
-312
-164
-353
-505
-589
-707
-452
-282
-256
-343
-527
-526
-523
-413
-385
-569
-675
-815
-759
-498
-454
-549
-633
-759
-862
-715
-410
-223
-146
-139
-183
-157
-4
141
182
176
149
88
72
148
187
148
92
-31
-206
-254
-236
-350
-437
-345
-298
-391
-453
-537
-752
-852
-616
-155
318
614
594
402
361
622
1141
1762
2210
2301
2158
2044
2091
2242
2352
2303
2142
2016
1969
1884
1659
1253
653
92
-115
-45
14
-81
-401
-928
-1465
-1730
-1671
-1542
-1455
-1385
-1381
-1322
-1167
-1065
-931
-756
-683
-532
-170
153
305
347
267
136
119
325
574
648
655
618
387
195
180
86
41
1
-48
-8
-106
-128
-220
-447
-570
-612
-472
-303
-175
-214
-335
-381
-558
-621
-446
-355
-404
-401
-336
-351
-451
-553
-657
-819
-898
-798
-604
-396
-304
-418
-615
-754
-802
-669
-330
-5
152
251
300
191
41
18
81
198
400
587
611
463
234
29
-79
-79
-16
62
99
65
2
-78
-223
-440
-609
-592
-345
68
505
764
713
437
203
261
655
1206
1665
1869
1781
1516
1307
1273
1299
1279
1280
1295
1227
1110
1004
770
334
-79
-265
-297
-266
-168
-131
-331
-698
-989
-1119
-1116
-964
-722
-525
-443
-465
-534
-588
-540
-399
-212
-40
95
153
139
130
107
98
106
197
279
329
333
282
257
114
8
-13
-94
-136
-100
-32
-76
-136
-237
-449
-537
-525
-437
-317
-256
-321
-505
-631
-687
-681
-617
-596
-638
-657
-630
-621
-648
-673
-738
-848
-793
-541
-332
-238
-231
-312
-390
-332
-136
106
248
277
260
227
247
316
345
294
287
254
245
337
385
336
223
191
65
14
72
64
85
56
88
46
-24
10
-56
-30
83
235
388
467
562
496
417
421
448
574
705
850
809
699
622
565
626
590
600
523
491
525
462
462
360
190
16
10
74
139
206
124
-12
-155
-206
-229
-188
-126
-123
-122
-132
-110
-195
-244
-167
-138
-56
62
119
56
-52
-96
-97
-51
28
101
73
-27
-111
-104
-104
-171
-192
-221
-234
-213
-186
-188
-275
-399
-541
-572
-503
-496
-442
-431
-530
-630
-699
-706
-728
-679
-569
-539
-537
-589
-622
-620
-593
-476
-347
-237
-176
-101
-54
-36
35
44
115
195
258
375
414
441
364
285
312
301
374
424
390
336
281
290
222
163
135
82
105
120
181
217
96
-17
-40
-58
-20
87
118
122
97
40
37
34
21
49
160
258
309
344
327
339
330
338
429
451
446
473
528
544
504
437
314
307
313
267
359
367
247
184
129
37
-40
-59
-27
21
18
-11
-84
-217
-281
-336
-302
-198
-214
-195
-189
-253
-258
-288
-314
-313
-300
-214
-131
-110
-103
-149
-277
-317
-248
-173
-100
-74
-85
-157
-228
-230
-257
-293
-299
-286
-268
-222
-224
-311
-374
-396
-436
-427
-309
-280
-311
-233
-200
-243
-242
-192
-180
-179
-105
-59
-41
27
70
40
53
83
38
83
155
175
215
248
318
283
240
289
227
196
284
355
354
349
275
141
70
60
152
207
192
164
33
-50
-41
-37
37
106
61
65
97
57
64
133
157
168
213
242
272
250
216
244
201
221
310
307
288
235
168
78
62
123
68
95
82
-22
-40
-78
-105
-166
-184
-181
-209
-205
-207
-156
-162
-177
-174
-216
-224
-217
-140
-78
-106
-105
-127
-152
-127
-116
-75
-71
-123
-99
-62
-49
-61
-92
-105
-139
-173
-156
-96
-66
-66
-62
-105
-176
-200
-160
-84
-22
-10
-21
-64
-122
-136
-98
-9
34
47
52
-11
-48
-61
-75
-51
-9
16
10
7
-3
-37
-51
-26
-21
-5
80
126
114
127
102
50
63
84
103
168
218
200
161
118
29
-22
54
117
119
153
133
27
-14
-2
-32
-14
50
58
53
44
25
0
-15
43
37
34
105
56
56
124
94
78
75
63
47
62
94
67
55
79
55
4
18
16
-27
20
39
-35
-14
41
-10
-17
39
-29
-109
-76
-20
-17
-5
62
-5
-84
-35
-92
-127
-27
-29
-63
-6
17
-32
-76
-82
-123
-168
-126
-82
-43
-36
-62
-125
-221
-222
-211
-123
15
14
-3
0
-59
-124
-90
-31
30
95
62
28
-21
-55
-28
-40
25
41
-25
30
59
6
-9
19
-40
-79
37
75
50
89
75
-7
-31
2
20
15
40
68
-19
-21
28
-74
-37
37
-71
-82
-23
-37
-43
0
18
-26
-34
21
14
-35
-1
8
-18
50
110
97
59
46
-9
-35
69
124
107
98
69
13
2
15
11
33
63
66
55
73
32
-34
-9
-23
-47
-5
36
51
53
35
-20
-44
-37
-43
-14
70
122
100
69
52
13
-21
12
62
101
146
105
38
13
-58
-87
-64
-53
-31
-21
-10
-46
-127
-168
-161
-154
-123
-19
24
-6
-13
-89
-138
-78
-38
18
68
61
18
-39
-27
-27
-45
15
20
-36
-14
12
-35
-26
-7
-38
-70
-71
-17
-18
-5
-6
-72
-35
-17
-37
-20
-21
-28
-40
0
39
-17
-28
-3
-35
-49
-24
-11
-24
-4
15
-19
-12
-11
-36
-31
-37
-19
12
43
65
7
-14
8
-45
-11
79
66
108
129
59
28
24
51
71
69
81
80
61
92
67
58
46
-50
-50
12
68
90
75
33
-36
-102
-60
-9
31
99
86
69
0
0
0
0
0
0
0
0
0
0
0
0
0
0
0
0
0
0
0
0
0
0
0
0
0
0
0
0
0
0
0
0
0
0
0
0
0
0
0
0
0
0
0
0
0
0
0
0
0
0
0
0
0
0
0
0
0
0
0
0
0
0
0
0
0
0
0
0
0
0
0
0
0
0
0
0
0
0
0
0
0
0
0
0
0
0
0
0
0
0
0
0
0
0
0
0
0
0
0
0
0
0
0
0
0
0
0
0
0
0
0
0
0
0
0
0
0
0
0
0
0
0
0
0
0
0
0
0
0
0
0
0
0
0
0
0
0
0
0
0
0
0
0
0
0
0
0
0
0
0
0
0
0
0
0
0
0
0
0
0
0
0
0
0
0
0
0
0
0
0
0
0
0
0
0
0
0
0
0
0
0
0
0
0
0
0
0
0
0
0
0
0
0
0
0
0
0
0
0
0
0
0
0
0
0
0
0
0
0
0
0
0
0
0
0
0
0
0
0
0
0
0
0
0
0
0
0
0
0
0
0
0
0
0
0
0
0
0
0
0
0
0
0
0
0
0
0
0
0
0
0
0
0
0
0
0
0
0
0
0
0
0
0
0
0
0
0
0
0
0
0
0
0
0
0
0
0
0
0
0
0
0
0
0
0
0
0
0
0
0
0
0
0
0
0
0
0
0
0
0
0
0
0
0
0
0
0
0
0
0
0
0
0
0
0
0
0
0
0
0
0
0
0
0
0
0
0
0
0
0
0
0
0
0
0
0
0
0
0
0
0
0
0
0
0
0
0
0
0
0
0
0
0
0
0
0
0
0
0
0
0
0
0
0
0
0
0
0
0
0
0
0
0
0
0
0
0
0
0
0
0
0
0
0
0
0
0
0
0
0
0
0
0
0
0
0
0
0
0
0
