0
0
0
0
0
0
0
0
0
0
0
0
0
0
0
0
0
0
0
0
0
0
0
0
0
0
0
0
0
0
0
0
0
0
0
0
0
0
0
0
0
0
0
0
0
0
0
0
0
0
0
0
0
0
0
0
0
0
0
0
0
0
0
0
0
0
0
0
0
0
0
0
0
0
0
0
0
0
0
0
0
0
0
0
0
0
0
0
0
0
0
0
0
0
0
0
0
0
0
0
0
0
0
0
0
0
0
0
0
0
0
0
0
0
0
0
0
0
0
0
0
0
0
0
0
0
0
0
0
0
0
0
0
0
0
0
0
0
0
0
0
0
0
0
0
0
0
0
0
0
0
0
0
0
0
0
0
0
0
0
0
0
0
0
0
0
0
0
0
0
0
0
0
0
0
0
0
0
0
0
0
0
0
0
0
0
0
0
0
0
0
0
0
0
0
0
0
0
0
0
0
0
0
0
0
0
0
0
0
0
0
0
0
0
0
0
0
0
0
0
0
0
0
0
0
0
0
0
0
0
0
0
0
0
0
0
0
0
0
0
0
0
0
0
0
0
0
0
0
0
0
0
0
0
0
0
0
0
0
0
0
0
0
0
0
0
0
0
0
0
0
0
0
0
0
0
0
0
0
0
0
0
0
0
0
0
0
0
0
0
0
0
0
0
0
0
0
0
0
0
0
0
0
0
0
0
0
0
0
0
0
0
0
0
0
0
0
0
0
0
0
0
0
0
0
0
0
0
0
0
0
0
0
0
0
0
0
0
0
0
0
0
0
0
0
0
0
0
0
0
0
0
0
0
0
0
0
0
0
0
0
0
0
0
0
0
0
0
0
0
0
0
0
0
0
0
0
0
0
0
0
0
0
0
0
0
0
0
0
0
0
0
0
0
0
0
-19
-42
-131
-51
83
-171
-152
111
-74
16
12
-179
-67
-113
37
133
-85
-33
42
26
119
117
-27
4
134
-27
-124
35
-43
-2
165
19
20
110
35
-40
4
-31
-161
-60
-90
-97
138
123
61
136
123
1
-40
-18
-97
-113
-22
4
-31
8
24
-17
103
26
-192
-59
-36
-49
68
60
147
99
107
205
9
-33
13
-49
-125
-129
-49
-99
13
42
-48
80
25
-2
-57
-94
13
-64
-30
-78
-107
57
82
-27
5
131
-131
-131
92
-53
-136
-82
-57
-52
93
36
-64
105
34
-38
4
-148
-160
53
74
66
217
128
-7
40
74
150
120
36
37
-58
-27
144
69
100
134
-143
112
84
-170
137
-115
-179
-39
-50
137
-48
-60
58
-20
-19
20
-143
-172
48
16
84
146
8
-52
-34
83
-27
-171
-207
-229
-148
-153
-2
11
32
30
-18
25
-6
-20
-75
115
7
5
280
90
-50
97
37
-84
98
-47
-127
94
135
-113
6
408
-224
-9
396
-364
-152
95
-180
2
81
-155
24
186
58
102
62
164
43
-154
40
17
-177
132
92
-202
93
69
-17
-87
-43
-66
-173
-49
-156
-109
163
234
49
213
107
-276
24
107
-47
-44
-127
-15
53
-129
80
248
-129
-103
-1
-150
-20
19
-47
261
299
-1
283
134
-170
24
-175
-154
-111
-208
-29
-151
-219
25
-145
-135
-173
-337
-99
-63
-83
93
153
-16
268
301
125
159
-18
11
108
104
-137
207
314
12
390
212
85
226
-160
-76
73
-235
-292
-39
-16
-142
167
179
-70
14
-50
-253
-23
-19
-230
13
-13
4
-17
58
50
-23
147
-138
-77
45
-190
104
57
-291
336
177
-301
214
-34
-313
-8
-130
-165
-144
-92
53
176
332
13
277
333
-332
47
-80
-206
117
-259
149
345
100
292
84
-24
-58
-134
46
-88
-128
-35
-151
180
-15
-214
164
-114
-173
-247
-21
-177
-38
236
-700
180
293
-421
487
263
-109
338
106
-314
-116
185
39
-250
156
252
-98
279
192
64
84
-100
190
-126
-253
-44
-150
11
-170
-42
-19
-105
146
8
188
158
-145
137
-151
-195
372
85
57
270
-134
-137
-31
-355
-96
262
90
70
167
106
-238
49
228
-392
-289
-281
-169
-99
-339
141
-109
-332
361
84
-7
298
-154
-228
59
394
307
163
90
-36
64
-202
-87
-128
-122
182
-30
-139
-23
136
-120
-206
22
202
207
191
184
-103
255
426
59
30
-124
46
-79
-111
557
241
298
283
-633
-340
-238
-503
-298
-535
-315
89
-91
-40
229
-1
-84
256
-152
-308
216
35
-165
28
74
97
30
-17
88
0
-10
155
40
-2
307
451
38
-92
229
-31
90
401
-384
-309
274
-236
2
298
-168
33
-41
-60
524
315
110
15
-370
251
486
-215
9
123
-318
-342
-264
-461
-767
-479
-160
-171
-106
-204
-239
-268
-196
-158
-214
48
-96
-75
547
796
814
821
736
498
553
370
-94
-3
-371
-701
-468
-503
-413
110
139
-88
21
-243
-86
-190
-256
432
115
77
535
415
210
319
404
-97
-127
142
-402
-474
44
-470
-287
415
-343
-663
-91
-116
-492
219
595
185
463
-10
-233
136
-145
0
98
-89
-39
-190
-199
116
-25
9
325
-144
-76
661
241
-19
631
277
-50
510
-3
-734
-296
-386
-1135
-929
-560
-724
-261
285
23
310
931
610
539
524
85
187
53
-146
-233
-219
127
-416
-241
193
-369
172
25
-362
337
202
231
11
-177
249
-216
-97
164
-244
-121
-55
-275
-330
-18
115
40
189
359
2
-317
329
118
-1
558
-189
-351
-74
-433
-11
675
341
-206
-200
-400
-307
-256
-538
-333
-565
-703
-340
-86
6
-67
232
330
621
776
273
430
325
275
454
257
492
373
215
30
-1
-128
-824
-343
-756
-1088
197
124
-152
126
368
166
142
432
-264
-185
157
-84
-149
-260
43
-10
-223
-10
24
-147
-559
-495
-123
-78
318
351
-207
232
757
491
756
569
35
236
-16
37
-197
-725
167
-4
-606
135
62
-216
147
162
-79
-55
169
124
-2
-27
47
-96
-363
-115
-129
-181
53
-276
-371
-146
-141
-58
-38
4
-23
-98
84
114
30
37
-83
96
68
-329
-142
-239
-205
246
-106
156
565
270
265
236
465
253
34
82
49
551
89
-110
4
-251
247
67
-382
-363
84
211
-116
-7
-294
-444
-69
-177
-252
385
287
-100
152
47
166
30
-193
-83
-462
-309
-78
-214
-253
-233
137
99
319
619
119
376
166
-91
642
262
52
-61
-241
61
-386
-461
-489
-320
-15
-197
331
232
-143
294
341
-30
-125
-94
-539
-650
-468
-411
-464
-872
-414
-100
-281
259
422
456
492
483
434
54
73
-139
27
406
294
741
506
67
34
-207
326
519
331
414
222
-34
-612
-484
190
229
238
308
230
-223
-455
-427
-262
639
712
260
282
33
-12
21
-94
-14
-119
-523
-444
-172
-447
-447
-166
-196
-71
85
-164
-142
113
14
-161
-134
113
-5
-206
99
326
198
-254
-287
-148
-373
-95
-78
37
371
108
40
151
514
164
-197
5
-168
17
-207
-641
-589
-672
-479
-295
-353
-471
-475
-245
-596
-141
159
-343
167
388
299
258
376
307
124
562
620
325
366
624
674
682
763
626
494
676
877
925
690
472
534
376
527
487
238
186
-86
-56
-154
-73
-149
-512
-406
-371
-212
-166
-42
194
277
466
403
168
100
226
115
-196
-444
-553
-817
-1199
-1247
-1075
-665
-617
-1105
-1495
-1250
-818
-931
-1154
-1019
-758
-941
-1129
-1172
-1249
-1539
-1627
-1528
-1754
-1508
-1493
-1581
-1085
-607
-487
-394
-121
-179
-267
42
435
636
1133
1538
1795
2237
2648
2991
2996
3759
4255
3905
4188
4299
4064
3638
3334
3290
2893
2203
1686
1282
842
629
122
-128
9
21
9
-51
82
70
-11
-454
-891
-922
-1196
-1243
-1254
-1404
-1514
-1599
-1762
-2080
-1929
-1736
-1977
-2046
-2039
-2212
-2134
-1980
-2136
-2246
-2225
-2432
-2762
-2692
-2526
-2714
-2668
-2500
-2729
-2732
-2410
-2197
-2092
-2173
-2276
-2206
-2248
-2247
-2031
-1782
-1381
-1187
-1125
-1107
-1081
-548
-30
510
967
1290
1911
2641
3615
4586
5663
6678
7347
7857
8085
8519
8615
8231
7606
6302
5209
3953
2412
1407
322
-617
-1349
-1969
-2230
-2323
-2311
-2417
-2100
-1747
-2065
-2109
-1895
-1846
-1976
-2196
-1971
-1835
-1963
-1863
-1753
-1183
-722
-705
-372
193
862
948
991
1297
1401
1424
832
226
-156
-574
-1051
-1494
-1601
-1827
-2112
-2107
-1665
-1333
-1038
-323
270
677
912
1028
1188
1376
1381
1170
886
424
-137
-733
-1275
-1580
-1409
-1245
-1427
-1606
-1847
-1959
-2307
-3014
-3522
-3822
-3855
-4265
-4833
-4738
-4577
-4460
-4306
-3982
-3510
-2990
-2241
-1860
-1539
-1088
-743
-241
268
793
1134
1392
2066
3058
3863
4718
6024
7424
8561
9417
10262
10839
11197
11165
10275
9238
8231
6611
4623
3046
1613
185
-1190
-2398
-3174
-3776
-3977
-4264
-4501
-4331
-4407
-4635
-4854
-4543
-4293
-4603
-4509
-4374
-4215
-3767
-3448
-2863
-2011
-1222
-487
66
895
1917
2460
3116
4022
4602
4866
4604
4210
3972
3403
2719
1968
1118
319
-445
-975
-1316
-1539
-1730
-1856
-1718
-1476
-1274
-1148
-1025
-1035
-1105
-1010
-1209
-1563
-1774
-2105
-2560
-3079
-3489
-3862
-4248
-4504
-4777
-5128
-5294
-5323
-5507
-5528
-5294
-5162
-5172
-4923
-4315
-3957
-3598
-3063
-2713
-2264
-1892
-1395
-700
74
1248
2369
3620
5109
6707
8279
9776
11569
13007
14139
15006
15349
15301
14718
13687
12234
10518
8420
6045
3537
1192
-779
-2708
-4341
-5698
-6643
-7317
-7940
-8164
-8163
-7908
-7631
-7477
-7137
-6804
-6475
-6039
-5578
-4991
-4449
-4017
-3332
-2496
-1542
-499
364
1415
2580
3566
4525
5220
5812
6278
6279
6020
5517
4805
3957
3104
2195
1202
426
-393
-1063
-1401
-1678
-1764
-1924
-1848
-1497
-1489
-1304
-1176
-1223
-1081
-1283
-1467
-1691
-1895
-2014
-2602
-2787
-2887
-3286
-3642
-4070
-4303
-4711
-5152
-5495
-5698
-5613
-5644
-5681
-5640
-5426
-4977
-4547
-4084
-3350
-2773
-2468
-2030
-1458
-757
-163
378
1047
2124
3426
4584
6060
7720
9364
10990
12661
14234
15427
16242
16413
16218
15651
14266
12275
10094
7702
4971
2149
-522
-2834
-4946
-6733
-8008
-8958
-9536
-9941
-10032
-9746
-9302
-8713
-8194
-7589
-6915
-6336
-5681
-5044
-4365
-3698
-3073
-2290
-1486
-628
239
1176
2382
3525
4552
5483
6263
6904
7379
7514
7115
6633
5864
4689
3550
2330
1139
-121
-1218
-1974
-2640
-3041
-3260
-3294
-3115
-2812
-2447
-2158
-1999
-1840
-1692
-1715
-1772
-2042
-2274
-2265
-2477
-2653
-2880
-3195
-3330
-3666
-3932
-4115
-4461
-4690
-4940
-5077
-5183
-5426
-5477
-5431
-5295
-5121
-4894
-4364
-3847
-3398
-2877
-2383
-1745
-1024
-330
592
1808
3196
4693
6356
8211
10113
11966
13868
15667
17091
18131
18693
18780
18265
17111
15403
13115
10483
7397
4058
665
-2626
-5538
-8161
-10258
-11896
-13014
-13582
-13761
-13391
-12702
-11747
-10650
-9523
-8314
-7178
-6091
-5086
-4119
-3195
-2360
-1577
-774
167
1123
2132
3182
4257
5423
6398
7234
7922
8330
8428
8051
7358
6320
5016
3584
1916
230
-1309
-2661
-3840
-4723
-5102
-5149
-4967
-4399
-3491
-2549
-1649
-722
127
833
1168
1199
1200
895
399
-186
-888
-1441
-2217
-3002
-3615
-4189
-4504
-4924
-5244
-5372
-5572
-5813
-6042
-6068
-6114
-6167
-6141
-6036
-5741
-5418
-5046
-4532
-3831
-3092
-2434
-1684
-838
34
1064
2221
3453
4940
6515
8139
10021
11966
13816
15597
17147
18396
19256
19536
19293
18361
16744
14570
11827
8688
5172
1559
-2028
-5502
-8658
-11456
-13574
-15130
-16083
-16361
-16137
-15256
-14032
-12674
-10970
-9169
-7519
-5887
-4316
-2957
-1823
-855
98
1052
1949
2803
3639
4541
5504
6432
7255
7942
8499
8850
8837
8419
7622
6448
4911
3114
1215
-744
-2748
-4619
-6142
-7214
-7888
-8179
-7921
-7150
-6052
-4670
-3088
-1396
210
1545
2781
3811
4320
4462
4256
3691
2963
1973
771
-428
-1629
-2748
-3795
-4778
-5658
-6500
-7113
-7553
-7972
-8156
-8195
-8206
-7930
-7481
-7000
-6339
-5589
-4681
-3726
-2770
-1767
-928
-25
802
1450
2181
2988
4038
5286
6777
8394
9990
11776
13578
15348
16945
18216
19136
19420
19278
18588
17091
14959
12290
9355
6021
2295
-1484
-5191
-8675
-11920
-14704
-16748
-18038
-18640
-18561
-17740
-16256
-14439
-12473
-10297
-8021
-5792
-3868
-2309
-864
474
1540
2344
3097
3815
4545
5162
5837
6663
7440
8041
8385
8710
8712
8400
7580
6489
5166
3472
1575
-627
-2640
-4649
-6401
-7862
-8904
-9219
-9174
-8562
-7305
-5597
-3591
-1313
821
2820
4620
6075
7022
7238
7189
6628
5591
4315
2774
1032
-668
-2330
-3795
-5042
-6262
-7237
-8075
-8572
-8938
-9246
-9334
-9360
-9135
-8776
-8244
-7458
-6597
-5710
-4744
-3626
-2495
-1414
-426
476
1354
2135
2848
3597
4488
5522
6667
7969
9439
10996
12598
14210
15825
17270
18239
18689
18650
18142
17067
15184
12698
9842
6472
2790
-997
-4902
-8522
-11890
-14876
-16967
-18359
-19004
-18918
-18114
-16435
-14332
-11975
-9528
-7083
-4557
-2411
-650
907
2096
3134
3941
4465
5097
5653
6060
6442
6869
7515
7921
7949
7957
7802
7402
6577
5235
3738
1963
-125
-2335
-4578
-6466
-8307
-9967
-10806
-11130
-10808
-9841
-8424
-6360
-3853
-1147
1440
3833
6270
8245
9397
10074
10094
9535
8372
6495
4583
2439
23
-2315
-4545
-6329
-7774
-9090
-10172
-10800
-10999
-11019
-10888
-10469
-9759
-8967
-8084
-7172
-6164
-4983
-3997
-3061
-1899
-754
256
1111
1876
2729
3503
4057
4648
5447
6389
7323
8356
9648
11038
12628
14223
15619
17008
17776
17865
17658
16834
15352
13096
10246
7139
3601
-189
-4035
-7708
-10977
-13913
-16206
-17638
-18242
-18047
-17267
-15820
-13610
-11106
-8745
-6340
-3965
-1796
154
1435
2449
3445
4074
4598
4906
5360
5953
6259
6673
6997
7374
7667
7384
7036
6595
5797
4475
2736
899
-1157
-3317
-5638
-7770
-9373
-10700
-11536
-11742
-11169
-9870
-8131
-6003
-3418
-404
2589
5185
7455
9453
10827
11488
11367
10434
9010
7269
5114
2578
135
-2320
-4586
-6541
-8294
-9443
-10405
-11125
-11409
-11297
-10876
-10521
-9987
-9221
-8288
-7225
-6127
-5076
-4005
-2914
-1726
-514
350
1258
2042
2618
3214
3637
3957
4301
4861
5573
6625
7851
9321
11035
12710
14537
16040
17293
17903
17827
17610
16502
14570
11945
8795
5401
1537
-2429
-6321
-9916
-12906
-15409
-17226
-18029
-17887
-17121
-15800
-13807
-11263
-8684
-6417
-4166
-1995
-97
1447
2436
3319
4092
4578
4977
5236
5669
6035
6196
6406
6551
6820
6738
6178
5616
4906
3848
2175
216
-1735
-3852
-5947
-8014
-9821
-11022
-11806
-11958
-11300
-9993
-7935
-5531
-2812
469
3725
6752
9391
11339
12815
13565
13363
12580
10970
8736
6340
3524
631
-2297
-5043
-7141
-9047
-10403
-11225
-11884
-12030
-11928
-11480
-10945
-10464
-9568
-8667
-7626
-6447
-5342
-4198
-3165
-2073
-918
142
1002
1746
2394
2911
3199
3280
3390
3571
4030
4646
5566
6805
8248
10000
11835
13925
15821
17219
18095
18308
17978
16808
14802
11940
8651
5213
1430
-2527
-6203
-9413
-12257
-14503
-16057
-16786
-16695
-15798
-14478
-12642
-10279
-7847
-5592
-3534
-1574
15
1229
2110
2709
3190
3670
4089
4261
4625
5120
5375
5814
6072
6252
6319
5793
5075
4247
2934
1163
-915
-3182
-5345
-7624
-9529
-11220
-12339
-12466
-12183
-11068
-9251
-6793
-3600
-282
3006
6478
9528
12212
14161
15085
15512
14990
13655
11716
8923
6000
2985
-287
-3375
-6208
-8507
-10297
-11837
-12782
-13093
-13279
-12920
-12390
-11734
-10796
-9757
-8481
-7322
-6016
-4566
-3228
-2061
-920
68
992
1700
2192
2647
2697
2753
2706
2319
2170
2223
2555
3171
4101
5788
7660
9764
12119
14220
16359
17809
18431
18626
17906
16511
14187
11068
7877
4391
738
-3005
-6549
-9523
-12102
-13951
-15162
-15837
-15440
-14339
-12865
-10901
-8853
-6733
-4739
-3247
-1814
-618
265
1050
1477
1992
2654
3282
3825
4367
5185
5876
6464
6735
6741
6598
5955
5014
3348
1427
-428
-2915
-5449
-7837
-9882
-11079
-12238
-12845
-12303
-11293
-9258
-6823
-4117
-346
3319
6880
10137
12634
14981
16452
16768
16231
14739
12689
9993
6511
2896
-609
-3767
-6557
-9264
-11299
-12563
-13430
-13818
-13829
-13557
-12742
-11685
-10778
-9696
-8400
-6770
-5169
-4024
-2793
-1436
-156
859
1594
2336
3005
3339
3163
2739
2387
2055
1550
1065
883
1045
1906
2993
4261
6282
8569
11278
13741
15722
17639
18670
19179
18842
17310
15070
12211
9085
5437
1561
-1941
-5340
-8567
-11111
-13220
-14493
-15007
-15262
-14546
-13513
-12055
-10166
-8612
-6843
-5159
-3710
-2292
-1056
-170
649
1651
2447
3285
4186
4964
5739
6484
7075
7419
7510
7126
6353
5306
3698
1716
-435
-2909
-5355
-7627
-9769
-11297
-12251
-12560
-11945
-10678
-8561
-5857
-3009
470
4167
7730
11198
13757
15586
17054
17472
16831
15072
12437
9574
5968
2182
-1482
-5315
-8264
-10837
-12951
-14047
-14871
-14939
-14524
-13850
-12597
-11326
-9871
-8512
-7225
-5644
-4210
-2775
-1524
-602
338
1212
1898
2300
2473
2486
2509
2460
2009
1392
840
457
229
363
1000
1944
3418
5366
7648
10155
12741
14997
16619
17844
18261
18199
17414
15484
13183
10284
7227
4040
417
-3122
-6690
-9653
-11842
-13850
-15288
-15921
-15831
-14869
-13437
-11974
-10245
-8447
-6712
-4957
-3424
-2008
-719
512
1661
2707
3851
4898
5934
6721
7385
8060
8321
8209
7537
6595
5400
3881
2067
-352
-2902
-5350
-7575
-9544
-11223
-12311
-12680
-12104
-10663
-8663
-6243
-3235
349
4174
7841
11057
13746
15801
17071
17340
16521
14736
12385
9414
5852
2029
-1817
-5170
-8287
-11031
-13068
-14316
-14755
-14855
-14556
-13940
-12671
-10939
-9453
-8113
-6896
-5461
-3941
-2685
-1670
-736
240
1177
1842
2153
2406
2438
2354
2095
1558
1049
424
-73
-391
-400
286
1443
2982
4910
7142
9666
12507
15220
17305
18706
19294
19390
18798
17017
14334
10910
7417
3992
219
-3693
-7436
-10536
-12855
-14446
-15512
-16075
-15952
-15066
-13649
-12064
-10276
-8471
-6581
-4879
-3380
-1952
-850
267
1267
2180
3314
4727
6056
7235
8174
8863
9573
9686
9368
8272
6597
4708
2222
-385
-3582
-6704
-9396
-11657
-13119
-14188
-14322
-13641
-12063
-9680
-6798
-3153
868
4871
8591
12098
15301
17836
19228
19259
18221
16478
14157
10909
6675
2138
-1981
-5752
-9118
-12264
-14861
-16270
-16717
-16153
-15499
-14637
-13102
-11281
-8985
-6905
-5252
-3844
-2568
-1372
-362
339
863
1371
1641
2116
2270
2269
2394
2122
1859
1393
973
592
-31
-595
-800
-481
460
1923
3423
5356
7684
10507
13518
15923
17786
18718
19268
19250
18111
16069
12738
8885
5115
1198
-2773
-6839
-10628
-13456
-15386
-16472
-16821
-16892
-16287
-14926
-13187
-11064
-9082
-7493
-5927
-4365
-2763
-1159
128
1291
2529
3840
5502
7286
8641
9643
10445
10997
11235
10748
9287
7177
4597
1626
-1473
-4696
-8006
-11045
-13477
-14981
-15488
-15198
-14125
-12275
-9676
-6182
-2075
2175
6253
9750
12917
15979
18321
19474
19309
17850
15828
13575
10576
6798
2314
-1972
-5463
-8418
-10903
-13397
-15108
-15849
-15844
-14882
-13996
-13020
-11538
-9768
-7874
-6152
-4681
-3488
-2346
-1286
-329
577
1354
1869
2049
2260
2530
2706
2805
2510
1784
1149
657
224
-226
-883
-1300
-1007
73
1709
3484
5287
7470
10196
13266
16091
18029
19094
19199
18736
17661
15469
12260
7934
3576
-414
-4249
-7750
-11244
-13983
-15693
-16370
-16133
-15676
-14881
-13632
-11955
-10089
-8353
-6817
-5371
-3929
-2480
-1055
357
1928
3692
5511
7198
8826
10382
11800
12650
12494
11476
9716
7620
4988
1703
-2061
-6011
-9334
-12106
-14147
-15524
-16276
-15779
-14245
-11754
-8662
-5223
-1329
2531
6293
9852
12684
14977
16734
17673
17776
16774
15110
13035
10479
7569
4078
456
-2800
-5643
-8199
-10625
-12839
-14392
-14997
-14987
-14557
-14014
-13154
-11709
-9800
-7680
-5972
-4501
-3122
-1772
-318
754
1327
1777
2137
2310
2469
2299
2070
1984
1644
1259
632
-8
-363
-679
-851
-1011
-837
117
1744
3707
5666
7836
10373
13403
16312
18238
19284
19226
18473
17375
15134
11738
7593
3101
-1128
-4991
-8573
-11662
-14081
-15545
-16019
-15879
-15306
-14332
-12999
-11412
-9787
-8381
-6994
-5522
-4043
-2534
-1241
244
2145
4370
6776
8780
10440
11764
12714
13179
12702
11189
8762
5732
2382
-1175
-4879
-8501
-11685
-14098
-15509
-15843
-15125
-13491
-11175
-8469
-5536
-2476
820
4058
6852
9227
10927
12222
13334
14183
14637
14319
13567
12496
11010
9173
6719
3670
279
-3130
-6392
-9489
-12382
-14823
-16478
-17344
-17221
-16373
-14978
-12770
-10294
-7689
-5140
-3039
-1120
561
1840
2545
2711
2562
2356
2302
2136
1784
1385
1112
1124
1239
1207
901
457
50
-286
-643
-971
-991
-503
734
2455
4479
6874
9536
12604
15529
17822
19179
19294
18464
16718
14224
11077
7230
2948
-1382
-5387
-8748
-11309
-13263
-14496
-15071
-15038
-14288
-13142
-11742
-10524
-9526
-8545
-7659
-6296
-4688
-3071
-1208
569
2560
4951
7451
9859
11797
12996
13417
13020
11829
9904
7101
3858
280
-3505
-6851
-9871
-12109
-13312
-13761
-13269
-12001
-10114
-7737
-5161
-2648
-473
1408
3240
4938
6457
7866
8969
9874
10892
11931
12714
13083
12851
11806
10030
7722
4803
1335
-2351
-6266
-10116
-13493
-16169
-17729
-18187
-17548
-16080
-14111
-11551
-8797
-5898
-3157
-1124
471
1485
1986
2199
1994
1731
1478
1271
1238
1267
1488
1871
2292
2652
2771
2590
2155
1481
566
-484
-1447
-1977
-1802
-915
577
2519
4960
7995
11423
14779
17542
19199
19544
18780
16947
14295
10855
6785
2649
-1605
-5466
-8553
-10921
-12340
-13038
-13203
-13019
-12585
-11902
-11182
-10564
-9919
-9326
-8845
-8027
-6933
-5385
-3249
-850
1918
4715
7421
9950
11887
13279
13894
13558
12187
9835
6996
3673
179
-3105
-6231
-8649
-10173
-10920
-10870
-10234
-9024
-7450
-5713
-3972
-2574
-1521
-701
12
816
1854
3144
4681
6413
8356
10417
12257
13846
14777
14576
13244
10689
7164
3076
-1265
-5597
-9762
-13386
-16199
-18002
-18430
-17646
-15881
-13232
-10275
-7325
-4588
-2368
-606
661
1283
1221
727
73
-527
-653
-268
439
1471
2596
3578
4419
4930
4947
4512
3567
2123
371
-1536
-3422
-4834
-5347
-4743
-3078
-591
2580
6063
9726
13497
16803
19350
20746
20569
18918
16025
12358
8353
4293
480
-3110
-6321
-8773
-10430
-11223
-11257
-10929
-10492
-10277
-10404
-10790
-11276
-11467
-11250
-10613
-9548
-8301
-6558
-4086
-1115
2459
6147
9358
12064
13900
14712
14513
13348
11521
9038
6121
2920
-461
-3454
-5809
-7361
-8076
-8159
-7796
-7274
-6595
-5857
-5250
-4714
-4346
-4256
-4234
-4068
-3627
-2479
-422
2281
5357
8438
11160
13374
15000
15789
15399
13793
11067
7295
2929
-1609
-6103
-10002
-12926
-14909
-15918
-15990
-15299
-13805
-11557
-8994
-6543
-4433
-2784
-1711
-1004
-511
-264
-91
100
397
783
1378
2178
3113
4291
5329
6023
6066
5307
4000
2139
27
-2060
-4055
-5774
-6870
-7043
-6158
-4131
-1095
2558
6377
10187
13750
16687
18842
19875
19462
17741
14938
11366
7513
3774
502
-2226
-4414
-6066
-7406
-8451
-9224
-9690
-9968
-10391
-11012
-11841
-12595
-12946
-12764
-12038
-10872
-9142
-6809
-3906
-499
3056
6455
9561
12124
13811
14591
14392
13237
11561
9441
6984
4407
1777
-703
-2869
-4518
-5723
-6500
-6805
-6969
-7077
-7178
-7397
-7606
-7678
-7558
-7208
-6560
-5388
-3634
-1318
1631
4817
7853
10689
12926
14318
14988
14702
13314
11064
8012
4271
342
-3398
-6824
-9590
-11499
-12766
-13285
-12985
-12192
-10910
-9212
-7515
-5900
-4435
-3341
-2514
-1803
-1139
-410
388
1174
1882
2540
3220
3876
4404
4674
4531
3989
3080
1818
344
-1319
-2899
-4238
-5297
-5776
-5793
-5212
-3857
-1799
1008
4134
7353
10332
12800
14858
15999
16355
16027
14705
12862
10468
7629
4875
2242
-62
-1996
-3713
-5219
-6571
-7749
-8756
-9701
-10579
-11365
-12006
-12375
-12443
-12096
-11301
-10006
-8125
-5834
-3198
-254
2710
5686
8541
10857
12669
13639
13676
13065
11535
9447
7111
4598
2092
-243
-2219
-4107
-5532
-6462
-7181
-7643
-7905
-8055
-8182
-8098
-7777
-7330
-6735
-5704
-4507
-2990
-1134
1080
3402
5745
8217
10171
11646
12561
12716
12033
10755
8817
6398
3523
577
-2391
-5292
-7690
-9539
-10744
-11328
-11168
-10566
-9588
-8333
-6817
-5408
-4017
-2656
-1607
-734
-104
349
518
704
1089
1347
1568
1849
2101
2319
2416
2365
1977
1322
646
-238
-1245
-2168
-3062
-3712
-3993
-3927
-3335
-2068
-130
2359
5143
7864
10362
12473
14016
14810
14870
14024
12315
10222
7655
4704
1837
-674
-2864
-4469
-5655
-6523
-7261
-7786
-8251
-8785
-9092
-9438
-9776
-9984
-9805
-9442
-8697
-7301
-5292
-2877
-11
3051
6066
8815
10999
12420
12798
12375
10963
9098
6827
4404
1994
-233
-1952
-3256
-4130
-4624
-4859
-4990
-5066
-5390
-5728
-6216
-6649
-6924
-7037
-6767
-6268
-5525
-4328
-2683
-622
1870
4488
7093
9267
10772
11636
11668
11001
9748
7903
5584
3004
326
-2202
-4337
-6061
-7241
-7865
-8025
-7851
-7415
-6808
-6265
-5560
-4683
-3874
-2989
-2207
-1632
-1143
-730
-268
150
566
1050
1465
1852
2171
2365
2431
2342
2153
1759
1103
332
-587
-1638
-2597
-3527
-4414
-4945
-5037
-4631
-3537
-1769
477
3039
5728
8271
10479
12179
13264
13595
13119
11968
10150
7891
5414
2925
659
-1282
-2727
-3840
-4654
-5193
-5760
-6272
-6695
-7206
-7684
-7985
-8200
-8235
-7888
-7192
-6140
-4638
-2751
-631
1629
3876
5857
7366
8321
8667
8399
7720
6799
5630
4386
3192
1940
795
-116
-994
-1809
-2499
-3261
-4094
-4930
-5822
-6662
-7295
-7666
-7733
-7472
-6877
-6016
-4892
-3396
-1586
460
2738
5038
7024
8526
9433
9679
9389
8712
7692
6346
4757
3034
1215
-611
-2243
-3663
-4844
-5616
-6111
-6364
-6435
-6390
-6104
-5789
-5250
-4511
-3843
-2988
-2203
-1506
-803
-227
471
1064
1603
2223
2592
2863
3001
2914
2591
2038
1419
585
-293
-1013
-1877
-2758
-3464
-4255
-4961
-5299
-5435
-5143
-4131
-2589
-535
1988
4559
6963
9163
10946
12192
12840
12786
12016
10577
8628
6376
4016
1874
161
-1122
-1928
-2361
-2715
-3118
-3619
-4345
-5253
-6167
-7048
-7829
-8309
-8428
-8176
-7413
-6119
-4422
-2366
-65
2193
4212
5875
6975
7445
7429
7010
6238
5284
4250
3098
1898
756
-302
-1227
-1966
-2556
-3083
-3608
-4192
-4872
-5579
-6209
-6677
-6878
-6724
-6211
-5401
-4319
-2956
-1387
312
2134
3971
5644
7034
8053
8626
8709
8348
7663
6665
5393
4002
2453
740
-967
-2622
-4111
-5224
-5984
-6436
-6522
-6346
-6054
-5610
-5028
-4423
-3748
-2989
-2272
-1552
-816
-197
368
943
1432
1864
2249
2501
2658
2672
2437
2033
1493
762
-55
-868
-1649
-2370
-2999
-3547
-4104
-4686
-5158
-5407
-5290
-4559
-3208
-1371
934
3404
5678
7758
9563
10856
11694
12096
11901
11112
9850
8180
6250
4418
2755
1402
454
-383
-1128
-2004
-3055
-4224
-5568
-6611
-7475
-8043
-7994
-7716
-7034
-6051
-4952
-3544
-2128
-591
919
2136
3188
3668
3809
3726
3192
2741
2357
2026
1860
1698
1607
1290
835
327
-440
-1175
-2014
-2927
-3793
-4715
-5360
-5836
-5952
-5540
-4986
-4016
-2871
-1720
-349
883
2162
3384
4427
5493
6220
6766
7057
6854
6505
5802
4790
3727
2351
907
-563
-2115
-3400
-4543
-5370
-5839
-6060
-5930
-5739
-5310
-4714
-4232
-3619
-2909
-2222
-1546
-840
-140
432
916
1383
1787
2164
2557
2842
2972
2875
2482
1875
1098
215
-655
-1423
-2081
-2641
-3116
-3668
-4296
-4838
-5344
-5673
-5439
-4663
-3443
-1590
663
2929
5164
7252
8903
10068
10865
11090
10755
9979
8762
7127
5336
3823
2402
1408
906
422
25
-581
-1367
-2340
-3492
-4486
-5360
-5986
-6248
-6271
-6035
-5556
-4927
-4028
-2974
-1748
-441
692
1696
2269
2565
2609
2404
2231
1927
1702
1502
1251
988
567
86
-495
-1102
-1623
-2157
-2642
-2956
-3284
-3514
-3594
-3565
-3358
-3079
-2513
-1841
-1040
19
997
2153
3270
4181
5142
5750
6020
6050
5605
4925
3934
2731
1566
108
-1242
-2422
-3568
-4301
-4758
-4820
-4653
-4391
-3933
-3661
-3480
-3281
-3247
-3098
-2717
-2292
-1650
-911
-156
629
1374
2142
2642
3069
3331
3264
3087
2597
1925
1050
99
-787
-1668
-2283
-2652
-2816
-2790
-2795
-2872
-3042
-3357
-3530
-3558
-3271
-2437
-1395
51
1623
3097
4704
6038
7250
8284
8847
9120
8888
8121
6918
5298
3648
2005
577
-337
-1058
-1440
-1621
-1901
-2122
-2507
-2844
-3090
-3271
-3065
-2814
-2425
-1890
-1541
-1189
-885
-580
-321
-40
323
413
500
504
283
141
45
92
185
346
534
469
387
86
-449
-949
-1543
-1946
-2207
-2414
-2383
-2368
-2233
-1950
-1701
-1163
-556
92
971
1606
2219
2716
2834
2905
2754
2509
2224
1865
1535
1021
485
-88
-805
-1340
-1806
-2319
-2555
-2730
-2875
-2881
-2896
-2783
-2725
-2525
-2159
-1884
-1364
-875
-451
40
350
660
826
921
1060
1041
1145
1192
1078
1025
826
562
267
-15
-292
-642
-770
-942
-1131
-1122
-1339
-1565
-1792
-2166
-2378
-2475
-2239
-1731
-968
145
1177
2279
3326
4091
4825
5334
5546
5543
5172
4506
3672
2722
1879
1151
761
692
682
853
903
808
565
160
-251
-781
-1161
-1506
-1848
-2005
-2191
-2304
-2297
-2132
-1779
-1291
-649
-72
309
546
494
253
22
-212
-262
-136
69
332
433
360
83
-336
-702
-1033
-1166
-1153
-1139
-1062
-1063
-1097
-1051
-940
-721
-387
18
368
606
744
781
723
697
734
814
952
1008
971
786
419
23
-362
-657
-874
-1044
-1105
-1177
-1242
-1272
-1360
-1450
-1513
-1555
-1604
-1645
-1641
-1636
-1587
-1419
-1128
-732
-247
253
652
962
1141
1195
1165
993
799
530
165
-105
-398
-657
-746
-764
-681
-547
-424
-364
-446
-564
-668
-685
-505
-159
324
893
1466
2020
2499
2901
3229
3482
3622
3547
3328
2879
2208
1562
938
501
304
237
335
379
337
225
-62
-334
-551
-743
-766
-716
-636
-500
-439
-394
-325
-237
-53
125
275
381
335
199
11
-234
-394
-450
-413
-286
-154
-86
-215
-468
-808
-1243
-1547
-1742
-1834
-1791
-1723
-1595
-1490
-1370
-1163
-921
-560
-177
178
471
624
675
635
604
610
623
677
767
733
578
428
144
-181
-463
-768
-1029
-1272
-1439
-1527
-1578
-1503
-1337
-1134
-875
-588
-341
-89
152
337
524
659
802
893
896
913
781
620
459
207
13
-190
-380
-459
-499
-487
-447
-387
-311
-296
-273
-320
-467
-586
-722
-704
-521
-194
388
1024
1711
2357
2819
3139
3219
3113
2858
2364
1811
1184
460
-119
-618
-898
-957
-918
-674
-518
-393
-286
-348
-364
-416
-405
-263
-132
95
312
463
679
819
910
1049
1132
1185
1190
1146
1043
826
629
384
78
-157
-408
-684
-1000
-1366
-1753
-2170
-2528
-2794
-2912
-2882
-2716
-2376
-1966
-1507
-1026
-556
-118
243
612
880
1034
1153
1150
1109
991
813
689
521
349
159
-56
-290
-582
-844
-1111
-1339
-1456
-1540
-1530
-1432
-1321
-1161
-949
-728
-468
-162
134
383
585
783
921
1003
1170
1300
1372
1433
1391
1282
1108
898
686
466
282
131
-16
-208
-389
-551
-758
-869
-871
-808
-631
-396
-78
287
676
1113
1517
1869
2104
2230
2247
2069
1832
1492
1104
812
503
298
114
-110
-298
-579
-820
-1069
-1291
-1388
-1476
-1390
-1239
-1061
-759
-491
-193
132
412
715
921
1107
1263
1252
1267
1220
1117
1058
906
731
560
224
-130
-517
-1010
-1404
-1797
-2132
-2301
-2438
-2457
-2361
-2224
-2009
-1717
-1386
-1019
-622
-256
106
385
601
798
924
1003
1063
1083
1018
880
721
467
173
-53
-310
-510
-677
-855
-969
-1105
-1191
-1196
-1198
-1104
-944
-739
-472
-197
96
381
627
900
1138
1318
1526
1609
1667
1675
1541
1409
1203
962
710
447
255
50
-129
-276
-431
-563
-644
-689
-667
-625
-524
-412
-344
-145
35
235
490
722
960
1188
1364
1490
1542
1527
1455
1301
1097
809
494
176
-143
-390
-607
-771
-905
-1015
-1102
-1182
-1188
-1176
-1089
-920
-748
-489
-253
-45
198
391
581
746
859
903
887
820
629
391
116
-155
-384
-638
-798
-945
-1112
-1211
-1338
-1417
-1451
-1443
-1354
-1214
-1019
-830
-646
-496
-371
-255
-138
30
202
377
554
678
777
843
829
819
791
706
603
430
243
43
-168
-360
-535
-631
-670
-643
-545
-408
-245
-71
90
233
379
495
634
768
888
1002
1028
1045
1028
932
837
720
623
519
368
249
121
-14
-105
-171
-239
-282
-284
-317
-360
-351
-351
-354
-283
-210
-119
7
125
263
361
455
535
553
532
480
400
259
163
44
-111
-189
-324
-419
-460
-548
-564
-585
-641
-641
-653
-654
-602
-557
-502
-416
-340
-236
-95
31
169
293
384
445
432
394
308
202
121
-2
-74
-131
-226
-257
-315
-357
-336
-346
-310
-274
-267
-252
-244
-230
-218
-176
-132
-74
4
112
192
250
302
324
343
361
366
385
411
398
387
357
301
260
205
134
80
18
-64
-147
-201
-238
-251
-238
-186
-102
-14
92
177
263
312
317
295
269
229
214
187
134
112
49
26
-19
-32
-14
-54
-69
-107
-169
-204
-244
-254
-220
-201
-177
-150
-130
-127
-108
-90
-90
-54
-44
-19
15
25
54
53
76
72
44
38
3
19
7
-23
10
-4
-8
-2
7
23
34
46
9
-23
-85
-147
-179
-197
-160
-145
-122
-115
-118
-96
-79
-41
-14
33
47
31
31
-10
-40
-46
-73
-89
-75
-82
-71
-29
-27
-14
3
-23
-32
-34
-46
-21
-1
30
79
94
128
175
191
233
275
282
307
308
271
271
263
240
217
182
123
71
54
1
-35
-66
-103
-105
-113
-91
-62
-44
-11
9
31
43
48
48
24
-2
-27
-50
-60
-60
-64
-69
-83
-100
-122
-156
-165
-210
-245
-226
-250
-247
-238
-251
-227
-204
-170
-133
-92
-41
-4
20
29
41
71
121
158
195
229
230
243
235
192
170
140
90
44
-10
-47
-47
-40
-43
-68
-85
-90
-99
-58
-38
-40
0
-4
-7
-1
-3
10
12
32
33
15
9
3
-15
-48
-78
-112
-132
-128
-121
-99
-73
-84
-81
-74
-86
-58
-48
-29
-2
1
34
58
79
105
141
206
264
304
349
397
399
370
319
241
167
103
57
41
34
39
50
25
-6
-44
-83
-105
-128
-138
-149
-131
-124
-123
-82
-56
-6
40
62
79
65
58
42
-2
-51
-96
-107
-109
-128
-132
-122
-133
-154
-199
-264
-319
-372
-422
-445
-443
-425
-377
-296
-196
-97
-1
91
164
203
196
176
169
153
123
96
81
73
81
111
136
165
212
232
236
251
243
238
226
161
100
57
-6
-51
-85
-117
-117
-116
-105
-102
-104
-77
-67
-47
-39
-34
-19
-25
-16
-29
-50
-59
-67
-46
-13
30
75
117
157
170
153
126
96
41
-25
-76
-101
-111
-104
-71
-30
12
59
115
158
169
175
174
144
100
47
-8
-41
-81
-118
-101
-65
-28
13
23
27
41
24
-16
-28
-46
-63
-59
-66
-41
-28
-14
16
10
23
21
-13
-24
-33
-61
-86
-100
-128
-140
-145
-164
-164
-145
-112
-77
-48
-22
2
15
26
42
55
53
50
55
56
60
79
94
89
77
67
53
42
44
62
89
118
120
112
121
114
96
62
15
-41
-105
-151
-196
-224
-234
-237
-221
-191
-148
-91
-37
7
28
24
4
-40
-75
-92
-118
-129
-120
-86
-38
9
55
89
111
98
57
24
-6
-29
-57
-78
-79
-68
-22
36
82
126
173
193
201
225
237
253
263
254
236
200
175
134
87
45
13
0
-40
-62
-59
-83
-93
-89
-79
-63
-50
-20
6
10
23
17
3
5
14
22
18
37
61
69
82
76
55
33
3
-27
-77
-128
-172
-235
-289
-322
-328
-319
-291
-213
-141
-83
-21
18
53
70
69
85
116
140
147
156
166
156
159
170
159
150
128
82
37
-15
-63
-93
-130
-163
-179
-189
-185
0
0
0
0
0
0
0
0
0
0
0
0
0
0
0
0
0
0
0
0
0
0
0
0
0
0
0
0
0
0
0
0
0
0
0
0
0
0
0
0
0
0
0
0
0
0
0
0
0
0
0
0
0
0
0
0
0
0
0
0
0
0
0
0
0
0
0
0
0
0
0
0
0
0
0
0
0
0
0
0
0
0
0
0
0
0
0
0
0
0
0
0
0
0
0
0
0
0
0
0
0
0
0
0
0
0
0
0
0
0
0
0
0
0
0
0
0
0
0
0
0
0
0
0
0
0
0
0
0
0
0
0
0
0
0
0
0
0
0
0
0
0
0
0
0
0
0
0
0
0
0
0
0
0
0
0
0
0
0
0
0
0
0
0
0
0
0
0
0
0
0
0
0
0
0
0
0
0
0
0
0
0
0
0
0
0
0
0
0
0
0
0
0
0
0
0
0
0
0
0
0
0
0
0
0
0
0
0
0
0
0
0
0
0
0
0
0
0
0
0
0
0
0
0
0
0
0
0
0
0
0
0
0
0
0
0
0
0
0
0
0
0
0
0
0
0
0
0
0
0
0
0
0
0
0
0
0
0
0
0
0
0
0
0
0
0
0
0
0
0
0
0
0
0
0
0
0
0
0
0
0
0
0
0
0
0
0
0
0
0
0
0
0
0
0
0
0
0
0
0
0
0
0
0
0
0
0
0
0
0
0
0
0
0
0
0
0
0
0
0
0
0
0
0
0
0
0
0
0
0
0
0
0
0
0
0
0
0
0
0
0
0
0
0
0
0
0
0
0
0
0
0
0
0
0
0
0
0
0
0
0
0
0
0
0
0
0
0
0
0
0
0
0
0
0
0
0
0
0
0
0
0
0
0
0
0
0
0
0
0
0
0
0
0
0
0
0
0
0
0
