0
0
0
0
0
0
0
0
0
0
0
0
0
0
0
0
0
0
0
0
0
0
0
0
0
0
0
0
0
0
0
0
0
0
0
0
0
0
0
0
0
0
0
0
0
0
0
0
0
0
0
0
0
0
0
0
0
0
0
0
0
0
0
0
0
0
0
0
0
0
0
0
0
0
0
0
0
0
0
0
0
0
0
0
0
0
0
0
0
0
0
0
0
0
0
0
0
0
0
0
0
0
0
0
0
0
0
0
0
0
0
0
0
0
0
0
0
0
0
0
0
0
0
0
0
0
0
0
0
0
0
0
0
0
0
0
0
0
0
0
0
0
0
0
0
0
0
0
0
0
0
0
0
0
0
0
0
0
0
0
0
0
0
0
0
0
0
0
0
0
0
0
0
0
0
0
0
0
0
0
0
0
0
0
0
0
0
0
0
0
0
0
0
0
0
0
0
0
0
0
0
0
0
0
0
0
0
0
0
0
0
0
0
0
0
0
0
0
0
0
0
0
0
0
0
0
0
0
0
0
0
0
0
0
0
0
0
0
0
0
0
0
0
0
0
0
0
0
0
0
0
0
0
0
0
0
0
0
0
0
0
0
0
0
0
0
0
0
0
0
0
0
0
0
0
0
0
0
0
0
0
0
0
0
0
0
0
0
0
0
0
0
0
0
0
0
0
0
0
0
0
0
0
0
0
0
0
0
0
0
0
0
0
0
0
0
0
0
0
0
0
0
0
0
0
0
0
0
0
0
0
0
0
0
0
0
0
0
0
0
0
0
0
0
0
0
0
0
0
0
0
0
0
0
0
0
0
0
0
0
0
0
0
0
0
0
0
0
0
0
0
0
0
0
0
0
0
0
0
0
0
0
0
0
0
0
0
0
0
0
0
0
0
0
0
0
-96
-60
-51
-59
-79
-98
-70
-44
-19
10
9
5
7
30
46
48
36
4
14
18
11
24
0
-5
0
-17
-32
-44
-50
-39
7
46
71
97
123
156
207
266
300
314
299
314
330
313
322
291
245
221
204
173
136
107
68
63
49
3
-8
-16
-47
-65
-48
-48
-77
-81
-65
-60
-50
-46
-75
-101
-109
-141
-200
-253
-292
-353
-410
-422
-438
-504
-586
-631
-614
-558
-535
-548
-528
-475
-414
-353
-283
-226
-182
-114
-36
39
134
259
357
451
586
642
659
720
756
813
893
909
838
705
635
589
517
474
323
91
-52
-135
-228
-327
-399
-506
-588
-548
-540
-572
-538
-504
-447
-306
-184
-136
-48
55
140
276
388
457
491
480
522
572
577
532
410
293
279
266
200
148
50
-40
-41
-47
-114
-184
-268
-374
-355
-302
-383
-466
-480
-471
-492
-501
-501
-592
-636
-584
-577
-550
-555
-654
-666
-571
-511
-516
-537
-546
-569
-511
-359
-299
-293
-262
-234
-141
36
179
236
320
491
688
897
1072
1131
1125
1227
1410
1530
1579
1549
1428
1287
1207
1129
951
724
475
204
46
-76
-351
-588
-702
-882
-1022
-1042
-1080
-1125
-1108
-1048
-954
-764
-639
-582
-362
-124
31
160
254
376
456
516
596
569
492
371
238
215
222
115
-64
-174
-233
-288
-325
-408
-496
-488
-484
-503
-432
-364
-364
-309
-220
-151
-73
-22
-12
45
162
258
296
305
260
181
151
161
144
73
4
-62
-103
-77
-53
-101
-179
-155
-97
-28
41
-13
-55
-30
64
202
222
150
91
122
249
378
416
371
296
253
276
322
304
161
-36
-149
-159
-165
-248
-385
-484
-509
-509
-527
-545
-568
-594
-556
-449
-364
-334
-339
-349
-252
-62
-4
-102
-116
-37
19
132
239
152
35
88
163
198
270
242
120
160
303
342
380
484
500
510
653
756
736
778
895
948
947
924
802
628
585
587
433
233
83
-97
-247
-269
-270
-392
-568
-659
-708
-717
-629
-620
-696
-592
-414
-344
-233
-90
-74
-28
186
374
475
604
640
549
620
750
599
432
397
165
-28
6
-210
-537
-559
-661
-962
-1030
-1029
-1289
-1397
-1170
-1167
-1298
-1119
-1144
-1423
-1223
-948
-1097
-1040
-783
-881
-909
-585
-496
-551
-281
-202
-464
-332
-45
-108
98
714
1030
1176
1524
1677
1699
2165
2673
2761
2943
3078
2590
2187
2351
2262
1829
1581
1105
314
-27
-161
-736
-1165
-1218
-1611
-2040
-1916
-1913
-2241
-2179
-1906
-1819
-1460
-956
-872
-740
-201
143
290
758
1144
1071
1110
1391
1420
1342
1333
1008
610
653
618
136
-177
-315
-752
-1059
-946
-1039
-1358
-1361
-1300
-1361
-1091
-733
-789
-725
-288
-106
-90
230
506
549
766
1008
879
698
721
652
550
626
448
-121
-408
-313
-375
-507
-500
-672
-850
-621
-397
-409
-231
-60
-123
156
709
786
607
685
778
848
1125
1202
856
632
617
420
268
315
50
-419
-518
-496
-673
-805
-959
-1230
-1249
-1041
-1035
-1136
-1046
-952
-930
-694
-427
-455
-487
-343
-190
31
180
-39
-305
-236
-67
29
107
6
-267
-382
-303
-197
-52
43
-11
100
448
645
743
964
1222
1555
1876
1889
1776
1793
1831
1872
1884
1696
1351
986
706
541
280
-156
-614
-985
-1119
-1132
-1297
-1458
-1563
-1648
-1486
-1234
-1083
-937
-876
-695
-198
272
593
805
876
1044
1416
1686
1606
1432
1366
1098
865
997
796
158
-159
-374
-819
-965
-951
-1361
-1706
-1633
-1812
-2167
-1975
-1748
-1915
-1737
-1452
-1738
-1718
-1095
-1014
-1005
-471
-524
-951
-637
-216
-489
-459
-102
-491
-616
-14
-82
-609
-455
-453
-944
-400
722
956
1233
1971
1789
1488
2317
3308
3887
4476
4437
3034
2454
3467
3709
3244
2969
1977
448
-6
-33
-839
-1142
-1159
-2197
-2792
-2163
-2309
-3240
-3146
-2715
-2762
-2256
-1621
-1885
-1751
-704
-327
-142
934
1357
626
722
1683
1899
1804
1684
1035
740
1119
947
27
-116
-140
-1039
-1184
-773
-1129
-1645
-1634
-1633
-1576
-984
-797
-1182
-834
40
358
917
1896
1995
1666
2137
2650
2470
2620
2565
1762
1310
1029
384
-219
-313
-781
-1785
-1950
-1935
-2608
-2994
-2947
-2955
-2675
-2314
-2406
-2341
-1796
-1586
-1642
-1087
-561
-637
-463
-239
-417
-207
216
135
91
204
-181
-592
-340
-16
109
715
1379
1366
1489
2089
2262
2464
3451
4132
4010
3897
3587
2760
2552
3029
2890
2363
1833
731
-448
-709
-804
-1434
-1512
-1575
-2560
-2973
-2783
-3288
-3584
-2753
-2120
-2158
-1758
-1503
-1688
-902
280
652
1060
1768
1601
1253
2149
2895
2579
2331
2086
1445
1100
1114
421
-417
-489
-848
-1446
-1421
-1581
-2585
-3038
-2516
-2389
-2169
-1461
-1380
-1400
-482
317
393
994
1736
1625
1872
2766
2684
1796
1625
1650
1445
1713
1303
-253
-985
-483
-686
-1419
-1484
-2075
-3049
-2869
-2104
-1974
-2066
-2156
-2667
-2372
-1095
-542
-846
-671
-233
-293
142
693
268
-44
173
-30
-78
484
191
-781
-822
-453
-667
-807
-636
-791
-591
569
1417
1584
2074
2502
2447
3088
4362
4948
5055
5123
4558
3821
3948
3881
2867
2287
2034
1052
64
-612
-1932
-3016
-2694
-2653
-3305
-3414
-3850
-4778
-4658
-3619
-3053
-2716
-2061
-1987
-1795
-558
275
449
1332
2233
1927
1880
2536
2485
2270
2341
1964
1415
1244
798
-155
-473
-425
-1032
-1481
-1518
-2006
-2576
-2454
-1937
-1537
-1042
-702
-798
-481
267
806
1258
1672
1775
1719
1991
2229
2005
1592
1121
910
1072
862
-43
-846
-1247
-1623
-1695
-1590
-1912
-2483
-2953
-3238
-3106
-2420
-2159
-2582
-2415
-1869
-1737
-1516
-1100
-929
-635
-148
-164
-317
-76
-84
-434
-199
496
497
-75
-199
112
546
1464
2492
2873
3100
3522
3476
3626
4918
5912
5679
5196
4446
3332
3125
3372
2674
2007
1428
-209
-1499
-1587
-1963
-2772
-2884
-3115
-4253
-4737
-4530
-4602
-4426
-3827
-3390
-3099
-2237
-1670
-1515
-485
580
1132
1890
2824
2928
2715
3236
3507
3374
3127
2470
1712
1298
934
178
-442
-867
-1562
-2172
-2344
-2550
-3080
-3443
-3406
-3220
-2926
-2330
-1635
-1088
-468
212
686
1245
2154
2969
3328
3240
2967
2813
2824
2885
2744
1994
963
421
-35
-585
-787
-1021
-1711
-2512
-2807
-2922
-2944
-2741
-2903
-3023
-2797
-2550
-2372
-2081
-1459
-1203
-1127
-839
-944
-945
-637
-522
-474
-113
117
-470
-836
-471
-320
-322
-4
107
-55
487
1490
2031
2558
3398
3558
3356
4180
5421
5874
5722
5237
4163
3749
4558
4256
2632
1419
560
-327
-956
-1334
-2298
-3368
-3704
-4511
-5093
-4239
-4002
-4875
-4801
-3850
-3400
-2844
-1769
-1345
-917
577
1388
1262
2241
3272
2789
2615
3564
3797
2997
2460
2012
1365
1345
1188
-29
-780
-811
-1655
-2501
-2430
-2779
-3471
-3226
-2705
-2517
-2062
-1692
-1684
-1081
115
980
1519
1943
2008
1986
2509
3299
3377
2724
2075
1548
1242
1249
807
-217
-933
-1311
-1821
-2068
-1850
-2031
-2771
-3037
-2743
-2530
-2361
-2209
-2126
-1973
-1721
-1395
-1327
-1287
-687
-319
-531
-403
-327
-829
-1003
-548
-137
-12
-40
-399
-941
-834
-331
-336
-164
875
1862
2339
2971
3663
3786
3986
5225
6650
7074
6699
5543
3945
3786
4812
4460
2930
1680
119
-1409
-1663
-1784
-2924
-3879
-4439
-5615
-5927
-4727
-4897
-6134
-5456
-4135
-3741
-2895
-2029
-1978
-990
1003
1796
2010
3117
3269
2268
2952
4450
4283
3470
2813
1868
1568
1780
939
-290
-548
-990
-2127
-2366
-2234
-3175
-3945
-3574
-2862
-2164
-1736
-1757
-1460
-530
311
810
1499
2322
2504
2334
2828
3378
2937
2239
2027
2012
2098
1730
321
-863
-802
-749
-1332
-1616
-1839
-2750
-3474
-3300
-2936
-2751
-2714
-3116
-3333
-2640
-1994
-2017
-1879
-1410
-1030
-745
-625
-569
-425
-524
-870
-830
-182
249
-137
-583
-440
-20
407
649
1003
2132
3252
3438
3756
4620
4778
4687
5681
6739
6764
6180
4837
3470
3766
4322
3157
1717
838
-751
-2322
-2462
-2499
-3534
-4444
-5160
-6028
-5646
-4608
-5068
-5610
-4475
-3391
-3156
-2468
-1562
-993
131
1468
1909
2398
3309
3220
2787
3565
4479
4137
3114
2376
1930
1558
1241
542
-442
-950
-1505
-2497
-2809
-2577
-3081
-3700
-3091
-2094
-2015
-2010
-1370
-809
6
1277
1588
1097
1296
1898
2371
3253
3651
2256
764
1030
1647
1412
982
224
-993
-1654
-1561
-1482
-1565
-1801
-2656
-3613
-3367
-2567
-2734
-3143
-2877
-2653
-2487
-2095
-2096
-2032
-1304
-863
-731
-133
100
-622
-1131
-597
385
830
513
-119
-679
-620
298
1128
1542
2381
3186
3148
3434
4650
5234
5043
5871
7256
7176
6025
4923
3983
4151
5054
4073
1522
-43
-916
-1942
-2141
-2111
-3426
-5191
-6126
-6467
-5990
-4996
-5300
-6427
-5966
-4569
-3923
-3095
-1874
-1306
-467
1134
2084
2482
3213
3463
3207
4108
5577
5224
3574
2737
2645
2640
2540
1634
184
-756
-1511
-2321
-2439
-2289
-2817
-3496
-3446
-2859
-2507
-2528
-2162
-1170
-176
508
691
501
906
1877
2526
2963
2817
1518
669
1346
2014
1714
925
-168
-1154
-1282
-899
-986
-1492
-1892
-2605
-3416
-3025
-2291
-2780
-3201
-2744
-2583
-2448
-1992
-2073
-2132
-1371
-712
-601
-369
-190
-646
-931
-199
578
477
124
-62
-197
164
879
1058
1015
1704
2765
3418
4096
5178
5503
4792
5091
6817
7689
6990
5664
4151
3626
4411
3994
1799
400
-336
-1890
-2746
-2609
-3518
-5122
-5961
-6403
-6368
-5573
-5466
-6394
-6393
-4914
-4100
-3664
-2392
-1555
-704
673
1700
2372
3260
3925
3536
4047
5536
5566
4447
3258
2895
3045
2840
2171
815
-332
-1244
-2069
-2282
-2264
-2227
-2860
-3515
-3081
-2621
-2568
-2036
-1001
-333
77
257
-98
275
1627
2141
1891
2203
1838
330
114
1178
1362
740
-25
-1223
-1727
-985
-915
-1651
-1872
-1964
-2895
-3381
-2522
-2244
-2416
-2366
-2431
-2114
-1543
-1415
-2015
-1662
-400
-258
-441
-278
-558
-1075
-829
100
537
432
235
-237
-472
416
1366
1564
2212
3278
3878
3970
4854
5855
5411
5837
7372
7845
6738
5255
4058
3739
5098
4629
1666
-378
-904
-1817
-3087
-3064
-3667
-5308
-6644
-7284
-6930
-5942
-5448
-6608
-6702
-4919
-4058
-3796
-2741
-1419
-513
523
1546
2358
3403
3936
3551
3862
5375
5836
4412
3026
2930
3278
3023
2131
860
-315
-1141
-1935
-2245
-1666
-1613
-2905
-3840
-3174
-2147
-1887
-1631
-1060
-806
-512
-84
-2
491
1294
1077
761
1427
1304
-16
-91
1088
1169
209
-551
-1243
-1438
-668
-380
-1125
-1484
-1652
-2663
-3005
-1783
-1274
-2075
-2281
-1981
-1892
-1437
-1185
-1657
-1536
-680
-617
-1082
-696
-398
-1168
-1260
-273
-55
-406
-208
0
-5
529
1247
1193
1468
3085
4268
4524
5276
5699
5200
5528
7004
7936
7460
6094
4565
3839
4512
4712
2758
414
-853
-1821
-2664
-3087
-3790
-5273
-6576
-6916
-6784
-6261
-5809
-6477
-6937
-5766
-4385
-3715
-3005
-2009
-1009
-2
1170
2280
3052
3616
3793
3833
4738
5757
5110
3524
2974
3356
3456
2869
1643
252
-570
-990
-1333
-1246
-1222
-2132
-3117
-2995
-2355
-2088
-1972
-1695
-1371
-1079
-907
-787
-405
72
214
450
1173
1277
10
-848
163
1342
1014
-18
-806
-1148
-841
-315
-228
-455
-811
-1620
-2450
-2073
-1096
-1362
-2154
-1861
-1425
-1686
-1891
-1986
-1802
-865
-411
-1072
-1312
-911
-1150
-1581
-1007
-187
-282
-539
-313
-309
-110
871
1411
1590
2967
4479
4507
4528
5524
5937
5809
6759
8012
7811
6435
4988
4222
4592
5114
3933
1359
-548
-1472
-2341
-2806
-2873
-3996
-5989
-7068
-7110
-6819
-6176
-6018
-6771
-6600
-5081
-4226
-3955
-2814
-1480
-586
567
1576
1903
2432
3304
3739
4266
5322
5473
4218
3407
3805
4028
3398
2389
1273
391
-51
-449
-800
-962
-1573
-2557
-2807
-2351
-2150
-2319
-2462
-2299
-1802
-1493
-1502
-1230
-920
-1075
-823
289
761
-234
-1137
-565
647
1186
879
46
-513
-101
430
328
290
181
-833
-1741
-1256
-478
-802
-1494
-1662
-1550
-1344
-1437
-2043
-2100
-1281
-920
-1318
-1414
-1126
-1175
-1314
-1004
-620
-464
-550
-910
-789
163
785
682
924
1847
2833
3686
4485
5154
5684
5784
5414
5826
7294
7754
6529
5340
4717
4180
3963
3478
2019
354
-1025
-2112
-2595
-3056
-4296
-5630
-6113
-6107
-6300
-6357
-6300
-6639
-6432
-5269
-4349
-3824
-2995
-2149
-1340
-95
1079
1578
2100
3204
3601
3810
4793
4852
4038
3539
3865
4097
3352
2734
1911
795
478
443
-144
-482
-717
-2184
-2913
-1795
-1598
-2462
-2405
-2061
-2190
-2088
-1772
-1528
-1479
-1472
-995
-319
-131
-826
-1491
-636
630
615
116
-318
-933
-557
712
947
440
383
-326
-1652
-838
600
-128
-970
-1082
-1247
-1427
-1328
-1178
-1434
-1067
-874
-1743
-1701
-683
-776
-1378
-840
-852
-1585
-1054
-532
-783
-312
432
-427
-862
968
2043
2293
3559
4726
4384
4258
5400
5687
6414
7628
7228
6229
5468
4779
4129
4400
4448
2363
-155
-998
-1048
-1738
-2639
-3834
-5095
-5550
-5954
-6417
-6020
-5714
-6520
-6787
-5702
-4825
-4352
-3452
-2495
-1497
-420
-6
451
1856
3069
3176
3209
4066
4495
3801
3775
4420
3950
3250
2983
1956
1214
1378
655
-234
-136
-792
-1958
-1761
-1359
-2122
-2683
-2136
-1839
-2168
-2079
-2367
-2975
-1790
-359
-999
-1518
-924
-1244
-1777
-455
866
-69
-785
-116
-533
-562
1521
1958
135
5
815
-143
-684
682
866
-404
-523
-486
-1064
-899
-805
-1411
-1344
-1024
-1604
-2066
-1609
-1398
-1904
-1318
-903
-1882
-1601
-999
-1475
-1263
-69
-250
-1064
252
1318
1268
2571
4548
4574
4170
5419
5434
5316
7402
8322
6979
6248
5964
4421
3944
5074
4120
1319
58
-452
-1809
-2199
-2194
-3762
-5067
-5353
-6260
-6604
-5643
-5734
-6793
-6404
-5144
-5049
-4748
-2968
-2048
-2031
-782
476
826
1564
2278
2455
3259
4594
4632
3579
3557
3885
3271
3196
3253
1914
892
1008
787
399
271
-645
-1825
-1687
-1341
-1841
-1766
-1663
-2540
-2520
-1717
-2007
-2396
-1917
-1676
-1735
-1087
-857
-2209
-2406
-446
202
-407
-67
-313
-1168
-36
1782
1411
403
724
392
-409
955
1960
227
-651
202
-150
-779
-346
-771
-1722
-1193
-690
-1498
-1634
-1221
-2015
-2189
-840
-1002
-2289
-1934
-1495
-1806
-861
-148
-1199
-1214
408
990
1263
3272
4678
3991
4212
5457
5364
5779
7568
7755
6596
5877
4683
3888
4912
5176
3037
858
95
-347
-1020
-1445
-2169
-3617
-4641
-5184
-5668
-5198
-4869
-6027
-6481
-5438
-5081
-5159
-4184
-3147
-2612
-1552
-756
-864
-104
1165
1310
1995
3710
3763
2526
2644
3526
3597
3591
3694
2856
1853
1792
1797
1477
1286
554
-599
-707
-335
-1102
-1977
-1624
-1420
-2062
-2343
-2590
-3229
-2759
-1613
-1746
-2170
-1856
-2403
-3091
-1544
239
-391
-1238
-713
-703
-595
1340
2334
839
300
1107
619
526
2098
1878
-116
-142
604
-216
-384
265
-778
-1751
-998
-1212
-2421
-2083
-1532
-2089
-1782
-1110
-2098
-2720
-1474
-1036
-1643
-931
-572
-1860
-1316
973
1338
1473
3351
3978
3406
4444
5541
5268
5957
7338
6838
5798
5739
4802
3874
5109
5393
2786
936
895
248
-502
-458
-1420
-3248
-3922
-4107
-4564
-4301
-4418
-5865
-6304
-5280
-5047
-5070
-3915
-3154
-3324
-2526
-1329
-1157
-519
744
839
988
2329
2685
2043
2650
3501
3114
3036
3378
2616
2055
2642
2344
1307
1290
1027
-3
253
843
-382
-1475
-951
-956
-1770
-1767
-1912
-2759
-2429
-1478
-1906
-2416
-2056
-2587
-3048
-1410
-358
-1513
-1716
-836
-1171
-835
1065
1286
-49
165
939
327
401
1680
1166
-281
247
870
33
-138
31
-968
-1399
-793
-1237
-1967
-1533
-1554
-1985
-1125
-791
-1993
-1976
-909
-1158
-1391
-544
-769
-1645
-696
661
714
1429
2855
2895
2925
4214
4675
4443
5561
6540
5725
5023
5029
4358
4251
5372
4825
2405
1308
1537
1222
801
332
-1225
-2698
-2846
-2956
-3393
-3521
-4422
-5767
-5478
-4528
-4795
-5040
-4298
-3819
-3631
-2713
-1852
-1713
-1164
-316
-129
514
1702
1525
1064
2073
2683
2253
2502
2906
2595
2410
2480
2305
2071
1952
1595
1170
1242
971
-95
-328
57
-581
-1157
-1031
-1636
-2236
-1899
-1922
-2021
-1512
-1967
-3161
-2761
-1379
-1351
-1944
-1656
-1767
-2141
-737
660
123
-134
236
-202
154
1561
1265
-101
110
652
-58
-330
119
-304
-874
-672
-808
-1365
-1497
-1582
-1497
-871
-925
-1772
-1739
-1059
-947
-812
-538
-1051
-1426
-690
-60
397
1506
2142
2361
3245
3850
3857
4486
5515
6013
5821
5249
4872
4710
5106
5203
4002
2788
1841
1325
1428
1140
-275
-1687
-1680
-2011
-2955
-3106
-3393
-4445
-5115
-4553
-4355
-5295
-5299
-4266
-3930
-3518
-2763
-2895
-2561
-1138
-658
-689
448
1178
894
1296
2155
2318
2236
2839
3066
2805
2829
2517
2219
2554
2686
1768
1343
1642
1021
294
446
682
-11
-605
-725
-1314
-1462
-1369
-1731
-1787
-1610
-2239
-3287
-2820
-1644
-1794
-2153
-1992
-2240
-2170
-997
-159
-432
-563
-462
-518
134
1007
669
-179
-92
78
-259
-107
26
-294
-499
-618
-656
-700
-900
-1249
-1166
-597
-800
-1226
-1015
-957
-912
-654
-663
-952
-1108
-988
-638
294
1283
1572
2020
3010
3420
3526
4461
5449
5624
5435
5039
4683
4942
5270
4970
4281
3244
2035
1593
1833
1310
-51
-849
-1187
-1966
-2544
-2625
-3161
-3940
-4183
-4377
-4790
-4895
-4887
-4850
-4216
-3619
-3861
-3641
-2489
-1960
-1940
-1111
-129
73
437
1121
1472
1872
2353
2497
2539
2924
2885
2403
2650
2891
2533
2237
2256
2142
1492
1215
1209
789
593
397
-185
-686
-932
-1290
-1511
-1174
-1602
-2804
-3041
-2521
-2206
-2220
-2356
-2675
-2890
-2263
-1444
-1129
-1051
-1124
-1013
-535
240
647
187
98
358
277
540
600
46
-48
144
-243
-376
16
-415
-1017
-680
-570
-904
-701
-547
-1075
-1275
-823
-750
-1206
-1251
-912
-1067
-784
315
892
1368
2456
3141
3038
3768
4844
4902
5283
5698
5095
4483
4633
4719
4525
4411
3349
2079
1659
1141
620
482
-103
-1543
-2494
-2387
-2513
-3065
-3616
-4129
-4623
-4927
-4646
-4425
-4389
-4146
-4164
-3871
-2885
-2108
-2049
-1805
-778
-331
-278
484
1182
1409
1546
1882
2263
2317
2224
2383
2652
2639
2482
2328
2302
2329
2114
1927
1732
1205
832
843
604
20
-420
-738
-1052
-1082
-1076
-1549
-2105
-2328
-2366
-2206
-2066
-2258
-2507
-2468
-2164
-1791
-1395
-1090
-1094
-1114
-713
-223
45
235
213
73
7
153
321
194
191
111
-115
-64
4
-125
-416
-482
-447
-508
-604
-1070
-1257
-1028
-955
-922
-1106
-1205
-1015
-764
-427
-17
650
1198
1417
1827
2486
2976
3443
4392
5081
4784
4248
4272
4729
5020
4700
3827
3137
2904
2497
1955
1585
914
-113
-763
-952
-1299
-2036
-2687
-2913
-3297
-3799
-4057
-4238
-4351
-4419
-4085
-3739
-3727
-3493
-3005
-2445
-2052
-1646
-1021
-441
-299
-216
281
761
1023
1237
1579
1694
1841
1950
1820
2106
2238
2126
2036
2115
2040
1490
1573
1882
1679
1118
747
757
207
-108
36
-335
-944
-1528
-1730
-1688
-1442
-1524
-2399
-2642
-2323
-2109
-1885
-1660
-1676
-2130
-1957
-1295
-921
-618
-525
-524
-443
-136
101
54
368
597
498
504
358
227
126
125
187
-66
-366
-774
-831
-496
-532
-845
-959
-811
-1132
-1316
-940
-735
-741
-517
288
749
976
1339
1679
2398
3073
3737
3977
3689
3592
3805
4651
5153
4572
3679
3244
3327
3049
2721
2282
1227
418
-59
-283
-628
-1331
-1871
-2420
-2799
-3007
-3267
-3289
-3291
-3449
-3582
-3512
-3151
-2887
-2577
-2154
-2099
-2008
-1576
-909
-662
-758
-424
-43
426
780
775
749
886
1161
1204
1236
1349
1522
1516
1516
1988
1999
1670
1807
2053
1849
1360
1212
1027
766
605
309
-97
-819
-1259
-1206
-1074
-1374
-2193
-2550
-2580
-2258
-1883
-2063
-2303
-2489
-2294
-1923
-1428
-1039
-1312
-1262
-746
-440
-320
-97
191
182
265
398
232
374
579
329
89
65
-82
-396
-349
-384
-804
-848
-588
-457
-699
-863
-797
-594
36
419
625
1024
1386
1614
1969
2706
3123
3323
3731
3852
3474
3286
3805
4185
3784
3151
2751
2393
2117
1901
1494
769
-21
-489
-772
-840
-1181
-1862
-2299
-2485
-2614
-2891
-2797
-2570
-2756
-2907
-2741
-2367
-2254
-2048
-1620
-1583
-1650
-1464
-950
-661
-670
-454
-277
-102
-25
147
376
359
469
602
858
1037
1188
1293
1240
1451
1629
1709
1722
1900
1832
1384
1319
1492
1446
888
552
334
-191
-471
-523
-579
-1078
-1633
-1804
-1800
-1728
-1783
-2045
-2352
-2258
-2004
-1966
-1652
-1157
-1240
-1425
-899
-388
-451
-354
80
91
-220
1
409
318
110
-32
-311
-387
-198
-287
-523
-472
-502
-914
-996
-490
-537
-1007
-968
-868
-1025
-823
57
595
749
1231
1625
2066
2618
2909
3242
3875
4122
3772
3633
3760
3817
3795
3857
3437
2267
1562
1603
1743
1328
446
-173
-741
-898
-696
-961
-1455
-1867
-1961
-2090
-2285
-2226
-2200
-2041
-1875
-1968
-2223
-2148
-1558
-1340
-1564
-1663
-1576
-1442
-1193
-852
-1039
-1450
-1161
-529
-242
-272
-344
-322
33
565
658
552
766
971
1009
1264
1467
1339
1308
1583
1580
1103
900
1045
1192
1106
739
234
-230
-244
-64
-79
-446
-1050
-1505
-1541
-1193
-1051
-1114
-1263
-1517
-1498
-1135
-696
-598
-559
-345
-355
-372
2
429
350
185
221
29
-14
219
277
101
-135
-177
-69
12
-141
-280
-194
-307
-439
-410
-453
-645
-832
-648
-473
-565
-584
-551
-484
-384
-144
98
147
393
674
735
780
898
1179
1462
1709
1669
1359
1404
1728
1938
1875
1822
1799
1608
1508
1605
1747
1555
1315
1246
986
703
624
727
633
216
-119
-228
-257
-247
-227
-428
-646
-668
-794
-997
-1010
-1138
-1548
-1657
-1431
-1548
-1846
-1776
-1691
-1772
-1781
-1743
-1658
-1654
-1649
-1512
-1280
-1043
-1012
-992
-796
-523
-302
-138
89
124
101
373
721
936
959
973
1026
1050
1139
1155
1145
1186
1185
1143
1095
1072
981
857
840
820
629
380
268
249
192
84
-42
-198
-352
-472
-566
-624
-672
-793
-935
-984
-1018
-1082
-1111
-1002
-916
-949
-877
-787
-744
-657
-421
-180
-244
-290
-133
23
80
80
121
39
-23
133
242
220
104
28
68
114
112
-18
-68
-43
-124
-103
-30
-15
-46
-32
77
141
237
250
222
421
616
672
731
914
1079
1142
1286
1455
1495
1528
1664
1714
1564
1361
1310
1376
1392
1211
899
755
605
419
357
290
140
-107
-251
-298
-408
-542
-576
-567
-721
-1009
-1274
-1359
-1359
-1346
-1411
-1607
-1721
-1755
-1590
-1324
-1233
-1204
-1237
-1150
-858
-571
-389
-327
-208
-90
67
315
451
516
472
427
447
523
655
631
634
635
558
589
635
666
564
427
366
137
-76
-143
-204
-365
-566
-614
-721
-803
-727
-712
-732
-788
-710
-595
-577
-450
-378
-338
-278
-225
-141
-83
-23
-38
-16
37
-26
-20
105
160
138
227
290
231
271
325
254
269
372
310
228
253
166
69
198
336
310
282
263
197
227
382
488
457
385
367
409
460
455
411
388
365
350
349
301
250
246
239
236
231
203
199
163
61
15
32
-4
-35
-46
-148
-252
-203
-106
-134
-179
-224
-278
-244
-174
-101
-118
-134
-106
-95
1
76
103
73
15
72
119
126
201
272
206
145
209
230
154
127
158
83
-37
-22
-15
-113
-174
-238
-392
-492
-496
-526
-588
-635
-631
-704
-771
-695
-692
-716
-685
-651
-683
-703
-585
-499
-429
-361
-354
-312
-252
-175
-84
4
61
50
67
178
254
252
297
336
288
274
367
430
382
371
415
349
264
301
319
244
220
213
151
139
172
149
145
198
184
199
299
334
345
396
446
416
435
490
438
387
348
320
253
226
237
155
81
-3
-39
-52
-89
-101
-132
-152
-235
-284
-248
-286
-322
-354
-396
-471
-534
-508
-483
-445
-440
-416
-379
-370
-257
-172
-142
-102
-70
-2
97
147
190
277
298
341
385
403
439
385
382
428
422
431
441
420
393
369
333
277
220
180
118
32
-38
-97
-138
-180
-214
-262
-335
-341
-343
-372
-350
-354
-369
-355
-353
-322
-324
-312
-267
-252
-223
-230
-208
-169
-148
-111
-108
-65
-3
37
51
41
53
89
119
112
90
37
14
18
31
62
57
44
22
52
101
84
56
67
99
71
64
77
56
56
69
96
84
34
20
30
24
49
58
19
-2
6
26
-6
-14
-18
-37
-36
-27
-82
-98
-45
-92
-137
-125
-79
-108
-141
-81
-73
-96
-75
-69
-83
-63
-25
-12
-5
27
23
36
111
167
156
160
215
197
188
237
266
218
181
195
189
175
122
83
70
62
32
31
12
-51
-35
5
-2
-35
-15
25
-16
-15
27
-19
-57
-32
-34
-102
-129
-108
-135
-130
-76
-71
-99
-78
-52
-52
-31
-31
-24
-28
-63
-44
-42
-61
-78
-80
-51
-69
-107
-124
-128
-162
-140
-53
-73
-102
-66
-41
-40
-13
62
50
21
84
83
57
104
139
142
137
141
111
84
135
162
129
127
126
64
61
106
71
33
23
0
-42
-74
-46
-81
-138
-120
-122
-154
-140
-115
-163
-197
-168
-158
-162
-149
-133
-142
-128
-90
-74
-27
-7
-5
42
66
80
106
148
172
190
215
211
200
199
201
191
162
129
99
54
44
39
3
2
-18
-38
-46
-81
-84
-71
-76
-106
-111
-102
-124
-111
-57
-46
-84
-61
-5
-10
-14
26
35
20
55
93
79
77
92
81
75
90
81
56
46
39
24
22
38
31
9
17
13
0
7
7
-22
-27
-30
-64
-46
-35
-50
-50
-45
-31
-56
-52
-16
-27
-33
3
11
9
29
5
2
17
10
3
-2
19
0
-25
2
2
-27
-23
-23
-51
-27
-19
-73
-60
-25
-78
-103
-67
-97
-147
-119
-82
-108
-119
-66
-50
-67
-7
42
17
52
108
108
107
142
175
159
176
206
180
181
191
186
184
190
164
118
116
91
43
32
21
-20
-51
-55
-78
-123
-136
-136
-172
-191
-183
-200
-198
-163
-157
-154
-128
-109
-107
-98
-76
-71
-66
-31
-10
-21
-17
-3
-5
-1
12
18
22
27
28
33
33
32
30
39
44
27
26
42
44
37
62
72
36
48
64
58
62
72
82
69
81
88
77
90
77
66
84
65
43
67
49
26
58
41
11
6
1
3
-16
-20
-11
-49
-69
-58
-92
-113
-95
-137
-183
-143
-135
-181
-163
-120
-136
-153
-106
-85
-113
-86
-35
-51
-38
41
67
55
101
129
99
126
176
166
155
182
177
144
154
168
144
102
99
94
47
39
46
23
-13
-20
-4
-40
-67
-57
-70
-92
-97
-86
-87
-108
-108
-85
-100
-105
-65
-55
-77
-66
-33
-35
-58
-39
-15
-48
-35
10
-27
-30
7
-10
-12
9
17
17
3
6
29
7
1
27
-3
-9
20
2
2
9
24
52
32
38
64
38
41
79
66
55
71
67
72
71
55
62
53
51
56
16
10
22
-4
1
18
-5
-25
-22
-14
-23
-46
-47
-50
-74
-86
-72
-81
-113
-93
-78
-121
-116
-88
-107
-111
-73
-55
-56
-45
-34
-12
-2
14
40
43
55
73
73
79
93
96
89
103
104
77
70
87
80
73
84
69
56
56
56
49
39
45
28
17
34
19
-23
-24
-11
-54
-72
-61
-81
-86
-76
-69
-87
-89
-54
-65
-66
-28
-38
-53
-27
-18
-43
-37
-21
-24
-33
-25
-15
-37
-22
4
-1
5
16
12
13
28
36
31
23
18
19
21
19
13
17
33
41
39
43
47
52
53
55
66
52
42
48
49
43
35
37
25
16
16
9
-8
-25
-4
-9
-39
-23
-35
-77
-78
-88
-104
-95
-97
-106
-104
-92
-84
-92
-74
-52
-56
-51
-22
-14
-22
17
43
22
36
58
54
54
61
67
73
83
76
66
72
69
58
54
47
29
21
24
14
6
10
16
-2
-7
15
5
-2
15
12
-5
-11
-2
-7
-17
5
8
-21
-20
-1
-15
-25
-9
-19
-37
-25
-14
-21
-17
-6
-13
-23
-20
-24
-24
-23
-31
-25
-18
-17
-33
-35
-16
-32
-49
-31
-23
-39
-5
31
6
7
42
42
26
32
47
32
26
52
53
33
42
47
34
35
31
14
15
14
3
1
-3
-17
-37
-43
-46
-69
-70
-57
-67
-60
-39
-40
-34
-18
-17
-18
-9
5
1
-7
2
-1
-15
-9
-5
-15
-5
13
16
21
35
64
74
68
90
86
62
72
68
45
35
32
22
-12
-27
-13
-25
-38
-23
-23
-38
-36
-14
-19
-35
-15
-15
-44
-45
-32
-49
-64
-30
-27
-51
-22
-6
-15
0
20
18
13
22
35
27
24
41
32
18
24
24
17
6
12
21
16
20
28
22
11
16
10
-5
-7
-8
-9
-14
-7
0
-8
-4
-1
-4
1
-7
0
14
11
16
20
6
6
7
-3
3
6
0
14
20
17
23
14
2
0
-10
-21
-27
-37
-44
-57
-65
-71
-90
-92
-93
-102
-95
-92
-86
-61
-49
-45
-25
-15
-16
-14
0
10
8
18
36
36
47
73
77
69
82
95
93
90
93
88
80
72
56
44
37
21
15
22
9
-7
1
3
-3
7
2
-13
-9
-17
-32
-34
-48
-60
-53
-63
-58
-56
-73
-36
-19
-29
-5
10
9
5
8
10
7
4
9
7
-14
-6
-4
-29
-15
2
-18
-17
-3
-18
-17
-1
-17
-22
-11
-14
-18
-8
-3
-4
4
13
18
23
24
34
33
27
33
32
27
30
21
22
23
10
24
28
12
18
20
17
13
2
-5
0
-14
-32
-17
-17
-34
-29
-20
-28
-27
-12
-13
-12
-2
-1
-1
-5
4
10
-5
-11
-7
-8
-19
-26
-15
-11
-18
-10
-1
-6
-2
3
2
7
14
14
11
18
23
20
25
29
22
20
17
7
-3
-3
-2
-11
-10
-11
-12
-2
-5
-4
5
9
15
18
23
17
12
13
11
5
-7
-11
-15
-24
-30
-27
-29
-35
-32
-37
-40
-31
-32
-25
-19
-23
-17
-12
-22
-26
-17
-19
-19
-16
-17
-12
-13
-9
0
12
18
30
46
49
61
73
78
86
82
82
77
71
74
66
56
0
0
0
0
0
0
0
0
0
0
0
0
0
0
0
0
0
0
0
0
0
0
0
0
0
0
0
0
0
0
0
0
0
0
0
0
0
0
0
0
0
0
0
0
0
0
0
0
0
0
0
0
0
0
0
0
0
0
0
0
0
0
0
0
0
0
0
0
0
0
0
0
0
0
0
0
0
0
0
0
0
0
0
0
0
0
0
0
0
0
0
0
0
0
0
0
0
0
0
0
0
0
0
0
0
0
0
0
0
0
0
0
0
0
0
0
0
0
0
0
0
0
0
0
0
0
0
0
0
0
0
0
0
0
0
0
0
0
0
0
0
0
0
0
0
0
0
0
0
0
0
0
0
0
0
0
0
0
0
0
0
0
0
0
0
0
0
0
0
0
0
0
0
0
0
0
0
0
0
0
0
0
0
0
0
0
0
0
0
0
0
0
0
0
0
0
0
0
0
0
0
0
0
0
0
0
0
0
0
0
0
0
0
0
0
0
0
0
0
0
0
0
0
0
0
0
0
0
0
0
0
0
0
0
0
0
0
0
0
0
0
0
0
0
0
0
0
0
0
0
0
0
0
0
0
0
0
0
0
0
0
0
0
0
0
0
0
0
0
0
0
0
0
0
0
0
0
0
0
0
0
0
0
0
0
0
0
0
0
0
0
0
0
0
0
0
0
0
0
0
0
0
0
0
0
0
0
0
0
0
0
0
0
0
0
0
0
0
0
0
0
0
0
0
0
0
0
0
0
0
0
0
0
0
0
0
0
0
0
0
0
0
0
0
0
0
0
0
0
0
0
0
0
0
0
0
0
0
0
0
0
0
0
0
0
0
0
0
0
0
0
0
0
0
0
0
0
0
0
0
0
0
0
0
0
0
0
0
0
0
0
0
0
0
0
0
0
0
0
0
