0
0
0
0
0
0
0
0
0
0
0
0
0
0
0
0
0
0
0
0
0
0
0
0
0
0
0
0
0
0
0
0
0
0
0
0
0
0
0
0
0
0
0
0
0
0
0
0
0
0
0
0
0
0
0
0
0
0
0
0
0
0
0
0
0
0
0
0
0
0
0
0
0
0
0
0
0
0
0
0
0
0
0
0
0
0
0
0
0
0
0
0
0
0
0
0
0
0
0
0
0
0
0
0
0
0
0
0
0
0
0
0
0
0
0
0
0
0
0
0
0
0
0
0
0
0
0
0
0
0
0
0
0
0
0
0
0
0
0
0
0
0
0
0
0
0
0
0
0
0
0
0
0
0
0
0
0
0
0
0
0
0
0
0
0
0
0
0
0
0
0
0
0
0
0
0
0
0
0
0
0
0
0
0
0
0
0
0
0
0
0
0
0
0
0
0
0
0
0
0
0
0
0
0
0
0
0
0
0
0
0
0
0
0
0
0
0
0
0
0
0
0
0
0
0
0
0
0
0
0
0
0
0
0
0
0
0
0
0
0
0
0
0
0
0
0
0
0
0
0
0
0
0
0
0
0
0
0
0
0
0
0
0
0
0
0
0
0
0
0
0
0
0
0
0
0
0
0
0
0
0
0
0
0
0
0
0
0
0
0
0
0
0
0
0
0
0
0
0
0
0
0
0
0
0
0
0
0
0
0
0
0
0
0
0
0
0
0
0
0
0
0
0
0
0
0
0
0
0
0
0
0
0
0
0
0
0
0
0
0
0
0
0
0
0
0
0
0
0
0
0
0
0
0
0
0
0
0
0
0
0
0
0
0
0
0
0
0
0
0
0
0
0
0
0
0
0
0
0
0
0
0
0
0
0
0
0
0
0
0
0
0
0
0
0
0
158
179
201
193
200
208
190
181
193
170
131
118
110
78
53
31
0
-7
-15
-32
-50
-64
-81
-103
-118
-121
-130
-136
-134
-136
-139
-144
-138
-137
-134
-117
-116
-132
-120
-109
-117
-111
-127
-150
-129
-129
-135
-130
-146
-160
-161
-163
-167
-177
-196
-210
-224
-232
-243
-252
-251
-240
-222
-202
-168
-125
-78
-2
74
134
229
318
397
512
611
682
774
832
859
894
893
861
831
762
684
585
474
381
249
147
46
-75
-184
-267
-381
-470
-497
-571
-612
-585
-597
-622
-553
-504
-501
-416
-334
-304
-255
-183
-137
-127
-69
-6
-4
17
38
10
-32
-51
-94
-142
-158
-225
-273
-275
-356
-430
-417
-441
-479
-443
-447
-504
-489
-428
-377
-314
-226
-178
-174
-102
-24
71
267
433
546
667
795
877
924
1073
1255
1405
1490
1366
1115
1015
1102
1139
1054
823
428
85
-45
-105
-217
-332
-575
-924
-1114
-1064
-1057
-1111
-1085
-1045
-1006
-898
-806
-772
-606
-333
-125
42
226
268
214
327
622
849
884
795
570
457
557
592
537
409
177
-60
-137
-115
-223
-368
-441
-494
-512
-499
-558
-653
-617
-465
-357
-355
-393
-411
-350
-171
6
21
-96
-183
-134
34
167
102
-84
-174
-112
-14
44
18
-122
-238
-186
-80
-36
-64
-147
-148
-35
47
56
23
0
89
237
336
346
264
203
274
431
539
506
372
281
312
407
450
409
342
287
256
220
169
136
134
115
58
-6
-79
-147
-176
-116
-83
-112
-161
-250
-249
-169
-72
-5
-8
-38
-81
-10
108
170
218
225
157
129
209
258
256
263
304
263
222
240
159
192
243
156
93
47
-49
-162
-139
-137
-257
-331
-394
-506
-533
-473
-534
-615
-574
-597
-688
-649
-548
-516
-484
-442
-447
-430
-345
-296
-280
-257
-279
-271
-181
-112
-169
-224
-236
-284
-181
-53
-110
-201
-247
-227
-170
-52
47
-4
-21
22
83
243
453
624
768
956
1050
1028
1127
1340
1503
1689
1795
1545
1240
1175
1232
1299
1223
912
416
41
-54
-163
-283
-408
-727
-1088
-1235
-1202
-1185
-1195
-1222
-1207
-1115
-969
-874
-834
-605
-369
-205
-1
158
203
122
237
493
687
719
470
264
286
408
443
318
144
-97
-286
-263
-226
-309
-447
-591
-603
-555
-577
-603
-599
-507
-381
-311
-317
-378
-388
-299
-110
49
-18
-269
-454
-391
-179
-61
-207
-511
-715
-747
-634
-496
-524
-725
-836
-769
-636
-498
-361
-242
-265
-97
229
375
495
572
912
1322
1537
1783
1766
1806
2049
2245
2427
2495
2405
1988
1758
1791
1648
1614
1270
670
342
42
-164
-354
-606
-931
-1236
-1360
-1618
-1769
-1753
-1720
-1576
-1615
-1615
-1564
-1486
-1168
-881
-492
-230
-245
-217
-116
228
467
628
820
651
513
439
398
479
584
629
265
-56
-133
-260
-238
-141
-154
-183
-178
-268
-433
-413
-91
284
611
660
156
-325
-238
441
966
830
333
-462
-607
-73
-4
-85
-267
-591
-866
-899
-638
-762
-876
-887
-960
-676
-487
-736
-1020
-604
-111
-167
-134
-220
-362
-302
-142
121
151
13
-456
-862
-500
-143
-358
-752
-873
-903
-888
-667
-687
-857
-781
-633
-342
267
711
973
1316
1726
1966
2146
2929
3682
3962
3962
3630
3255
3135
3382
3135
2633
2316
1365
280
-370
-512
-592
-1068
-1701
-2675
-3124
-2915
-2996
-2949
-2684
-2615
-2811
-2552
-1930
-1685
-1234
-626
-174
320
761
664
263
740
1619
1823
1759
1558
899
477
683
814
729
615
66
-812
-996
-649
-834
-1169
-1121
-1307
-1576
-1308
-1146
-1326
-1073
-564
-412
-155
267
139
-11
694
1525
1414
1131
1182
973
1086
1387
1113
592
332
197
-252
-379
-268
-761
-1223
-1190
-1025
-1036
-1007
-978
-1143
-767
-213
-224
-332
-167
176
273
472
853
690
519
507
459
687
805
418
-210
-243
41
-113
-435
-817
-1036
-1171
-1346
-1265
-1229
-1406
-1543
-1491
-1283
-1120
-1109
-1057
-764
-361
-51
213
726
1465
1947
1998
2055
2481
3079
3644
4006
3751
2978
2564
2801
3050
2898
2282
1191
174
-191
-257
-502
-844
-1376
-2205
-2750
-2658
-2435
-2482
-2672
-2862
-2862
-2497
-2048
-1848
-1702
-1347
-895
-427
55
313
265
331
893
1590
1837
1545
1073
913
1387
2125
2359
1913
986
200
151
909
1736
1331
34
-1040
-1224
-513
177
286
-421
-1142
-1120
-979
-880
-692
-360
-73
-150
-364
-736
-1018
-764
-313
108
41
-639
-1447
-1874
-1160
-416
-518
-901
-1550
-1946
-1884
-1411
-902
-774
-961
-1510
-1577
-1066
-809
-831
-793
-713
-649
-431
-389
-631
-593
-206
21
252
793
1346
1852
2506
3085
2952
2904
3878
4954
5535
5336
4404
3477
3186
3786
3867
3067
2109
630
-594
-858
-656
-982
-1959
-2960
-3989
-4248
-3681
-3557
-3996
-4118
-3798
-3436
-2841
-2265
-2087
-1770
-830
223
951
1539
1581
1164
1626
2963
3610
3221
2585
2006
1682
1953
2329
1859
809
-50
-683
-839
-520
-801
-1754
-2157
-1987
-2087
-2181
-1851
-1693
-1711
-1204
-495
-115
47
-17
85
955
1862
1647
813
665
1047
1113
1032
959
516
-118
-614
-869
-669
-435
-919
-1684
-1709
-1245
-1237
-1448
-1336
-1163
-1011
-710
-601
-678
-454
-95
98
268
590
478
-73
-50
377
666
448
-159
-569
-690
-576
-724
-994
-978
-1112
-1500
-1731
-1449
-1145
-1403
-1624
-1157
-376
384
1247
1954
2168
2069
2221
3140
4785
6058
5662
4076
3244
3891
4725
4651
3765
2463
1045
12
-382
-460
-689
-1477
-2642
-3479
-3390
-3084
-3444
-3829
-3584
-2882
-2555
-2545
-2384
-2161
-1474
-572
265
1012
1144
576
128
959
2545
2998
2064
1020
479
630
1145
1411
1236
595
-163
-856
-896
-349
-246
-525
-712
-626
-777
-1237
-1093
-283
388
398
-18
-505
-682
-105
902
1446
1150
262
-730
-821
359
1245
570
-767
-1534
-1698
-1386
-721
-481
-1136
-2048
-2237
-1906
-1458
-1077
-1256
-1550
-1330
-640
-414
-790
-909
-603
117
514
363
25
-478
-784
-537
218
464
8
-522
-1044
-994
-319
-8
-160
346
1257
1491
1800
2747
3210
3065
3632
4891
5851
5950
4791
3453
3477
4688
5054
3472
1539
100
-619
-653
-787
-1273
-2587
-4149
-5187
-5207
-3982
-3544
-4523
-5369
-4951
-3796
-3185
-2478
-1694
-1046
-206
381
1021
1906
2837
2865
2416
3220
4429
4273
2849
2010
2126
2128
1858
1288
300
-841
-1669
-2067
-1909
-1583
-2137
-3224
-3498
-3070
-2741
-2231
-1532
-1106
-726
-365
-411
-215
836
1797
2053
2262
2272
1244
487
1311
2279
2020
1133
481
-527
-1239
-504
-92
-848
-1326
-1553
-2394
-2612
-1564
-1191
-1730
-1674
-1193
-1112
-1132
-857
-515
-209
240
576
295
-175
-106
193
169
91
307
93
-999
-1716
-1329
-865
-951
-1109
-1237
-1634
-1905
-1563
-1007
-555
176
887
1394
2234
3008
3063
3227
4545
6085
6845
6497
5128
3766
3550
5089
5966
4373
1931
-73
-804
-712
-509
-769
-2223
-3838
-5036
-5080
-4017
-3670
-4095
-4609
-4381
-3626
-3088
-2338
-1748
-1154
-328
351
888
1214
1330
1128
1371
2720
3773
3026
1455
686
826
1328
1767
1470
84
-1395
-2016
-1685
-1046
-639
-959
-1938
-2344
-2419
-1995
-894
-262
-45
-83
79
322
457
985
1251
1748
2273
1612
507
0
496
944
1015
705
-714
-1840
-1883
-1406
-929
-843
-1321
-2470
-2942
-1963
-1102
-1059
-898
-837
-1037
-913
-289
-2
-282
426
1058
562
201
258
-61
-812
-190
819
63
-1114
-1669
-2033
-1762
-558
-70
-906
-1513
-1681
-1833
-873
1193
2168
1853
2171
2995
3080
3089
4295
6261
7795
7705
5405
2770
2627
4770
5884
5080
3344
417
-2168
-2638
-1342
-381
-1058
-2893
-5624
-6792
-5279
-3709
-3437
-3782
-3616
-3741
-4090
-3023
-1535
-413
353
772
1105
1456
1991
1586
1172
2796
4558
3753
1399
392
724
879
1086
1413
629
-1308
-2841
-3076
-2000
-506
-397
-1986
-3091
-2517
-1606
-971
-113
405
103
-189
-34
226
562
1032
1601
2098
1713
277
-550
264
1297
1252
618
-185
-1270
-1849
-1127
-158
-258
-1199
-2099
-2414
-1904
-807
-411
-966
-1079
-531
-545
-870
-521
102
576
452
532
591
-124
-542
-688
76
504
31
-377
-1806
-2377
-1307
-482
-823
-1287
-843
-1285
-2125
-1362
-41
451
789
1391
1820
2615
3625
3885
3787
4502
5834
6458
6072
4958
3558
3056
4360
5708
4501
1567
-883
-1286
-695
-566
-734
-2231
-4116
-5520
-5564
-3756
-2886
-3179
-4067
-4427
-3524
-2818
-1709
-1048
-780
46
534
1233
1463
1616
1699
1312
2273
3331
2998
1352
26
428
1176
1463
925
-564
-1826
-2077
-1697
-960
-762
-1110
-1935
-2716
-1880
-858
-127
-6
-320
-34
-68
415
695
296
455
1044
1867
1324
-155
-612
-121
687
860
529
-426
-1863
-1934
-962
-289
-360
-927
-1689
-2488
-1817
-425
-298
-590
-705
-857
-1057
-706
449
526
-68
0
90
269
54
-297
-684
-840
55
110
-993
-2176
-2435
-1528
-684
-197
-701
-1623
-1801
-1464
-745
482
1949
2292
1987
2681
3669
3828
3923
5110
6363
7115
6715
4308
2529
3182
4881
5152
4018
2062
-1040
-2439
-1510
-306
-285
-1869
-4281
-6282
-5612
-3487
-2668
-3213
-4039
-4223
-3803
-2836
-1640
-809
-580
-494
212
1334
1892
1448
849
1321
2983
3994
2693
460
-219
554
1221
1432
967
-588
-2344
-2695
-1317
311
221
-1652
-3132
-2707
-1337
-542
28
148
-652
-1034
-788
26
960
962
518
348
891
759
-440
-129
1087
1235
553
-304
-922
-1517
-1166
26
-19
-866
-1753
-2512
-2341
-1057
233
-351
-1349
-1160
-1253
-1465
-659
727
682
-421
-284
57
-175
-213
84
234
-188
-131
-285
-1320
-1735
-1344
-868
-879
-818
-714
-1402
-1804
-1145
-81
764
1268
1436
1647
2595
3490
3454
3665
5112
6298
6180
5503
4269
3168
3447
4906
5433
3696
1071
-1237
-1640
-493
104
-480
-2261
-4064
-5440
-5109
-3030
-2254
-3136
-4320
-4302
-3477
-2724
-1321
-636
-734
-583
-134
778
1285
1532
1271
1134
2435
3093
2127
705
311
1067
1338
1278
656
-930
-1978
-1799
-660
65
-536
-1632
-2613
-2374
-1221
-381
142
-323
-1248
-1546
-867
368
674
416
346
471
722
332
-169
152
871
1063
433
-179
-645
-1258
-950
303
505
-783
-1810
-1853
-1553
-858
80
-152
-1181
-1308
-930
-689
-216
370
297
-406
-482
-1
192
-86
-620
-581
-321
-332
-314
-691
-1463
-1903
-1266
-387
-482
-821
-1190
-1514
-1135
-145
816
1044
1200
1746
2524
3549
4037
3952
3929
4709
6103
6588
5524
3649
2724
3619
5137
5113
2652
-526
-1926
-1174
-107
41
-1087
-3292
-5449
-5707
-3483
-1679
-2368
-4097
-4722
-3951
-2983
-1901
-1112
-1020
-732
-356
57
626
1149
1211
819
1518
2698
2557
1182
-126
276
1423
1725
1117
46
-862
-1613
-1090
236
239
-916
-1989
-1935
-1177
-356
-159
-911
-1337
-1026
-397
92
242
-90
-592
-208
941
1450
542
-647
-466
703
1075
645
-47
-891
-1220
-534
618
269
-1050
-1711
-1879
-1290
-439
-181
-1126
-2167
-1575
-783
-564
-331
-158
-442
-1050
-421
546
135
-642
-680
30
283
98
-99
-979
-1485
-1005
-178
139
-369
-828
-1347
-1341
-512
100
553
871
1389
2043
2546
3122
3123
3169
3938
5227
6347
5602
3613
2396
3230
5303
5832
4090
1006
-1185
-940
276
1014
242
-1775
-3968
-5144
-3809
-1812
-1719
-3471
-4877
-4249
-3246
-2841
-2368
-1742
-1335
-1196
-659
-17
272
497
682
1011
1867
2407
1442
216
550
1696
1993
1359
468
-406
-761
-189
694
691
-439
-1586
-1656
-635
-22
-317
-596
-770
-954
-1230
-876
-37
-86
-547
-780
-459
217
207
-338
-586
138
817
189
-383
-316
-388
-405
-83
229
-455
-1332
-1112
-564
-147
-256
-704
-1147
-1407
-715
-71
-188
-549
-612
-355
-436
-226
231
-79
-769
-799
-104
-48
-726
-924
-970
-1202
-919
-387
-744
-1595
-1252
-411
-412
-320
-42
-261
-122
1282
2848
3146
3075
3227
3038
3376
4887
6389
6252
4533
3185
3262
4484
5602
4788
2337
138
-233
522
546
5
-1147
-2835
-3937
-3635
-2547
-2688
-3661
-4067
-3969
-3641
-3338
-2857
-2436
-2138
-1513
-940
-677
-559
-179
403
638
975
1458
1295
612
488
1243
1571
1180
773
271
-74
49
510
630
79
-476
-645
-279
120
-70
-451
-496
-309
-283
-260
-153
-420
-849
-627
61
405
205
-544
-1330
-796
655
740
-304
-693
-839
-1237
-665
411
-304
-1638
-1408
-920
-1127
-1047
-594
-942
-1446
-755
-235
-588
-797
-486
-119
-113
257
362
-555
-858
-135
330
-277
-760
-438
-974
-1529
-841
-267
-826
-1612
-1165
-694
-878
-685
-446
-179
323
1172
2015
2477
3061
3178
2978
3796
5367
6324
5700
4420
3771
3961
5274
6225
5068
2446
414
584
1516
1595
655
-1158
-2874
-3934
-3454
-2213
-2396
-3731
-4846
-4787
-4296
-4000
-3208
-2639
-2656
-2686
-2419
-1788
-1164
-301
154
-143
235
862
850
707
1114
1639
1380
1214
1130
675
662
1203
1689
1289
549
106
-132
329
902
802
337
-268
-867
-849
29
794
294
-1079
-1774
-1097
180
533
-514
-1407
-1183
-801
-735
-363
-160
-1028
-1787
-1089
-241
-487
-827
-844
-1049
-944
-549
-728
-928
-489
-314
-642
-533
-155
-394
-743
-250
292
-147
-694
-530
-368
-521
-523
-565
-955
-1240
-1138
-1001
-890
-676
-679
-943
-897
-478
-184
80
699
1407
1936
2483
2984
3223
3443
3993
4932
5905
5902
4490
3261
3901
5557
6126
4810
2375
356
183
1565
2333
1174
-1051
-3145
-4200
-3370
-1566
-1311
-3250
-5124
-5174
-4269
-3527
-2826
-2575
-3188
-3485
-2852
-2115
-1275
-327
-353
-876
-306
569
271
19
1150
2037
1368
614
656
736
1006
1738
2043
1522
741
165
178
1011
1746
1214
166
-158
-265
-382
319
1033
305
-1118
-1734
-1271
-245
227
-626
-1684
-1613
-1112
-1086
-864
-440
-972
-1781
-1392
-657
-695
-900
-925
-878
-550
-451
-946
-891
40
287
-438
-636
-187
-199
-421
-7
414
-88
-870
-909
-532
-450
-530
-620
-1054
-1609
-1580
-1051
-685
-651
-769
-927
-929
-639
-169
439
1106
1483
1640
2143
2911
3259
3366
4074
5157
5550
5039
4265
3815
4250
5527
6032
4424
1968
705
1037
2143
2554
1094
-1411
-3096
-3322
-2476
-1330
-1411
-3476
-5452
-5111
-3658
-3032
-2898
-2955
-3589
-3896
-3189
-2233
-1352
-664
-891
-1459
-854
393
558
157
769
1584
1183
632
958
1207
1127
1502
1948
1686
1014
624
856
1500
1847
1369
460
22
202
529
871
856
-94
-1303
-1521
-648
247
-10
-1265
-2031
-1691
-1160
-894
-641
-925
-1804
-1865
-970
-564
-820
-1065
-1293
-1200
-426
27
-695
-1267
-542
103
-313
-559
-256
-375
-552
-13
318
-293
-811
-657
-613
-716
-444
-418
-1102
-1575
-1358
-1075
-883
-613
-668
-1030
-951
-451
-106
321
1045
1433
1500
2086
2871
2960
3047
4061
5148
5274
4742
4102
3785
4431
5680
5893
4284
2038
901
1514
2808
2853
1026
-1238
-2466
-2519
-1687
-648
-1063
-3435
-5410
-4969
-3301
-2401
-2595
-3443
-4318
-4287
-3245
-2146
-1590
-1572
-1967
-2131
-1323
-112
295
56
174
605
767
795
944
1123
1365
1579
1504
1377
1412
1269
1236
1896
2356
1652
714
606
1030
1397
1510
1062
-55
-884
-563
211
490
-135
-1627
-2522
-1681
-573
-698
-1361
-1813
-2246
-2152
-1004
-226
-928
-1712
-1629
-1310
-702
4
-341
-1181
-1001
-360
-364
-482
-249
-293
-614
-470
-142
-306
-489
-408
-589
-816
-703
-753
-1033
-1064
-943
-898
-967
-1207
-1218
-678
-244
-539
-927
-466
493
991
1118
1454
1906
2254
2607
3143
3927
4560
4601
4322
4004
3833
4455
5576
5533
3747
1845
1578
2634
3317
2573
623
-1122
-1453
-946
-533
-486
-1507
-3399
-4246
-3365
-2377
-2493
-3157
-3736
-4157
-3903
-2929
-2358
-2488
-2475
-2466
-2538
-1723
-581
-438
-797
-589
-54
242
565
828
913
1150
1149
988
1275
1682
1780
1841
2129
1941
1183
1236
1947
2116
1862
1338
394
-241
201
953
908
176
-1001
-1974
-1705
-561
-3
-951
-2290
-2646
-2168
-1144
-404
-770
-1794
-2385
-1860
-845
-226
-418
-1089
-1317
-978
-388
106
39
-336
-503
-388
-241
-103
143
-8
-529
-629
-470
-658
-947
-766
-602
-1016
-1297
-1144
-1129
-1252
-915
-368
-640
-1171
-783
-204
108
661
992
954
1324
2244
2837
2877
3442
4168
4093
4008
4167
4186
4667
5408
4815
3116
2539
3145
3449
3155
2263
843
-243
-135
287
-65
-759
-1834
-2891
-2787
-2242
-2494
-3207
-3491
-3598
-3896
-3747
-3301
-3238
-3204
-2890
-2904
-3002
-2212
-1332
-1345
-1382
-948
-770
-589
330
1003
771
630
924
1175
1441
2109
2488
2046
1709
1872
2235
2701
2876
2220
1329
1378
1767
1520
1138
919
494
-34
-374
-790
-1030
-778
-867
-1675
-2330
-2168
-2019
-1961
-1502
-1660
-2434
-2514
-1762
-1290
-1166
-1061
-1372
-1617
-1155
-286
18
-194
-341
-476
-357
94
469
308
72
12
-179
-137
-39
-69
-155
-506
-794
-765
-693
-886
-1079
-877
-814
-1186
-1245
-815
-485
-318
-75
101
437
1076
1426
1633
2289
2975
3067
3193
3686
3710
3737
4426
4696
3908
3150
3356
3807
3809
3335
2421
1624
1276
1266
1177
756
154
-809
-1453
-1307
-1474
-2087
-2404
-2714
-3299
-3563
-3417
-3361
-3371
-3367
-3626
-4007
-3705
-2831
-2338
-2311
-2441
-2568
-2028
-864
-228
-287
-329
-75
313
1011
1785
1921
1749
1686
1983
2525
2885
2931
2481
2332
2621
2547
2301
1912
1504
1319
1334
1131
276
-304
-411
-652
-839
-1009
-1510
-2377
-2556
-1874
-1775
-2400
-2715
-2554
-2427
-2197
-1769
-1685
-1911
-1830
-1305
-655
-331
-562
-715
-294
175
331
389
425
333
287
427
427
286
346
184
-309
-341
-151
-489
-824
-636
-704
-1210
-1258
-955
-1045
-1143
-951
-955
-809
-377
53
642
1247
1430
977
1256
2820
3989
4023
3485
3102
3186
4074
5245
5182
3975
2999
3001
3659
4054
3498
2215
1120
992
1168
945
613
-335
-1523
-1878
-1628
-1653
-2390
-3108
-3491
-3623
-3546
-3590
-3636
-3779
-3965
-3996
-3717
-3039
-2797
-2851
-2567
-2180
-1767
-1337
-646
-18
47
-10
344
1148
1824
2073
2164
2185
2127
2319
2977
3509
3299
2631
2264
2386
2606
2594
2190
1564
1053
626
228
136
118
-535
-1516
-1975
-1961
-2136
-2350
-2128
-2250
-3074
-3453
-2862
-2401
-2311
-2087
-2290
-2508
-2018
-1178
-821
-840
-651
-815
-610
289
736
605
235
236
485
756
1076
828
355
42
-74
267
500
73
-630
-822
-677
-759
-724
-648
-957
-1162
-971
-814
-710
-484
-16
479
822
987
681
973
2429
3533
3367
2721
2655
3075
4092
5165
4794
3570
2839
3142
3981
4238
3603
2290
1449
1483
1476
1395
1079
78
-1081
-1421
-1212
-1461
-2018
-2490
-3005
-3481
-3616
-3552
-3497
-3441
-3808
-4404
-4234
-3465
-3080
-3062
-2959
-2862
-2586
-1838
-1052
-701
-586
-461
-190
681
1526
1596
1581
1921
2181
2259
2937
3523
3038
2619
2765
2933
2874
2784
2548
1891
1500
1359
778
294
373
53
-1006
-1677
-1711
-1898
-2181
-2119
-2338
-3212
-3649
-3214
-2770
-2571
-2458
-2776
-3081
-2458
-1463
-977
-984
-938
-778
-553
246
917
871
656
613
915
1206
1259
1115
938
807
469
540
791
287
-365
-461
-310
-537
-765
-808
-1145
-1274
-1135
-1038
-965
-970
-806
-358
243
546
340
452
1415
2360
2625
2508
2416
2633
3350
4281
4321
3401
2907
3364
4163
4318
3583
2589
1945
2079
2500
2387
1606
393
-528
-563
-160
-381
-1451
-2408
-2744
-2808
-2865
-3013
-3289
-3560
-3871
-4187
-3971
-3341
-3189
-3428
-3393
-3209
-2957
-2355
-1558
-1141
-1197
-1091
-653
106
1080
1425
1224
1308
1694
2103
2726
3403
3197
2605
2651
2967
3252
3265
2867
2301
1920
1745
1324
892
718
322
-481
-1022
-1257
-1763
-2165
-2122
-2286
-2915
-3221
-3147
-3102
-2932
-2702
-2718
-2888
-2516
-1828
-1519
-1264
-1023
-889
-410
215
432
457
629
876
1018
1207
1386
1149
980
1216
1214
751
533
681
404
-59
-207
-429
-854
-1027
-755
-852
-1380
-1493
-1473
-1490
-1182
-789
-553
-411
-306
-202
281
1177
1768
1858
1922
2179
2434
2912
3789
4060
3393
2936
3308
3936
4069
3772
3263
2585
2294
2395
2365
1968
1143
380
0
-247
-583
-1051
-1471
-1909
-2466
-2822
-2865
-2935
-3134
-3329
-3573
-3813
-3737
-3303
-2994
-3073
-3202
-3009
-2497
-1872
-1377
-1191
-1195
-918
-127
623
899
898
970
1308
1842
2430
2622
2426
2423
2611
2759
2753
2667
2486
2150
1949
1765
1403
973
555
273
-74
-562
-994
-1341
-1563
-1843
-2257
-2553
-2724
-2760
-2663
-2602
-2657
-2779
-2634
-2190
-1825
-1492
-1284
-1179
-816
-425
-102
282
567
649
686
953
1262
1248
1158
1298
1301
1034
975
1018
760
467
362
129
-246
-431
-511
-732
-937
-1070
-1388
-1641
-1413
-1125
-1183
-1174
-926
-771
-585
-145
235
497
977
1537
1825
1914
2084
2558
3259
3644
3393
2987
3046
3486
3779
3636
3106
2441
2149
2379
2452
1975
1317
709
280
154
21
-358
-838
-1316
-1747
-2049
-2174
-2266
-2539
-2873
-3123
-3322
-3248
-2863
-2713
-2999
-3209
-2959
-2424
-1960
-1749
-1747
-1688
-1344
-800
-275
51
134
249
679
1267
1648
1763
1790
1873
2139
2543
2734
2569
2308
2224
2298
2264
1959
1525
1149
930
758
318
-365
-896
-1115
-1201
-1435
-1938
-2482
-2647
-2417
-2309
-2518
-2683
-2626
-2414
-2078
-1725
-1528
-1548
-1473
-941
-320
-96
-23
151
343
618
1012
1273
1238
1100
1139
1310
1386
1345
1240
1010
715
557
532
419
120
-206
-416
-583
-788
-961
-1053
-1139
-1232
-1233
-1192
-1225
-1164
-869
-490
-224
-115
9
320
790
1280
1537
1571
1720
1978
2237
2530
2643
2509
2449
2578
2631
2481
2422
2427
2130
1796
1673
1476
1228
1064
828
459
91
-153
-403
-674
-769
-989
-1485
-1747
-1754
-1915
-2141
-2210
-2230
-2314
-2326
-2219
-2182
-2173
-2033
-1866
-1688
-1410
-1206
-1180
-1052
-709
-421
-216
49
213
201
347
762
1068
1023
908
1031
1247
1354
1345
1263
1196
1120
1059
1027
923
693
545
538
364
95
-179
-408
-491
-572
-681
-933
-1218
-1322
-1340
-1263
-1168
-1284
-1499
-1437
-1149
-1022
-1022
-891
-722
-680
-569
-296
-109
-59
42
198
316
424
491
485
530
639
690
668
625
579
544
537
558
527
385
229
151
104
32
-60
-163
-266
-370
-472
-517
-461
-361
-349
-428
-474
-392
-187
53
184
151
104
250
571
849
954
947
963
1071
1256
1448
1520
1453
1387
1420
1512
1541
1455
1366
1314
1186
1043
943
813
629
429
295
152
-58
-267
-392
-452
-608
-778
-902
-1040
-1060
-986
-1013
-1212
-1340
-1212
-1090
-1085
-1078
-1090
-1166
-1120
-854
-738
-848
-874
-769
-607
-461
-372
-345
-323
-237
-98
54
166
221
237
277
352
376
403
423
401
379
333
282
240
270
288
128
-5
19
21
-9
32
-6
-203
-312
-210
-102
-147
-242
-278
-307
-334
-317
-301
-327
-370
-391
-369
-350
-394
-467
-455
-318
-234
-297
-344
-299
-212
-125
-62
-12
-23
-71
30
203
259
243
212
211
306
448
522
474
398
438
535
599
610
563
525
558
630
646
532
430
478
549
536
483
358
190
177
328
404
287
91
-15
28
149
223
152
-5
-92
-56
32
84
37
-65
-99
-34
40
51
13
4
69
148
132
66
88
179
213
178
140
80
34
95
189
105
-104
-172
-106
-83
-166
-273
-375
-460
-420
-372
-470
-630
-678
-615
-603
-610
-648
-750
-777
-715
-640
-626
-675
-698
-646
-538
-426
-404
-446
-398
-253
-119
-41
1
17
38
109
210
260
269
270
252
257
289
319
319
293
291
282
267
223
203
245
220
135
88
97
75
22
36
26
-38
-53
-28
-11
-8
0
57
73
76
150
172
212
299
342
375
415
446
449
493
575
585
515
465
476
490
497
480
401
299
256
271
243
175
118
43
-25
-64
-112
-171
-244
-323
-358
-369
-403
-446
-497
-534
-527
-497
-477
-488
-515
-490
-417
-350
-300
-284
-271
-206
-131
-55
37
55
20
76
192
246
223
203
211
218
257
303
269
192
162
193
222
180
108
64
35
27
0
-51
-137
-232
-201
-141
-216
-319
-358
-359
-330
-261
-249
-333
-369
-291
-199
-164
-156
-157
-142
-73
13
55
39
37
68
108
168
186
159
154
180
211
219
219
209
187
203
224
206
184
168
142
115
119
117
70
40
49
18
-35
-40
-33
-44
-42
-22
-47
-55
-2
27
34
58
76
65
85
156
178
149
140
151
157
174
195
177
133
128
154
148
120
89
62
55
46
14
-50
-88
-89
-115
-164
-223
-253
-272
-286
-279
-316
-376
-398
-374
-339
-350
-377
-362
-344
-328
-253
-201
-210
-205
-146
-50
-8
30
67
67
114
180
218
233
226
246
300
346
346
311
282
281
311
324
289
232
177
138
127
132
102
24
-36
-38
-27
-50
-91
-127
-160
-178
-164
-145
-169
-211
-216
-181
-147
-141
-146
-140
-119
-82
-40
-16
-17
-28
-16
15
39
65
84
78
77
88
100
128
127
105
104
94
87
94
91
43
8
18
3
-10
-11
-23
-49
-67
-74
-77
-62
-66
-76
-79
-89
-82
-64
-45
-37
-43
-38
-14
19
48
55
42
50
82
104
106
99
82
72
100
139
124
77
60
63
61
64
71
39
-21
-16
6
-6
-50
-71
-72
-94
-83
-75
-89
-126
-124
-106
-107
-99
-109
-92
-96
-81
-86
-90
-51
-21
-10
-22
-16
-3
29
56
69
53
45
39
40
75
104
86
38
36
67
75
58
42
31
23
33
45
22
-9
-23
-14
-11
-7
-17
-49
-67
-52
-17
-29
-53
-67
-67
-52
-25
-35
-59
-57
-60
-41
-14
-5
-18
-30
-21
14
34
31
27
22
23
33
43
50
55
58
55
50
51
61
77
83
77
70
74
85
95
93
83
75
71
74
81
82
77
71
71
74
74
62
42
34
39
38
29
20
3
-16
-16
-7
-15
-27
-36
-49
-59
-58
-65
-97
-124
-122
-118
-124
-129
-134
-144
-147
-138
-129
-134
-133
-123
-123
-113
-102
-93
-85
-83
-78
-68
-57
-47
-37
-28
-19
-8
-4
3
12
17
24
27
37
35
28
41
56
57
59
71
70
63
68
76
80
81
76
67
72
77
71
81
74
57
62
54
48
44
34
33
25
14
10
2
1
-2
-9
-14
-16
-12
-10
-19
-29
-31
-28
-35
-29
-15
-24
-34
-35
-33
-18
-15
-21
-15
-15
-8
-1
5
10
0
7
25
25
24
20
19
28
41
45
40
35
36
49
60
64
55
42
40
50
57
54
53
38
25
31
28
21
15
8
-11
-13
-3
-11
-21
-25
-32
-45
-53
-44
-48
-65
-67
-64
-65
-64
-59
-55
-65
-67
-61
-59
-48
-45
-54
-54
-52
-44
-39
-39
-34
-31
-28
-21
-17
-14
-21
-21
-6
5
1
-12
-10
3
10
12
6
-1
-2
1
19
25
17
14
18
25
27
33
32
24
31
44
36
32
32
27
32
34
33
20
11
24
28
13
4
2
-3
-9
-2
2
-8
-14
-14
-8
-10
-20
-17
-17
-20
-14
-19
-18
-17
-23
-16
-14
-17
-9
-4
8
11
8
20
19
18
32
35
34
35
43
51
48
49
49
54
61
60
63
57
49
62
68
62
50
36
38
39
32
30
0
0
0
0
0
0
0
0
0
0
0
0
0
0
0
0
0
0
0
0
0
0
0
0
0
0
0
0
0
0
0
0
0
0
0
0
0
0
0
0
0
0
0
0
0
0
0
0
0
0
0
0
0
0
0
0
0
0
0
0
0
0
0
0
0
0
0
0
0
0
0
0
0
0
0
0
0
0
0
0
0
0
0
0
0
0
0
0
0
0
0
0
0
0
0
0
0
0
0
0
0
0
0
0
0
0
0
0
0
0
0
0
0
0
0
0
0
0
0
0
0
0
0
0
0
0
0
0
0
0
0
0
0
0
0
0
0
0
0
0
0
0
0
0
0
0
0
0
0
0
0
0
0
0
0
0
0
0
0
0
0
0
0
0
0
0
0
0
0
0
0
0
0
0
0
0
0
0
0
0
0
0
0
0
0
0
0
0
0
0
0
0
0
0
0
0
0
0
0
0
0
0
0
0
0
0
0
0
0
0
0
0
0
0
0
0
0
0
0
0
0
0
0
0
0
0
0
0
0
0
0
0
0
0
0
0
0
0
0
0
0
0
0
0
0
0
0
0
0
0
0
0
0
0
0
0
0
0
0
0
0
0
0
0
0
0
0
0
0
0
0
0
0
0
0
0
0
0
0
0
0
0
0
0
0
0
0
0
0
0
0
0
0
0
0
0
0
0
0
0
0
0
0
0
0
0
0
0
0
0
0
0
0
0
0
0
0
0
0
0
0
0
0
0
0
0
0
0
0
0
0
0
0
0
0
0
0
0
0
0
0
0
0
0
0
0
0
0
0
0
0
0
0
0
0
0
0
0
0
0
0
0
0
0
0
0
0
0
0
0
0
0
0
0
0
0
0
0
0
0
0
0
0
0
0
0
0
0
0
0
0
0
0
0
0
0
0
0
0
0
