0
0
0
0
0
0
0
0
0
0
0
0
0
0
0
0
0
0
0
0
0
0
0
0
0
0
0
0
0
0
0
0
0
0
0
0
0
0
0
0
0
0
0
0
0
0
0
0
0
0
0
0
0
0
0
0
0
0
0
0
0
0
0
0
0
0
0
0
0
0
0
0
0
0
0
0
0
0
0
0
0
0
0
0
0
0
0
0
0
0
0
0
0
0
0
0
0
0
0
0
0
0
0
0
0
0
0
0
0
0
0
0
0
0
0
0
0
0
0
0
0
0
0
0
0
0
0
0
0
0
0
0
0
0
0
0
0
0
0
0
0
0
0
0
0
0
0
0
0
0
0
0
0
0
0
0
0
0
0
0
0
0
0
0
0
0
0
0
0
0
0
0
0
0
0
0
0
0
0
0
0
0
0
0
0
0
0
0
0
0
0
0
0
0
0
0
0
0
0
0
0
0
0
0
0
0
0
0
0
0
0
0
0
0
0
0
0
0
0
0
0
0
0
0
0
0
0
0
0
0
0
0
0
0
0
0
0
0
0
0
0
0
0
0
0
0
0
0
0
0
0
0
0
0
0
0
0
0
0
0
0
0
0
0
0
0
0
0
0
0
0
0
0
0
0
0
0
0
0
0
0
0
0
0
0
0
0
0
0
0
0
0
0
0
0
0
0
0
0
0
0
0
0
0
0
0
0
0
0
0
0
0
0
0
0
0
0
0
0
0
0
0
0
0
0
0
0
0
0
0
0
0
0
0
0
0
0
0
0
0
0
0
0
0
0
0
0
0
0
0
0
0
0
0
0
0
0
0
0
0
0
0
0
0
0
0
0
0
0
0
0
0
0
0
0
0
0
0
0
0
0
0
0
0
0
0
0
0
0
0
0
0
0
0
0
0
-4
22
52
80
97
116
156
179
189
195
214
232
227
234
254
261
253
256
258
238
210
197
187
167
144
129
135
133
107
82
61
48
45
29
1
-6
-23
-35
-34
-21
-1
-8
3
4
8
19
3
13
24
36
42
40
41
27
24
16
-14
-39
-54
-84
-99
-117
-137
-158
-178
-165
-184
-221
-255
-274
-291
-328
-328
-351
-381
-400
-419
-429
-456
-460
-452
-434
-419
-422
-416
-388
-377
-373
-342
-327
-311
-300
-282
-252
-253
-226
-171
-140
-124
-118
-112
-103
-80
-64
-53
-43
-23
7
33
82
128
169
218
234
263
282
280
300
306
329
341
327
370
407
419
454
471
494
533
554
585
642
672
691
755
798
809
848
890
910
920
959
1002
1022
1033
1037
1052
1043
1035
1014
979
934
846
804
749
633
542
465
355
216
114
-5
-165
-315
-482
-662
-822
-958
-1083
-1199
-1314
-1407
-1480
-1577
-1644
-1663
-1701
-1739
-1729
-1709
-1693
-1656
-1605
-1555
-1486
-1404
-1330
-1242
-1146
-1077
-1004
-935
-861
-752
-682
-619
-494
-404
-347
-236
-139
-101
-74
-31
74
123
97
134
190
159
122
210
235
194
270
284
261
316
380
393
352
346
333
304
309
333
368
339
335
389
423
488
543
621
691
719
802
874
962
1052
1150
1375
1589
1810
2050
2211
2375
2538
2685
2827
2940
2999
2992
2917
2783
2632
2453
2204
1855
1505
1177
775
412
77
-394
-882
-1304
-1731
-2105
-2425
-2752
-3050
-3319
-3515
-3566
-3578
-3586
-3517
-3416
-3296
-3067
-2776
-2490
-2196
-1944
-1656
-1287
-937
-607
-229
146
396
683
1051
1265
1444
1614
1677
1717
1693
1669
1644
1525
1387
1242
1089
925
758
587
362
126
-105
-375
-680
-970
-1211
-1439
-1663
-1808
-1856
-1894
-1942
-1930
-1858
-1808
-1777
-1679
-1521
-1361
-1161
-877
-591
-379
-153
121
335
473
654
849
975
1090
1208
1248
1249
1250
1170
1042
969
871
715
622
558
423
294
190
20
-162
-258
-335
-421
-450
-461
-512
-557
-565
-578
-584
-546
-462
-319
-98
170
448
725
989
1256
1562
1906
2259
2593
2897
3164
3387
3583
3732
3795
3794
3722
3561
3367
3172
2906
2529
2110
1651
1097
570
144
-396
-947
-1403
-1934
-2403
-2744
-3050
-3348
-3597
-3850
-4045
-4060
-4127
-4109
-4018
-3944
-3749
-3582
-3214
-2952
-2802
-2289
-2111
-1801
-1087
-873
-451
252
492
796
1394
1648
1734
2237
2412
2215
2573
2651
2164
2272
2227
1527
1367
1241
630
452
343
-112
-309
-507
-935
-1084
-1217
-1549
-1583
-1573
-1816
-1759
-1574
-1687
-1571
-1284
-1291
-1178
-838
-674
-521
-271
-99
15
64
182
444
512
573
918
988
837
1058
1135
829
843
933
660
579
711
575
431
402
243
72
0
-94
-227
-246
-332
-573
-542
-512
-842
-811
-678
-1044
-904
-648
-904
-801
-675
-797
-759
-498
-357
-233
329
642
813
1416
1780
1918
2418
2804
2895
3277
3616
3728
3902
4022
4049
3841
3702
3600
3142
2900
2631
1958
1579
1187
389
153
-169
-1113
-1087
-1347
-2210
-2048
-2352
-3105
-2977
-3197
-3810
-3397
-3423
-3962
-3284
-3264
-3662
-3014
-2884
-2954
-2360
-2018
-1903
-1259
-856
-825
-120
212
116
778
1201
1043
1328
1898
1593
1317
1816
1427
1017
1233
983
857
701
534
588
63
-151
-136
-766
-864
-801
-1204
-1187
-1061
-1393
-1286
-1283
-1384
-1153
-1171
-826
-663
-625
-340
-339
-432
-145
-214
-409
87
-80
12
409
178
333
659
469
432
897
519
461
916
773
752
792
841
791
512
584
778
471
434
580
251
127
171
-40
-8
-83
-439
-297
-288
-722
-551
-437
-871
-765
-574
-901
-920
-482
-767
-562
-6
-318
250
709
673
1102
1406
1659
1945
2170
2614
2750
2755
3058
2984
3212
3160
3007
3131
2810
2683
2441
2273
1939
1428
1447
930
332
346
253
-456
-1006
-393
-1350
-2608
-1310
-2215
-3763
-2217
-2758
-4276
-2682
-2494
-4284
-2683
-1886
-4076
-2530
-1136
-3126
-2217
-204
-1839
-1687
733
-537
-875
1437
538
-208
1625
1292
345
1370
1682
450
741
1374
316
188
716
216
-482
-84
-212
-1145
-721
-786
-1396
-996
-1038
-1215
-1071
-1052
-848
-1251
-724
-165
-1155
-446
224
-992
-592
570
-494
-384
1123
40
-343
1278
99
-753
1209
281
-667
1051
866
-167
874
1549
269
812
1769
418
731
1692
631
580
1410
696
269
1207
844
-49
681
935
-149
-4
794
-370
-691
197
-749
-988
-205
-885
-1108
-339
-797
-975
-318
-440
-378
-77
144
477
557
624
1178
1313
1099
2114
2091
1487
2670
2683
1997
2571
3053
2387
1994
3054
2345
1510
2466
1961
1272
1463
1188
339
470
359
-997
-225
-666
-1951
-779
-1745
-2353
-1780
-2442
-2610
-2624
-2517
-3023
-2480
-2420
-3250
-1735
-2174
-2861
-889
-1607
-1933
-58
-1020
-846
650
-532
-17
947
-87
325
1224
605
169
1146
776
-167
809
349
-533
368
-279
-1247
-57
-484
-1903
-219
-532
-2024
-445
-699
-1753
-1111
-858
-1396
-1344
-1080
-1091
-761
-1198
-884
-114
-805
-591
136
60
-240
50
690
175
296
885
535
809
1049
1081
1421
1408
1388
1525
1794
1260
1377
1765
983
1363
1439
591
1028
990
263
398
204
102
-267
-458
-47
-568
-704
-130
-274
-928
-213
-16
-994
-418
49
-779
-846
238
-565
-685
798
-343
111
1260
119
959
1596
687
1538
2080
1374
1868
2639
2197
1760
2924
2891
1294
2645
2926
1017
1881
2372
1196
405
1538
891
-1201
924
-272
-1685
-64
-1491
-1365
-1524
-2164
-1479
-2370
-2607
-1779
-2273
-2667
-1943
-1980
-1892
-2260
-1551
-791
-2250
-907
16
-1556
-489
536
-744
-218
445
-187
250
-266
211
603
-1046
261
787
-1539
-114
726
-1589
-455
209
-924
-910
-767
-250
-1328
-1169
-253
-1385
-1032
-453
-1279
-732
-302
-1436
-356
-137
-1456
-409
302
-963
-846
843
-791
-693
799
-454
-37
174
419
246
203
1052
317
752
1419
807
1061
1806
963
896
1532
767
824
946
994
698
529
1068
263
484
832
-146
563
569
-409
542
449
-665
218
273
-713
-266
-192
-289
-597
-722
317
-497
-1017
718
101
-857
1109
565
-156
1387
682
1048
1405
1289
1850
1055
2329
1899
906
3047
1683
857
2862
1531
736
2305
1203
388
1779
483
-179
844
-303
-820
-358
-535
-1248
-1177
-882
-1480
-1808
-1623
-1235
-2055
-1973
-1079
-1599
-1878
-1083
-602
-2064
-1014
230
-2259
-499
999
-2334
-273
1708
-2134
-289
1992
-1667
-265
1289
-1082
-216
304
-574
-721
41
-523
-1365
342
-789
-1358
8
-607
-965
-1176
-261
-749
-2018
-333
-194
-1776
-873
369
-1337
-1451
592
-1142
-1576
696
-760
-944
645
-575
-644
509
-149
-651
821
601
-377
1056
996
119
722
1253
507
586
1512
501
774
1562
635
451
1474
1229
125
1332
1597
153
461
1287
324
-128
725
346
-231
23
305
-509
-8
242
-615
439
-287
-411
283
-374
-61
136
230
-201
386
603
-184
996
589
196
1899
753
721
2612
981
1431
2418
1164
2044
1585
1218
2067
1085
773
1386
1071
181
339
1082
-134
-753
803
-234
-1781
253
-375
-2132
-513
-955
-1582
-1463
-1373
-1323
-1566
-1560
-1490
-757
-1756
-1185
-427
-1264
-823
-522
-416
-752
-332
-64
-507
-397
76
-252
-517
72
-145
-108
-368
-37
168
-903
-245
441
-1081
-642
573
-917
-1317
223
-698
-1842
-156
-660
-1516
-502
-1026
-719
-906
-1537
-138
-1090
-1310
-174
-301
-729
-665
67
-210
-523
-231
548
-70
-378
324
766
-236
-123
1871
-285
316
1999
-119
913
1796
97
1001
1575
378
789
968
965
266
467
1231
183
182
591
855
-92
-384
1384
-509
-669
1109
-373
-184
41
16
-44
-130
-19
292
392
-490
837
486
77
858
267
1444
801
-14
2601
1088
122
2521
1572
908
1176
2299
1329
359
2197
1304
433
1214
1213
-18
725
1089
-848
237
1007
-1391
-918
1018
-1727
-1935
684
-1692
-2095
-228
-1560
-1828
-737
-1227
-2092
-201
-786
-2390
283
-435
-1737
-571
613
-1286
-894
870
-616
129
-709
527
468
-1550
790
691
-1242
-11
868
-1049
-390
345
-486
-471
-118
-499
-762
-277
-1014
-888
-371
-657
-1956
-264
-269
-2475
-357
-306
-1657
-1066
-791
-688
-1039
-1185
-133
-322
-1116
-681
97
-96
-1125
345
1066
-905
277
1291
74
293
834
942
514
550
946
1045
811
336
1548
713
-43
1790
330
4
1877
321
-333
1550
168
-599
977
255
105
-160
249
596
-1010
141
833
-981
-116
1159
-722
105
1420
-364
439
1554
-10
581
2147
288
790
2613
727
1154
1792
1593
1365
723
2791
611
1006
2661
185
1070
1493
526
53
721
758
-851
47
815
-1477
-678
20
-1474
-1287
-632
-873
-2161
-551
-666
-2324
-37
-708
-1652
-443
-676
-719
-1228
-238
269
-1484
-234
620
-1030
-377
462
-224
-112
289
-107
215
435
-806
34
829
-959
-964
837
-260
-2057
145
-230
-2076
-615
-743
-1112
-925
-744
-987
-1183
-542
-1934
-1109
-108
-2101
-912
-14
-1323
-1427
-773
-298
-1807
-785
959
-1431
-228
626
-676
-70
46
1096
-369
158
2118
-488
-211
2315
97
-572
2219
876
-308
1263
1084
151
824
1045
686
450
770
558
-186
702
605
-312
477
604
-445
369
72
-464
676
-213
-905
1234
187
-944
1488
501
105
528
1085
1236
-226
1735
1428
301
1723
1558
1549
807
1540
1850
994
2066
1293
1771
1964
448
1025
2056
61
-546
1987
-503
-961
943
-781
-740
-395
-1332
-1220
-631
-1606
-831
-515
-1609
-840
-1576
-1045
-798
-1949
-335
-212
-1787
-572
353
-1147
-721
253
-217
-478
-621
685
873
-1272
158
1569
-1154
-729
1463
-161
-751
593
-196
-561
-20
-746
-721
-340
-964
-743
-1044
-844
-997
-1478
-1211
-1270
-546
-2413
-1149
176
-2368
-1416
-506
-1099
-1568
-1134
-76
5
-1982
-206
1459
-1663
-515
1591
302
-902
485
1576
17
-523
1299
990
-630
621
1308
17
739
742
515
1150
395
688
298
986
468
-111
1170
-229
383
595
-999
1085
447
-1876
984
529
-1659
607
1254
-301
-146
1319
1341
-208
988
2602
690
1042
2626
2134
2096
1799
2061
2490
1534
1616
2754
2299
1284
1874
2466
1059
-168
1484
1533
-1109
-58
1146
-1265
-1348
143
-1478
-1917
-362
-1797
-2120
-502
-1035
-3345
-1188
163
-3925
-1253
583
-3538
-1218
573
-2435
-681
340
-1440
-302
-87
-507
-283
224
870
-207
140
1554
-44
-1018
1454
429
-1612
1203
859
-1175
166
9
-1010
-1046
-447
-226
-1308
-1537
-858
-901
-1969
-1793
-1102
-1157
-2161
-2066
123
-1371
-2167
-322
-395
-1500
-760
420
-757
-539
325
-462
-345
860
-132
-80
1688
525
-438
889
851
-337
611
1098
580
466
345
191
-147
7
293
416
423
-21
-914
-188
625
-1327
-57
2219
-560
-1117
549
-167
-1522
-85
2102
89
306
2239
429
305
1839
1869
2092
3323
3397
2339
3194
3751
2124
2406
3667
3048
2570
2844
3253
2037
483
1475
1254
58
386
394
264
-930
-1568
-586
-1710
-2153
-1739
-1836
-1238
-2708
-1923
-1340
-3581
-1897
-1480
-2532
-894
-612
-2297
-1826
-578
-1995
-1270
268
-150
-233
-221
181
63
348
1139
795
518
1259
1159
-56
690
1162
-229
130
572
-437
-339
-140
-687
-974
-711
-887
-1762
-897
-918
-2504
-2034
-1540
-2156
-2339
-1602
-1447
-1997
-2207
-2073
-1377
-1778
-1433
270
-105
-960
-263
696
353
-262
1101
1714
-56
265
1150
-27
21
588
636
562
619
1032
317
135
471
-536
-458
374
3
-259
-132
-34
-608
-1403
-906
-1050
-1499
-499
-137
321
1099
492
598
1041
664
1613
3265
3878
3702
3686
3808
3157
3115
4050
4183
4275
4157
3650
3761
3020
2200
2053
1557
1243
1092
919
565
196
-1025
-2394
-1748
-1751
-2983
-2346
-1965
-2907
-2891
-3406
-3047
-2307
-3451
-2404
-1164
-1926
-1993
-1521
-1556
-2200
-1504
-520
-183
304
-415
-708
-272
-523
538
2094
2338
2393
1839
846
725
1106
1308
1747
2507
2000
951
410
-436
-969
-1345
-1135
-655
-1339
-1356
-1419
-2682
-3377
-3223
-2396
-2342
-2180
-998
-2090
-3477
-2359
-2044
-2626
-1879
-1258
-1258
-1227
-1064
97
520
-841
-466
942
-162
-97
2653
2221
-625
-160
1176
-449
-678
1694
1417
-543
-426
-184
-562
-404
-59
1383
1290
-817
-1850
-2563
-2181
-1766
-82
3409
2461
400
103
-893
49
2399
5041
6821
6013
4153
2863
3619
4386
4281
5804
7051
5583
3762
4038
3407
571
-157
1631
2227
1591
1742
1126
-1436
-3465
-3195
-1693
-1011
-1377
-1997
-2963
-4672
-5592
-4617
-4071
-3752
-2668
-2032
-2173
-2381
-2110
-2918
-2606
-725
-459
663
1219
209
-359
-1679
-838
907
1363
2580
2871
2302
547
-828
444
1114
1539
2663
3112
2546
2
-1283
324
-448
-1110
1408
1277
-1026
-2255
-3287
-3830
-3416
-2768
-1570
-637
-1266
-2532
-3398
-2620
-2814
-3200
-1190
-44
60
-726
-984
-528
-1119
-963
611
1840
1292
1218
1213
252
-585
-572
764
1194
1107
660
-400
-841
-1196
-1396
-773
-75
-240
-477
-904
-998
-1135
-1897
-2052
-2310
-1748
-1069
-721
1251
2007
731
-189
-143
1189
3601
6815
8181
6398
4661
3446
3848
6525
8161
8717
8004
5649
3697
3123
3577
3280
2328
2272
2361
1105
76
-480
-2669
-4243
-3369
-1907
-1660
-2318
-3948
-6364
-7203
-6631
-4545
-2789
-3603
-3957
-4570
-5247
-4537
-4280
-2600
-1240
-1865
-1066
-238
-726
-622
-449
-682
117
1485
2809
3271
3123
2967
1699
1964
3298
3815
5202
5735
3945
1545
540
730
1030
1358
1488
518
-1377
-2704
-3702
-4053
-3580
-3542
-3435
-3342
-3866
-4432
-4798
-4794
-4231
-2944
-1840
-2326
-2632
-1925
-2630
-2696
-475
296
181
909
1035
436
-258
236
1245
1360
1060
553
375
-117
-337
168
-450
-523
30
-172
-460
-2121
-3842
-3130
-1546
-200
1734
2942
2604
1300
-493
585
4341
7574
9601
8736
5182
2688
4570
8244
9426
10064
9687
5990
2200
1956
4836
5933
3706
1887
1291
681
-359
-1484
-2277
-3068
-3538
-3211
-3054
-3723
-5255
-7156
-7650
-6167
-3913
-3188
-4667
-5673
-5653
-6245
-5757
-3502
-2266
-2260
-2382
-2066
-1987
-1826
-379
293
429
906
1304
1610
1699
2470
3204
3474
2900
2787
4275
4622
4467
4290
3431
2455
1587
2342
2402
998
515
266
-397
-1945
-2710
-2923
-3729
-3356
-3291
-3990
-3946
-3926
-4756
-5023
-3726
-2458
-2316
-2865
-2943
-2818
-2914
-2205
-691
503
62
-848
-179
440
108
393
644
196
275
431
-293
-1284
-1401
-588
-382
63
942
348
-1256
-2921
-3451
-3079
-1815
530
2110
3307
3665
2060
389
1381
5096
8404
9527
8637
6207
3985
4875
8308
9854
9106
8777
7236
3520
2616
5167
5483
3307
1918
912
84
149
-543
-2497
-3633
-3538
-3332
-3929
-4907
-4981
-5004
-6158
-6722
-4745
-3407
-5097
-6394
-5337
-4325
-4871
-4162
-3275
-4084
-3907
-3302
-2607
-1020
-107
-973
-1721
-630
876
1417
1786
2788
2699
1928
1386
1498
3588
5260
5479
5229
4271
2276
718
2175
4102
3698
2483
882
-950
-2187
-2735
-1751
-597
-1891
-3558
-4142
-4724
-4517
-3743
-3067
-2976
-3277
-3027
-3858
-4607
-3473
-2539
-1822
-899
-643
-1643
-2593
-1753
-875
-18
1064
484
-840
-1714
-1530
-578
-239
-24
69
-623
-932
-148
395
69
-679
-1451
-1616
-1253
-246
1398
2814
4130
4507
2928
1935
3396
6076
9218
10460
7794
4794
4529
6711
8742
8619
8149
7576
5376
2268
2180
4729
4491
2117
771
728
379
-1332
-3249
-4395
-3865
-2411
-2492
-3822
-4224
-4628
-6026
-6254
-4483
-2953
-3211
-4526
-5767
-5713
-4876
-4157
-3678
-3368
-3281
-3540
-2645
-1635
-1260
-1287
-1716
-1148
-199
1273
1757
1168
1715
1615
1085
1637
3142
4424
5037
5470
4419
2423
1150
1852
3950
4652
3575
1173
-799
-1693
-2228
-1094
-249
-1294
-2601
-3640
-4269
-3799
-3277
-3502
-3340
-3161
-3014
-3577
-4173
-3258
-2760
-2543
-1874
-1411
-1438
-1852
-2101
-1720
-481
50
-690
-1141
-991
-965
-889
-689
-789
-765
-818
-1151
-546
571
304
-550
-1003
-1571
-1550
-509
946
2706
4960
5823
4170
1985
1804
4507
8008
10981
10957
7179
4404
4360
6223
8411
9367
9340
7299
3183
885
2665
4316
3140
1923
1528
436
-976
-2486
-3898
-3626
-2256
-1805
-2996
-4735
-5779
-5840
-5859
-5522
-3390
-2466
-4087
-5827
-5772
-4019
-3436
-3615
-3437
-3478
-3081
-2631
-2643
-1920
-723
-1048
-1793
-850
728
962
751
1615
2835
2762
1272
1447
3097
4044
4715
4729
3960
2075
917
2645
3950
3358
2072
-97
-1604
-1496
-1300
-1080
-606
-1563
-3202
-3792
-3811
-3394
-3176
-3472
-3290
-2706
-3014
-3842
-3797
-3387
-2619
-1937
-1959
-1723
-1826
-2060
-1327
-593
-183
-265
-1329
-1813
-1220
-833
-801
-1195
-1616
-1219
-385
98
-213
-544
-522
-1167
-1671
-793
493
1233
2063
3562
4792
4067
2272
2756
5186
7670
10018
10187
7453
4765
4831
6838
7814
8056
8634
7097
3463
1419
2287
3697
3078
1650
858
-105
-1233
-2537
-3612
-3440
-2212
-1668
-3372
-5174
-5160
-5094
-5489
-5130
-3883
-3043
-3790
-5322
-5330
-3985
-3372
-3296
-3433
-3143
-2458
-2273
-1816
-1161
-643
-880
-1359
-679
610
1608
1619
1438
2034
2575
2205
2013
3077
4419
5009
4763
3905
2142
1007
1924
3067
3421
2724
919
-1121
-2553
-2362
-1380
-951
-1308
-2718
-3973
-4083
-3795
-3682
-3415
-2733
-2625
-3438
-3918
-3616
-3209
-2629
-1794
-1548
-2046
-2339
-2163
-1928
-1394
-586
-138
-662
-1388
-1271
-679
-443
-1251
-1737
-1018
-42
344
-85
-200
-518
-1435
-1752
-805
1111
2179
2877
3928
3668
2456
2221
4212
6895
8569
9384
8265
6200
5857
7142
7800
7327
7487
7592
5874
3080
2110
3556
3744
1935
611
11
79
-446
-2794
-4201
-3948
-3088
-2875
-4556
-5472
-5309
-5961
-6590
-5868
-4288
-3996
-4977
-5424
-4623
-3738
-3820
-4020
-3402
-2315
-1775
-1699
-1582
-1204
-668
-768
-856
355
2204
2842
1793
1565
2872
3194
2590
2448
3641
5405
5599
4663
2933
1662
2030
2415
2828
3082
2264
229
-2107
-2903
-2339
-1450
-934
-1686
-3276
-3934
-3757
-3999
-3886
-2971
-2422
-2915
-3948
-4130
-3347
-2984
-2660
-1956
-1964
-2124
-1913
-2140
-2188
-1316
-458
-604
-1373
-1682
-1491
-1509
-1695
-1595
-1057
-535
-408
-262
-100
-526
-1499
-1824
-640
1049
1801
2431
4081
5013
3665
2028
3857
7956
10256
9984
7834
6110
6149
7549
8701
8220
7917
7387
5396
3048
2270
3499
3662
2003
254
-785
-505
-468
-2221
-4092
-4756
-4207
-3529
-4807
-6113
-5808
-6521
-7719
-7560
-5847
-3875
-4227
-5229
-5071
-4488
-4009
-4089
-3136
-1391
-426
-298
-1057
-992
-97
172
263
691
2217
3369
2700
2198
2875
3977
4002
3206
3661
5149
6168
5256
2867
1161
974
1939
2524
1936
1012
60
-1623
-3813
-4207
-2337
-1144
-2154
-3584
-4034
-4172
-4449
-4269
-3265
-2132
-2065
-3220
-4122
-3601
-2539
-2242
-2357
-1948
-1280
-1210
-1774
-2083
-1538
-687
-629
-1464
-1869
-1325
-938
-1333
-1528
-925
-240
6
-71
-585
-1681
-2195
-1437
282
2504
4529
5328
3678
1516
1750
4992
9655
12576
11998
7825
3859
4404
8109
11055
11027
9565
7389
3688
1202
2238
4664
4598
1828
-446
-1621
-2490
-2909
-3192
-3728
-4565
-5430
-6269
-6876
-6633
-6182
-6622
-7538
-7674
-6805
-5776
-5065
-4228
-3490
-3707
-4276
-4267
-2727
-491
500
1020
997
202
-22
820
2098
2932
3352
3466
3766
3847
3610
3768
3552
3451
3965
4729
5134
4230
2375
263
-356
985
1689
668
-828
-1486
-2247
-3817
-4319
-3385
-2608
-2949
-3450
-3259
-3313
-3738
-3912
-3513
-2542
-1734
-1702
-2298
-2848
-2608
-1763
-1521
-1715
-1401
-1084
-1116
-1406
-1605
-1465
-1080
-1001
-1516
-1394
-1232
-1462
-1172
-579
-174
-494
-984
-1587
-2144
-1957
-810
1093
3000
4823
4830
2928
1785
2882
6667
10719
12492
11209
7760
5503
5974
8160
9970
10739
10571
7741
3273
772
1899
3953
3531
1376
-669
-1976
-3200
-4421
-4966
-4976
-4945
-5615
-7173
-8296
-7765
-7200
-7411
-7314
-7021
-6573
-6165
-5277
-3495
-2548
-2991
-3657
-3427
-1885
-63
1495
2701
2583
1543
857
1057
2155
3387
4797
6018
5606
4226
3087
2826
3143
3092
4020
5623
5550
3590
490
-1768
-1617
-237
320
-450
-902
-1581
-4103
-6140
-5583
-3592
-2494
-2793
-3091
-3440
-3672
-3434
-3559
-3478
-2279
-728
-785
-2365
-2877
-2050
-1623
-1566
-804
102
-177
-1275
-1900
-1757
-1275
-806
-835
-1405
-1813
-1670
-1257
-767
-141
217
-518
-2241
-3229
-2163
-122
1404
2893
4824
5445
3437
1092
1909
6292
11123
12980
11214
7976
5641
5397
7233
9646
11318
11167
8267
3696
389
1130
3719
3790
1783
50
-1141
-2998
-5006
-5400
-5273
-5926
-6484
-7077
-7808
-8093
-8067
-8107
-8412
-7339
-5356
-4878
-5129
-4612
-3317
-2983
-3274
-2236
-705
110
507
1683
2903
2652
1786
1702
2511
3393
4349
5574
6258
5838
4763
3576
2533
2310
3300
4750
5269
3883
882
-1863
-2453
-1459
-959
-1320
-1482
-1772
-3339
-5386
-5934
-4862
-3754
-3308
-3035
-2802
-2854
-3105
-3420
-3653
-3164
-1643
-241
-402
-1622
-2217
-1926
-1556
-988
126
789
-67
-1443
-1881
-1690
-1447
-1185
-1151
-1228
-1224
-1230
-1051
-729
-415
-330
-1129
-2273
-2204
-816
936
2772
4616
5273
3568
1084
1139
4739
9483
12054
10972
7624
5007
5017
6861
8638
9638
9817
8327
4749
1176
446
2206
3290
2182
298
-1171
-2615
-4164
-5182
-5633
-5955
-6073
-6024
-6406
-7151
-7352
-6954
-6766
-6640
-5700
-4199
-3139
-2625
-2295
-2396
-2826
-2467
-822
1040
2076
2330
2104
1581
1296
1860
3061
3984
4264
4464
4990
5349
4921
3904
2793
1843
1787
3105
4536
4103
1383
-1668
-2765
-2209
-1773
-1853
-1940
-2235
-3441
-5220
-5969
-5108
-3914
-3407
-3273
-2891
-2296
-1919
-2046
-2556
-2744
-2094
-1013
-238
-193
-693
-1073
-992
-655
-245
241
532
139
-558
-673
-536
-872
-1355
-1525
-1333
-786
-222
50
139
-71
-765
-1649
-2151
-1637
-90
1738
3304
4173
3695
2125
953
1697
4660
8306
10113
8763
5636
3599
4004
5797
7322
7692
6840
5210
3285
1580
814
1137
1505
922
-260
-1183
-1783
-2507
-3514
-4537
-5135
-5164
-4915
-4715
-4829
-5171
-5123
-4675
-4498
-4393
-3725
-2718
-1707
-892
-884
-1581
-1883
-1132
309
1478
1925
1961
1716
1420
1352
1241
1351
2202
3342
4019
3946
3360
2451
1175
326
934
2634
3685
2632
203
-1814
-2804
-2821
-2180
-1512
-1291
-1979
-3338
-4416
-4856
-4562
-3514
-2385
-1784
-1672
-1611
-1300
-1096
-1221
-1191
-718
-187
-56
-213
-90
433
865
913
606
69
-308
-185
322
832
833
91
-917
-1576
-1577
-874
-73
143
41
-2
-234
-656
-1032
-1462
-1823
-1684
-1262
-1090
-596
1165
3168
3310
1554
-228
-469
1394
4511
6701
6640
5122
3594
2801
2818
3533
4732
5587
5230
4015
2724
1696
1215
1104
950
764
418
-115
-578
-1201
-2028
-2661
-3117
-3435
-3286
-2603
-1892
-1729
-2164
-2931
-3587
-3465
-2539
-1486
-749
-607
-1260
-2185
-2422
-1638
-256
1018
1431
668
-587
-1218
-761
428
1696
2539
2718
2112
877
-233
-427
420
1870
3027
2866
1228
-862
-1989
-1515
-307
216
-318
-1361
-2362
-2850
-2582
-2015
-1795
-1846
-1715
-1435
-1386
-1339
-637
369
604
-23
-725
-865
-281
649
1362
1391
605
-361
-717
-330
405
945
1108
863
-73
-1341
-1846
-1181
-79
412
-35
-862
-1586
-2039
-1808
-760
458
942
120
-1620
-3062
-3306
-2068
286
2516
3523
3004
1093
-1241
-1989
211
4088
6807
6967
5182
2898
1618
2032
3578
4884
4992
4316
3527
2610
1729
1345
1406
1234
495
-170
-313
-319
-435
-734
-1407
-2315
-2980
-3076
-2681
-1945
-1140
-991
-1749
-2758
-3407
-3361
-2436
-987
99
87
-806
-1678
-1878
-1324
-479
46
111
-59
-181
-145
-46
269
944
1620
1771
1225
361
-247
-401
-94
647
1267
992
-77
-925
-954
-620
-529
-815
-1374
-1861
-1751
-1070
-562
-668
-1017
-1236
-1263
-982
-426
66
276
313
196
-198
-630
-636
-246
183
435
386
156
-156
-429
-542
-769
-790
-269
110
-108
-775
-1408
-1580
-1317
-837
-582
-714
-893
-713
-70
575
653
-92
-1418
-2543
-2719
-1640
315
2304
3403
2889
849
-1268
-1525
606
3739
5969
6235
4689
2579
1394
1840
3204
4171
4170
3396
2561
2128
2142
2245
1752
629
-504
-918
-397
518
917
199
-1309
-2572
-2794
-2325
-1765
-1393
-1326
-1448
-1718
-1840
-1666
-1474
-1364
-1439
-1498
-1234
-896
-610
-272
1
15
-295
-808
-1157
-1113
-810
-262
448
1024
1269
1012
236
-775
-1425
-1124
57
1415
2035
1391
17
-1155
-1659
-1300
-298
575
645
0
-607
-749
-715
-657
-481
-322
-201
12
118
5
-83
-115
-343
-764
-1051
-1010
-806
-632
-588
-730
-862
-873
-846
-732
-536
-402
-384
-534
-805
-1005
-974
-770
-656
-732
-876
-1012
-957
-496
263
848
764
-12
-1062
-1922
-2189
-1623
-147
1902
3507
3735
2403
279
-845
260
2865
5305
6257
5374
3661
2630
2797
3406
3660
3569
3296
2805
2315
2061
1815
1223
341
-468
-972
-1158
-1049
-848
-901
-1290
-1868
-2529
-3053
-3123
-2618
-1816
-1217
-1099
-1432
-1935
-2073
-1670
-1133
-796
-763
-991
-1045
-496
384
819
408
-474
-1208
-1414
-998
-204
509
851
841
588
151
-361
-737
-744
-233
642
1308
1269
643
-46
-394
-355
-174
-139
-281
-315
0
422
530
280
-118
-492
-637
-520
-308
-40
203
243
28
-620
-1617
-2313
-2285
-1554
-496
98
-172
-941
-1661
-1999
-1898
-1411
-839
-701
-958
-1150
-1120
-935
-906
-1352
-1960
-2043
-1291
-62
865
890
-18
-1314
-2179
-2060
-953
803
2736
4161
4331
3227
1945
1761
2986
4874
6208
6112
4897
3910
4120
5006
5295
4479
2979
1510
780
957
1322
1049
93
-891
-1482
-1938
-2401
-2689
-2861
-2994
-2975
-2914
-2907
-2766
-2526
-2329
-2119
-1812
-1367
-768
-146
302
453
204
-337
-841
-864
-348
388
1039
1279
921
14
-800
-1178
-1122
-807
-596
-328
-191
-73
-135
-626
-1240
-1706
-1280
-267
579
609
53
-277
-245
299
837
1138
887
327
317
588
846
812
582
239
-111
-110
73
152
-3
-259
-659
-1195
-1640
-1836
-1724
-1491
-1243
-1186
-1584
-2020
-1887
-1324
-832
-768
-1228
-1893
-2287
-2072
-1451
-1111
-1308
-1601
-1544
-1072
-374
244
419
-89
-997
-1572
-1413
-560
940
2881
4603
5258
4753
4043
3954
4595
5706
6507
6298
5480
4930
4973
5225
5016
4130
2809
1233
-261
-1104
-1248
-1265
-1532
-1906
-2262
-2802
-3509
-3950
-4058
-4079
-3887
-3267
-2474
-1886
-1412
-868
-443
-90
485
972
964
808
817
811
763
823
850
725
633
598
478
-16
-955
-1868
-2385
-2607
-2540
-2233
-2107
-2055
-2171
-2470
-2514
-2170
-1248
-272
374
582
541
704
1088
1952
2692
2847
2469
1853
1583
1505
1654
1753
1531
1051
343
-299
-852
-1218
-1302
-1249
-1328
-1667
-2040
-2251
-2290
-2254
-2187
-2177
-2183
-1980
-1528
-1071
-806
-689
-666
-770
-970
-1135
-1212
-1236
-1212
-1229
-1391
-1546
-1376
-821
-206
99
-40
-616
-1436
-2060
-2088
-1316
217
2301
4496
5923
6122
5645
5257
5503
6358
7001
6891
6261
5633
5423
5331
4775
3813
2606
1025
-806
-2356
-3183
-3373
-3284
-3161
-3233
-3590
-3973
-4132
-4186
-4309
-4276
-3738
-2769
-1731
-719
380
1491
2330
2670
2483
1897
1254
1071
1370
1637
1661
1472
920
60
-779
-1406
-2006
-2867
-3778
-4313
-4485
-4346
-3821
-3153
-2604
-2156
-1951
-2137
-2315
-1866
-608
948
2067
2571
2871
3347
3995
4474
4360
3601
2729
2117
1579
1140
971
825
429
-372
-1512
-2541
-3106
-3057
-2718
-2761
-3088
-3153
-2873
-2411
-1991
-1666
-1389
-1250
-1014
-527
-86
285
686
1006
1110
924
613
190
-557
-1334
-1748
-1963
-2088
-1939
-1514
-1009
-639
-552
-920
-1913
-3167
-3996
-4118
-3181
-770
2584
5649
7357
7458
6913
6886
7585
8379
8396
7394
6191
5685
5798
5838
5315
4113
2324
76
-2318
-4204
-5094
-5088
-4702
-4517
-4691
-4760
-4357
-3754
-3439
-3629
-4093
-4156
-3313
-1629
542
2580
3833
4215
4095
3844
3684
3524
3119
2529
1881
1255
741
360
104
-197
-846
-2148
-3967
-5814
-7062
-7337
-6634
-5300
-4006
-2778
-1861
-1462
-1658
-2078
-1913
-1175
289
1647
2962
4381
5625
7205
7729
7191
5951
4318
3120
1878
875
52
-582
-1038
-1629
-2407
-3413
-4146
-4703
-5258
-5631
-5604
-5003
-3853
-2358
-1048
-196
307
599
684
659
662
686
780
1052
1544
2101
2441
2188
1201
-141
-1195
-1792
-2281
-2814
-3248
-3279
-2802
-2090
-1604
-1658
-2358
-3488
-4582
-5020
-4073
-1909
1290
4701
7188
8744
9421
10104
10541
10089
9035
7271
5737
4899
4827
5138
4819
3901
2411
342
-2035
-4184
-5675
-6691
-7456
-7749
-7241
-6027
-4499
-3322
-2958
-3137
-3126
-2550
-1691
-731
471
1905
3330
4703
6018
6950
7101
6409
5089
3394
1672
355
-461
-1169
-1919
-2444
-2703
-3139
-4069
-5301
-6724
-7994
-8490
-7864
-6257
-4207
-2327
-1139
-390
119
483
1079
1471
1741
2147
2828
4370
6196
7762
8507
8079
7001
5204
3240
1307
-670
-2372
-4026
-5156
-5706
-5638
-4960
-4561
-4545
-4867
-5193
-5124
-4601
-3453
-2164
-898
464
1796
3060
3921
4268
3931
2902
1647
613
276
433
654
925
1031
822
334
-550
-1748
-3097
-4479
-5297
-5251
-4778
-4126
-3464
-3065
-3004
-3104
-3044
-2477
-1107
1024
3595
5897
7671
9181
10524
11721
12166
11594
10031
7736
5696
4223
3166
2151
1055
25
-1153
-2393
-3368
-4136
-5121
-6459
-7719
-8233
-7935
-6893
-5404
-3977
-2694
-1543
-179
1034
1883
2437
2711
3018
3224
4003
5293
6394
6991
6710
5692
4080
2253
138
-1907
-3500
-4852
-5596
-6068
-6209
-6058
-6091
-5901
-5793
-5642
-5032
-4190
-3167
-2312
-1569
-666
522
1748
2767
3661
3995
4213
4582
4918
5485
5633
5475
5255
4692
3948
2709
996
-1239
-3701
-5668
-6927
-7354
-7273
-6808
-6131
-5237
-4208
-3134
-1963
-1284
-697
81
881
1906
2925
3735
4318
4508
4328
3980
3102
2067
1133
105
-498
-776
-859
-971
-1345
-1908
-2742
-3525
-4070
-4541
-4824
-4807
-4669
-4387
-3907
-3189
-2556
-2170
-1495
-525
863
2654
4618
6470
7761
8997
10344
11465
12062
11715
10251
7868
5382
3377
1745
324
-764
-1643
-2513
-3189
-3651
-4283
-5304
-6505
-7519
-8016
-7868
-6840
-5342
-3916
-2382
-858
759
2046
2760
3401
3731
3924
4350
4872
5344
5623
5462
5158
4665
3604
2363
614
-1547
-3460
-4926
-5721
-6053
-6100
-6045
-5960
-5816
-5457
-4661
-3721
-2654
-1656
-1042
-468
217
888
1534
2162
2487
2619
2991
3649
4612
5242
5248
4971
4277
3439
2336
743
-1155
-3127
-4498
-5344
-5895
-6045
-5968
-5627
-5184
-4484
-3486
-2564
-1641
-847
-75
876
2077
3502
4473
4959
5104
4776
4134
3250
2407
1314
-47
-1106
-1903
-2338
-2384
-2170
-2042
-2193
-2319
-2562
-3144
-3865
-4469
-4802
-4696
-4149
-3211
-2279
-1515
-790
-266
271
743
1375
2454
3869
5569
7094
8461
9676
10492
10721
10329
9243
7396
5244
3308
1722
-4
-1528
-2759
-3864
-4603
-5088
-5105
-5290
-5690
-5766
-5634
-5464
-5164
-4421
-3696
-2827
-1730
-492
880
1970
3172
4273
5012
5693
6273
6513
6128
5442
4587
3572
2600
1624
648
-619
-1859
-2772
-3702
-4412
-5006
-5623
-6160
-6547
-6275
-5483
-4551
-3294
-1813
-520
519
1427
2131
2490
2516
2367
1948
1314
1084
1484
2118
2636
2877
2855
2671
2200
1388
362
-1103
-2690
-4122
-5291
-5804
-5909
-5434
-4456
-3330
-2160
-1131
-177
508
1101
1638
2156
2695
3165
3865
4343
4552
4528
3921
2972
1725
430
-916
-2298
-3341
-4196
-4680
-4709
-4402
-3858
-3330
-2674
-2146
-1891
-1729
-1750
-2003
-2425
-2579
-2333
-1850
-917
276
1106
1670
2363
3060
3702
4464
5291
5749
5861
6199
6734
7042
7097
6860
6075
4782
3358
1986
436
-1242
-2561
-3534
-4446
-4965
-4909
-4697
-4481
-4135
-3748
-3410
-3042
-2640
-2257
-1976
-1666
-1119
-293
733
1910
3261
4495
5478
6169
6486
6307
5545
4486
3128
1698
183
-1186
-2105
-2893
-3172
-3089
-2962
-3029
-3402
-3788
-4204
-4399
-4243
-3749
-3236
-2571
-1537
-551
563
1691
2584
2930
2765
2547
1842
978
438
125
-6
-309
-232
148
295
506
436
12
-830
-1962
-2780
-3534
-4086
-4159
-3985
-3348
-2228
-864
548
1802
2836
3355
3475
3521
3347
3080
2716
2365
2148
1761
1391
943
240
-546
-1508
-2365
-3147
-3986
-4506
-4695
-4579
-4242
-3754
-3044
-2314
-1570
-821
-353
-266
-341
-352
-288
-142
162
648
1014
1185
1570
2098
2533
2991
3741
4390
4559
4673
4929
5286
5220
5012
4872
4188
3196
2160
1338
271
-1048
-1892
-2605
-3351
-3752
-3537
-3358
-3482
-3262
-2857
-2597
-2369
-1918
-1414
-1160
-829
-118
673
1319
2043
2788
3282
3576
3864
4101
3882
3486
3061
2308
1290
28
-997
-1904
-2699
-2955
-2946
-2885
-2886
-2655
-2320
-1923
-1487
-1389
-1397
-1552
-1573
-1293
-901
-399
-56
238
559
883
1146
1111
827
422
12
-364
-554
-570
-510
-326
-292
-256
-293
-565
-791
-1208
-1611
-1926
-2209
-2054
-1592
-860
109
1002
1762
2359
2756
2987
3012
2765
2301
1735
1158
743
370
-6
-536
-1196
-1811
-2336
-2593
-2748
-2796
-3053
-3276
-3352
-3150
-2680
-2171
-1619
-1330
-914
-442
41
302
477
692
826
1038
1102
1311
1286
1067
849
679
693
661
906
1571
2250
2846
3615
4271
4894
5116
5301
5153
4258
3330
2138
1034
-225
-1191
-1684
-2279
-2469
-2322
-1926
-1724
-1590
-1264
-1332
-1587
-1707
-1769
-1980
-2071
-1732
-1338
-891
-189
678
1367
1935
2540
2875
2902
2629
2316
1839
1236
552
-98
-575
-898
-1038
-1092
-1034
-1020
-1063
-1179
-1302
-1422
-1663
-1951
-2267
-2348
-2059
-1714
-1241
-765
-380
-145
-92
71
135
98
122
197
359
415
451
592
712
627
452
369
132
-282
-684
-908
-1098
-1407
-1411
-1210
-912
-456
47
603
925
1152
1355
1329
1239
1222
1225
1009
646
334
-78
-602
-913
-1014
-1249
-1544
-1638
-1642
-1703
-1636
-1405
-1287
-1291
-1183
-1037
-1018
-915
-685
-587
-627
-527
-282
-62
160
388
471
271
24
-222
-281
-29
147
442
912
1574
2319
3094
4180
5040
5443
5637
5656
5242
4379
3390
2352
1142
-107
-752
-1112
-1514
-1772
-1877
-1857
-2063
-2145
-2043
-2126
-2272
-2375
-2441
-2530
-2402
-1888
-1283
-720
83
864
1406
1899
2405
2807
2735
2648
2606
2275
1827
1241
660
16
-570
-960
-1263
-1522
-1690
-1820
-1995
-1989
-1992
-2002
-2105
-2173
-1958
-1878
-1805
-1644
-1362
-983
-592
13
610
951
1144
1343
1522
1587
1465
1292
973
508
133
-250
-519
-840
-1155
-1377
-1605
-1567
-1509
-1466
-1294
-992
-596
-295
90
535
809
963
1085
1136
1059
976
943
856
669
505
310
0
-229
-460
-629
-741
-823
-759
-912
-1000
-905
-953
-1027
-1190
-1317
-1400
-1454
-1407
-1318
-1092
-811
-471
-60
347
659
803
886
837
752
608
420
457
586
958
1518
2200
3076
3808
4469
4952
5128
4966
4372
3610
2739
1711
570
-504
-1306
-1903
-2377
-2603
-2576
-2481
-2340
-2076
-1657
-1321
-1230
-1195
-1210
-1273
-1191
-1041
-925
-688
-328
49
544
1263
2037
2534
2719
2796
2747
2403
1822
1175
463
-332
-1029
-1465
-1728
-1930
-2020
-1965
-1829
-1641
-1445
-1336
-1293
-1236
-1146
-1169
-1290
-1249
-1109
-936
-652
-288
64
295
620
1012
1265
1427
1309
1066
754
309
-58
-534
-985
-1305
-1601
-1758
-1715
-1494
-1323
-1119
-720
-310
-89
105
385
573
678
803
1005
1039
985
1019
906
700
548
495
325
48
-58
-170
-421
-551
-505
-622
-883
-1009
-1088
-1278
-1400
-1326
-1247
-1181
-998
-814
-709
-466
-193
0
184
251
280
210
167
250
185
96
195
439
754
1250
1827
2292
2743
3330
3923
4276
4493
4427
3957
3330
2668
1909
913
8
-663
-1339
-1852
-2012
-2010
-2086
-2047
-1746
-1459
-1329
-1236
-1119
-1164
-1225
-1100
-977
-851
-676
-346
64
442
915
1339
1662
1920
2113
2193
2048
1660
1166
684
138
-432
-991
-1387
-1720
-2039
-2057
-1904
-1721
-1638
-1495
-1216
-1087
-984
-952
-983
-1000
-1034
-924
-827
-665
-378
-137
199
604
935
1048
1123
1180
1007
756
423
25
-434
-921
-1281
-1528
-1702
-1728
-1562
-1278
-835
-383
1
313
499
708
860
970
1014
926
868
807
826
905
921
895
728
577
462
292
94
-176
-447
-735
-981
-1147
-1274
-1399
-1518
-1566
-1511
-1382
-1291
-1148
-972
-738
-479
-374
-143
131
193
231
367
403
245
223
387
495
675
1066
1475
1896
2370
2903
3402
3646
3789
3787
3525
3170
2760
2180
1312
457
-225
-895
-1453
-1754
-1856
-1938
-1950
-1777
-1507
-1264
-1092
-918
-819
-751
-644
-599
-564
-595
-582
-409
-145
238
661
1083
1394
1651
1839
1851
1750
1529
1217
770
198
-404
-924
-1391
-1759
-1847
-1816
-1777
-1683
-1473
-1218
-1032
-872
-761
-727
-774
-795
-767
-769
-728
-699
-635
-407
-124
156
404
576
641
632
599
468
230
-71
-411
-756
-1015
-1150
-1173
-1126
-1066
-860
-580
-304
25
385
724
886
1024
1210
1272
1272
1204
1131
996
788
674
546
449
341
169
10
-233
-410
-521
-646
-778
-997
-1157
-1284
-1363
-1333
-1298
-1235
-1197
-1072
-862
-704
-556
-426
-263
-112
28
178
222
212
222
327
461
586
784
1016
1327
1700
2137
2562
2851
3103
3240
3234
3084
2785
2397
1821
1192
562
-62
-619
-1061
-1301
-1438
-1494
-1444
-1322
-1155
-964
-797
-706
-666
-669
-711
-796
-840
-842
-856
-750
-500
-168
168
491
850
1166
1374
1514
1537
1436
1213
874
519
124
-259
-605
-877
-1030
-1185
-1239
-1187
-1111
-986
-868
-733
-619
-567
-543
-538
-585
-584
-545
-617
-642
-591
-526
-424
-310
-157
-76
-57
-4
-21
-86
-121
-215
-370
-460
-530
-604
-596
-502
-340
-204
-59
131
323
561
758
932
1057
1051
981
931
878
712
519
353
171
-9
-133
-216
-341
-473
-544
-588
-674
-727
-817
-941
-1009
-1080
-1071
-1067
-1043
-921
-832
-713
-618
-487
-297
-207
-85
54
113
162
226
346
486
619
812
1089
1399
1684
2014
2326
2530
2706
2827
2819
2727
2557
2245
1815
1311
799
335
-121
-507
-831
-1086
-1241
-1354
-1332
-1258
-1175
-1078
-1032
-929
-864
-844
-811
-817
-799
-769
-671
-510
-311
-49
196
520
848
1101
1319
1392
1391
1301
1131
900
528
216
-85
-421
-652
-840
-979
-1088
-1075
-960
-871
-757
-709
-658
-533
-453
-405
-366
-392
-484
-527
-542
-563
-604
-697
-728
-637
-533
-442
-320
-208
-119
-17
73
115
89
12
-29
1
15
-8
17
94
170
276
386
416
440
492
519
553
567
469
327
214
68
-46
-154
-306
-477
-621
-688
-752
-741
-730
-739
-676
-665
-599
-517
-545
-584
-573
-543
-543
-473
-354
-293
-210
-67
34
74
167
296
399
509
638
816
997
1173
1414
1581
1709
1946
2168
2299
2338
2282
2180
1985
1725
1460
1114
686
235
-154
-471
-756
-948
-1084
-1192
-1224
-1183
-1097
-996
-883
-780
-730
-689
-617
-560
-528
-457
-349
-252
-144
13
181
323
439
556
651
712
774
787
747
686
566
395
193
-4
-215
-403
-495
-639
-767
-794
-810
-785
-728
-622
-553
-551
-549
-555
-592
-660
-708
-827
-971
-1037
-1056
-1042
-1024
-942
-826
-723
-575
-382
-243
-131
-30
54
180
226
271
332
327
371
429
504
570
581
560
571
614
595
579
570
503
443
397
301
211
103
-79
-200
-255
-346
-434
-442
-456
-531
-561
-588
-619
-622
-636
-599
-555
-528
-438
-341
-247
-161
-90
-8
-2
17
92
118
176
283
409
588
826
1111
1396
1679
1923
2100
2237
2284
2215
2069
1814
1485
1123
745
477
182
-129
-324
-499
-596
-663
-697
-658
-678
-710
-680
-662
-683
-707
-741
-809
-846
-828
-769
-691
-607
-498
-330
-135
51
281
468
584
692
756
829
784
671
580
380
172
19
-107
-253
-391
-466
-537
-581
-559
-514
-495
-457
-432
-485
-543
-595
-695
-832
-968
-1087
-1167
-1242
-1246
-1187
-1104
-970
-831
-658
-488
-283
-77
36
150
228
288
311
310
342
306
279
323
326
321
344
349
347
370
410
438
432
429
405
352
309
221
107
-34
-111
-187
-289
-356
-441
-490
-518
-552
-544
-490
-423
-352
-269
-211
-134
-58
-36
-3
20
29
26
96
131
180
323
474
651
830
1053
1289
1502
1699
1855
1927
1965
1899
1773
1610
1336
1071
784
476
186
-57
-295
-496
-610
-706
-762
-767
-721
-690
-626
-568
-506
-482
-488
-447
-480
-499
-495
-484
-479
-438
-362
-280
-148
2
140
297
446
534
629
652
624
565
468
342
202
72
-129
-297
-415
-477
-494
-527
-500
-502
-511
-478
-485
-520
-587
-692
-813
-921
-1059
-1115
-1168
-1223
-1191
-1145
-1053
-919
-725
-530
-348
-181
-33
73
148
229
283
312
293
291
275
243
269
294
336
356
383
417
464
514
538
582
551
478
415
323
209
92
-31
-165
-276
-356
-380
-409
-413
-388
-392
-351
-296
-242
-208
-181
-140
-132
-97
-49
-37
-9
27
76
165
266
401
562
699
872
1049
1191
1349
1479
1573
1637
1644
1618
1521
1356
1190
997
746
525
319
75
-116
-281
-425
-551
-660
-688
-714
-721
-685
-655
-616
-571
-517
-470
-441
-416
-390
-358
-319
-287
-262
-222
-165
-103
-36
37
113
181
237
295
354
392
393
347
277
204
115
31
-46
-159
-274
-362
-444
-493
-542
-624
-695
-751
-812
-867
-928
-998
-1050
-1065
-1043
-1026
-1004
-935
-841
-719
-588
-465
-352
-267
-147
-34
37
125
181
222
251
287
350
344
330
352
376
418
431
428
422
416
431
426
395
351
284
210
144
79
1
-94
-193
-255
-278
-282
-283
-275
-250
-214
-175
-134
-95
-65
-50
-42
-23
-4
4
33
93
148
208
316
436
557
676
806
944
1043
1149
1222
1262
1283
1251
1200
1107
994
855
674
512
366
222
70
-62
-154
-233
-305
-341
-353
-375
-396
-392
-371
-362
-355
-332
-315
-310
-291
-261
-250
-246
-239
-221
-212
-187
-137
-100
-58
-22
40
98
154
227
234
222
197
149
108
53
-17
-106
-192
-278
-369
-440
-506
-573
-629
-684
-732
-753
-790
-837
-853
-858
-865
-842
-790
-734
-672
-601
-520
-438
-349
-256
-181
-125
-66
-13
37
92
126
149
188
228
267
309
339
365
386
389
380
375
368
351
318
274
232
194
153
106
66
43
20
-9
-43
-68
-83
-95
-105
-106
-93
-67
-45
-23
7
45
89
134
156
178
202
238
271
293
342
386
429
466
525
609
648
707
768
792
805
782
733
665
592
513
416
330
259
170
59
-25
-77
-118
-155
-180
-189
-212
-217
-213
-209
-198
-199
-183
-172
-141
-127
-147
-139
-146
-122
-115
-120
-118
-143
-136
-128
-110
-90
-68
-42
-35
-8
15
25
12
-26
-68
-114
-155
-191
-234
-281
-321
-374
-418
-449
-491
-524
-546
-574
-594
-601
-593
-569
-564
-531
-481
-440
-374
-322
-264
-224
-174
-123
-83
-27
-15
21
61
86
109
118
146
150
162
169
167
165
148
151
138
128
142
135
121
129
134
127
125
125
136
144
141
156
173
164
156
168
177
189
212
214
204
223
251
278
310
308
287
273
255
233
221
201
175
151
131
145
165
184
215
253
279
297
357
368
340
309
275
251
175
124
90
29
-15
-43
-39
-49
-40
-34
-46
-22
-28
-1
13
-7
-27
-31
-50
-81
-73
-105
-135
-146
-171
-181
-184
-188
-202
-187
-164
-192
-170
-148
-179
-181
-185
-206
-218
-230
-244
-235
-236
-251
-247
-253
-262
-254
-250
-257
-246
-261
-269
-262
-279
-280
-275
-271
-256
-223
-225
-201
-180
-159
-124
-90
-74
-57
-48
-45
1
-36
-34
-15
-21
-19
-9
19
23
34
64
96
95
124
130
133
132
144
155
148
166
179
187
204
207
212
224
228
248
246
269
258
267
265
239
246
223
208
206
195
168
179
164
156
153
148
171
147
130
141
131
126
136
128
134
121
93
97
83
80
73
43
43
34
12
16
12
-3
-1
5
-4
-2
-6
-7
2
-12
-22
-21
-12
-14
-21
-17
-31
-49
-58
-63
-74
-90
-94
-102
-118
-142
-156
-162
-176
-179
-188
-205
-199
-200
-217
-222
-216
-214
-203
-194
-199
-182
-161
-164
-156
-140
-127
-126
-131
-132
-135
-139
-142
-139
-134
-128
-116
-99
-92
-102
-93
-85
-89
-71
-56
-55
-55
-48
-32
-20
-7
12
30
40
57
73
75
96
109
106
125
125
113
126
118
116
116
103
113
122
129
130
140
143
135
156
164
163
171
175
168
169
182
174
181
184
165
172
165
140
144
128
92
98
81
57
56
40
23
31
43
27
28
37
30
25
20
20
8
-1
-10
-15
-14
-33
-41
-31
-30
-36
-40
-42
-50
-45
-36
-40
-33
-22
-20
-16
-17
-35
-34
-38
-51
-33
-41
-71
-76
-81
-102
-112
-102
-104
-110
-120
-123
-112
-116
-109
-90
-90
-102
-86
-81
-94
-78
-75
-86
-84
-86
-94
-81
-82
-84
-67
0
0
0
0
0
0
0
0
0
0
0
0
0
0
0
0
0
0
0
0
0
0
0
0
0
0
0
0
0
0
0
0
0
0
0
0
0
0
0
0
0
0
0
0
0
0
0
0
0
0
0
0
0
0
0
0
0
0
0
0
0
0
0
0
0
0
0
0
0
0
0
0
0
0
0
0
0
0
0
0
0
0
0
0
0
0
0
0
0
0
0
0
0
0
0
0
0
0
0
0
0
0
0
0
0
0
0
0
0
0
0
0
0
0
0
0
0
0
0
0
0
0
0
0
0
0
0
0
0
0
0
0
0
0
0
0
0
0
0
0
0
0
0
0
0
0
0
0
0
0
0
0
0
0
0
0
0
0
0
0
0
0
0
0
0
0
0
0
0
0
0
0
0
0
0
0
0
0
0
0
0
0
0
0
0
0
0
0
0
0
0
0
0
0
0
0
0
0
0
0
0
0
0
0
0
0
0
0
0
0
0
0
0
0
0
0
0
0
0
0
0
0
0
0
0
0
0
0
0
0
0
0
0
0
0
0
0
0
0
0
0
0
0
0
0
0
0
0
0
0
0
0
0
0
0
0
0
0
0
0
0
0
0
0
0
0
0
0
0
0
0
0
0
0
0
0
0
0
0
0
0
0
0
0
0
0
0
0
0
0
0
0
0
0
0
0
0
0
0
0
0
0
0
0
0
0
0
0
0
0
0
0
0
0
0
0
0
0
0
0
0
0
0
0
0
0
0
0
0
0
0
0
0
0
0
0
0
0
0
0
0
0
0
0
0
0
0
0
0
0
0
0
0
0
0
0
0
0
0
0
0
0
0
0
0
0
0
0
0
0
0
0
0
0
0
0
0
0
0
0
0
0
0
0
0
0
0
0
0
0
0
0
0
0
0
0
0
0
0
0
