0
0
0
0
0
0
0
0
0
0
0
0
0
0
0
0
0
0
0
0
0
0
0
0
0
0
0
0
0
0
0
0
0
0
0
0
0
0
0
0
0
0
0
0
0
0
0
0
0
0
0
0
0
0
0
0
0
0
0
0
0
0
0
0
0
0
0
0
0
0
0
0
0
0
0
0
0
0
0
0
0
0
0
0
0
0
0
0
0
0
0
0
0
0
0
0
0
0
0
0
0
0
0
0
0
0
0
0
0
0
0
0
0
0
0
0
0
0
0
0
0
0
0
0
0
0
0
0
0
0
0
0
0
0
0
0
0
0
0
0
0
0
0
0
0
0
0
0
0
0
0
0
0
0
0
0
0
0
0
0
0
0
0
0
0
0
0
0
0
0
0
0
0
0
0
0
0
0
0
0
0
0
0
0
0
0
0
0
0
0
0
0
0
0
0
0
0
0
0
0
0
0
0
0
0
0
0
0
0
0
0
0
0
0
0
0
0
0
0
0
0
0
0
0
0
0
0
0
0
0
0
0
0
0
0
0
0
0
0
0
0
0
0
0
0
0
0
0
0
0
0
0
0
0
0
0
0
0
0
0
0
0
0
0
0
0
0
0
0
0
0
0
0
0
0
0
0
0
0
0
0
0
0
0
0
0
0
0
0
0
0
0
0
0
0
0
0
0
0
0
0
0
0
0
0
0
0
0
0
0
0
0
0
0
0
0
0
0
0
0
0
0
0
0
0
0
0
0
0
0
0
0
0
0
0
0
0
0
0
0
0
0
0
0
0
0
0
0
0
0
0
0
0
0
0
0
0
0
0
0
0
0
0
0
0
0
0
0
0
0
0
0
0
0
0
0
0
0
0
0
0
0
0
0
0
0
0
0
0
0
0
0
0
0
0
0
2
-1
-18
27
37
-111
-36
200
-81
-244
139
179
-178
-173
227
107
-321
-36
292
63
-220
-53
264
-69
-240
179
156
-192
-73
213
-107
-188
275
27
-319
92
315
-177
-256
300
137
-315
31
363
-132
-291
202
52
-125
95
82
-22
-126
14
81
-82
63
100
-228
-97
242
20
-45
-52
-221
74
166
-87
-117
140
36
-349
288
602
-332
-422
324
256
-213
134
308
-377
-275
396
116
-283
-84
-27
-134
-38
135
-21
-161
72
67
26
110
12
-146
-60
285
110
-159
-37
-2
14
11
19
-146
-58
131
-365
-223
329
-200
-429
345
386
-199
-291
10
422
88
-175
293
-36
-343
148
268
-71
-198
120
184
-182
-58
143
-179
-59
136
-73
-81
-125
177
39
-512
32
239
15
194
97
-201
-199
226
291
0
-268
-173
219
219
235
-93
-603
-311
364
424
-83
-244
-396
-212
286
555
453
-435
-551
54
535
467
-238
-85
-392
-181
941
301
-233
-705
-625
543
284
190
-280
-924
36
176
254
669
46
-759
-613
659
670
-155
-220
-324
87
180
196
574
-266
-734
-95
416
245
-264
-279
-348
-74
544
307
54
-362
-839
187
683
86
-307
-345
196
100
391
559
-348
-505
-83
115
317
149
-376
-285
16
563
353
-318
-390
-208
427
276
75
-265
-587
51
162
497
214
-475
-384
-154
868
606
-129
-105
-537
288
436
-703
-472
-146
-149
174
464
204
-528
-487
75
609
563
-593
-831
7
264
270
483
304
-319
-287
181
485
316
-222
-407
-123
-171
135
104
-146
144
-573
-88
233
-211
138
-202
-48
38
-104
252
18
-121
218
253
135
-212
119
26
-290
174
85
139
-102
16
-18
-155
110
99
257
313
-437
-390
-108
-517
543
37
-179
144
-397
285
313
133
-106
-53
161
-381
169
334
-232
338
159
-355
133
-218
-667
-67
247
244
-96
-123
131
254
528
470
86
-620
-681
6
525
260
-197
-175
-367
87
515
316
-319
-543
-492
41
862
540
202
-776
-451
-169
161
596
-53
-90
-370
4
487
459
67
-626
-578
-140
-32
986
-133
-38
320
-576
609
98
-256
-484
-334
37
29
514
47
-86
7
-172
378
296
-138
-194
-497
-129
292
207
383
131
49
-5
-279
251
-292
-608
-312
-435
221
186
298
263
-208
154
-80
203
216
-354
-122
-191
200
32
147
453
-352
107
-28
-297
231
-87
-356
-188
79
245
647
259
-500
-372
-274
-290
111
321
8
332
515
348
315
-389
-470
-304
-389
10
20
112
336
246
313
-121
-386
-75
-308
75
312
40
73
222
111
-327
280
-368
-655
-82
-106
404
446
369
-58
-174
-41
50
-80
-378
-230
-278
-93
235
0
0
-178
-208
201
91
71
142
251
454
901
558
30
-310
-570
-196
39
-442
-371
70
-290
30
233
-76
-553
-213
-105
72
475
-243
131
445
413
248
-65
-304
-927
-409
155
209
622
259
126
64
64
387
-131
-45
-260
-733
-115
212
164
82
-47
-15
52
-145
-125
-89
-428
-116
161
175
371
279
96
-244
-100
24
-294
-141
-240
-46
261
264
521
271
-119
-283
-149
-150
-338
90
-118
-255
441
475
465
156
-132
-472
-451
178
151
-13
-57
-119
-113
443
367
432
-230
-850
-398
-554
97
240
547
415
13
38
-186
37
-90
-149
-15
-126
-146
120
329
478
73
109
-302
-776
190
330
446
509
-210
-247
-227
62
583
-342
-694
-476
-411
543
563
306
-137
-751
-24
216
429
368
-493
-291
-266
413
674
244
211
-669
-399
-329
-167
604
232
246
-102
-208
-175
-345
313
-38
-167
-78
-299
341
192
345
286
-385
-247
-275
108
191
-189
-23
32
-32
421
300
-35
-237
-769
-98
-29
188
596
-169
-15
-269
163
664
0
87
-727
-606
-94
60
882
325
155
-44
-367
-114
-70
-58
-18
-213
45
80
81
308
-67
147
-200
-492
-184
-212
236
390
469
406
-184
-86
-317
-91
170
-266
196
-52
-106
269
-12
-44
-254
-179
-27
-22
144
11
-58
-24
109
173
164
100
-164
-3
-360
-59
267
201
343
-277
-240
-532
-326
174
511
484
144
-53
-353
-77
59
159
-121
-302
-377
-234
-87
316
667
453
221
-95
-285
-382
-43
9
-3
-138
-148
422
458
364
46
-515
-661
-394
-128
175
175
-74
295
336
298
177
-361
-440
-802
-211
219
65
539
239
509
61
-107
-143
-479
77
225
561
439
-82
-415
-235
-87
265
56
1
-35
-490
-108
1
61
-222
23
17
-62
81
-416
161
38
145
463
-335
-112
-455
-36
1030
517
455
-160
-890
-614
-154
581
661
270
-265
-465
-394
-417
250
15
-161
323
-237
190
51
-120
243
-69
274
-74
141
51
-322
140
-12
-395
99
77
-65
465
-22
10
-123
-183
-156
-239
-66
-202
279
368
525
545
-136
-300
-652
-238
283
312
474
-181
-265
-295
-10
239
-262
-104
-273
-284
-45
-117
296
120
49
305
-96
-74
-262
291
254
78
261
-170
-5
-295
-13
271
396
318
55
-131
-790
-563
-86
444
606
354
38
-403
-414
-336
149
122
-121
221
111
88
138
-142
-350
-556
-99
370
282
287
-27
-118
62
77
252
-27
-439
-215
93
517
572
12
-122
-451
-684
-213
-130
303
620
606
410
-490
-499
-745
-219
442
261
262
-92
-147
-183
292
150
149
135
-540
-454
-346
-132
206
297
420
387
-203
-42
-408
-551
109
39
461
462
-20
-237
-3
149
310
289
-426
-447
-560
-95
713
638
663
-33
-404
-349
-567
-221
-171
-140
231
234
250
361
-105
-166
-112
-200
142
-182
-61
-79
-241
183
415
489
299
-23
-394
-486
-452
-328
50
285
300
511
126
-52
-291
-587
-62
-11
379
504
166
20
-263
-114
58
-135
30
-174
-299
107
-20
128
141
118
11
-113
-1
-186
-148
-81
-56
215
211
68
254
-40
-88
92
-87
43
-95
-204
215
236
289
323
-160
-274
-460
-418
142
156
185
349
229
57
-123
-76
-374
-479
-100
-141
90
216
148
330
216
100
-18
-333
-389
-296
-159
237
297
362
366
70
-201
-75
-124
-213
-85
-382
32
353
190
278
173
-180
-426
-194
-248
-200
155
176
316
193
35
8
-50
16
-181
-327
-123
-58
341
562
190
171
-221
-268
-246
-272
-30
-96
227
450
249
112
-19
-297
-285
-368
-275
8
259
457
503
351
67
-155
-597
-482
-204
-175
42
437
567
596
416
31
-538
-1057
-664
-260
419
651
602
431
-117
-16
-256
-378
-381
-311
-130
-75
154
306
98
238
198
-29
85
-221
-132
-513
-160
-1
-22
860
371
253
56
-339
-334
-493
-245
-347
-64
333
165
657
377
-64
-117
-649
-508
-279
43
468
316
293
123
-189
259
-14
-65
-90
-345
-34
-120
152
163
179
-75
-184
-109
-361
-103
-139
81
-18
-28
-144
-382
89
-159
185
595
266
102
6
-210
-293
-97
-13
85
36
132
246
231
121
-111
-186
-307
-402
-219
-152
-149
204
370
514
386
-3
-179
-404
-430
-157
178
272
367
293
330
138
-66
106
-265
-390
-208
-201
-64
505
521
210
456
-177
-499
-350
-506
-30
-85
58
334
-35
51
-53
-8
-92
-261
-150
-292
-199
-185
179
340
246
407
393
3
-415
-367
-517
-337
187
274
267
172
-21
108
74
-166
-156
-201
-439
-239
137
291
605
535
217
-51
-366
-553
-323
-72
-24
278
466
677
658
290
-35
-486
-604
-359
236
451
536
448
96
37
-77
81
-114
-176
-252
-259
-179
67
397
335
318
-112
-100
-340
-354
4
54
114
48
182
-30
105
-70
-22
-119
-474
-194
-364
-74
4
172
209
-124
-216
-373
-462
-402
-142
-23
159
18
6
-186
-514
-327
-331
-38
242
100
-90
-146
-113
-1
203
104
15
-140
-77
208
176
298
203
142
152
-31
209
24
-79
143
-19
239
347
175
106
-55
-235
-215
177
294
327
375
194
-20
-112
159
201
134
185
187
376
378
601
576
6
-76
-169
-217
68
520
587
501
435
-51
-177
-397
-382
-390
-385
-42
-20
320
141
-123
-404
-669
-808
-818
-421
-529
-277
-93
-100
-128
-196
-366
-531
-707
-761
-579
-548
58
210
276
207
-132
-434
-651
-427
-383
-97
71
193
138
75
77
-45
-36
-167
-281
-225
-42
21
269
336
324
438
235
263
172
18
239
348
633
858
892
963
864
876
737
701
761
545
676
838
892
989
1050
970
631
508
335
84
154
196
264
386
446
466
224
17
-132
-315
-317
-469
-533
-493
-551
-346
-279
-380
-542
-986
-1204
-1327
-1492
-1428
-1303
-1115
-979
-810
-831
-1138
-1356
-1621
-1689
-1573
-1440
-1207
-981
-768
-799
-931
-1117
-1424
-1558
-1602
-1563
-1382
-1198
-912
-768
-837
-893
-1069
-1048
-994
-828
-516
-105
377
690
1022
1105
1278
1499
2014
2587
2920
3364
3756
3940
4124
4500
4644
4541
4416
4317
3953
3776
3721
3522
3266
2753
2307
1697
1234
879
471
218
-245
-601
-962
-1176
-1363
-1579
-1532
-1741
-1895
-1928
-1934
-1843
-1768
-1547
-1472
-1530
-1613
-1639
-1615
-1711
-1509
-1351
-1232
-993
-1035
-934
-1035
-1287
-1229
-1268
-1321
-1352
-1473
-1796
-2085
-2117
-2167
-2170
-2314
-2588
-2890
-3221
-3235
-3205
-3247
-3236
-3174
-3232
-3253
-3102
-3150
-3020
-2945
-2933
-2698
-2432
-1973
-1383
-680
-173
326
739
1014
1499
2018
2840
3812
4929
5933
6656
7275
7449
7728
8063
8202
8484
8519
8300
8070
7731
7412
6938
6156
5244
4045
2753
1568
516
-384
-1164
-1776
-2508
-3332
-4200
-5070
-5747
-6280
-6599
-6731
-6625
-6355
-6055
-5594
-4973
-4446
-3925
-3186
-2562
-1946
-1161
-292
652
1509
2336
3048
3523
3752
3870
4004
4037
4074
4095
3846
3339
2759
2207
1678
1036
440
-149
-1056
-1861
-2493
-3090
-3464
-3747
-3900
-4067
-4372
-4549
-4642
-4695
-4551
-4393
-4277
-4033
-3855
-3582
-3152
-2843
-2423
-2079
-1880
-1556
-1457
-1450
-1309
-1241
-1062
-809
-534
-286
-158
-26
0
57
200
432
726
971
1328
1734
2395
3235
4105
4895
5145
5210
5377
5657
6243
7009
7412
7479
7414
6987
6701
6400
5775
5205
4361
3356
2581
1765
973
298
-587
-1506
-2453
-3535
-4475
-5209
-5659
-5849
-5824
-5771
-5718
-5638
-5587
-5334
-4956
-4374
-3531
-2603
-1691
-835
-12
747
1496
2285
3123
3709
4195
4556
4683
4972
5115
5115
4942
4389
3635
2776
1973
1266
611
-221
-1068
-1951
-2979
-3812
-4557
-5121
-5523
-5805
-5844
-5927
-6006
-6039
-5982
-5766
-5484
-5060
-4625
-4208
-3790
-3150
-2322
-1671
-1067
-730
-654
-639
-665
-364
53
359
691
864
685
411
264
110
68
164
332
555
632
813
1171
1572
2027
2649
3298
3666
4173
4766
5383
6123
6882
7523
7785
7765
7654
7486
7336
7176
6876
6423
5647
4773
3773
2694
1674
651
-253
-1305
-2430
-3478
-4386
-5212
-5793
-6071
-6452
-6722
-6869
-6871
-6648
-6308
-5709
-4988
-4373
-3655
-2769
-1997
-1035
102
1187
2285
3027
3503
3839
3966
4242
4790
5264
5333
5044
4370
3389
2457
1715
1124
376
-438
-1315
-2356
-3241
-4003
-4573
-5126
-5645
-6058
-6473
-6563
-6505
-6162
-5603
-5179
-4797
-4539
-4316
-3958
-3298
-2477
-1625
-901
-507
-255
-120
109
368
509
640
542
479
593
717
998
1191
1121
868
464
117
41
332
977
1778
2549
3230
3632
3944
4274
4546
5086
5690
6300
7011
7464
7737
7835
7611
7202
6629
5898
5186
4539
3910
3326
2595
1646
580
-628
-1777
-2851
-3816
-4533
-5195
-5692
-5999
-6221
-6339
-6418
-6341
-6211
-6011
-5587
-5013
-4279
-3451
-2503
-1590
-796
-17
679
1456
2196
2896
3539
3854
4096
4246
4362
4548
4472
4218
3693
2844
2051
1420
841
255
-392
-1268
-2287
-3219
-3897
-4396
-4794
-5029
-5317
-5539
-5695
-5678
-5390
-5129
-4806
-4429
-4110
-3841
-3328
-2674
-2092
-1446
-986
-628
-480
-434
-195
-8
192
338
441
440
251
231
315
408
563
640
620
455
389
720
1337
2300
3416
4326
4786
4779
4826
5162
5906
6982
7896
8295
8060
7643
7374
7187
7011
6624
5856
4754
3615
2698
1938
1189
429
-569
-1888
-3328
-4569
-5353
-5835
-6060
-6231
-6588
-7067
-7394
-7237
-6857
-6320
-5689
-5278
-4857
-4301
-3522
-2407
-1190
80
1318
2143
2642
3077
3426
3933
4688
5397
5914
6074
5731
5064
4234
3345
2685
2238
1674
908
-13
-1129
-2314
-3298
-4054
-4760
-5429
-5895
-6129
-6256
-6304
-6235
-6123
-6022
-5822
-5385
-4780
-4161
-3466
-2717
-2111
-1572
-976
-406
66
405
613
741
852
1053
1264
1204
925
760
809
945
1070
1081
790
218
-248
-212
452
1611
2878
3796
4040
3621
3224
3472
4557
6164
7545
8178
7779
6957
6505
6504
6752
6754
6285
5285
3955
2854
2145
1636
991
16
-1242
-2679
-3973
-4692
-4987
-5236
-5690
-6310
-6792
-7087
-6899
-6308
-5764
-5394
-5212
-4926
-4471
-3782
-2733
-1601
-481
698
1773
2533
3016
3292
3494
3922
4727
5799
6545
6372
5397
4093
3006
2493
2432
2445
1977
760
-766
-2180
-3284
-3876
-4216
-4703
-5361
-5986
-6383
-6506
-6430
-6352
-6350
-6309
-5930
-5136
-4231
-3439
-2959
-2559
-2073
-1471
-555
332
993
1268
1118
1024
1087
1311
1546
1492
1197
963
1144
1503
1562
1218
398
-457
-542
399
2036
3671
4540
4161
2933
2030
2531
4554
7083
8810
8654
6998
5408
4942
5804
7007
7432
6658
4891
3100
1957
1378
996
516
-376
-1767
-3182
-4142
-4681
-5177
-5772
-6430
-7066
-7306
-6914
-6246
-5840
-5750
-5709
-5511
-5026
-4217
-3156
-2081
-989
181
1215
2013
2500
2777
2999
3455
4587
6117
7234
7299
6303
4826
3633
3264
3610
3913
3433
2140
256
-1695
-2999
-3395
-3307
-3529
-4216
-5106
-6041
-6769
-6996
-6857
-6768
-6586
-5981
-5237
-4808
-4471
-4095
-3947
-3632
-2747
-1481
-297
532
1092
1058
548
466
957
1504
1811
1920
1804
1475
1451
1702
1456
591
-224
-360
384
1864
3613
4608
4049
2549
1550
2072
4269
7168
9104
8949
7022
4893
4175
5331
7360
8587
8002
5894
3355
1526
965
1253
1408
760
-681
-2431
-3852
-4705
-5403
-6241
-6828
-6862
-6668
-6547
-6499
-6640
-6976
-7000
-6321
-5237
-4110
-3020
-2238
-1992
-1811
-1040
325
1900
3332
4179
4286
4202
4578
5499
6552
7092
6671
5552
4468
3881
3834
3970
3495
1957
-15
-1584
-2504
-2804
-2786
-3168
-4367
-5790
-6528
-6612
-6656
-6615
-6291
-6121
-6120
-5667
-4926
-4543
-4307
-3712
-2881
-2026
-983
80
473
146
-8
467
1194
1909
2497
2441
1586
795
769
1190
1643
2024
1902
939
-264
-736
-202
1022
2541
3569
3411
2342
1425
1645
3280
5747
7782
7974
6171
4343
4134
5593
7630
8679
7991
5654
3143
1879
1948
2606
2783
2059
141
-2237
-3838
-4423
-4519
-4640
-4777
-5327
-6183
-6884
-7376
-7434
-6975
-6072
-5125
-4672
-4692
-4703
-4584
-3910
-2231
-186
1695
2597
2257
1653
1450
2635
5058
7044
7690
6560
4458
3154
3309
4434
5294
4960
3408
1090
-946
-1784
-1687
-1473
-1708
-2654
-4150
-5554
-6175
-6150
-6034
-5829
-5452
-5360
-5701
-5917
-5630
-4961
-4110
-3042
-2264
-2033
-1855
-1374
-547
243
1062
1593
1506
1347
1429
1856
2093
2021
1822
1576
1535
1306
836
359
212
483
801
927
729
657
1297
2319
2898
2866
2772
3335
4672
6305
7097
6183
4755
4454
5791
7619
8538
7785
5077
2118
988
2249
4296
4913
3195
-597
-4234
-5361
-3898
-1981
-1721
-3304
-5911
-8165
-8756
-7666
-6131
-5330
-5394
-5931
-6502
-6529
-5747
-4611
-3451
-2192
-918
68
579
878
1289
1897
3090
5112
6970
7302
6015
4300
3503
4182
5811
6950
6253
3824
1116
-474
-522
452
1200
309
-2297
-4897
-6015
-5841
-5122
-4340
-4184
-5091
-6403
-7222
-7243
-6183
-4152
-2552
-2586
-3562
-4070
-3658
-2392
-335
1426
1505
393
-343
-36
1143
2515
2911
1869
516
276
1108
1970
2244
1684
377
-732
-708
212
1135
1604
1677
1536
1524
1827
2256
2915
4186
5721
6441
5822
4658
4296
5312
6968
7850
7224
5543
3723
2683
2849
3683
4100
3029
497
-1976
-2965
-2396
-1457
-1597
-3107
-5150
-6687
-7079
-6526
-5522
-4843
-5165
-6011
-6724
-6804
-5859
-4392
-3193
-2324
-1764
-1503
-1169
-562
778
2149
2893
3707
4191
4418
4457
4226
4556
5092
5440
5215
4087
3154
2616
1949
1351
672
34
-515
-1469
-2740
-4082
-4749
-4460
-4274
-4537
-5078
-6052
-6953
-6695
-5244
-3730
-3099
-3460
-4190
-4431
-3246
-948
623
725
214
-318
-484
436
2139
2980
2245
1137
761
1035
1600
1936
1347
254
1
576
910
487
-273
-815
-869
197
1878
2791
2378
1075
576
2108
5057
7203
6800
4725
3055
3394
5957
8826
9259
6693
3458
1934
2601
4591
6092
4961
1278
-2063
-2824
-1612
-216
-12
-1764
-4712
-6643
-6479
-5358
-4568
-4585
-5716
-7278
-7515
-6120
-4779
-4376
-4258
-4112
-3915
-3029
-1455
-275
288
956
1522
1545
1951
3375
4796
5387
5292
4459
3206
2915
4113
5281
4932
3236
1121
-349
-334
656
1041
-196
-2550
-4395
-4678
-3813
-3102
-3621
-4933
-5861
-5974
-5183
-3882
-3192
-3551
-4163
-3933
-2687
-1272
-388
-383
-986
-1016
-101
904
1556
1801
1377
560
388
1137
1684
1318
664
214
-29
160
507
157
-748
-1080
-657
-144
467
1362
1841
1360
943
1482
2898
4845
6212
6168
4971
4099
4742
6379
8020
8350
6875
4777
3585
3981
5184
5788
4709
2094
-362
-1081
-311
472
89
-1748
-4254
-5805
-5501
-4267
-3670
-4499
-6167
-7512
-7490
-5974
-4583
-4459
-5192
-5597
-4905
-3679
-2277
-1172
-949
-913
-547
315
1686
2710
3169
3303
3213
3361
3430
3326
3569
3990
3981
2999
1735
956
416
498
1221
867
-1366
-3446
-3790
-3300
-2633
-1953
-2618
-4907
-6312
-5297
-3467
-2293
-1814
-2567
-4245
-4290
-2069
-228
151
277
61
-958
-893
1039
2400
1920
1084
908
587
491
1437
1700
607
-466
-901
-770
-349
174
-74
-1367
-2050
-1651
-739
408
890
434
-27
577
1732
2355
2910
3540
3930
4300
4864
5176
4844
5163
6330
6706
6178
5657
5098
4291
4198
5055
5120
3572
1745
649
233
546
971
175
-1886
-3682
-4254
-3901
-3030
-2711
-3825
-5511
-6507
-5996
-4640
-3871
-3929
-4687
-5094
-4383
-3390
-2574
-2171
-1891
-1433
-800
113
743
836
717
1263
2308
2853
2702
2041
1734
1925
2345
2587
1985
775
-216
-19
738
701
-441
-2002
-2710
-2486
-1766
-1092
-1417
-2817
-4373
-4376
-2495
-830
-713
-1904
-3112
-3098
-2210
-986
-22
114
-622
-1715
-1656
-382
468
260
-326
-621
-729
-683
-157
379
83
-876
-1681
-1467
-326
810
1180
306
-1042
-1816
-1286
615
2549
3317
2509
994
148
786
3208
6139
7367
5960
3240
1737
3011
6299
9114
8943
6014
2996
2020
3647
6275
7511
5764
1951
-656
-482
1435
2799
2028
-558
-3346
-4370
-3380
-2092
-2111
-3686
-5643
-6353
-5533
-4276
-3970
-4900
-5890
-6029
-4983
-3491
-2820
-3069
-3505
-3261
-2475
-1492
-287
435
492
446
717
1389
1614
1597
2380
3093
3002
2279
1544
1473
1503
1942
2619
1940
358
-757
-789
54
528
-22
-1247
-2283
-2386
-2082
-1602
-961
-1605
-3249
-3559
-2375
-1499
-1633
-1901
-2127
-2800
-2681
-1141
-291
-1018
-1782
-1921
-1828
-1141
151
417
-817
-1561
-1152
-748
-265
452
252
-774
-1141
-561
211
663
437
-274
-481
313
1378
2044
2342
2012
1203
1564
3668
5505
5679
4987
4143
3427
4061
6476
8332
7459
4981
3303
3311
4660
6291
6402
4215
1417
175
767
2022
2440
972
-1681
-3317
-3031
-2199
-2082
-2695
-3890
-5215
-5561
-4780
-4161
-4390
-4874
-5172
-5279
-5042
-4510
-4034
-3671
-3248
-2963
-2943
-2810
-2249
-1364
-385
565
1049
726
241
718
2291
3909
4367
3545
2479
1863
2419
3906
4683
3496
806
-493
475
1872
2125
561
-1533
-2915
-2816
-1320
-316
-1259
-3621
-5160
-4551
-2756
-1526
-1860
-3430
-4667
-4134
-2502
-1326
-1043
-1657
-2810
-2976
-1441
157
363
-112
-264
-447
-645
-23
993
1309
820
252
93
51
372
1199
1695
1598
789
123
485
1031
1354
1271
1335
1505
1162
1314
1894
2252
2235
2344
2922
3174
3166
3178
3102
2995
3387
4266
4591
4110
3485
3009
2762
3280
3820
3229
1846
656
345
444
777
1085
311
-1018
-1891
-1953
-1451
-1379
-1825
-2514
-3086
-3316
-3576
-3316
-2896
-2867
-2929
-3148
-3045
-3301
-3468
-2611
-1869
-1559
-2021
-2485
-1959
-982
167
673
422
228
323
927
1975
2542
2017
1135
1110
1940
2420
2417
2276
1561
676
498
899
1101
694
-278
-1470
-1937
-1552
-1390
-1601
-1581
-2232
-3849
-3961
-2391
-1796
-2552
-3073
-3283
-3986
-3368
-1139
-639
-1943
-2370
-1801
-1346
-262
1385
984
-764
-470
904
1319
1765
2556
2073
839
1343
2369
2200
1895
1774
1452
1141
1391
1152
288
329
707
343
16
311
-264
-1175
-931
-421
-525
-613
-112
-435
-1128
-849
-66
737
1395
1864
1069
162
1092
2654
3650
3717
3118
2214
1755
3026
4704
4645
3262
2217
1988
2280
3072
3280
2037
460
77
716
1137
707
-491
-1748
-2228
-1605
-994
-1241
-2272
-3737
-3846
-2621
-1859
-2210
-3132
-3586
-3678
-3044
-1835
-1772
-2632
-2922
-2059
-1041
-470
-378
-1153
-1230
-44
1204
1696
1130
404
-40
827
2789
3284
2192
442
-547
468
1984
2551
1231
-889
-1455
-1264
-398
660
-163
-2161
-3372
-2562
-1510
-1562
-1683
-2456
-3398
-2749
-1370
-1245
-1456
-1176
-1371
-1413
-154
880
-165
-591
584
803
534
1147
1724
853
558
1821
1991
1283
1047
1126
905
884
1712
1314
160
183
249
147
462
465
-604
-1480
-994
-574
-834
-1046
-1351
-1951
-1620
-539
-715
-1293
-1156
-1009
-1009
-426
719
505
-26
1022
1989
1868
1776
2768
3573
3541
3803
3889
3362
3238
4097
4856
4563
3599
2631
2288
2833
3349
2656
1266
285
-171
-121
367
186
-1354
-2791
-2725
-1958
-1837
-2311
-3099
-4092
-4354
-3384
-2477
-2711
-3507
-4120
-3763
-2534
-1385
-1364
-2383
-2528
-1673
-402
671
649
-41
-570
218
1787
2520
2000
901
265
916
2297
2641
1777
401
-202
432
1414
1669
332
-1055
-1689
-1455
-200
69
-1267
-2914
-3061
-1972
-1457
-1143
-1544
-2874
-3299
-2250
-1050
-963
-1189
-1469
-1763
-1118
84
724
458
271
391
477
998
1812
1958
1468
1386
1698
1871
1898
2069
1985
1543
1388
1177
1096
1203
793
308
326
434
-94
-571
-412
-659
-1059
-931
-952
-1417
-1745
-1436
-1195
-1414
-1355
-969
-761
-828
-445
113
152
579
1358
1594
1266
1459
2402
2974
3211
3166
2795
2574
3021
3689
3821
3399
2275
1628
2032
2521
2433
1495
336
-420
-382
107
43
-873
-2031
-2587
-2362
-1886
-2037
-2774
-3336
-3279
-2613
-2062
-2231
-2725
-2854
-2319
-1394
-751
-741
-1299
-1395
-463
499
1163
1135
408
286
1050
1824
1795
1384
1161
741
707
1328
1402
813
225
-42
43
17
-243
-830
-1358
-1288
-1422
-1808
-1818
-1784
-2096
-2368
-1958
-1703
-2031
-1959
-1659
-1487
-1362
-1229
-1030
-774
-298
-21
207
567
443
386
988
1667
1561
1103
1419
1639
1364
1661
1947
1566
1155
1331
1575
1089
767
842
545
350
484
387
-77
-323
-227
-191
-99
-126
-507
-758
-566
-292
-223
-289
-348
-263
-94
46
136
121
92
296
587
589
383
289
461
770
920
806
659
596
607
693
796
843
613
340
328
436
389
310
485
331
-46
-199
-245
-141
-23
131
-124
-700
-733
-332
126
275
-76
-515
-709
-404
345
542
70
-395
-482
113
729
887
462
-285
-467
44
696
657
-1
-595
-741
-283
171
80
-401
-899
-1134
-877
-426
-553
-1206
-1527
-1326
-1106
-924
-835
-1145
-1526
-1357
-854
-625
-758
-992
-1078
-962
-505
-121
-230
-486
-476
-147
37
343
546
98
-161
162
577
615
628
748
513
279
594
927
735
646
626
518
440
422
527
426
395
350
184
277
360
79
-14
268
262
195
246
329
107
-111
213
417
444
225
16
1
73
443
590
439
191
-28
-37
321
704
481
-76
-290
-122
-53
199
318
-102
-398
-374
-192
-72
6
-173
-475
-338
-106
-244
-301
-40
-77
-176
-30
139
-7
-97
357
347
136
280
303
364
533
745
588
283
502
663
604
712
642
302
144
364
535
249
115
173
-122
-107
107
-205
-534
-464
-322
-550
-696
-721
-1125
-1042
-641
-714
-968
-1209
-1122
-942
-680
-483
-847
-987
-906
-604
-98
-95
-282
-580
-550
-58
356
545
149
-169
-75
212
699
707
341
-38
-107
224
539
669
249
-198
-226
20
288
309
154
-330
-531
-243
36
35
-92
-140
-346
-222
-13
-73
-100
-58
35
-39
83
233
99
236
563
609
430
438
559
473
624
997
749
342
510
676
530
638
838
345
-33
286
284
-52
37
149
-236
-429
-252
-289
-417
-277
-274
-635
-678
-521
-509
-479
-358
-349
-654
-540
-116
-102
-81
17
-140
-221
181
508
319
251
420
318
289
742
865
422
366
574
521
456
540
486
170
146
377
253
-14
42
111
-102
-66
95
-293
-521
-90
-121
-533
-379
-236
-524
-557
-183
-222
-553
-349
-194
-416
-294
-90
-310
-396
-106
-74
-334
-142
133
-196
-220
103
-56
-226
-96
-22
-183
-221
-53
-143
-181
-117
-259
-283
-191
-164
-224
-201
-179
-326
-263
-11
73
-74
-153
-52
-12
12
136
193
82
33
158
251
230
465
550
198
224
438
439
417
496
443
159
236
370
327
413
336
81
20
151
84
-39
82
36
-247
-270
-59
-69
-180
-142
-98
-201
-372
-165
42
-157
-292
-208
-150
-297
-65
146
-54
-72
-79
-47
21
198
196
12
29
-46
-19
155
338
133
-147
12
96
161
209
230
64
-237
-113
126
263
218
26
-95
-176
83
319
168
57
-49
-147
-120
141
328
21
-119
-71
-99
22
184
195
-131
-194
-84
-93
109
132
-73
-271
-123
7
-128
-2
14
-180
-279
-104
34
-140
-175
-80
-144
-182
-31
-98
-258
-102
52
-100
-228
-29
-74
-266
-33
97
-79
-182
-100
-67
-60
121
19
-126
9
-27
-42
98
126
-68
-131
112
91
21
96
94
88
-5
119
218
29
32
126
86
50
136
89
6
73
62
-4
100
172
-66
-37
88
-44
-3
130
141
-96
-172
20
38
14
29
39
-136
-207
29
60
59
41
-108
-195
-125
107
106
72
40
-120
-160
3
265
176
46
23
-105
-93
95
232
106
-44
-155
-117
63
170
93
-86
-73
-104
-104
61
133
-42
-205
-91
-22
12
35
9
-50
-83
6
10
51
100
-8
-92
-2
76
-25
38
169
-29
-188
67
179
-6
26
77
-131
-138
171
151
-82
-55
-3
-99
-1
138
-6
-166
-141
-27
-27
61
-15
-186
-64
-16
-1
-8
87
52
-189
-22
170
113
-22
11
149
-76
-51
182
68
-24
4
33
-34
-4
28
11
18
-25
-28
-26
62
26
-131
-56
45
-25
-159
-67
61
-124
-83
35
22
-54
-72
131
-26
-84
78
50
9
-35
43
-3
-15
72
-61
-10
28
-63
-35
79
75
-119
-60
36
23
19
15
43
-99
-87
62
34
-1
-41
-89
-64
83
17
-102
-18
4
-58
-56
135
13
-126
52
31
74
104
-5
-49
30
153
12
75
227
-34
-96
153
155
4
120
138
-92
-54
169
119
-83
40
41
-157
11
118
5
-156
-63
-13
-136
67
-33
-166
-123
-58
-27
-67
146
-97
-257
9
98
-66
-128
153
-109
-216
158
138
-16
-21
103
-39
-60
212
108
9
82
20
-51
53
177
38
-52
36
-8
-80
68
136
-51
-79
-8
32
-9
-44
5
-77
-54
-32
-76
-62
-110
-30
-35
-74
14
-106
-136
39
56
-90
-116
107
49
-116
58
75
-51
-76
51
96
-43
-14
6
16
12
12
5
-52
86
17
-63
71
46
-88
-88
156
66
-137
68
73
-71
-11
107
25
-44
129
67
-60
26
131
43
0
117
-4
-72
58
100
2
-54
12
-66
-42
92
15
-63
-15
34
-88
-70
119
13
-144
-60
42
-37
-124
-5
27
-52
-17
-30
-27
14
-3
-30
23
105
-80
-130
103
83
-74
-17
92
-43
-48
98
69
19
-27
-22
4
26
27
13
32
-17
-58
-20
33
80
65
-85
-62
61
5
-46
54
75
-101
-88
79
27
-62
27
46
-90
-39
75
-28
-53
56
39
-83
-43
49
-18
-16
75
12
-98
-29
40
10
46
46
-53
-62
40
82
21
15
35
-44
-67
36
128
47
-74
17
14
-81
33
151
27
-131
-20
25
-37
47
45
-66
-101
-14
-21
-61
48
-2
-168
-100
17
-57
-62
45
-29
-129
-28
63
12
7
42
-14
-35
41
62
47
61
34
-30
55
110
0
19
130
40
-51
68
91
16
9
128
-2
-78
79
3
-12
33
32
-107
-69
76
-74
-59
44
-39
-140
-55
57
-88
-73
26
-59
-84
2
53
-49
-37
24
0
0
0
0
0
0
0
0
0
0
0
0
0
0
0
0
0
0
0
0
0
0
0
0
0
0
0
0
0
0
0
0
0
0
0
0
0
0
0
0
0
0
0
0
0
0
0
0
0
0
0
0
0
0
0
0
0
0
0
0
0
0
0
0
0
0
0
0
0
0
0
0
0
0
0
0
0
0
0
0
0
0
0
0
0
0
0
0
0
0
0
0
0
0
0
0
0
0
0
0
0
0
0
0
0
0
0
0
0
0
0
0
0
0
0
0
0
0
0
0
0
0
0
0
0
0
0
0
0
0
0
0
0
0
0
0
0
0
0
0
0
0
0
0
0
0
0
0
0
0
0
0
0
0
0
0
0
0
0
0
0
0
0
0
0
0
0
0
0
0
0
0
0
0
0
0
0
0
0
0
0
0
0
0
0
0
0
0
0
0
0
0
0
0
0
0
0
0
0
0
0
0
0
0
0
0
0
0
0
0
0
0
0
0
0
0
0
0
0
0
0
0
0
0
0
0
0
0
0
0
0
0
0
0
0
0
0
0
0
0
0
0
0
0
0
0
0
0
0
0
0
0
0
0
0
0
0
0
0
0
0
0
0
0
0
0
0
0
0
0
0
0
0
0
0
0
0
0
0
0
0
0
0
0
0
0
0
0
0
0
0
0
0
0
0
0
0
0
0
0
0
0
0
0
0
0
0
0
0
0
0
0
0
0
0
0
0
0
0
0
0
0
0
0
0
0
0
0
0
0
0
0
0
0
0
0
0
0
0
0
0
0
0
0
0
0
0
0
0
0
0
0
0
0
0
0
0
0
0
0
0
0
0
0
0
0
0
0
0
0
0
0
0
0
0
0
0
0
0
0
0
0
0
0
0
0
0
0
0
0
0
0
0
0
0
0
0
0
0
0
