0
0
0
0
0
0
0
0
0
0
0
0
0
0
0
0
0
0
0
0
0
0
0
0
0
0
0
0
0
0
0
0
0
0
0
0
0
0
0
0
0
0
0
0
0
0
0
0
0
0
0
0
0
0
0
0
0
0
0
0
0
0
0
0
0
0
0
0
0
0
0
0
0
0
0
0
0
0
0
0
0
0
0
0
0
0
0
0
0
0
0
0
0
0
0
0
0
0
0
0
0
0
0
0
0
0
0
0
0
0
0
0
0
0
0
0
0
0
0
0
0
0
0
0
0
0
0
0
0
0
0
0
0
0
0
0
0
0
0
0
0
0
0
0
0
0
0
0
0
0
0
0
0
0
0
0
0
0
0
0
0
0
0
0
0
0
0
0
0
0
0
0
0
0
0
0
0
0
0
0
0
0
0
0
0
0
0
0
0
0
0
0
0
0
0
0
0
0
0
0
0
0
0
0
0
0
0
0
0
0
0
0
0
0
0
0
0
0
0
0
0
0
0
0
0
0
0
0
0
0
0
0
0
0
0
0
0
0
0
0
0
0
0
0
0
0
0
0
0
0
0
0
0
0
0
0
0
0
0
0
0
0
0
0
0
0
0
0
0
0
0
0
0
0
0
0
0
0
0
0
0
0
0
0
0
0
0
0
0
0
0
0
0
0
0
0
0
0
0
0
0
0
0
0
0
0
0
0
0
0
0
0
0
0
0
0
0
0
0
0
0
0
0
0
0
0
0
0
0
0
0
0
0
0
0
0
0
0
0
0
0
0
0
0
0
0
0
0
0
0
0
0
0
0
0
0
0
0
0
0
0
0
0
0
0
0
0
0
0
0
0
0
0
0
0
0
0
0
0
0
0
0
0
0
0
0
0
0
0
0
0
0
0
0
0
0
118
397
575
588
536
300
-22
-326
-481
-558
-624
-404
-149
81
424
528
435
193
-137
-466
-751
-719
-578
-339
200
685
1070
1291
1187
831
228
-290
-627
-850
-854
-730
-557
-355
-2
220
108
36
-100
-303
-180
80
158
317
609
573
527
624
271
-202
-366
-512
-581
-310
-35
-73
31
232
104
-33
-82
-296
-528
-384
-115
-64
166
465
420
416
591
342
-2
-51
-160
-309
-141
-19
-185
-94
-62
-142
-123
-163
-169
-233
-144
208
244
306
456
243
169
238
82
-161
-253
-277
-370
-189
184
62
48
240
73
51
57
-161
-324
-341
-285
-79
-60
226
375
199
591
393
72
260
-287
-543
-343
-527
-270
-183
202
299
178
600
183
107
54
-164
-138
-216
-147
-128
-3
-76
93
112
-255
188
32
-226
210
-105
8
247
128
292
-76
31
-89
-615
-141
-307
13
393
148
648
277
204
111
-396
-179
-522
-289
-162
-290
136
95
546
327
237
448
-80
-54
-98
104
-466
-205
32
-412
254
-223
64
153
-266
407
-203
-239
93
-416
299
153
-173
321
168
17
-265
427
178
-193
215
-263
-212
-218
188
-318
-362
151
-370
313
19
-42
467
-393
514
336
-458
496
-481
-299
489
-594
25
458
-289
425
417
44
211
-171
-132
-355
-207
-156
-103
123
41
172
309
179
-519
426
-436
-506
572
-1129
760
402
-457
827
-422
555
-9
-257
83
-201
-43
-363
786
-313
137
243
-449
31
-640
420
-851
-147
903
-640
680
-296
23
775
-828
327
-94
5
265
-476
359
72
304
-365
-275
294
-592
436
-28
-495
354
-85
441
-79
-411
135
-299
158
-117
269
63
-726
520
166
202
687
-169
263
-233
-85
348
-787
69
185
-182
-412
174
-337
-379
918
74
18
133
118
-452
137
-2
44
-57
-596
1020
319
34
355
-582
143
-241
-557
207
-903
393
161
212
767
-700
430
-295
-282
-129
474
425
-815
423
96
278
-360
-135
341
-294
91
-327
11
-857
256
187
-916
717
76
197
240
-41
-431
-11
297
-974
114
476
658
548
-328
-622
-576
-171
185
237
-187
305
92
531
-297
334
11
-1775
1287
-555
-271
986
-525
952
-361
396
-188
-1073
1269
-241
77
-481
-265
1084
-524
1094
-618
-697
-435
-728
533
-1027
1208
-218
-652
1349
257
1026
242
-361
-262
-750
-97
-52
-389
771
-151
-60
729
-1098
167
-44
-1162
377
61
696
28
301
966
-626
78
-1054
-6
17
-726
212
-95
1447
87
447
508
-1374
263
63
-180
198
307
1264
-673
-182
-482
-773
-515
-1600
274
-310
708
404
587
593
50
765
-758
576
-178
-46
-273
-503
588
-336
1236
214
-261
711
-416
-254
-1253
-1031
114
-676
454
-57
524
1026
-358
212
-715
-370
-237
-321
905
602
1044
1129
206
401
-813
-496
-756
-627
291
-1457
-249
69
372
559
-751
-285
-730
462
480
-695
814
756
989
755
261
1123
-326
84
-883
-2258
-607
-562
320
1282
1110
818
987
-454
-2334
-1843
-1452
204
759
180
1680
597
1481
1343
-1175
-45
-1547
-503
-209
-639
1641
-235
1337
1160
-1115
-401
-1038
-827
-1094
-350
-277
747
2092
1038
1219
-868
-736
-702
-1810
-264
-476
471
1280
1575
1042
290
606
-1361
-1771
-874
-731
248
959
497
220
1276
507
198
-71
-1535
-205
-132
-895
-191
-14
360
911
-472
-867
-497
-436
253
173
851
338
818
1231
37
461
-426
-629
-240
-693
149
-607
-11
116
-347
467
-1216
492
-325
-666
1074
-937
1301
1058
-349
-204
-1170
147
127
204
469
-1
28
367
732
-268
211
68
-447
-194
-1164
116
-105
-396
523
-656
-555
-470
-1092
-93
888
917
1365
604
340
674
441
583
-304
-518
-833
-1316
-1031
-373
787
1339
1020
-100
-804
-1494
-1618
-440
91
938
853
1024
1231
-128
657
-330
-680
219
-829
98
818
-325
-258
1041
-127
-510
-560
-1113
-65
-708
-1133
-215
182
293
1560
1649
278
1396
934
-1021
-46
323
-762
-436
-393
-909
980
547
-161
-6
-2322
-1286
-1029
-1062
32
207
1566
1146
1508
829
-271
299
-198
-275
208
805
130
710
384
-974
-182
-593
-828
-733
-617
-940
-649
4
-375
296
-87
1069
1507
915
1411
-299
-294
-814
-156
938
-148
1385
270
-508
-417
-1780
-986
-933
-404
471
250
-376
-363
-311
41
768
667
1105
-161
-178
946
111
-156
-243
375
88
-623
9
729
851
-1
-257
-1644
-1874
-862
-749
583
249
1486
1511
-128
1293
815
-22
-567
-1082
-1003
-313
-242
-450
872
474
986
546
-510
355
-1197
-1552
-726
-469
673
1822
2025
934
249
-427
-1233
-1596
-1934
-1719
-108
291
-126
1686
1717
696
553
-97
-345
-369
-354
-143
823
799
675
607
-314
-658
-871
-205
-721
-886
372
-240
-253
698
859
605
-259
-1131
-1151
-884
-813
-64
340
1593
2800
1505
1794
163
-1661
-980
-1839
-181
-715
-986
953
-318
422
533
317
-23
-1496
66
-627
-367
975
4
1028
219
379
947
281
461
91
96
-1360
-683
-141
-523
415
-46
1229
165
-806
462
-989
-26
69
-1178
-274
-992
-128
411
-232
995
1211
1382
1326
709
202
-1336
-1842
-1711
-1536
-40
108
236
1654
1060
563
440
-925
-953
-405
-375
-360
23
842
1035
1117
648
-227
-776
-1279
-708
-511
-63
1113
598
1103
1139
510
1410
-652
-1710
-1000
-1723
-1432
-1787
-624
514
635
1854
1002
676
-89
-876
478
471
1124
1520
736
-6
-519
-448
-1139
-655
-1197
-1152
69
-546
696
973
517
222
-530
-63
-206
-203
-142
-245
82
474
271
123
-382
-1091
358
697
788
1264
765
894
-165
-146
149
-585
-645
-1116
-1204
-1270
-713
520
1180
1122
54
-563
-938
-730
-387
-541
-19
183
799
1037
574
303
-176
348
1155
-186
-388
485
-519
944
932
199
1152
-719
-735
-728
-978
-475
-1032
406
-450
-971
-14
-664
-79
-292
377
1016
1110
906
-856
-388
-225
821
818
-776
178
-251
441
715
106
825
63
258
236
-845
-663
-791
-1798
-1584
-1348
-272
1226
489
561
-395
-640
1084
735
572
571
122
121
325
627
960
633
366
516
-429
-666
-350
-674
-446
-241
-408
-866
-451
244
-266
-518
-260
-26
-194
-610
-987
-225
806
505
817
-120
-191
1712
1062
1072
620
-292
116
-403
-270
-870
-140
773
-61
434
-183
-49
-476
-1351
214
-328
-438
-234
-596
214
-148
431
899
1287
1163
-285
-143
-847
-1027
-620
-966
268
799
544
603
156
146
-34
-350
-208
-515
-252
-628
-552
723
418
1087
981
-439
-604
-814
-536
-381
289
536
464
1259
107
-399
69
-403
-63
-62
-400
-418
-228
250
471
569
160
24
236
-156
-545
-664
-179
349
367
484
314
-94
-71
-222
-810
-486
205
56
19
336
622
227
-180
47
-90
-365
-493
121
321
-56
307
157
657
902
43
259
72
-212
193
270
-112
-762
-760
-659
-858
-941
-359
-94
-71
421
-407
-85
402
-410
-206
-310
46
416
604
921
844
884
570
458
-19
-131
-478
-898
-144
-357
-530
-480
-325
305
176
-102
-822
-1077
-65
-64
-102
518
269
648
614
-221
227
168
166
895
398
350
871
304
445
166
-575
258
-251
-560
-108
-720
50
-18
-372
187
-607
-582
-418
-248
596
-226
-339
462
183
417
328
-115
323
268
-207
-254
-357
-112
483
261
164
477
424
-165
-912
-417
-158
-217
-369
-776
-262
-132
294
346
26
-47
-133
354
-17
533
494
-14
701
172
540
297
-245
166
-109
306
-215
-135
44
-308
103
-401
-253
-107
-588
-913
-827
-272
10
98
-138
-52
143
-122
-334
-341
146
595
440
130
442
609
349
91
-216
167
137
245
302
-59
191
-37
172
158
69
276
-142
21
-141
-367
-213
-294
-234
-81
-116
-373
-364
-309
3
-142
-665
-411
-608
-606
-333
-492
-111
-13
-21
83
106
461
376
118
186
412
619
824
873
903
1073
1001
970
732
432
266
-14
-87
329
560
379
762
561
85
-15
-514
-445
-755
-866
-194
-278
-206
-93
299
318
-419
-367
-537
-508
-431
-559
-278
-131
114
21
-20
-103
-24
-263
-904
-552
-646
-366
18
-264
182
-154
-574
-382
-662
-865
-1118
-1196
-766
-528
-585
-566
-675
-714
-673
-841
-837
-1087
-714
-218
-474
-140
-434
-615
-300
-528
-312
-149
158
427
511
910
1161
1319
1475
1718
1743
1927
2128
2137
2798
3199
3480
3958
3953
3828
3677
3685
3297
3047
3028
2485
2339
2095
1644
1298
896
169
-652
-1112
-1700
-1799
-2123
-2400
-2325
-2961
-2913
-3024
-3408
-3033
-3350
-3379
-3037
-3269
-2735
-2417
-2481
-2020
-2081
-2199
-2046
-1649
-1203
-885
-711
-996
-982
-949
-867
-1005
-1183
-932
-1238
-1294
-1576
-1849
-1725
-2028
-1936
-2584
-3169
-3250
-3655
-3226
-3072
-2614
-2144
-2111
-1789
-2359
-2519
-2511
-2238
-1584
-931
547
1746
4156
6634
8124
9633
9716
9895
10169
10259
10848
10744
10597
10533
10139
9709
9176
8152
6690
5102
2874
1037
-428
-2067
-2774
-3356
-3941
-4597
-5849
-6878
-7695
-8278
-8459
-8197
-7411
-6463
-5471
-4078
-2391
-908
116
555
509
280
499
1051
1382
1909
2246
2125
2317
2245
1642
1187
614
1
-359
-1011
-1838
-2599
-3149
-2903
-2707
-2906
-3371
-3928
-3909
-3919
-3573
-3219
-3138
-2558
-2249
-2045
-1551
-1264
-1420
-1448
-1504
-1605
-1262
-951
-582
-228
-16
-283
-483
-741
-1673
-2025
-2421
-2798
-2681
-2792
-2570
-1810
-1135
-395
189
-291
-813
-1422
-1813
-798
903
3603
6660
9009
10278
10424
10473
10630
11050
11726
11817
11230
10470
9775
9604
9494
9079
8094
5768
3249
706
-1780
-3257
-4264
-4734
-4892
-5489
-6837
-8419
-9850
-11300
-11483
-10947
-10621
-9781
-8861
-7327
-4802
-1874
649
1833
2152
1836
1763
2686
4101
6034
7725
8534
8566
7769
6487
5211
4226
3465
2624
1290
-359
-1961
-3085
-3310
-3472
-3942
-4954
-6502
-8068
-9123
-9001
-8479
-7481
-6433
-5642
-4700
-4482
-4244
-3968
-3530
-2734
-2031
-1176
-624
-23
578
1236
1943
2071
1747
930
86
-361
-475
-234
-8
-208
-561
-1336
-2312
-2884
-3460
-3392
-3181
-3345
-3256
-3662
-3872
-3410
-2473
-555
1814
4715
7414
8898
9549
9445
9678
11011
12823
14300
14540
13677
12638
12144
12308
12541
11710
9386
6426
3484
1025
-484
-1305
-1861
-2352
-3441
-5572
-8199
-10720
-12487
-12903
-12329
-11370
-10311
-9513
-8939
-7702
-5836
-4081
-2747
-2378
-2597
-2371
-810
2088
5353
7899
9002
9230
8501
7243
6068
4920
4967
5372
5453
5117
3377
1371
-621
-2421
-3471
-4848
-6420
-8105
-9501
-9556
-8955
-7990
-7350
-7390
-7316
-7492
-7281
-6501
-5620
-4222
-2710
-1075
327
1072
1593
1715
1484
1239
1084
946
882
1153
1676
1944
1668
1071
184
-902
-1795
-2332
-2621
-2756
-2704
-2502
-2291
-2051
-1781
-1783
-2084
-2319
-2169
-1091
1073
3680
6201
7999
8542
8388
8256
8571
9642
10986
11802
11862
11527
11303
11241
11076
10452
8924
6562
4049
2072
900
420
198
-280
-1379
-3392
-6119
-8685
-10253
-10663
-10123
-9133
-8513
-8553
-8803
-8539
-7523
-6048
-4757
-4096
-3959
-3676
-2387
-108
2831
5264
6630
6731
5349
3971
3278
3960
5369
6526
7198
6261
4502
2189
251
-841
-1998
-2940
-4488
-6025
-6978
-7513
-7115
-6429
-6117
-6687
-7431
-8015
-8156
-6680
-4640
-2511
-757
-110
349
480
590
961
1161
1226
924
826
1167
1552
1958
2057
1513
408
-880
-2056
-2829
-3059
-2593
-1822
-1645
-2210
-3419
-4199
-4144
-3578
-2496
-2188
-2671
-3359
-3159
-1065
2074
5973
9307
10711
9878
7460
5927
6894
10299
14505
16892
16256
13522
10684
9635
9986
10495
10202
8001
5057
2384
720
443
121
-291
-1629
-4578
-8185
-11980
-13953
-13389
-11246
-8614
-7774
-9076
-11468
-13203
-12306
-9318
-6039
-4172
-4280
-5080
-4729
-2403
1076
4206
5944
5994
4832
3771
3855
5237
7767
10612
12190
11248
7933
3732
726
261
1565
2566
1372
-1847
-5207
-7069
-6880
-6070
-5962
-6883
-8269
-8943
-8621
-7101
-5157
-3713
-2804
-2726
-2959
-2929
-2546
-1300
754
2664
3565
3009
1471
224
124
1153
2390
2825
2018
326
-1058
-1475
-1167
-715
-1065
-2417
-3897
-4871
-4722
-3408
-2001
-1342
-1882
-3434
-4802
-4692
-2368
1878
6371
9101
8984
6746
4821
5150
8285
12588
15465
15767
13705
11340
10281
10623
11439
11018
9122
6358
3712
1998
1043
506
-181
-1586
-4022
-7263
-10449
-12291
-12026
-10204
-8275
-8075
-9978
-12330
-13358
-12010
-8785
-5755
-4300
-4607
-5622
-5132
-2588
726
3520
4712
4485
3825
3443
4238
6339
8733
10427
10827
9662
7159
4409
3055
3322
3811
3524
1946
-665
-3437
-5151
-5296
-5473
-6509
-8000
-9081
-9099
-8380
-7007
-5910
-5793
-6100
-6051
-5050
-3332
-1308
564
1815
2411
2599
2619
2608
2671
2694
2564
2349
2163
1853
1212
473
-41
-458
-1187
-2331
-3630
-4729
-5253
-4937
-3927
-2900
-2567
-3182
-4435
-5598
-5841
-4554
-1567
2642
6706
8890
8525
6581
5124
6080
9846
14545
17100
16060
12965
10702
10591
11669
12112
10907
8302
5372
3498
2900
2458
1051
-1080
-3273
-5570
-8304
-10921
-12057
-11524
-9794
-8667
-9440
-11943
-14701
-14602
-11675
-7459
-4658
-4627
-5836
-6948
-5514
-2175
1420
3902
4414
4333
3786
3794
4776
6587
9193
11275
11973
10485
7586
5085
4371
5249
5985
5455
2973
-177
-2600
-3712
-3620
-4313
-5820
-7601
-8742
-8417
-7913
-7311
-6997
-7082
-6909
-6402
-5243
-3920
-2561
-997
455
1589
2268
2381
2212
2416
2894
3100
2852
2404
1817
1016
408
88
-387
-1178
-2074
-3192
-4739
-6166
-6783
-6479
-5545
-4421
-3974
-4929
-6486
-7122
-5998
-3299
517
4427
6963
7383
6312
5807
6951
10333
14661
17451
17521
14886
12671
12098
12711
13230
12300
10777
8119
5585
3854
2550
1396
-654
-2681
-5127
-7888
-10106
-11221
-10849
-10434
-10815
-12142
-13768
-14442
-13256
-10418
-7437
-5663
-5557
-6534
-7218
-5902
-2384
1644
4449
5415
4971
4084
3978
5079
6665
7982
9134
10131
10250
9033
7053
5254
3963
3404
3459
3079
1317
-1045
-2495
-2956
-3937
-6145
-8129
-8975
-8237
-6795
-6143
-6437
-7609
-7677
-6528
-5388
-4045
-2704
-947
261
739
1218
1248
1458
2397
3600
3823
2926
2308
2315
2032
1123
131
-866
-1976
-2866
-3343
-4031
-5425
-6807
-7348
-7044
-6273
-5477
-5370
-6109
-6671
-6131
-4644
-2345
1301
5713
8639
8614
6863
6263
8924
14436
19472
20278
16882
13335
12788
14248
15154
14632
12897
10033
6609
3722
1926
983
111
-1861
-5287
-8686
-10439
-10868
-11347
-12373
-13568
-14554
-14818
-13970
-12394
-10622
-8701
-6993
-6574
-7379
-7347
-4812
-632
2923
4615
4792
4502
4686
5700
6974
7642
8038
9015
10073
10045
9110
7926
6203
3725
1571
995
1367
1586
544
-2178
-5160
-7096
-7520
-7826
-8522
-8291
-7284
-6535
-6987
-7766
-7585
-6658
-5249
-3462
-1266
1098
2703
2789
1740
888
1774
4064
6212
6728
5079
3042
1922
1998
1981
1021
-26
-1165
-2351
-3891
-4926
-5212
-6334
-8389
-10015
-9388
-7427
-5931
-5505
-6591
-7948
-8029
-5929
-2395
1166
5172
8663
9464
7362
5036
7039
13982
21469
24225
20158
14062
11718
13500
15913
16263
15499
13776
9628
4052
49
-572
364
-578
-4396
-8681
-10577
-10555
-11433
-13906
-15833
-15920
-15159
-14482
-13364
-11446
-9601
-8780
-8786
-8340
-6182
-2464
885
2445
3021
4021
5189
5763
6388
7849
9236
9274
9017
9339
9572
9019
7742
6100
3643
2046
2346
2819
1789
-815
-3176
-5250
-6806
-7219
-7186
-7359
-7903
-7554
-6850
-7264
-8275
-8292
-6640
-4640
-2957
-987
1147
2266
1617
157
305
2666
5507
7027
6777
5811
3899
1612
763
1544
2513
1692
-263
-2192
-4159
-5482
-5623
-5498
-6833
-8916
-9416
-8519
-8041
-8054
-7618
-7265
-7539
-7323
-5400
-2191
1106
3979
6283
7631
7665
7207
8320
12653
18883
22469
20582
15236
11726
12531
15061
16865
16885
15100
11139
5210
186
-1632
-66
1744
-94
-5206
-9945
-11834
-12562
-14059
-14884
-13676
-12198
-12707
-14376
-14673
-12849
-10549
-8971
-7570
-5352
-2577
-897
-214
867
2819
4814
5710
6606
8048
9009
8979
8172
7838
8034
8570
8742
6901
4263
2715
2336
1676
176
-728
-1585
-3441
-5942
-7446
-6539
-5597
-6778
-8424
-8107
-6711
-6769
-7191
-5820
-3612
-2707
-2967
-2186
226
2230
2456
2348
3317
4466
4878
4977
4987
4342
3084
2173
2251
2634
2162
509
-1691
-3333
-4404
-4924
-5147
-6046
-7165
-8145
-8732
-9181
-9452
-8205
-6330
-5501
-6110
-6806
-5784
-3431
-768
1998
5336
8688
9732
7787
6146
8676
14894
20689
22427
19495
14226
10068
9726
13314
17937
19469
15590
7383
-719
-3799
-1185
3062
3107
-1681
-7501
-12051
-14147
-14525
-12948
-10215
-9458
-11622
-15498
-16894
-14343
-10739
-8106
-6502
-4920
-3800
-3890
-3731
-1661
1672
4577
5876
6416
6684
6312
5789
5299
6093
7760
9496
9917
7609
4763
2218
1342
1650
1791
2815
1925
-1205
-5082
-7601
-6011
-4047
-3508
-4466
-6315
-6224
-6192
-6644
-5976
-3918
-1834
-2581
-3636
-1520
1654
2278
683
92
1297
2559
3313
4169
4340
3161
1638
791
836
1449
1781
545
-2046
-3971
-3871
-2934
-3138
-4128
-5632
-7135
-7765
-7449
-5674
-4086
-3427
-3713
-5030
-5308
-4329
-2463
-406
1521
4007
5770
6050
5683
5864
7214
9824
13768
17312
16975
11831
6604
6845
12206
17097
17064
12573
6220
161
-3071
-1000
4749
8092
4390
-4503
-11522
-13252
-10884
-7134
-4834
-4701
-8123
-13027
-15354
-13941
-9577
-5990
-4558
-4830
-6018
-6390
-6096
-4900
-2208
1485
4392
4750
3373
2116
1663
2169
4123
6824
8699
8442
6018
3017
692
1016
3620
5951
6628
4213
167
-3669
-4855
-1690
2043
2738
-735
-5130
-6600
-5828
-4152
-2371
-1059
-1504
-4157
-6278
-5013
-1405
919
434
-1195
-2004
-1808
-841
754
2069
2064
610
-1198
-1700
-237
1580
1527
-347
-1954
-2179
-1713
-1493
-1834
-2448
-3196
-3742
-3558
-2769
-2413
-3163
-4389
-4550
-3104
-1537
-610
-853
-1426
-1282
-840
882
3174
5509
6764
5575
4435
5063
8193
11871
12934
11311
8674
7713
8879
10313
10639
9524
7271
4615
2816
2721
3501
2894
160
-2948
-4495
-4389
-4113
-4767
-6431
-8101
-8567
-8194
-8084
-8349
-8262
-7852
-7549
-6912
-5388
-4240
-4727
-5192
-4010
-1181
1003
1148
719
166
686
2131
3940
5872
5703
4116
2361
1879
3179
4291
5334
5320
3785
1495
-776
-678
1147
3305
3921
1190
-2434
-4305
-2925
-709
-654
-1482
-2901
-4129
-4646
-4082
-2056
-1031
-1367
-3038
-4594
-3230
-549
718
-659
-2054
-1487
-1085
-1056
-202
980
840
-341
-775
-368
180
785
967
-47
-1361
-1519
-817
-519
-688
-558
-633
-1779
-3007
-2839
-1862
-1414
-1298
-1069
-1430
-2654
-3376
-2735
-1600
-254
1588
2936
2705
1872
1847
2994
5614
9684
12818
11052
6082
3380
5509
10483
13283
12537
8697
3616
412
39
3631
7820
7238
1058
-6222
-7823
-5019
-2370
-1408
-2619
-5267
-9218
-11298
-9545
-6605
-4468
-4645
-5927
-6584
-6531
-6008
-5397
-3446
-561
955
429
-896
-1103
247
1835
2917
4346
5561
4940
3046
2326
3447
3991
3997
4473
4788
4342
2303
313
-699
-240
1975
2980
1633
-1788
-4538
-4085
-2587
-1544
-1800
-2442
-3511
-6149
-6760
-4066
-1203
-1728
-4389
-4483
-3278
-2713
-1648
182
905
-679
-1774
-816
808
2227
3051
2574
1296
933
1538
2012
2452
3113
2617
760
-93
569
702
-105
-455
-273
-582
-1659
-3124
-4074
-3550
-2227
-1697
-2354
-3652
-4852
-5025
-4023
-2578
-1040
591
1370
523
-462
272
2866
6397
9441
9769
6951
4127
4626
8265
11453
12330
10358
6275
3142
2322
4502
7428
7605
4003
-1782
-4349
-3044
-1274
-894
-2348
-3953
-6204
-8225
-8014
-6413
-4499
-4722
-6270
-6575
-5706
-4769
-4955
-3968
-1436
-172
-582
-1297
-1058
-247
706
2246
3717
3738
2447
1112
1666
3292
3687
3211
2197
1799
1565
832
646
382
203
-334
-414
14
-1567
-3138
-2961
-1949
-1532
-1961
-1748
-2588
-4199
-4560
-3625
-1221
652
296
-2035
-3397
-1779
-256
417
2186
3035
488
-1616
120
2202
2625
3260
2642
-391
-1159
1491
2505
1661
2113
1567
-1758
-2933
-124
1344
-156
-1007
-1468
-3351
-3882
-2019
-1572
-2846
-2727
-2362
-3502
-3717
-2505
-2461
-2949
-2143
-1493
-1443
-104
1447
960
216
1256
2747
4488
7458
8448
4675
1084
3178
8236
10891
9712
5645
1512
1155
4283
6845
6911
4545
-28
-3528
-1835
2674
3745
559
-3185
-5685
-5972
-2911
416
-437
-4012
-6005
-5708
-3992
-1334
-360
-2356
-4002
-2989
-1246
-345
-387
-1469
-2089
-1220
486
1068
277
-356
-1171
-969
354
1313
1290
-224
-1230
-1177
-8
1462
506
-975
-828
435
653
-758
-814
-72
614
1331
904
-384
-1778
-1454
162
1282
1668
405
-1648
-2308
-1161
383
1411
1794
323
-2285
-2545
102
1628
898
432
-155
-1910
-2607
83
2249
1023
-268
-1129
-1738
-1141
810
1718
405
-150
-889
-1826
-855
970
1198
-379
-1181
-1584
-2187
-1968
-1118
-522
-669
-1473
-3128
-4236
-3348
-1929
-1594
-1203
-62
-206
-1751
-2057
-491
1484
3598
5417
4674
1702
611
3148
6569
8486
8369
5947
3137
2539
4446
7145
8577
7389
3266
111
984
3183
3916
2978
1241
-1304
-3427
-3148
-1808
-1420
-2202
-3787
-5502
-5908
-4848
-4398
-4963
-4919
-4455
-4725
-4889
-4498
-4283
-3561
-2431
-1963
-1974
-1381
-603
-862
-265
1468
2056
1365
837
1508
2684
3877
4213
2597
788
1469
3625
4416
3724
2303
904
96
503
1784
2146
1443
-558
-2781
-2762
-1067
-82
-1024
-2161
-2897
-4296
-4478
-2730
-1232
-1507
-2483
-2820
-3136
-2423
-216
1073
582
76
400
431
763
2245
2791
1708
1521
2345
1962
1324
1963
2220
1430
1254
1228
81
-770
-471
-435
-818
-999
-2014
-3851
-4257
-3163
-2792
-3338
-3730
-4450
-5584
-5227
-3485
-2730
-2947
-2458
-1828
-1674
-822
470
1779
3269
4930
5377
4181
4458
6272
8274
9663
9338
7898
5811
5495
7070
7972
7877
6064
3411
1164
623
2185
2570
1262
-1003
-3479
-4678
-4661
-3584
-3307
-4305
-5591
-7103
-7404
-6191
-5202
-5348
-5428
-4866
-4652
-4473
-3465
-2396
-2066
-1745
-1041
-183
860
1651
1716
1661
2156
2691
2936
3442
3906
3336
2245
2021
2416
2578
2782
2849
1855
-19
-1139
-546
979
1741
780
-1307
-2912
-2927
-2346
-1181
-28
-802
-2873
-4230
-3221
-2028
-1529
-386
-801
-2310
-2553
-1271
70
607
1127
402
-409
693
1657
1484
1527
2333
1794
427
767
1595
1572
1004
865
438
-469
-307
35
-178
-485
-827
-1617
-2216
-1850
-1567
-1955
-1931
-1469
-2323
-3274
-2649
-1704
-1551
-1753
-1434
-1758
-2310
-1431
-503
-240
20
718
1060
855
1477
2139
2779
3856
4543
4085
3231
3822
4516
4539
4669
4726
4027
3115
3401
3431
2968
2590
1861
961
587
1050
639
-399
-1047
-1701
-2015
-1666
-1328
-1971
-2820
-2989
-3020
-3000
-2428
-2091
-2885
-3526
-2938
-2107
-1874
-1763
-1645
-1678
-1426
-971
-696
-224
466
679
555
689
843
815
980
1349
1667
1911
1763
941
289
627
1250
1227
889
831
555
-144
-468
-266
-153
-160
-309
-731
-928
-1157
-1570
-1725
-1365
-788
-941
-1402
-1813
-1925
-1454
-1134
-503
-14
-604
-1356
-1047
304
834
710
740
157
-132
571
1561
1687
1348
922
-206
-157
1163
1855
1284
124
-404
-790
-367
774
463
-838
-1711
-1602
-1014
-542
-330
-1387
-2702
-2457
-1592
-1055
-540
-504
-1692
-2729
-1818
-112
427
80
-112
-79
115
581
1192
1804
2379
2619
2245
1906
2291
3035
3602
3715
3135
2263
1876
2203
2810
3089
2670
1502
198
-83
876
1815
1485
-75
-1705
-2209
-1367
-208
-98
-1151
-2281
-2663
-2260
-1469
-857
-924
-1675
-2258
-1780
-692
-197
-543
-982
-801
25
710
598
80
-74
318
988
1515
1327
330
-387
95
1079
1525
1098
-13
-878
-754
-68
384
83
-881
-1578
-1384
-805
-693
-1030
-1319
-1555
-1609
-1124
-467
-559
-1258
-1485
-985
-335
41
135
-263
-541
131
715
795
840
640
318
292
997
1384
792
457
314
122
195
516
497
-110
-231
-294
-724
-685
-418
-524
-964
-934
-573
-723
-885
-813
-796
-658
-342
-81
-248
-545
-459
-202
164
408
294
352
511
338
117
394
972
762
291
506
446
156
345
743
969
711
418
368
305
471
845
1255
1298
637
137
126
558
1225
1298
1044
479
-79
172
657
1017
958
560
308
51
71
476
803
536
67
100
129
195
273
39
-218
-275
9
155
117
-25
-508
-903
-648
22
44
-502
-893
-1087
-1070
-780
-596
-658
-710
-1018
-1098
-821
-623
-552
-866
-788
-447
-377
-210
-353
-479
-446
-207
274
253
284
142
-310
-115
393
647
324
10
100
97
53
61
57
-261
-535
-288
14
-22
-531
-860
-865
-750
-283
-168
-389
-528
-746
-913
-638
115
353
-86
-314
-82
126
103
313
689
840
796
700
606
568
588
623
858
1129
909
363
53
26
83
274
397
166
-303
-680
-762
-591
-191
-188
-749
-1063
-901
-599
-612
-456
-274
-659
-710
-478
-152
286
330
297
159
189
584
805
1111
1215
929
837
1034
1354
1333
1169
1121
995
1097
1220
1164
1069
809
589
449
497
707
640
402
2
-259
-189
-177
-95
-193
-419
-467
-533
-535
-605
-672
-593
-576
-551
-486
-596
-702
-426
-268
-503
-477
-188
-155
-275
-160
-13
-164
-307
-242
-207
-142
-1
-162
-507
-489
-219
-259
-444
-300
-340
-596
-504
-419
-530
-706
-592
-285
-418
-506
-570
-838
-593
-154
-100
-242
-325
-356
-460
-239
174
274
233
57
-100
-49
212
448
328
408
521
232
23
53
276
468
561
473
105
-77
29
211
396
471
289
-73
-217
0
224
240
214
72
-204
-242
27
279
148
-19
23
-106
-123
-4
40
144
208
198
-92
-269
-8
95
202
439
365
44
-222
-47
342
571
685
401
63
112
339
556
610
615
358
68
350
712
723
503
320
213
212
479
614
427
234
92
-79
-50
234
319
27
-256
-305
-287
-123
89
-137
-534
-581
-396
-255
-133
-75
-459
-869
-640
-293
-206
-251
-246
-479
-915
-541
-73
-64
-143
-454
-521
-441
-203
-82
-280
-222
-251
-378
-403
-237
-149
-348
-262
-94
-228
-425
-375
-191
-133
-92
-103
-328
-390
-103
-9
-51
19
-84
-201
-54
248
397
164
-97
-59
173
529
737
433
-37
-90
246
571
711
711
242
-271
-152
282
739
691
156
-252
-270
-18
170
338
266
-64
-444
-465
30
180
-34
-197
-226
-205
-271
-145
-56
-48
33
-49
-143
-183
-108
35
173
400
299
-66
-160
103
406
453
414
359
177
47
182
465
588
408
126
105
274
310
239
248
265
182
85
72
65
51
171
218
26
-108
-108
-104
-25
102
137
31
-154
-232
-235
-200
-46
56
-22
-260
-428
-345
-242
-239
-172
-204
-347
-354
-431
-463
-428
-354
-296
-459
-397
-418
-513
-413
-351
-195
-261
-313
-286
-338
-120
24
-3
-94
-153
-52
18
178
247
87
47
122
247
283
270
286
171
190
278
311
339
259
198
82
166
363
312
192
52
33
49
139
239
182
93
-77
-136
-5
248
285
-12
-127
-100
-38
95
189
163
-65
-227
-159
1
155
153
-11
-199
-186
-15
30
47
12
-114
-162
-93
70
10
-152
-190
-172
-28
122
184
9
-213
-268
-179
127
293
195
-8
-110
-100
-80
135
396
378
97
-112
-101
70
280
359
264
46
-49
-24
31
239
314
93
-146
-173
-58
-33
18
26
-156
-237
-197
-178
-135
-70
-125
-287
-277
-159
-203
-233
-145
-148
-167
-140
-94
-92
-116
-79
-69
-37
-20
-8
2
-45
-24
-10
29
80
80
55
-5
-16
-21
31
140
119
-1
-79
-23
22
42
146
135
3
-71
-25
115
177
180
115
-19
-35
49
144
212
255
182
-51
-110
73
234
229
144
92
-31
-102
-10
110
201
116
-74
-155
-85
21
-3
-26
-52
-108
-98
-84
-64
-59
-103
-132
-100
-33
1
-51
-150
-175
-84
62
82
-39
-75
-70
-86
-2
81
32
-73
-94
-10
57
47
5
-56
-79
-6
4
-11
50
-31
-139
-87
-27
-2
3
-3
-43
-104
-75
-32
-1
55
34
-22
-27
-20
-38
2
100
81
0
16
70
47
36
78
75
128
154
51
-48
-22
71
77
107
107
-7
-90
-73
23
94
77
-42
-78
-19
-32
-28
-6
-6
-43
-71
-34
-3
10
-37
-103
-83
16
77
6
-30
-25
-54
-9
70
109
74
4
-43
-19
75
118
129
100
15
-32
5
91
104
71
45
-38
-53
36
49
0
-6
-2
-68
-63
69
49
-41
-57
-68
-38
-12
35
38
-42
-59
-57
-28
35
50
11
-62
-64
-2
24
-6
-81
-115
-88
-26
12
-12
-51
-100
-157
-119
22
88
-1
-100
-122
-152
-122
23
84
31
-38
-95
-143
-129
2
99
100
28
-101
-162
-54
90
120
91
41
-26
-61
21
165
149
88
62
-1
27
107
157
105
49
77
35
45
123
122
47
-5
13
12
52
89
49
-26
-65
-21
-5
10
8
-44
-62
-74
-16
-2
-26
0
-71
-49
22
27
-14
-66
-20
-22
-10
72
53
-43
-72
-36
23
63
64
-22
-69
-11
52
47
28
40
-17
-45
7
93
69
-9
-62
-85
-12
55
41
15
-34
-114
-92
-15
80
91
23
-60
-134
-66
70
123
79
-5
-82
-79
3
49
69
64
-25
-106
-74
16
12
-20
-4
-66
-138
-100
-52
-46
-45
-40
-95
-139
-99
-58
-36
-30
-33
-65
-77
-81
-50
-1
9
28
48
6
-51
-29
43
130
136
74
39
-8
-28
85
202
173
65
0
-14
29
122
187
129
2
-35
-28
21
102
93
26
-40
-40
-20
-15
43
63
5
-54
-57
-15
-21
-26
-15
-9
-7
-43
-54
-52
-50
-22
-7
-11
-22
-53
-74
-22
7
9
7
-23
-51
-43
34
45
0
0
0
0
0
0
0
0
0
0
0
0
0
0
0
0
0
0
0
0
0
0
0
0
0
0
0
0
0
0
0
0
0
0
0
0
0
0
0
0
0
0
0
0
0
0
0
0
0
0
0
0
0
0
0
0
0
0
0
0
0
0
0
0
0
0
0
0
0
0
0
0
0
0
0
0
0
0
0
0
0
0
0
0
0
0
0
0
0
0
0
0
0
0
0
0
0
0
0
0
0
0
0
0
0
0
0
0
0
0
0
0
0
0
0
0
0
0
0
0
0
0
0
0
0
0
0
0
0
0
0
0
0
0
0
0
0
0
0
0
0
0
0
0
0
0
0
0
0
0
0
0
0
0
0
0
0
0
0
0
0
0
0
0
0
0
0
0
0
0
0
0
0
0
0
0
0
0
0
0
0
0
0
0
0
0
0
0
0
0
0
0
0
0
0
0
0
0
0
0
0
0
0
0
0
0
0
0
0
0
0
0
0
0
0
0
0
0
0
0
0
0
0
0
0
0
0
0
0
0
0
0
0
0
0
0
0
0
0
0
0
0
0
0
0
0
0
0
0
0
0
0
0
0
0
0
0
0
0
0
0
0
0
0
0
0
0
0
0
0
0
0
0
0
0
0
0
0
0
0
0
0
0
0
0
0
0
0
0
0
0
0
0
0
0
0
0
0
0
0
0
0
0
0
0
0
0
0
0
0
0
0
0
0
0
0
0
0
0
0
0
0
0
0
0
0
0
0
0
0
0
0
0
0
0
0
0
0
0
0
0
0
0
0
0
0
0
0
0
0
0
0
0
0
0
0
0
0
0
0
0
0
0
0
0
0
0
0
0
0
0
0
0
0
0
0
0
0
0
0
0
0
0
0
0
0
0
0
0
0
0
0
0
0
0
0
0
0
0
0
