0
0
0
0
0
0
0
0
0
0
0
0
0
0
0
0
0
0
0
0
0
0
0
0
0
0
0
0
0
0
0
0
0
0
0
0
0
0
0
0
0
0
0
0
0
0
0
0
0
0
0
0
0
0
0
0
0
0
0
0
0
0
0
0
0
0
0
0
0
0
0
0
0
0
0
0
0
0
0
0
0
0
0
0
0
0
0
0
0
0
0
0
0
0
0
0
0
0
0
0
0
0
0
0
0
0
0
0
0
0
0
0
0
0
0
0
0
0
0
0
0
0
0
0
0
0
0
0
0
0
0
0
0
0
0
0
0
0
0
0
0
0
0
0
0
0
0
0
0
0
0
0
0
0
0
0
0
0
0
0
0
0
0
0
0
0
0
0
0
0
0
0
0
0
0
0
0
0
0
0
0
0
0
0
0
0
0
0
0
0
0
0
0
0
0
0
0
0
0
0
0
0
0
0
0
0
0
0
0
0
0
0
0
0
0
0
0
0
0
0
0
0
0
0
0
0
0
0
0
0
0
0
0
0
0
0
0
0
0
0
0
0
0
0
0
0
0
0
0
0
0
0
0
0
0
0
0
0
0
0
0
0
0
0
0
0
0
0
0
0
0
0
0
0
0
0
0
0
0
0
0
0
0
0
0
0
0
0
0
0
0
0
0
0
0
0
0
0
0
0
0
0
0
0
0
0
0
0
0
0
0
0
0
0
0
0
0
0
0
0
0
0
0
0
0
0
0
0
0
0
0
0
0
0
0
0
0
0
0
0
0
0
0
0
0
0
0
0
0
0
0
0
0
0
0
0
0
0
0
0
0
0
0
0
0
0
0
0
0
0
0
0
0
0
0
0
0
0
0
0
0
0
0
0
0
0
0
0
0
0
0
0
0
0
0
0
-252
-262
-280
-300
-306
-307
-322
-338
-335
-344
-344
-345
-357
-349
-343
-349
-354
-343
-305
-273
-256
-233
-198
-172
-161
-135
-106
-90
-64
-40
-27
12
35
37
69
92
103
106
98
113
92
61
76
80
68
68
75
73
69
64
64
64
54
56
51
51
76
86
94
118
125
142
177
199
227
263
287
298
346
370
387
437
452
474
501
516
566
601
627
670
689
672
687
701
670
673
672
662
648
606
590
535
478
434
345
280
202
115
33
-49
-114
-201
-278
-348
-445
-541
-620
-702
-782
-841
-897
-967
-1026
-1056
-1086
-1116
-1125
-1127
-1132
-1146
-1143
-1103
-1071
-1051
-986
-929
-909
-844
-768
-724
-648
-571
-533
-433
-366
-317
-202
-153
-99
-28
15
85
132
172
212
252
275
293
328
341
360
377
393
413
413
414
413
397
391
385
356
351
331
290
286
277
249
242
214
184
189
176
172
198
234
253
296
372
377
431
512
505
590
659
679
784
834
891
977
1014
1075
1134
1148
1149
1170
1136
1115
1120
1067
1010
985
912
785
741
639
516
437
297
185
64
-1
-109
-234
-313
-476
-556
-678
-840
-858
-948
-1087
-1072
-1140
-1234
-1166
-1256
-1299
-1235
-1317
-1274
-1244
-1275
-1229
-1213
-1158
-1170
-1140
-1081
-1055
-993
-927
-861
-803
-743
-729
-671
-593
-541
-474
-391
-362
-307
-229
-239
-159
-95
-117
-37
-32
-47
28
-1
6
27
20
52
57
122
157
166
242
276
323
354
381
440
471
504
549
566
596
634
614
648
662
618
648
657
622
653
645
564
628
589
518
639
538
491
595
504
498
591
538
533
625
590
614
693
668
698
740
770
722
726
821
684
725
811
613
746
760
526
670
575
339
455
325
107
214
147
-22
10
-64
-152
-209
-341
-373
-472
-570
-551
-639
-682
-631
-704
-687
-619
-722
-670
-605
-660
-565
-579
-577
-447
-525
-517
-415
-527
-505
-461
-528
-476
-536
-510
-441
-595
-510
-499
-641
-540
-580
-592
-560
-598
-551
-586
-622
-622
-623
-696
-663
-640
-656
-610
-593
-605
-660
-557
-538
-566
-504
-474
-441
-409
-303
-304
-256
-145
-200
-60
6
-21
140
197
257
352
458
532
537
656
669
626
700
637
636
678
585
662
663
538
637
547
439
549
380
303
428
304
218
301
252
176
248
236
207
288
310
391
452
485
697
721
721
965
910
940
1177
1073
1180
1329
1144
1285
1364
1134
1220
1249
958
1017
1071
672
651
711
405
289
244
112
-120
-206
-208
-516
-559
-512
-801
-861
-868
-1097
-1116
-1067
-1226
-1218
-1044
-1147
-1216
-971
-1006
-1132
-795
-753
-919
-618
-510
-638
-452
-238
-419
-319
15
-257
-199
120
-74
-145
77
21
-233
-66
-84
-360
-284
-306
-511
-471
-481
-757
-607
-601
-992
-747
-751
-1097
-856
-892
-1028
-870
-991
-842
-752
-955
-711
-613
-691
-566
-377
-262
-315
-94
106
78
258
366
410
515
572
614
716
837
732
840
1017
738
820
1058
681
658
927
589
498
611
362
282
269
144
44
71
-67
-202
-73
-242
-241
-95
-212
-117
3
14
158
179
425
573
498
955
844
1015
1400
1141
1558
1743
1423
1815
1950
1658
1844
1892
1753
1619
1734
1568
1415
1455
1080
1072
880
473
549
251
-240
69
-330
-771
-375
-794
-1002
-1032
-977
-1241
-1658
-1014
-1456
-1834
-1019
-1631
-1592
-993
-1691
-1174
-907
-1590
-918
-768
-1260
-749
-515
-874
-745
-233
-693
-455
-135
-598
-182
-289
-351
-183
-374
-194
-319
-426
-229
-509
-452
-403
-632
-537
-667
-753
-593
-868
-939
-586
-925
-1062
-597
-863
-1055
-584
-719
-814
-394
-587
-449
22
-391
-115
284
56
71
342
570
331
341
755
727
349
895
980
565
918
958
791
750
877
764
751
797
508
810
585
348
734
239
261
458
53
93
190
44
-246
101
141
-434
44
325
-285
52
544
30
390
707
483
1040
901
962
1647
1247
1178
2038
1625
1131
2198
1768
1145
2067
1538
1242
1495
1119
1165
638
724
715
-8
370
56
-297
-216
-456
-372
-1098
-731
-504
-1859
-780
-858
-2105
-809
-1249
-1850
-966
-1395
-1414
-1178
-1005
-1234
-1166
-315
-1396
-621
-105
-1399
36
-316
-1092
351
-575
-660
162
-355
-439
-393
280
-605
-670
515
-967
-615
311
-1245
-418
-269
-1068
-622
-675
-669
-1251
-693
-652
-1485
-812
-845
-1398
-871
-994
-1056
-860
-988
-573
-860
-702
-353
-567
-385
-167
-86
-148
83
437
162
313
744
671
647
638
1001
1165
521
1090
1402
532
1223
1075
755
868
674
876
498
508
561
498
302
323
470
47
-80
301
226
-468
46
591
-241
-106
825
621
-285
1090
1634
-189
1448
2135
445
1753
2077
1242
2109
1597
1707
2459
975
1707
2467
658
1203
1999
786
81
1236
1068
-1217
512
971
-1623
-503
386
-1066
-1894
-269
-666
-2512
-1229
-673
-2146
-2248
-850
-1375
-2437
-1316
-513
-1922
-1780
-179
-1126
-1756
-281
-201
-1144
-521
574
-425
-652
715
9
-457
272
534
-263
-143
846
18
-450
426
225
-493
-475
-108
-314
-950
-526
-373
-803
-1221
-940
-621
-1420
-1504
-810
-1314
-1772
-1102
-1124
-1359
-1250
-1051
-818
-1290
-806
-451
-1180
-292
-367
-450
307
-315
373
756
-181
1010
1133
-223
1265
1371
371
923
1468
1136
560
1247
1547
366
468
1625
437
-252
1376
611
-755
931
625
-952
266
423
-752
-213
338
-167
-237
383
786
308
448
1587
1029
969
1901
1732
1749
2117
2334
2189
2661
2246
2506
2670
1639
3048
1692
1191
2802
1010
703
1725
1241
-490
448
1151
-1371
-526
142
-1555
-1327
-1157
-1511
-1637
-1724
-1860
-1912
-1659
-2070
-2290
-1440
-1912
-2849
-946
-1647
-2236
-918
-1404
-859
-1311
-605
9
-1019
-268
372
-136
-71
428
226
371
197
402
602
60
282
323
-69
227
-69
-754
350
37
-1677
-1
98
-1943
-846
-669
-1317
-1479
-1776
-686
-1379
-2505
-998
-753
-1884
-1558
-894
-996
-1399
-1348
-229
-182
-1287
-453
276
-400
-60
126
-72
835
372
-217
1639
1202
-290
1302
2032
775
354
1484
1518
174
555
1039
820
161
-55
922
196
-51
201
-97
295
-818
-794
593
-348
-1031
554
734
-149
600
886
953
1080
1171
2089
2136
1889
2493
3070
2563
2485
3361
2557
2475
3215
2411
2430
2663
2154
1565
1664
1969
755
548
1117
-201
-654
164
-755
-1704
-954
-1059
-2263
-1803
-915
-2648
-2704
-924
-3109
-2790
-1159
-2657
-1931
-2266
-1489
-1286
-2536
-443
-1012
-1318
-551
-273
-44
-739
459
644
260
875
677
25
683
774
201
873
636
262
-385
337
653
-785
-186
-544
-824
-899
-1751
-589
-1306
-2894
-1287
-812
-2108
-1858
-956
-1364
-2350
-1102
-746
-2088
-1115
-926
-1132
-218
-481
-660
-470
207
218
-295
1118
727
-545
1046
1014
155
888
806
427
513
1190
586
60
1036
31
0
1334
476
-218
422
432
-152
-95
289
214
-422
-347
-184
-381
-487
-174
510
122
1005
1188
292
1695
1838
1705
2919
3237
2808
2675
3266
3503
2924
2842
3808
3252
2342
3418
2965
1603
1995
1834
1126
1336
843
-3
53
-484
-912
-731
-1192
-1290
-1794
-2091
-1368
-2277
-2503
-1937
-2976
-2683
-2064
-2507
-2073
-1944
-2564
-2201
-1528
-2006
-1917
-1122
-1172
-823
-581
-352
613
347
154
1402
1724
558
1024
2029
1118
1024
1504
1491
694
410
886
225
328
-233
-987
-723
-1170
-1731
-1589
-1178
-2060
-2236
-1992
-2204
-2183
-2478
-2094
-1956
-2152
-2443
-2089
-1588
-2164
-1803
-847
-985
-1149
-505
-596
-401
-144
-316
584
674
513
569
690
1055
255
594
1627
750
575
1309
785
652
638
99
412
362
-135
218
337
-501
-863
-900
-876
-476
-270
406
819
751
799
1063
1768
1838
2559
3456
3274
3564
3465
3706
4249
3894
4238
4644
4377
3780
3737
3835
2843
2246
2364
2340
1278
376
641
-235
-1599
-1299
-1159
-2302
-2193
-2474
-3561
-2801
-3593
-4265
-2693
-3351
-4013
-3031
-2886
-3190
-3256
-2630
-2099
-2389
-1745
-348
-977
-1028
306
-463
-434
1036
1301
1245
2142
2741
2038
1636
1710
2279
2374
2310
3120
2074
691
1012
329
-323
-40
-1059
-1346
-1010
-2001
-2562
-2767
-2876
-3621
-3694
-1849
-2290
-3443
-2642
-2569
-3055
-3217
-2471
-1430
-1695
-1657
-539
-392
-1386
-1062
72
351
635
1054
1011
791
691
553
1060
1537
1090
795
1093
931
120
378
443
0
121
107
534
46
-704
-574
-1257
-1530
-1188
-1252
-701
396
786
697
866
843
880
2040
3636
4209
4503
4542
3859
4510
5314
5238
5530
5416
5428
5016
4479
4436
3043
1778
2265
2877
2113
1408
862
-1090
-2222
-1858
-1509
-1696
-2725
-3583
-3923
-4447
-4892
-4206
-3920
-4957
-4681
-3652
-3382
-3910
-3960
-2952
-3049
-2545
-987
-604
-697
-980
-1013
-355
34
352
1479
2260
2406
3156
3431
2759
2502
2661
2987
3729
4142
3252
1756
908
629
50
-343
-246
-1051
-2022
-2365
-2483
-3137
-4290
-3993
-3720
-3683
-2945
-3094
-3606
-4117
-4057
-3121
-2331
-1823
-1446
-1337
-1268
-613
-429
-572
301
881
769
1482
2149
1328
490
801
1241
1036
1020
1503
872
-292
-75
89
-462
-253
159
370
669
326
-586
-1625
-2352
-2334
-1740
-309
1139
1388
1011
159
-409
700
2444
4186
5815
5737
4397
3807
4403
5431
6045
6476
6825
6152
4968
4429
3980
2933
1981
2056
2655
2357
1031
-309
-1429
-2394
-2357
-1428
-1346
-2548
-3661
-4352
-5194
-5340
-4715
-4754
-4999
-4432
-4040
-4174
-4168
-4179
-3899
-3155
-1815
-631
-513
-259
-682
-1543
-826
187
782
1802
2665
2764
2736
2482
2294
2756
3308
3841
4396
4639
3486
1960
1658
1387
1093
767
-103
-738
-1285
-2123
-2998
-3495
-3627
-4299
-4532
-3335
-3008
-4105
-4715
-4648
-4384
-4061
-2966
-1581
-1974
-2742
-2247
-1453
-995
-421
877
1453
833
832
1651
1552
749
848
1525
1936
1775
1733
1025
-749
-1469
-923
178
804
542
-198
-1170
-1855
-2687
-2994
-2336
-1141
415
1768
3066
1868
-1193
-805
2180
4898
7113
8136
6376
3103
3128
5951
7184
7088
7639
7077
4866
4311
5137
4265
2245
1913
3072
3079
1687
-14
-1952
-3765
-3553
-1422
-863
-2418
-4159
-5500
-6503
-6119
-4525
-4312
-5072
-5448
-4708
-3892
-4513
-4744
-4882
-4486
-2594
-1024
-242
-823
-2049
-2054
-1075
337
1525
1864
1885
1855
1835
2191
2028
1877
3036
4153
4891
4974
3901
2136
1013
2583
4037
3204
1531
-201
-1455
-2155
-1486
-877
-1844
-3553
-4984
-4564
-3269
-3371
-4218
-4594
-4831
-4726
-4040
-2736
-2380
-3617
-3595
-2488
-1483
-971
-762
-33
-240
-210
1122
1599
1128
585
622
1267
1369
1381
959
-333
-578
-319
247
788
238
-142
-1006
-1688
-1575
-2151
-1969
-382
1094
2526
3513
2516
651
449
2914
5842
7692
8465
6772
4341
4242
6320
7150
6944
8049
7308
5037
4143
4122
3634
1991
1361
2633
2836
562
-1734
-2673
-3642
-4058
-2263
-1075
-3343
-5872
-6159
-5887
-5870
-5044
-3926
-4475
-5613
-5031
-4329
-4646
-4446
-4263
-3809
-2445
-1489
-1038
-1496
-2168
-1691
-594
684
1397
1742
1439
1156
2216
2582
3109
3322
2809
4012
4665
4581
3881
2570
2570
2956
3343
3089
1336
-562
-885
-829
-1152
-971
-1388
-2811
-4005
-3643
-3305
-3794
-3700
-3970
-4479
-4403
-3380
-3078
-4243
-3647
-3165
-3437
-2447
-1572
-847
-1628
-2073
-403
239
187
612
611
-260
-382
357
283
-99
-175
-329
-674
46
1287
819
-455
-1156
-1789
-2050
-988
405
1669
3833
5225
4022
1422
1044
3815
7134
9865
9766
6990
4449
4520
7458
8844
7692
7138
7100
4880
2719
3738
4531
2253
112
1090
1645
91
-2426
-4210
-4247
-3845
-2588
-2826
-4615
-5952
-6835
-6128
-4885
-3603
-3114
-4716
-6474
-5667
-3592
-3368
-3599
-3164
-3227
-3516
-2629
-870
-851
-1809
-1776
-956
205
828
1202
1103
985
1473
1919
2883
2860
1993
2742
4509
5536
4376
2070
1364
2915
4578
3944
2062
930
-70
-1322
-1131
129
-73
-2180
-4030
-3544
-2884
-3061
-3183
-4239
-4683
-3868
-2969
-3360
-4101
-3965
-4308
-3927
-2759
-1348
-1350
-2909
-2461
-1040
-519
-660
-548
-427
-870
-773
-225
18
-618
-1180
-654
-65
439
1253
905
-789
-1727
-1493
-736
104
1299
3548
5214
4714
3184
2248
3048
5734
9031
10851
9075
5232
4091
6221
8234
8610
8117
7425
5553
3138
2681
3620
3232
955
-84
1023
941
-1294
-3696
-4467
-3970
-3079
-2140
-2996
-5435
-7225
-7024
-5277
-3668
-2616
-3183
-4939
-5744
-4915
-3301
-2607
-2523
-2824
-3011
-2405
-1435
-593
-673
-1011
-1320
-815
748
1590
1088
383
1172
1932
1562
1686
2414
2778
2673
3734
4948
3279
707
745
2882
3850
2629
1854
1347
-567
-1891
-1290
-177
-469
-2135
-2949
-2843
-2724
-2503
-3061
-3704
-3411
-3148
-2979
-2768
-3020
-3875
-4512
-3841
-2260
-1236
-1931
-2847
-2238
-1504
-1103
-570
-520
-1209
-1967
-1283
-235
-543
-971
-1174
-1287
-799
-68
755
584
-952
-2039
-1741
-555
85
1335
4275
5780
4455
2410
2430
4094
6745
10407
11171
8403
5282
4963
7468
8033
7625
8562
8168
5430
2636
3148
4122
2020
319
1028
1686
42
-2432
-4216
-5111
-4028
-2139
-2082
-4231
-6423
-7478
-7519
-5780
-3102
-2325
-4029
-5726
-5890
-4924
-3422
-2280
-2240
-2927
-3217
-2545
-1395
-704
-1015
-1434
-913
361
1538
1979
1455
845
1347
2024
2143
1951
2610
3636
3448
3792
3744
2054
808
2137
4637
3870
1396
489
14
-1179
-1346
-128
256
-947
-2715
-3276
-3559
-3396
-2569
-2629
-2774
-3052
-3275
-3601
-3914
-3301
-3046
-3358
-2794
-1775
-2183
-3013
-2640
-1811
-1216
-920
-1086
-1399
-1332
-1015
-916
-1312
-1340
-1440
-1367
-408
63
409
51
-1030
-1722
-1462
-185
-36
248
2631
5164
5212
2801
1132
2956
7098
10058
11066
9263
5376
4345
7162
9508
8720
7644
7701
5802
3084
3276
4490
3333
971
535
1444
323
-2372
-4361
-4727
-3552
-2297
-2205
-4179
-6593
-7013
-6318
-5520
-4195
-2942
-3569
-5815
-6380
-4407
-3224
-3036
-2453
-2296
-2391
-2243
-1347
-649
-742
-606
-280
75
762
1851
1662
897
1678
2616
2380
1740
2594
3937
4030
4118
3902
2394
679
1302
3873
4297
2218
204
-588
-856
-1311
-1165
-848
-1292
-2415
-3379
-3450
-2932
-2934
-3588
-3442
-2569
-2220
-3184
-4146
-3776
-2989
-2432
-2476
-2232
-1786
-2294
-2649
-2023
-978
-413
-947
-1616
-1104
-283
-279
-1232
-2095
-1931
-1307
-100
1068
1332
237
-1635
-2165
-1097
382
967
1082
2275
4265
4748
3154
2089
3426
6520
9007
10113
8941
5780
4267
5970
8662
8792
7572
6943
5227
2645
1932
3749
4066
1450
-456
-73
-23
-1802
-3743
-4347
-3431
-2349
-2215
-3798
-6045
-6817
-6503
-5671
-4489
-3282
-3320
-5082
-6015
-4806
-3191
-2643
-2507
-2203
-2177
-2176
-1563
-721
-339
-321
-467
-370
601
1911
2223
1638
1607
2276
2454
2078
2331
3370
4270
4553
4026
2353
559
867
2935
3918
2771
959
-590
-1716
-1830
-1023
-540
-1140
-2133
-3215
-3708
-3080
-2701
-3093
-3541
-2993
-2419
-3026
-3428
-3291
-3200
-2996
-2248
-1657
-1978
-2413
-2174
-1695
-1431
-815
-686
-1317
-1627
-1172
-466
-904
-1797
-1977
-1401
-414
301
628
245
-1037
-2103
-1602
-59
930
1278
2676
4568
4484
2937
2455
4514
7469
9389
9730
8092
6156
5648
6682
7882
8209
8389
7302
4252
1752
2037
3922
3738
1472
92
-443
-1400
-2947
-3903
-3559
-3215
-3227
-3918
-5362
-6221
-6361
-6146
-5614
-4512
-3400
-3816
-5231
-5664
-4622
-3252
-2411
-1930
-1534
-1521
-1715
-1255
-110
760
718
316
328
1244
2242
2322
1899
2050
2941
2887
2254
2455
3519
4374
3770
2733
1682
1093
1448
1882
2166
1588
556
-379
-1720
-2496
-2138
-1441
-1453
-2594
-3339
-2973
-2829
-3035
-3078
-2786
-2424
-2799
-2894
-2313
-2361
-2708
-2629
-1840
-1119
-1284
-1515
-1781
-1763
-967
-393
-703
-1396
-1427
-796
-698
-1423
-2109
-2096
-1273
-483
61
474
-307
-1812
-2546
-1400
818
2042
2933
3925
3841
2710
2094
3952
7359
9525
9675
7948
5905
5917
7446
8547
8189
7490
7198
5473
2978
2071
2734
3178
2129
893
57
-1130
-2501
-4104
-4954
-4166
-3009
-3263
-5381
-6865
-6607
-6597
-6725
-5695
-3738
-3067
-4646
-5794
-5182
-3932
-2885
-1886
-733
-310
-884
-1356
-851
333
1356
1589
1251
1132
1573
2172
2447
2544
2744
2854
2298
1809
2305
3463
4152
3017
1242
367
728
1732
1983
1379
141
-1054
-1840
-2462
-2527
-1748
-1287
-2116
-3039
-3071
-2528
-2728
-3035
-2340
-1574
-1534
-2494
-2692
-2065
-2104
-2246
-1976
-1167
-941
-1487
-1670
-1682
-1371
-815
-919
-1289
-1444
-1345
-1110
-1491
-1966
-2161
-2008
-1131
-402
-39
-274
-1287
-2116
-2031
-682
1134
2581
3831
4328
3611
2785
3418
5999
8734
9914
9351
7518
6271
6496
7728
8594
8139
7411
6404
4583
2581
1972
2640
2450
1053
-360
-1255
-2296
-3552
-4670
-5192
-4848
-4461
-4769
-5845
-6586
-6824
-7106
-6813
-5516
-3689
-3010
-3945
-4709
-4356
-3372
-2197
-1018
69
443
-1
12
596
1342
1943
1979
2145
2427
2513
2687
2659
2550
2419
2012
1926
2144
2536
3117
2796
1560
96
-608
101
824
694
-96
-1041
-1866
-2668
-2991
-2473
-1715
-1533
-1982
-2750
-3049
-2798
-2269
-1694
-1485
-1322
-1602
-1933
-1681
-1301
-1119
-1400
-1348
-879
-785
-1004
-1340
-1394
-1100
-1054
-1386
-1823
-2064
-1784
-1422
-1428
-1801
-2199
-1947
-1371
-690
-2
-235
-1369
-2388
-1891
-18
1710
3384
4606
4433
3417
3079
4855
7483
9251
9810
8710
7222
6829
7493
8180
7778
7273
6953
5674
3693
2091
1926
2162
1222
-210
-1327
-1782
-2448
-4093
-5351
-5619
-5243
-5088
-5708
-6111
-6472
-7048
-7342
-6958
-5263
-3420
-3037
-3995
-4788
-4076
-2615
-1421
-286
739
994
586
526
1203
1974
2377
2550
2528
2497
2785
3135
3048
2629
2326
2146
1954
2034
2613
3107
2503
755
-814
-954
10
694
320
-711
-1729
-2539
-3131
-3169
-2436
-1560
-1480
-2210
-2826
-2738
-2280
-1916
-1614
-1279
-1133
-1262
-1274
-993
-894
-1263
-1568
-1309
-806
-666
-950
-1220
-1274
-1379
-1634
-1757
-1720
-1776
-1829
-1804
-2100
-2573
-2386
-1652
-1254
-1126
-883
-1110
-1968
-2052
-580
1292
2691
3902
4619
4146
3277
3936
6345
8544
9376
9088
7885
6698
6799
7709
7935
7219
6513
5946
4558
2629
1758
2005
1702
235
-1176
-1687
-2068
-3210
-4761
-5775
-5858
-5413
-5192
-5572
-6154
-6470
-6612
-6567
-5725
-4015
-2662
-2701
-3485
-3594
-2639
-1427
-517
292
1004
1317
1283
1281
1616
2154
2598
2919
2884
2549
2637
2974
2704
2004
1566
1539
1729
2034
2343
2064
780
-800
-1528
-1001
13
230
-707
-1858
-2395
-2584
-2785
-2583
-1918
-1614
-1902
-2077
-1849
-1620
-1526
-1391
-1239
-1112
-922
-666
-404
-288
-487
-834
-995
-854
-624
-603
-658
-603
-728
-1245
-1898
-2099
-1586
-1146
-1442
-2082
-2646
-2802
-2018
-740
-272
-853
-1500
-1855
-2125
-1748
-400
1102
2286
3421
4189
3834
2922
3186
5061
7265
8574
8469
7184
5834
5603
6382
6820
6389
5907
5439
4257
2667
1738
1662
1323
83
-938
-1010
-1241
-2446
-3968
-4966
-5122
-4635
-4154
-4224
-4780
-5353
-5554
-5227
-4345
-3204
-2429
-2386
-2831
-2981
-2310
-1360
-731
-206
317
621
816
1112
1308
1154
1023
1414
1988
2162
2035
1927
1739
1291
872
901
1321
1852
2169
1695
260
-1092
-1129
-140
597
456
-389
-1386
-1954
-2117
-2190
-2075
-1694
-1472
-1709
-1986
-1773
-1371
-1289
-1212
-916
-949
-1191
-819
-89
137
-115
-374
-595
-827
-840
-506
-100
80
-34
-408
-877
-1169
-1156
-902
-603
-577
-909
-1228
-1303
-1301
-1237
-906
-479
-375
-633
-1091
-1658
-2034
-1808
-737
959
2504
3261
2950
1579
243
628
3021
5886
7405
6893
4882
2774
2255
3683
5576
6303
5488
3922
2575
1982
2321
2995
2921
1910
697
-170
-621
-786
-824
-978
-1463
-2219
-2929
-3104
-2568
-1918
-1875
-2480
-3254
-3794
-3880
-3276
-2216
-1605
-1928
-2768
-3386
-3148
-2058
-954
-559
-811
-1233
-1355
-918
-198
324
601
711
675
736
912
1020
1144
1297
1491
1828
1946
1632
1399
1586
1928
2006
1456
387
-420
-363
187
340
-269
-1152
-1696
-1795
-1579
-1224
-1198
-1644
-2075
-2150
-1832
-1380
-1209
-1317
-1518
-1705
-1648
-1307
-759
-186
-57
-271
-475
-605
-430
-76
156
74
-250
-251
48
265
300
48
-396
-711
-642
-415
-299
-260
-471
-815
-1012
-1098
-1094
-1089
-1124
-1125
-1018
-573
276
1052
1269
1020
876
1408
2548
3613
4089
4091
3995
3940
4056
4503
5020
5045
4414
3684
3486
3761
3933
3635
2877
1801
697
16
54
388
516
221
-591
-1526
-2416
-3175
-3483
-3265
-2705
-2399
-2777
-3673
-4490
-4600
-3973
-3111
-2595
-2561
-2737
-2677
-2249
-1764
-1326
-1064
-963
-803
-551
-99
414
801
981
969
1106
1354
1579
1872
2270
2704
2895
2757
2355
2024
1946
1684
1238
777
427
231
-3
-316
-884
-1643
-2097
-2041
-1859
-1700
-1538
-1630
-1961
-2357
-2502
-2398
-2058
-1533
-1257
-1254
-1347
-1311
-1253
-1144
-848
-508
-168
40
241
331
222
232
429
473
226
-26
-141
-61
86
242
145
-268
-594
-642
-258
136
288
156
-398
-974
-1294
-1298
-1160
-949
-580
-84
390
526
377
260
514
1329
2518
3587
3999
3797
3556
3683
4056
4415
4657
4575
4126
3624
3480
3623
3458
2862
2071
1341
828
408
59
-266
-496
-716
-1261
-1985
-2699
-3176
-3160
-2929
-2709
-2713
-3072
-3468
-3689
-3460
-2886
-2365
-2014
-1964
-1894
-1579
-1099
-627
-302
-99
-119
-72
163
561
1066
1336
1355
1171
956
866
1100
1665
2046
2160
2048
1599
939
467
503
719
685
303
-196
-683
-1151
-1436
-1690
-1946
-2303
-2449
-2142
-1923
-1822
-1915
-2067
-2181
-2272
-2029
-1651
-1203
-960
-927
-787
-685
-429
-69
356
676
589
471
382
413
536
538
499
290
181
293
368
292
67
-45
-88
-75
79
81
-204
-519
-693
-697
-485
-313
-555
-1247
-2018
-2375
-2097
-1148
168
1119
1237
761
265
262
1030
2402
3731
4391
4357
4019
3797
3929
4302
4564
4461
3977
3352
2994
3087
3231
2894
2050
1063
254
-197
-296
-282
-502
-1110
-1935
-2689
-3204
-3427
-3326
-3072
-2959
-3041
-3116
-3098
-2940
-2511
-1921
-1526
-1461
-1423
-1137
-480
353
952
1176
934
484
254
558
1159
1709
2114
1987
1481
745
274
310
615
1278
1630
1482
774
-158
-615
-675
-349
-48
-203
-940
-1858
-2447
-2554
-2322
-2067
-1969
-2205
-2387
-2414
-2280
-2013
-1891
-1759
-1619
-1265
-855
-689
-516
-295
-20
319
619
642
482
568
951
1339
1489
1272
711
242
248
596
958
1020
638
84
-255
-329
-237
-211
-509
-959
-1258
-1371
-1196
-704
-289
-282
-599
-1066
-1536
-1756
-1687
-1554
-1322
-865
-149
780
1568
1806
1544
1158
1155
1903
3220
4576
5109
4717
4036
3411
3343
3661
3984
4027
3476
2771
2198
1865
1700
1440
963
265
-426
-1060
-1503
-1700
-1799
-1802
-1891
-2122
-2543
-3052
-3371
-3280
-2609
-1883
-1338
-1088
-1293
-1485
-1418
-938
-313
168
589
746
745
795
846
884
958
997
969
973
953
909
935
1003
986
779
360
-192
-555
-618
-521
-413
-547
-876
-1246
-1496
-1528
-1569
-1683
-1933
-2196
-2225
-2089
-1824
-1646
-1627
-1635
-1604
-1342
-993
-691
-523
-522
-455
-280
-4
306
593
860
1127
1266
1101
766
541
674
882
976
903
522
82
-147
-14
203
202
-36
-407
-746
-836
-647
-586
-864
-1447
-1905
-2055
-1855
-1187
-473
-108
-361
-933
-1477
-1711
-1417
-947
-535
-180
443
1281
2099
2644
2658
2364
2081
2341
3187
4291
5113
5253
4896
4210
3629
3362
3212
2943
2569
2325
2083
1727
1239
571
-217
-924
-1407
-1713
-1943
-2220
-2500
-2606
-2447
-2222
-2289
-2640
-3029
-3079
-2627
-1962
-1322
-942
-766
-606
-395
-17
347
602
759
876
1077
1257
1314
1255
1182
1201
1257
1231
1089
901
663
399
80
-314
-647
-887
-1005
-973
-875
-910
-1127
-1412
-1720
-1829
-1813
-1760
-1660
-1782
-2002
-2084
-1982
-1826
-1629
-1348
-1075
-840
-605
-370
-257
-61
196
431
666
836
1041
1134
1149
1066
924
879
826
802
699
541
410
247
-4
-345
-553
-536
-356
-217
-367
-757
-995
-860
-628
-614
-935
-1546
-2177
-2372
-1911
-1152
-588
-316
-315
-640
-1061
-1350
-1571
-1574
-1112
-267
757
1766
2537
3005
3204
3174
3131
3280
3648
4207
4759
5013
4939
4680
4357
4155
4014
3628
2895
1892
930
366
243
250
146
-175
-867
-1771
-2748
-3530
-3750
-3525
-3058
-2679
-2619
-2824
-3127
-3162
-2782
-2132
-1512
-1172
-1070
-985
-609
67
860
1430
1587
1493
1266
1213
1288
1419
1605
1654
1646
1573
1480
1280
1055
793
378
-85
-768
-1473
-1906
-1883
-1513
-1103
-958
-1200
-1554
-1995
-2310
-2227
-1946
-1633
-1401
-1278
-1400
-1603
-1559
-1368
-964
-636
-357
-448
-613
-399
133
870
1278
1408
970
526
543
931
1481
1741
1540
928
353
82
147
414
431
111
-350
-805
-984
-882
-657
-567
-646
-882
-1243
-1450
-1531
-1554
-1523
-1558
-1641
-1694
-1659
-1381
-854
-291
46
-15
-409
-1018
-1459
-1221
-417
668
2011
3319
4211
4505
4249
3841
3643
3903
4697
5497
5723
5358
4681
4090
3844
3728
3320
2372
1047
-182
-940
-1222
-1253
-1193
-1186
-1462
-2063
-2840
-3698
-4463
-4727
-4283
-3506
-2941
-2772
-2834
-2829
-2440
-1632
-827
-438
-376
-256
142
783
1471
1919
1993
1839
1686
1659
1710
1697
1517
1229
979
875
936
1093
1226
1159
697
-239
-1516
-2758
-3512
-3521
-2868
-2009
-1499
-1508
-1838
-2074
-1885
-1456
-1153
-1142
-1345
-1409
-1152
-681
-54
491
635
539
424
241
86
150
446
849
1216
1376
1224
902
686
712
883
989
781
282
-250
-536
-539
-446
-483
-745
-1091
-1457
-1638
-1763
-1799
-1591
-1342
-924
-685
-665
-807
-1068
-1192
-1341
-1313
-1282
-1019
-512
-125
413
766
695
289
-66
-242
-357
-113
436
1331
2665
4246
5532
5825
5288
4750
4572
4716
5004
4810
3987
3189
2996
3396
3651
3030
1551
-343
-1999
-2815
-2936
-2947
-3132
-3312
-3276
-3226
-3383
-3667
-3896
-3930
-3602
-3122
-2780
-2467
-1870
-752
538
1630
2190
2143
1727
1424
1706
1905
1953
1977
1963
2124
2241
2393
2134
1494
687
-203
-985
-1707
-2033
-2208
-2151
-1922
-1720
-1610
-2070
-2715
-3376
-3809
-3761
-3507
-3027
-2481
-1597
-337
1020
1987
1987
1615
1150
890
998
1083
1103
890
984
1357
1505
1326
674
-76
-811
-1193
-1179
-1233
-1206
-866
-191
362
611
692
609
482
326
190
-260
-838
-1010
-874
-597
-602
-634
-764
-1128
-1296
-1356
-1278
-1355
-1363
-1318
-1420
-1399
-1315
-1092
-1118
-1226
-1257
-1124
-576
59
619
613
204
-65
-26
294
838
1913
3447
4972
6029
6335
6035
5924
6402
7022
6827
5372
3527
2374
2481
2843
2435
1170
-494
-1680
-2387
-2642
-3126
-4171
-5030
-5442
-5311
-4889
-4302
-3729
-3274
-2751
-2135
-1461
-873
-276
420
1046
1539
2188
2937
3602
3972
3926
3617
2989
2560
2284
1869
1256
511
90
-268
-530
-857
-1425
-2250
-3195
-3915
-4507
-4551
-4129
-3463
-3007
-3036
-3016
-2795
-2311
-1903
-1781
-2209
-2699
-2157
-657
1159
2251
2686
2931
3080
3511
3705
3467
2573
1316
629
89
-197
-337
-492
-417
-565
-705
-912
-1103
-919
-648
-533
-335
177
797
1458
1909
2012
1640
1221
975
443
-216
-1074
-1733
-2049
-2101
-1812
-1790
-1809
-1709
-1736
-1915
-2450
-3075
-3569
-3863
-3677
-3211
-2559
-1696
-969
-251
245
457
793
934
895
640
206
203
613
1702
3516
5449
6901
7185
6864
6747
7012
7483
7114
5438
3279
1913
1723
1908
1595
421
-1072
-2156
-2619
-2774
-3074
-3629
-4478
-5186
-5357
-4940
-4077
-3390
-2919
-2492
-1686
-287
977
1770
2018
2049
2318
2921
3708
4122
4079
3963
3765
3397
2944
2227
1381
288
-861
-1723
-2499
-2806
-3187
-3757
-4356
-5082
-5128
-4704
-4058
-3517
-3361
-3325
-3303
-2950
-2167
-1142
-276
-56
-382
-490
-202
703
1839
2286
2316
2325
2826
3145
3077
2940
2383
1920
1253
499
-270
-996
-1177
-1364
-1705
-1900
-1659
-1062
-486
-217
14
198
635
1538
1960
2154
2005
1851
2009
1832
1797
1109
-160
-1118
-1810
-1947
-2137
-2305
-2299
-2611
-2684
-2500
-2333
-2328
-2650
-2902
-3297
-3684
-3476
-2935
-2175
-1358
-718
-297
-230
-63
235
211
189
269
426
583
701
1582
3326
5276
6657
7035
7165
7549
8167
8435
7412
5506
3697
2686
2089
1117
51
-886
-1639
-2161
-2422
-2472
-2715
-3180
-3753
-4359
-4679
-4524
-4212
-4138
-3933
-2949
-1271
327
1425
2324
3136
3742
4177
4509
4514
4082
3463
2852
2293
1733
1434
964
136
-640
-1263
-1522
-2142
-3086
-4189
-5361
-5843
-5908
-5468
-4926
-4335
-3328
-2344
-1306
-571
-88
488
926
1109
797
200
40
325
828
1187
1158
1397
1876
2468
2789
2379
1706
818
118
-428
-967
-1347
-1909
-2320
-2428
-2119
-1336
-637
-395
-497
-487
-201
449
1205
1639
1796
1900
2374
2988
3411
3451
2813
1816
727
33
-480
-1134
-1635
-2187
-2622
-2881
-2629
-2118
-2020
-2114
-2413
-2802
-3213
-3320
-3026
-2813
-2738
-2652
-2331
-1873
-1489
-1040
-547
-340
-39
419
520
341
271
522
632
974
1998
3540
5203
6304
7206
8031
8895
9601
9279
7807
5749
4268
3250
1934
311
-1236
-2140
-2709
-3001
-2978
-3170
-3469
-3845
-4243
-4447
-4563
-4510
-4645
-4837
-4183
-2689
-838
600
1328
2175
3287
4428
5411
5531
5025
4431
3730
3165
2486
1612
712
-387
-1086
-1328
-1638
-2036
-2765
-3561
-4229
-4800
-5100
-5522
-5849
-5757
-5233
-4156
-2975
-1783
-748
15
800
1476
2013
2114
1713
1264
945
782
604
426
406
598
930
1260
1536
1517
1353
1138
855
536
-204
-1014
-1618
-1932
-1822
-1631
-1384
-1222
-968
-243
729
1499
1993
2292
2338
2279
2201
2289
2182
1717
1266
683
267
45
-287
-890
-1719
-2130
-2300
-2522
-2710
-2940
-2905
-2627
-2242
-2084
-2348
-2486
-2531
-2523
-2353
-2090
-1737
-1583
-1379
-1084
-830
-331
128
416
525
669
960
1009
1010
1010
1088
1594
2647
3908
4619
5065
5920
7022
8110
8740
8424
7481
6407
5305
4077
2437
614
-922
-2227
-3204
-3635
-3777
-4001
-4295
-4353
-4032
-3484
-2990
-2878
-3032
-2895
-2250
-1412
-833
-480
232
1400
2493
3312
3928
4264
4409
4450
4184
3534
2590
1420
189
-958
-1965
-2844
-3744
-4530
-4809
-4619
-4385
-4344
-4321
-4201
-4026
-3745
-3294
-2826
-2471
-2176
-1823
-1200
-378
495
1012
1049
1230
1621
1968
1887
1552
1430
1339
1299
1201
1163
1265
1278
1420
1561
1540
1548
1464
1071
554
185
-64
-372
-748
-971
-1058
-1079
-823
-349
89
513
986
1391
1654
1780
1691
1218
431
-227
-741
-1460
-2140
-2384
-2359
-2317
-2033
-1597
-1184
-848
-699
-570
-797
-1260
-1626
-2025
-2341
-2618
-2579
-2310
-2185
-1928
-1423
-909
-614
-383
15
420
576
627
728
691
584
588
665
854
1320
2193
3329
4323
5261
6456
7576
8317
8732
8632
7985
7069
5907
4419
2599
662
-886
-2071
-3122
-3768
-4083
-4440
-4584
-4291
-3820
-3400
-3351
-3362
-3194
-3009
-2608
-2213
-1830
-1391
-739
253
1138
1927
2651
3217
3432
3367
3277
3051
2484
1586
639
-336
-1182
-1947
-2579
-3051
-3592
-3812
-3949
-4122
-4075
-4051
-3931
-3692
-3350
-2929
-2676
-2480
-2014
-1323
-743
-215
168
483
961
1413
1785
1933
2062
2331
2486
2669
2734
2647
2442
2034
1893
1755
1764
1546
1007
633
430
380
73
-399
-976
-1377
-1739
-1652
-1423
-1267
-913
-668
-250
220
675
926
924
742
410
66
-230
-507
-628
-883
-848
-755
-768
-615
-596
-519
-673
-723
-891
-1202
-1638
-1930
-1968
-2177
-2229
-2201
-2201
-2098
-1904
-1774
-1547
-1301
-941
-661
-484
-78
367
763
1083
1255
1399
1667
1913
2221
2796
3598
4404
5014
5593
6356
7145
7662
7745
7349
6582
5737
4885
3669
1959
240
-1147
-2389
-3523
-4349
-4924
-5345
-5498
-5262
-4805
-4324
-3848
-3427
-3050
-2518
-1864
-1447
-1188
-960
-556
-34
241
661
1114
1579
2281
2815
3094
3027
2689
2216
1616
982
263
-653
-1712
-2497
-2959
-3344
-3678
-3961
-4068
-3837
-3288
-2637
-2098
-1732
-1474
-1191
-841
-507
-346
-382
-450
-370
-81
284
570
769
1068
1560
2101
2571
2886
3022
2944
2827
2577
2171
1768
1002
265
-284
-744
-922
-1295
-1731
-1772
-1494
-1134
-777
-606
-550
-388
-169
117
170
218
324
204
208
369
542
477
304
212
14
-53
-96
-175
-303
-552
-553
-586
-752
-936
-1204
-1409
-1659
-1752
-1761
-1928
-2035
-1997
-1836
-1664
-1494
-1277
-1082
-920
-596
-236
109
427
728
1197
1485
1754
2084
2304
2459
2570
3034
3587
3908
4156
4514
4944
5384
5795
5911
5639
4979
4395
3798
2824
1558
93
-1213
-2478
-3517
-4235
-4954
-5396
-5463
-5191
-4621
-4066
-3593
-3096
-2669
-2032
-1396
-1104
-974
-973
-748
-351
162
627
929
1294
1658
2315
2942
3282
3275
2863
2471
2010
1494
674
-393
-1257
-2049
-2674
-3213
-3578
-3735
-3809
-3448
-2856
-2290
-1827
-1431
-930
-589
-289
-97
-216
-391
-480
-348
-156
-139
-21
398
927
1606
2305
2739
2975
3129
3155
2936
2575
1963
1142
262
-558
-1109
-1726
-2304
-2599
-2641
-2425
-2051
-1522
-1040
-590
-94
316
617
817
914
769
516
372
259
80
-114
-179
-184
-51
232
347
353
412
564
598
372
60
-404
-875
-1155
-1370
-1684
-2114
-2392
-2440
-2318
-2012
-1641
-1315
-1040
-750
-325
172
579
839
893
916
995
968
1020
1160
1183
1346
1799
2377
2988
3574
4218
4796
5147
5512
5696
5392
4887
4281
3412
2295
1080
-58
-1201
-2348
-3200
-3876
-4460
-4740
-4692
-4425
-4136
-3701
-3182
-2773
-2275
-1794
-1479
-1298
-1202
-1046
-844
-534
-59
282
593
1102
1673
2308
2853
3253
3400
3274
3163
2887
2400
1749
941
60
-811
-1543
-2268
-2917
-3384
-3642
-3671
-3488
-3086
-2653
-2210
-1753
-1353
-1033
-827
-672
-619
-600
-493
-337
-163
15
318
737
1231
1816
2328
2672
2833
2858
2721
2388
1947
1333
574
-176
-837
-1454
-2023
-2390
-2537
-2521
-2315
-1929
-1458
-929
-316
277
747
1116
1400
1502
1403
1231
1006
690
354
72
-163
-292
-245
-74
154
348
510
596
598
587
379
-24
-516
-1045
-1503
-1936
-2239
-2428
-2595
-2587
-2406
-2069
-1594
-1062
-524
-61
327
676
949
1093
1112
1007
843
738
671
701
903
1278
1778
2274
2865
3597
4277
4841
5242
5371
5220
4861
4345
3533
2387
1211
59
-1105
-2144
-2977
-3619
-4109
-4295
-4154
-3879
-3557
-3127
-2646
-2208
-1776
-1400
-1119
-983
-875
-754
-674
-530
-320
54
498
988
1533
2100
2674
3071
3363
3446
3258
2830
2180
1448
600
-243
-1092
-1976
-2733
-3232
-3468
-3561
-3478
-3198
-2831
-2457
-1946
-1364
-906
-604
-397
-205
-153
-163
-139
-153
-152
-107
114
408
617
910
1257
1572
1822
1954
1978
1735
1327
962
514
-38
-647
-1234
-1700
-2014
-2086
-2002
-1887
-1639
-1125
-467
155
714
1176
1429
1468
1527
1549
1323
991
681
401
119
-44
-116
-236
-209
-25
150
255
321
359
255
34
-231
-598
-1032
-1502
-1948
-2294
-2563
-2639
-2553
-2375
-2075
-1667
-1119
-547
22
492
758
999
1181
1229
1193
1184
1158
1050
1170
1536
1891
2290
2823
3474
4104
4572
4956
5151
5036
4874
4535
3727
2705
1653
590
-427
-1461
-2429
-3191
-3764
-4011
-3920
-3764
-3568
-3196
-2693
-2163
-1683
-1276
-955
-809
-710
-539
-467
-463
-354
-200
40
411
780
1161
1575
1926
2231
2451
2484
2380
2106
1637
1082
422
-290
-990
-1725
-2328
-2713
-2998
-3090
-2989
-2790
-2474
-2066
-1579
-1113
-799
-523
-287
-140
-28
-46
-159
-231
-328
-405
-380
-369
-347
-211
7
257
478
662
817
841
789
776
628
260
-119
-414
-643
-799
-862
-848
-812
-630
-232
148
472
821
1042
1146
1285
1368
1272
1049
785
504
228
55
-56
-216
-349
-359
-307
-232
-102
-53
-126
-288
-470
-599
-859
-1184
-1543
-1904
-2110
-2233
-2237
-2175
-2042
-1733
-1346
-915
-451
4
444
888
1253
1520
1788
1988
2170
2417
2644
2871
3121
3360
3646
4020
4245
4363
4422
4246
4027
3688
3126
2399
1578
745
-156
-1014
-1839
-2534
-3082
-3485
-3601
-3630
-3547
-3308
-2959
-2509
-2041
-1574
-1223
-962
-685
-439
-304
-234
-167
-121
-65
75
313
559
791
1042
1293
1495
1655
1772
1752
1533
1223
902
467
-30
-553
-1122
-1662
-2075
-2257
-2400
-2477
-2373
-2195
-1890
-1538
-1183
-868
-623
-408
-299
-268
-321
-454
-584
-724
-880
-983
-986
-889
-744
-539
-237
20
263
586
834
970
1076
1051
893
713
508
329
124
-82
-201
-308
-315
-234
-51
182
327
553
756
832
979
1090
1056
921
703
508
292
43
-93
-262
-525
-717
-820
-842
-907
-1007
-1018
-1072
-1146
-1135
-1169
-1225
-1267
-1311
-1286
-1238
-1152
-986
-787
-555
-278
56
438
886
1377
1871
2361
2840
3285
3671
3996
4232
4377
4430
4353
4147
3874
3525
3081
2586
1983
1343
730
94
-489
-1042
-1580
-2054
-2444
-2731
-2927
-2999
-3014
-2969
-2785
-2572
-2318
-1999
-1733
-1466
-1181
-912
-652
-438
-218
-30
120
360
587
720
853
971
1082
1190
1254
1297
1178
943
813
627
366
123
-134
-429
-720
-874
-1015
-1189
-1278
-1321
-1364
-1396
-1397
-1411
-1438
-1441
-1455
-1494
-1532
-1553
-1540
-1459
-1346
-1235
-1086
-909
-690
-404
-126
116
355
559
700
856
953
931
925
887
812
734
588
520
465
387
392
369
340
378
436
482
495
497
466
423
343
206
90
-107
-290
-435
-608
-774
-872
-939
-1012
-1002
-1020
-995
-939
-860
-729
-641
-546
-434
-353
-257
-131
-27
48
187
390
643
924
1216
1545
1888
2275
2658
3034
3286
3474
3591
3565
3459
3203
2851
2435
1961
1452
927
377
-116
-564
-939
-1174
-1388
-1570
-1677
-1717
-1714
-1654
-1640
-1622
-1597
-1585
-1484
-1406
-1327
-1229
-1148
-1007
-791
-582
-343
-48
190
424
693
889
1037
1152
1202
1208
1147
1016
877
668
406
210
8
-250
-472
-644
-797
-937
-1048
-1120
-1233
-1350
-1374
-1413
-1519
-1580
-1604
-1644
-1666
-1631
-1564
-1498
-1380
-1207
-1027
-811
-568
-350
-109
128
296
466
629
717
753
803
841
831
844
821
760
705
647
627
590
536
467
366
285
200
102
-32
-173
-280
-405
-516
-577
-633
-713
-724
-681
-660
-611
-556
-472
-386
-324
-201
-100
-56
5
107
192
244
325
446
553
653
846
1035
1192
1365
1552
1728
1834
1973
2066
2052
1998
1908
1774
1555
1344
1117
822
542
312
107
-98
-257
-368
-477
-565
-592
-607
-658
-686
-700
-739
-767
-782
-802
-818
-840
-822
-758
-716
-647
-519
-377
-236
-95
39
178
314
428
533
603
641
645
655
649
595
543
437
315
200
103
-23
-195
-343
-475
-632
-782
-867
-981
-1132
-1211
-1257
-1338
-1372
-1337
-1336
-1278
-1196
-1112
-1021
-905
-731
-605
-488
-356
-210
-102
5
132
233
293
367
450
478
515
574
584
569
583
564
511
486
453
385
299
217
153
71
-40
-129
-191
-280
-359
-395
-447
-500
-485
-470
-468
-446
-436
-396
-350
-299
-196
-133
-73
44
136
234
351
433
505
581
654
732
803
878
933
965
1004
1051
1088
1090
1072
1042
993
932
846
742
635
523
403
277
158
46
-63
-138
-181
-232
-294
-312
-281
-249
-231
-205
-189
-193
-185
-152
-122
-117
-118
-127
-132
-99
-58
-40
-46
-26
11
14
38
65
55
43
27
27
22
-23
-68
-117
-184
-248
-296
-340
-402
-438
-454
-474
-453
-426
-416
-409
-369
-314
-312
-313
-301
-310
-335
-346
-352
-379
-396
-398
-366
-347
-367
-339
-312
-292
-227
-196
-171
-131
-106
-62
-18
9
42
50
47
62
69
71
76
89
90
91
123
147
173
201
203
182
157
152
136
116
86
51
26
-2
6
15
5
-3
-12
-12
-5
10
17
11
21
67
101
124
167
203
221
256
292
306
322
328
346
377
377
388
389
368
374
379
369
337
301
273
231
204
196
161
111
72
53
41
-5
-38
-20
-22
-47
-50
-52
-61
-46
-19
-8
-2
-14
-17
-6
-14
-16
-30
-44
-68
-64
-25
-34
-38
-40
-42
-38
-57
-51
-55
-87
-87
-78
-107
-146
-160
-166
-191
-220
-229
-250
-276
-273
-255
-243
-240
-226
-202
-173
-130
-90
-75
-55
-41
-40
-30
-32
-50
-58
-63
-81
-96
-101
-102
-94
-104
-86
-90
-117
-97
-99
-111
-105
-86
-74
-66
-18
14
-3
-12
-6
-8
-3
10
9
-5
5
47
86
107
128
146
146
140
147
145
126
114
119
110
88
79
76
55
28
5
-15
-22
-19
-19
-36
-30
5
0
7
32
32
34
45
60
54
51
66
66
78
102
109
111
125
134
141
158
168
182
184
164
166
159
135
113
87
62
46
43
34
24
18
15
27
18
5
-2
-17
-18
-23
-24
-22
-37
-43
-44
-51
-66
-59
-55
-85
-89
-73
-65
-63
-47
-20
-13
-14
-12
-18
-21
-24
-17
-10
-14
-6
3
-4
0
3
-6
-7
-14
-20
-26
-41
-41
-40
-25
-23
-43
-39
-41
-48
-50
-48
-62
-85
-68
-69
-75
-55
-64
-87
-84
-73
-80
-76
-68
-88
-103
-102
-98
-103
-100
-96
-107
-107
-103
-78
-51
-47
-25
-12
-25
-6
26
25
22
23
6
1
11
17
19
15
11
15
12
10
12
-1
-7
-5
-16
-18
-9
-23
-18
-11
-25
-7
-13
7
53
29
32
60
53
57
88
115
76
64
136
109
62
134
139
81
102
129
102
78
0
0
0
0
0
0
0
0
0
0
0
0
0
0
0
0
0
0
0
0
0
0
0
0
0
0
0
0
0
0
0
0
0
0
0
0
0
0
0
0
0
0
0
0
0
0
0
0
0
0
0
0
0
0
0
0
0
0
0
0
0
0
0
0
0
0
0
0
0
0
0
0
0
0
0
0
0
0
0
0
0
0
0
0
0
0
0
0
0
0
0
0
0
0
0
0
0
0
0
0
0
0
0
0
0
0
0
0
0
0
0
0
0
0
0
0
0
0
0
0
0
0
0
0
0
0
0
0
0
0
0
0
0
0
0
0
0
0
0
0
0
0
0
0
0
0
0
0
0
0
0
0
0
0
0
0
0
0
0
0
0
0
0
0
0
0
0
0
0
0
0
0
0
0
0
0
0
0
0
0
0
0
0
0
0
0
0
0
0
0
0
0
0
0
0
0
0
0
0
0
0
0
0
0
0
0
0
0
0
0
0
0
0
0
0
0
0
0
0
0
0
0
0
0
0
0
0
0
0
0
0
0
0
0
0
0
0
0
0
0
0
0
0
0
0
0
0
0
0
0
0
0
0
0
0
0
0
0
0
0
0
0
0
0
0
0
0
0
0
0
0
0
0
0
0
0
0
0
0
0
0
0
0
0
0
0
0
0
0
0
0
0
0
0
0
0
0
0
0
0
0
0
0
0
0
0
0
0
0
0
0
0
0
0
0
0
0
0
0
0
0
0
0
0
0
0
0
0
0
0
0
0
0
0
0
0
0
0
0
0
0
0
0
0
0
0
0
0
0
0
0
0
0
0
0
0
0
0
0
0
0
0
0
0
0
0
0
0
0
0
0
0
0
0
0
0
0
0
0
0
0
0
0
0
0
0
0
0
0
0
0
0
0
0
0
0
0
0
0
0
