0
0
0
0
0
0
0
0
0
0
0
0
0
0
0
0
0
0
0
0
0
0
0
0
0
0
0
0
0
0
0
0
0
0
0
0
0
0
0
0
0
0
0
0
0
0
0
0
0
0
0
0
0
0
0
0
0
0
0
0
0
0
0
0
0
0
0
0
0
0
0
0
0
0
0
0
0
0
0
0
0
0
0
0
0
0
0
0
0
0
0
0
0
0
0
0
0
0
0
0
0
0
0
0
0
0
0
0
0
0
0
0
0
0
0
0
0
0
0
0
0
0
0
0
0
0
0
0
0
0
0
0
0
0
0
0
0
0
0
0
0
0
0
0
0
0
0
0
0
0
0
0
0
0
0
0
0
0
0
0
0
0
0
0
0
0
0
0
0
0
0
0
0
0
0
0
0
0
0
0
0
0
0
0
0
0
0
0
0
0
0
0
0
0
0
0
0
0
0
0
0
0
0
0
0
0
0
0
0
0
0
0
0
0
0
0
0
0
0
0
0
0
0
0
0
0
0
0
0
0
0
0
0
0
0
0
0
0
0
0
0
0
0
0
0
0
0
0
0
0
0
0
0
0
0
0
0
0
0
0
0
0
0
0
0
0
0
0
0
0
0
0
0
0
0
0
0
0
0
0
0
0
0
0
0
0
0
0
0
0
0
0
0
0
0
0
0
0
0
0
0
0
0
0
0
0
0
0
0
0
0
0
0
0
0
0
0
0
0
0
0
0
0
0
0
0
0
0
0
0
0
0
0
0
0
0
0
0
0
0
0
0
0
0
0
0
0
0
0
0
0
0
0
0
0
0
0
0
0
0
0
0
0
0
0
0
0
0
0
0
0
0
0
0
0
0
0
0
0
0
0
0
0
0
0
0
0
0
0
0
0
0
0
0
0
0
30
54
-123
11
125
-107
-82
137
-34
-160
80
35
-156
20
81
-142
-77
130
-83
-189
111
59
-137
57
144
-36
33
158
6
20
158
18
-37
142
68
-86
68
99
-99
-24
111
-71
-118
72
-6
-151
9
58
-115
-35
99
-28
-60
101
40
-101
46
78
-86
-12
89
5
-52
36
100
-17
-45
79
48
-63
-44
40
14
-93
-8
63
-120
-80
79
-99
-141
80
3
-191
1
108
-154
-115
108
-35
-150
38
67
-85
-29
83
-19
-98
67
52
-178
-1
151
-146
-76
209
-12
-165
106
91
-111
-33
126
5
-94
108
75
-34
62
141
31
-33
165
139
-92
49
218
-38
-81
176
71
-99
81
158
-15
-23
132
67
-95
-31
58
-83
-104
69
-54
-163
18
40
-147
-110
126
-14
-190
63
124
-113
-91
119
88
-136
-50
189
-79
-198
179
55
-259
57
187
-261
-108
263
-150
-217
293
39
-361
192
222
-427
-4
309
-311
-147
307
-102
-215
198
102
-216
-13
249
-109
-177
330
87
-263
222
231
-221
32
249
-92
-106
177
56
-185
44
167
-168
-66
189
-44
-123
46
71
-36
-42
95
78
-117
-58
179
-2
-169
139
156
-199
-73
313
-104
-333
332
17
-444
244
172
-451
-30
302
-252
-265
261
33
-429
109
348
-453
-37
504
-340
-213
476
-85
-363
320
170
-319
98
235
-139
-99
192
38
-192
120
74
-111
10
-11
72
-65
-124
211
-101
-227
284
-89
-236
323
52
-229
157
179
-165
-48
235
1
-188
137
191
-197
37
288
-203
27
291
-215
-16
239
-147
-181
202
45
-370
122
205
-436
-32
311
-360
-200
451
-231
-315
514
-92
-395
337
91
-278
127
175
-154
-70
157
-63
-169
129
-54
-186
50
-39
-119
-35
48
-74
-52
180
-111
-133
213
44
-149
27
318
-57
-328
468
206
-544
331
404
-491
70
416
-189
-136
252
201
-241
-49
446
-204
-424
500
98
-631
303
306
-588
8
391
-287
-258
331
35
-400
157
268
-294
-66
294
-56
-179
163
94
-167
-4
188
-124
-269
352
53
-581
439
348
-736
210
508
-560
-122
417
-163
-191
180
50
-120
-89
118
111
-251
110
335
-294
-72
364
-57
-209
211
147
-241
98
69
-227
266
-112
-331
541
-255
-539
682
-150
-577
445
123
-400
-8
360
-68
-392
292
348
-606
-17
661
-450
-331
587
56
-540
274
426
-637
135
562
-584
-24
525
-454
-285
534
-131
-470
323
235
-340
-118
331
-46
-288
173
180
-89
-201
390
128
-545
473
286
-521
131
556
-345
-453
812
-128
-738
664
144
-599
253
179
-284
86
22
-94
27
53
-91
-178
278
-69
-346
346
55
-303
149
187
-236
-55
310
-160
-60
272
-46
-200
112
220
-373
-19
399
-260
-207
473
-140
-468
604
-116
-463
433
-14
-269
-39
301
-12
-411
230
343
-308
-263
681
-78
-825
843
190
-1115
729
622
-1188
272
1033
-1119
-265
1197
-639
-696
899
61
-932
427
595
-910
-50
871
-597
-442
993
-188
-858
823
364
-1049
411
860
-1034
-78
1154
-672
-592
998
35
-982
505
862
-1175
-198
1447
-844
-892
1394
-50
-1279
854
697
-1294
257
1022
-1056
-81
1017
-816
-233
1015
-575
-534
904
-59
-759
484
586
-767
-233
1018
-416
-838
977
148
-1045
480
599
-818
-107
830
-372
-543
735
-145
-615
602
-135
-416
513
-109
-374
293
266
-460
-73
748
-470
-496
899
-113
-844
574
505
-963
83
916
-771
-306
804
-234
-414
226
275
-139
-332
250
224
-332
-126
287
65
-223
-49
105
348
-458
-453
1073
-323
-898
1008
261
-968
293
767
-607
-163
537
-128
-79
-74
22
328
-300
-331
762
-98
-925
791
419
-977
127
888
-548
-566
869
-123
-534
252
239
-151
-172
330
-288
203
279
-790
652
376
-1091
452
719
-907
-158
1037
-429
-731
807
249
-922
144
965
-835
-545
1216
-436
-710
834
-122
-432
370
-173
-130
411
-433
-161
691
-517
-304
685
-290
-251
323
-33
-63
33
23
-43
75
-49
-177
349
-163
-329
588
-189
-379
450
-64
-129
-106
112
383
-608
138
671
-614
-85
407
-84
-70
-229
272
367
-746
63
795
-560
-409
672
154
-751
136
770
-585
-408
926
-117
-820
721
168
-748
420
121
-348
223
-32
-227
342
-121
-514
525
190
-812
208
801
-846
-326
1210
-604
-624
949
-363
-441
647
-272
-283
514
-123
-247
88
377
-148
-624
841
94
-940
597
561
-781
-150
958
-483
-532
755
-21
-404
28
509
-257
-464
548
27
-384
-59
362
-100
-457
320
355
-389
-224
563
-167
-273
158
100
138
-600
462
431
-969
392
598
-776
-57
657
-370
-270
307
161
-201
-255
438
-149
-147
125
-26
281
-442
243
141
-492
568
-247
-329
630
-311
-316
465
-77
-185
44
25
258
-284
-230
620
-117
-618
545
405
-871
194
700
-604
-151
398
116
-478
-75
708
-458
-324
528
-25
-259
-140
317
88
-502
132
547
-455
-288
590
-222
-298
373
-77
-214
301
-180
-183
428
-38
-441
349
431
-871
88
971
-871
-378
1112
-424
-597
636
144
-360
-202
411
276
-738
71
850
-734
-205
634
-415
108
-41
-80
563
-620
-138
806
-638
-280
738
-301
-467
691
-63
-712
759
28
-833
618
263
-833
334
502
-645
-13
588
-392
-373
824
-243
-448
565
61
-181
-401
585
200
-1077
689
622
-1028
247
945
-753
-403
851
-151
-612
304
436
-354
-305
549
-147
-167
223
-353
533
-197
-434
657
-206
-217
53
165
274
-661
50
948
-854
-291
1034
-434
-477
533
25
-459
225
197
-341
-133
282
-150
-219
298
-280
-33
272
-359
-120
497
-159
-668
1090
-195
-1141
1167
-42
-840
337
626
-433
-536
913
-82
-687
435
334
-400
-118
326
213
-430
-71
695
-496
-226
609
-391
-10
290
-462
321
97
-623
558
291
-748
370
483
-676
194
396
-559
268
174
-445
320
-13
-43
-140
89
480
-822
289
644
-1083
335
551
-757
97
414
-163
-458
509
190
-818
540
203
-490
205
12
150
-206
-45
472
-377
126
201
-462
445
95
-832
655
761
-1595
416
1665
-1924
-184
2029
-1178
-1311
2180
-246
-2044
2118
-184
-1315
1138
-61
-400
-80
510
-151
-596
718
62
-921
912
184
-1207
1104
68
-788
527
21
-207
2
-34
-382
565
-494
-371
1046
-918
65
368
-209
233
-625
575
254
-1034
676
603
-1216
485
724
-1055
320
338
-290
-45
-106
548
-581
-38
631
-669
382
91
-467
749
-366
-813
1363
-545
-1224
1858
-799
-1120
1776
-546
-1042
1103
309
-1027
501
642
-681
-98
691
-104
-803
920
-121
-866
1017
-522
-413
982
-831
8
743
-1002
791
100
-879
1117
-394
-194
422
-372
452
-444
201
637
-1074
654
658
-1147
439
608
-551
-42
213
297
-356
-272
1002
-612
-449
1257
-727
-366
1073
-679
-505
1151
-565
-1041
1701
-507
-1475
1943
-438
-1353
1308
111
-943
102
965
-747
-612
1410
-866
-485
1102
-980
-29
635
-742
66
299
-223
-106
26
285
-309
-390
741
-115
-770
849
33
-788
570
163
-429
21
604
-368
-437
879
-431
-435
930
-390
-551
932
-159
-852
887
44
-982
831
106
-764
394
454
-485
-259
761
-247
-569
504
362
-794
107
638
-657
235
266
-202
4
276
48
-413
594
-133
-417
297
119
-465
-76
624
-681
-34
464
-280
-434
452
392
-1334
1052
414
-1675
1305
79
-1111
834
28
-477
313
385
-704
356
690
-1175
520
773
-1181
305
959
-1037
-19
744
-461
-366
366
334
-702
504
-137
-123
518
-929
1012
-352
-707
1396
-1033
-120
1302
-1204
-239
1742
-1261
-813
2156
-881
-1267
1427
559
-1503
-67
1876
-1236
-1180
2095
-704
-1559
2052
-737
-1140
1851
-1083
-429
1229
-670
-581
840
377
-1356
649
968
-1180
-183
1258
-348
-1372
1655
16
-1499
1422
-354
-487
793
-741
437
146
-876
702
-167
-434
704
-754
367
338
-1093
1072
-324
-582
809
-289
-499
471
520
-1241
1019
82
-1260
1627
-1069
-239
1198
-792
-254
271
944
-1515
6
2159
-2158
-376
2375
-1581
-992
2157
-950
-813
1194
-293
-84
-300
423
361
-694
510
-34
-3
418
-776
300
1234
-1631
-113
2412
-2143
-452
2212
-1436
-360
946
-245
-370
158
285
-596
386
352
-1057
688
690
-1632
730
1263
-2065
502
1563
-1548
-480
1750
-576
-1663
2037
-214
-1804
1862
-203
-1231
1329
-76
-1342
1210
520
-2249
1582
1228
-3002
1260
1702
-2293
124
1919
-965
-1399
1854
97
-2159
1819
827
-2629
1345
1607
-3048
1044
2488
-3380
495
3292
-3460
-420
3873
-2929
-1193
3798
-1680
-2299
3295
-36
-3499
2884
1236
-4070
2516
1491
-3774
1949
1370
-2650
1151
1147
-1950
481
1350
-1631
137
1706
-1464
-590
1767
-685
-1205
1483
149
-1600
988
470
-1347
793
472
-933
328
618
-945
10
1211
-1059
-588
1630
-723
-1354
2065
-527
-1618
2072
-660
-1091
1645
-531
-912
1275
17
-1287
1052
546
-1496
661
988
-1181
25
1001
-618
-162
361
-83
-13
-267
80
398
-177
-726
875
139
-1535
1350
351
-1618
1160
131
-978
802
-195
-270
626
-531
-93
896
-723
-235
941
-396
-417
391
481
-960
297
801
-1401
927
282
-1510
1557
11
-1967
2243
-20
-2402
2438
-91
-1697
1262
-48
-213
-121
-67
689
-598
-453
807
68
-613
192
394
-364
-89
142
21
36
-233
11
36
289
-697
-224
1677
-1775
-555
2733
-2168
-898
2845
-1614
-1093
2192
-1037
-438
1067
-948
435
472
-905
-8
1329
-1046
-1038
2433
-1153
-1311
2036
-228
-1367
917
828
-1459
698
475
-1146
1083
-450
-868
1612
-626
-1525
2208
-81
-2199
2151
190
-2026
1332
284
-1084
895
43
-983
1127
-323
-1120
1931
-816
-1446
2032
-589
-1331
1454
143
-1095
632
355
-448
59
-9
420
-372
-250
452
-144
-108
-206
342
179
-509
207
303
-165
58
-344
478
522
-1388
697
1280
-2085
588
1549
-2244
1078
505
-1343
1501
-926
47
1021
-1139
399
371
-455
148
-217
274
195
-1004
836
430
-1652
1533
-206
-1253
1688
-1398
401
815
-1366
612
238
-675
75
520
-543
339
-310
-178
775
-1047
440
470
-955
510
-106
64
-35
-512
1026
-694
-488
1110
-266
-866
959
479
-1495
876
801
-1482
451
906
-852
-140
776
-205
-701
731
318
-965
779
130
-936
1037
-194
-448
613
-349
-37
119
86
-255
-50
391
-441
143
207
57
-222
-307
805
-649
-341
855
-434
-229
462
-82
-369
414
9
-509
480
118
-724
441
476
-994
351
696
-690
24
269
336
-568
-469
1719
-922
-1210
2089
-759
-1341
1399
-42
-674
323
164
-260
-189
389
-428
50
957
-1214
106
1520
-1719
-189
1577
-991
-572
793
266
-1008
298
1016
-947
49
603
-661
564
-109
-530
1107
-780
-288
930
-441
-287
307
96
-99
-493
288
848
-1139
170
1031
-801
-535
617
622
-1452
460
1732
-1788
-275
1849
-1018
-1026
1667
-265
-1335
1328
-156
-913
1063
-258
-847
1332
-603
-1129
2125
-1015
-721
1455
-343
-588
61
646
-831
-144
185
82
197
-699
716
538
-1057
8
945
-570
-759
1104
-100
-914
859
-493
-587
1249
-1018
-675
2035
-1417
-553
1918
-1094
-2
527
31
296
-1304
644
1028
-1832
111
1991
-1348
-913
1931
-665
-848
535
1070
-1005
-868
2349
-1748
-265
2224
-2053
-486
2169
-1591
-700
2390
-1436
-601
1195
5
-189
-434
996
-177
-1146
1223
186
-925
428
-20
-569
118
150
-200
264
137
-13
89
156
51
-245
96
-6
-366
169
47
-733
588
269
-1074
808
-29
-613
1208
-781
-306
1491
-1471
-350
1790
-1262
-672
1319
-542
-1010
962
432
-1264
635
681
-1199
399
863
-639
-82
645
-278
-234
198
-378
-155
284
270
-167
238
592
-1007
-147
818
-737
39
875
165
-544
93
800
-1072
19
1241
-1006
-597
680
268
-956
121
1005
-1014
282
1033
-316
284
403
-239
-244
430
-716
-380
945
-1561
-361
1145
-1385
327
1078
-915
409
810
-688
209
1042
-655
-385
939
-635
-1120
599
221
-1126
335
1344
-936
-301
2124
-716
-624
2307
-662
-1316
1178
-421
-1678
306
-78
-1387
306
727
-1217
414
945
-1325
591
1227
-560
-353
844
-217
-694
750
-243
-360
631
-154
-60
638
408
-87
588
502
-311
375
-57
-283
437
-115
-1077
853
304
-1713
932
497
-1313
331
612
-666
142
311
-612
270
350
-805
-54
969
-819
-101
1444
-734
-227
770
-311
-24
31
244
-404
-498
529
-573
-100
476
-268
-96
124
-51
-146
439
-110
-47
138
-549
-100
18
-47
-265
160
232
-353
88
270
211
-145
394
243
-404
342
-155
-409
455
-47
-580
514
56
-859
328
338
-462
113
369
-102
111
-69
69
746
-514
-11
898
-650
-259
583
81
-424
345
471
-1015
184
567
-811
397
455
-586
-39
327
-274
-335
521
-63
-221
499
-382
-66
415
-744
-194
626
-202
-438
455
444
-906
-80
823
-764
-146
926
-133
-268
251
-156
-312
-20
-255
-168
-80
-101
-160
71
506
-427
-91
904
-192
-402
635
359
-480
-222
314
90
-351
-24
386
-126
-206
164
-39
124
154
-308
330
408
-445
240
361
-418
-211
-32
-135
98
-130
-228
251
145
-33
-13
539
-122
-24
345
-286
387
-22
-206
292
63
-148
-80
143
77
-421
163
459
-414
319
432
-497
106
47
-232
184
-93
-510
-387
-31
-507
-186
271
-310
-46
275
-75
-248
129
-127
-223
216
-191
-147
47
-409
-232
307
-426
-182
531
-862
107
789
-749
595
439
-738
371
-64
-380
237
73
-200
-119
342
-159
-434
674
361
-552
612
719
-498
376
708
-340
292
459
-496
328
340
-647
227
380
-581
-115
623
-248
-478
492
11
-467
111
75
-334
-179
-64
-118
5
-214
-131
157
-326
-377
322
-79
-301
335
-161
-270
134
-198
-223
154
-17
-245
154
19
-219
-136
50
3
-256
323
122
-372
218
281
-153
34
298
51
51
59
45
163
27
-27
122
194
-118
-121
227
82
-210
43
118
-170
121
-14
-125
400
-269
-514
265
-61
-430
7
322
-120
-489
107
166
-468
37
360
-156
-73
187
-97
-265
207
269
-91
266
389
-170
217
340
-265
429
281
-503
447
279
-439
269
467
-207
0
440
-45
180
391
8
286
437
81
127
581
396
-202
295
725
-38
56
686
153
-61
379
129
2
185
-11
-74
76
-212
-736
-566
-363
-879
-693
-203
-801
-904
-423
-906
-1121
-697
-950
-1218
-1049
-1174
-1331
-1404
-1611
-1607
-1603
-1849
-1911
-1766
-1791
-2081
-2083
-1564
-1522
-1657
-732
-79
-412
165
1208
1207
1469
2575
3403
4024
4884
5688
6057
5977
5974
6076
5821
5525
5193
4743
4081
3054
2302
1610
535
-434
-843
-1497
-2183
-2300
-2849
-3047
-3268
-3514
-2936
-3078
-3161
-2718
-2538
-2410
-2362
-1936
-1242
-1301
-1327
-257
-221
-1023
-482
-284
-1171
-1264
-1068
-1474
-1790
-2054
-2339
-2744
-2945
-3544
-4047
-3305
-3591
-4009
-3269
-3080
-3614
-3354
-2491
-2886
-2479
-1689
-2107
-2008
-1798
-1436
-859
287
2339
3880
5571
7503
8170
8483
9174
9789
10149
10195
10347
9417
8242
7983
6188
4257
3190
1042
-843
-1688
-2468
-3296
-3974
-4918
-5902
-6218
-6572
-6971
-6912
-6379
-5941
-5370
-3713
-2656
-2096
-1076
-341
618
1573
2824
3885
3931
4201
4472
4465
4194
3578
2968
2116
1478
903
460
129
-1179
-1882
-2113
-3195
-3366
-3203
-3442
-3634
-3854
-3232
-2741
-2315
-1209
-657
-149
406
693
1004
1246
2008
2128
1784
2293
2063
1618
1390
730
186
-785
-1416
-1693
-2037
-2497
-3193
-3135
-3841
-4245
-3501
-3727
-3320
-2448
-2033
-1411
-940
-499
-650
-667
175
435
549
1031
1141
891
686
538
-327
-982
-1738
-3441
-3687
-2871
-1955
-19
2676
4694
5127
5582
6111
6697
8355
10063
11131
11216
10309
9488
8779
7406
5408
2731
487
-1238
-2854
-3130
-3626
-5004
-6576
-8092
-8539
-8381
-8276
-8576
-8256
-7153
-6416
-5052
-3129
-1879
-1096
167
1751
3424
5279
6048
6268
6675
6550
6383
6165
5607
4166
2566
1883
1070
540
-27
-1455
-2431
-3219
-4025
-4150
-4340
-4386
-4612
-4877
-3817
-2996
-1992
-949
-823
236
706
780
1526
1951
2383
2142
2016
1955
1465
806
-749
-1685
-2670
-4195
-4784
-4920
-5120
-6125
-6552
-6804
-7770
-7312
-6986
-7078
-5825
-4299
-3319
-1663
271
-73
-317
129
-988
-865
710
2435
4993
8098
10166
10758
11280
10443
9913
11566
12638
13104
13031
12010
10143
8132
6614
3683
848
-872
-2931
-4019
-4428
-5350
-6477
-7653
-8725
-8382
-7439
-7346
-6876
-6234
-5644
-5027
-3552
-1957
-1571
-808
80
1506
2998
4209
5303
4766
4272
4249
4062
4078
3646
2603
1428
378
-625
-919
-1273
-2058
-2291
-2431
-2079
-1516
-1241
-1117
-1264
-984
-941
-146
1634
2269
2613
2616
1608
726
317
-283
-677
-313
-379
-1072
-1697
-2147
-3045
-4584
-5361
-5274
-5256
-5216
-4786
-4251
-4454
-5074
-5261
-5372
-5349
-4721
-3849
-2461
-993
-471
-6
43
-108
507
260
-249
-216
-482
-642
7
2124
4335
5970
7537
8188
8598
8966
9531
10948
11933
12248
11433
10139
9562
7862
5984
4529
1920
-314
-1898
-3316
-4345
-5206
-5728
-6850
-7939
-8239
-8533
-8376
-8114
-7418
-6023
-5046
-3865
-2597
-1406
-19
1029
2498
3796
4816
5654
5337
5255
5206
4695
4002
3163
2711
1608
325
-324
-1254
-2490
-3351
-4234
-4790
-4780
-5340
-4931
-3875
-3263
-1783
-419
754
1933
2870
3950
4446
4927
5082
4337
3820
3334
2488
1073
-300
-1066
-2376
-3986
-4788
-5170
-5872
-6339
-5869
-5299
-5421
-5706
-5617
-5635
-5776
-5352
-4496
-3670
-3069
-2440
-1551
-776
-535
-162
834
1446
1738
1816
1411
378
-1111
-1654
-1589
-289
2323
4397
6198
7372
7671
7524
7923
9718
11557
12458
12352
11555
10499
9067
7076
5142
3246
633
-1270
-1968
-3069
-4111
-4997
-6992
-8879
-9169
-8706
-8132
-7592
-7006
-6437
-6254
-5214
-3505
-2084
-695
446
1756
3016
4461
5468
4966
4658
4754
4857
4669
4007
3336
1789
214
-1022
-1928
-1967
-3009
-4652
-5404
-5336
-5447
-5864
-4801
-3472
-2733
-1363
354
1864
3054
3876
4420
5052
5417
4750
3508
3273
3130
1935
478
-837
-1776
-3244
-4302
-4561
-4683
-4722
-5472
-5551
-5535
-5598
-5242
-5473
-5029
-4483
-4057
-3585
-3415
-2256
-1688
-1973
-1243
-329
431
1227
1675
1815
1541
559
-700
-1334
-1228
-66
2033
4147
6062
7217
7205
7008
7503
8679
10286
11607
11640
10433
9034
7765
6197
4537
2996
1309
-470
-1893
-2748
-3300
-4151
-5721
-7382
-8102
-7854
-7393
-6690
-5681
-5090
-5218
-4923
-3410
-2052
-885
654
1831
2666
4009
5314
4826
4277
4247
3506
3119
2876
2920
2465
658
-981
-2252
-3219
-3838
-4493
-4880
-4812
-4875
-5134
-4707
-3574
-2801
-2502
-1264
989
2844
4115
5129
5448
4997
4367
3809
3635
3823
3254
1695
140
-892
-2161
-3922
-4707
-4673
-4960
-5507
-5810
-5159
-4680
-5004
-5006
-4773
-4498
-4445
-3884
-2557
-1778
-1217
-919
-787
-350
169
1144
1905
2437
2844
2239
1123
-346
-1825
-2404
-1816
230
2963
5247
6560
6426
5464
5590
7323
9290
10743
11304
10478
8754
7178
5952
4946
3825
2051
319
-908
-2050
-3334
-4413
-5344
-7097
-8089
-7386
-6956
-6443
-5904
-6275
-6409
-5997
-5070
-3402
-1527
213
1539
2315
3203
4309
4630
4369
4412
4666
4748
4390
4047
3815
2452
148
-1327
-1813
-2511
-3497
-3745
-3693
-4719
-5837
-5745
-5247
-4689
-3723
-2228
-116
1823
2777
3161
3719
4136
3763
3478
4567
5592
4614
2762
1374
146
-1391
-2504
-2685
-2712
-3154
-3979
-4273
-4404
-4654
-4581
-5062
-5271
-4629
-3965
-3686
-3260
-2147
-2019
-2436
-2024
-1501
-774
80
1163
2202
2610
2448
1458
234
-1184
-2337
-2580
-2209
-466
1925
3696
4811
4930
4204
4072
5575
8078
10708
12319
11754
9424
7084
5912
5235
4687
4280
3293
1576
-499
-2509
-3996
-4975
-6177
-7145
-7017
-6651
-6591
-6963
-7030
-6519
-6510
-6059
-4490
-2631
-953
578
1950
2656
3082
3691
3964
4134
5064
6031
6043
5700
4892
3150
1360
21
-968
-1573
-2093
-2523
-2907
-3752
-4900
-5959
-6652
-6634
-5698
-3812
-1798
-352
819
1448
1556
1986
2703
3431
4211
5099
5847
5125
2910
1227
277
-752
-1113
-842
-1267
-2332
-3034
-3486
-4140
-4491
-4515
-5025
-5672
-5405
-4542
-4009
-3576
-2767
-2308
-2618
-2518
-1400
-309
461
1496
2259
2338
2378
2206
1239
-15
-1011
-1975
-2649
-2004
-54
1907
3184
3853
3841
3466
3813
5617
8184
10122
10719
9880
8106
6568
5776
5359
5084
4459
2840
605
-1249
-2378
-3003
-3513
-4332
-5263
-5776
-6123
-6553
-6504
-6075
-6105
-6392
-6028
-4872
-3455
-1995
-369
982
1578
2044
2916
3670
4352
5519
6312
5878
5097
4520
3599
2465
1627
858
-128
-1150
-2078
-3060
-4149
-5126
-5843
-6257
-6074
-5229
-4252
-3377
-2412
-1452
-540
447
1260
1933
2924
3998
4546
4594
4259
3516
2693
2049
1523
967
220
-668
-1578
-2449
-3099
-3484
-3814
-4277
-4899
-5450
-5620
-5239
-4296
-3151
-2451
-2318
-2332
-2246
-1761
-582
819
1652
1926
1965
1691
1368
1457
1433
580
-729
-1835
-2566
-2456
-963
1115
2455
2941
3022
2731
2774
4389
7042
8929
9405
8849
7395
5787
5286
5882
6276
5630
4119
1738
-646
-1880
-1887
-1581
-2106
-3080
-4494
-5951
-6550
-6240
-5362
-5336
-5828
-6074
-5863
-4748
-3308
-1397
268
956
1339
1605
2323
3462
4486
5063
4659
4093
3699
2971
2393
1936
1306
97
-1257
-1669
-1796
-2262
-3186
-4105
-4686
-5500
-5618
-4355
-2345
-663
6
431
614
618
973
1790
3392
4737
4892
4063
3132
2764
1837
587
155
95
-595
-1814
-2028
-1920
-2953
-4091
-4735
-5041
-5173
-5041
-4184
-3329
-2702
-2527
-2900
-2556
-1925
-1144
112
1281
2173
2286
1920
1350
981
968
899
1319
1507
830
-382
-1588
-2317
-3092
-3151
-2077
-700
575
1382
2043
2361
2387
2923
3991
5434
6504
6975
7186
7083
6781
6094
5183
4382
3533
2699
2114
1835
1440
206
-1583
-2888
-3696
-4214
-4048
-3417
-3146
-3577
-4298
-4693
-4592
-4141
-3077
-1496
-357
-34
122
474
554
335
630
1254
1253
1024
1176
1062
441
-71
-386
-848
-1394
-1604
-1449
-1424
-1667
-1841
-1785
-1587
-1378
-1131
-642
165
1006
1584
2023
2310
1901
928
578
1262
2035
2295
2235
1687
431
-799
-1195
-996
-825
-940
-1424
-2121
-2588
-2689
-2686
-2713
-2677
-2537
-2388
-2154
-1504
-655
-366
-462
-386
-379
-293
294
892
1155
1157
817
384
189
317
650
820
642
180
-306
-436
-359
-298
-90
29
-123
-201
1
307
426
356
303
390
597
1136
1872
2327
2564
2480
2296
2315
2345
2331
2195
2128
2027
1668
1377
1250
956
398
163
303
172
-31
55
-76
-434
-492
-517
-726
-805
-735
-557
-272
-153
-230
-294
-416
-632
-758
-592
-294
-338
-642
-709
-670
-822
-959
-871
-627
-719
-948
-765
-557
-488
-366
-74
51
-140
-79
-5
-60
158
374
294
264
303
-44
-367
-254
-202
-405
-488
-430
-602
-855
-823
-632
-569
-611
-594
-725
-970
-1021
-839
-738
-884
-790
-679
-698
-443
-270
-334
-451
-464
-341
-148
93
177
96
39
105
231
472
861
1113
1106
1107
1148
1052
981
1076
1150
968
827
873
948
1086
1089
968
739
584
512
462
650
547
223
-102
-469
-557
-551
-429
-363
-501
-576
-694
-653
-443
-332
-301
-381
-395
-315
-273
-199
-169
-269
-447
-526
-403
-169
5
82
108
19
-63
31
141
255
466
614
627
595
542
415
265
250
269
312
553
689
509
323
264
234
185
177
274
199
-101
-248
-212
-165
-213
-380
-480
-523
-703
-733
-431
-239
-369
-595
-649
-703
-713
-467
-208
-104
-307
-491
-546
-579
-421
-275
-141
-81
-44
-2
-47
10
146
306
348
333
359
372
359
361
572
708
634
563
458
394
328
319
506
583
524
494
394
258
81
-71
-83
37
129
14
-101
-201
-390
-496
-432
-250
-243
-377
-420
-461
-425
-320
-216
-110
-111
-171
-223
-230
-270
-369
-415
-476
-456
-368
-312
-223
-265
-364
-424
-450
-320
-166
49
222
155
62
53
20
27
246
418
390
423
499
422
393
573
635
606
590
503
388
266
274
316
222
88
27
-55
-244
-284
-192
-228
-255
-166
-142
-159
-171
-274
-329
-295
-315
-230
18
64
-33
-72
-187
-269
-197
-26
90
156
232
249
289
289
269
276
198
190
254
376
446
332
334
323
120
31
158
208
184
403
537
377
117
-168
-376
-401
-187
37
166
144
-83
-270
-414
-474
-372
-308
-247
-88
3
-35
-128
-211
-310
-432
-297
-12
59
53
-1
-236
-449
-522
-467
-320
-211
-153
-151
-172
-167
-190
-154
-62
-97
-161
-64
9
45
183
176
88
-20
-199
-104
165
314
382
368
268
102
31
169
247
210
195
167
167
162
169
138
-27
-102
-73
-13
88
179
213
104
-66
-114
-73
-61
-35
40
82
-25
-114
-60
-63
-82
-35
36
15
-59
-6
33
26
14
-23
-61
-82
40
211
305
369
291
103
50
119
231
378
385
266
195
141
109
147
152
47
-54
-69
-12
32
-29
-136
-280
-420
-442
-360
-185
-105
-171
-228
-297
-307
-272
-204
-134
-184
-123
-2
44
42
-89
-239
-402
-361
-81
109
220
200
-6
-253
-319
-181
-26
162
265
222
81
-69
-49
-9
69
185
262
298
255
266
230
164
134
117
112
110
188
158
76
49
31
0
-60
2
22
-27
6
107
165
85
-16
-76
-102
-70
17
92
93
1
-154
-243
-197
-76
37
93
33
-143
-286
-271
-148
-33
-5
-101
-256
-303
-200
-54
46
77
19
-103
-130
-6
108
141
149
101
23
4
45
125
127
80
77
27
27
58
23
-27
-96
-134
-105
37
170
137
85
2
-134
-105
47
115
140
127
51
-11
32
71
48
50
36
19
-9
37
91
19
-80
-139
-188
-191
-111
-19
-21
-89
-134
-169
-157
-86
-23
-25
-13
29
68
128
140
139
94
15
40
69
107
170
146
88
9
-51
-64
-31
53
67
49
6
-76
-124
-102
-72
-76
-116
-124
-96
-83
-20
53
85
9
-63
-99
-122
-63
15
103
88
35
-45
-127
-116
-51
40
89
101
68
3
-35
-36
1
43
85
161
170
129
103
68
40
7
1
4
-1
35
27
31
38
-42
-116
-152
-175
-166
-77
-5
-14
-47
-75
-96
-92
-39
-13
33
69
58
40
37
7
-30
-26
-19
41
53
46
24
-30
-65
-93
-92
-95
-71
-48
-55
-82
-28
25
-6
21
30
22
37
63
104
158
137
84
85
76
81
107
107
78
51
16
0
25
24
-8
-32
-40
-33
0
24
12
-21
-72
-126
-124
-61
-18
8
11
-22
-65
-117
-116
-64
3
33
46
54
-5
-50
-47
-47
4
59
59
46
22
-13
-31
0
36
51
18
24
29
48
86
55
67
30
3
20
28
19
-4
14
-6
-22
-11
-25
-67
-96
-83
-48
-13
12
29
-14
-71
-67
-36
6
26
33
42
-11
-40
-5
23
18
9
31
24
-1
11
13
-25
-35
-8
-9
-20
-10
-10
-27
-37
-9
26
11
-11
19
37
25
39
52
33
39
79
78
55
52
22
-27
-17
13
19
12
-2
-26
-47
-56
-47
-41
-44
-32
-23
-27
-15
0
-23
-40
-54
-63
-50
-31
41
81
51
24
-24
-55
-37
25
84
98
79
-2
-63
-61
-31
15
23
17
-7
-18
10
32
48
29
11
12
-8
25
91
99
69
38
-15
-54
-30
13
16
1
-18
-59
-50
0
18
10
-16
-54
-59
-35
6
43
42
23
-26
-63
-36
-19
15
44
30
16
-3
-21
-35
-16
-1
-10
14
31
18
4
-13
-36
-44
-40
-31
14
59
48
13
-18
-53
-74
-41
9
43
36
14
11
-10
-4
11
-6
-15
-17
11
36
46
57
32
0
-21
-26
-13
14
54
70
36
-12
-43
-77
-88
-44
13
30
22
31
0
-42
-28
-17
-2
5
-6
-9
-4
20
17
-1
-35
-69
-52
-28
32
75
20
-36
-69
-72
-40
13
67
46
-3
-26
-23
8
43
45
27
-15
-60
-31
13
53
70
38
17
-1
-7
9
34
30
8
13
17
12
19
18
-8
-26
-33
-14
13
15
30
14
-25
-45
-38
-23
-16
6
7
-6
-3
-1
-8
-21
-25
-25
-8
23
27
15
9
-20
-39
-9
14
20
20
12
4
-6
0
16
25
23
11
1
-4
0
18
22
16
24
12
-26
-18
2
9
40
47
22
-7
-29
-36
-30
-6
8
-2
-19
-41
-54
-56
-52
-34
-25
-22
-16
-40
-59
-34
-7
1
21
34
13
-6
-3
12
33
48
46
22
4
-2
0
4
-3
8
6
-8
6
19
26
23
13
14
11
9
8
21
36
21
13
12
0
-14
-13
-12
-15
-4
-8
-20
-17
-16
-26
-48
-43
-27
-27
-20
-25
-34
-32
-31
-21
-5
-12
-5
12
7
22
35
17
-1
-12
-7
4
22
44
45
26
6
0
4
21
42
59
51
27
11
-5
-4
8
11
20
3
-8
7
-2
-16
-7
-2
-9
10
27
28
28
16
4
-4
-2
3
12
14
-5
-25
-46
-54
-42
-35
-35
-30
-24
-40
-32
-5
-5
4
6
0
3
6
9
6
4
-7
-17
-5
1
7
11
-2
-16
-23
-28
-12
-2
1
15
7
4
5
10
18
26
42
50
47
29
38
45
21
28
29
16
10
-1
-3
-4
-19
-33
-40
-38
-31
-36
-29
-10
-20
-38
-36
-26
-7
16
22
12
-1
3
7
9
25
29
9
-16
-12
5
9
12
5
-1
-9
-14
-8
-9
1
7
2
3
-12
-25
-15
-7
-3
9
23
15
9
19
17
29
34
24
36
33
28
31
20
2
-15
-16
-17
-16
-10
-24
-28
-26
-29
-14
-1
-4
-9
-11
-13
-18
-8
8
9
-1
-15
-18
-12
-6
0
2
-10
-28
-35
-19
-5
-10
-4
-6
-24
-15
-1
16
27
27
12
-5
14
22
30
46
41
35
17
17
13
-2
14
17
4
-1
-13
-26
-22
-8
-2
-5
-15
-17
-12
-15
-9
7
11
8
12
18
3
-2
6
3
18
35
23
7
5
2
-6
2
17
18
5
-2
-4
-13
-15
-9
-6
-24
-31
-18
-20
-13
-9
-8
-3
-8
-3
8
9
16
26
28
27
17
11
11
6
9
6
0
6
-2
-22
-25
-16
-9
3
8
-4
-14
-17
-16
1
10
7
6
-1
5
8
10
16
4
-8
-16
-12
-3
2
7
-3
-17
-22
-21
-11
8
20
20
9
0
-3
-5
4
12
12
10
2
1
1
11
19
19
24
8
-4
-2
-10
-8
-6
-5
-6
-11
-6
-10
-17
-20
-19
-7
7
7
0
-11
-20
-15
-5
4
10
7
-3
-12
-7
0
1
11
18
11
4
2
0
10
13
13
14
8
2
0
2
6
8
2
3
4
-4
1
6
3
4
1
2
-1
0
0
-10
2
-4
-15
-7
-13
-11
-6
-8
-12
-14
-8
-9
-9
-2
0
-5
-8
-7
-10
-12
-7
-9
-6
-2
-11
-11
-13
-13
-3
-2
2
13
15
13
18
21
20
18
21
20
18
21
18
18
20
14
19
19
26
33
24
17
13
9
7
4
6
5
-1
-8
-11
-6
-9
-13
-10
-5
-9
-15
-8
-4
-8
-12
-16
-14
-10
-4
4
7
9
7
-3
-6
-5
-2
-1
-1
0
-5
-12
-10
-3
-5
-2
0
-3
-6
1
10
6
9
8
2
1
9
6
0
3
-2
-5
-3
-1
-3
-7
-8
-11
-11
-7
2
-5
-9
-11
-10
-4
-8
-2
3
-2
-1
-4
-6
-4
1
-1
-6
-6
-1
-2
-2
5
2
-3
-2
0
2
8
8
8
10
5
4
5
4
7
6
4
4
2
1
-2
-5
-4
-7
0
2
-5
-5
-6
-6
-5
-3
-7
-5
-1
-6
-3
-1
-2
-1
-3
-4
-3
-3
-4
-2
-2
1
6
7
7
7
-3
0
7
4
9
11
8
5
8
8
7
6
9
8
-3
0
3
4
7
3
2
-1
-1
1
0
5
5
-1
3
4
1
10
8
7
10
7
-2
-12
-12
-15
-18
-15
-14
-13
-17
-22
-20
-12
-7
-3
2
6
8
6
5
10
15
18
19
20
19
12
4
8
2
1
8
5
3
3
4
-2
3
14
13
13
17
14
10
12
9
3
-7
-6
-7
-12
-8
-8
-12
-15
-14
-17
-22
-26
-19
-11
-12
-7
-1
2
-1
-1
2
2
2
-3
-3
-5
-12
-6
-6
-5
1
-3
-3
-5
-9
-10
-6
0
-1
4
12
14
14
12
12
8
1
-4
-1
-3
1
4
0
-3
-12
-12
-5
-6
5
9
1
-2
1
4
10
22
27
19
8
-2
-8
-13
-10
-4
-6
2
1
-5
-1
5
8
10
8
5
-1
5
2
6
18
6
7
14
1
3
5
3
0
-2
6
3
1
1
4
5
-3
1
2
-3
-5
-2
-4
-3
-3
-6
-9
-13
-17
-21
-18
-14
-16
-15
-12
-17
-17
-15
-17
-7
1
3
6
8
11
9
4
18
23
9
25
19
0
10
11
5
-6
0
9
-4
8
20
8
17
17
15
14
0
2
-5
-15
-5
-4
7
16
9
20
4
-8
4
-17
-9
-1
-14
-7
-5
-6
-24
-21
-15
-38
-28
-13
-15
-19
-7
-1
-17
-10
7
-6
-3
21
2
-3
29
27
3
6
8
-6
-11
7
14
13
33
22
0
9
17
10
-13
13
20
-2
24
18
17
24
15
12
3
2
-9
-21
-14
-5
-6
3
22
-5
-17
-17
-52
-52
-31
-19
-27
-12
9
-35
-22
6
-22
-14
7
12
-10
-1
18
-16
-5
6
-9
-1
-1
12
0
-21
2
-5
-12
0
9
-2
-34
26
39
-2
84
85
49
76
43
48
26
-2
3
-46
-24
-17
-19
4
-27
7
21
10
27
7
13
-43
-75
-23
-74
-72
9
0
-59
-20
63
-26
-46
82
-34
-99
102
-33
-153
88
3
-30
155
189
173
73
184
23
-227
-30
-228
-368
-237
-209
-108
-154
92
182
-23
235
176
-65
49
13
-150
-111
47
-36
3
253
148
115
275
34
-107
33
-172
-260
-83
-158
-190
11
160
104
109
273
46
-285
-218
-350
-545
-255
40
211
367
456
498
228
203
300
-115
-161
-113
-307
-294
-211
83
-19
127
557
-86
-30
312
-361
-295
53
-33
-174
135
483
-163
51
514
-217
-168
177
-132
-374
-19
273
-194
100
485
-75
-19
206
-186
-385
-209
-225
-492
-226
60
-196
87
369
118
170
184
-33
-162
-234
-292
-276
-185
-10
154
285
531
465
284
195
-208
-504
-634
-704
-567
-237
261
550
734
839
650
343
135
5
-471
-617
-393
-538
-312
161
286
332
594
584
129
91
-33
-421
-319
-82
-49
35
388
316
10
179
-34
-392
-348
-325
-441
-458
-13
23
-64
436
282
11
131
-39
-199
-267
-64
-60
-257
93
106
-37
262
281
158
87
-17
-91
-263
-264
-72
-82
-90
188
249
89
217
195
-119
-143
5
-128
-232
31
56
-39
215
219
58
124
163
46
-18
153
17
-163
58
-31
-141
-44
38
62
-32
107
18
-118
17
-51
-20
-23
-57
73
-8
-39
22
-94
-81
-47
-59
-55
-151
-59
-66
-61
115
15
16
109
29
-44
85
44
-214
118
48
-384
176
168
-287
257
252
-222
83
223
-213
-167
291
-136
-344
285
-82
-324
306
96
-185
207
145
-233
-107
151
-166
-221
398
9
-353
496
126
-477
413
288
-522
151
376
-499
-60
465
-339
-180
525
-58
-290
455
180
-453
172
263
-438
-108
247
-236
-346
240
275
-267
113
466
-282
-180
365
-204
-360
158
-37
-428
76
231
-197
60
219
57
-198
50
203
-488
21
391
-379
-46
577
10
-286
491
209
-623
90
258
-657
-29
555
-381
-57
671
-166
-186
411
-215
-339
276
-100
-300
228
45
-176
94
308
0
-53
459
-137
-371
114
-121
-227
11
224
232
-7
120
516
-380
-241
671
-707
-259
697
-487
-285
439
275
-565
154
723
-795
-140
649
-411
-502
442
313
-671
153
823
-659
-312
1085
-566
-895
1097
-18
-1085
583
875
-1290
-369
1751
-1231
-885
1847
-682
-1107
1240
117
-1232
499
512
-833
249
530
-334
9
237
-55
-9
-58
177
195
-573
476
200
-1020
892
394
-1121
593
633
-912
25
897
-413
-569
803
59
-723
502
328
-690
-16
418
-390
-157
387
252
-340
-164
566
-614
-386
1085
-276
-419
854
-447
-719
600
-219
-400
611
138
-296
19
301
-301
-325
799
-272
-810
939
-129
-1244
859
392
-1100
942
479
-671
352
-58
-293
-340
80
-85
-94
388
39
322
-29
160
-68
-303
552
-499
-205
763
-701
-189
843
-398
-320
795
69
-609
228
243
-512
-17
635
-645
43
490
-796
461
245
-475
72
294
-43
-565
604
134
-918
455
364
-545
-120
699
53
-715
612
444
-970
71
788
-670
-502
688
198
-739
79
973
-375
-688
893
610
-1554
249
1654
-2043
48
1802
-1398
-429
1309
6
-1439
1133
754
-1860
874
1033
-1582
-38
1472
-998
-848
1870
-423
-1552
1374
805
-1773
-191
1898
-1402
-1040
2324
-564
-1492
1326
300
-1281
560
658
-900
161
595
-639
194
626
-923
208
617
-741
-53
296
149
-216
29
584
-461
-580
658
227
-875
348
625
-562
-253
72
625
-692
-378
1694
-1084
-343
1359
-733
-358
297
473
-595
-372
1085
-510
-798
1173
35
-1210
1284
5
-1351
1124
-109
-1038
637
613
-565
-274
905
-119
-992
457
655
-822
-271
1026
-267
-637
757
-59
-480
132
-8
139
-405
161
593
-701
209
584
-550
-37
246
-71
-325
-36
541
-196
-371
396
58
-295
292
196
-496
-8
419
-207
-55
431
-256
-265
594
-63
-510
555
116
-733
548
232
-612
547
-31
-419
322
-295
-229
554
-160
-574
621
-31
-978
428
609
-620
-51
687
-284
-526
226
231
-476
156
395
-390
461
-60
-557
294
88
-488
-308
1225
-338
-1457
1620
360
-2071
745
1765
-1638
-668
2354
-1132
-1407
2202
-397
-1646
1398
840
-1505
321
1274
-1313
-14
942
-983
93
623
-265
-131
161
14
-175
20
230
219
-556
530
432
-1423
546
691
-991
303
659
-477
-202
181
-104
50
-243
314
303
-651
361
66
-537
193
107
148
-38
138
-169
-221
610
-625
-309
984
-364
-639
1222
212
-1736
1102
1003
-1906
569
1092
-1184
-90
647
-333
-231
401
-69
-86
441
-525
-102
769
-1011
-40
1131
-1241
183
1201
-1178
-114
499
-269
-28
-254
511
-85
-418
610
-228
-455
343
-25
-132
528
-223
-297
426
113
-680
-15
893
-1036
62
1142
-1100
206
687
-663
43
311
-71
-307
91
140
-243
-8
221
14
-66
136
-236
290
-142
-592
897
-173
-520
817
-232
-475
526
3
-835
518
678
-1212
399
978
-1083
116
614
-520
124
47
-278
485
-185
-452
701
-126
-588
670
-84
-535
677
-214
-591
769
30
-1019
758
597
-1464
831
547
-1348
716
213
-210
-94
124
679
-1303
436
1125
-1424
244
801
-543
-128
568
-229
-710
1028
-235
-960
1584
-266
-1546
1544
472
-2035
925
1399
-1879
-87
1645
-839
-891
1012
289
-1166
325
1027
-1230
-117
1167
-743
-367
553
56
-359
257
-15
-500
1016
-433
-948
1513
-331
-1327
1370
85
-1260
1056
52
-548
836
-770
258
522
-1024
645
198
-302
-329
368
427
-1180
503
1096
-1229
-476
1824
-809
-1182
1321
68
-818
-158
790
79
-1043
402
793
-968
-73
864
-660
-201
772
-838
8
999
-1230
341
1273
-1311
-538
1614
-278
-1496
977
1059
-1603
15
1633
-1223
-339
851
137
-481
-513
1171
-212
-1222
937
730
-1394
437
795
-1135
413
574
-729
191
575
-712
303
591
-765
332
313
-498
-54
473
172
-842
534
858
-1298
320
805
-766
67
-12
426
-166
-770
645
428
-916
160
1091
-1073
-229
1032
-668
-355
868
-304
-427
572
-121
-385
355
-164
-292
757
-522
-72
574
-474
-41
-258
433
131
-800
469
462
-644
-434
933
104
-1350
781
789
-1149
189
619
-601
18
334
-383
165
381
-609
5
635
-667
12
777
-954
170
1118
-1490
221
1191
-1375
63
1156
-692
-747
953
130
-1114
536
487
-602
172
-179
635
-174
-783
1173
-551
-392
711
-624
206
414
-640
226
644
-703
-388
1249
-582
-1125
1701
-168
-1394
1441
38
-1139
1043
14
-750
986
-247
-1113
1296
263
-1582
803
1021
-1444
-112
1606
-1188
-854
1964
-749
-1093
1431
-216
-883
260
990
-925
-470
1461
-938
-254
633
-340
-65
-6
129
-38
-40
-9
-463
328
232
-848
595
570
-1028
327
417
-611
106
302
-11
-349
553
-57
-459
854
-713
-199
1088
-372
-489
400
705
-949
-230
1637
-1373
-607
2116
-1144
-1122
2113
-743
-1217
1743
-616
-609
763
-195
-270
364
18
-687
742
2
-745
565
48
-167
-330
469
195
-1316
1146
671
-1927
792
1045
-1544
376
653
-631
-59
24
498
-532
-328
749
-771
19
626
-652
304
-35
90
-23
-395
955
-718
-373
1149
-515
-721
1055
-138
-692
606
-234
284
-386
-68
727
-806
69
660
-409
-624
974
94
-1095
764
273
-495
-108
485
155
-859
958
5
-795
1053
-546
-205
471
-445
254
64
62
-92
-179
-104
134
261
-471
246
249
-354
46
215
-397
230
462
-1119
760
765
-1673
534
1350
-1410
-284
1839
-1286
-671
1642
-951
-331
573
-208
-265
14
503
-399
-91
135
20
24
-283
328
111
-270
-79
335
48
-634
284
401
-468
-83
373
73
-337
108
288
-379
-14
464
-388
-214
614
-414
-165
585
-606
213
559
-950
261
702
-961
-99
1026
-443
-718
909
286
-1216
602
488
-950
636
190
-529
182
481
-493
-427
845
-198
-199
-173
613
288
-1521
1311
513
-1846
1067
713
-1287
367
721
-779
-369
991
-117
-769
582
91
-229
-195
112
669
-866
-208
1074
-520
-641
743
418
-1017
6
1194
-921
-482
1374
-795
-682
1199
-152
-826
626
315
-742
158
445
-201
-298
499
-118
-530
716
-382
-496
981
-147
-976
929
361
-1480
876
823
-1516
343
1143
-779
-624
1034
-84
-1331
1164
737
-1613
351
1256
-1185
-500
1542
-708
-828
1378
-422
-922
1207
-137
-939
840
93
-587
200
166
-41
-283
80
286
-193
-54
24
37
12
-41
-135
293
-72
-259
469
-306
-151
350
-221
-74
302
-182
-114
212
-216
167
-39
-263
302
255
-448
-371
1214
-649
-977
1580
-385
-852
583
481
-658
-396
1184
-877
-64
755
-734
318
-164
437
-210
-538
1106
-543
-654
768
427
-985
214
947
-1187
177
523
-336
-74
218
293
-718
366
292
-588
206
226
-251
96
55
-275
325
-214
98
146
-491
738
-209
-535
857
-293
-625
718
243
-783
284
416
-476
-133
405
-27
-350
505
-340
-142
624
-736
308
199
-424
390
-374
167
106
-297
54
49
136
-393
163
90
-154
29
-41
200
-291
131
191
-324
62
342
-335
-118
619
-484
52
243
-544
790
-409
-840
1450
-561
-950
1321
-354
-625
416
407
-507
-272
1051
-731
-144
527
-301
146
-591
575
558
-1333
581
1023
-1306
-148
1214
-428
-893
957
326
-1035
470
102
-130
205
-485
613
50
-523
329
64
-205
-105
273
313
-441
-132
737
-588
-356
631
-208
-125
-157
248
432
-858
35
846
-791
-221
975
-249
-803
611
228
-665
339
-64
89
123
-404
367
-16
-316
-4
433
-299
-330
672
-359
-211
238
-165
109
-109
-35
363
-238
-476
702
81
-1041
899
225
-1153
1053
153
-1001
754
-38
-575
423
341
-549
-147
993
-793
-291
1101
-729
-436
897
48
-977
492
608
-1099
188
1050
-735
-424
1039
-467
-459
719
-461
19
528
-550
247
355
-532
140
367
-81
-86
69
312
-99
-582
505
309
-951
464
590
-958
48
524
-327
-188
247
388
-436
-530
805
-9
-926
559
584
-578
-373
631
331
-1212
299
1237
-1392
-70
1569
-1220
-783
1547
-450
-1177
1315
235
-1022
399
290
-390
21
291
-42
16
-199
120
261
-543
195
371
-384
-219
679
-32
-875
983
-396
-580
1074
-831
379
585
-1292
499
702
-1140
47
836
-864
-171
764
-266
-265
332
-87
-154
210
6
114
-425
377
409
-1112
722
613
-1204
268
938
-716
-712
1430
-238
-1307
1290
152
-831
151
567
-76
-666
493
313
-507
-120
625
-294
-337
629
-369
-14
310
-338
87
372
-339
-35
590
-692
240
376
-826
648
2
-539
580
-96
-435
461
34
-442
334
-68
-103
97
-79
335
-553
28
486
-752
426
313
-683
165
488
-469
-178
719
-552
-248
635
-238
-536
669
74
-975
869
196
-1012
466
468
-520
-333
526
190
-741
286
501
-716
-110
851
-334
-843
965
120
-1105
759
528
-1065
289
587
-725
122
419
-343
-20
299
-129
-302
257
132
-410
291
349
-484
57
312
-398
97
406
-250
-209
174
239
-333
-104
628
-199
-409
442
272
-430
-72
556
-246
-517
731
73
-927
727
192
-942
676
390
-714
53
620
-382
-414
661
-10
-320
274
-139
-144
367
-235
-215
479
-32
-685
292
719
-801
-254
883
-305
-716
569
374
-807
195
612
-610
-26
386
-232
-76
82
-1
-55
198
-127
-100
245
-186
-89
133
188
-145
-179
347
-97
-289
264
195
-158
-306
263
318
-568
31
583
-417
-277
551
70
-634
240
706
-866
-37
830
-466
-286
491
74
-706
334
298
-379
115
-76
78
-72
-164
81
146
-163
-168
320
-88
-59
-191
213
312
-740
284
428
-606
-13
459
-29
-608
434
525
-974
273
561
-596
113
166
-119
26
26
-48
74
51
-146
-83
178
306
-486
-115
755
-449
-499
973
-19
-943
714
464
-941
331
710
-777
-254
935
-418
-517
1157
-575
-732
1230
-508
-629
1141
-324
-613
570
57
-223
-131
298
145
-661
259
438
-728
400
310
-953
486
431
-740
119
513
-461
-230
442
-36
-266
6
104
-256
-9
224
-204
103
81
-147
-15
17
186
-181
-43
267
3
-298
174
489
-762
-5
881
-599
-371
859
-110
-874
702
415
-979
266
885
-632
-568
1120
-164
-962
927
380
-964
-13
1019
-528
-707
1046
-165
-866
661
424
-704
97
436
-588
193
397
-560
84
393
-367
-350
656
-40
-825
738
127
-902
594
570
-895
119
744
-750
9
419
-87
-226
-49
517
-676
121
600
-610
59
40
284
-314
-379
1099
-604
-701
1023
-52
-807
447
684
-969
-57
1038
-680
-392
848
-168
-787
626
372
-700
0
648
-149
-801
786
233
-928
473
417
-711
-125
839
-572
-355
867
-591
-275
724
-251
-340
590
-35
-658
733
83
-760
511
168
-526
132
433
-339
-105
191
-63
142
-271
212
187
-542
245
255
-282
-22
182
6
-220
158
45
-218
165
-84
119
-259
81
513
-878
314
724
-931
24
818
-495
-361
596
27
-560
252
587
-802
32
811
-675
-129
482
-134
-106
-23
46
62
-133
-86
339
-138
-266
297
-135
80
-149
-45
481
-491
-17
440
-245
-218
265
241
-612
288
402
-719
280
346
-337
-123
416
-101
-466
594
-212
-299
451
-166
-64
156
-143
-49
249
-256
-59
349
-252
-99
377
-378
-56
513
-476
-122
516
-149
-431
381
136
-434
279
80
-332
195
170
-434
210
286
-450
176
270
-285
-173
417
-154
-314
496
-135
-201
273
-36
-266
127
228
-138
-99
69
191
-256
-135
390
-102
-134
-157
246
137
-453
54
341
17
-789
626
525
-1115
346
653
-477
-373
533
205
-733
322
381
-475
-59
307
73
-476
209
402
-509
-3
485
-268
-424
502
137
-506
71
377
-5
-491
397
237
-599
313
212
-264
-59
137
139
-276
-43
326
-136
-316
276
191
-405
-2
371
-243
-184
409
-70
-350
303
179
-504
-5
565
-416
-352
633
-183
-291
268
48
-65
-58
141
-31
-5
84
-87
70
196
-146
-99
165
-45
-122
60
8
47
-131
32
234
-537
321
349
-803
492
409
-844
244
597
-613
-147
547
-148
-368
204
414
-397
-275
439
77
-332
-214
543
-21
-671
448
194
-350
-43
36
186
-190
-167
258
95
-367
104
292
-354
174
56
-147
160
-40
-157
70
403
-618
-34
838
-665
-286
673
32
-552
101
673
-453
-325
605
-55
-323
97
114
73
-179
-262
564
-95
-697
789
116
-766
372
472
-499
-304
775
-90
-673
434
270
-388
-57
195
18
-97
-52
145
0
-45
5
-101
169
-21
-248
139
144
-234
-48
229
-88
-102
78
-58
55
77
-304
135
335
-478
-79
473
-214
-402
337
200
-407
125
236
-212
-48
180
18
-108
14
145
50
-194
160
77
-218
64
149
-8
-270
265
142
-414
197
250
-171
-184
209
195
-235
-33
88
248
-200
-430
639
51
-642
191
415
-107
-378
-39
675
-221
-941
780
515
-893
-224
933
-59
-1051
608
566
-730
-244
598
135
-624
63
532
-248
-413
365
166
-200
-74
66
129
-119
-99
136
94
-200
-114
311
26
-335
35
315
7
-450
134
507
-416
-357
521
233
-609
-52
706
-327
-457
509
46
-324
79
106
21
-92
-62
191
-47
-151
155
-8
-21
9
-16
167
-293
68
380
-465
-152
573
-105
-589
516
434
-805
-17
923
-456
-640
849
99
-691
108
446
-90
-494
265
402
-480
-139
383
-61
-240
6
344
-181
-246
315
-118
-3
74
-158
120
122
-172
-158
320
-18
-374
215
181
-231
-148
218
179
-419
-75
547
-168
-430
305
193
-288
2
96
118
-149
-188
368
12
-295
103
227
-118
-120
154
147
-165
-124
276
1
-320
297
106
-391
299
108
-324
104
268
-189
-164
301
-18
-164
52
55
31
-153
-40
265
-173
-306
382
66
-473
136
295
-219
-147
192
53
-127
61
56
-71
23
105
-87
-122
176
-7
-200
59
149
-160
-56
263
-149
-50
154
-139
68
147
-150
-19
249
-153
-150
238
-47
-199
146
83
-246
108
138
-181
-48
211
115
-336
124
257
-256
67
-30
-32
268
-250
-212
365
91
-394
36
371
-166
-282
224
228
-293
-117
255
23
-116
-103
89
24
-47
114
-237
-81
334
-171
-308
208
221
-175
-255
283
285
-364
-168
248
230
-171
-379
345
183
-409
59
87
-32
96
-98
-105
158
140
-266
-78
321
68
-284
-157
358
188
-488
-156
600
61
-590
24
552
-21
-541
184
438
-188
-209
15
281
41
-357
48
253
73
-266
-188
429
-8
-438
177
263
-137
-173
61
172
-31
-185
-35
216
104
-262
-88
236
45
-182
-129
173
174
-183
-162
115
277
-125
-465
341
470
-537
-236
517
70
-376
-89
345
78
-388
43
261
-156
-64
95
-67
7
100
-111
-110
164
53
-200
-35
243
4
-250
57
209
-34
-161
38
128
13
-63
-119
122
190
-212
-138
254
40
-177
-97
147
242
-321
-143
315
21
-121
-171
85
265
-197
-259
291
174
-241
-135
117
268
-161
-294
180
253
-174
-262
203
117
-109
-129
38
202
-122
-108
79
126
-34
-226
98
247
-49
-219
45
280
-78
-283
180
209
-251
-61
171
-32
-41
-55
26
136
-90
-27
59
-44
28
-17
10
-34
57
118
-250
65
218
-222
-35
118
-6
-29
-58
51
87
-106
-79
130
18
-101
0
34
35
-37
-56
46
55
-19
-70
-8
50
80
-89
-182
214
145
-326
-30
323
-53
-240
103
215
-115
-207
131
182
-121
-177
133
159
-107
-114
47
203
-68
-252
133
173
-78
-168
-10
224
2
-274
-3
322
-80
-353
208
249
-249
-139
229
56
-167
38
14
6
93
-110
-98
129
156
-165
-171
301
80
-346
39
261
-97
-171
73
103
-49
-71
-3
3
37
24
-116
13
134
-114
-61
65
21
54
-145
-25
254
-58
-242
75
240
-106
-254
148
232
-148
-209
179
175
-219
-64
92
-29
141
-110
-165
294
9
-220
74
110
-28
-41
-32
44
103
-104
-62
139
74
-143
-39
229
-51
-165
109
132
-114
-113
170
25
-107
-1
-5
61
4
-104
25
57
-8
-2
-53
-4
50
-7
-77
-88
151
79
-258
76
267
-211
-182
239
83
-189
-30
112
85
-116
-143
148
167
-137
-257
180
213
-250
-131
221
125
-255
-49
226
-96
-102
117
7
-77
67
42
-85
-5
85
22
-95
-13
115
-26
-147
48
141
-88
-99
137
54
-184
-15
169
-21
-107
35
92
31
-80
-106
64
103
-58
-114
21
172
-94
-236
200
149
-226
-8
158
-2
-101
-35
149
-4
-102
50
-60
71
115
-267
-8
334
-160
-281
232
135
-196
-51
94
88
-67
-100
47
77
-38
-49
77
38
-12
-73
-4
176
-40
-136
38
96
25
-122
-15
93
24
-81
-75
84
88
-65
-91
98
91
-65
-77
16
150
-2
-185
44
219
-78
-214
127
155
-144
-107
118
91
-91
-77
51
65
-23
-135
9
194
-62
-193
107
158
-107
-127
90
115
-75
-118
83
130
-81
-117
89
131
-111
-141
129
107
-140
-98
92
72
-85
-122
44
133
-67
-182
70
150
-139
-68
160
-20
-49
53
-53
-27
65
12
-54
29
42
-78
-13
30
8
44
-32
-31
69
49
-37
-16
76
60
-55
-58
74
57
-61
-32
49
52
-60
-94
68
90
-81
-104
70
84
-72
-36
58
58
-4
-111
2
121
-58
-112
96
76
-127
-60
66
25
-60
-58
74
28
-59
16
21
33
17
-42
14
15
20
2
-90
68
96
-143
-27
145
-33
-82
51
27
23
-23
-45
59
-2
-9
-33
2
97
-102
-62
140
12
-71
52
39
-37
16
14
-4
-3
1
-3
-39
30
-13
-49
51
-22
-7
48
-38
20
53
-36
-29
40
6
-53
23
42
-26
-34
46
26
-29
-12
-31
7
35
-26
-26
59
16
-55
-8
45
-20
-57
54
8
-40
29
-15
2
-10
-32
-3
-6
6
-34
-12
46
-4
-44
35
25
-32
4
41
33
-3
-35
13
59
-31
-35
66
38
-56
4
71
-6
-54
41
46
-47
21
57
6
-36
-3
48
-2
-28
-14
-4
5
-14
-32
17
21
-48
-8
10
-29
11
-7
-3
18
-38
18
31
-66
-11
49
-58
-19
73
-77
-61
103
-8
-76
43
23
-41
-2
7
-11
-5
3
2
-35
2
11
-91
-7
88
-52
-73
70
39
-73
-6
65
-15
-41
23
15
-13
15
29
6
13
57
-12
-62
54
61
-70
-19
101
0
0
0
0
0
0
0
0
0
0
0
0
0
0
0
0
0
0
0
0
0
0
0
0
0
0
0
0
0
0
0
0
0
0
0
0
0
0
0
0
0
0
0
0
0
0
0
0
0
0
0
0
0
0
0
0
0
0
0
0
0
0
0
0
0
0
0
0
0
0
0
0
0
0
0
0
0
0
0
0
0
0
0
0
0
0
0
0
0
0
0
0
0
0
0
0
0
0
0
0
0
0
0
0
0
0
0
0
0
0
0
0
0
0
0
0
0
0
0
0
0
0
0
0
0
0
0
0
0
0
0
0
0
0
0
0
0
0
0
0
0
0
0
0
0
0
0
0
0
0
0
0
0
0
0
0
0
0
0
0
0
0
0
0
0
0
0
0
0
0
0
0
0
0
0
0
0
0
0
0
0
0
0
0
0
0
0
0
0
0
0
0
0
0
0
0
0
0
0
0
0
0
0
0
0
0
0
0
0
0
0
0
0
0
0
0
0
0
0
0
0
0
0
0
0
0
0
0
0
0
0
0
0
0
0
0
0
0
0
0
0
0
0
0
0
0
0
0
0
0
0
0
0
0
0
0
0
0
0
0
0
0
0
0
0
0
0
0
0
0
0
0
0
0
0
0
0
0
0
0
0
0
0
0
0
0
0
0
0
0
0
0
0
0
0
0
0
0
0
0
0
0
0
0
0
0
0
0
0
0
0
0
0
0
0
0
0
0
0
0
0
0
0
0
0
0
0
0
0
0
0
0
0
0
0
0
0
0
0
0
0
0
0
0
0
0
0
0
0
0
0
0
0
0
0
0
0
0
0
0
0
0
0
0
0
0
0
0
0
0
0
0
0
0
0
0
0
0
0
0
0
0
0
0
0
0
0
0
0
0
0
0
0
0
0
0
0
0
0
0
