0
0
0
0
0
0
0
0
0
0
0
0
0
0
0
0
0
0
0
0
0
0
0
0
0
0
0
0
0
0
0
0
0
0
0
0
0
0
0
0
0
0
0
0
0
0
0
0
0
0
0
0
0
0
0
0
0
0
0
0
0
0
0
0
0
0
0
0
0
0
0
0
0
0
0
0
0
0
0
0
0
0
0
0
0
0
0
0
0
0
0
0
0
0
0
0
0
0
0
0
0
0
0
0
0
0
0
0
0
0
0
0
0
0
0
0
0
0
0
0
0
0
0
0
0
0
0
0
0
0
0
0
0
0
0
0
0
0
0
0
0
0
0
0
0
0
0
0
0
0
0
0
0
0
0
0
0
0
0
0
0
0
0
0
0
0
0
0
0
0
0
0
0
0
0
0
0
0
0
0
0
0
0
0
0
0
0
0
0
0
0
0
0
0
0
0
0
0
0
0
0
0
0
0
0
0
0
0
0
0
0
0
0
0
0
0
0
0
0
0
0
0
0
0
0
0
0
0
0
0
0
0
0
0
0
0
0
0
0
0
0
0
0
0
0
0
0
0
0
0
0
0
0
0
0
0
0
0
0
0
0
0
0
0
0
0
0
0
0
0
0
0
0
0
0
0
0
0
0
0
0
0
0
0
0
0
0
0
0
0
0
0
0
0
0
0
0
0
0
0
0
0
0
0
0
0
0
0
0
0
0
0
0
0
0
0
0
0
0
0
0
0
0
0
0
0
0
0
0
0
0
0
0
0
0
0
0
0
0
0
0
0
0
0
0
0
0
0
0
0
0
0
0
0
0
0
0
0
0
0
0
0
0
0
0
0
0
0
0
0
0
0
0
0
0
0
0
0
0
0
0
0
0
0
0
0
0
0
0
0
0
0
0
0
0
0
290
407
467
347
-6
-466
-635
-101
752
978
270
-738
-1052
-281
806
1105
360
-627
-860
-262
419
535
156
-54
181
418
228
-278
-450
59
612
483
-222
-734
-339
567
753
-66
-805
-459
602
1000
107
-1039
-1094
-96
758
556
-357
-843
-437
170
201
-306
-639
-370
-4
-117
-492
-463
61
491
320
-366
-724
-317
386
687
195
-268
-101
237
396
108
-174
-23
271
446
213
-130
-127
258
551
292
-145
-379
-177
240
418
312
-51
-268
-267
-155
97
47
-146
-84
91
190
84
-107
-223
-89
198
234
-41
-244
-9
394
450
68
-309
-178
295
474
162
-192
-140
316
660
418
-119
-239
175
539
434
40
-170
28
445
526
267
171
290
358
74
-201
-48
312
537
273
-222
-477
-285
235
522
295
-218
-588
-568
-298
-141
-298
-517
-508
-426
-615
-932
-919
-597
-430
-686
-1085
-1145
-776
-441
-560
-958
-1155
-884
-574
-535
-577
-566
-438
-465
-527
-408
-294
-107
13
-25
-25
64
170
248
363
560
769
719
516
633
1048
1368
1378
1237
1284
1625
1911
1766
1397
1360
1705
1923
1783
1602
1670
1827
1833
1677
1409
1130
974
958
1009
964
762
593
486
321
79
-233
-520
-666
-750
-909
-1183
-1433
-1432
-1228
-1201
-1644
-2300
-2632
-2535
-2313
-2257
-2373
-2356
-2201
-2215
-2442
-2655
-2546
-2161
-1987
-2104
-2189
-2067
-1770
-1568
-1565
-1578
-1550
-1436
-1248
-1104
-962
-837
-736
-581
-474
-434
-396
-406
-334
-74
212
441
702
1133
1777
2322
2485
2543
2899
3458
3868
4016
4146
4504
4935
5109
5035
5004
5115
5098
4765
4285
3870
3522
3169
2793
2391
1897
1289
598
-75
-582
-1039
-1631
-2222
-2597
-2707
-2803
-3143
-3401
-3239
-2869
-2650
-2734
-2886
-2781
-2444
-2013
-1652
-1385
-965
-486
-239
-90
164
489
695
660
557
550
600
630
495
149
-208
-403
-507
-722
-1145
-1664
-2081
-2295
-2428
-2669
-3016
-3292
-3369
-3303
-3258
-3353
-3534
-3640
-3617
-3580
-3617
-3629
-3439
-3095
-2848
-2806
-2784
-2601
-2314
-2091
-1967
-1837
-1550
-1072
-470
262
1128
2181
3448
4707
5570
6086
6744
7680
8591
9136
9433
9575
9833
10304
10507
10358
9813
9153
8330
7300
6328
5134
3922
2564
1257
365
-478
-1370
-2724
-4167
-5188
-6112
-6975
-7897
-8465
-8534
-8689
-8854
-8795
-8356
-7890
-7811
-7683
-7068
-6066
-5007
-4115
-3199
-2111
-1153
-108
953
1989
2944
3388
3935
4580
5464
6415
6781
7087
7192
7159
6998
6514
5893
4936
3941
3120
2357
1617
864
23
-971
-1960
-2786
-3541
-4543
-5691
-6514
-6828
-6916
-7101
-7281
-7268
-7163
-7117
-7007
-6777
-6628
-6613
-6489
-6078
-5425
-4606
-3741
-3062
-2520
-1911
-1199
-470
8
-9
-271
-278
86
739
1535
2534
3893
5413
6741
7812
8839
9644
10371
10865
10881
10788
10583
10849
11241
11149
10866
10228
9733
9030
7782
6439
4731
3010
1159
-351
-1070
-1885
-3117
-4838
-5899
-6443
-7306
-8235
-9311
-9985
-10583
-10928
-10774
-10356
-9742
-9281
-8392
-7544
-6526
-5368
-4758
-3971
-3338
-2202
-923
-134
1137
2091
3253
4198
4827
6091
6711
7193
7382
7516
8168
8333
8377
8140
7784
7526
7029
6241
5026
3649
2305
993
-586
-1987
-3028
-4130
-5101
-6055
-6540
-6862
-7569
-8046
-8607
-9061
-9376
-9680
-9579
-9358
-8808
-8107
-7486
-6791
-5927
-4983
-4289
-3784
-3242
-2555
-2052
-1471
-747
-86
611
1133
1534
1570
1356
1354
1604
1964
2564
3591
4822
5982
7073
8636
10289
11441
12096
12268
12290
11986
11697
11587
11189
10597
9792
9281
8831
8079
7300
6094
4641
2631
712
-685
-2325
-4011
-5908
-7053
-7784
-8614
-9121
-9724
-10009
-10583
-11060
-11202
-11303
-11107
-11015
-10463
-9656
-8532
-7168
-5961
-4503
-3229
-1965
-910
-209
703
1375
2061
2858
3663
4747
5512
6235
7117
7685
8084
8276
8339
8196
7513
6901
6673
6283
5738
5103
4538
3914
2806
1693
623
-666
-2138
-3694
-4841
-5613
-6361
-7159
-7830
-8168
-8300
-8248
-8125
-8098
-8282
-8441
-8246
-7880
-7436
-7098
-6480
-5667
-5055
-4115
-2995
-1814
-1079
-924
-480
126
466
473
577
783
644
468
766
1521
1997
2352
3386
4924
6267
7118
8209
9669
11116
12110
12476
12809
12692
12502
12456
11999
11252
10123
9362
8786
7878
6802
5527
4192
2435
656
-834
-2396
-4302
-6413
-7882
-8845
-9723
-10527
-11137
-11481
-11947
-12127
-11776
-11282
-10890
-10826
-10524
-9817
-8767
-7440
-6443
-5416
-4204
-2801
-1377
-189
1246
2212
2904
3782
4570
5554
5970
6313
6840
7054
7601
7911
8150
8081
7536
7581
7392
7032
6559
5945
5620
4685
3630
2791
1923
758
-795
-2025
-2986
-3902
-4969
-5766
-6302
-6939
-7461
-7818
-7703
-7698
-8099
-8213
-7914
-7588
-7636
-7514
-6603
-5771
-5294
-4400
-3183
-1978
-1431
-1282
-677
-288
-358
-340
-34
235
228
327
668
779
640
802
1128
1646
2384
3281
4460
5546
6830
8303
9840
11281
11920
12265
12322
12210
12154
11457
10668
9842
9091
8380
7427
6682
5574
4287
2866
1447
155
-1704
-3524
-5193
-6664
-8035
-9421
-10253
-10888
-11381
-11639
-11488
-10926
-10626
-10364
-9934
-9343
-8729
-8148
-7241
-6400
-5585
-4491
-3146
-1906
-988
211
1438
2311
3150
4082
5044
5614
5725
6142
6619
6667
6704
6702
6967
7082
6858
7089
7124
6960
6731
6369
6112
5200
4013
3053
1954
761
-646
-1981
-3079
-4176
-5052
-5721
-6244
-6707
-7215
-7595
-7773
-7795
-8058
-8163
-7774
-7481
-7331
-7093
-6413
-5906
-5571
-4775
-3884
-3027
-2562
-1888
-1034
-718
-480
-204
292
441
238
381
519
510
377
519
1051
1817
2840
3914
5214
6547
7937
9330
10715
12041
12659
12946
12796
12672
12317
11113
10236
9472
8725
7503
6247
5704
4707
3428
1940
627
-814
-2983
-4886
-6535
-7940
-9510
-10908
-11345
-11804
-12321
-12470
-11914
-11296
-11087
-10251
-9280
-8544
-8027
-7274
-6075
-5374
-4612
-3530
-2180
-975
-237
1047
2396
3386
4177
5241
6470
6722
7004
7398
7483
7273
6638
6753
6957
6815
6808
7028
7458
7317
7006
6931
6650
5664
4174
2865
1475
-401
-2382
-3809
-4948
-6183
-7186
-7577
-7463
-7605
-7909
-7753
-7443
-7457
-7710
-7753
-7617
-7697
-7958
-7814
-7279
-6885
-6277
-5314
-3982
-2760
-2102
-1275
-413
182
400
447
582
379
-23
-360
-412
-329
-301
67
978
2320
3681
5125
6932
8662
9963
11181
12570
13493
13542
13252
13119
12709
11673
10740
10115
9468
8316
7023
6383
5483
4026
2375
1002
-173
-2173
-4295
-5974
-7488
-9080
-10647
-11458
-11861
-12395
-12696
-12330
-11592
-11073
-10620
-9808
-8827
-8093
-7399
-6480
-5551
-4817
-3941
-2600
-1391
-495
523
1735
2985
3895
4791
5796
6389
6590
7076
7594
7439
7352
7222
7197
7168
6793
7041
7067
6838
6712
6494
6306
5250
4232
3445
2024
586
-912
-2378
-3713
-4980
-5870
-6641
-7263
-7685
-7955
-7939
-7896
-7889
-7852
-7738
-7606
-7498
-7281
-7053
-6785
-6534
-6204
-5595
-4772
-3849
-3233
-2560
-1693
-1119
-551
34
391
392
342
549
559
350
208
299
718
1297
2140
3380
4757
6133
7817
9754
11471
12629
13404
13995
13921
13662
13315
12405
11354
9934
8813
7933
6604
5518
4342
3300
2129
636
-214
-1600
-3479
-5190
-6835
-8203
-9830
-10973
-11781
-12650
-13090
-13250
-12759
-12024
-11303
-10292
-9143
-8059
-7036
-5960
-4882
-3913
-3270
-2510
-1666
-999
-145
873
2082
3072
3951
5170
6375
7324
7766
8204
8524
8367
8118
7750
7680
7164
6526
6558
6364
6249
5892
5679
5639
4857
4227
3267
1956
570
-1350
-2931
-4446
-5998
-7401
-8713
-9110
-9302
-9537
-9178
-8636
-8038
-7642
-7156
-6325
-6000
-6170
-6080
-5731
-5644
-5690
-5381
-4650
-3966
-3449
-2446
-1198
-312
327
1181
2131
2332
2199
2245
1993
1310
523
432
713
799
1308
2419
4066
5724
7277
9283
11272
12531
13181
13709
13921
13431
12293
11104
9976
8513
7030
5726
4829
3802
2532
1836
1158
352
-749
-2097
-3152
-4676
-6487
-8190
-9745
-10994
-12290
-13111
-13382
-13360
-12942
-12213
-10954
-9451
-8098
-6755
-5207
-3993
-3256
-2390
-1529
-848
-623
-166
878
1489
2180
3106
4295
5568
6136
7128
8214
8663
8791
8593
8575
8013
6968
6376
5960
5371
4466
3842
3780
3500
2946
2712
2524
1843
679
-440
-1326
-2868
-4703
-5984
-7183
-8279
-9325
-9926
-9740
-9580
-9306
-8627
-7587
-6592
-5980
-5210
-4376
-3805
-3636
-3611
-3433
-3237
-2923
-2571
-1983
-1076
-297
420
1264
2308
3010
3150
3360
3503
3209
2333
1551
1309
661
-94
107
1047
2020
2847
4351
6504
8112
9509
10998
12249
12762
12215
11898
11451
10090
8245
6618
5586
4030
2477
1659
1213
451
-665
-853
-952
-1818
-2945
-3918
-4812
-6305
-7909
-9065
-10072
-11213
-11958
-11825
-11338
-10657
-9680
-8207
-6535
-5159
-3708
-2411
-1335
-591
-317
226
558
612
703
837
1411
1809
2606
3609
4235
5262
5946
6570
7044
7173
7243
6527
6093
5728
5038
4483
3703
3321
2868
2319
2230
2155
2004
1317
635
265
-685
-2005
-3254
-4359
-5712
-7090
-7851
-8332
-8670
-8780
-8459
-7517
-6520
-5848
-4980
-3851
-3221
-3047
-2666
-2152
-2056
-2208
-2028
-1630
-1361
-1064
-509
145
681
1232
1927
2468
2614
2582
2451
2021
1409
914
549
212
84
439
1161
2092
3440
5154
6794
8351
9861
11029
11678
11929
11873
11310
10168
8747
7503
6162
4535
3180
2140
1246
270
-463
-664
-1156
-2019
-2899
-3672
-4556
-5884
-7048
-8041
-9116
-10153
-10917
-10952
-10772
-10447
-9695
-8507
-7153
-6006
-4539
-3019
-1887
-1103
-340
384
601
802
1059
1325
1434
1523
2109
2614
3108
3731
4491
5329
5695
6114
6596
6731
6522
6047
5752
5184
4341
3690
3144
2578
1897
1587
1384
918
464
30
-397
-1185
-2114
-2890
-3863
-4848
-5750
-6436
-6811
-7211
-7252
-6917
-6468
-5774
-5084
-4216
-3307
-2667
-2080
-1690
-1404
-1256
-1311
-1239
-1122
-1034
-906
-745
-513
-189
176
439
609
784
882
702
362
85
-284
-700
-823
-533
-93
446
1376
2748
4306
5754
7409
8953
9974
10609
10988
11379
11014
10063
9046
7868
6524
4810
3569
2518
1190
110
-596
-946
-1588
-2399
-2965
-3470
-4204
-5155
-5860
-6575
-7560
-8494
-8988
-9128
-9334
-9196
-8562
-7700
-6632
-5587
-4335
-3086
-2143
-1098
-214
440
852
986
1317
1519
1505
1645
1880
2068
2161
2588
3305
3728
4058
4550
5022
5291
5218
5218
5184
4676
4328
4047
3592
3107
2350
1909
1451
764
423
-183
-735
-1297
-2040
-2504
-3333
-4020
-4535
-5196
-5511
-5796
-5806
-5638
-5458
-4948
-4431
-3919
-3364
-2841
-2357
-1982
-1612
-1345
-1264
-1258
-1333
-1374
-1287
-1150
-983
-746
-378
-18
188
360
465
368
193
1
-238
-432
-576
-486
-35
574
1346
2511
3965
5336
6723
8167
9403
10144
10492
10864
10699
9842
8859
7826
6642
5091
3721
2697
1454
270
-542
-913
-1401
-2176
-2679
-3181
-3847
-4690
-5400
-6046
-7024
-7851
-8413
-8680
-8861
-8806
-8235
-7562
-6736
-5762
-4574
-3473
-2624
-1519
-483
231
625
948
1375
1352
1270
1547
1768
1892
2037
2586
3295
3536
3886
4502
4879
5026
5044
5195
5127
4553
4223
3991
3470
2839
2286
2038
1560
926
597
144
-485
-1191
-1787
-2310
-3138
-3794
-4214
-4644
-4955
-5253
-5235
-5079
-4970
-4518
-4037
-3547
-3082
-2718
-2210
-1871
-1727
-1634
-1635
-1641
-1553
-1469
-1404
-1294
-1232
-1065
-950
-742
-367
-374
-381
-320
-436
-550
-755
-783
-739
-664
-212
318
1008
1997
3141
4475
5826
7162
8378
9242
9808
10172
10236
9823
9055
8188
7167
5865
4592
3511
2383
1275
374
-198
-725
-1375
-1842
-2271
-2673
-3184
-3794
-4327
-5104
-5841
-6414
-6908
-7270
-7591
-7553
-7345
-6992
-6284
-5456
-4526
-3664
-2717
-1726
-953
-303
128
567
854
927
1095
1142
1181
1296
1460
1891
2252
2453
2943
3410
3736
3980
4076
4285
4153
3910
3877
3560
3169
2682
2196
1914
1425
934
576
81
-382
-839
-1271
-1731
-2374
-2832
-3237
-3642
-3921
-4206
-4319
-4428
-4393
-4101
-3887
-3541
-3103
-2735
-2332
-1985
-1689
-1443
-1351
-1268
-1104
-1041
-1062
-1086
-1055
-995
-944
-716
-558
-510
-345
-252
-124
-88
-114
-59
-181
-108
144
424
899
1431
2295
3326
4329
5586
6714
7623
8391
9065
9598
9465
9076
8626
7788
6840
5673
4540
3474
2132
1083
314
-462
-1175
-1843
-2215
-2620
-3228
-3599
-4048
-4695
-5292
-5876
-6305
-6774
-7244
-7346
-7366
-7142
-6631
-6198
-5555
-4816
-4007
-3082
-2269
-1392
-703
-161
466
883
1082
1222
1427
1589
1596
1752
2092
2259
2355
2663
3093
3411
3516
3637
3850
3888
3699
3663
3641
3263
2810
2463
2279
1963
1505
1236
825
488
221
-310
-736
-1215
-1805
-2360
-2863
-3107
-3596
-4162
-4231
-4227
-4192
-4140
-3917
-3454
-3263
-3035
-2619
-2217
-2024
-2034
-1786
-1529
-1497
-1536
-1448
-1230
-1197
-1177
-942
-660
-554
-531
-325
-36
-46
-281
-257
-71
-145
-279
1
477
723
1079
1928
2915
3701
4589
5800
6924
7613
8161
8770
9069
8820
8344
7937
7263
6086
4906
3993
2970
1705
608
-60
-689
-1574
-2179
-2427
-2846
-3365
-3774
-4082
-4457
-5019
-5614
-5914
-6119
-6526
-6678
-6531
-6262
-6123
-5823
-4966
-4332
-3786
-2895
-1960
-1180
-600
103
768
1065
1317
1609
1776
1847
1784
1910
2064
1958
2199
2508
2650
2883
3129
3472
3603
3661
3852
3824
3678
3456
3258
3000
2411
1910
1473
886
259
-362
-787
-1350
-1947
-2195
-2456
-2772
-3105
-3247
-3322
-3591
-3667
-3646
-3672
-3725
-3684
-3509
-3473
-3339
-2990
-2692
-2432
-2035
-1546
-1208
-999
-607
-195
-137
-52
210
192
-16
-39
-19
-190
-350
-329
-341
-489
-526
-425
-360
-255
43
461
862
1360
2038
2774
3513
4341
5170
5846
6402
6888
7303
7399
7241
7000
6569
5921
5070
4348
3510
2503
1683
918
323
-335
-1008
-1405
-1797
-2215
-2571
-2856
-3191
-3628
-3987
-4223
-4524
-4857
-5046
-5118
-5175
-5173
-4945
-4650
-4378
-3969
-3338
-2783
-2340
-1757
-1282
-818
-464
-218
140
287
420
636
860
1091
1196
1403
1730
2010
2227
2523
2870
3109
3304
3465
3640
3626
3415
3350
3183
2904
2571
2172
1889
1405
918
578
35
-533
-1098
-1549
-1985
-2603
-3004
-3410
-3826
-4032
-4249
-4244
-4212
-4179
-3831
-3505
-3140
-2733
-2339
-1888
-1639
-1325
-995
-893
-794
-718
-513
-369
-348
-149
-46
31
147
259
431
394
325
367
220
-35
-212
-405
-614
-725
-685
-504
-248
186
849
1643
2549
3523
4475
5334
6108
6791
7247
7390
7280
6973
6462
5764
4957
4100
3185
2282
1484
812
276
-219
-649
-880
-1067
-1281
-1431
-1675
-2046
-2399
-2781
-3236
-3737
-4259
-4708
-5034
-5217
-5282
-5245
-5010
-4654
-4263
-3723
-3062
-2490
-2003
-1431
-806
-395
-171
141
369
477
576
698
901
920
1033
1376
1635
1881
2091
2454
2807
2966
3293
3491
3541
3540
3354
3300
3073
2610
2191
1649
1177
619
9
-471
-1106
-1567
-1947
-2426
-2670
-2936
-3180
-3317
-3375
-3271
-3326
-3294
-3048
-2856
-2654
-2461
-2132
-1826
-1707
-1471
-1131
-864
-744
-634
-378
-150
-90
-11
183
315
309
272
295
257
69
-125
-240
-383
-652
-907
-997
-1070
-1218
-1224
-967
-630
-300
200
935
1681
2365
3159
4016
4774
5363
5856
6331
6573
6565
6410
6117
5728
5108
4421
3800
3085
2323
1567
1034
613
76
-330
-601
-836
-1173
-1536
-1737
-2096
-2617
-3091
-3496
-3903
-4446
-4853
-5058
-5271
-5392
-5312
-5011
-4616
-4197
-3657
-3002
-2366
-1774
-1205
-733
-327
-54
133
332
429
521
589
680
927
1186
1482
1827
2230
2718
3075
3394
3748
3945
3962
3797
3664
3413
2863
2380
1897
1362
762
188
-158
-588
-1020
-1309
-1533
-1710
-2019
-2259
-2333
-2526
-2764
-2890
-2925
-2994
-3099
-2974
-2759
-2606
-2369
-2071
-1699
-1348
-1022
-682
-423
-190
-50
33
115
70
-43
-113
-149
-232
-385
-511
-482
-480
-625
-634
-588
-748
-955
-1025
-1050
-1188
-1313
-1199
-990
-785
-409
163
860
1559
2325
3327
4241
4893
5582
6237
6618
6702
6612
6470
6084
5433
4839
4196
3366
2642
2119
1618
1094
675
387
91
-223
-479
-788
-1227
-1691
-2134
-2635
-3210
-3773
-4291
-4755
-5098
-5287
-5391
-5379
-5157
-4819
-4425
-3912
-3359
-2882
-2424
-1885
-1349
-1003
-740
-364
-101
98
362
634
949
1136
1475
1944
2198
2499
2773
3045
3295
3372
3582
3646
3525
3449
3280
3108
2798
2399
2018
1522
1071
606
64
-442
-962
-1460
-1892
-2230
-2455
-2748
-3037
-3020
-2962
-3031
-2951
-2801
-2708
-2614
-2398
-2117
-1953
-1757
-1527
-1289
-1057
-885
-661
-499
-397
-239
-82
0
16
84
115
41
10
-4
-148
-320
-397
-531
-750
-894
-964
-1111
-1299
-1372
-1370
-1393
-1367
-1183
-900
-612
-242
331
1028
1716
2448
3283
4107
4815
5461
6048
6424
6553
6585
6555
6303
5812
5264
4731
4104
3403
2763
2197
1631
1075
649
331
-45
-499
-932
-1338
-1798
-2356
-2933
-3469
-4076
-4656
-5098
-5450
-5704
-5934
-5926
-5649
-5323
-4868
-4343
-3731
-3063
-2490
-1855
-1224
-765
-374
-27
317
584
717
919
1122
1281
1529
1796
2083
2357
2667
3046
3287
3520
3746
3758
3751
3651
3397
3125
2665
2187
1678
1025
528
-56
-686
-1141
-1620
-1920
-2215
-2504
-2532
-2673
-2733
-2693
-2721
-2636
-2670
-2622
-2483
-2485
-2378
-2264
-2123
-1972
-1840
-1530
-1263
-1011
-675
-337
-22
207
484
758
858
899
966
940
770
589
449
229
-96
-355
-564
-820
-1068
-1240
-1348
-1466
-1548
-1502
-1432
-1330
-1083
-815
-504
-39
464
979
1598
2313
3002
3649
4298
4890
5340
5672
5871
5917
5888
5642
5293
4871
4290
3744
3095
2495
1915
1302
821
268
-194
-605
-1043
-1442
-1874
-2247
-2648
-3066
-3418
-3772
-4135
-4398
-4528
-4598
-4610
-4507
-4259
-3968
-3658
-3226
-2689
-2189
-1778
-1311
-805
-426
-123
222
514
661
763
959
1143
1219
1374
1609
1781
1973
2212
2478
2727
2870
2997
3083
2997
2881
2680
2301
1880
1386
857
310
-274
-808
-1318
-1759
-2107
-2422
-2626
-2708
-2803
-2850
-2754
-2654
-2603
-2522
-2381
-2290
-2236
-2061
-1861
-1726
-1535
-1249
-926
-632
-315
103
435
697
1020
1210
1296
1350
1298
1193
969
701
459
136
-202
-471
-654
-810
-984
-1047
-1038
-1078
-1060
-948
-867
-807
-719
-594
-435
-320
-173
97
346
614
1012
1421
1822
2308
2810
3253
3688
4074
4349
4525
4604
4583
4441
4216
3903
3484
3046
2558
2078
1639
1126
678
311
-40
-364
-650
-815
-1058
-1352
-1483
-1672
-1978
-2266
-2483
-2712
-3004
-3219
-3334
-3440
-3550
-3520
-3364
-3246
-3014
-2657
-2328
-1948
-1514
-1056
-689
-366
4
302
570
733
909
1122
1201
1328
1455
1614
1758
1797
1973
2093
2077
2069
2027
1935
1696
1375
1119
746
224
-218
-622
-1089
-1514
-1824
-2037
-2218
-2333
-2291
-2217
-2138
-1963
-1788
-1618
-1421
-1259
-1123
-1009
-883
-776
-725
-658
-531
-396
-308
-139
95
224
397
628
756
831
877
887
855
742
605
430
204
41
-113
-257
-334
-387
-365
-304
-197
-88
-59
65
132
128
154
89
54
-45
-181
-209
-278
-287
-203
-89
91
356
691
1039
1466
1869
2207
2566
2836
3022
3103
3094
3036
2844
2569
2327
2057
1734
1457
1188
948
779
595
459
373
253
122
-20
-161
-365
-641
-901
-1196
-1517
-1816
-2049
-2203
-2370
-2448
-2404
-2301
-2146
-1972
-1720
-1478
-1243
-983
-744
-504
-355
-213
-42
10
104
232
233
252
312
313
289
253
253
212
64
-18
-60
-178
-279
-318
-350
-418
-461
-460
-498
-544
-597
-662
-688
-766
-823
-816
-854
-863
-847
-808
-698
-624
-525
-371
-249
-157
-42
103
164
182
224
254
251
181
159
159
64
21
62
67
41
63
115
162
230
308
384
440
503
555
564
581
554
512
477
402
345
275
197
141
95
82
43
24
55
62
38
35
103
118
110
212
305
399
534
689
874
1047
1201
1360
1507
1594
1648
1684
1663
1609
1530
1407
1280
1151
983
836
718
588
456
330
239
143
-15
-124
-205
-372
-503
-633
-800
-900
-1022
-1147
-1214
-1260
-1289
-1313
-1280
-1230
-1210
-1150
-1066
-982
-919
-871
-787
-740
-721
-666
-644
-634
-650
-664
-602
-598
-608
-557
-519
-477
-427
-343
-271
-219
-122
-66
5
79
59
90
126
94
87
71
49
23
-7
-10
-21
-33
-41
-46
-56
-86
-114
-142
-168
-204
-271
-339
-380
-413
-447
-451
-428
-405
-366
-292
-200
-115
-23
72
152
224
307
391
462
521
577
635
699
753
776
803
845
873
890
918
928
896
859
843
810
748
716
675
616
566
490
421
340
279
236
142
107
100
64
69
112
153
186
223
272
316
317
322
330
298
273
266
251
237
209
180
216
200
163
194
169
118
63
-12
-102
-206
-298
-414
-527
-603
-691
-781
-803
-847
-901
-912
-930
-921
-948
-936
-868
-878
-830
-755
-711
-620
-541
-434
-331
-265
-142
-72
-48
19
45
40
34
45
61
39
19
39
77
71
75
107
88
43
18
-12
-63
-90
-146
-201
-220
-286
-321
-330
-361
-370
-380
-345
-335
-328
-284
-287
-240
-184
-140
-69
-29
17
85
143
176
251
340
368
441
562
645
717
823
917
965
1013
1073
1082
1047
1029
989
908
828
769
680
583
510
424
322
222
160
70
0
-55
-148
-175
-230
-302
-338
-374
-405
-441
-442
-454
-472
-462
-452
-439
-418
-383
-353
-317
-270
-237
-226
-203
-163
-150
-139
-100
-85
-82
-56
-32
1
25
67
119
122
152
169
175
219
210
211
240
227
203
212
214
168
149
113
36
-14
-80
-117
-155
-210
-216
-223
-212
-197
-207
-197
-193
-226
-238
-232
-294
-368
-393
-441
-508
-526
-505
-493
-484
-440
-396
-377
-329
-277
-256
-256
-259
-237
-253
-273
-278
-294
-257
-216
-166
-88
-20
72
153
241
337
384
450
504
516
523
528
553
541
518
540
532
531
548
562
572
542
525
506
448
400
327
247
179
100
43
-10
-45
-52
-73
-52
-19
-21
21
46
50
87
72
59
44
-12
-42
-84
-127
-166
-213
-232
-265
-299
-303
-306
-310
-299
-269
-240
-218
-183
-146
-135
-127
-114
-134
-163
-184
-192
-223
-253
-220
-199
-186
-137
-58
14
62
153
211
227
261
258
245
231
171
113
85
46
3
-19
-34
-44
-41
-37
-27
-8
-15
-29
-31
-64
-90
-92
-120
-149
-180
-229
-258
-297
-340
-339
-345
-349
-317
-298
-271
-228
-195
-145
-97
-58
-2
35
47
76
116
150
175
206
246
275
296
321
348
371
376
374
378
375
360
335
312
295
263
232
210
182
158
127
95
72
41
30
12
-15
-16
-35
-35
-20
-31
-14
-7
-22
-11
-16
-28
-14
-9
-22
-29
-28
-5
6
-11
-1
7
-6
-8
-1
-13
-46
-79
-100
-135
-171
-172
-186
-188
-188
-198
-158
-148
-151
-122
-120
-132
-159
-173
-196
-249
-258
-266
-301
-285
-254
-232
-175
-107
-41
28
104
177
222
256
278
272
260
229
189
151
120
99
75
74
84
71
85
111
115
127
123
118
125
82
43
10
-58
-109
-145
-183
-220
-242
-236
-234
-237
-216
-182
-158
-127
-109
-100
-85
-81
-71
-65
-48
-28
-15
24
49
49
64
101
128
121
139
161
152
133
129
143
120
114
135
117
101
106
106
85
73
84
75
77
93
98
112
120
117
137
140
131
140
122
103
96
81
76
57
56
46
7
22
25
-6
-6
12
0
-20
-17
-24
-50
-69
-84
-108
-132
-153
-181
-202
-209
-225
-244
-224
-212
-215
-194
-176
-157
-150
-136
-128
-146
-149
-152
-148
-150
-166
-174
-167
-152
-134
-113
-83
-46
-25
14
53
73
99
111
115
118
114
104
84
79
67
59
66
57
67
88
86
105
114
103
104
108
99
77
59
41
15
-10
-25
-28
-39
-30
-11
-22
-2
17
17
46
64
65
68
61
49
31
35
40
14
1
-2
-10
-15
-17
-17
-10
6
13
8
15
23
22
31
27
12
10
6
7
9
6
19
34
44
62
83
93
114
128
117
112
95
84
68
31
17
4
-15
-26
-26
-11
0
11
34
48
58
71
70
77
76
49
29
-3
-41
-69
-101
-121
-131
-152
-163
-170
-173
-178
-180
-170
-160
-149
-151
-155
-148
-157
-151
-135
-138
-130
-110
-101
-101
-102
-87
-60
-53
-38
-6
1
15
42
57
73
86
97
106
99
86
80
72
66
56
51
45
41
44
40
47
47
41
50
47
53
66
61
61
57
49
69
62
42
49
43
39
39
38
38
35
41
49
49
37
49
46
25
26
12
2
-4
-20
-33
-50
-57
-70
-78
-66
-64
-65
-51
-40
-33
-28
-13
-2
-4
12
21
16
19
25
16
9
22
34
42
55
66
77
90
101
96
103
115
114
113
106
102
92
77
74
58
46
36
21
16
3
-8
-11
-30
-56
-73
-92
-122
-133
-137
-158
-178
-182
-190
-197
-187
-171
-163
-147
-131
0
0
0
0
0
0
0
0
0
0
0
0
0
0
0
0
0
0
0
0
0
0
0
0
0
0
0
0
0
0
0
0
0
0
0
0
0
0
0
0
0
0
0
0
0
0
0
0
0
0
0
0
0
0
0
0
0
0
0
0
0
0
0
0
0
0
0
0
0
0
0
0
0
0
0
0
0
0
0
0
0
0
0
0
0
0
0
0
0
0
0
0
0
0
0
0
0
0
0
0
0
0
0
0
0
0
0
0
0
0
0
0
0
0
0
0
0
0
0
0
0
0
0
0
0
0
0
0
0
0
0
0
0
0
0
0
0
0
0
0
0
0
0
0
0
0
0
0
0
0
0
0
0
0
0
0
0
0
0
0
0
0
0
0
0
0
0
0
0
0
0
0
0
0
0
0
0
0
0
0
0
0
0
0
0
0
0
0
0
0
0
0
0
0
0
0
0
0
0
0
0
0
0
0
0
0
0
0
0
0
0
0
0
0
0
0
0
0
0
0
0
0
0
0
0
0
0
0
0
0
0
0
0
0
0
0
0
0
0
0
0
0
0
0
0
0
0
0
0
0
0
0
0
0
0
0
0
0
0
0
0
0
0
0
0
0
0
0
0
0
0
0
0
0
0
0
0
0
0
0
0
0
0
0
0
0
0
0
0
0
0
0
0
0
0
0
0
0
0
0
0
0
0
0
0
0
0
0
0
0
0
0
0
0
0
0
0
0
0
0
0
0
0
0
0
0
0
0
0
0
0
0
0
0
0
0
0
0
0
0
0
0
0
0
0
0
0
0
0
0
0
0
0
0
0
0
0
0
0
0
0
0
0
0
0
0
0
0
0
0
0
0
0
0
0
0
0
0
0
0
0
0
0
0
0
0
0
0
0
0
0
0
0
0
0
0
0
0
0
0
