0
0
0
0
0
0
0
0
0
0
0
0
0
0
0
0
0
0
0
0
0
0
0
0
0
0
0
0
0
0
0
0
0
0
0
0
0
0
0
0
0
0
0
0
0
0
0
0
0
0
0
0
0
0
0
0
0
0
0
0
0
0
0
0
0
0
0
0
0
0
0
0
0
0
0
0
0
0
0
0
0
0
0
0
0
0
0
0
0
0
0
0
0
0
0
0
0
0
0
0
0
0
0
0
0
0
0
0
0
0
0
0
0
0
0
0
0
0
0
0
0
0
0
0
0
0
0
0
0
0
0
0
0
0
0
0
0
0
0
0
0
0
0
0
0
0
0
0
0
0
0
0
0
0
0
0
0
0
0
0
0
0
0
0
0
0
0
0
0
0
0
0
0
0
0
0
0
0
0
0
0
0
0
0
0
0
0
0
0
0
0
0
0
0
0
0
0
0
0
0
0
0
0
0
0
0
0
0
0
0
0
0
0
0
0
0
0
0
0
0
0
0
0
0
0
0
0
0
0
0
0
0
0
0
0
0
0
0
0
0
0
0
0
0
0
0
0
0
0
0
0
0
0
0
0
0
0
0
0
0
0
0
0
0
0
0
0
0
0
0
0
0
0
0
0
0
0
0
0
0
0
0
0
0
0
0
0
0
0
0
0
0
0
0
0
0
0
0
0
0
0
0
0
0
0
0
0
0
0
0
0
0
0
0
0
0
0
0
0
0
0
0
0
0
0
0
0
0
0
0
0
0
0
0
0
0
0
0
0
0
0
0
0
0
0
0
0
0
0
0
0
0
0
0
0
0
0
0
0
0
0
0
0
0
0
0
0
0
0
0
0
0
0
0
0
0
0
0
0
0
0
0
0
0
0
0
0
0
0
0
0
0
0
0
0
0
-38
-51
-54
-55
-73
-96
-92
-115
-145
-140
-157
-167
-148
-137
-156
-148
-120
-115
-95
-97
-101
-95
-103
-88
-83
-72
-81
-109
-108
-127
-152
-160
-161
-180
-185
-163
-177
-187
-180
-175
-170
-185
-175
-162
-166
-162
-141
-106
-93
-86
-66
-39
-25
-15
10
29
56
91
125
161
182
197
219
222
234
260
252
253
264
255
248
250
250
238
235
241
224
211
202
185
184
187
199
222
241
259
271
276
283
286
295
313
319
322
358
363
367
391
376
373
357
343
363
348
337
323
290
277
250
204
154
77
15
-36
-111
-168
-228
-297
-359
-429
-473
-528
-587
-617
-667
-692
-697
-735
-742
-750
-773
-753
-747
-763
-772
-760
-750
-745
-717
-721
-700
-682
-673
-629
-622
-614
-582
-561
-534
-484
-446
-427
-390
-356
-325
-309
-283
-238
-203
-189
-170
-105
-83
-84
-34
-18
3
62
92
118
170
250
304
355
463
561
630
719
819
915
1020
1127
1218
1282
1367
1456
1506
1570
1630
1674
1708
1749
1783
1810
1842
1795
1750
1734
1643
1525
1384
1212
991
749
506
224
-43
-310
-569
-789
-1011
-1207
-1411
-1577
-1680
-1794
-1847
-1871
-1903
-1870
-1830
-1776
-1674
-1545
-1411
-1268
-1092
-903
-704
-480
-263
-51
179
398
575
742
883
968
1025
1053
1029
958
858
723
524
305
103
-137
-401
-621
-830
-1044
-1227
-1391
-1542
-1663
-1755
-1813
-1851
-1874
-1837
-1768
-1713
-1625
-1484
-1338
-1175
-970
-760
-544
-339
-134
47
205
351
469
611
694
754
820
827
848
853
850
834
784
748
705
678
671
667
673
690
715
756
825
911
1007
1107
1228
1380
1549
1715
1873
2033
2180
2318
2452
2551
2595
2576
2492
2373
2192
1957
1727
1439
1081
718
340
-32
-388
-772
-1106
-1375
-1653
-1876
-2052
-2193
-2303
-2385
-2411
-2466
-2466
-2426
-2398
-2291
-2184
-2047
-1838
-1653
-1470
-1232
-1010
-835
-602
-365
-190
-24
146
277
360
420
453
452
441
423
392
357
318
279
250
211
175
171
184
212
255
290
321
355
391
423
419
390
365
305
241
214
148
65
35
-4
-65
-101
-126
-157
-191
-217
-244
-302
-343
-343
-363
-400
-410
-402
-410
-410
-394
-389
-360
-313
-291
-234
-178
-155
-98
-57
-52
-25
-41
-77
-93
-155
-181
-201
-270
-308
-353
-395
-448
-486
-497
-535
-530
-516
-500
-423
-301
-201
-117
41
220
398
627
887
1148
1448
1774
2058
2314
2575
2813
2985
3105
3159
3140
3043
2898
2700
2397
2071
1694
1292
896
479
108
-267
-630
-949
-1235
-1487
-1727
-1924
-2089
-2249
-2380
-2479
-2573
-2624
-2635
-2602
-2522
-2411
-2234
-2052
-1822
-1551
-1285
-1000
-725
-418
-140
97
328
508
677
816
890
940
976
979
970
947
902
856
809
751
688
664
630
605
607
553
490
430
340
227
92
-51
-193
-336
-471
-580
-676
-751
-779
-783
-764
-718
-650
-580
-531
-468
-417
-386
-325
-262
-235
-197
-137
-103
-64
-40
-4
22
-5
-6
-38
-95
-127
-182
-273
-395
-481
-544
-605
-663
-735
-782
-801
-820
-838
-846
-860
-835
-774
-758
-714
-610
-490
-360
-234
-91
44
210
410
572
755
990
1224
1467
1755
2070
2373
2673
2953
3203
3419
3589
3680
3668
3564
3407
3163
2837
2481
2060
1611
1157
691
241
-202
-600
-961
-1297
-1560
-1774
-1972
-2113
-2204
-2308
-2377
-2397
-2436
-2443
-2381
-2282
-2154
-1992
-1805
-1630
-1411
-1162
-924
-669
-429
-217
-29
136
267
351
407
428
419
391
336
279
239
201
142
117
116
108
136
161
195
248
304
356
373
392
390
353
332
293
206
140
55
-92
-210
-341
-466
-523
-593
-671
-727
-744
-739
-722
-676
-627
-577
-519
-466
-428
-373
-309
-281
-226
-195
-217
-208
-224
-256
-260
-272
-290
-311
-327
-318
-321
-353
-361
-391
-438
-484
-554
-615
-683
-745
-777
-785
-762
-707
-632
-508
-337
-162
52
273
517
795
1055
1361
1693
1997
2326
2658
2937
3211
3475
3673
3808
3855
3808
3679
3451
3154
2778
2325
1832
1314
812
308
-213
-649
-1018
-1377
-1656
-1873
-2069
-2189
-2236
-2263
-2253
-2209
-2149
-2068
-1977
-1847
-1710
-1582
-1406
-1224
-1046
-852
-655
-449
-286
-135
22
140
245
293
302
278
198
101
-30
-155
-289
-445
-573
-685
-758
-781
-771
-704
-599
-448
-259
-55
176
412
611
751
835
875
851
767
644
509
336
129
-65
-239
-377
-500
-598
-669
-714
-713
-700
-652
-607
-578
-500
-431
-375
-271
-183
-131
-50
17
27
49
56
39
54
53
9
-33
-85
-164
-232
-280
-334
-406
-478
-534
-603
-675
-751
-833
-911
-990
-1032
-1066
-1059
-997
-895
-729
-513
-245
28
339
697
1055
1408
1727
2046
2366
2676
2956
3193
3388
3548
3699
3742
3688
3567
3344
3059
2698
2253
1757
1229
676
106
-436
-942
-1385
-1709
-1987
-2183
-2236
-2232
-2168
-2053
-1904
-1731
-1545
-1346
-1190
-1030
-869
-762
-689
-606
-483
-380
-279
-157
-68
40
146
196
208
216
181
77
-23
-140
-292
-454
-645
-817
-971
-1098
-1161
-1177
-1127
-1007
-811
-546
-270
2
284
561
803
984
1120
1211
1218
1159
1070
934
802
640
422
212
-5
-240
-498
-743
-953
-1134
-1240
-1306
-1354
-1346
-1258
-1134
-1023
-876
-707
-572
-442
-301
-183
-91
-27
5
6
-5
-3
-45
-89
-120
-164
-206
-247
-285
-360
-443
-520
-627
-773
-921
-1052
-1183
-1292
-1370
-1379
-1330
-1183
-975
-776
-437
-54
326
787
1250
1705
2144
2588
3025
3402
3766
4097
4300
4480
4586
4547
4447
4211
3852
3382
2809
2171
1473
771
53
-609
-1186
-1709
-2141
-2464
-2649
-2719
-2707
-2607
-2428
-2198
-1920
-1646
-1367
-1097
-877
-668
-509
-359
-239
-152
-31
41
104
169
205
200
156
111
3
-163
-336
-533
-756
-972
-1186
-1395
-1576
-1714
-1788
-1791
-1714
-1571
-1336
-995
-642
-267
144
503
875
1256
1499
1687
1848
1924
1951
1898
1809
1636
1369
1087
706
296
-116
-577
-993
-1378
-1685
-1913
-2080
-2086
-2002
-1848
-1571
-1245
-925
-571
-219
57
295
482
584
621
575
462
324
177
7
-181
-336
-448
-541
-629
-693
-699
-677
-703
-739
-771
-853
-945
-1032
-1171
-1300
-1367
-1430
-1429
-1317
-1150
-893
-530
-122
333
803
1248
1683
2103
2513
2910
3270
3591
3829
4008
4174
4259
4268
4202
3956
3570
3127
2571
1916
1227
545
-94
-693
-1265
-1758
-2104
-2296
-2381
-2432
-2393
-2209
-1984
-1704
-1390
-1080
-752
-440
-147
41
172
299
334
366
330
205
147
65
-55
-167
-301
-420
-559
-703
-842
-1013
-1181
-1330
-1502
-1676
-1793
-1887
-1901
-1789
-1652
-1462
-1197
-867
-467
-62
345
734
1174
1630
1942
2249
2506
2588
2580
2431
2145
1696
1069
382
-312
-1009
-1674
-2253
-2694
-2911
-2979
-2879
-2588
-2175
-1659
-1124
-511
86
568
1010
1330
1534
1654
1631
1501
1297
1018
708
355
-41
-378
-646
-909
-1162
-1327
-1401
-1460
-1473
-1443
-1402
-1316
-1244
-1230
-1218
-1233
-1256
-1206
-1177
-1217
-1177
-1026
-827
-589
-250
151
560
996
1398
1810
2186
2539
2940
3275
3555
3792
3964
4077
4144
4178
4139
3933
3589
3231
2755
2160
1503
824
163
-540
-1173
-1714
-2189
-2481
-2619
-2652
-2546
-2292
-1933
-1512
-1106
-696
-267
21
244
402
397
346
218
35
-127
-297
-434
-561
-679
-762
-810
-846
-863
-857
-917
-1023
-1118
-1215
-1343
-1492
-1594
-1644
-1658
-1619
-1507
-1322
-1029
-656
-314
52
462
846
1188
1518
1887
2151
2330
2455
2392
2213
1946
1555
1020
389
-309
-1068
-1769
-2324
-2778
-3136
-3206
-3002
-2674
-2186
-1538
-764
-23
685
1364
1793
2067
2212
2195
2022
1660
1263
768
196
-305
-752
-1148
-1485
-1678
-1794
-1864
-1813
-1657
-1434
-1189
-894
-613
-429
-287
-193
-197
-270
-395
-572
-761
-952
-1084
-1119
-1087
-945
-695
-379
8
428
870
1320
1733
2112
2464
2792
3101
3362
3570
3727
3878
4041
4064
3901
3661
3326
2883
2347
1677
942
250
-404
-1042
-1631
-2076
-2330
-2452
-2449
-2291
-1971
-1557
-1128
-653
-170
211
466
656
737
676
527
273
-33
-351
-628
-859
-1137
-1310
-1342
-1310
-1277
-1281
-1192
-1136
-1179
-1225
-1305
-1359
-1413
-1459
-1441
-1389
-1249
-1081
-901
-622
-288
52
443
857
1278
1737
2127
2421
2609
2608
2449
2162
1657
961
203
-621
-1458
-2278
-2990
-3437
-3645
-3571
-3280
-2834
-2160
-1357
-456
401
1066
1714
2240
2487
2521
2375
2136
1716
1171
635
41
-491
-977
-1409
-1679
-1802
-1783
-1674
-1481
-1206
-838
-498
-194
112
274
371
388
295
144
-119
-411
-672
-902
-1108
-1301
-1408
-1357
-1180
-887
-545
-179
247
657
1073
1430
1714
1996
2247
2589
2967
3269
3590
3942
4288
4515
4498
4315
3964
3439
2771
1867
869
-142
-1169
-2081
-2828
-3307
-3492
-3437
-3148
-2624
-1861
-1049
-326
394
1070
1521
1732
1733
1586
1271
788
231
-415
-958
-1398
-1862
-2176
-2230
-2104
-1960
-1772
-1525
-1234
-1008
-985
-989
-1046
-1179
-1228
-1272
-1295
-1236
-1086
-753
-381
-79
275
644
1028
1404
1696
1975
2165
2230
2237
2127
1933
1642
1163
617
13
-671
-1367
-2085
-2646
-2998
-3152
-3087
-2879
-2410
-1724
-914
13
882
1603
2137
2511
2618
2432
2108
1551
865
155
-578
-1207
-1786
-2209
-2410
-2418
-2244
-1994
-1600
-1081
-537
-23
406
708
882
936
847
702
494
134
-319
-768
-1140
-1360
-1553
-1717
-1618
-1414
-1180
-839
-476
-95
230
545
905
1152
1370
1682
2147
2729
3248
3716
4210
4687
5121
5414
5331
4887
4241
3399
2335
1002
-400
-1634
-2694
-3508
-4054
-4234
-3995
-3445
-2596
-1564
-489
580
1572
2361
2809
2964
2795
2250
1574
771
-175
-1052
-1818
-2432
-2790
-2949
-2988
-2726
-2268
-1853
-1435
-1070
-728
-604
-703
-761
-885
-1037
-1206
-1297
-1191
-1007
-726
-331
64
426
780
1020
1120
1161
1187
1173
1110
977
835
837
716
519
452
269
43
-261
-706
-1123
-1550
-1885
-2111
-2296
-2171
-1821
-1381
-702
68
888
1622
2165
2607
2707
2503
2113
1510
792
-60
-950
-1725
-2298
-2639
-2784
-2715
-2376
-1844
-1290
-787
-308
205
671
922
918
767
592
378
41
-397
-797
-1063
-1250
-1447
-1642
-1725
-1645
-1474
-1268
-1004
-662
-273
117
522
983
1478
1950
2393
2901
3468
3995
4453
4846
5140
5354
5413
5031
4238
3248
2197
1017
-375
-1678
-2762
-3486
-3859
-4052
-3833
-3164
-2158
-1038
60
1185
2175
2894
3264
3296
3057
2498
1600
542
-469
-1392
-2230
-2913
-3309
-3392
-3247
-2947
-2527
-2007
-1455
-972
-628
-420
-302
-267
-356
-541
-707
-742
-651
-555
-424
-136
252
541
649
593
384
50
-379
-862
-1342
-1516
-1316
-928
-325
427
1389
2372
3111
3507
3394
2883
1915
493
-1130
-2737
-4045
-4965
-5457
-5356
-4515
-3078
-1334
522
2369
4002
5146
5646
5484
4751
3561
2048
318
-1325
-2734
-3890
-4572
-4763
-4415
-3766
-2975
-1933
-818
263
1117
1676
2012
2103
1893
1442
869
243
-399
-1170
-1839
-2308
-2632
-2748
-2754
-2516
-2080
-1535
-910
-359
196
842
1540
2120
2537
3019
3714
4453
5023
5447
5821
6101
6091
5670
4869
3791
2525
1043
-598
-2175
-3464
-4347
-4831
-4833
-4282
-3342
-2107
-654
804
2187
3314
3982
4266
4126
3547
2682
1495
129
-1112
-2176
-3077
-3729
-4066
-4031
-3676
-3151
-2556
-1889
-1142
-615
-280
14
68
45
-61
-284
-396
-422
-388
-312
-95
221
471
633
540
247
-274
-994
-1718
-2431
-2814
-2833
-2520
-1658
-463
956
2516
3920
4961
5463
5236
4243
2627
490
-1859
-4028
-5815
-6987
-7322
-6726
-5281
-3217
-802
1636
3804
5513
6524
6665
6047
4880
3257
1286
-729
-2490
-3830
-4656
-4967
-4820
-4219
-3208
-2038
-953
58
989
1639
1933
2052
2026
1736
1267
752
185
-388
-926
-1461
-1907
-2127
-2257
-2406
-2389
-2081
-1632
-1193
-767
-376
6
401
787
1224
1816
2542
3351
4229
5033
5717
6228
6583
6692
6214
5130
3515
1703
-111
-2020
-3760
-5098
-5761
-5725
-5200
-4194
-2699
-801
1133
2796
4159
5142
5537
5296
4535
3346
1861
203
-1507
-3009
-4062
-4640
-4882
-4780
-4255
-3368
-2344
-1405
-601
52
573
812
806
714
539
407
219
96
82
121
208
135
52
-108
-367
-828
-1579
-2389
-3125
-3530
-3707
-3510
-2689
-1340
421
2318
4116
5511
6467
6724
6079
4896
2904
176
-2615
-5282
-7376
-8605
-8963
-8236
-6513
-3827
-745
2094
4784
6835
7915
8041
7050
5287
3150
791
-1526
-3443
-4796
-5492
-5561
-5168
-4248
-2968
-1659
-461
545
1364
1928
2118
2030
1802
1412
870
183
-505
-955
-1336
-1799
-2102
-2190
-2119
-1850
-1523
-1235
-958
-779
-757
-822
-851
-698
-233
607
1808
3345
5071
6703
8068
9089
9556
9242
8066
6039
3370
467
-2366
-4984
-7090
-8275
-8373
-7524
-5908
-3664
-1022
1633
3928
5678
6814
7165
6611
5334
3685
1906
67
-1739
-3246
-4196
-4578
-4611
-4411
-3904
-3168
-2456
-1880
-1444
-1060
-636
-307
-65
341
834
1256
1626
1818
1788
1663
1342
699
-177
-1238
-2335
-3180
-3792
-4243
-4367
-4144
-3626
-2734
-1594
-324
1095
2469
3735
4933
5777
6026
5648
4697
3386
1723
-440
-2918
-5241
-6914
-7843
-8072
-7414
-5825
-3367
-459
2258
4592
6519
7642
7663
6714
5059
3128
951
-1352
-3191
-4468
-5059
-5080
-4795
-3985
-2773
-1485
-503
204
1030
1603
1710
1627
1459
1250
952
470
-213
-754
-1108
-1628
-2137
-2376
-2331
-2091
-1775
-1447
-1085
-645
-362
-381
-634
-810
-667
-305
522
1774
3293
5134
6873
8247
9171
9453
8932
7445
5044
2190
-637
-3423
-6015
-7808
-8352
-7750
-6381
-4341
-1742
1103
3787
5738
6789
7272
7065
5867
3991
1960
67
-1605
-3055
-4078
-4397
-4154
-3783
-3392
-2860
-2260
-1773
-1520
-1450
-1225
-735
-292
118
800
1620
2211
2503
2496
2140
1526
606
-725
-2159
-3322
-4116
-4485
-4491
-4254
-3651
-2761
-1946
-1158
-164
1035
2347
3599
4561
5160
5394
5142
4355
2974
1184
-916
-3371
-5562
-7095
-7837
-7705
-6871
-5184
-2690
137
2753
4939
6645
7549
7391
6171
4294
2220
163
-1734
-3273
-4132
-4395
-4306
-3894
-3120
-1969
-848
-7
551
905
1279
1432
1244
897
589
380
6
-326
-533
-895
-1356
-1705
-1651
-1474
-1483
-1520
-1513
-1332
-1035
-779
-656
-615
-515
-371
-231
102
1000
2351
3971
5686
7149
8135
8478
8254
7385
5854
3726
808
-2213
-4500
-6073
-6981
-7220
-6496
-4698
-2387
105
2374
4243
5684
6331
6242
5435
4089
2470
765
-633
-1665
-2505
-3256
-3605
-3618
-3526
-3267
-3092
-2921
-2597
-2044
-1428
-859
-16
976
1830
2596
3102
3114
2883
2393
1338
-89
-1390
-2431
-3374
-4145
-4640
-4517
-3762
-2810
-1870
-1005
-42
745
1090
1266
1351
1551
1941
2306
2682
3028
3036
2474
1480
347
-1002
-2712
-4415
-5786
-6543
-6297
-5378
-3977
-1970
455
2910
4834
6152
6706
6355
5206
3434
1584
-105
-1651
-3064
-3877
-3929
-3673
-3266
-2741
-1958
-1209
-550
40
322
744
1198
1355
1426
1472
1260
660
114
-282
-857
-1567
-2241
-2545
-2523
-2487
-2271
-1845
-1259
-506
18
86
-51
-114
-113
-44
447
1538
2967
4756
6738
8195
9018
9248
8663
7174
4732
1626
-1743
-4682
-6725
-7989
-8270
-7322
-5273
-2692
15
2664
4895
6463
7051
6631
5627
4205
2401
509
-1143
-2264
-2891
-3362
-3634
-3581
-3360
-3189
-3210
-3273
-3004
-2410
-1777
-1097
-127
1211
2499
3491
4039
3945
3341
2351
1141
-477
-2279
-3727
-4708
-5148
-5102
-4413
-3246
-1863
-548
419
1113
1432
1445
1147
892
976
1343
2020
2662
3134
3275
2893
2037
782
-979
-3212
-5349
-6746
-7141
-6676
-5350
-3524
-1379
1261
3610
5159
6073
6207
5415
4009
2350
600
-723
-1708
-2698
-3051
-2785
-2574
-2439
-2165
-1896
-1751
-1414
-986
-519
344
1177
1698
2390
3090
2957
2011
862
-299
-1233
-2058
-3143
-4097
-4291
-3850
-3264
-2316
-1077
-6
942
1421
1292
994
706
443
445
1102
2249
3862
5892
7343
7985
8316
8173
7052
4822
1814
-1486
-4242
-6166
-7585
-7994
-6843
-4601
-1991
677
3197
5394
6935
7167
6321
5148
3638
1639
-453
-1938
-2687
-2973
-3117
-3362
-3231
-2798
-2817
-3040
-2968
-2637
-2123
-1460
-577
454
1619
2852
3544
3761
3710
2854
1346
-202
-1601
-2933
-4073
-4849
-5288
-5001
-3820
-2337
-870
522
1579
2223
2275
1727
1036
459
109
-26
373
1360
2086
2411
2453
2036
1358
179
-1874
-4308
-5950
-6358
-6171
-5615
-4430
-2504
-108
2202
3959
5074
5576
5375
4465
2879
1382
471
-463
-1446
-1970
-1928
-1773
-1863
-2053
-2178
-2031
-1754
-1485
-917
35
1117
1937
2547
3012
3054
2700
1841
627
-576
-1967
-3290
-3884
-3803
-3531
-3143
-2592
-1896
-986
-206
207
301
121
-161
-369
-322
-45
691
2163
4207
6585
8503
9287
9113
8371
7185
5221
2363
-932
-3995
-6154
-7097
-7111
-6333
-4552
-2224
53
2276
4187
5390
5843
5375
4213
3111
2077
767
-404
-1087
-1625
-2196
-2739
-3337
-3715
-3655
-3643
-3761
-3398
-2490
-1372
-158
1050
2231
3332
3986
3915
3275
2374
1298
-150
-1831
-3179
-4097
-4715
-4909
-4702
-4056
-2771
-1387
-488
332
1111
1527
1599
1413
934
482
488
621
1181
2258
2987
2969
2246
1464
539
-967
-2843
-4969
-6532
-6863
-6451
-5636
-4073
-1738
720
2768
4317
5301
5746
5548
4294
2665
1632
680
-531
-1536
-2134
-2215
-2063
-2324
-2873
-2980
-2462
-1837
-1112
134
1535
2659
3406
3521
3356
3091
2110
639
-648
-1814
-2848
-3548
-4048
-4282
-3906
-3093
-2336
-1594
-731
-9
485
689
445
151
242
593
1253
2501
4189
6044
7796
8688
8379
7569
6436
4508
2011
-760
-3604
-5718
-6765
-6972
-6021
-3986
-1749
326
2350
4105
5312
5778
5275
4095
2921
1755
330
-921
-1656
-2117
-2454
-2723
-3059
-3290
-3289
-3350
-3413
-2979
-2031
-934
231
1403
2397
3175
3642
3560
2929
1942
703
-674
-1959
-3014
-3821
-4343
-4512
-4215
-3367
-2202
-1180
-500
-5
539
1024
1116
848
582
541
717
979
1409
2120
2617
2655
2276
1636
898
-483
-2378
-4254
-5653
-6057
-6056
-5630
-4244
-2288
-64
1920
3401
4528
5006
4875
4161
2985
2122
1315
147
-838
-1545
-1980
-2441
-3158
-3558
-3587
-3079
-2130
-1308
-207
1272
2662
3445
3641
3670
3184
2274
1125
-591
-2158
-2986
-3619
-3898
-3589
-3230
-2739
-1971
-1269
-630
-72
140
67
-4
153
615
1143
1623
2384
3683
5342
6863
7698
7667
6977
5824
4292
2420
261
-1999
-4013
-5357
-5745
-5170
-3844
-2103
-285
1334
2693
3869
4710
4945
4499
3588
2539
1466
321
-774
-1656
-2308
-2797
-3311
-3633
-3798
-3926
-3683
-3223
-2348
-1025
254
1344
1986
2522
3045
3077
2778
2113
1059
-131
-1378
-2345
-3143
-3841
-4044
-4029
-3500
-2550
-1930
-1309
-760
-239
438
832
965
915
863
996
1128
1443
2028
2467
2649
2338
1524
745
-155
-1516
-3192
-4796
-5814
-5883
-5505
-4875
-3426
-1418
721
2640
4174
5186
5485
5284
4223
2835
1861
650
-818
-2068
-2929
-3330
-3504
-3709
-3654
-2898
-1704
-590
412
1421
2305
3047
3365
2968
2392
1654
529
-611
-1598
-2304
-2876
-3214
-3212
-3122
-2665
-2421
-2603
-2324
-1714
-963
-246
216
569
988
1778
2467
3047
4125
5303
6294
7011
7132
6775
6003
4797
3279
1200
-1120
-3156
-4835
-5768
-5787
-4752
-3103
-1418
586
2488
4100
5436
5926
5672
4791
3590
2221
591
-717
-1662
-2506
-3231
-3866
-4259
-4185
-3960
-3807
-3332
-2592
-1548
-283
863
1908
2572
3136
3536
3285
2706
1647
301
-970
-2238
-3273
-4172
-4717
-4723
-4331
-3475
-2535
-1527
-383
434
1049
1425
1283
1179
1040
1010
1561
2013
2434
2708
2463
2051
1144
-38
-1205
-2672
-4109
-5272
-5878
-5645
-4772
-3352
-1757
-59
1953
3568
4556
5122
5079
4635
3603
2125
840
-412
-1501
-2460
-3375
-3684
-3621
-3496
-3099
-2298
-1111
184
1170
1804
2418
2913
2978
2619
1970
1067
160
-586
-1345
-2113
-2664
-2829
-3060
-3214
-2846
-2511
-2127
-1578
-1151
-733
-460
-242
-12
169
744
1571
2610
4154
5741
7332
8343
8095
7333
6174
4763
2958
186
-2514
-4588
-5879
-5969
-5397
-4099
-2078
160
2188
3408
4350
5118
5035
4555
3762
2693
1849
880
-127
-925
-1762
-2470
-3379
-4447
-4932
-5071
-4902
-4169
-3049
-1480
272
1852
3019
3646
4132
4278
3669
2556
1018
-608
-1870
-2995
-3764
-4165
-4334
-4005
-3668
-3072
-2189
-1664
-975
-273
308
873
1173
1618
1901
2000
2121
2050
2259
2242
1698
1088
263
-664
-1730
-2809
-3775
-4629
-4755
-4505
-4249
-3301
-1859
-236
1553
3022
4105
4734
4835
4447
3335
2054
847
-529
-1588
-2451
-3099
-3207
-3137
-2949
-2591
-1843
-851
-22
915
1609
1968
2382
2484
2268
1845
1237
527
-269
-877
-1618
-2394
-2763
-3159
-3361
-3188
-2789
-2215
-1872
-1505
-965
-302
426
690
727
947
1328
2083
3199
4597
6264
7537
7834
7246
6062
4654
3012
893
-1494
-3636
-4934
-5184
-4615
-3401
-1832
-152
1496
2752
3563
4084
4191
3871
3192
2308
1493
842
285
-304
-1002
-1717
-2498
-3385
-4102
-4678
-4914
-4464
-3386
-1868
-282
1332
2522
3154
3757
3794
3259
2513
1230
-226
-1471
-2411
-3021
-3577
-3731
-3541
-3381
-2719
-2040
-1790
-1399
-884
-362
122
645
1115
1517
2223
2914
3217
3244
2961
2243
1229
162
-1021
-2439
-3784
-4758
-5386
-5459
-4878
-3883
-2608
-1164
369
1879
3194
4157
4379
3967
3480
2653
1384
280
-689
-1601
-2150
-2476
-2700
-2718
-2470
-2146
-1805
-1015
94
1092
1956
2563
2657
2541
2390
1842
1136
282
-636
-1370
-2007
-2315
-2681
-2936
-2780
-2818
-2657
-2176
-1722
-1218
-813
-427
2
595
1359
2014
2701
3155
3556
4428
5267
5895
5958
5225
4309
3276
2178
905
-650
-2048
-3045
-3451
-3196
-2393
-1155
172
1233
2031
2682
3129
3266
2988
2405
1820
1329
796
171
-367
-729
-1236
-2065
-2838
-3377
-3772
-3910
-3639
-2814
-1542
-179
1099
2013
2468
2760
2704
2284
1815
956
-236
-1137
-1779
-2360
-2744
-2956
-2994
-2778
-2395
-2044
-1787
-1405
-1130
-888
-363
155
714
1330
2194
3147
3620
3684
3203
2356
1312
-70
-1539
-2830
-3783
-4648
-5299
-5193
-4385
-3302
-2165
-912
281
1415
2510
3191
3442
3385
3111
2479
1587
910
-79
-1245
-2005
-2675
-2869
-2784
-2798
-2418
-1670
-628
315
1099
1957
2323
2274
2133
1676
1175
716
-42
-708
-1000
-1216
-1656
-2042
-2179
-2651
-2837
-2503
-2390
-2015
-1480
-1093
-500
175
839
1430
2093
2995
3685
4402
5443
6215
6475
5974
4855
3764
2618
1377
-67
-1657
-2647
-3070
-3138
-2631
-1730
-576
388
1080
1895
2299
2430
2415
1960
1784
1715
1390
1070
689
296
-421
-1463
-2351
-3097
-3712
-4091
-4056
-3356
-2180
-955
265
1469
2484
2824
2440
2151
1632
902
281
-745
-1243
-1488
-2003
-2116
-2350
-2416
-2303
-2237
-1826
-1905
-2064
-1678
-1439
-684
402
1090
2240
3332
3776
3855
3397
2821
1724
113
-1078
-2399
-3468
-3986
-4762
-4815
-4092
-3430
-2363
-1246
-258
851
1670
2306
2500
2588
2751
1960
1355
1168
388
-244
-957
-1858
-2262
-2266
-2323
-2338
-1808
-1117
-470
501
1499
1960
2038
1879
1336
905
522
-372
-1093
-1307
-1728
-2058
-1812
-1441
-1169
-952
-973
-1297
-1433
-1277
-1403
-1345
-827
-599
-167
846
1879
3266
4775
5881
6748
6901
6328
5503
4503
3411
1899
179
-1002
-1920
-2546
-2687
-2639
-1855
-1006
-530
285
846
1313
1695
1893
2145
1974
1944
1765
1257
1157
470
-665
-1403
-2225
-2856
-3237
-3417
-3039
-2560
-1787
-824
-179
788
1360
1278
1371
1042
728
554
174
-79
-464
-594
-896
-1381
-1318
-1499
-1880
-1846
-1887
-2042
-1997
-1984
-1715
-1173
-324
808
1952
3077
3607
3936
3769
2872
1810
202
-1304
-2467
-3482
-4284
-4727
-4426
-3913
-3116
-1958
-1123
-385
556
1135
1501
2045
2245
2048
1869
1636
1045
357
-103
-706
-1314
-1521
-1715
-1870
-1577
-1178
-919
-490
115
618
1105
1550
1452
1023
821
407
-255
-448
-512
-899
-1147
-1213
-1293
-1231
-1137
-1196
-1229
-1128
-1093
-1200
-1212
-1039
-908
-670
32
1172
2630
4193
5563
6460
6903
6753
5997
5233
4087
2498
1008
-452
-1372
-1879
-2376
-2239
-1823
-1555
-978
-469
-28
476
721
1148
1431
1594
1876
1692
1692
1657
896
105
-832
-1882
-2560
-2980
-3081
-3062
-2727
-2003
-1476
-627
251
512
709
548
311
367
284
240
3
-136
-236
-795
-835
-763
-1170
-1373
-1627
-1769
-1845
-1978
-1889
-1781
-1228
-541
161
1352
2340
2901
3090
3071
2718
1653
546
-386
-1289
-2028
-2677
-3212
-3572
-3483
-3063
-2559
-1744
-1052
-616
15
617
1168
1603
1738
1771
1522
1158
878
418
15
-413
-895
-972
-1172
-1485
-1317
-991
-496
-82
153
563
692
618
644
613
376
-144
-523
-674
-939
-1216
-1221
-891
-517
-409
-388
-385
-515
-642
-802
-926
-957
-1092
-898
15
1240
2576
3958
5040
5748
5983
5716
5272
4736
3834
2558
1346
416
-206
-718
-1119
-1262
-1305
-1272
-1328
-1208
-925
-753
-448
-31
496
721
773
1122
1222
1078
743
-4
-674
-1185
-1710
-1879
-1915
-2047
-1814
-1337
-909
-484
-193
-147
-181
-161
-205
-208
-78
-105
-102
122
102
-81
-89
-126
-303
-620
-929
-1194
-1505
-1583
-1489
-1380
-967
-515
-73
707
1318
1729
1927
1693
1480
933
271
-27
-512
-1018
-1479
-1915
-2135
-2322
-2289
-2132
-1932
-1558
-1232
-797
-277
140
591
986
1192
1116
959
790
584
556
366
104
-49
-406
-697
-775
-620
-428
-446
-260
-73
-43
161
198
221
154
-414
-661
-696
-881
-780
-731
-592
-467
-636
-611
-605
-603
-701
-972
-922
-1025
-1135
-708
27
1037
2109
3126
3967
4496
4762
4736
4678
4519
4080
3427
2778
2240
1547
977
533
149
-136
-676
-890
-876
-1048
-919
-798
-839
-701
-537
-374
-98
153
239
86
-162
-438
-862
-1126
-1183
-1353
-1511
-1410
-1157
-858
-570
-407
-419
-553
-646
-694
-585
-528
-679
-612
-443
-321
-205
37
262
186
124
-159
-473
-584
-895
-925
-762
-731
-539
-257
179
564
751
928
909
697
368
183
185
4
-160
-457
-780
-843
-1159
-1384
-1442
-1746
-1869
-1791
-1552
-1201
-864
-361
9
319
576
536
569
563
546
610
480
383
161
-86
-88
-165
-189
-147
-174
-217
-258
-234
-215
-191
-217
-324
-330
-297
-397
-455
-386
-442
-562
-552
-567
-670
-711
-696
-684
-681
-682
-601
-413
-126
281
760
1281
1820
2310
2732
3070
3353
3592
3711
3741
3682
3455
3065
2580
2198
1937
1561
1191
940
629
317
84
-190
-522
-827
-1009
-1051
-958
-732
-617
-710
-798
-922
-1124
-1244
-1417
-1739
-1933
-1887
-1739
-1501
-1185
-930
-795
-732
-672
-560
-472
-430
-329
-277
-285
-195
-76
109
345
370
265
114
-127
-282
-391
-474
-417
-387
-305
-93
79
259
354
378
489
484
343
249
175
164
149
68
8
-275
-578
-788
-1026
-1131
-1478
-1727
-1646
-1577
-1313
-992
-756
-584
-461
-314
-114
104
211
240
283
353
224
73
176
175
155
281
273
166
77
50
134
194
160
-13
-226
-200
-183
-294
-214
-320
-558
-640
-727
-696
-739
-781
-806
-916
-926
-886
-685
-441
-190
143
474
877
1255
1595
1958
2336
2694
2977
3175
3295
3369
3384
3328
3186
2965
2705
2419
2142
1880
1599
1274
912
545
253
95
30
-19
-76
-192
-440
-743
-986
-1207
-1462
-1718
-1976
-2245
-2437
-2471
-2401
-2293
-2200
-2163
-2093
-1922
-1726
-1520
-1285
-1082
-954
-801
-531
-225
31
258
383
380
304
184
212
359
366
380
450
433
442
530
590
687
734
606
563
498
355
418
452
402
327
51
-299
-614
-822
-1025
-1319
-1509
-1723
-1821
-1562
-1302
-1147
-1012
-879
-770
-658
-383
-235
-283
-209
-128
-64
-4
31
96
87
106
172
117
93
110
117
209
208
130
30
-10
92
111
111
94
-84
-301
-427
-450
-490
-579
-632
-658
-675
-596
-492
-368
-159
93
405
685
971
1270
1529
1865
2251
2627
2817
2885
2996
2999
3035
3072
2859
2667
2442
2097
1976
1804
1482
1202
811
451
207
57
-32
-146
-208
-390
-619
-698
-850
-1009
-1130
-1357
-1644
-1895
-1978
-2045
-2117
-2051
-2069
-2085
-1986
-1913
-1809
-1661
-1456
-1280
-1197
-1051
-843
-614
-403
-238
-139
-123
-117
-83
46
154
265
391
413
568
682
752
921
943
997
950
778
727
619
627
705
510
279
-8
-315
-449
-621
-740
-1045
-1427
-1438
-1464
-1378
-1186
-1197
-1160
-1047
-887
-722
-624
-523
-497
-456
-263
-184
-196
-67
29
72
159
185
141
132
224
322
328
292
235
223
335
452
471
388
184
-7
-68
-116
-211
-302
-412
-492
-499
-486
-450
-399
-375
-312
-168
46
259
457
781
1120
1343
1624
1917
2124
2318
2437
2539
2648
2646
2633
2594
2478
2347
2115
1889
1723
1457
1167
933
704
514
361
266
175
-64
-205
-318
-518
-658
-859
-1009
-1232
-1439
-1514
-1680
-1743
-1833
-1946
-1942
-2011
-2014
-1912
-1854
-1786
-1719
-1593
-1368
-1244
-1033
-738
-572
-441
-358
-250
-189
-179
-88
-5
120
271
418
670
826
810
844
826
807
867
856
846
723
559
495
393
302
127
-103
-302
-586
-809
-1011
-1237
-1266
-1272
-1261
-1085
-1011
-955
-833
-803
-721
-701
-743
-658
-599
-473
-229
-87
30
116
158
234
267
311
354
356
399
353
285
297
283
340
404
345
240
69
-59
-141
-253
-268
-333
-438
-328
-227
-219
-196
-282
-398
-441
-305
-126
20
349
632
834
1139
1408
1635
1934
2149
2230
2314
2313
2346
2435
2472
2475
2373
2232
2024
1828
1632
1321
1071
837
612
480
314
102
-40
-186
-372
-507
-648
-862
-1074
-1232
-1358
-1466
-1572
-1679
-1762
-1812
-1855
-1888
-1825
-1730
-1697
-1634
-1543
-1492
-1405
-1300
-1180
-983
-906
-850
-742
-630
-402
-331
-182
53
50
261
509
637
818
829
860
909
915
937
896
922
838
640
495
299
76
-109
-229
-389
-664
-921
-1049
-1114
-1165
-1137
-1130
-1158
-1111
-1050
-977
-863
-848
-885
-817
-693
-568
-453
-317
-130
31
176
288
293
337
426
460
551
658
667
659
684
712
725
705
623
467
318
225
127
38
14
-6
-61
-64
-43
-107
-176
-232
-358
-480
-499
-460
-370
-144
183
487
729
911
1110
1366
1559
1714
1847
1880
1931
2029
2143
2275
2251
2063
1957
1872
1723
1585
1407
1255
1013
779
663
449
364
229
8
-143
-444
-730
-992
-1136
-1200
-1360
-1478
-1631
-1685
-1712
-1751
-1661
-1728
-1723
-1646
-1677
-1504
-1436
-1461
-1330
-1295
-1171
-980
-818
-617
-586
-479
-266
-226
-83
87
197
395
449
505
581
591
711
716
807
886
676
672
645
594
589
282
156
36
-224
-268
-464
-616
-707
-928
-954
-983
-1004
-1029
-1113
-1017
-1044
-1087
-1046
-1082
-949
-815
-772
-638
-488
-392
-256
-48
91
183
229
291
459
565
593
669
728
694
658
658
606
495
391
321
269
214
147
114
116
63
-38
-114
-180
-309
-472
-571
-635
-680
-600
-408
-184
89
338
541
734
887
1056
1316
1580
1713
1766
1874
2025
2144
2243
2312
2314
2217
2048
1956
1907
1731
1511
1373
1228
1021
807
642
497
274
29
-215
-482
-744
-969
-1045
-1159
-1325
-1393
-1502
-1541
-1540
-1598
-1641
-1758
-1810
-1826
-1878
-1821
-1784
-1749
-1635
-1471
-1263
-1116
-992
-867
-783
-700
-591
-432
-283
-128
43
146
206
304
421
497
621
685
619
639
580
513
560
491
439
342
203
162
-19
-186
-273
-424
-510
-565
-606
-640
-681
-671
-722
-806
-770
-823
-852
-704
-626
-580
-513
-356
-181
-121
40
172
198
263
334
461
556
603
636
612
630
601
564
586
537
490
436
336
299
262
154
60
-38
-242
-425
-500
-574
-692
-824
-958
-1109
-1132
-1122
-991
-694
-504
-238
0
194
394
560
932
1227
1431
1624
1726
1896
2078
2257
2397
2435
2399
2355
2324
2271
2149
1940
1743
1572
1390
1231
1032
783
554
309
93
-86
-350
-555
-654
-811
-952
-1054
-1190
-1305
-1403
-1471
-1559
-1731
-1833
-1887
-1981
-1944
-1838
-1796
-1697
-1530
-1371
-1225
-1132
-1065
-974
-868
-724
-531
-368
-257
-124
16
122
225
328
424
529
582
603
631
651
692
688
646
615
474
271
166
34
-134
-232
-374
-447
-522
-619
-618
-695
-749
-876
-964
-886
-901
-842
-784
-768
-702
-640
-455
-309
-251
-98
4
55
166
237
311
436
516
567
596
617
644
682
755
727
631
587
503
469
476
366
221
45
-116
-206
-280
-341
-453
-551
-667
-799
-805
-814
-764
-610
-502
-365
-212
-36
188
356
579
817
983
1194
1397
1571
1733
1852
1991
2098
2152
2192
2190
2189
2138
2021
1897
1744
1634
1539
1392
1221
992
744
508
319
171
-43
-257
-453
-663
-829
-971
-1102
-1290
-1503
-1629
-1743
-1831
-1829
-1853
-1911
-1902
-1877
-1841
-1777
-1710
-1673
-1629
-1520
-1459
-1368
-1222
-1059
-814
-644
-491
-351
-358
-267
-59
125
303
396
435
475
555
689
749
733
659
546
525
489
365
273
153
12
-44
-84
-152
-248
-330
-380
-490
-564
-631
-700
-608
-512
-468
-442
-435
-362
-268
-164
-57
-4
34
111
206
281
388
436
440
530
555
559
605
587
568
526
475
402
280
233
195
138
52
-127
-251
-349
-442
-460
-584
-764
-860
-932
-920
-853
-769
-614
-449
-326
-213
-59
121
317
557
764
923
1095
1267
1465
1706
1856
1905
2002
2099
2154
2212
2185
2097
1977
1849
1789
1685
1569
1446
1252
1033
749
508
308
122
21
-122
-324
-537
-779
-959
-1037
-1180
-1361
-1480
-1620
-1744
-1770
-1735
-1753
-1774
-1746
-1735
-1706
-1655
-1537
-1417
-1393
-1348
-1237
-1115
-979
-815
-659
-500
-354
-222
-38
145
263
370
467
493
476
515
581
586
537
480
427
364
338
290
183
74
-25
-61
-124
-238
-285
-376
-465
-474
-499
-507
-519
-511
-447
-432
-429
-376
-294
-201
-108
-12
74
140
212
305
377
422
437
426
427
433
455
485
505
490
412
310
192
89
-15
-116
-187
-338
-475
-558
-655
-686
-674
-694
-770
-835
-828
-803
-720
-537
-381
-251
-109
-6
130
317
519
752
924
1028
1148
1277
1455
1684
1853
1909
1913
1953
2027
2061
2045
1988
1892
1797
1720
1650
1536
1382
1236
1072
895
704
470
228
44
-122
-311
-481
-669
-818
-924
-1064
-1198
-1326
-1401
-1466
-1517
-1476
-1477
-1524
-1532
-1519
-1477
-1418
-1346
-1256
-1183
-1117
-1028
-950
-858
-752
-631
-477
-373
-279
-174
-122
-14
106
136
107
59
33
26
62
75
8
-53
-120
-141
-118
-171
-241
-318
-368
-362
-390
-435
-446
-433
-384
-304
-243
-209
-186
-124
-69
-60
-42
-11
78
203
320
394
418
461
500
567
625
619
602
576
588
619
591
557
525
449
396
370
273
139
30
-79
-207
-312
-391
-480
-536
-529
-534
-585
-665
-744
-782
-753
-671
-543
-412
-338
-281
-199
-101
27
236
445
601
740
822
949
1114
1236
1376
1458
1480
1534
1619
1668
1652
1605
1535
1457
1387
1314
1192
1064
950
758
597
467
277
165
79
-52
-195
-348
-473
-572
-641
-713
-818
-912
-962
-962
-951
-963
-973
-926
-894
-900
-860
-839
-856
-826
-749
-669
-616
-581
-547
-529
-487
-427
-400
-371
-342
-325
-298
-300
-319
-340
-388
-407
-393
-411
-412
-420
-458
-494
-502
-474
-496
-526
-549
-563
-516
-458
-400
-359
-341
-309
-265
-204
-146
-74
28
110
153
183
201
215
297
406
473
532
585
619
651
664
668
660
606
564
557
537
533
540
505
435
362
290
222
185
176
154
99
36
-24
-56
-53
-37
-39
-81
-143
-176
-140
-52
18
48
60
78
140
242
343
412
431
440
465
467
466
507
546
573
613
639
614
575
573
578
547
522
510
486
469
447
406
357
327
309
272
243
218
141
65
37
-1
-53
-103
-169
-235
-297
-328
-365
-427
-445
-516
-630
-705
-763
-779
-797
-819
-830
-882
-909
-914
-926
-902
-894
-882
-834
-806
-766
-722
-696
-671
-641
-583
-556
-531
-465
-412
-356
-291
-240
-190
-132
-60
10
45
65
94
120
153
197
240
270
287
316
363
416
452
466
481
495
511
550
600
635
651
654
662
647
586
550
511
447
408
362
316
240
161
111
40
-7
-35
-57
-96
-161
-193
-201
-214
-234
-228
-225
-267
-273
-228
-206
-205
-196
-212
-225
-191
-126
-63
-20
19
55
75
122
198
249
273
326
367
387
443
491
530
531
542
559
536
550
575
577
556
523
480
428
407
395
348
281
225
136
66
21
-49
-79
-119
-158
-187
-251
-301
-333
-365
-412
-458
-497
-543
-575
-583
-594
-615
-624
-638
-670
-696
-696
-678
-685
-678
-659
-656
-617
-580
-546
-514
-470
-399
-370
-339
-304
-271
-219
-182
-147
-116
-106
-80
-17
40
68
86
109
122
137
173
204
258
302
341
354
324
339
358
397
468
497
484
457
461
479
492
505
492
439
382
353
316
278
267
251
204
131
77
34
-5
-7
-32
-92
-177
-246
-252
-239
-219
-219
-267
-294
-293
-288
-253
-234
-244
-246
-248
-223
-170
-111
-77
-57
-15
19
50
87
136
187
219
239
252
270
308
360
397
418
421
393
364
367
390
420
428
409
385
354
325
309
289
263
220
152
104
95
70
28
-16
-73
-123
-170
-227
-275
-313
-361
-410
-442
-460
-492
-517
-512
-522
-569
-591
-603
-626
-620
-598
-597
-589
-561
-531
-494
-447
-402
-367
-349
-319
-271
-233
-184
-128
-101
-77
-44
-7
33
76
118
140
164
193
223
286
332
366
411
437
463
476
496
523
534
546
541
541
529
511
492
455
421
378
345
296
249
225
198
157
98
68
34
-1
-30
-69
-106
-146
-166
-191
-214
-222
-237
-242
-249
-246
-245
-249
-233
-234
-256
-279
-296
-272
-247
-237
-223
-242
-255
-243
-225
-200
-164
-123
-111
-98
-61
-28
12
47
72
97
102
126
171
196
208
233
248
252
265
273
295
311
320
307
285
293
278
281
288
258
230
195
162
141
128
98
79
43
-2
-27
-65
-80
-106
-145
-167
-188
-219
-230
-221
-236
-235
-249
-274
-271
-291
-297
-294
-301
-302
-309
-311
-293
-260
-228
-226
-221
-211
-221
-207
-174
-153
-139
-118
-94
-69
-27
1
46
57
36
86
114
129
169
182
210
242
247
250
257
260
278
298
286
259
237
234
245
246
227
197
165
145
136
125
102
69
38
10
-2
1
-14
-29
-34
-69
-101
-117
-140
-139
-134
-145
-141
-153
-164
-138
-143
-149
-136
-132
-126
-125
-108
-102
-88
-62
-72
-63
-54
-49
-27
-15
2
17
19
19
39
51
56
62
52
50
59
64
76
85
80
76
74
72
74
63
48
47
41
21
23
34
28
27
31
20
6
0
-10
-14
-14
-29
-40
-26
-17
-21
-25
-41
-61
-65
-59
-55
-62
-72
-75
-77
-76
-66
-65
-69
-76
-88
-101
-109
-97
-76
-75
-85
-84
-77
-67
-52
-35
-28
-25
-11
18
46
70
84
92
99
103
109
124
139
141
146
149
147
151
149
157
160
155
137
112
110
101
93
97
81
46
23
23
26
16
-10
-29
-49
-58
-48
-58
-61
-65
-78
-83
-95
-98
-98
-114
-120
-129
-140
-141
-146
-126
-111
-113
-98
-103
-99
-71
-57
-47
-44
-37
-21
-18
-8
25
44
43
39
31
28
46
59
56
50
41
37
44
59
68
64
63
51
51
61
48
53
59
47
43
52
57
61
63
65
65
42
36
36
24
30
28
14
-9
-25
-30
-32
-30
-43
-56
-60
-65
-69
-71
-63
-61
-55
-56
-67
-52
-53
-72
-67
-71
-71
-74
-77
-50
-33
-28
-31
-32
-26
-30
-28
-19
-6
7
11
18
28
55
63
58
73
69
78
101
94
99
120
123
118
126
121
107
111
102
86
80
74
73
64
49
40
27
21
12
-1
-8
-20
-41
-45
-39
-49
-56
-55
-71
-85
-92
-101
-99
-100
-103
-104
-110
-99
-87
-87
-77
-72
-71
-63
-60
-58
-45
-33
-34
-24
-15
-19
-13
-4
2
7
10
21
24
23
38
45
43
43
52
57
70
80
64
71
81
59
57
64
47
42
49
28
23
34
26
23
24
24
17
13
18
15
15
13
1
-5
-2
-2
-9
-19
-23
-30
-40
-34
-38
-48
-46
-60
-61
-52
-56
-58
-59
-54
-52
-56
-42
-44
-57
-48
-48
-57
-39
-29
-30
-14
-11
-5
2
7
18
30
39
43
45
55
59
56
75
71
81
90
80
90
85
79
80
78
78
81
82
76
63
60
52
40
33
28
22
10
7
-8
-5
-10
-22
-14
-23
-42
-52
-34
-52
-62
-52
-68
-69
-65
-71
-70
-60
-62
-73
-70
-70
-82
-75
-59
-56
-68
0
0
0
0
0
0
0
0
0
0
0
0
0
0
0
0
0
0
0
0
0
0
0
0
0
0
0
0
0
0
0
0
0
0
0
0
0
0
0
0
0
0
0
0
0
0
0
0
0
0
0
0
0
0
0
0
0
0
0
0
0
0
0
0
0
0
0
0
0
0
0
0
0
0
0
0
0
0
0
0
0
0
0
0
0
0
0
0
0
0
0
0
0
0
0
0
0
0
0
0
0
0
0
0
0
0
0
0
0
0
0
0
0
0
0
0
0
0
0
0
0
0
0
0
0
0
0
0
0
0
0
0
0
0
0
0
0
0
0
0
0
0
0
0
0
0
0
0
0
0
0
0
0
0
0
0
0
0
0
0
0
0
0
0
0
0
0
0
0
0
0
0
0
0
0
0
0
0
0
0
0
0
0
0
0
0
0
0
0
0
0
0
0
0
0
0
0
0
0
0
0
0
0
0
0
0
0
0
0
0
0
0
0
0
0
0
0
0
0
0
0
0
0
0
0
0
0
0
0
0
0
0
0
0
0
0
0
0
0
0
0
0
0
0
0
0
0
0
0
0
0
0
0
0
0
0
0
0
0
0
0
0
0
0
0
0
0
0
0
0
0
0
0
0
0
0
0
0
0
0
0
0
0
0
0
0
0
0
0
0
0
0
0
0
0
0
0
0
0
0
0
0
0
0
0
0
0
0
0
0
0
0
0
0
0
0
0
0
0
0
0
0
0
0
0
0
0
0
0
0
0
0
0
0
0
0
0
0
0
0
0
0
0
0
0
0
0
0
0
0
0
0
0
0
0
0
0
0
0
0
0
0
0
0
0
0
0
0
0
0
0
0
0
0
0
0
0
0
0
0
0
0
0
0
0
0
0
0
0
0
0
0
0
0
0
0
0
0
0
0
