0
0
0
0
0
0
0
0
0
0
0
0
0
0
0
0
0
0
0
0
0
0
0
0
0
0
0
0
0
0
0
0
0
0
0
0
0
0
0
0
0
0
0
0
0
0
0
0
0
0
0
0
0
0
0
0
0
0
0
0
0
0
0
0
0
0
0
0
0
0
0
0
0
0
0
0
0
0
0
0
0
0
0
0
0
0
0
0
0
0
0
0
0
0
0
0
0
0
0
0
0
0
0
0
0
0
0
0
0
0
0
0
0
0
0
0
0
0
0
0
0
0
0
0
0
0
0
0
0
0
0
0
0
0
0
0
0
0
0
0
0
0
0
0
0
0
0
0
0
0
0
0
0
0
0
0
0
0
0
0
0
0
0
0
0
0
0
0
0
0
0
0
0
0
0
0
0
0
0
0
0
0
0
0
0
0
0
0
0
0
0
0
0
0
0
0
0
0
0
0
0
0
0
0
0
0
0
0
0
0
0
0
0
0
0
0
0
0
0
0
0
0
0
0
0
0
0
0
0
0
0
0
0
0
0
0
0
0
0
0
0
0
0
0
0
0
0
0
0
0
0
0
0
0
0
0
0
0
0
0
0
0
0
0
0
0
0
0
0
0
0
0
0
0
0
0
0
0
0
0
0
0
0
0
0
0
0
0
0
0
0
0
0
0
0
0
0
0
0
0
0
0
0
0
0
0
0
0
0
0
0
0
0
0
0
0
0
0
0
0
0
0
0
0
0
0
0
0
0
0
0
0
0
0
0
0
0
0
0
0
0
0
0
0
0
0
0
0
0
0
0
0
0
0
0
0
0
0
0
0
0
0
0
0
0
0
0
0
0
0
0
0
0
0
0
0
0
0
0
0
0
0
0
0
0
0
0
0
0
0
0
0
0
0
0
0
226
-20
-46
224
30
-2
96
-5
6
-41
-51
69
22
-27
59
98
-71
-66
105
-54
44
86
-117
57
73
-56
10
83
-73
29
220
-57
-64
-8
-56
76
119
-6
-80
29
2
57
34
-80
19
-115
15
185
-129
-76
92
53
79
18
-28
2
42
67
46
-16
17
54
-61
-40
34
9
53
54
-13
0
-29
-147
-56
78
-35
-18
89
-14
-12
42
-12
69
22
-105
139
166
25
85
-100
-168
17
22
-97
-7
96
-107
-21
98
-222
-139
131
-38
50
48
-188
23
50
10
44
-60
-25
-6
133
38
-194
42
147
-20
33
-2
-74
6
-111
20
23
-261
-21
55
-81
-6
-34
-17
-39
-24
0
-166
68
91
-92
139
-127
-169
36
-168
106
22
-95
198
-36
148
67
-77
26
-119
13
91
221
3
2
249
102
77
-4
-66
-45
-52
190
39
-75
112
-94
-139
-14
201
-153
-202
180
-213
53
105
-20
41
99
225
-256
60
252
-65
48
53
135
17
-67
77
-263
2
331
-296
-83
53
-207
-127
49
36
-409
161
-154
-478
547
-53
-323
247
174
117
-176
-61
162
-138
-110
218
-167
-151
469
-103
-81
317
-45
50
-30
85
-3
-135
264
99
-32
-15
-113
73
43
-103
108
-38
-93
129
207
-39
-185
244
-99
-35
54
-388
336
192
-240
269
195
-150
222
216
-484
-218
249
115
-33
210
241
-103
34
-41
-332
-32
2
-136
256
128
-311
74
211
-30
90
4
52
-15
-303
-140
-61
-237
-66
52
-324
-91
82
-165
166
-50
-325
-15
125
312
199
-74
-22
79
117
124
170
143
208
410
388
22
-407
-226
-220
-489
-61
-40
-227
-240
-400
-58
-192
-297
198
50
-16
107
218
341
133
147
105
130
227
307
390
102
238
97
-128
236
-12
-293
-70
-111
-441
-240
-188
-453
-180
-103
-52
193
235
9
-99
77
-148
-177
132
122
117
145
202
92
-130
114
52
-156
16
-152
-77
5
-121
48
-183
-552
-307
46
-174
179
658
283
482
575
470
557
297
415
176
-157
-63
-193
-299
-493
-416
-570
-736
-281
-274
-230
-186
-373
-402
-276
54
200
454
492
396
540
431
455
426
285
377
300
175
255
291
109
25
-11
-456
-621
-341
-374
-367
-234
-404
-612
-429
-107
-43
55
117
-37
-213
-118
183
104
245
553
276
335
470
182
162
116
-38
-76
-56
-24
-113
-23
138
56
7
63
-34
-142
-8
-83
-212
-129
-279
-247
-183
-405
-404
-377
-411
-313
-295
-425
-452
-513
-566
-503
-573
-668
-804
-823
-741
-694
-607
-644
-613
-464
-318
-220
-107
40
98
156
328
553
632
835
1137
1317
1428
1479
1691
1729
1624
1617
1575
1740
1611
1516
1750
1498
1521
1654
1286
1132
945
820
729
502
314
-185
-370
-280
-344
-185
-213
-253
-115
-114
-87
-64
-115
-381
-632
-777
-1137
-1508
-1732
-1790
-1955
-2125
-2173
-2214
-2002
-2084
-2148
-2003
-2145
-2063
-2048
-2082
-2138
-2248
-1929
-1872
-1937
-2061
-2493
-2739
-2876
-2516
-2131
-2113
-1803
-1583
-1314
-1035
-947
-865
-1308
-2028
-2637
-2792
-2217
-671
2132
5279
8540
11450
13645
15600
16338
15903
14518
11571
7696
3694
149
-2622
-4713
-6213
-7227
-7999
-8291
-7683
-6690
-5934
-5491
-5315
-5103
-4264
-2585
-320
2096
4371
6238
7434
8322
8981
8973
8128
6440
4118
1669
-698
-2675
-3849
-4700
-5352
-5838
-6098
-6037
-5844
-5292
-4858
-4297
-3624
-2895
-1722
-617
745
1800
2575
3237
3219
3314
2820
1915
1544
1086
820
708
523
366
-244
-994
-1563
-2174
-3022
-3951
-4428
-4867
-5126
-4805
-4197
-3334
-2966
-2703
-2264
-2316
-2236
-2016
-1760
-1677
-1913
-1726
-1311
-786
-335
-36
141
-354
-696
-660
-565
-243
-196
-124
-208
-496
-301
146
1134
2735
4820
7357
9908
12166
13776
15187
15780
15126
13798
10927
7105
3293
-454
-3486
-5819
-7745
-9189
-10160
-10418
-9610
-8056
-6287
-4891
-3948
-3142
-2088
-435
1427
3512
5207
6034
6421
6398
6377
5865
4771
3161
575
-2003
-4555
-6473
-7239
-7863
-7795
-7233
-6371
-4828
-2903
-874
814
2060
2587
3098
3572
3641
4086
4059
3497
2683
1678
897
-184
-1034
-1836
-2755
-3240
-3607
-3216
-2543
-2074
-1502
-1189
-677
-444
-482
-350
-741
-1247
-1516
-1490
-1522
-1852
-2107
-2712
-3317
-3743
-4086
-4085
-4078
-3800
-3340
-2692
-1705
-870
-240
-78
-230
-558
-1206
-1519
-1569
-1698
-1625
-1304
-890
-549
-208
154
598
1550
3404
6432
9952
13056
15505
17051
17878
17953
16921
14650
10602
5233
-100
-4652
-8068
-10538
-12251
-13152
-13271
-12271
-10051
-7011
-4258
-2671
-1509
-471
921
3246
5740
7980
9251
9287
8555
7552
6547
4733
2121
-1060
-4587
-7639
-9789
-10677
-10690
-10306
-9368
-7956
-5945
-3447
-1129
1158
3256
4614
5855
6946
7632
7935
7411
6508
5107
3153
1365
-615
-2718
-4727
-6321
-6955
-6895
-6104
-4744
-3296
-2124
-1039
369
1549
2146
2171
1527
395
-648
-1069
-1028
-1131
-1738
-2589
-3305
-3839
-4070
-3857
-3694
-4115
-4552
-4074
-2828
-1499
-207
870
1105
490
-193
-687
-1532
-2768
-3731
-4131
-4039
-3253
-1706
-148
587
675
861
1733
3705
7009
11082
14671
17054
18422
19277
19635
18984
16659
12219
5876
-1117
-7110
-11314
-13860
-15329
-15690
-15054
-13430
-10251
-6219
-2394
148
1372
2329
3441
5349
7619
9529
10612
10130
8743
6952
4957
2544
-837
-4615
-8474
-11637
-13479
-14017
-13133
-11723
-9915
-7482
-4533
-1329
1266
3516
5337
6181
6772
7386
8054
8394
7861
7216
5778
3368
1002
-1630
-3987
-6324
-8083
-8385
-8080
-6589
-4227
-1668
606
2067
3449
4606
4827
4167
2965
1271
-607
-2054
-2446
-2477
-3206
-4211
-4734
-4768
-4822
-4082
-3107
-2777
-2588
-2438
-1088
669
1757
2580
2707
2252
968
-192
-739
-1835
-3283
-4853
-5666
-5717
-5381
-3796
-1853
-349
262
298
734
1255
2523
5329
9580
14019
17164
19597
21273
21398
20411
17812
13273
6872
-1305
-8522
-13588
-16844
-18118
-18015
-16424
-14502
-12074
-7980
-3502
188
2368
3862
5201
6089
7581
9446
10773
11000
9730
7680
4966
1714
-1702
-5530
-9191
-12523
-14878
-15411
-14489
-12043
-8853
-5410
-1918
1040
3758
5790
7007
7535
7271
6802
6314
5746
5280
4838
3893
2679
1298
-780
-2987
-5122
-6765
-7012
-6380
-4994
-2776
-164
2154
3583
4749
5426
5175
4059
2257
647
-1465
-3263
-3511
-3772
-4155
-4495
-4580
-4190
-3948
-3140
-2125
-1549
-1514
-1619
-654
433
1197
1778
1851
1356
-149
-1431
-2174
-3018
-4040
-5126
-5531
-5872
-6162
-5570
-4149
-2520
-1157
389
1611
1714
1284
1380
2650
5379
9558
14302
18305
20653
21426
20933
19225
16209
11209
4423
-3395
-10908
-16237
-18917
-18773
-16947
-14674
-11780
-8716
-5000
-686
3067
5628
6620
6621
6573
7573
9410
10938
11470
9794
6373
2338
-1915
-5577
-9074
-12447
-15246
-16956
-16341
-13710
-9594
-5151
-1534
1501
3915
6135
7620
8156
7811
6205
4415
3105
2633
2322
1632
662
-1077
-3091
-4669
-4995
-4946
-4848
-3371
-1618
185
2793
5890
8502
8989
7720
5584
2827
127
-2180
-3853
-5676
-7530
-7840
-6609
-4851
-3561
-2391
-1058
-329
209
1490
3436
3974
2929
2506
2148
1257
225
-634
-1237
-3021
-5230
-5963
-5355
-4717
-4978
-4851
-4316
-4374
-4311
-3327
-1625
-835
-994
-387
1098
2285
2623
2956
3459
3470
3900
6580
11082
14843
16726
16963
15974
13991
11046
7781
3529
-2866
-10028
-14753
-16266
-15920
-14104
-11601
-8767
-6490
-4379
-604
3662
6628
7418
7548
8132
8668
9614
10730
11146
9227
5058
373
-4048
-8174
-11928
-14526
-15867
-16207
-14839
-11255
-6640
-2199
1397
4065
5944
7081
8053
8032
7123
5804
4082
2912
2179
1756
1002
-405
-2240
-4414
-6216
-7332
-6832
-5499
-3604
256
4274
7779
10826
12197
11709
8808
4687
741
-2961
-6093
-8403
-9513
-10168
-9725
-7238
-4293
-1618
306
1191
1920
2652
3707
4558
4437
3651
1740
32
-1285
-2920
-4094
-6033
-7815
-8608
-8617
-6995
-4760
-2476
-812
72
620
840
876
186
-767
-1504
-2114
-1945
-423
1526
2345
2092
1378
740
1216
3638
7653
11596
14242
15570
15954
15389
13958
11586
7491
1223
-6165
-11375
-13921
-15016
-14039
-12448
-10588
-8069
-4658
29
4183
7054
8019
8102
8324
7953
8730
9862
9300
6876
2945
-1118
-5408
-9128
-11889
-14342
-15591
-15717
-13405
-9041
-4818
-205
3606
5931
7369
8357
9044
8297
6901
4831
2734
1422
-272
-1510
-2654
-3938
-5197
-6724
-7176
-6666
-5691
-3994
-1571
2289
6979
10723
13874
15122
13097
9022
3590
-1021
-4898
-8633
-11036
-12623
-12649
-11550
-9151
-4812
-1410
735
2444
3695
5153
5848
6361
6722
5030
1960
-1190
-3073
-4760
-6546
-7102
-8061
-8605
-8097
-6059
-2586
410
2617
3296
3603
2984
1507
380
-1395
-2755
-3871
-4164
-2824
-998
249
283
-251
-1085
-1141
678
4297
9466
14744
18227
19998
20397
18600
15162
10526
4071
-3887
-11390
-16258
-18112
-17831
-15780
-12565
-9341
-6173
-2696
1748
5483
7014
7859
8050
8530
9548
10474
11342
10529
7600
2365
-3544
-8813
-13928
-17014
-18330
-17783
-14574
-10017
-4115
1687
6231
9206
10237
10442
9452
7957
6208
3738
1978
535
-514
-1136
-2045
-3457
-5551
-6940
-8003
-8271
-6760
-5037
-2450
1054
5492
10403
13418
15190
14928
11688
6487
613
-3714
-7579
-10705
-11880
-12409
-12231
-11226
-8355
-4164
-1290
308
2304
4738
6140
7136
8479
8447
5642
1388
-1878
-4234
-6911
-9064
-9403
-8840
-8232
-6254
-2229
1818
3992
4803
5025
4109
1882
-464
-2259
-3940
-5596
-6254
-5176
-3204
-1254
286
873
275
-812
-1005
1032
5317
10904
16493
20081
21389
20385
17216
13232
7513
227
-7645
-14657
-17956
-18330
-16305
-12586
-9312
-6219
-3877
-1188
2533
5193
6711
7231
7915
9440
10955
12489
12879
10936
6476
-335
-7480
-13338
-17886
-19634
-18709
-15654
-10254
-4204
2075
7123
9940
10705
9465
7882
5951
4478
3566
2326
1707
938
-25
-1106
-2914
-5495
-8734
-10799
-11567
-10473
-6755
-2536
2018
6459
10482
13807
14653
14050
11879
7596
2308
-2888
-6453
-9170
-10955
-11346
-11352
-11017
-10309
-7584
-3735
-758
2233
4757
7365
9623
10549
11089
9709
5841
639
-3965
-6806
-9097
-10109
-9766
-8493
-6412
-4150
-655
2524
3875
3762
2506
1300
-631
-2421
-3245
-4133
-4444
-4332
-3334
-1649
-423
100
-616
-1685
-2075
-969
2768
8766
15171
19857
21741
20854
17855
13385
8146
2059
-5072
-11657
-16084
-16843
-14865
-12080
-8855
-6609
-4941
-3522
-1626
1700
4541
6691
8324
10084
12464
14157
14692
13032
8399
1253
-6963
-13849
-17955
-19236
-17969
-14494
-9518
-3744
1572
5509
7708
7788
6547
4704
3845
4497
4515
4199
3945
3197
1543
-1268
-3818
-6952
-10510
-12732
-13171
-10280
-5969
-1447
3969
7600
9860
11563
11824
11457
9855
6734
2922
-714
-3271
-5210
-6822
-8131
-9635
-10976
-11437
-10150
-6342
-2102
1361
5508
8711
10498
11721
11580
9905
5723
131
-4989
-8425
-10061
-10876
-9662
-7743
-6546
-4841
-2302
493
2033
2417
2670
2373
1365
626
319
-570
-2334
-3931
-4315
-3938
-3432
-2615
-1567
-1122
-1475
-887
1969
6404
11476
16448
19856
20216
17731
14263
10506
5638
-42
-5808
-11131
-14522
-15122
-13463
-10781
-8840
-7823
-6437
-4396
-1616
2104
6035
9001
10601
11803
13208
13956
12943
9776
4698
-1708
-8547
-13853
-16240
-16534
-15102
-12066
-7661
-2806
994
4061
5796
6078
5492
4583
5557
6647
6231
5366
3497
1590
-885
-4020
-6377
-9092
-11436
-12369
-10983
-6913
-2566
1679
5429
7293
8614
9670
9772
9813
8749
6455
3983
1096
-1486
-3911
-5898
-7859
-10191
-11272
-11257
-8927
-4513
-492
3391
6261
8187
9459
9070
8308
6278
1969
-2944
-6900
-8693
-9461
-9525
-8276
-6965
-5782
-4331
-2213
160
1800
2854
3167
2913
2339
1447
417
-1127
-2943
-4324
-4756
-4484
-4032
-3191
-2436
-2070
-1385
488
4302
10051
15868
19603
21145
19748
16017
12076
7273
1863
-3724
-9571
-13592
-14741
-13524
-11003
-8769
-7684
-7257
-6314
-3968
-40
4310
8016
10603
12226
13648
14336
13867
11418
6260
-360
-7438
-13308
-16324
-16102
-13560
-10735
-7471
-3477
87
2668
3981
4552
4460
3992
4809
6743
8376
8326
6270
3288
-533
-4577
-8001
-10258
-11253
-12118
-11144
-7218
-2560
1808
4883
6410
7418
7444
7269
8394
9379
8819
7047
4399
1241
-2028
-5058
-7972
-10687
-12674
-13675
-12145
-7535
-2284
2324
5938
7651
8121
8004
7332
6468
4063
-679
-5237
-7769
-8799
-8689
-7708
-6531
-5513
-4657
-3285
-811
1514
2390
2681
3081
2723
1695
963
-12
-2106
-4384
-5431
-5091
-3937
-2695
-1878
-1180
-449
524
3562
9242
14906
18591
20112
18964
15570
11489
7284
2523
-3297
-9414
-13322
-13870
-12346
-9737
-7107
-6256
-7162
-7733
-5917
-1579
3389
7496
10605
12599
13514
13855
13703
11907
6989
2
-6808
-11901
-14174
-14005
-12084
-9669
-7755
-5596
-2997
-305
1350
1947
2907
3745
5100
7666
9707
10197
8171
4093
14
-3655
-6813
-8994
-9845
-10008
-9709
-7451
-3893
-622
1730
2741
3827
5218
6745
9228
11232
11536
9598
5808
1762
-1778
-4733
-7992
-10800
-12532
-13500
-12141
-8362
-3252
1123
3021
4159
5591
6852
7534
7490
6666
3530
-1385
-4902
-6345
-7164
-7775
-7657
-6787
-5722
-4557
-2290
760
2253
2027
1727
1537
789
-651
-1806
-2102
-2621
-3434
-2980
-1577
-1103
-1851
-2156
-1178
466
4302
10629
16911
21084
21131
18383
14498
9498
4826
206
-4203
-8469
-12051
-11884
-9639
-7777
-6750
-7499
-8846
-9389
-7255
-2070
3678
8368
11121
12544
13448
13169
11896
9686
5288
-812
-6395
-9912
-10863
-10433
-9960
-9322
-8539
-7775
-6194
-3724
-1545
292
2291
4406
7106
10108
11791
11184
8352
3887
-757
-4150
-6306
-7683
-8474
-8804
-8222
-6581
-4736
-2713
-767
-226
658
3204
6467
10292
12865
13227
10918
6180
1824
-1854
-4743
-7129
-9978
-11963
-13160
-12422
-8992
-4841
-1122
844
2448
5037
7304
9301
10219
8821
5294
296
-3868
-5601
-6415
-7288
-8013
-8142
-7516
-6611
-4628
-2187
-576
210
347
1298
2412
2192
1595
866
22
-619
-842
-444
-415
-1322
-2546
-2558
-220
3952
9635
15067
17676
17126
14292
11086
8028
4780
1952
-1324
-4888
-7145
-7638
-6809
-6541
-7896
-10111
-12193
-11855
-8022
-2154
4018
8183
9932
10341
9949
9827
9521
8165
5344
1090
-2586
-4782
-5872
-6673
-8256
-9852
-10851
-10690
-8762
-6035
-3030
-534
1317
3579
5954
8236
9532
8928
6997
4171
1609
-91
-1398
-2655
-4218
-5694
-6380
-6023
-4901
-3682
-2974
-2521
-1444
916
4505
8284
10824
11139
9201
5888
2824
541
-1220
-3134
-5916
-8601
-10691
-11067
-8995
-6097
-3664
-2205
-409
2693
5829
8078
9259
8406
4942
846
-2020
-3721
-4943
-6082
-6843
-7111
-7119
-6667
-5463
-3997
-2926
-2042
-517
1662
3341
3672
2816
1400
-73
-1043
-1113
-763
-883
-1548
-1792
-618
2269
6402
10840
14091
15058
13928
11728
9654
7963
6171
3513
-139
-3628
-5717
-6555
-7087
-7906
-9623
-11523
-12618
-11178
-6688
-1509
3263
6116
7324
7774
7790
8739
9319
8854
7077
4144
1282
-1415
-3712
-5901
-8386
-10537
-11492
-10966
-8964
-6640
-4250
-2029
-460
1557
3677
6079
7584
7471
7074
6098
5267
4237
2617
537
-2252
-4547
-5821
-6077
-5713
-5391
-5149
-4402
-2576
309
3706
6529
7953
7662
6238
4752
3738
3116
2057
-179
-3376
-6486
-8397
-8825
-8103
-6787
-5473
-4171
-2130
843
3742
5457
5688
4946
3175
995
-431
-1237
-1889
-3274
-4669
-5199
-5420
-5451
-5383
-4610
-3570
-2765
-1187
1024
2428
1985
517
-511
-983
-1199
-877
-404
-254
-501
-386
1514
4716
8501
11973
13932
14302
12774
10659
9261
7934
6173
3089
-755
-3926
-6116
-7315
-8525
-9997
-11319
-12501
-12283
-9345
-4401
362
3557
5339
6305
6797
7375
8421
9414
9379
7875
5454
2807
117
-2837
-5579
-7832
-9544
-10132
-9784
-8612
-7256
-5993
-4485
-3001
-858
1722
4058
5791
6597
7159
7089
6404
5548
3920
1833
-489
-2392
-3252
-3771
-3795
-3675
-3788
-3357
-2523
-1128
923
3037
5062
5872
5265
4427
3469
2704
1746
56
-1964
-4510
-6510
-7015
-6575
-5843
-5649
-5137
-3684
-1647
895
2925
4006
3728
2374
962
-162
-560
-933
-1514
-2084
-2841
-3696
-4798
-5499
-5587
-5287
-4387
-2771
-497
1159
1476
1075
399
-221
-700
-389
663
1121
1233
1886
3541
5961
8431
11099
12887
12614
11107
9496
8604
7786
6185
3839
460
-3008
-5443
-6835
-7690
-8957
-10402
-11450
-11484
-9555
-5963
-1769
1411
2817
3460
4292
5740
7399
8722
9403
8620
6379
3730
1470
-512
-2763
-4976
-6592
-7635
-8288
-8567
-8253
-7401
-6604
-5899
-4423
-1948
606
2534
4156
5606
6201
6026
5655
5117
4211
2859
1730
970
23
-992
-1846
-2190
-2086
-1788
-991
-79
561
919
939
895
816
899
1170
1058
285
-1130
-2804
-4009
-4256
-3645
-2992
-2868
-2680
-1876
-632
633
1650
2344
1946
435
-724
-884
-699
-1238
-2145
-2638
-3474
-4619
-5222
-4926
-4486
-4489
-3759
-2095
-508
218
359
355
-114
-630
-482
466
1364
1893
2580
3904
6033
8449
10998
12591
12367
10909
9098
8352
8220
7587
5893
2430
-1412
-4451
-6501
-7483
-8526
-9652
-10871
-11804
-10516
-7262
-3368
-403
958
1881
2596
3942
6284
8504
9815
9394
7823
5897
3710
1895
163
-1779
-3710
-5731
-6936
-7486
-8110
-8280
-8329
-8009
-7160
-5529
-2576
84
2002
3491
4508
5312
5413
5469
5624
5126
4358
3619
3225
2551
1084
-36
-821
-1531
-1969
-2014
-1249
-612
-639
-980
-1627
-1955
-1958
-1606
-862
-721
-1376
-2313
-2586
-2032
-1536
-1055
-430
241
718
1342
2331
2624
1755
148
-1205
-1980
-2301
-2000
-1712
-2151
-3531
-4938
-5573
-5683
-5394
-4642
-3592
-2639
-1854
-990
-293
-370
-634
-506
15
624
1185
2581
4013
5107
6903
9647
12178
12470
11353
10259
9228
8592
8535
8348
6368
2337
-1791
-4534
-6247
-7540
-8662
-9468
-10395
-11255
-10259
-7534
-4515
-2741
-1933
-685
752
2696
5361
8222
9957
9456
7829
6325
5028
3661
2367
1178
-434
-2691
-4988
-6689
-8013
-9261
-9943
-9552
-8439
-7103
-5607
-3584
-1620
-179
1607
3303
4463
5281
5997
6946
7199
7069
6681
5162
3129
1014
72
302
518
1033
1157
454
-1524
-3745
-4124
-3715
-3244
-2542
-1686
-1480
-2734
-3447
-3045
-3159
-3447
-2670
-619
1077
1945
3261
3992
3152
1457
210
-200
-913
-1161
-512
-362
-1619
-3816
-5332
-6442
-7440
-7191
-5706
-4306
-3938
-3598
-2595
-1823
-1488
-783
327
1027
1575
2964
5283
7713
10134
12543
13692
13013
11088
9401
8973
9280
9500
8171
5326
1888
-1689
-4354
-6321
-7832
-9199
-10694
-11499
-11454
-10144
-8255
-6703
-5186
-4205
-3168
-1103
2265
6025
8327
9276
9140
8129
7029
6285
5938
5205
3809
2071
-67
-2799
-5662
-7828
-9046
-9629
-9534
-8550
-7323
-6816
-6703
-5588
-3682
-1684
427
2834
5104
6374
7558
8581
8874
8101
6131
4451
3443
3436
3775
3969
4365
3102
-103
-3735
-5835
-5798
-5167
-3883
-2466
-2522
-3828
-5100
-5060
-4702
-5200
-5082
-3530
-1064
907
2274
3898
4060
2316
756
1235
2766
2986
2694
2424
858
-2161
-4744
-5460
-5802
-6737
-7086
-6315
-5560
-5595
-5811
-5779
-5740
-5398
-3813
-1078
1552
3392
4722
5841
7084
9220
12292
14819
15495
14667
13244
11782
10791
10174
8637
5214
1063
-2005
-3865
-5392
-6860
-8371
-10541
-13140
-14420
-13264
-10604
-7854
-5610
-4048
-3192
-2237
31
3458
6530
8094
8414
8435
8530
8457
8221
7616
5953
3660
1456
-331
-2010
-4203
-6136
-7717
-8937
-9420
-9699
-9401
-8945
-8590
-7382
-5363
-2606
-92
1678
3535
4870
5761
6869
8041
8728
8131
7554
7583
7120
6259
5314
4456
2635
-183
-2182
-3183
-3795
-4635
-5116
-5098
-6062
-7234
-7267
-6262
-5497
-5454
-4640
-3286
-2004
-565
1064
2644
3069
3059
3581
4174
4478
3998
3156
1676
-492
-1949
-2999
-3954
-4698
-5410
-6001
-6999
-7388
-6770
-6662
-6696
-6109
-4636
-3059
-2062
-271
2124
4196
6569
9971
13721
15827
16053
15669
14944
13861
13088
12591
10964
7599
3692
319
-2652
-5154
-6908
-8737
-11365
-13782
-14665
-14136
-12884
-11090
-9151
-7916
-7117
-5333
-2066
1630
4650
6794
8096
8625
9005
9907
10907
10921
9714
7849
5706
3351
1017
-1123
-3295
-5594
-7439
-8553
-9348
-9954
-10505
-10684
-10357
-9426
-7518
-5202
-2441
155
2017
3752
5338
6840
7642
8336
9920
11087
11124
10427
9898
8756
5806
2993
1275
-372
-2535
-4313
-5035
-6495
-8610
-9777
-9849
-9437
-9303
-8374
-6518
-5032
-3920
-2701
-766
684
1391
2813
4378
5434
5863
5730
4841
3175
1584
151
-1088
-1887
-2659
-3875
-5328
-6476
-7007
-7250
-7668
-7716
-6826
-5946
-5546
-4161
-1795
506
3173
7008
10855
12668
13388
13919
14336
15244
16106
16478
15360
12597
9235
5912
3140
213
-2558
-5043
-8426
-11368
-12783
-13458
-13981
-14436
-14115
-13377
-12140
-9893
-7427
-4079
-458
1703
3178
4864
6810
8526
10157
11905
12718
12157
10359
7998
6057
4257
2014
-2
-1491
-3434
-6042
-8307
-9797
-11035
-12013
-12238
-11616
-10188
-8120
-5941
-3871
-1893
-219
1135
2556
5080
8179
10393
11933
12795
12952
11942
9818
8238
7077
5827
4236
2282
477
-2359
-5721
-7604
-8504
-9542
-10856
-10953
-9563
-8712
-8134
-6950
-5506
-4691
-4095
-1781
1194
3277
4566
5741
6367
5267
4108
3437
2676
1973
1339
972
-389
-2210
-3629
-5202
-6215
-6688
-6675
-6808
-7218
-6706
-5903
-4406
-1674
1621
4762
6602
7886
8882
9844
11839
14105
15834
15679
14065
12586
10815
8924
6831
4708
1990
-2034
-5378
-7571
-9176
-10508
-11849
-12773
-13836
-14432
-13614
-11970
-9590
-7039
-4869
-3104
-1499
997
3589
5680
7928
9983
11320
11232
10693
10353
9100
7204
5550
4673
3489
1121
-1368
-3686
-6014
-7977
-9099
-9719
-10136
-9981
-9494
-8597
-7267
-5754
-4638
-3871
-1892
912
3557
5743
7570
9325
9729
9081
8797
8930
8646
7775
7417
6981
4844
1699
-734
-2501
-4342
-6213
-7231
-7741
-8482
-8650
-8277
-7708
-7683
-7906
-7129
-5559
-3187
-730
1123
2398
2983
3099
2924
3062
3482
3422
2945
2521
1867
676
-533
-1540
-2554
-3383
-3775
-4086
-4594
-4890
-4781
-4488
-3740
-1991
445
2587
4103
5420
6581
7432
8624
10526
11981
11904
11121
10806
10457
9255
7655
5904
3156
-466
-3233
-4494
-5406
-6616
-7875
-9292
-10891
-11834
-11582
-10537
-9266
-7911
-6407
-4809
-3217
-1655
112
2057
3818
5313
6706
7726
7969
7506
6732
6381
6067
5161
3886
2498
1106
-1024
-2940
-3573
-4166
-5467
-7023
-7339
-6944
-7188
-6936
-5757
-4420
-3966
-3602
-1638
779
2460
3356
4400
5688
5773
5433
5940
6983
7253
6518
5966
5362
3911
2021
522
-498
-1683
-3367
-4559
-4931
-5146
-5591
-6170
-6145
-6090
-6075
-5430
-4173
-2400
-1297
-723
61
861
1391
1163
1233
1745
1657
1238
960
994
379
-671
-931
-1249
-1964
-2486
-2394
-2269
-2843
-3196
-3476
-3607
-2679
-841
1525
3292
4334
4924
4835
4981
6080
7994
9036
8855
9117
9222
8381
6959
5455
3816
1292
-690
-1250
-1748
-2599
-4022
-5746
-7523
-9068
-9185
-8575
-7680
-6206
-5202
-4932
-4813
-3832
-2036
-552
783
2490
4168
4952
5045
5354
5619
5131
4292
3902
3802
3374
2567
1716
695
-637
-1920
-2997
-3711
-3857
-3849
-4023
-4091
-3897
-3703
-3750
-3788
-3161
-1778
-367
647
1591
2438
2509
2138
2319
2878
3199
3309
3554
3634
2989
2051
1488
860
-107
-879
-1455
-1770
-1960
-1928
-1827
-2346
-2883
-3409
-3649
-3240
-2504
-1226
-309
-168
-215
-51
138
-34
61
534
803
806
894
950
644
78
-640
-1182
-1267
-1203
-1268
-1338
-1430
-1855
-2619
-3197
-3201
-2808
-2119
-1038
371
1812
2749
3069
3274
3693
4446
5602
6846
7643
7653
6982
6013
5066
4320
3549
2464
1167
-95
-1167
-1888
-2322
-2829
-3691
-4706
-5208
-5351
-5258
-4524
-3579
-2965
-2824
-2533
-1834
-996
-12
798
1409
1652
1540
1635
2059
2282
2185
1959
1476
1033
658
572
489
41
-351
-726
-1041
-1389
-1485
-1356
-1389
-1586
-1618
-975
-580
-609
-422
-56
200
78
438
1247
1646
1533
1122
940
845
700
778
876
876
550
23
-148
-252
-654
-1102
-1291
-1264
-1337
-1495
-1438
-1222
-1271
-1497
-1447
-1184
-1110
-1072
-671
-297
-124
111
437
726
654
438
284
238
187
-72
-119
-233
-678
-1116
-1373
-1299
-1419
-1772
-1964
-2158
-2198
-2262
-2319
-1867
-1236
-581
228
1256
2235
2570
2801
3361
3901
4335
4569
4667
4573
4317
4082
3760
3396
2951
2278
1442
621
99
-55
-258
-818
-1375
-1624
-1881
-2316
-2349
-1737
-1387
-1656
-1717
-1222
-789
-658
-452
-111
89
-86
-139
171
152
-120
-342
-448
-465
-503
-555
-896
-1142
-1097
-1192
-1244
-1143
-824
-602
-639
-632
-687
-674
-660
-373
228
646
855
752
800
883
837
1011
1143
1114
1007
1126
1288
1191
971
780
649
553
431
155
2
-247
-583
-670
-774
-1089
-1600
-1794
-1745
-1771
-1584
-1298
-1107
-931
-698
-462
-163
187
356
353
323
236
177
319
399
238
29
-329
-881
-1303
-1472
-1521
-1470
-1378
-1520
-1859
-2092
-2188
-2195
-1780
-920
-200
389
1118
1757
1890
1842
2117
2423
2859
3239
3225
3206
3302
3323
3025
2826
2736
2096
1253
822
767
708
534
364
135
-229
-582
-690
-484
-254
-355
-545
-575
-678
-724
-367
-51
-206
-388
-371
-536
-896
-916
-792
-896
-980
-939
-845
-886
-904
-995
-1213
-1136
-1114
-1105
-819
-512
-464
-751
-739
-545
-562
-388
-166
14
246
470
690
822
973
933
829
1015
1154
1196
1172
1090
873
569
542
366
-45
-424
-808
-1025
-1099
-936
-726
-795
-1032
-1155
-900
-496
-212
102
451
517
346
200
276
388
359
374
273
151
78
116
189
9
-258
-742
-1127
-1273
-1381
-1147
-885
-905
-1073
-1147
-1161
-1334
-1262
-942
-878
-889
-728
-675
-820
-881
-791
-562
-114
344
609
766
857
857
939
1282
1690
1932
2082
2215
2307
2400
2527
2576
2553
2418
2135
1928
1845
1820
1717
1475
1235
864
469
218
34
-44
-159
-287
-431
-620
-740
-982
-1147
-1195
-1357
-1454
-1417
-1324
-1386
-1522
-1535
-1595
-1580
-1379
-1228
-1033
-795
-725
-703
-623
-411
-212
-74
172
336
405
557
709
731
718
605
392
283
236
224
168
129
73
-70
-127
-182
-234
-257
-246
-252
-160
96
141
79
65
34
-2
-7
185
287
175
100
46
-34
-164
-209
-233
-402
-531
-546
-477
-405
-359
-304
-363
-502
-545
-422
-231
-46
100
151
105
14
-82
-151
-193
-275
-354
-313
-163
-148
-243
-296
-475
-721
-870
-798
-643
-586
-456
-278
-99
33
121
279
383
410
576
942
1295
1521
1627
1612
1504
1368
1391
1539
1574
1552
1492
1285
1109
986
748
583
495
273
131
91
-100
-234
-242
-408
-583
-578
-572
-560
-429
-357
-336
-322
-432
-491
-486
-455
-384
-403
-247
-55
-122
-98
-41
-174
-367
-395
-342
-326
-249
-323
-357
-238
-262
-345
-223
-50
-165
-83
238
377
465
435
405
423
303
233
317
453
489
387
313
155
-225
-558
-692
-704
-819
-966
-922
-940
-1082
-1174
-1170
-1126
-1064
-831
-485
-213
-45
-16
-65
52
292
381
367
352
306
317
412
458
373
145
-105
-194
-174
-198
-263
-314
-392
-505
-540
-471
-433
-405
-303
-217
-115
-36
9
178
339
363
333
379
455
550
817
956
936
954
793
684
722
745
872
921
844
815
728
531
482
555
583
618
604
576
520
409
291
198
160
71
44
79
38
-59
-245
-261
-187
-210
-168
-257
-437
-507
-512
-551
-542
-468
-606
-701
-634
-576
-520
-530
-393
-287
-345
-254
-163
-72
110
163
174
258
275
239
368
503
308
96
-37
-259
-403
-478
-507
-583
-682
-719
-843
-887
-861
-915
-876
-680
-403
-141
-49
-35
93
121
142
400
499
399
440
488
442
373
241
65
-103
-199
-178
-161
-181
-196
-291
-396
-432
-462
-441
-337
-231
-51
182
229
292
395
397
351
385
598
529
560
850
680
520
507
229
19
78
109
129
307
383
271
117
87
25
-89
147
396
366
496
573
380
400
400
152
157
292
253
345
466
303
156
43
-80
-181
-309
-316
-349
-384
-417
-406
-453
-786
-806
-682
-769
-634
-371
-249
-336
-316
-298
-460
-260
13
181
421
466
369
311
371
261
110
128
-67
-150
27
0
-165
-311
-557
-813
-861
-671
-483
-429
-290
-220
-338
-242
-33
42
199
343
352
463
646
719
745
651
430
278
229
256
305
256
-13
-232
-378
-492
-408
-420
-385
-341
-384
-348
-370
-268
-206
-183
-13
67
118
241
365
415
454
474
392
361
432
348
151
116
81
-48
-66
-50
-196
-230
-262
-291
-119
-262
-276
-49
-146
-57
173
215
262
396
384
212
312
420
434
516
573
560
284
230
221
43
130
47
-86
-157
-319
-401
-439
-422
-554
-558
-578
-649
-292
-296
-393
-194
-222
-205
-88
181
330
330
395
296
267
190
152
304
265
147
133
-49
-319
-323
-420
-569
-424
-377
-415
-322
-347
-446
-381
-298
-210
55
262
294
412
556
456
407
542
466
442
578
502
331
293
282
-30
-242
-280
-430
-364
-277
-329
-506
-721
-714
-632
-465
-166
-6
-48
-28
33
102
226
286
341
423
498
617
615
520
584
372
217
301
-35
-89
-46
-261
-175
-173
-429
-476
-387
-428
-154
18
-35
89
-84
-170
-85
-33
235
443
425
435
307
100
210
204
231
298
60
2
-8
-57
-12
-121
-341
-485
-513
-409
-222
-257
-294
-286
-452
-440
-368
-112
118
188
490
351
193
172
22
252
300
183
286
352
173
125
91
-374
-465
-238
-232
-14
132
-180
-295
-412
-537
-265
-178
-25
129
90
236
302
228
310
385
212
416
648
468
511
414
151
34
48
99
-33
-11
-84
-212
-122
-155
-264
-442
-441
-507
-435
-147
-165
-95
-217
-151
-81
-169
181
207
114
219
198
-13
17
19
-173
-70
-99
-41
-79
-140
-111
-357
-238
-235
-355
44
161
-80
-15
-72
-251
24
86
71
370
276
339
540
254
128
151
106
145
310
320
44
125
215
-216
-342
-128
-203
-82
109
-109
-273
-355
-399
-103
133
4
49
19
8
397
434
249
187
75
23
396
489
143
346
30
-316
80
55
90
282
182
-55
-201
-316
-566
-388
-128
-234
-73
48
-231
-194
120
90
66
243
97
6
239
141
102
353
-17
-246
100
-187
-326
136
-1
-321
-159
-308
-572
-391
-305
-255
-231
-217
-321
-305
108
63
234
405
-93
-104
83
56
360
648
410
192
62
-178
-63
68
155
289
48
-113
-65
-252
-313
-113
-210
-196
14
-147
31
344
71
35
23
-293
-196
166
352
230
266
105
-140
55
130
-155
-30
99
-182
186
200
-73
-68
-160
-400
-350
-70
-264
-6
223
-120
81
191
-432
-403
91
-44
216
621
303
173
249
24
173
266
-40
327
406
104
257
-21
-176
114
39
81
174
-198
-46
201
-141
-56
-59
-296
-149
136
363
244
130
57
-117
-32
-50
18
249
40
32
140
-322
-439
-182
-252
-119
148
-93
-188
-143
-369
-209
-174
-216
18
17
38
-51
-112
-200
-267
46
-41
-159
25
-17
68
235
200
38
-110
-211
-144
143
140
83
70
-356
-375
-29
-65
210
514
154
-53
12
-114
1
242
232
143
-36
-132
-69
29
-33
-32
211
34
-108
157
179
-31
20
138
-264
-356
-32
-152
-126
204
11
-153
50
-157
63
376
67
286
359
-53
138
306
8
63
111
-44
170
143
3
122
-27
-77
96
-21
-59
26
-171
-225
-175
-288
-203
-115
-154
51
112
-19
164
205
40
22
2
-101
-96
121
2
-75
77
-240
-101
209
-140
52
264
-31
238
264
-46
42
-185
-223
26
-181
-124
37
-290
-276
21
-83
-23
220
143
41
131
-85
-171
93
-139
-9
104
-253
-122
-96
-61
21
129
199
37
225
129
43
113
-135
15
52
-138
-105
1
-41
-90
245
94
-40
169
-89
-8
51
-161
45
79
-54
224
14
-236
104
-270
-236
175
-89
136
251
56
43
-168
-180
-159
-159
192
206
24
29
-165
-319
-183
120
70
89
259
-66
-81
140
-31
-219
73
80
-148
295
106
-78
274
-96
21
432
-48
-69
221
-232
-53
304
-93
35
140
-141
11
176
125
86
88
62
6
38
26
43
24
-129
-48
-174
-222
14
-132
15
80
-192
-139
-150
-58
28
-6
84
-87
-140
75
-53
-68
109
-90
-95
16
-107
-33
-109
-160
-40
-133
-32
29
-2
96
95
76
90
51
32
177
90
74
117
-134
-30
-51
-117
54
-75
-110
74
99
-75
-1
67
-135
-54
40
36
-5
-57
-10
-114
-34
-4
-30
60
-85
19
51
-16
44
-74
17
-13
-35
196
57
-5
44
-105
52
88
34
198
92
-23
-29
25
-15
-61
136
143
-17
-12
91
-166
-167
110
-15
18
45
2
-41
-118
-72
67
63
-73
152
38
-84
62
-119
48
59
-40
230
157
-10
-32
45
-23
-203
94
163
-135
20
95
-134
-24
39
-47
-2
-49
77
0
-85
-20
-193
-65
-62
-45
148
-30
-154
-84
-69
-72
-78
-8
168
11
114
197
-119
-22
-134
-59
150
-9
36
5
-185
-283
-138
-127
-98
120
121
137
93
-67
-76
-26
-113
38
188
-117
-51
16
-221
-147
-205
-140
48
-18
66
158
38
-70
53
21
-35
10
2
138
-40
-42
128
-115
-65
130
111
119
222
248
170
153
47
33
80
8
54
185
49
-181
111
-33
-225
240
-122
-107
279
-105
73
149
-207
-70
23
-130
-49
46
-65
-34
50
-36
-75
-72
-151
-65
107
118
70
102
28
-98
86
26
-119
48
-106
-140
108
21
-145
-121
-162
-241
-110
-19
-14
4
-128
-195
-114
-114
-16
194
98
-44
69
-12
-9
222
145
7
90
85
13
226
123
-142
149
99
8
386
178
-203
12
-18
-153
213
204
-103
-15
15
-116
-53
-4
-63
-114
-182
-30
30
-162
-99
-89
-97
-15
-64
43
-30
-69
47
56
91
-71
-47
59
-9
-47
138
45
-231
148
-19
-114
182
-163
3
50
-122
145
8
-91
36
25
31
41
59
-1
-96
-17
37
-78
40
112
-101
73
94
-55
101
-49
71
213
21
225
106
-97
-50
-153
25
139
53
160
142
-188
-189
-32
-184
-86
117
32
-101
-85
-163
-312
-115
-3
-12
223
67
-120
161
-56
-65
263
-105
-150
48
-69
9
117
-10
-45
5
-47
101
52
64
241
130
156
93
-15
-21
-42
-113
-84
79
-125
-147
-83
-291
-181
-15
-94
-5
8
-31
49
7
203
50
-159
-28
-11
-131
47
205
-120
33
-63
-209
22
-108
-22
215
109
-12
101
-64
-169
-17
167
162
35
217
71
-144
56
42
-94
89
-72
51
222
-123
84
18
-195
43
49
76
111
3
54
46
-178
-60
136
-136
29
243
-133
-52
69
-77
47
30
-49
-67
-22
61
-92
-17
139
-128
-21
329
4
-47
226
-146
-121
139
-126
-16
72
-191
-100
2
-196
-162
70
-67
-119
23
-33
-59
-69
90
59
-129
34
59
41
94
142
84
-113
-82
-30
-6
39
62
28
-66
-47
-131
-130
25
4
22
134
59
-83
109
56
-125
127
-53
-162
2
-82
-1
-24
-77
-48
-22
6
37
168
131
93
172
117
-19
-1
-34
-177
15
188
29
46
68
-180
-145
48
31
104
111
-66
-35
50
-89
-107
-17
-96
-78
89
51
-47
-24
-127
-102
26
35
145
63
54
195
2
-78
-98
-204
-150
-24
161
85
-17
38
-137
-140
91
152
123
196
214
60
-41
-91
-87
8
-16
-40
151
26
-151
44
-21
-79
-7
-4
61
64
1
-47
55
12
-79
38
89
3
-4
15
-32
86
-37
-113
69
-57
-25
94
-15
-21
22
-61
-37
55
-65
-103
-45
-65
-77
-64
-37
-7
13
-29
-108
-72
-38
-79
110
146
-10
20
-65
-31
47
-28
0
-15
-44
70
203
-12
-104
96
-89
-27
235
-3
-88
-34
-87
9
23
-31
-53
-40
-49
13
202
30
-52
90
-13
48
70
-34
0
37
48
41
52
-19
-58
8
41
19
-18
18
8
-38
-30
-37
-65
-52
44
80
93
69
-28
8
-34
-70
42
13
25
27
-121
-73
-5
-60
17
36
-41
8
-34
11
126
-41
8
-20
-127
104
15
-21
73
0
73
71
44
43
-16
-40
11
42
26
-10
-66
10
-12
-43
-11
-70
13
-32
26
84
-167
0
-11
-155
120
45
-112
33
-14
-109
81
-10
-71
81
-51
23
116
93
-22
-71
98
-85
-76
120
-53
-166
-73
5
-83
-62
44
-20
49
76
32
104
13
-10
69
45
8
3
52
-37
-40
30
-51
-11
39
31
54
97
6
-17
73
-119
-63
67
-116
-13
78
-45
-67
-106
-102
23
43
114
268
69
-19
122
-55
-57
41
-21
50
-2
23
91
-75
-53
-3
-49
37
-45
-27
135
-31
-72
70
-33
-177
-14
147
-14
7
110
-44
-114
-17
-42
-83
24
21
55
127
36
-26
-22
-2
-56
38
77
-131
29
22
-136
-18
-123
-82
-54
-97
102
98
-26
6
74
-46
-58
58
4
-27
55
81
1
-30
-72
-69
48
88
22
98
55
-171
63
103
-114
44
46
-118
-35
65
-57
-37
1
-37
15
51
36
-29
82
8
-36
83
-43
25
-24
-61
47
-96
-12
39
4
1
-34
94
-47
-50
89
-39
-47
34
58
-9
61
41
6
125
27
47
119
-7
-44
47
-59
-78
41
-77
10
83
-25
-14
6
-65
-62
7
-56
-68
19
0
-159
6
-47
-180
76
67
24
43
51
-16
16
93
23
12
4
60
3
-35
120
-111
-144
82
-82
-46
49
-16
-76
20
4
-76
32
-14
13
-42
-8
38
-61
53
43
-46
-14
10
-54
30
112
51
52
-23
-44
-6
-34
9
0
0
0
0
0
0
0
0
0
0
0
0
0
0
0
0
0
0
0
0
0
0
0
0
0
0
0
0
0
0
0
0
0
0
0
0
0
0
0
0
0
0
0
0
0
0
0
0
0
0
0
0
0
0
0
0
0
0
0
0
0
0
0
0
0
0
0
0
0
0
0
0
0
0
0
0
0
0
0
0
0
0
0
0
0
0
0
0
0
0
0
0
0
0
0
0
0
0
0
0
0
0
0
0
0
0
0
0
0
0
0
0
0
0
0
0
0
0
0
0
0
0
0
0
0
0
0
0
0
0
0
0
0
0
0
0
0
0
0
0
0
0
0
0
0
0
0
0
0
0
0
0
0
0
0
0
0
0
0
0
0
0
0
0
0
0
0
0
0
0
0
0
0
0
0
0
0
0
0
0
0
0
0
0
0
0
0
0
0
0
0
0
0
0
0
0
0
0
0
0
0
0
0
0
0
0
0
0
0
0
0
0
0
0
0
0
0
0
0
0
0
0
0
0
0
0
0
0
0
0
0
0
0
0
0
0
0
0
0
0
0
0
0
0
0
0
0
0
0
0
0
0
0
0
0
0
0
0
0
0
0
0
0
0
0
0
0
0
0
0
0
0
0
0
0
0
0
0
0
0
0
0
0
0
0
0
0
0
0
0
0
0
0
0
0
0
0
0
0
0
0
0
0
0
0
0
0
0
0
0
0
0
0
0
0
0
0
0
0
0
0
0
0
0
0
0
0
0
0
0
0
0
0
0
0
0
0
0
0
0
0
0
0
0
0
0
0
0
0
0
0
0
0
0
0
0
0
0
0
0
0
0
0
0
0
0
0
0
0
0
0
0
0
0
0
0
0
0
0
0
0
0
0
0
0
0
0
0
0
0
0
0
0
0
0
0
0
0
0
0
