0
0
0
0
0
0
0
0
0
0
0
0
0
0
0
0
0
0
0
0
0
0
0
0
0
0
0
0
0
0
0
0
0
0
0
0
0
0
0
0
0
0
0
0
0
0
0
0
0
0
0
0
0
0
0
0
0
0
0
0
0
0
0
0
0
0
0
0
0
0
0
0
0
0
0
0
0
0
0
0
0
0
0
0
0
0
0
0
0
0
0
0
0
0
0
0
0
0
0
0
0
0
0
0
0
0
0
0
0
0
0
0
0
0
0
0
0
0
0
0
0
0
0
0
0
0
0
0
0
0
0
0
0
0
0
0
0
0
0
0
0
0
0
0
0
0
0
0
0
0
0
0
0
0
0
0
0
0
0
0
0
0
0
0
0
0
0
0
0
0
0
0
0
0
0
0
0
0
0
0
0
0
0
0
0
0
0
0
0
0
0
0
0
0
0
0
0
0
0
0
0
0
0
0
0
0
0
0
0
0
0
0
0
0
0
0
0
0
0
0
0
0
0
0
0
0
0
0
0
0
0
0
0
0
0
0
0
0
0
0
0
0
0
0
0
0
0
0
0
0
0
0
0
0
0
0
0
0
0
0
0
0
0
0
0
0
0
0
0
0
0
0
0
0
0
0
0
0
0
0
0
0
0
0
0
0
0
0
0
0
0
0
0
0
0
0
0
0
0
0
0
0
0
0
0
0
0
0
0
0
0
0
0
0
0
0
0
0
0
0
0
0
0
0
0
0
0
0
0
0
0
0
0
0
0
0
0
0
0
0
0
0
0
0
0
0
0
0
0
0
0
0
0
0
0
0
0
0
0
0
0
0
0
0
0
0
0
0
0
0
0
0
0
0
0
0
0
0
0
0
0
0
0
0
0
0
0
0
0
0
0
0
0
0
0
0
-81
-90
-115
-133
-128
-136
-153
-153
-151
-156
-165
-171
-173
-189
-191
-190
-200
-196
-196
-186
-181
-192
-177
-175
-171
-148
-158
-139
-112
-117
-103
-85
-62
-43
-23
-4
-4
29
57
63
91
111
137
167
178
212
249
254
270
304
317
330
339
350
377
377
399
440
423
423
441
431
446
428
399
406
384
375
381
353
323
298
271
249
213
193
189
155
115
86
57
18
-18
-38
-62
-87
-109
-138
-168
-191
-211
-223
-237
-264
-284
-295
-316
-341
-362
-374
-380
-394
-409
-416
-437
-467
-490
-505
-502
-506
-518
-509
-517
-524
-525
-534
-513
-496
-484
-467
-463
-451
-417
-373
-330
-304
-277
-231
-207
-162
-117
-88
-41
-40
-17
31
54
75
74
92
129
147
166
182
198
220
232
251
270
270
275
286
302
318
323
331
356
399
431
460
486
519
570
610
645
675
715
765
790
803
824
847
854
853
857
846
818
795
793
763
696
657
613
554
495
414
324
235
150
68
-18
-111
-213
-292
-374
-460
-537
-626
-696
-763
-822
-876
-929
-961
-993
-1022
-1027
-1019
-1018
-1010
-998
-980
-963
-943
-888
-844
-815
-778
-721
-665
-641
-594
-539
-494
-443
-386
-347
-308
-250
-222
-187
-131
-93
-73
-39
-3
1
15
38
56
77
79
67
61
78
81
81
92
79
77
100
111
115
118
136
168
176
183
210
234
254
294
361
415
456
536
603
669
745
809
886
942
1017
1111
1174
1230
1288
1334
1352
1381
1374
1368
1380
1323
1249
1165
1074
966
837
697
518
346
187
24
-149
-321
-488
-664
-812
-952
-1084
-1201
-1318
-1418
-1486
-1526
-1566
-1584
-1579
-1563
-1521
-1453
-1353
-1267
-1152
-1021
-894
-736
-589
-414
-260
-117
9
110
239
333
445
520
570
605
608
645
631
619
619
570
502
445
379
299
227
135
53
-53
-139
-213
-307
-380
-475
-551
-627
-679
-682
-706
-719
-736
-734
-690
-643
-585
-504
-437
-372
-293
-218
-123
-33
32
112
190
256
328
374
401
444
473
484
516
533
510
476
444
414
383
356
336
305
266
258
256
234
235
246
250
271
306
344
411
478
529
606
677
743
812
883
931
944
991
1012
1010
993
933
903
836
755
672
556
456
341
213
93
-34
-165
-298
-438
-569
-665
-764
-867
-947
-1025
-1106
-1146
-1155
-1203
-1234
-1249
-1289
-1291
-1283
-1269
-1231
-1182
-1127
-1072
-985
-893
-822
-746
-648
-543
-436
-322
-214
-96
11
123
222
314
438
533
618
703
760
815
872
896
919
942
930
918
876
820
758
682
604
502
414
321
222
100
-10
-100
-212
-276
-339
-422
-467
-485
-513
-532
-528
-518
-483
-435
-382
-340
-294
-240
-213
-153
-89
-59
-13
27
57
87
113
144
156
173
203
209
205
182
150
154
122
68
56
15
-38
-107
-183
-208
-246
-300
-339
-379
-403
-429
-456
-466
-479
-497
-497
-472
-435
-383
-307
-225
-140
-26
93
214
352
482
616
765
901
1032
1167
1278
1350
1410
1476
1527
1534
1510
1471
1415
1356
1283
1183
1073
954
824
665
527
402
266
136
5
-107
-237
-361
-475
-605
-706
-788
-870
-919
-971
-1039
-1076
-1115
-1153
-1168
-1180
-1191
-1189
-1162
-1143
-1122
-1076
-1027
-972
-917
-839
-765
-697
-596
-531
-460
-381
-336
-260
-186
-139
-89
-55
-41
-18
16
24
41
66
53
44
50
50
42
20
-6
-23
-48
-76
-96
-127
-166
-186
-194
-215
-242
-245
-232
-240
-260
-259
-235
-215
-197
-171
-146
-127
-77
14
97
147
208
307
420
543
687
840
992
1153
1320
1471
1609
1751
1883
1978
2057
2120
2161
2157
2104
2012
1885
1736
1565
1371
1132
885
641
351
84
-169
-430
-671
-903
-1108
-1310
-1478
-1597
-1731
-1831
-1884
-1958
-1982
-1938
-1887
-1803
-1701
-1592
-1441
-1271
-1095
-907
-733
-553
-350
-153
30
207
375
519
638
772
910
1013
1075
1100
1092
1093
1066
1004
960
878
761
654
523
338
170
13
-174
-336
-512
-670
-797
-917
-1008
-1124
-1185
-1213
-1271
-1258
-1239
-1250
-1193
-1106
-1050
-964
-862
-772
-641
-501
-373
-229
-91
29
148
268
382
468
527
585
641
684
700
671
643
583
525
482
361
265
158
6
-77
-137
-205
-273
-307
-329
-370
-403
-420
-398
-340
-231
-70
109
293
466
638
816
1014
1229
1445
1657
1829
1962
2074
2167
2217
2202
2129
2026
1915
1767
1597
1379
1133
885
591
327
64
-191
-419
-663
-879
-1092
-1272
-1425
-1597
-1743
-1836
-1913
-1968
-1974
-1980
-1956
-1922
-1840
-1734
-1666
-1554
-1439
-1324
-1203
-1084
-938
-805
-651
-481
-328
-176
-52
50
170
299
435
586
706
816
931
1015
1113
1190
1227
1272
1312
1328
1301
1296
1231
1090
977
831
676
512
307
101
-84
-228
-379
-539
-712
-884
-978
-999
-1012
-1018
-994
-956
-883
-780
-673
-570
-475
-369
-255
-144
-34
63
141
216
283
339
387
418
431
435
422
385
343
290
211
125
53
-32
-139
-235
-317
-408
-489
-560
-633
-692
-747
-806
-877
-948
-995
-1035
-1067
-1068
-1067
-1052
-991
-893
-733
-530
-320
-46
276
579
896
1227
1560
1905
2217
2475
2701
2868
2995
3089
3109
3056
2927
2723
2509
2269
1971
1663
1326
951
605
274
-62
-417
-785
-1109
-1398
-1634
-1784
-1952
-2144
-2266
-2332
-2339
-2305
-2291
-2274
-2208
-2094
-1932
-1750
-1563
-1379
-1209
-1004
-755
-556
-417
-254
-62
128
316
474
598
721
836
924
1009
1080
1088
1089
1143
1181
1164
1124
1051
967
886
817
768
666
509
361
228
73
-116
-340
-566
-741
-909
-1025
-1115
-1232
-1305
-1383
-1418
-1411
-1412
-1343
-1254
-1140
-975
-817
-668
-518
-387
-249
-97
40
171
281
381
491
573
647
689
689
684
679
660
619
593
518
429
354
198
67
-49
-181
-245
-288
-329
-374
-418
-459
-544
-666
-763
-846
-961
-981
-848
-653
-438
-228
36
290
538
878
1201
1467
1698
1946
2212
2427
2629
2799
2897
2925
2889
2811
2685
2502
2274
2022
1754
1481
1185
873
550
186
-166
-519
-857
-1159
-1456
-1678
-1889
-2089
-2240
-2419
-2543
-2630
-2719
-2728
-2642
-2475
-2260
-2071
-1921
-1742
-1585
-1438
-1224
-984
-779
-601
-338
-65
45
125
242
285
329
456
652
836
907
1018
1175
1214
1211
1210
1203
1224
1202
1220
1277
1163
1000
873
768
688
491
261
-30
-421
-713
-917
-1136
-1384
-1578
-1645
-1627
-1569
-1447
-1310
-1194
-1008
-741
-483
-332
-223
-39
40
38
144
193
142
141
177
160
26
-78
-52
-105
-181
-120
-14
110
183
157
68
-161
-449
-669
-799
-769
-642
-401
-3
254
241
-6
-581
-1357
-2074
-2426
-2135
-1170
420
2375
4151
5394
5929
5784
5281
4569
3655
2737
1990
1403
870
333
-283
-1031
-1661
-1894
-1848
-1633
-1135
-408
335
1003
1482
1631
1521
1318
1052
725
386
-45
-617
-1097
-1335
-1468
-1555
-1562
-1499
-1432
-1468
-1563
-1661
-1779
-1744
-1523
-1277
-1023
-887
-968
-1102
-1204
-1209
-1049
-807
-507
-144
233
488
428
108
-298
-674
-846
-783
-594
-420
-285
-36
194
205
227
312
381
637
1062
1463
1747
1857
1803
1555
1056
342
-356
-703
-763
-787
-668
-367
-86
91
153
272
355
432
775
1024
1171
1271
1087
802
395
-85
-493
-890
-1159
-1160
-993
-697
-411
-354
-309
-281
-334
-273
-199
-122
-71
-129
-137
-260
-545
-692
-800
-893
-917
-978
-980
-1070
-1286
-1399
-1564
-1759
-1864
-1984
-1988
-1911
-1940
-2201
-2760
-3207
-3062
-2376
-1146
809
3321
6104
8341
9240
9008
7868
6287
4740
3071
1511
356
-202
-298
-556
-934
-1232
-1304
-912
-332
327
1116
1829
2394
2720
2578
2006
1117
61
-893
-1677
-2388
-3012
-3376
-3244
-2489
-1453
-532
66
252
279
84
-396
-1019
-1713
-2037
-1911
-1554
-1127
-991
-1077
-1159
-1210
-1088
-837
-438
142
581
842
831
423
-265
-1073
-1523
-1583
-1428
-987
-578
-271
43
180
80
-84
-40
410
1126
1653
1902
1913
1563
1031
342
-444
-1114
-1528
-1426
-993
-506
-104
87
349
553
447
513
714
796
934
912
713
419
30
-174
-204
-161
-110
-46
81
158
196
234
277
275
139
-51
-141
-164
-246
-317
-251
-80
81
137
71
-50
-136
-210
-362
-523
-555
-561
-671
-813
-1048
-1517
-2234
-2946
-3218
-3019
-2537
-1675
-622
163
516
367
-203
-891
-1478
-1571
-740
825
2702
4645
6232
7114
7243
6626
5508
4267
3009
1798
796
4
-628
-1030
-1190
-1277
-1226
-933
-586
-45
615
1042
1396
1556
1300
986
485
-276
-863
-1574
-2242
-2651
-3025
-3025
-2789
-2236
-1456
-745
5
372
399
282
-123
-638
-1055
-1420
-1607
-1487
-1332
-1078
-784
-636
-477
-251
68
294
405
590
586
463
478
353
226
170
-10
81
278
257
333
285
28
-90
-184
-259
-290
-423
-453
-364
-326
-229
-128
-70
54
119
50
-51
-161
-144
4
150
371
461
336
450
662
700
767
730
608
639
533
139
-351
-869
-1359
-1634
-1547
-1352
-1199
-941
-714
-475
-297
-540
-817
-929
-1011
-870
-818
-936
-924
-1026
-1054
-848
-756
-743
-1105
-1849
-2431
-2824
-2608
-1346
841
3754
6611
8299
8594
7797
6290
4645
2630
390
-1374
-2369
-2031
-1170
-651
89
693
1067
1535
1620
1897
2567
2819
2886
2705
2107
1223
44
-1031
-1986
-2749
-3460
-4194
-4135
-3309
-2223
-863
461
1376
1795
1396
346
-682
-1781
-2851
-3241
-3035
-2540
-1868
-1352
-878
-267
128
289
498
912
1385
1649
1832
1669
806
-376
-1622
-2554
-2807
-2663
-1938
-567
708
1452
1485
1059
657
61
-471
-417
-36
531
1227
1751
1823
1200
-63
-1096
-1368
-1337
-1130
-721
-12
610
751
882
762
560
603
267
196
727
854
788
693
283
-46
-352
-526
-443
-325
-252
-296
-90
155
85
10
-99
-216
-238
-513
-983
-1169
-1375
-1677
-1520
-1181
-905
-763
-1157
-1659
-1954
-2283
-2294
-1998
-1651
-1326
-1452
-1814
-2040
-1994
-1334
-574
-8
372
-113
-887
-1212
-1340
-612
1305
4059
7365
10054
11282
10962
9329
7096
4456
1726
-557
-2269
-2823
-2509
-1991
-976
-134
281
758
731
743
1277
1491
1744
2010
1714
1297
351
-1238
-2485
-3465
-4360
-4879
-5039
-4531
-3149
-1442
57
1233
1802
1507
823
89
-759
-1348
-1725
-2160
-2168
-1783
-1485
-1111
-740
-532
-82
585
1126
1597
1831
1637
1359
957
-14
-1209
-2120
-2815
-2999
-2365
-1328
-274
513
697
609
673
754
928
1327
1533
1357
1112
948
779
305
-697
-1720
-1977
-1494
-939
-460
130
494
570
636
552
571
775
521
185
323
436
350
83
-357
-519
-462
-578
-759
-858
-906
-868
-630
-402
-546
-914
-1279
-1408
-1101
-873
-910
-709
-374
-166
-49
-102
-275
-555
-918
-1216
-1595
-2069
-2240
-1788
-810
107
400
-75
-1123
-2296
-3314
-3686
-2689
-373
2888
6565
9568
11198
11077
9204
6656
4177
1716
-428
-1896
-2327
-1579
-565
79
872
1731
1974
1781
1525
1255
1203
1093
461
-122
-397
-1007
-1742
-2155
-2539
-2802
-2982
-3394
-3223
-2167
-1190
-101
1257
1774
1415
643
-600
-1688
-2488
-3405
-3608
-2778
-1781
-769
210
781
1132
1202
786
605
908
1031
986
1109
1061
454
-785
-2339
-3368
-3543
-3166
-2145
-436
985
1643
1807
1422
934
621
574
909
1416
1443
990
759
123
-564
-1175
-2009
-2086
-1825
-1110
94
1028
1779
2121
2041
1699
1046
299
-251
-740
-1075
-1046
-988
-722
-339
-263
74
731
1055
1053
571
-42
-151
-505
-1277
-1904
-2489
-2970
-3243
-3068
-2526
-2043
-1183
-356
-84
394
468
-163
-734
-1656
-2437
-2624
-2670
-1992
-998
-427
-304
-1299
-2638
-3236
-3049
-1219
1971
5827
9930
12496
12941
11639
8897
5693
2324
-1105
-3499
-4421
-4060
-2350
-410
1482
3229
3661
3680
3388
2711
2447
1513
745
501
-227
-760
-1889
-3086
-3282
-3586
-3684
-3539
-3462
-2654
-1457
-281
1144
2138
2203
1554
416
-742
-1887
-3041
-3701
-3586
-2829
-1837
-897
-17
723
1229
1571
1693
1545
1180
567
94
99
-131
-1160
-2576
-3574
-3692
-3270
-2257
-485
959
1640
1891
1562
1246
879
109
-131
-65
-238
-207
-46
-68
-166
-565
-776
-140
62
134
638
633
964
1152
817
1010
833
400
95
-184
35
40
-123
-8
45
-47
-114
72
321
384
103
-282
-402
-497
-786
-1201
-1579
-1866
-2018
-1945
-1745
-1260
-615
-458
-302
196
175
-210
-737
-1558
-2211
-3047
-3797
-3546
-2821
-1977
-1373
-1208
-785
-689
-850
-369
12
791
2748
5168
8125
10584
11042
9812
7407
4963
3087
1072
-903
-2375
-2652
-1394
151
1610
2948
3295
2978
2338
1600
1201
612
-219
-973
-1510
-1698
-1923
-2521
-2656
-2269
-2373
-2299
-2351
-2503
-1691
-1221
-510
1010
1398
1058
461
-762
-1689
-2629
-3564
-3614
-3045
-1846
-564
638
1729
2034
2094
1825
1298
989
424
-142
-190
-409
-1240
-1891
-2447
-2977
-2573
-1654
-547
1098
2131
2041
1911
1488
572
29
-514
-1004
-692
-602
-975
-557
-141
-492
-512
-423
-617
-171
446
734
1444
1814
1202
918
790
36
-306
-311
-508
-236
164
193
350
402
385
795
908
690
189
-569
-1068
-1387
-1438
-1861
-2378
-2454
-2362
-1866
-1429
-1022
-678
-443
-199
-208
74
145
-434
-823
-1381
-2459
-3055
-3078
-2702
-1479
-498
-205
229
-120
-1118
-1087
-598
86
2101
4747
7464
9982
10609
9197
6703
4332
2371
77
-1609
-2798
-2748
-790
534
1874
3363
3062
2812
2649
1677
1508
907
-578
-1171
-1575
-2107
-2392
-2668
-2765
-2232
-1387
-1368
-1613
-1569
-1530
-790
447
1350
1800
1686
733
-499
-1412
-2915
-4249
-4292
-3980
-2636
-792
297
1628
2305
2208
2147
1500
806
42
-630
-586
-521
-859
-1556
-2130
-2065
-1798
-1540
-768
102
602
1295
2049
2467
2602
1967
669
-190
-1158
-2488
-2694
-2297
-2030
-1008
-283
-124
998
1274
951
1713
1560
1249
1343
721
262
-147
-761
-1156
-1207
-962
-534
56
779
1070
987
1153
914
555
72
-1126
-1704
-1972
-2740
-2926
-2798
-2626
-1792
-966
-396
144
324
118
-258
-582
-1245
-2049
-2154
-2117
-2023
-1727
-1837
-1548
-1192
-1841
-2105
-1998
-1956
-479
2628
6551
9958
11634
11375
9336
6695
4353
1652
-1123
-3151
-4544
-3598
-984
344
1870
3299
3409
4408
4883
3829
3167
1815
133
-304
-935
-1850
-2457
-3242
-3578
-3316
-2966
-3217
-3512
-2259
-890
287
2048
2392
1808
1249
-441
-1896
-2399
-3674
-4320
-3368
-2507
-939
680
903
1364
1726
1269
1463
1796
1366
868
404
-191
-964
-1910
-3266
-4201
-3755
-3230
-2084
-66
1021
1786
2373
2324
2164
1828
1275
712
438
-357
-1441
-1659
-1836
-1580
-1174
-1490
-1016
-80
696
1820
2172
1880
1759
1183
858
813
145
-282
-600
-1060
-729
-517
-980
-457
395
706
1588
1865
1300
756
-165
-764
-912
-1293
-2071
-2718
-2832
-3078
-2992
-2297
-1839
-826
384
568
791
578
-432
-947
-1781
-2670
-2874
-3304
-3018
-2046
-1394
-867
-1693
-2829
-2538
-2228
-648
2717
5967
9693
12207
12134
11109
8428
5082
2172
-1437
-3706
-4555
-4662
-2754
-982
844
3184
3737
4305
4953
3827
3105
2452
795
249
-242
-1248
-1709
-2847
-3640
-3430
-3355
-3358
-3224
-2247
-663
629
1952
2440
1677
1168
-158
-1921
-2547
-3970
-4649
-3403
-2574
-995
634
628
1158
1671
1345
1587
1459
968
991
836
596
73
-968
-2219
-3390
-3477
-3080
-2569
-881
422
976
2288
3072
3158
3381
2675
1696
1133
-132
-1786
-2593
-2784
-3234
-2849
-1988
-1819
-481
833
859
1781
2453
2053
2039
1615
650
273
-449
-1617
-1920
-2183
-2157
-986
111
1128
1843
1995
2073
1586
800
-351
-1414
-1543
-2134
-2915
-2942
-3165
-2802
-1845
-1332
-165
912
766
713
822
378
-565
-1518
-2228
-2908
-2851
-2399
-2242
-1534
-1586
-2711
-2830
-2876
-2408
558
4392
8211
11460
12154
10699
8311
5633
2786
-531
-3246
-4783
-4684
-2639
-811
622
2484
3267
3790
4344
3819
3340
2341
1154
952
61
-1119
-1727
-2819
-3441
-2994
-2817
-2890
-3149
-2885
-1160
110
936
2010
1728
726
-373
-1678
-2300
-2967
-3715
-3319
-2107
-564
746
1457
1777
1370
958
1049
912
1127
1310
479
155
358
-661
-2099
-3040
-3920
-3827
-2525
-1176
379
1952
2341
2124
2322
1954
1341
1243
792
411
-59
-652
-804
-1303
-2044
-2956
-2983
-1268
-138
502
1712
1938
2214
2646
1534
804
523
-494
-863
-706
-992
-1142
-874
-775
-275
765
1160
998
1038
735
-189
-585
-1039
-1875
-2004
-2491
-2882
-2160
-2161
-2258
-1298
-478
278
553
468
748
233
-519
-1145
-2148
-2543
-2675
-2507
-1486
-1571
-2441
-2404
-2890
-2449
193
2972
6674
9887
10308
9681
8092
5924
4092
1114
-2116
-3925
-4264
-2861
-1208
-15
1484
2342
2880
3555
3518
3282
2674
1712
1295
593
-176
-764
-2036
-2631
-2527
-2854
-3005
-3265
-2827
-1232
-320
807
2256
2139
1495
217
-1649
-2379
-3217
-4158
-3676
-2388
-999
353
1455
1824
1559
1278
1092
911
1035
1076
575
496
419
-487
-1559
-2753
-3437
-2961
-2240
-1262
207
1085
1322
1512
1590
1742
1694
1409
1290
578
-329
-577
-1181
-1722
-2118
-3169
-2629
-921
-301
727
1650
1555
2062
2185
1537
991
-70
-544
-549
-1054
-1072
-1142
-1583
-1113
362
1541
1863
1574
1043
526
-79
-238
-633
-1210
-1501
-2350
-2147
-1996
-2669
-1931
-1463
-607
499
333
845
841
216
-347
-1392
-1901
-2468
-2851
-1846
-1243
-1697
-1615
-2867
-3928
-1732
1092
4935
8744
9690
9340
7448
5069
3725
1204
-1620
-3398
-3901
-1788
-39
356
1333
1162
1268
2426
2320
3022
3892
2881
2483
1904
789
150
-1724
-2940
-2958
-3183
-2892
-2818
-2433
-1222
-252
1046
2546
2489
1424
-48
-1921
-2378
-2835
-3726
-3003
-2315
-1365
231
578
952
1191
568
807
1253
1496
1623
794
514
595
-294
-1371
-2816
-3509
-2837
-2277
-1152
340
931
1206
1432
1387
1936
2254
1578
1386
412
-913
-1146
-1761
-1915
-2478
-3495
-2870
-2078
-585
1248
1921
2838
3141
2506
1980
1134
-36
-825
-1385
-1928
-1976
-1980
-1712
-845
185
1178
1531
1549
1509
736
154
-16
-570
-568
-1618
-2844
-2272
-2608
-2484
-1557
-1252
-603
5
710
802
344
147
-564
-1197
-996
-1397
-1845
-1560
-2446
-2589
-2221
-3547
-3085
-938
1800
6507
9825
10257
9012
6159
4028
2278
-378
-2427
-3927
-3331
-826
226
1053
1873
1325
1431
1928
2186
3049
3194
2684
2612
2238
1039
-837
-2499
-3107
-2945
-2530
-2490
-2332
-1441
-557
461
1691
2131
1547
349
-1169
-1898
-2047
-3048
-3313
-2634
-2077
-676
151
376
1013
604
447
1277
1635
1783
1369
616
460
24
-917
-2095
-3276
-3172
-2317
-1861
-376
1108
761
959
1406
1129
1625
1550
1057
910
-118
-821
-886
-1197
-1546
-2625
-3236
-2458
-1538
84
1409
2027
2935
2628
1978
1943
1118
-21
-716
-1420
-1411
-862
-1188
-1018
-208
167
468
345
438
865
662
80
-105
421
-80
-2027
-2587
-2294
-2674
-2102
-1253
-699
224
257
212
507
-144
-675
-1001
-1197
-801
-1045
-1133
-1278
-2479
-2534
-2739
-3655
-1899
1120
4270
7818
9016
8335
6774
4003
2222
1234
-368
-2041
-2547
-1123
-150
126
955
583
256
1020
1288
2513
3942
3282
2826
2388
1024
421
-1347
-3379
-2705
-1780
-1626
-1386
-1251
-702
-303
77
1283
1703
741
-345
-1141
-1534
-1872
-2431
-2683
-2353
-1583
-713
-56
470
636
382
747
1667
1987
1589
678
-93
-155
-712
-2014
-2784
-3089
-2767
-1864
-1015
126
1179
1535
1599
2129
2436
1798
906
347
-120
-1296
-1517
-1396
-2505
-2484
-2934
-3714
-1876
-226
835
2513
2974
3006
2795
1553
523
-440
-1141
-1354
-1348
-455
-3
-3
328
-148
-153
132
-349
329
829
472
867
452
-143
-575
-2322
-2905
-2394
-2142
-950
-271
362
1255
178
-739
-1134
-1788
-712
-83
36
827
-1160
-3048
-2934
-3800
-2841
-710
896
4306
7345
7914
6755
4567
3258
2761
1034
-402
-1035
-951
148
-341
-572
38
-461
-89
506
824
2086
3008
3241
2962
1749
846
-385
-1902
-1446
-689
-588
-794
-1649
-1319
-558
-986
-465
638
491
487
200
-644
-829
-1531
-2244
-2029
-1517
-923
-767
-346
171
296
644
313
327
1082
656
185
481
95
-1126
-2599
-3354
-2814
-2278
-1676
-487
281
584
800
970
1084
1399
1550
1541
1643
644
-285
-255
-843
-1444
-2353
-3787
-3256
-1859
-1139
218
1515
2580
3343
2641
1434
619
-81
-842
-1090
-568
-140
-100
-103
65
-40
-595
-1117
-1003
89
889
1104
1227
858
456
-782
-2392
-2763
-2784
-1916
-627
-137
849
912
-337
-664
-1152
-1492
-851
-585
105
109
-1648
-2547
-2770
-2984
-1889
248
2889
5772
7594
6950
4934
3420
2738
1692
115
-338
-461
230
666
-1014
-1435
-1372
-1566
-278
634
1290
2627
3393
2817
1620
525
-742
-1838
-1839
-1201
-278
647
94
-721
-280
-213
-472
129
668
651
459
-216
-981
-1223
-1546
-1972
-1730
-1108
-566
168
888
1032
929
818
200
-155
154
-68
34
519
-519
-1906
-2911
-3837
-3449
-2755
-1808
293
1492
1908
2018
995
64
-836
-888
692
990
731
998
26
-340
-526
-2429
-3322
-2605
-1585
-50
1412
2480
2732
1864
715
-505
-1040
-699
-159
746
1303
1345
1108
-17
-1636
-2269
-2086
-1607
-175
1071
2070
2049
233
-396
-1083
-2654
-2476
-1671
-573
479
203
315
53
-1192
-1424
-1630
-1040
601
588
469
215
-1553
-2651
-3518
-3645
-1423
1195
4258
7041
7383
6192
3829
2185
2393
1720
767
236
142
1747
1592
-693
-1629
-2239
-2081
-1039
-548
1084
2550
2371
1998
691
-550
-1229
-2147
-1312
310
1111
1016
-226
-1240
-1511
-1426
-1034
66
1283
1514
1242
694
-295
-1456
-2144
-2204
-1359
143
520
350
676
531
269
-98
-589
44
502
402
1117
1226
239
-1460
-3455
-3793
-3355
-3022
-1646
-505
243
1022
528
182
812
895
734
671
689
920
526
-106
-356
-1247
-2576
-3032
-2377
-1028
-56
471
1544
1977
1349
1060
419
-191
208
267
404
914
935
1028
175
-1319
-1688
-1895
-1318
244
1077
1788
1658
497
-53
-1100
-2274
-2511
-2356
-976
443
843
1044
-15
-1409
-1935
-2331
-1397
105
705
1350
949
-668
-1751
-2457
-2440
-1298
446
2956
5368
6163
5220
3515
2639
2857
2617
1611
901
1102
1693
1312
-569
-2329
-2474
-1664
-563
146
807
1490
1002
470
-155
-820
-1028
-1808
-1202
602
1605
1362
-701
-2060
-2101
-1928
-833
355
1493
1871
959
227
-291
-935
-1651
-1934
-904
881
1811
1212
66
-413
-224
-119
15
453
709
656
525
507
-7
-1317
-2726
-3391
-2710
-1890
-1387
-753
-41
609
772
381
-499
-346
50
439
1707
1351
300
-810
-1937
-1562
-1797
-2493
-1840
-760
418
1213
782
384
346
203
70
182
1293
1913
1354
783
410
98
-906
-1747
-1620
-1100
82
1028
1220
980
159
-591
-1132
-1241
-832
-563
-261
6
-13
-242
-737
-1333
-1713
-1518
-633
459
1414
1574
285
-1246
-2031
-2219
-1622
-103
2465
4817
5203
4199
2353
826
1707
3239
3695
3354
1563
381
1124
832
-1077
-2357
-2131
-665
535
413
238
183
-218
-874
-1414
-665
-34
-145
416
798
1031
258
-1995
-2507
-1396
-270
692
806
889
626
-749
-2053
-2296
-1084
132
548
1186
1498
917
-657
-1954
-1437
-446
441
1148
1729
1892
577
-624
-1011
-1223
-1559
-1865
-1258
-330
60
-577
-1211
-758
-545
-704
-740
-560
881
1996
1357
762
-302
-1621
-1715
-1462
-1244
-1258
-1168
-729
-453
-303
-449
-840
-615
91
507
1016
1151
1006
964
667
397
352
399
22
162
-34
-547
-243
-771
-537
-3
-258
175
-204
-633
-448
-740
-376
-122
-613
-505
-625
-682
-376
-926
-634
283
328
266
-599
-1568
-1335
-816
327
1971
3221
4064
3691
2443
1411
1332
2820
4164
4374
3487
1001
-410
9
-509
-1293
-1206
-294
1171
1064
-191
-836
-1555
-1980
-1566
-665
562
1110
821
175
-471
-575
-1155
-1912
-1075
345
1429
2028
1242
18
-889
-1990
-2418
-1680
-546
476
1003
995
575
-448
-1549
-1778
-820
580
1417
1762
1740
801
-707
-1488
-1407
-761
-313
-722
-851
-663
-735
-791
-409
-220
-28
368
-229
-140
82
-34
555
195
-650
-1334
-1426
-1112
-1396
-1878
-1518
-688
-234
51
-609
-763
-202
92
486
447
1089
1374
764
670
524
132
-357
-554
-428
-65
166
-49
-240
-643
-621
-397
-378
32
-297
-429
-103
-439
-400
-1021
-1485
-879
-845
-405
-195
-231
435
-79
-866
-893
-1141
-709
770
2311
3922
5106
4343
2566
893
497
2770
4602
4610
3269
862
-21
-51
-479
-1246
-1335
-103
491
328
-426
-1238
-1518
-1617
-1137
-370
414
681
206
-137
83
78
-774
-1443
-1006
67
823
1051
889
221
-699
-1226
-1032
-505
-271
-415
-456
-61
409
329
-451
-1029
-530
406
871
756
396
-82
-418
-252
296
380
-534
-1462
-1991
-1556
-813
-485
436
1004
982
-187
-1520
-1023
-145
614
616
37
-346
-788
-908
-1408
-2189
-2271
-1444
-167
518
149
-667
-1206
-995
-204
334
812
1116
944
1049
991
343
-264
-779
-704
82
441
353
125
-376
-625
-696
-713
-212
155
-63
-215
-436
-671
-530
-791
-1188
-914
-644
-550
-517
-464
34
98
-368
-447
-620
-369
840
2399
4230
4881
3616
1840
896
2135
4436
5048
4047
2039
258
486
722
290
-293
-917
-165
96
-265
-489
-1421
-1389
-950
-654
139
332
-88
-884
-1007
242
323
-686
-1018
-815
149
379
7
23
-309
-203
-328
-356
346
104
-647
-1185
-924
-26
153
148
17
-201
66
44
-141
-141
-234
-229
87
563
266
-960
-1624
-1618
-1022
106
608
953
368
-908
-1349
-1202
-95
636
538
79
-577
-898
-1059
-1164
-1494
-1240
-867
-437
58
-122
-466
-1137
-1211
-606
226
820
805
570
113
344
509
168
-34
-75
322
351
-178
-526
-615
-589
-471
-354
47
334
-251
-998
-1149
-835
-491
-282
-257
-117
-184
-858
-1579
-1901
-1031
119
434
267
-340
-685
-558
484
2473
3892
4260
3531
2247
1899
3053
4424
4702
3791
1900
575
665
1260
1397
449
-352
-600
-722
-590
-830
-1064
-1003
-833
-492
-120
-87
-828
-1331
-847
51
467
-50
-639
-763
-570
-303
-143
-154
-348
-167
-184
-375
-120
-461
-742
-478
-538
-316
98
206
169
-256
-327
-152
-384
-65
7
-246
81
190
-255
-1131
-1483
-963
-85
760
1153
683
-284
-845
-957
-110
661
490
-366
-1330
-1290
-1255
-1120
-867
-814
-745
-950
-867
-812
-765
-659
-556
-112
498
628
262
-106
-542
-208
546
859
552
-124
-180
-153
-125
-114
-492
-608
-619
-757
-605
14
275
-266
-828
-957
-572
-445
-362
-180
-454
-328
-614
-1288
-1269
-687
-270
-394
-201
-298
-393
-42
1019
2704
3743
3976
2801
1424
1442
3210
5274
5532
3970
1419
249
575
1247
1487
763
147
-495
-731
-518
-886
-1375
-1435
-914
-238
-16
-242
-1221
-1958
-1071
15
541
320
-718
-942
-703
-310
217
-114
-318
-599
-957
-338
37
-215
-591
-665
-422
-128
365
331
-90
-219
10
210
142
138
-164
-621
-417
-139
-661
-1127
-932
-378
72
181
137
-301
-354
-46
27
554
525
-328
-948
-1182
-961
-903
-766
-550
-989
-1268
-1213
-963
-435
-160
-192
-348
-297
49
368
583
582
182
-138
162
577
518
198
36
1
-112
-316
-550
-657
-674
-761
-647
-205
-69
-526
-934
-859
-505
-95
111
-152
-599
-794
-874
-960
-673
-98
-42
-604
-948
-764
-313
441
1531
2575
3204
3226
2481
1698
2211
3854
5040
4736
3003
1028
423
1273
2252
2085
963
-64
-886
-1143
-816
-756
-854
-965
-1043
-835
-502
-515
-1277
-1834
-1142
-60
368
25
-583
-891
-772
-191
271
192
-223
-727
-872
-477
166
-74
-907
-1071
-692
-18
239
39
-192
-163
401
583
183
-208
-648
-877
-275
159
-100
-334
-396
-316
-519
-594
-446
-96
626
880
510
-313
-843
-908
-685
-129
-157
-493
-753
-1150
-1427
-1395
-889
-366
-146
-210
-538
-614
-511
-312
390
1154
1079
358
-202
-262
123
602
814
397
20
-320
-862
-697
-414
-383
-702
-830
-529
-741
-948
-1245
-1133
-293
243
130
-679
-908
-551
-468
32
581
345
-361
-636
-566
-255
658
1331
1752
2211
2378
1963
1430
1811
2903
4048
4233
3154
1473
834
1520
1872
1916
1442
612
-469
-1207
-844
-594
-516
-695
-992
-1014
-932
-901
-1029
-970
-585
-210
-322
-141
38
-221
-262
-170
149
202
23
-311
-506
-29
117
-260
-555
-565
-634
-779
-548
-346
-219
-92
-49
-49
-111
-101
-477
-693
-126
332
270
27
-211
-811
-1094
-548
33
355
213
-397
-1048
-835
-139
-129
-280
-464
-722
-736
-690
-670
-788
-787
-834
-879
-370
40
-76
-488
-556
34
409
450
429
379
434
518
600
416
-29
-167
17
378
658
232
-455
-881
-1061
-935
-606
-150
-351
-1190
-1467
-1133
-832
-754
-850
-889
-597
-163
-80
-459
-467
-17
315
717
1010
1205
1470
1787
1980
1996
2204
2422
2829
3308
3226
2484
1687
1618
1789
1865
1765
1271
729
125
-333
-531
-560
-489
-756
-1128
-1229
-952
-808
-1049
-1065
-1035
-920
-732
-665
-518
-196
201
86
-294
-409
-381
-302
-98
313
472
172
-249
-573
-638
-391
-229
-314
-202
-38
-267
-524
-472
-374
-284
-9
206
148
44
-13
-154
-311
-98
179
115
-136
-448
-494
-348
-209
-377
-740
-819
-954
-1032
-772
-404
-304
-599
-1034
-1093
-762
-529
-192
88
224
85
-297
-367
-116
450
889
908
558
323
142
-104
139
266
381
313
-53
-228
-535
-497
-278
-289
-357
-651
-965
-988
-884
-791
-759
-789
-707
-749
-709
-565
-548
-283
86
308
414
677
1236
1840
2180
2131
1810
1571
2093
2922
3306
3070
2126
1458
1403
1481
1627
1504
1215
821
245
-149
-246
-247
-622
-1063
-937
-623
-617
-954
-1383
-1354
-848
-668
-811
-716
-481
-427
-324
-26
-32
-194
-282
-177
86
168
136
-150
-260
-34
-96
-184
-156
-181
-196
-214
-178
-182
-323
-415
-310
49
365
35
-481
-433
-122
300
532
335
-101
-676
-768
-372
-41
-141
-615
-861
-907
-955
-1052
-1042
-772
-582
-607
-763
-840
-693
-455
-240
-75
-1
-67
-103
7
282
661
743
302
-243
-119
418
596
523
381
259
71
-170
-349
-348
-3
62
-30
-74
-561
-925
-915
-671
-413
-652
-878
-910
-874
-483
-290
-380
-359
-325
-243
-56
466
1198
1711
1988
1859
1451
1409
1957
2725
3235
3213
2574
1891
1555
1369
1431
1613
1646
1147
456
-9
-299
-96
-148
-474
-599
-662
-777
-1213
-1324
-1174
-909
-683
-1004
-1216
-1102
-883
-698
-564
-451
-455
-492
-577
-470
-192
-18
-46
-196
-169
-157
-176
-92
34
45
-211
-280
-290
-157
124
244
289
-10
-233
-390
-244
287
341
90
-245
-261
-127
-296
-496
-642
-510
-332
-468
-812
-1027
-920
-780
-769
-803
-921
-991
-620
-184
-199
-305
-519
-687
-353
194
527
547
498
235
-23
112
312
472
498
464
388
122
-151
-176
-17
182
387
221
-176
-578
-720
-406
-132
-46
-351
-807
-1019
-1026
-664
-196
-5
-104
-358
-439
-112
404
922
1397
1664
1616
1392
1338
1667
2398
2976
2940
2339
1822
1883
1919
1829
1694
1598
1326
687
251
-32
-36
-6
-282
-615
-905
-1015
-1205
-1188
-846
-731
-962
-1347
-1424
-1155
-858
-739
-714
-597
-629
-865
-905
-550
-212
-184
-283
-313
-202
-174
-104
37
184
325
22
-279
-215
53
216
159
203
12
-262
-379
-171
194
40
-198
-233
-101
11
-230
-564
-660
-503
-457
-593
-795
-906
-812
-722
-661
-809
-1045
-1054
-882
-405
-139
-331
-599
-652
-342
-33
184
255
279
409
372
330
498
683
744
664
499
431
340
258
225
220
341
179
-146
-382
-450
-296
-133
96
-7
-480
-821
-858
-595
-307
-172
-152
-218
-326
-392
-294
71
406
702
1119
1221
1063
902
1126
1890
2425
2426
1924
1471
1646
1939
2178
2244
1924
1429
882
653
688
689
671
436
17
-319
-578
-895
-1112
-966
-663
-641
-924
-1251
-1460
-1405
-1160
-1010
-989
-960
-999
-1182
-1172
-791
-477
-524
-605
-524
-470
-393
-148
83
181
272
305
236
222
295
322
368
546
621
411
78
-134
-121
45
113
-54
-293
-505
-537
-546
-616
-676
-813
-846
-966
-1089
-1068
-1047
-951
-1011
-1045
-946
-838
-706
-696
-634
-418
-192
-9
63
13
43
168
316
492
646
740
649
524
472
459
497
505
574
591
481
265
-35
-77
4
21
20
-88
-175
-275
-336
-242
-199
-276
-438
-506
-391
-213
-118
-198
-293
-229
-15
184
341
511
622
804
1070
1346
1598
1686
1634
1564
1737
2073
2209
2178
1976
1739
1623
1524
1395
1153
958
828
651
423
64
-204
-411
-583
-666
-779
-910
-1165
-1354
-1336
-1264
-1333
-1544
-1607
-1587
-1459
-1338
-1394
-1369
-1223
-998
-863
-878
-784
-609
-396
-141
102
299
286
262
394
514
654
685
592
586
645
654
466
261
161
55
22
2
-120
-288
-408
-451
-492
-615
-800
-941
-905
-737
-732
-948
-1123
-1119
-1002
-920
-937
-932
-841
-760
-690
-570
-455
-386
-323
-209
-13
196
295
329
465
668
719
587
520
620
733
758
674
497
384
362
256
129
99
66
4
-16
-37
-129
-234
-215
-120
-122
-125
-101
-76
9
95
217
301
396
569
654
796
1008
1146
1269
1357
1460
1556
1569
1608
1601
1560
1584
1496
1343
1198
1079
982
758
543
341
116
31
-88
-227
-345
-501
-599
-752
-863
-877
-909
-925
-975
-1020
-1040
-1061
-1092
-1120
-1090
-1038
-949
-815
-732
-764
-774
-622
-430
-282
-175
-111
-34
74
175
265
305
277
275
330
380
374
313
220
102
38
-8
-102
-168
-264
-381
-458
-529
-604
-742
-826
-784
-807
-904
-997
-1037
-938
-840
-845
-852
-830
-767
-694
-585
-423
-315
-218
-102
13
131
215
247
332
529
669
660
592
560
561
565
595
595
497
367
268
209
196
137
46
-2
-20
1
-9
-51
-71
-52
-26
-18
5
-7
14
99
173
274
341
376
490
649
785
844
856
981
1150
1264
1337
1292
1271
1323
1309
1256
1168
1072
1000
960
903
669
387
245
230
247
150
-49
-287
-413
-406
-409
-494
-677
-808
-824
-787
-760
-880
-1057
-1057
-954
-900
-931
-959
-895
-845
-707
-540
-504
-464
-416
-257
-37
93
138
101
143
233
283
307
270
215
174
151
147
73
-89
-224
-286
-271
-289
-399
-516
-603
-617
-632
-686
-706
-742
-787
-785
-789
-796
-770
-748
-735
-676
-583
-562
-560
-432
-277
-169
-98
-94
-35
115
288
396
416
436
432
449
537
594
575
491
455
450
416
385
307
251
252
251
225
160
135
111
93
126
138
146
104
77
128
179
239
265
251
266
352
474
556
622
637
687
822
905
975
1004
994
1007
1037
1079
1030
958
904
799
752
725
603
476
375
284
203
82
-15
-99
-184
-220
-305
-427
-518
-582
-620
-664
-700
-740
-809
-865
-869
-847
-803
-757
-696
-635
-593
-513
-441
-369
-295
-213
-111
-50
2
22
4
-10
4
60
72
17
-44
-93
-119
-140
-182
-226
-299
-353
-366
-433
-488
-528
-581
-565
-560
-575
-627
-729
-737
-670
-615
-593
-618
-632
-606
-544
-472
-400
-296
-205
-177
-132
-24
58
137
234
254
292
362
362
349
361
395
400
385
390
363
338
318
295
305
297
323
343
281
236
238
286
326
304
273
255
251
291
345
355
349
359
375
411
462
518
585
632
681
760
791
789
803
849
883
848
831
793
712
652
620
575
477
386
262
166
135
59
-50
-122
-142
-218
-310
-360
-447
-490
-496
-515
-541
-602
-635
-658
-668
-629
-628
-616
-560
-512
-462
-440
-414
-357
-303
-197
-119
-139
-143
-120
-88
-23
-4
-56
-118
-118
-93
-140
-188
-237
-282
-271
-292
-344
-406
-468
-480
-476
-470
-479
-513
-530
-540
-549
-531
-529
-530
-491
-454
-436
-403
-363
-315
-248
-209
-152
-69
-43
15
77
93
161
244
297
292
273
312
349
377
392
374
349
312
312
330
314
313
291
272
266
244
237
195
172
209
257
296
254
201
222
248
290
341
358
368
359
402
484
479
478
529
578
624
651
655
624
612
636
647
629
543
468
464
437
420
362
237
149
130
113
45
-30
-98
-146
-189
-191
-196
-251
-330
-357
-338
-330
-332
-358
-381
-403
-404
-384
-370
-362
-354
-343
-327
-306
-281
-290
-289
-266
-267
-254
-233
-248
-265
-258
-267
-273
-287
-299
-315
-357
-372
-388
-415
-431
-435
-427
-448
-460
-464
-486
-492
-474
-446
-443
-433
-407
-402
-369
-320
-292
-264
-254
-218
-150
-103
-60
-28
-31
2
76
145
198
230
252
247
277
343
377
394
390
386
401
395
369
361
358
365
391
377
318
261
240
270
305
286
242
223
247
279
283
262
249
266
307
344
360
349
331
339
376
410
402
362
349
392
450
458
405
342
309
316
348
348
281
192
155
172
180
127
36
-1
-16
-32
-34
-74
-152
-212
-213
-200
-220
-254
-284
-299
-295
-292
-313
-356
-391
-397
-375
-347
-352
-388
-412
-408
-400
-391
-374
-375
-385
-368
-354
-352
-355
-340
-320
-306
-278
-268
-278
-297
-295
-260
-253
-265
-264
-275
-282
-260
-231
-219
-224
-223
-199
-175
-158
-134
-124
-129
-112
-66
-33
-28
-17
7
26
58
104
122
138
180
212
234
260
268
255
264
293
311
321
312
303
286
270
282
278
261
251
241
233
230
219
203
201
199
199
200
209
205
214
234
244
276
288
289
290
292
311
331
354
350
327
325
329
326
326
328
310
291
288
273
247
200
150
120
88
77
64
3
-48
-82
-112
-149
-193
-215
-260
-311
-330
-365
-400
-430
-456
-467
-488
-497
-498
-497
-488
-476
-448
-432
-437
-438
-407
-365
-340
-308
-286
-290
-269
-236
-221
-197
-169
-149
-125
-114
-108
-94
-82
-65
-48
-39
-44
-55
-43
-43
-36
-15
-25
-42
-48
-31
-8
10
23
18
8
15
29
33
43
71
107
131
116
107
110
124
175
207
224
241
214
208
233
245
262
263
260
253
239
241
240
232
235
228
211
221
234
215
204
210
217
205
198
201
183
178
189
201
202
185
177
172
181
186
168
163
151
129
134
129
102
86
78
63
57
48
16
-18
-33
-42
-63
-100
-133
-159
-183
-199
-219
-244
-274
-299
-309
-322
-330
-338
-350
-359
-362
-360
-363
-351
-350
-351
-323
-327
-323
-306
-298
-273
-248
-225
-207
-206
-201
-184
-166
-138
-119
-99
-79
-85
-78
-57
-45
-31
-16
-10
12
36
34
31
32
37
56
72
76
71
77
80
87
102
98
95
121
129
122
140
142
130
140
146
157
165
153
156
171
187
195
199
202
205
211
226
242
240
234
236
238
246
238
226
218
197
195
188
149
135
122
107
113
94
65
47
29
36
43
31
19
-2
-7
-12
-17
-12
-8
-6
-7
-6
-11
-22
-26
-22
-3
18
9
-13
-34
-51
-42
-37
-43
-44
-66
-82
-88
-100
-103
-114
-131
-151
-157
-163
-184
-192
-193
-193
-202
-218
-230
-250
-250
-244
-247
-234
-242
-254
-255
-250
-227
-199
-186
-177
-159
-151
-151
-127
-101
-90
-77
-59
-44
-36
-33
-18
8
22
33
48
48
43
46
57
74
83
97
99
91
93
91
95
91
85
88
89
97
88
83
89
91
99
109
114
112
109
117
136
144
142
148
159
158
152
167
171
170
178
180
167
152
159
160
137
128
121
94
79
81
68
57
51
30
29
37
18
11
16
7
-1
-4
0
-4
-15
-8
-8
-13
-18
-19
-21
-21
-17
-19
-23
-34
-36
-35
-45
-49
-51
-55
-59
-68
-79
-88
-93
-99
-102
-108
-117
-129
-131
-130
-130
-134
-146
-149
-144
-139
-143
-146
-145
-143
-132
-133
-138
-136
-135
-139
-130
-113
-109
-106
-104
-100
-85
-84
-71
-60
-59
-32
-25
-29
-17
-5
-2
8
27
26
23
28
37
43
52
68
76
79
83
93
89
79
85
84
83
90
84
80
79
71
74
76
72
73
77
81
88
93
91
83
80
85
88
86
91
93
90
87
85
85
76
78
83
83
86
74
63
63
62
71
78
64
48
43
42
41
41
36
19
9
3
3
1
-6
-4
-7
-12
-2
-10
-32
-37
-40
-37
-30
-43
-51
-63
-65
-52
-57
-47
-47
-66
-67
-71
-77
-69
-63
-68
-65
-68
-76
-83
-81
-72
-75
-70
-61
-80
-95
-84
-81
-88
-74
-69
-79
-72
-74
-74
-74
-83
-79
-78
-71
-68
-68
-66
-70
-61
-44
-27
-26
-23
-6
-5
2
12
15
21
26
34
39
36
29
29
39
43
48
44
39
47
54
65
68
65
67
65
70
72
62
68
68
60
51
42
49
50
42
41
46
54
52
47
45
50
55
53
48
44
43
46
35
33
27
17
21
21
26
28
19
17
11
18
18
5
11
9
4
5
-3
-4
-6
-11
-7
-19
-23
-17
-27
-29
-22
-24
-30
-28
-24
-27
-24
-24
-32
-22
-18
-26
-32
-40
-36
-31
-34
-32
-36
-42
-51
-53
-38
-29
-30
-30
-32
-39
-43
-42
-39
-43
-46
-49
-61
-51
-48
-53
-34
-31
-33
-31
-37
-42
-32
-20
-15
-18
-30
-17
-14
-17
-2
-1
0
3
0
4
4
8
15
11
16
20
17
12
12
28
28
26
36
27
27
36
35
36
41
38
36
38
42
45
46
49
44
38
34
30
29
30
42
52
52
49
40
35
39
41
40
47
43
36
38
33
33
34
30
22
13
7
5
9
13
12
5
7
5
-8
-13
-12
-3
-7
-11
-6
-21
-25
-29
-47
-36
-31
-42
-32
-33
-38
-37
-40
-39
-46
-47
-39
-40
-37
-30
-33
-34
-33
-34
-35
0
0
0
0
0
0
0
0
0
0
0
0
0
0
0
0
0
0
0
0
0
0
0
0
0
0
0
0
0
0
0
0
0
0
0
0
0
0
0
0
0
0
0
0
0
0
0
0
0
0
0
0
0
0
0
0
0
0
0
0
0
0
0
0
0
0
0
0
0
0
0
0
0
0
0
0
0
0
0
0
0
0
0
0
0
0
0
0
0
0
0
0
0
0
0
0
0
0
0
0
0
0
0
0
0
0
0
0
0
0
0
0
0
0
0
0
0
0
0
0
0
0
0
0
0
0
0
0
0
0
0
0
0
0
0
0
0
0
0
0
0
0
0
0
0
0
0
0
0
0
0
0
0
0
0
0
0
0
0
0
0
0
0
0
0
0
0
0
0
0
0
0
0
0
0
0
0
0
0
0
0
0
0
0
0
0
0
0
0
0
0
0
0
0
0
0
0
0
0
0
0
0
0
0
0
0
0
0
0
0
0
0
0
0
0
0
0
0
0
0
0
0
0
0
0
0
0
0
0
0
0
0
0
0
0
0
0
0
0
0
0
0
0
0
0
0
0
0
0
0
0
0
0
0
0
0
0
0
0
0
0
0
0
0
0
0
0
0
0
0
0
0
0
0
0
0
0
0
0
0
0
0
0
0
0
0
0
0
0
0
0
0
0
0
0
0
0
0
0
0
0
0
0
0
0
0
0
0
0
0
0
0
0
0
0
0
0
0
0
0
0
0
0
0
0
0
0
0
0
0
0
0
0
0
0
0
0
0
0
0
0
0
0
0
0
0
0
0
0
0
0
0
0
0
0
0
0
0
0
0
0
0
0
0
0
0
0
0
0
0
0
0
0
0
0
0
0
0
0
0
0
0
0
0
0
0
0
0
0
0
0
0
0
0
0
0
0
0
0
0
