0
0
0
0
0
0
0
0
0
0
0
0
0
0
0
0
0
0
0
0
0
0
0
0
0
0
0
0
0
0
0
0
0
0
0
0
0
0
0
0
0
0
0
0
0
0
0
0
0
0
0
0
0
0
0
0
0
0
0
0
0
0
0
0
0
0
0
0
0
0
0
0
0
0
0
0
0
0
0
0
0
0
0
0
0
0
0
0
0
0
0
0
0
0
0
0
0
0
0
0
0
0
0
0
0
0
0
0
0
0
0
0
0
0
0
0
0
0
0
0
0
0
0
0
0
0
0
0
0
0
0
0
0
0
0
0
0
0
0
0
0
0
0
0
0
0
0
0
0
0
0
0
0
0
0
0
0
0
0
0
0
0
0
0
0
0
0
0
0
0
0
0
0
0
0
0
0
0
0
0
0
0
0
0
0
0
0
0
0
0
0
0
0
0
0
0
0
0
0
0
0
0
0
0
0
0
0
0
0
0
0
0
0
0
0
0
0
0
0
0
0
0
0
0
0
0
0
0
0
0
0
0
0
0
0
0
0
0
0
0
0
0
0
0
0
0
0
0
0
0
0
0
0
0
0
0
0
0
0
0
0
0
0
0
0
0
0
0
0
0
0
0
0
0
0
0
0
0
0
0
0
0
0
0
0
0
0
0
0
0
0
0
0
0
0
0
0
0
0
0
0
0
0
0
0
0
0
0
0
0
0
0
0
0
0
0
0
0
0
0
0
0
0
0
0
0
0
0
0
0
0
0
0
0
0
0
0
0
0
0
0
0
0
0
0
0
0
0
0
0
0
0
0
0
0
0
0
0
0
0
0
0
0
0
0
0
0
0
0
0
0
0
0
0
0
0
0
0
0
0
0
0
0
0
0
0
0
0
0
0
0
0
0
0
0
0
-66
98
129
-78
-81
135
114
-86
-79
99
82
-118
-82
137
61
-142
-34
149
37
-136
-33
120
-15
-172
-34
104
-33
-162
-53
72
-32
-166
-25
121
-46
-174
22
155
-34
-159
56
190
-83
-216
105
228
-120
-203
187
223
-194
-169
298
177
-316
-78
389
94
-365
-2
417
-52
-385
105
379
-146
-363
184
291
-227
-294
239
306
-282
-272
306
198
-334
-180
339
141
-367
-108
358
46
-336
43
323
-97
-282
132
224
-116
-136
128
117
-105
-51
85
30
5
21
11
33
90
17
-105
32
162
-31
-167
62
208
-63
-219
107
216
-167
-248
142
229
-239
-310
237
242
-340
-286
348
210
-443
-180
425
54
-469
11
459
-86
-464
103
440
-162
-403
216
322
-226
-246
246
210
-251
-143
243
92
-238
-66
216
23
-177
47
163
-80
-99
106
36
-92
6
60
-36
-48
65
33
-109
4
158
5
-140
0
170
8
-195
31
224
-40
-190
144
234
-176
-138
244
115
-228
-90
287
80
-292
-26
276
-9
-226
31
230
-38
-248
45
213
-83
-238
97
173
-134
-191
78
166
-143
-190
149
135
-179
-80
155
58
-135
-65
174
50
-132
35
83
-31
-57
-4
51
8
-47
-8
20
33
16
-47
-13
61
5
-103
-39
86
-39
-131
30
71
-20
-40
11
109
38
-73
38
84
9
-53
-47
109
40
-193
3
195
-70
-203
75
213
-98
-193
170
147
-159
-63
170
119
-72
-101
110
131
-135
-90
137
73
-139
-32
169
35
-111
-3
114
-28
-144
45
123
-65
-96
58
81
-42
-49
49
30
-45
-17
-14
-30
31
-27
-89
21
59
-35
-100
-20
142
-21
-238
61
240
-117
-227
122
204
-104
-223
116
274
-186
-213
252
129
-246
-148
204
107
-276
-111
255
3
-239
1
138
9
-161
-14
174
10
-148
53
126
-57
-6
43
-8
8
106
27
-133
91
243
-112
-240
167
258
-258
-198
386
118
-364
-60
361
21
-401
37
403
-145
-397
181
329
-130
-354
75
435
-192
-446
304
369
-386
-360
431
292
-502
-267
546
147
-638
-76
632
-18
-673
85
644
-214
-624
316
545
-421
-488
482
386
-520
-317
517
278
-563
-221
576
155
-558
-63
599
14
-520
133
525
-217
-495
359
437
-385
-311
441
356
-513
-205
661
36
-663
133
630
-292
-526
393
422
-489
-369
594
205
-703
-16
645
-168
-606
240
581
-377
-555
578
435
-776
-279
820
36
-894
82
834
-325
-866
482
782
-671
-657
827
487
-944
-302
1047
104
-1118
159
1162
-390
-1058
672
972
-837
-797
1030
608
-1199
-315
1280
58
-1227
178
1271
-423
-1222
763
1063
-1016
-881
1227
632
-1392
-216
1447
-133
-1373
422
1289
-755
-1141
1058
869
-1313
-532
1501
122
-1531
285
1448
-632
-1394
906
1168
-1341
-940
1526
464
-1578
-45
1461
-246
-1301
512
1175
-702
-931
874
767
-972
-558
1107
301
-1085
-123
1037
20
-1122
126
1087
-360
-1107
503
1068
-752
-947
990
768
-1219
-471
1427
78
-1489
306
1451
-750
-1310
1213
994
-1556
-541
1723
19
-1688
452
1477
-804
-1178
1110
812
-1334
-314
1326
-177
-1073
465
879
-550
-713
726
494
-786
-179
716
-17
-562
120
381
-115
-252
76
240
-38
-215
55
286
-58
-378
116
451
-227
-545
469
558
-809
-322
1032
-19
-1042
395
992
-733
-740
959
284
-1124
38
1038
-504
-993
770
678
-1032
-347
1027
-61
-846
284
619
-350
-436
438
212
-470
32
331
-140
-143
152
86
-148
-13
126
-94
0
26
-141
154
123
-294
24
445
-84
-430
250
482
-362
-364
582
218
-601
40
634
-236
-451
575
178
-542
155
361
-233
-218
317
126
-408
63
368
-231
-210
282
95
-219
38
186
-159
-79
203
-97
-206
146
171
-217
-197
326
46
-505
195
343
-539
-134
533
-145
-542
291
376
-571
-115
578
-241
-449
356
265
-421
12
411
-279
-186
292
51
-285
23
458
-243
-315
496
64
-434
162
339
-156
-227
81
329
-205
-330
358
-14
-244
160
38
-142
16
169
-71
-201
125
212
-249
-176
416
20
-402
194
234
-303
-11
252
-185
-145
261
-44
-231
135
166
-134
-283
227
209
-377
-25
303
-146
-89
60
-47
89
55
46
-100
50
255
-142
-140
227
94
-92
-25
78
89
-35
12
-145
129
215
-432
-52
503
-80
-509
142
492
-272
-354
295
182
-166
-124
74
-44
-34
228
-226
-302
500
122
-597
47
540
-170
-478
372
254
-371
191
215
-349
11
411
-130
-436
284
382
-506
-238
576
-78
-428
205
176
-120
-123
102
84
-109
105
-45
-124
215
37
-170
-91
281
172
-581
53
690
-321
-599
387
611
-383
-570
389
460
-312
-489
288
380
-352
-71
6
-150
331
-98
-539
154
524
-320
-551
448
268
-475
-144
366
29
-488
153
288
-332
-44
136
-39
-161
159
25
-285
290
95
-236
-79
302
239
-420
-66
610
-137
-282
260
176
39
-114
111
-65
96
152
-93
-109
42
357
-204
-385
405
305
-427
-117
424
0
-307
85
92
45
-92
-185
91
185
-163
-203
152
190
-212
-401
290
274
-419
-290
368
142
-466
-60
301
-50
-187
57
32
-138
105
49
-248
138
197
-241
-180
190
159
-239
-64
296
87
-297
118
303
-274
-103
399
-25
-491
323
388
-370
-177
417
280
-375
-53
459
70
-274
-94
295
137
-268
-221
202
385
-331
-429
361
496
-504
-595
757
320
-741
-109
539
4
-460
-9
346
-86
-215
88
-2
-51
110
5
-342
283
303
-564
28
395
-71
-160
-123
130
336
-327
-287
500
-21
-244
8
149
197
-195
-92
172
189
-367
67
449
-393
45
118
3
-11
-202
316
83
-411
48
526
-399
-196
423
-94
-63
-231
233
44
-412
184
265
-212
-424
530
-8
-535
317
238
-246
-277
529
-21
-523
269
395
-374
-351
613
-116
-383
231
129
7
-288
74
378
-312
-188
428
-262
-109
306
-300
1
203
20
-111
-114
218
73
-290
49
436
-343
-225
574
-180
-315
196
216
-153
-182
254
-57
-134
47
123
-82
-131
279
-70
-159
181
-100
-62
175
-276
80
368
-389
58
231
-191
82
90
-100
-30
197
-46
-155
122
276
-296
-220
544
-102
-280
-44
413
13
-673
645
-74
-326
563
-612
178
554
-744
166
440
-415
116
-72
-25
306
-588
328
266
-674
376
-49
-238
180
-28
-73
-125
120
117
-78
-375
324
299
-535
-49
375
41
-415
161
351
-327
-198
360
137
-424
73
413
-288
-192
354
-71
-250
309
28
-388
97
368
-55
-564
372
517
-752
55
586
-327
-258
201
211
-67
-337
263
401
-408
-193
492
138
-742
454
512
-857
222
489
-499
-82
328
-23
-203
-166
488
-63
-613
502
230
-634
176
313
-74
-307
-124
570
-72
-575
69
857
-741
-339
1010
-623
10
210
-141
266
-538
269
584
-1027
391
651
-930
390
194
-326
183
-210
459
-345
-458
1093
-567
-597
905
-110
-510
279
76
19
-168
-70
384
-306
69
-112
214
35
-597
844
-190
-711
757
104
-588
118
396
-30
-448
17
684
-581
-416
957
-310
-554
142
580
-84
-1053
814
736
-1250
-124
1288
-556
-882
940
428
-882
-209
1078
-408
-843
968
231
-941
262
690
-582
-432
862
-32
-933
699
530
-1097
74
1029
-516
-760
701
616
-1025
-108
994
-444
-635
554
531
-937
-12
883
-592
-293
438
94
-398
-11
617
-429
-617
952
153
-1123
471
814
-742
-460
826
194
-1139
628
853
-1438
263
1137
-979
-325
927
-219
-569
252
760
-771
-609
1671
-701
-1049
1387
-55
-735
13
903
-271
-1305
1651
24
-1817
1383
602
-1429
109
935
-25
-1213
521
1308
-1705
86
1207
-781
-427
306
796
-888
-334
1167
-516
-501
534
26
-241
-28
155
106
-321
286
95
-415
344
27
47
-144
-370
799
-119
-625
222
415
-114
-586
455
129
-455
151
4
114
-72
-358
778
-105
-749
585
-85
-15
-80
-108
313
-506
506
-149
-713
1114
-319
-758
618
212
-424
-366
816
17
-890
450
489
-544
-552
1157
165
-1661
1099
734
-1501
325
893
-326
-764
636
573
-1426
673
965
-1413
374
620
-572
93
65
66
-10
125
-86
-338
656
-322
-516
818
-315
-298
415
-105
-105
68
-188
282
131
-839
556
557
-1145
294
727
-722
19
431
-225
-182
246
-65
-98
240
-323
154
106
-195
-3
83
266
-505
173
378
-507
290
244
-607
117
700
-722
-175
876
-574
-142
419
-163
-293
228
331
-629
245
501
-506
-204
618
-1
-593
485
201
-515
193
329
-292
-125
240
36
-182
-79
158
83
-133
-201
302
225
-640
159
538
-590
-22
354
-194
-105
-141
578
-477
-450
1308
-803
-657
1341
-639
-592
850
-106
-306
-27
305
-41
-300
241
-1
-9
-147
201
173
-434
267
16
-227
339
-409
134
390
-543
84
327
-9
-443
168
594
-603
50
288
-228
325
-440
-85
460
-266
-121
20
192
-63
-179
264
-83
-221
241
291
-492
-103
777
-538
-503
860
-166
-605
539
116
-417
-12
28
370
-321
-261
834
-556
-300
672
-339
-49
5
7
176
-444
279
306
-663
202
519
-541
-59
536
-338
-19
392
-432
222
375
-514
197
135
-171
274
-354
202
598
-586
-228
363
344
-322
-649
979
193
-1284
348
743
-465
-495
481
505
-833
-71
681
-225
-108
-118
420
10
-421
144
160
-125
-585
796
-128
-942
957
-153
-639
615
229
-330
-146
452
-60
-579
551
123
-426
166
-121
-11
61
-31
275
-337
-97
626
-371
-217
518
223
-667
-25
1219
-1195
-410
1798
-1245
-845
1446
-58
-1046
130
874
-299
-354
-321
564
582
-948
-88
430
499
-869
-193
992
-541
69
-55
-257
525
-256
-122
569
-694
-284
994
-349
-385
199
-189
473
-260
-282
524
56
136
-692
18
1315
-714
-659
1079
-680
-336
925
-494
-644
1082
-80
-1496
1205
593
-1195
397
570
-963
88
913
-950
-214
953
-704
-401
640
-173
-180
204
0
6
277
191
-370
-36
757
-103
-319
324
145
-79
-207
295
-311
-114
702
-871
-308
701
-749
-171
858
-897
-801
1193
166
-1439
386
1525
-1127
-546
1451
-238
-697
823
811
-1070
223
1156
-1078
317
610
-971
260
526
-420
-751
55
484
-449
-428
147
436
-339
-668
787
153
-501
503
-115
-370
215
300
54
-567
180
601
-554
-187
706
401
441
317
-482
604
823
-849
514
207
-1093
457
-1061
-1137
335
-1579
-981
356
-639
-1325
-101
785
-1018
-6
1489
-10
220
835
786
-131
93
1779
17
-477
1071
462
-337
-94
689
-106
-247
346
-145
-105
-428
-378
-188
-98
-231
-898
-151
-80
-1372
-390
750
-760
-498
374
-337
285
61
-277
626
190
6
580
322
-64
64
517
86
-74
687
-75
-422
-81
160
572
-741
-425
540
-700
-345
317
-154
-246
-297
309
628
-398
-224
806
-71
-360
876
605
-827
-362
686
118
-336
187
516
-507
-418
361
-271
255
26
-915
499
273
-826
-93
568
-380
-897
1077
116
-1230
541
618
-247
-594
280
361
-670
381
336
-250
154
-42
-161
-147
149
123
-277
-260
199
225
-134
143
244
-190
173
580
-343
-172
890
-161
-546
422
82
-372
-108
154
76
-101
-271
195
430
-578
-66
562
-96
58
286
97
-588
96
583
-586
23
301
-349
-88
345
-47
-500
707
265
-800
621
436
-832
-170
598
25
-798
67
496
-593
-213
356
-22
-349
26
85
-450
601
106
-852
504
271
-454
455
520
-321
117
871
-75
-426
750
313
-724
68
667
-602
-425
690
-320
-627
73
74
-429
-213
459
-262
61
147
-907
609
652
-734
370
509
-350
-303
218
108
-259
-71
-60
133
-273
12
439
-688
141
551
-451
271
364
85
3
-159
372
174
-344
159
9
-362
220
-364
-617
534
-248
-901
440
210
-646
-44
532
-419
-567
894
-71
-627
406
42
-251
-225
209
-30
-227
228
-287
279
527
-449
200
702
-305
-271
764
168
-353
402
366
-226
-225
411
57
-575
193
500
-236
-218
238
-123
-206
167
19
-2
115
-103
-541
158
674
-773
-237
959
-318
-586
678
388
-827
-85
847
-209
-329
303
-204
47
-219
-476
495
1
-368
192
33
-2
-234
-101
432
-216
-217
348
58
-339
-75
224
-262
-186
466
117
-332
251
198
-279
6
240
-131
-24
404
-60
-115
-56
-198
300
245
-64
66
57
223
-244
-125
535
-393
-166
460
18
-176
-44
252
-467
-253
368
-268
56
270
-393
-268
302
-17
-426
283
338
-379
-137
453
112
-287
150
61
-3
-21
5
425
123
-230
-121
297
-248
-521
516
92
-422
208
112
-111
-44
-36
61
228
172
59
440
244
-361
-145
-110
-452
-268
-131
-148
-294
-672
-299
-13
-350
-234
-156
-161
-267
-175
152
-299
-277
-144
-466
-408
-455
-358
-520
-517
34
-224
-725
-344
-50
-336
-65
420
403
302
374
463
801
976
665
1151
1253
811
1230
1424
1467
1113
1062
1734
1122
961
1513
966
591
641
643
394
284
496
149
-29
170
-103
-372
-346
-526
-526
-280
-499
-762
-605
-603
-992
-1079
-748
-735
-1167
-1109
-720
-915
-1083
-972
-1172
-1497
-1203
-1281
-1514
-1106
-1740
-1835
-1212
-1699
-2049
-1904
-1694
-1995
-2076
-1668
-1987
-2466
-2347
-1994
-2058
-2012
-1674
-1781
-1930
-1753
-1474
-656
842
2051
3275
4999
5678
5335
6055
7437
8084
8792
9515
9031
7981
7425
6817
5530
4165
3059
1581
220
-518
-1832
-3463
-4517
-5908
-6996
-6587
-6443
-7198
-7089
-6711
-6860
-6338
-5161
-4236
-3310
-2015
-1071
-112
1615
3241
3815
3932
5249
6179
6109
7135
7063
5957
5229
3943
3493
2894
1771
803
-455
-1467
-2762
-3590
-4270
-4987
-5144
-5011
-4325
-4051
-3668
-3612
-3843
-2871
-2205
-1621
-330
365
88
-434
-466
-28
116
-211
-350
-532
-927
-1525
-2069
-2151
-3056
-4128
-4502
-4546
-4292
-5183
-5667
-4994
-4917
-4592
-3596
-2944
-3598
-3827
-2268
-7
3126
6383
8523
9575
9614
9069
10222
13496
15167
15111
14604
12919
11144
10092
9553
7467
4242
2509
949
-1053
-2564
-3839
-6376
-9607
-10824
-10419
-9747
-9168
-9325
-10201
-10664
-10186
-8818
-6572
-4533
-3345
-2228
-644
1154
2715
3503
3674
4153
5653
7333
7786
7464
6596
4852
3335
3400
3793
3358
3029
1577
-58
-418
-1439
-1866
-1886
-2881
-2982
-2318
-1652
-1719
-2750
-3585
-3695
-2635
-1557
-719
507
245
-1250
-1609
-831
-81
305
80
-452
-642
-1309
-2191
-2180
-2143
-2846
-3366
-3117
-2854
-2630
-3086
-3914
-3568
-3229
-3064
-2764
-2451
-2280
-2901
-2476
-1254
-320
521
173
-358
-597
-1457
-2563
-2461
-938
198
2125
5127
7293
7809
6331
5866
7583
10070
12942
14373
13368
10443
7976
7781
7320
5741
5102
4570
2474
-521
-3174
-4689
-6399
-8835
-9512
-8584
-7642
-8233
-9774
-9800
-9929
-9789
-7758
-4760
-1751
-228
75
587
2340
4175
4817
5534
7019
8368
8669
8329
7376
5530
3689
3098
3022
2692
2178
630
-1384
-3222
-4114
-4228
-4343
-4378
-5121
-4651
-3324
-3709
-3986
-3541
-3203
-3168
-2459
-620
346
807
1008
663
432
528
1525
2016
1430
475
-583
-1140
-1677
-2148
-1891
-1994
-3284
-4258
-4379
-4397
-4963
-5165
-4433
-4091
-3820
-4078
-4143
-3225
-2836
-2459
-1518
-173
-27
-1259
-1640
-1573
-1475
-363
1892
4310
6547
8369
8869
8748
8491
9157
11924
15111
16337
14391
11757
10106
8362
7068
6069
4956
2821
173
-1481
-3473
-5353
-7435
-10255
-11248
-10359
-8941
-8419
-9159
-10318
-11483
-10633
-7841
-4632
-1812
-560
-336
-64
1817
4478
5597
6108
6572
7525
8321
7606
6736
5658
3815
1626
983
2188
1320
-1217
-3267
-5007
-6002
-6215
-5003
-3957
-4361
-4716
-4482
-3325
-2177
-1358
-267
628
963
826
1734
3529
3691
2191
1492
2283
2768
2315
1483
742
-233
-1692
-2374
-1960
-1462
-2796
-4922
-5331
-4718
-4431
-5174
-4905
-4157
-4314
-4459
-4666
-3501
-2680
-2848
-2071
-681
270
26
135
-75
-1285
-2219
-2384
-1261
-61
844
2586
5334
7496
7814
7295
7373
9361
12096
14381
15685
13725
10385
8644
8369
8104
6702
5789
4543
1271
-2748
-5324
-5565
-6681
-8823
-9472
-9082
-8546
-9670
-11321
-11197
-10333
-9281
-7915
-5178
-2082
-946
-890
-489
1714
4128
5268
6579
7292
7430
6889
6083
5969
5377
4435
3206
2046
1280
70
-1849
-3656
-5064
-6152
-5868
-5267
-4927
-4781
-4746
-3617
-2518
-1008
795
1157
1319
1612
2513
3853
4205
4359
3602
2045
1452
1616
1952
1088
-436
-1544
-3120
-3734
-2837
-2270
-3236
-5224
-5700
-5420
-5441
-4729
-4010
-3038
-3107
-3677
-3243
-3218
-2464
-1152
125
984
1170
1380
708
221
287
-93
-673
-1239
-2050
-2176
-1105
536
3267
5513
6574
6448
5260
5955
9149
13096
14638
12651
10483
9097
7654
7381
7526
6894
4941
1532
-1420
-3612
-4215
-4823
-6543
-7514
-9214
-10189
-10119
-9744
-9281
-10032
-9188
-7645
-6035
-2979
-657
88
-578
767
4502
6325
6967
7417
7650
7066
5308
5109
6132
5946
3549
651
45
-575
-3041
-4412
-4466
-4966
-6368
-7404
-6423
-5748
-5791
-5278
-3712
-969
91
542
1485
1584
1501
2191
4962
7158
5963
3479
2101
2666
3146
1683
1026
1423
143
-2460
-4057
-2595
-1971
-4347
-5975
-5863
-4955
-5661
-6011
-3999
-3509
-4837
-5493
-3148
-452
-894
-1334
-812
25
326
226
1160
1075
94
-603
-502
-479
-2301
-3221
-2122
-223
1630
3769
6679
7372
6065
5456
7492
11814
14828
15472
13209
9713
7522
7215
8697
8906
7118
3505
-910
-3876
-4914
-3843
-3900
-6439
-9578
-11398
-10925
-10360
-9791
-9328
-9576
-9510
-8772
-5782
-2064
-446
-611
-544
1937
4625
5915
7120
7962
7371
5860
5943
7455
7022
4309
2267
1381
160
-1729
-2440
-2138
-3662
-5835
-6650
-5906
-5501
-6268
-5560
-3764
-2011
-931
-270
954
1072
715
1427
3469
6133
6312
4349
2524
1825
2624
2716
2293
2172
745
-1562
-3680
-3630
-2176
-3029
-5166
-6335
-6174
-5921
-6330
-5401
-3871
-3596
-3991
-3664
-2202
-1352
-1058
-476
321
1069
1205
1214
462
-771
-1336
-1404
-1134
-1707
-2821
-3456
-3393
-1725
1143
4332
6702
6983
6178
6113
8397
12410
14846
14506
12283
9912
8540
8168
9038
9199
6821
2488
-1596
-3306
-3399
-3433
-4452
-6645
-9398
-11588
-11912
-10529
-9084
-8983
-9359
-9057
-7671
-5414
-2877
-392
483
853
3011
5410
6924
7669
7931
7921
6939
6058
6048
5473
3884
2056
540
-920
-2291
-3079
-3633
-5100
-7361
-8386
-8197
-7518
-6052
-4484
-2946
-1631
-806
-445
173
2014
3847
5063
6346
7364
6559
4068
2941
3574
3772
3318
2880
1741
-935
-3920
-4622
-3159
-2598
-3735
-5094
-6187
-7194
-7544
-6418
-4377
-3114
-3227
-3702
-3527
-2444
-1313
-700
5
925
1021
362
219
274
92
-521
-829
-813
-1927
-3353
-4537
-4466
-3447
-2436
320
3539
5014
4744
4661
6094
7903
10604
14063
15618
13787
10597
9277
9785
9712
8523
7545
5900
2317
-1284
-2390
-2123
-3896
-6839
-8750
-9725
-10125
-10519
-9916
-9129
-9285
-9294
-8756
-6767
-4677
-3217
-1396
139
1856
3231
4384
5457
5506
5885
6251
6191
5660
4627
4013
2626
780
-481
-1040
-1228
-2145
-3223
-3685
-4147
-5123
-5861
-5197
-3292
-2053
-1458
-779
-383
-65
39
1255
2900
3578
4040
4176
4216
3255
2460
3006
2621
1461
365
-208
-809
-2139
-2356
-2452
-3580
-4501
-5322
-5459
-5460
-5352
-4155
-3471
-2948
-2450
-2470
-2042
-1647
-975
-252
121
625
383
-503
-1054
-1056
-715
-195
276
53
-1213
-2958
-4354
-4878
-3778
-1143
1581
3407
4546
5026
4693
4679
6485
9811
12611
13492
12494
10561
9161
8773
8423
7965
7468
5628
2674
-59
-1488
-2298
-4071
-5481
-6521
-7562
-8110
-8980
-9103
-9034
-9280
-8452
-7427
-6135
-4942
-4145
-2959
-2158
-814
1210
2494
3136
3453
3861
4113
3967
4041
4266
3927
2977
1999
1321
909
736
870
764
-118
-1361
-2362
-2841
-2652
-1837
-840
-148
21
-289
-653
-545
-21
547
1299
2281
2616
1791
846
752
877
474
9
-194
-785
-1867
-2532
-2504
-2538
-2977
-3454
-3802
-4052
-4023
-3564
-2863
-2172
-1825
-2050
-2338
-2155
-1694
-1237
-737
-327
-301
-631
-960
-1182
-1247
-626
119
194
-492
-1859
-2845
-3094
-2323
-358
1617
3217
3994
4128
4492
4883
5802
7306
8874
10143
10001
9058
8529
8310
7994
7205
6607
5704
3685
1704
279
-770
-1971
-3115
-3805
-4864
-6144
-7247
-7604
-7217
-7045
-6731
-6358
-6185
-5878
-5198
-3816
-2775
-2173
-1125
-281
315
834
1439
2210
2364
2519
2813
2564
2294
2086
2032
2010
1804
1836
1695
1199
420
-287
-525
-722
-392
273
503
248
-499
-970
-1177
-1105
-692
-736
-737
-606
-665
-737
-580
-96
-431
-1059
-909
-680
-757
-1102
-1128
-963
-1235
-1686
-1866
-1584
-1433
-1585
-1380
-883
-722
-787
-712
-727
-863
-815
-485
-63
123
0
-134
-64
11
15
295
868
976
449
284
613
749
970
1641
1944
1335
680
520
592
618
679
948
967
521
132
600
1461
1664
1683
1860
2025
1903
1655
2028
2420
2149
1888
1998
2004
1510
876
779
964
797
521
569
643
-39
-1158
-1422
-1108
-1294
-1599
-1373
-1104
-1498
-2089
-1978
-1594
-1635
-1630
-1153
-684
-727
-843
-435
-173
-573
-744
-290
-43
-348
-501
-116
397
517
486
746
781
403
73
259
777
522
-128
-89
202
72
-305
-168
36
-529
-937
-517
39
17
-354
-493
-789
-1434
-1584
-945
-448
-707
-1151
-1393
-1714
-1981
-1742
-1276
-1076
-1132
-1314
-1264
-927
-560
-330
-153
215
264
164
544
1061
1284
1251
1564
2115
2266
2203
2315
2436
2163
1840
1864
1879
1544
966
391
10
-192
-315
-212
-39
-204
-644
-916
-946
-949
-826
-394
-25
-229
-556
-513
-270
-251
-254
137
376
207
-140
-226
-221
-490
-508
-313
-163
-435
-846
-744
-573
-555
-575
-427
-322
-480
-387
87
640
742
623
877
1098
1103
1283
1838
2120
1608
1275
1547
1794
1616
1291
1294
912
135
-133
-34
60
-204
-644
-874
-1069
-1311
-1558
-1574
-1500
-1594
-1636
-1488
-1242
-1087
-986
-874
-835
-853
-854
-753
-547
-393
-393
-359
-159
2
-82
-215
-92
149
319
501
545
278
26
197
626
789
623
565
663
640
740
1109
1214
754
302
333
488
388
193
152
-84
-545
-745
-628
-444
-593
-818
-801
-762
-695
-698
-558
-311
-262
-179
21
367
452
320
527
650
511
362
439
485
234
151
163
186
63
-143
-142
-323
-549
-702
-744
-649
-781
-826
-745
-837
-813
-612
-318
-70
33
171
247
377
542
641
812
896
1072
1195
1101
985
797
721
665
548
510
548
457
222
87
91
109
-31
10
88
-108
-262
-276
-109
-52
-110
-51
-94
-274
-454
-501
-511
-607
-689
-664
-614
-673
-675
-606
-620
-613
-447
-264
-205
-14
214
302
357
472
770
909
969
1142
1160
1070
943
989
1022
794
585
417
170
-154
-367
-398
-434
-629
-929
-1119
-1138
-1071
-946
-746
-646
-804
-915
-717
-406
-134
150
331
357
348
311
267
215
287
491
541
541
553
398
77
-158
-206
-361
-543
-639
-803
-985
-1058
-933
-867
-865
-640
-551
-634
-478
-156
105
227
395
578
535
478
519
629
776
806
868
1033
1019
764
628
702
670
588
637
724
716
539
275
132
202
168
-21
-43
-106
-354
-553
-466
-240
-327
-649
-892
-971
-1029
-1105
-1038
-956
-1024
-1186
-1180
-853
-493
-290
-130
2
-53
-140
67
508
925
1053
1076
1207
1218
1226
1368
1525
1458
1158
1018
907
643
466
317
74
-179
-252
-299
-517
-749
-998
-1154
-1083
-893
-654
-505
-514
-638
-677
-505
-313
-79
189
299
278
199
265
410
419
493
590
491
228
17
-7
-108
-259
-233
-228
-421
-648
-635
-484
-436
-384
-221
-127
-186
-218
-34
218
267
279
443
522
433
389
445
473
426
397
441
488
420
222
50
4
-18
-20
112
208
37
-234
-296
-178
-104
-108
-107
-140
-300
-449
-367
-195
-202
-283
-280
-336
-459
-551
-507
-396
-415
-422
-359
-326
-327
-279
-107
-37
-29
51
70
70
150
317
421
492
596
540
435
396
359
295
196
109
-50
-153
-61
28
3
-129
-277
-340
-336
-245
-32
102
21
-91
-36
148
291
367
433
478
422
344
460
590
511
383
362
372
250
105
98
17
-222
-400
-389
-308
-367
-438
-460
-557
-637
-616
-387
-110
-69
-153
-179
-134
-105
-25
196
343
302
225
168
141
166
171
229
299
248
136
61
70
32
-31
7
1
-47
-54
-44
-41
-87
-89
-72
-129
-135
-124
-166
-213
-186
-90
-112
-144
-111
-131
-192
-239
-205
-203
-237
-183
-113
-71
-83
-82
-42
-29
28
160
271
254
191
231
311
420
558
610
543
411
304
278
292
270
208
103
-22
-114
-158
-105
-83
-153
-211
-318
-397
-364
-320
-303
-290
-204
-160
-188
-100
-16
-33
-42
-14
20
29
53
78
46
32
44
37
59
98
95
31
-2
43
44
34
69
100
78
12
-2
34
46
36
58
112
118
67
90
144
77
-20
-41
-54
-87
-58
-1
-7
-55
-89
-91
-72
29
115
83
32
-22
-47
-16
51
129
101
27
-14
-48
-21
26
78
107
35
-47
-77
-85
-105
-141
-156
-182
-191
-108
-21
-3
-67
-170
-167
-80
36
164
208
148
48
48
147
243
358
380
274
198
153
126
102
92
75
-42
-144
-171
-228
-285
-293
-268
-253
-270
-269
-259
-258
-229
-177
-92
-34
-17
13
5
-2
50
122
178
211
214
169
123
123
115
95
81
51
29
38
35
25
29
19
-19
-48
-43
-33
-42
-43
-36
-64
-103
-74
-14
4
-7
-33
-58
-98
-94
-31
9
30
20
0
-11
-15
23
35
35
44
55
79
82
103
103
90
104
107
122
123
93
24
-27
-10
-27
-47
-49
-50
-39
-83
-116
-112
-162
-210
-182
-111
-98
-128
-134
-135
-131
-79
16
92
91
50
48
99
169
235
259
204
119
79
106
152
159
99
17
-16
-24
-37
-18
24
12
-35
-33
8
15
-15
-26
-39
-56
-62
-47
-2
3
-16
-26
-21
-7
-22
-10
10
-6
-41
-88
-82
-66
-78
-82
-79
-60
-75
-79
-28
15
26
5
4
5
-14
3
43
62
32
-25
-33
-5
24
74
122
100
42
8
7
24
42
21
-28
-52
-41
-21
-10
-16
-38
-59
-46
18
68
60
38
5
-37
-34
18
19
-25
-57
-89
-59
2
38
31
-7
-21
-33
-9
28
28
27
-3
-30
1
64
125
126
116
111
58
30
49
84
83
44
35
2
-58
-91
-109
-89
-93
-110
-88
-84
-101
-120
-91
-25
-11
9
45
41
24
28
68
76
60
73
59
52
50
23
19
4
-31
-57
-60
-60
-87
-97
-75
-70
-80
-71
-37
-19
-28
-23
19
54
56
68
84
87
106
144
166
175
170
141
118
106
60
8
16
36
12
-19
-51
-103
-142
-153
-142
-116
-118
-151
-159
-130
-87
-45
-1
33
21
-21
-22
23
46
25
8
11
0
-12
12
52
47
-7
-33
-17
-29
-44
-27
-40
-54
-30
7
50
65
57
35
43
68
66
86
79
33
-3
-13
8
7
-4
-39
-89
-102
-116
-92
-52
-51
-37
-26
-12
27
58
59
80
131
156
181
208
203
181
150
120
112
99
54
0
-59
-119
-157
-172
-176
-185
-218
-263
-291
-271
-217
-171
-155
-151
-138
-107
-41
63
151
170
146
143
167
201
250
297
286
208
130
101
89
65
50
32
-19
-84
-109
-91
-99
-131
-124
-126
-159
-158
-124
-103
-92
-79
-47
-20
-6
29
66
74
71
76
86
90
97
106
92
62
29
0
-3
5
12
21
10
-15
-21
-26
-17
22
37
7
-24
-24
-24
-27
-4
0
-14
-46
-76
-54
-40
-53
-75
-82
-105
-156
-123
-86
-107
-106
-88
-66
-59
-26
24
48
78
103
139
156
170
182
170
170
165
158
126
97
82
33
11
7
-30
-77
-104
-121
-136
-144
-133
-123
-148
-168
-152
-128
-110
-81
-36
-11
-7
9
41
68
96
137
169
175
157
131
125
115
115
126
119
73
3
-22
-10
5
15
4
-26
-70
-97
-91
-73
-63
-69
-92
-97
-96
-84
-52
-41
-30
-27
-32
-6
17
18
22
29
23
16
38
55
43
35
50
53
41
43
47
32
12
13
13
-17
-42
-50
-69
-82
-73
-61
-48
-54
-88
-93
-82
-76
-52
-22
-2
-9
-23
-3
33
70
94
108
108
92
89
118
147
144
119
93
76
70
67
59
45
12
-33
-57
-53
-57
-83
-116
-142
-173
-187
-179
-174
-167
-171
-170
-160
-139
-98
-62
-31
-16
-15
2
44
91
127
147
142
134
131
153
181
183
173
139
110
113
109
88
61
28
-6
-40
-31
-8
-25
-64
-85
-100
-102
-78
-55
-48
-60
-65
-52
-26
11
28
28
16
4
6
23
47
39
15
2
-9
-3
20
28
8
-27
-63
-82
-86
-75
-57
-56
-59
-54
-44
-31
-22
-5
-8
-28
-33
-25
-1
19
26
31
29
21
26
48
62
70
64
45
24
23
46
62
77
70
52
47
35
33
36
19
9
-1
-13
-14
-8
-13
-32
-49
-58
-61
-56
-45
-28
-24
-34
-41
-38
-32
-20
-6
3
-2
-20
-17
3
10
10
29
38
24
20
32
31
24
31
39
38
41
37
28
24
21
26
28
24
12
-8
-34
-49
-48
-34
-19
-17
-30
-58
-70
-62
-49
-24
-22
-36
-44
-45
-34
-18
2
5
-6
-14
-17
-5
-4
2
12
-3
-7
4
7
8
4
6
8
6
8
16
17
6
13
24
23
31
40
36
16
9
19
18
24
35
45
44
24
23
26
16
21
18
2
-8
-5
-3
-3
-8
-14
-9
-15
-18
-5
6
10
-5
-6
0
-10
-9
0
2
-16
-19
-7
-18
-23
-21
-26
-29
-32
-25
-28
-38
-44
-44
-37
-31
-22
-6
1
0
1
15
26
19
27
34
20
8
13
25
22
26
31
12
4
-5
-5
-5
-15
-9
-9
-18
-22
-20
-22
-23
-13
-18
-31
-34
-29
-25
-10
13
24
26
22
11
5
11
20
26
33
40
43
41
35
37
43
42
37
24
7
-3
-8
5
23
43
51
41
35
17
3
9
11
16
13
3
9
9
4
4
-2
-15
-42
-63
-68
-82
-88
-80
-72
-63
-55
-52
-48
-48
-51
-39
-24
-9
12
15
32
51
60
76
64
46
24
4
-1
-7
8
15
12
18
14
7
1
4
4
-9
-11
4
5
-1
21
48
48
35
35
28
2
-9
3
4
-10
1
1
-13
-23
-28
-30
-48
-52
-41
-33
-22
-5
20
26
19
26
26
21
17
17
32
42
43
50
66
60
45
47
38
10
-12
-22
-37
-67
-81
-75
-65
-68
-66
-47
-36
-45
-42
-7
15
36
60
49
42
43
47
46
41
53
40
29
33
41
54
48
46
26
-23
-65
-82
-100
-135
-126
-105
-116
-93
-63
-33
-17
-8
24
11
-17
6
26
19
20
43
48
24
38
50
29
34
26
8
13
3
4
-5
-8
6
2
16
26
26
19
7
19
29
46
54
75
98
80
85
70
44
35
10
-7
-20
-50
-87
-102
-119
-149
-147
-126
-132
-149
-131
-97
-80
-67
-17
42
53
52
86
122
126
140
171
155
115
124
125
76
40
47
22
-31
-41
-24
-56
-69
-29
-17
-31
-27
27
26
9
51
38
55
19
3
47
-44
6
88
42
47
22
-2
-71
-93
-28
-126
-183
-141
-152
-208
-184
-94
-151
-178
-44
-3
-42
57
90
27
2
8
71
2
42
176
145
135
128
99
2
-46
-7
-66
-80
16
89
105
160
202
153
71
-40
-215
-360
-377
-292
-41
317
665
893
860
638
195
-337
-647
-876
-1014
-865
-689
-462
-167
53
255
273
241
87
-129
-208
-329
-242
-70
101
291
401
500
376
228
135
-5
-88
-49
101
191
301
452
433
285
196
86
-154
-313
-317
-323
-345
-233
-61
5
78
215
258
177
94
53
-21
-57
-32
-34
-11
109
191
241
341
274
166
37
-140
-296
-425
-314
-301
-222
24
14
22
-3
-134
-333
-445
-332
-315
-209
100
270
247
244
208
-85
-399
-443
-393
-381
-69
457
759
1009
1216
1140
671
143
-171
-672
-1010
-989
-906
-750
-542
-140
35
82
344
357
308
287
304
308
138
207
122
-124
-181
-308
-400
-313
-12
268
534
837
853
567
303
38
-429
-657
-733
-815
-778
-687
-469
-403
-256
-110
-121
90
116
171
412
438
445
493
536
306
111
162
59
-50
-46
169
106
-81
144
78
-140
-111
-53
-139
-300
-226
-186
-312
-270
-108
-48
-60
38
191
208
211
298
316
233
162
93
-1
-69
-70
64
207
182
160
175
-2
-224
-293
-336
-371
-329
-214
-91
-48
-39
29
-11
-134
-103
-61
-37
84
248
353
417
372
256
213
1
-154
-147
-117
-113
-71
201
159
65
183
50
-112
-149
-81
-133
-181
-41
3
-12
38
93
32
13
43
-44
-3
88
62
83
146
58
-88
-41
-135
-319
-307
-260
-240
-230
16
138
-30
47
139
-53
-139
42
-9
-140
62
106
-78
7
183
82
46
289
345
71
121
251
-68
-172
-50
-92
-248
-172
93
-178
-198
215
-73
-212
90
-48
-151
-15
-6
2
82
127
150
105
-61
18
8
-178
104
144
-38
140
114
-85
-160
-86
-124
-289
-115
120
-55
-66
230
56
-94
105
37
-115
-93
-90
-38
-8
16
111
-30
24
34
-57
179
91
56
249
167
-125
212
353
-256
251
303
-259
88
-33
-253
-233
-126
90
-132
-26
385
40
-168
366
44
-491
137
-17
-660
-16
123
-309
21
282
140
-152
-8
255
-144
-157
366
264
-194
191
495
-335
-269
428
-354
-596
299
-119
-440
426
333
-20
270
189
56
-216
-193
260
-201
-355
257
-19
-467
38
533
-59
-223
713
158
-681
317
349
-688
-117
740
-366
-567
684
-271
-809
209
36
-491
-141
574
-82
-462
415
68
-499
-31
360
-34
-273
359
229
-342
99
231
-25
-2
203
435
-88
-64
348
-72
-196
172
152
-252
67
115
-211
66
-18
-90
-42
66
30
-28
256
-51
-119
202
-18
-301
17
330
-287
-105
597
-212
-312
403
-126
-369
57
189
-54
-200
170
49
-368
-156
199
-125
-11
373
-124
-121
-6
63
-273
-229
671
-147
-374
548
49
-728
43
381
-686
-126
712
-127
-436
417
60
-416
164
152
270
-230
117
685
-848
-138
629
-737
-302
908
-21
-640
943
334
-1022
398
718
-951
-54
1301
-631
-497
1131
-351
-874
193
150
-163
-367
685
524
-721
626
208
-638
13
109
301
-577
205
573
-719
-35
151
-426
-224
279
288
40
144
422
-202
-448
633
-467
-467
1030
-259
-350
415
-168
-381
-74
522
7
-266
665
23
-208
353
-352
-30
34
-431
21
81
-50
-415
-68
45
-433
356
389
-357
152
370
-451
132
336
-580
87
286
-3
-20
-48
388
-38
-506
87
370
-144
0
522
482
-396
-585
481
-378
-640
755
180
-200
183
369
-162
-569
350
-424
-298
543
-388
291
123
-346
345
-326
-196
56
26
210
-118
420
252
-396
156
-55
-584
161
100
-236
579
-193
-337
641
-403
-308
325
124
-134
-414
643
-203
-683
958
25
-284
292
191
52
-776
574
517
-973
796
685
-1136
-330
912
-262
-1207
1134
591
-1845
799
1281
-1379
-69
1144
-441
-1009
644
465
-793
263
595
-191
-586
317
217
-801
562
199
-407
421
-149
-56
117
-1
151
52
21
-368
35
6
-747
628
213
-606
678
81
-138
-363
-20
248
-583
276
81
4
-445
34
666
-842
461
275
-262
514
-350
442
271
-328
274
-4
-347
-175
644
-334
-671
914
-350
-404
578
-239
-93
-338
397
105
-802
729
-192
-413
264
-402
409
-300
20
656
-627
359
307
-295
56
-222
457
-232
-654
810
128
-945
640
757
-1113
154
825
-857
-142
552
-204
-167
152
97
-13
120
-15
-133
47
-320
158
310
-301
372
125
-164
21
86
-235
-422
547
-451
-185
728
-351
-265
383
242
-679
292
373
-590
393
-79
32
66
-566
652
250
-654
495
191
-735
539
242
-315
-249
235
159
-748
667
46
-660
311
157
-62
-512
849
85
-504
465
-215
202
-594
91
181
-700
376
-166
33
164
-523
542
130
-664
550
536
-904
202
669
-883
36
561
-195
-376
258
392
-518
8
425
38
71
49
400
-21
-586
396
-75
-573
231
-13
-6
-200
-42
133
-148
17
410
257
-739
638
393
-1138
669
227
-628
93
56
6
-399
419
197
-90
-18
-10
262
-432
368
292
-55
-81
108
31
-533
311
-163
-79
-327
290
305
-1173
1245
-106
-1105
1387
-202
-818
944
-87
-919
840
2
-518
717
-167
-542
443
179
-509
176
358
-344
-60
-65
281
-22
-693
890
13
-1035
871
219
-702
135
414
117
-827
742
520
-1404
961
293
-1111
668
330
-541
27
442
-271
-85
301
59
-477
-121
724
-894
-94
1072
-682
-396
465
530
-870
-353
1305
-1056
-460
1200
-111
-565
330
792
-882
-85
725
-544
-368
430
61
-885
853
35
-1088
970
124
-842
238
731
-463
-360
768
-53
-575
201
623
-317
-399
451
139
-405
-162
507
-130
-450
755
40
-478
532
-172
-210
200
-268
234
-7
-494
316
373
-856
286
1177
-1374
45
1443
-1338
-106
1114
-458
-380
243
397
-574
121
466
-907
459
325
-832
617
632
-922
67
727
-475
-701
1039
-23
-1618
1602
2
-1599
1232
521
-1154
65
1064
-980
-123
928
-582
-29
52
-22
67
-242
127
-99
218
-394
-160
886
-806
0
963
-667
-327
693
292
-1160
143
1496
-1659
-421
1936
-1143
-856
1413
45
-1247
532
798
-929
197
592
-430
-425
366
483
-855
677
475
-1426
791
404
-879
208
627
-192
-537
904
-314
-321
572
-562
658
-102
-526
440
-348
90
-262
227
323
-553
684
-250
-268
429
-448
63
27
45
28
-427
652
0
-1271
1408
40
-1588
1062
205
-541
-61
421
292
-811
367
383
-635
-32
345
-157
-87
190
-35
255
-303
139
191
-601
312
166
-334
57
491
-234
-444
677
-87
-196
256
-194
366
-375
-219
546
-505
-96
396
-152
-255
200
250
-320
-166
569
-236
-185
114
258
230
-1184
864
625
-1432
484
761
-619
-549
549
761
-1127
-111
1633
-1304
-169
1015
-961
227
187
-158
94
85
-83
-448
759
-529
3
895
-1465
832
473
-1314
722
602
-884
-106
833
-318
-707
531
831
-1173
108
1220
-1009
-297
624
-9
-378
231
81
-646
799
-384
-704
1188
-508
-560
937
-302
-385
482
-455
174
366
-725
530
213
-508
-50
63
525
-692
228
548
-368
-161
101
807
-1120
209
996
-939
-32
128
584
-618
-906
1846
-677
-1463
2280
-373
-1416
1299
-103
-674
111
475
-63
-691
760
-138
-532
505
-289
405
-262
-233
990
-900
-266
1134
-761
-495
1157
-289
-931
875
133
-849
218
340
-93
-450
505
382
-711
511
-263
8
509
-902
696
43
-520
279
40
254
-903
641
597
-1242
618
449
-722
-33
690
-73
-900
866
388
-1384
724
830
-1348
168
1193
-1002
-508
1179
-363
-729
684
17
-122
-342
130
973
-1434
489
1026
-1744
644
740
-1116
344
820
-904
-105
944
-785
-197
817
-347
-375
212
426
-587
-75
668
-383
-51
-96
440
-80
-650
740
415
-648
-27
865
-559
-333
640
-65
-413
100
185
-286
46
157
96
-335
474
-152
-598
1009
-547
-256
558
-208
-47
-346
760
-542
-652
1286
-819
-342
1016
-663
32
229
-345
393
-352
377
61
-606
600
-269
-225
38
422
-257
-521
1081
-546
-432
328
612
-490
-822
1910
-911
-1058
1366
-34
-840
146
1020
-776
-195
481
-133
56
-210
369
188
-596
-49
936
-632
-307
719
-450
92
112
-142
-39
149
65
-325
257
10
2
-162
159
484
-847
107
586
-509
-480
827
9
-943
490
344
-198
-846
975
484
-1638
1145
518
-1595
511
1213
-1189
-613
1525
-367
-1148
986
456
-1225
493
890
-737
-218
388
411
-903
105
1154
-1047
-149
519
179
-315
-510
985
-96
-1037
791
733
-1396
189
1091
-1228
195
696
-660
287
118
-111
-161
299
23
-436
396
-49
1
-222
51
294
-539
55
312
-308
-11
250
2
-153
-64
397
-227
-254
649
-538
-97
812
-898
104
537
-672
288
330
-349
-14
239
-48
-307
-41
713
-620
-270
1127
-480
-393
290
343
-411
-292
459
-179
-139
131
71
-272
307
-177
-195
650
-483
-136
233
55
-78
-281
100
282
262
-934
676
471
-1211
721
115
-316
-242
485
157
-866
837
-122
-419
208
388
-271
-767
1213
-294
-803
684
-17
-234
-19
137
-2
-90
-155
327
-15
-258
302
75
-304
153
572
-876
359
772
-1209
495
296
-281
-150
-211
1044
-970
-155
1110
-805
-204
656
-103
-528
630
-222
-216
175
-137
273
-460
212
118
-210
-351
470
98
-699
626
195
-99
-477
383
282
-415
-73
-139
661
-471
-340
440
312
-179
-1051
1032
382
-1282
424
874
-578
-635
833
-103
-228
-85
116
434
-524
-13
156
147
-256
99
70
171
-29
-492
822
-434
-346
436
-60
-7
-313
363
-165
112
-182
-422
1216
-1128
-115
1538
-1604
127
1026
-776
10
329
-212
-292
517
-167
-343
709
-393
-213
690
-391
-115
414
-328
122
112
-254
244
-197
76
101
-431
632
-328
-523
966
-848
-344
1272
-797
-227
468
7
-40
-734
1119
100
-1206
750
495
-609
-370
795
-94
-927
857
448
-1350
425
841
-805
-133
527
157
-649
184
422
-411
14
104
141
-270
187
63
-500
406
-134
1
128
-287
420
-239
-269
537
12
-453
208
720
-683
-463
1080
-319
-699
515
377
-344
-509
535
168
-703
243
458
-384
-120
323
-210
254
-155
-374
870
-527
-368
744
106
-653
-234
1109
-619
-570
698
-83
-127
-134
83
299
-364
-189
832
-651
-146
796
-780
142
298
-219
-265
242
454
-709
194
428
-559
98
297
-117
44
-76
-51
299
-199
-73
-13
132
298
-713
340
455
-744
123
612
-301
-531
556
120
-369
19
226
130
-529
213
309
-268
-275
389
357
-959
465
635
-1135
100
898
-410
-879
623
899
-1165
-393
1383
-107
-1326
584
1125
-1426
-207
1593
-1091
-568
1169
-91
-926
237
1314
-1541
-199
1716
-1199
-458
883
234
-980
314
776
-989
508
-177
-218
767
-891
-20
885
-219
-872
694
858
-1369
-24
1336
-601
-884
985
281
-1036
286
690
-574
-335
774
-290
-384
371
-35
102
-223
206
7
-141
219
-539
413
323
-598
-225
701
222
-1140
485
905
-703
-715
874
561
-1292
255
913
-565
-451
289
569
-590
-408
1159
-582
-384
848
-784
370
245
-442
269
-176
261
-501
202
532
-956
378
362
-171
-430
-11
1095
-1075
-308
1056
-273
-501
-119
707
-139
-596
178
335
-87
-536
370
476
-502
-483
764
281
-964
257
382
148
-557
-44
915
-741
-65
485
-195
-243
34
394
-415
-41
595
-779
183
741
-1023
182
724
-487
-421
412
573
-812
-373
1100
53
-1009
241
1095
-666
-914
1082
506
-1444
419
1214
-1271
-21
574
-121
-134
-418
812
-236
-478
357
51
280
-701
128
883
-767
-353
763
-13
-728
307
517
-600
152
235
-478
595
-169
-728
966
-86
-648
309
171
85
-499
200
387
-367
-85
132
119
-218
159
-78
-177
404
-219
-178
243
155
-256
-127
618
-431
-499
846
-202
-386
122
195
200
-813
491
455
-837
543
83
-298
112
-188
442
-296
-223
453
-217
-79
-303
550
115
-929
530
561
-406
-889
1074
531
-1825
870
1065
-1100
-476
1027
412
-1404
290
983
-390
-648
260
917
-951
-90
889
-704
131
356
-413
-204
721
-140
-938
827
442
-765
-363
954
339
-1580
514
1474
-1447
-737
1785
-107
-1615
837
1045
-1205
-405
1215
-273
-657
399
191
-139
-223
253
-62
-184
376
-235
-142
337
-272
86
-63
67
374
-825
398
626
-863
-121
738
-49
-894
492
671
-764
-244
684
201
-995
256
860
-889
-19
518
-102
-369
-25
778
-550
-483
786
-103
-623
358
461
-777
148
900
-895
-173
1032
-434
-571
613
276
-696
160
615
-604
-75
453
-143
-167
-109
376
-63
-458
365
15
-153
60
-65
95
-132
201
-82
-344
508
63
-481
83
441
-241
-302
509
-102
-440
497
-223
-167
478
-446
-2
386
-299
-170
451
-227
-247
625
-250
-445
474
43
-400
137
280
-175
-224
268
168
-264
-76
216
15
-226
42
307
-285
-377
714
-25
-778
629
228
-654
150
250
91
-400
-79
729
-507
-154
349
-156
120
-183
-75
155
135
-237
-88
418
-278
96
20
-345
537
-237
-372
411
40
-236
-139
390
19
-492
454
314
-744
153
690
-643
-128
602
-133
-500
340
392
-737
300
420
-586
44
240
3
-383
34
804
-961
-164
1310
-1179
-119
1004
-618
-298
385
216
-515
129
591
-641
5
628
-349
-227
80
222
-65
-485
502
205
-677
307
171
-108
-136
-85
336
-290
-9
259
-129
-218
522
-16
-900
871
166
-1009
470
420
-411
-225
408
81
-429
275
27
-265
234
-14
-128
-9
137
154
-320
-64
513
-34
-582
138
899
-502
-896
1124
333
-1185
309
809
-612
-367
641
25
-663
299
622
-909
-35
1091
-754
-615
890
375
-1060
-306
1489
-488
-1367
1135
583
-1026
-411
970
408
-1487
578
1113
-1419
192
897
-587
-404
600
398
-1224
494
1125
-1459
-39
1456
-668
-1186
1229
820
-1766
7
1714
-605
-1511
952
1351
-1732
-380
1722
-549
-1127
741
873
-1232
-1
1011
-694
-159
538
-170
-408
448
150
-630
136
688
-602
-357
676
79
-356
-421
867
88
-1031
556
631
-737
-305
934
-102
-939
554
729
-1026
-106
825
-341
-221
10
308
97
-544
346
152
-394
134
180
-182
-202
478
-19
-505
230
586
-608
-410
1021
-230
-710
388
776
-760
-615
1329
-350
-908
642
337
-340
-411
427
477
-715
-209
889
-188
-1039
917
514
-1473
631
937
-1101
-262
1161
-251
-1138
863
562
-1083
-37
893
-254
-742
565
439
-688
12
448
-61
-366
64
525
-428
-253
609
-200
-453
402
128
-555
330
47
-231
417
-427
138
386
-405
-5
228
-68
-56
-25
-173
497
-372
-420
811
-292
-460
386
198
-266
-158
294
68
-339
55
352
-437
-64
455
-363
-60
265
-65
-212
126
344
-583
-46
829
-444
-609
604
518
-872
-389
1417
-284
-1419
966
994
-1310
-418
1405
-275
-1013
634
546
-728
-96
703
-392
-236
601
-289
-274
559
-215
-310
301
15
-148
-90
148
98
-187
-76
312
-97
-229
123
101
15
-296
146
354
-299
-308
329
292
-322
-319
314
233
-375
-5
177
33
-47
-148
167
38
2
-75
-76
347
-152
-253
173
196
-87
-421
265
425
-384
-310
450
278
-493
-127
427
28
-387
-3
383
-105
-252
47
210
119
-388
26
359
-55
-206
-106
377
19
-622
395
436
-808
215
446
-442
-60
251
-62
-169
292
-192
-61
203
-98
33
31
19
-120
244
-225
2
359
-499
219
214
-245
-126
224
157
-474
221
307
-399
-69
519
-230
-432
357
390
-518
-444
1113
-326
-909
883
148
-638
35
533
-120
-443
127
394
-171
-622
791
6
-976
940
1
-841
658
214
-644
97
572
-237
-558
460
443
-636
-53
323
304
-294
-672
827
309
-922
27
802
-322
-689
611
395
-759
45
800
-571
-323
685
-153
-359
59
476
-190
-624
795
182
-907
238
820
-426
-773
928
253
-1023
259
740
-362
-691
731
349
-1064
341
828
-798
-500
1027
36
-1043
516
624
-656
-290
663
16
-516
214
362
-219
-350
429
41
-307
91
158
6
-235
177
22
-18
-84
-103
300
-161
-134
96
123
-65
-378
511
64
-618
458
156
-459
165
355
-302
-257
442
71
-540
233
404
-471
-75
322
42
-282
-114
533
-145
-615
482
527
-734
-299
852
32
-879
270
819
-689
-319
642
-69
-222
-180
302
255
-605
92
360
-360
100
102
-237
122
49
15
-271
66
474
-394
-474
608
520
-1166
14
1292
-831
-535
663
222
-291
-496
602
334
-701
-177
919
-118
-1057
852
314
-843
214
599
-370
-532
661
162
-568
-114
657
-26
-946
678
567
-982
-62
1000
-345
-829
600
579
-585
-585
819
319
-916
21
730
-85
-637
278
458
-441
-248
519
-76
-365
181
50
70
-266
59
400
-368
-134
576
-133
-574
630
272
-750
61
783
-322
-719
701
334
-616
-160
329
520
-744
-485
1301
-361
-1039
867
441
-818
-160
802
-124
-798
413
658
-525
-552
714
400
-896
-66
908
-283
-696
627
223
-715
304
477
-594
-122
582
-49
-414
-81
542
20
-753
244
828
-558
-845
1140
259
-1273
213
996
-166
-1147
614
938
-929
-454
874
226
-974
376
464
-560
173
188
-184
-231
336
269
-660
20
747
-442
-471
543
130
-256
-286
290
375
-440
-340
542
349
-897
167
780
-575
-279
386
279
-476
-143
684
-408
-229
405
-108
-141
178
-50
-228
276
33
-268
28
232
-126
-213
66
180
38
-357
266
109
-276
182
-48
-7
84
-30
-130
228
-12
-237
159
-68
227
-248
-169
518
-201
-210
68
178
36
-350
168
250
-173
-301
204
401
-399
-255
385
191
-409
-207
598
32
-736
313
524
-534
-207
537
-50
-595
505
268
-763
211
444
-177
-364
179
474
-532
-192
632
-172
-500
436
357
-649
-73
709
-136
-699
320
700
-628
-352
681
-2
-332
-158
285
298
-535
-13
416
-94
-174
-146
368
102
-559
314
280
-361
-14
232
-24
-321
367
5
-543
547
59
-575
248
314
-255
-271
265
288
-394
-212
543
6
-436
78
432
-144
-372
351
41
-121
10
-66
111
-56
-95
124
-57
-143
268
-132
-288
372
194
-515
-122
793
-207
-896
678
731
-962
-490
1027
435
-1194
-262
1444
-316
-1186
545
820
-470
-821
708
633
-942
-155
840
-147
-631
380
329
-451
1
213
-18
-244
214
145
-487
239
238
-153
-242
-39
710
-380
-747
830
398
-815
-252
850
125
-997
160
927
-448
-677
576
436
-546
-326
626
89
-442
145
53
158
20
-326
104
318
-167
-318
267
241
-334
-186
401
53
-397
117
302
-126
-300
233
172
-371
64
244
-220
-101
170
136
-148
-200
318
-31
-129
65
-123
237
-133
-116
197
-108
30
44
-18
-29
43
-4
-8
50
-86
48
101
-167
-91
317
-155
-246
325
-14
-101
56
-49
95
-48
11
-12
-35
184
-259
44
295
-282
-212
426
178
-727
121
841
-568
-527
707
154
-477
-108
420
-16
-287
97
41
160
-235
-100
329
-139
-50
-76
141
250
-558
53
546
-318
-215
114
180
60
-409
102
332
-163
-129
5
116
66
-165
-159
251
224
-408
-69
494
-244
-339
355
0
-50
-134
41
378
-453
-20
438
-150
-243
77
285
-195
-185
359
-60
-326
271
159
-292
-22
283
-21
-373
199
247
-310
-33
175
163
-325
-197
654
-185
-578
422
262
-312
-279
437
141
-580
273
269
-277
-126
144
346
-379
-281
524
80
-464
-28
526
-191
-398
309
172
-226
-56
28
99
154
-297
-6
252
-81
-71
-116
98
232
-285
-128
354
-90
-195
196
-62
-27
88
-141
125
90
-222
-42
282
71
-433
11
499
-206
-338
252
103
-139
-44
182
26
-388
204
413
-524
-181
597
-81
-393
98
224
-58
-164
179
-5
-92
133
-134
-14
88
51
-20
-267
216
168
-350
141
231
-254
-130
187
170
-112
-224
176
193
-350
72
427
-470
-324
777
153
-972
34
997
-207
-799
279
584
-156
-418
65
358
-68
-230
73
33
144
45
-411
163
455
-381
-364
395
485
-433
-673
640
675
-725
-659
741
715
-764
-722
588
803
-408
-943
330
918
-143
-752
-56
668
317
-739
-563
970
733
-1105
-845
1210
847
-1312
-719
1263
751
-1200
-810
1269
585
-1086
-455
552
667
-291
-951
239
1038
-133
-1116
31
1289
-36
-1365
63
1258
150
-1369
-349
1623
116
-1399
-24
981
328
-738
-450
530
558
-271
-791
94
985
7
-917
-289
921
574
-1076
-617
1037
831
-1054
-1014
1068
983
-871
-1235
580
1472
-401
-1470
84
1424
198
-1347
-324
1130
592
-900
-901
690
1092
-638
-1309
628
1265
-464
-1223
282
1190
-130
-1081
-163
1088
399
-1172
-460
1180
446
-1051
-589
943
850
-1055
-943
1227
855
-1181
-732
1006
734
-826
-820
583
871
-282
-1075
122
1281
-242
-1243
165
1116
151
-1134
-283
1153
301
-935
-394
679
451
-542
-363
410
109
-157
84
-167
4
229
24
-63
-130
45
196
20
-135
-164
134
338
-63
-349
-119
473
330
-608
-377
676
577
-545
-752
455
750
-346
-710
94
675
73
-592
-126
408
152
-151
-216
-142
316
302
-380
-428
234
502
-95
-544
-84
486
341
-451
-559
551
644
-574
-542
444
521
-225
-645
69
638
-88
-519
48
376
15
-328
-42
223
-22
-60
45
-113
-75
118
170
-109
-302
163
301
-47
-227
-195
257
378
-216
-582
85
815
-71
-930
8
954
152
-957
-173
831
268
-564
-484
355
529
-146
-508
-135
532
347
-465
-450
306
529
-97
-607
-41
632
103
-574
-191
487
281
-357
-412
195
625
-112
-745
42
726
190
-705
-459
757
582
-716
-557
598
590
-406
-572
149
554
137
-631
-256
622
235
-529
-329
484
283
-521
-115
350
72
-146
-180
167
139
-278
30
276
-106
-255
142
184
-210
-77
104
149
46
-303
-33
351
81
-397
-179
504
207
-514
-173
449
146
-315
-155
207
272
-108
-353
60
421
28
-464
-173
433
300
-334
-426
169
573
-45
-716
0
722
50
-599
-206
443
297
-358
-329
200
263
14
-234
-240
208
327
-89
-500
18
692
-66
-575
-123
440
394
-467
-384
349
462
-125
-663
95
656
-86
-510
-57
453
195
-437
-246
341
286
-151
-301
18
387
81
-449
-84
460
102
-353
-112
247
121
-217
-146
163
112
-101
-59
89
32
-127
-31
185
42
-212
-58
168
23
-139
-19
-3
13
109
-42
-45
47
24
42
-77
-112
48
111
-15
-140
-31
87
-29
-31
53
-63
-34
47
1
0
-6
-5
-47
-18
77
8
-63
-11
93
-11
-109
147
24
-284
131
361
-199
-432
204
457
-265
-380
314
310
-227
-227
234
208
-251
-124
254
72
-173
-67
64
133
81
-122
-146
91
238
-85
-275
131
207
-110
-183
73
221
-93
-139
114
50
-59
7
32
-80
-82
128
127
-155
-179
131
209
-133
-218
135
161
-155
-171
129
118
-152
-100
103
113
-71
-115
33
84
57
-89
-100
169
164
-192
-252
150
272
-113
-289
-5
289
94
-308
-103
309
101
-213
-47
128
2
-24
70
-54
-88
200
149
-233
-88
233
11
-234
60
187
-159
-83
189
18
-200
-41
213
-2
-228
8
214
-4
-241
25
196
-64
-122
-13
30
118
28
-197
-96
234
139
-268
-164
263
155
-294
-218
287
178
-355
-137
333
91
-256
-92
215
130
-210
-149
162
125
-95
-133
35
146
30
-86
-56
62
104
-62
-164
15
189
-19
-233
67
225
-91
-147
143
195
-98
-132
147
113
-117
-91
103
116
-62
-64
78
28
-70
-27
-17
54
88
-90
-34
107
0
-79
-80
69
113
-98
-67
144
64
-201
-61
227
21
-211
-36
175
54
-205
-84
181
34
-187
13
158
-61
-160
-6
88
-56
-61
81
1
-19
74
-72
-95
101
18
-157
13
191
-57
-220
82
212
-113
-225
109
235
-90
-172
90
93
-24
-31
2
79
59
-4
-61
-15
91
29
-24
-8
60
116
-26
-72
49
75
8
-79
-7
39
-15
-8
-9
-14
-8
4
22
16
-33
0
51
-46
-40
65
-8
-68
47
67
-35
-25
43
14
-56
-17
45
-23
-50
38
58
-57
-97
41
56
-64
-72
53
87
-92
-65
139
20
-150
26
123
-35
-90
59
43
-120
0
100
-42
-63
24
8
-4
-19
-23
-48
-27
64
-12
-45
44
43
-49
-101
53
57
-105
-1
134
5
-124
-5
122
-1
-135
37
140
-17
-111
6
91
-30
-54
11
4
36
30
-43
-80
17
64
-57
-48
86
32
-73
-40
58
32
-98
-23
78
-4
-91
12
88
-56
-76
55
23
-43
-3
50
37
-58
10
63
-20
5
64
25
-73
37
94
-71
-35
94
11
-81
26
119
-40
-131
92
133
-112
-91
98
64
-49
-85
-4
73
-7
-79
-43
26
60
2
-86
-27
98
8
-145
-32
147
30
-138
-7
118
0
-103
-6
109
0
-103
8
73
15
-28
-4
43
47
17
-46
-20
98
38
-88
-49
107
65
-111
-47
116
57
-104
-41
75
20
-36
-60
-34
47
7
-60
-30
21
24
-41
-51
4
24
-11
-83
-10
108
-28
-145
50
155
-50
-120
69
110
-53
-53
47
11
-7
-5
-28
19
43
-10
-37
-15
19
30
-33
-53
28
38
-63
-81
46
56
-55
-44
39
42
-39
-63
8
32
-6
-39
-13
30
18
-32
-62
8
50
-12
-48
-3
41
13
-33
-47
26
62
-47
-56
60
45
-47
-25
33
34
14
-20
-31
33
61
-30
-54
59
78
-24
-13
86
63
-23
-5
56
35
9
23
32
14
0
0
0
0
0
0
0
0
0
0
0
0
0
0
0
0
0
0
0
0
0
0
0
0
0
0
0
0
0
0
0
0
0
0
0
0
0
0
0
0
0
0
0
0
0
0
0
0
0
0
0
0
0
0
0
0
0
0
0
0
0
0
0
0
0
0
0
0
0
0
0
0
0
0
0
0
0
0
0
0
0
0
0
0
0
0
0
0
0
0
0
0
0
0
0
0
0
0
0
0
0
0
0
0
0
0
0
0
0
0
0
0
0
0
0
0
0
0
0
0
0
0
0
0
0
0
0
0
0
0
0
0
0
0
0
0
0
0
0
0
0
0
0
0
0
0
0
0
0
0
0
0
0
0
0
0
0
0
0
0
0
0
0
0
0
0
0
0
0
0
0
0
0
0
0
0
0
0
0
0
0
0
0
0
0
0
0
0
0
0
0
0
0
0
0
0
0
0
0
0
0
0
0
0
0
0
0
0
0
0
0
0
0
0
0
0
0
0
0
0
0
0
0
0
0
0
0
0
0
0
0
0
0
0
0
0
0
0
0
0
0
0
0
0
0
0
0
0
0
0
0
0
0
0
0
0
0
0
0
0
0
0
0
0
0
0
0
0
0
0
0
0
0
0
0
0
0
0
0
0
0
0
0
0
0
0
0
0
0
0
0
0
0
0
0
0
0
0
0
0
0
0
0
0
0
0
0
0
0
0
0
0
0
0
0
0
0
0
0
0
0
0
0
0
0
0
0
0
0
0
0
0
0
0
0
0
0
0
0
0
0
0
0
0
0
0
0
0
0
0
0
0
0
0
0
0
0
0
0
0
0
0
0
0
0
0
0
0
0
0
0
0
0
0
0
0
0
0
0
0
0
0
0
0
0
0
0
0
0
0
0
0
0
0
0
0
0
0
0
0
0
