0
0
0
0
0
0
0
0
0
0
0
0
0
0
0
0
0
0
0
0
0
0
0
0
0
0
0
0
0
0
0
0
0
0
0
0
0
0
0
0
0
0
0
0
0
0
0
0
0
0
0
0
0
0
0
0
0
0
0
0
0
0
0
0
0
0
0
0
0
0
0
0
0
0
0
0
0
0
0
0
0
0
0
0
0
0
0
0
0
0
0
0
0
0
0
0
0
0
0
0
0
0
0
0
0
0
0
0
0
0
0
0
0
0
0
0
0
0
0
0
0
0
0
0
0
0
0
0
0
0
0
0
0
0
0
0
0
0
0
0
0
0
0
0
0
0
0
0
0
0
0
0
0
0
0
0
0
0
0
0
0
0
0
0
0
0
0
0
0
0
0
0
0
0
0
0
0
0
0
0
0
0
0
0
0
0
0
0
0
0
0
0
0
0
0
0
0
0
0
0
0
0
0
0
0
0
0
0
0
0
0
0
0
0
0
0
0
0
0
0
0
0
0
0
0
0
0
0
0
0
0
0
0
0
0
0
0
0
0
0
0
0
0
0
0
0
0
0
0
0
0
0
0
0
0
0
0
0
0
0
0
0
0
0
0
0
0
0
0
0
0
0
0
0
0
0
0
0
0
0
0
0
0
0
0
0
0
0
0
0
0
0
0
0
0
0
0
0
0
0
0
0
0
0
0
0
0
0
0
0
0
0
0
0
0
0
0
0
0
0
0
0
0
0
0
0
0
0
0
0
0
0
0
0
0
0
0
0
0
0
0
0
0
0
0
0
0
0
0
0
0
0
0
0
0
0
0
0
0
0
0
0
0
0
0
0
0
0
0
0
0
0
0
0
0
0
0
0
0
0
0
0
0
0
0
0
0
0
0
0
0
0
0
0
0
0
-86
-165
294
-117
-132
284
-109
-106
240
-165
-96
252
-221
-42
282
-285
-2
297
-298
26
313
-273
35
225
-282
93
144
-276
167
129
-290
178
173
-291
140
134
-248
139
54
-172
157
-13
-134
184
-15
-158
171
22
-173
112
44
-161
43
54
-137
39
25
-120
119
-48
-89
178
-115
-18
156
-147
30
108
-120
30
68
-112
29
52
-137
39
27
-86
26
0
18
-56
23
88
-185
93
103
-252
178
146
-222
190
180
-197
179
119
-176
136
6
-126
125
-63
-180
164
-68
-176
224
-25
-203
80
-24
-139
28
-38
45
-11
-146
179
0
-216
175
77
-200
96
113
-143
54
75
-68
31
28
15
-6
-66
40
31
-35
23
-23
42
26
-112
92
25
-142
113
29
-98
53
67
-75
24
176
-82
-52
177
-75
-138
191
-64
-212
208
-15
-231
169
56
-260
104
102
-205
109
59
-118
138
8
-33
117
55
31
27
91
-59
-52
121
-91
-31
72
-73
-19
17
-28
33
-2
-41
131
-83
-106
242
-150
-128
326
-179
-188
316
-193
-218
283
-91
-167
144
22
-145
-9
138
-169
-37
282
-233
-72
331
-264
-97
378
-167
-180
369
-36
-344
273
143
-383
189
277
-332
7
267
-185
-163
289
-92
-218
309
-147
-121
267
-230
-36
219
-237
-55
230
-179
-68
203
-98
-25
48
-5
25
-59
46
98
23
-95
235
108
-367
441
39
-457
493
-55
-385
337
35
-451
176
200
-594
256
259
-659
291
213
-545
179
306
-507
176
343
-567
312
228
-489
306
133
-333
305
28
-242
336
-193
-88
385
-373
125
298
-415
156
220
-327
33
268
-345
-69
315
-436
42
433
-553
104
502
-662
143
532
-654
238
419
-569
238
421
-555
231
508
-662
309
397
-630
247
248
-460
232
154
-397
246
67
-380
263
214
-506
222
461
-790
241
640
-995
360
629
-1055
551
415
-1030
744
114
-866
844
-68
-666
729
-92
-459
571
-89
-337
336
-53
-194
146
66
-165
3
128
-167
-54
170
-126
-152
212
-132
-190
214
-58
-126
133
86
-235
60
191
-290
49
237
-156
-148
289
47
-338
298
131
-312
139
47
-78
44
-23
21
24
-4
-43
28
124
-62
-145
287
-97
-255
283
-132
-113
85
-58
66
-4
-50
190
5
-112
209
-98
3
137
-183
199
27
-320
300
4
-355
306
23
-174
-24
105
86
-368
101
439
-536
-118
756
-741
-119
803
-712
39
532
-520
90
307
-292
25
262
-155
-100
291
-229
-28
184
-153
104
-52
155
-143
-152
489
-520
-43
626
-671
58
390
-511
256
52
-295
360
-196
-99
304
-271
99
76
-286
268
-13
-238
294
152
-257
33
328
-153
-239
350
119
-329
196
214
-292
79
244
-251
192
147
-467
495
-212
-424
697
-593
31
372
-686
380
-20
-473
557
-143
-334
612
-321
-261
672
-474
-117
623
-487
-45
497
-480
-74
624
-740
155
610
-969
435
315
-729
395
196
-437
242
146
-351
155
274
-463
128
520
-768
195
635
-929
330
520
-853
509
180
-542
511
-166
-41
103
-65
262
-395
208
387
-614
268
375
-486
122
213
-98
-153
25
286
-230
-271
336
-68
-443
225
148
-307
54
73
-165
211
-2
-308
578
-143
-486
690
-79
-349
258
345
-243
-325
677
-319
-506
796
-319
-501
819
-226
-576
853
-248
-543
864
-394
-358
582
-338
-214
395
-345
66
391
-621
380
222
-622
362
89
-269
239
-144
213
88
-292
411
-3
-83
80
7
98
-162
-146
426
-115
-485
530
-76
-516
369
86
-355
64
268
-445
-87
498
-658
132
533
-645
68
278
-96
-413
433
256
-857
728
204
-937
684
332
-869
306
531
-684
-183
722
-422
-190
689
-442
-28
440
-485
107
365
-588
233
426
-658
326
332
-566
295
186
-379
244
23
-255
351
-242
-265
563
-422
-210
693
-395
-231
537
-251
-354
583
-207
-282
517
-218
-165
336
-76
-448
473
102
-681
460
121
-428
310
-63
30
56
-222
301
-256
148
163
-459
587
-168
-599
705
151
-765
309
545
-719
-86
774
-475
-177
515
-394
24
126
-102
-204
145
417
-821
104
832
-1004
-236
1285
-814
-348
1138
-658
-54
455
-82
-164
53
482
-847
310
725
-1252
706
470
-1041
837
-60
-496
592
-477
73
277
-654
353
17
-443
491
-188
-126
346
56
-346
162
609
-990
236
744
-773
-13
417
177
-584
336
212
-697
677
-399
-348
861
-728
-371
797
-289
-563
469
528
-726
-35
812
-682
-299
933
-824
-72
1113
-1535
557
1199
-1614
515
912
-1026
-103
734
-338
-341
314
-41
144
-279
-189
832
-878
163
1036
-954
440
157
-389
116
-300
557
-369
-285
1317
-1283
-7
1507
-1827
534
1001
-1156
431
-83
158
452
-1112
1013
573
-1678
733
1005
-1154
9
799
-370
-368
77
454
-249
-438
323
559
-754
158
843
-1194
536
55
-736
876
-316
-485
569
-76
-324
29
-53
426
-706
-145
1282
-1238
-118
1071
-920
240
247
-21
320
-380
61
254
-320
-171
514
-468
6
669
-951
710
123
-1244
1150
-205
-713
761
11
-352
-70
436
-30
-594
588
-120
-582
1085
-617
-181
1364
-1532
198
1195
-1345
283
703
-330
-199
32
538
-335
-520
793
-314
-390
582
-198
-156
609
-520
-197
1027
-1128
-330
1026
-820
-430
1038
-532
-222
464
-645
823
-747
-315
1610
-1568
342
1339
-1628
685
458
-772
850
-614
357
126
-983
1386
-768
-662
1487
-617
-689
1295
-253
-1189
1030
-125
-968
1227
-296
-770
792
-563
-361
530
32
-146
277
137
-28
-126
341
22
-417
827
-322
-568
780
-144
-499
655
189
-189
-3
-240
822
-892
-350
1554
-1088
-232
1069
-539
-595
581
49
-608
260
147
-56
-344
382
300
-857
163
370
-297
145
250
40
407
-1006
73
1324
-1602
318
1454
-884
-489
873
230
-1105
603
78
-426
359
-436
303
-260
-379
307
-263
67
-2
256
-498
-65
769
-1025
667
633
-1056
577
-9
-278
394
-90
195
331
-327
-156
807
-180
-429
307
269
-84
-663
1180
295
-1556
1039
312
-1411
600
515
-1224
35
1023
-965
-168
1087
-922
-77
832
-553
218
203
-447
291
5
386
-63
-532
1289
-461
-934
1460
-293
-1064
1192
810
-901
334
66
-915
360
-345
85
427
-668
-92
-415
9
-20
-797
561
212
-730
153
785
-630
-650
968
-401
-455
731
-162
-413
532
96
-166
270
46
-72
-169
194
517
-317
-268
750
-621
-104
613
-405
353
-13
-501
294
407
-604
-131
1002
-480
-712
611
335
-426
-408
881
72
-1227
836
601
-870
326
306
-179
135
62
139
203
7
-522
221
456
-1091
371
758
-1144
379
318
-920
193
51
-357
-51
175
54
-417
71
254
-450
-330
545
193
-503
515
471
-828
-202
922
-84
-711
976
700
-1114
188
1139
-1015
-342
1291
-793
-317
637
-1260
45
558
-1015
614
553
-869
273
188
-241
-84
-35
660
-223
-279
997
-226
-607
1037
414
-336
878
593
-250
97
422
587
-81
-39
766
-300
-197
968
54
258
554
-535
245
261
-546
743
541
-645
-90
-503
-1356
-530
-169
-532
-95
-299
-1205
-1075
-122
-521
-997
864
236
-1238
525
290
-1053
-145
432
-207
-57
292
96
-74
-429
-102
60
-217
-159
142
96
-182
10
-299
-443
-59
134
-253
266
600
-789
116
522
-564
347
454
98
482
400
115
245
679
377
67
700
659
88
504
613
708
1027
81
697
1686
-66
280
2056
683
53
1447
944
612
1172
569
1208
1168
34
889
970
253
180
422
801
-162
-173
651
-662
-990
-170
-1002
-1216
-573
-1081
-1502
-1290
-1355
-1834
-1672
-1079
-1595
-1572
-1249
-1627
-1733
-1741
-1315
-1344
-1321
-1106
-1262
-850
-1120
-1256
-172
-557
-1335
132
119
-776
-20
283
109
-833
-127
600
-852
34
669
-772
-550
-66
-1108
-970
104
-186
-1013
-366
207
-1243
-562
445
-1027
-975
-349
-251
88
783
1516
1478
1548
1574
1991
2997
3530
3745
4129
4676
4021
3792
4704
4250
4191
4465
4002
4102
3518
2417
2239
1647
804
842
174
-77
-382
-2164
-1830
-1713
-3411
-2737
-2513
-3920
-3491
-3473
-4108
-3628
-3720
-3663
-3205
-2945
-2515
-2416
-2103
-1777
-1752
-934
40
213
806
1339
1073
1283
1582
2114
2511
2323
3132
2973
1700
1973
1604
573
1105
1345
890
545
13
-720
-1758
-1736
-1195
-1781
-1804
-1569
-2446
-2990
-3214
-3247
-2899
-3189
-2601
-1657
-2468
-3211
-2960
-2754
-2883
-2025
-755
-961
-1328
-1475
-1697
-1438
-983
-364
6
133
-14
-771
-524
-363
-1073
115
774
456
565
-297
-153
-639
-1279
899
1721
1321
2949
2824
1337
2088
2394
3642
5566
5733
6694
6816
5219
4640
5782
5966
5865
7225
6750
5056
4082
3370
2122
1067
1782
1985
938
294
-700
-2467
-3532
-3361
-2708
-2509
-2651
-2994
-4162
-5075
-5612
-5684
-4299
-3762
-4254
-3153
-2929
-4583
-4530
-3526
-2945
-2035
-809
-66
-503
-914
-1039
-365
903
1766
2793
3413
3506
2598
1800
2659
2873
2805
4073
4326
3042
2266
1141
-136
90
230
-104
171
-649
-2580
-3092
-3322
-4122
-3577
-2752
-3057
-3180
-3332
-4184
-4326
-3749
-2987
-2473
-1845
-1079
-1990
-2284
-1516
-1655
-905
361
396
100
386
-377
-1261
-363
-242
-756
148
204
-1426
-1689
-648
-707
-1000
86
492
-875
-1152
-1373
-2353
-1237
192
1030
2087
2613
2737
1813
2350
4581
5619
6822
7655
7116
6152
6005
7075
7377
7189
7202
6839
5739
4243
4056
3740
2269
1743
2021
1774
434
-880
-1444
-2368
-2920
-2248
-1980
-3223
-4570
-5188
-5585
-5656
-5364
-4730
-4990
-5728
-5249
-4936
-4761
-4561
-4527
-3574
-2587
-2003
-1360
-1088
-1594
-1203
169
464
1293
2729
2693
2895
3640
3542
3689
3534
3729
5065
4771
4374
4314
2396
1304
1831
2230
1881
743
-327
-1271
-2422
-3288
-2954
-2928
-4191
-4418
-4171
-4321
-4355
-4895
-4818
-3827
-3535
-3214
-2322
-2671
-3103
-2263
-1131
77
-34
-407
-3
-438
252
1268
615
365
-220
-1276
-1054
-603
-851
-1118
-1210
-1306
-1434
-1356
-627
-665
-1384
-1055
-1278
-2136
-1576
-700
337
2041
2631
2737
2434
2141
3895
5864
7182
8038
7430
5834
5437
6816
7643
7758
7578
6980
6026
4645
4295
4348
3076
2033
2408
2194
566
-868
-1632
-2280
-2521
-1815
-1557
-3237
-5182
-5708
-5490
-5248
-4724
-4544
-5519
-6431
-6313
-5462
-4857
-4582
-4166
-3761
-3163
-2825
-2219
-1770
-1708
-789
-230
420
1195
876
1116
2400
3405
3923
4222
3980
3710
3963
4440
5243
5649
4368
2784
2726
2793
2422
2453
1953
426
-1111
-1969
-2227
-2668
-3382
-3607
-3910
-4348
-4864
-5651
-5708
-5435
-4884
-4133
-4045
-4417
-5028
-4699
-3707
-2504
-810
-840
-1451
-953
-1044
-743
325
900
826
193
-54
-184
-444
-393
-21
909
989
541
375
-880
-1697
-1292
-397
951
1290
1299
1330
1011
1896
3258
4336
5475
5827
5293
5080
5538
5935
6684
7634
7468
6532
5827
5324
4645
4234
4328
3935
2537
1342
979
256
-228
-111
-281
-887
-2157
-2666
-3005
-3960
-4017
-3871
-4101
-4853
-5551
-5312
-5081
-5192
-4638
-3714
-4224
-4944
-4093
-3408
-3205
-2211
-1318
-1397
-1567
-1251
-530
32
495
1737
1883
1102
1658
2141
2287
2985
4000
4255
3763
3883
3856
3605
3508
3691
4074
3560
2454
1196
59
-473
-740
-841
-927
-2155
-3919
-4334
-4270
-4405
-3820
-3583
-4433
-4805
-4671
-4976
-4823
-3953
-3502
-3480
-3060
-2551
-2779
-2827
-1647
-619
-616
-513
-372
-929
-1200
-492
46
-217
-539
-628
-710
-578
-83
141
-268
-780
-1019
-909
-434
431
1536
2382
2756
2934
3128
3912
5487
6703
7585
7662
6830
6905
7197
7859
8809
8047
6675
5979
5534
4853
4479
4442
3085
1435
991
410
-315
-1137
-1938
-1892
-2671
-3222
-2846
-3876
-4611
-4428
-4651
-4719
-4729
-5055
-5387
-5481
-5285
-4611
-4279
-4747
-4763
-4144
-3779
-3218
-2172
-2000
-2579
-2140
-1044
-593
51
874
1004
1126
1489
2029
2386
2462
3046
4020
4059
3486
3391
2922
3048
3802
4097
3788
1786
406
590
501
710
714
-664
-2441
-3235
-3040
-2537
-2353
-2522
-2998
-3529
-3755
-3921
-3928
-3760
-3535
-3196
-2414
-2199
-2885
-2420
-1755
-1672
-783
-173
-663
-1356
-1319
-972
-1004
-640
-342
-702
-888
-527
-123
-249
-148
146
-207
-607
-833
-1104
-1286
-534
1185
2296
2649
2414
1678
1773
3613
6444
7799
7080
5795
4812
5214
7030
8694
8543
6799
5430
4866
5002
5446
5156
3884
2151
1315
1227
843
-38
-1228
-1622
-1761
-2111
-1996
-2998
-4525
-4442
-3963
-3994
-4383
-4955
-5492
-5941
-5371
-4313
-4195
-4902
-5356
-4946
-4210
-3300
-2573
-2692
-3182
-2946
-2090
-1370
-740
-325
44
556
1363
2017
1690
1385
1892
3416
5084
5497
4902
3435
2610
3725
5316
6056
4571
1846
875
1098
1445
1721
682
-1463
-2991
-2879
-2218
-2206
-2866
-4095
-4975
-4851
-3990
-3424
-3997
-4649
-4575
-4174
-3705
-3352
-3097
-2909
-2641
-1754
-999
-1416
-1870
-1528
-980
-349
165
5
-737
-1082
-495
249
779
1056
652
39
-150
-274
-391
-246
180
1349
2945
3705
3323
2422
2069
3724
6812
8517
7863
5767
4489
5358
7220
9112
8602
5892
4397
4329
5201
5908
5299
3417
957
512
1313
1300
790
-604
-1971
-2575
-2559
-2122
-2704
-3888
-4208
-4136
-4496
-4906
-5036
-5298
-5588
-5136
-4193
-4248
-5349
-5895
-5422
-4571
-3387
-2561
-3082
-3832
-3505
-2552
-1654
-833
-343
-77
573
1537
2089
1990
1840
2361
3975
5286
5760
5244
3284
2541
3759
5681
6282
4019
1449
512
1130
1807
1516
460
-1649
-3392
-3133
-1905
-1882
-2972
-4013
-4946
-4978
-3774
-3161
-4031
-4679
-4458
-4122
-3618
-3137
-2817
-3089
-2950
-1446
-1176
-1699
-1490
-1478
-907
-318
-103
-298
-1386
-1433
-608
239
1161
1138
333
-493
-390
88
-53
86
652
1328
2566
3843
3564
1990
1763
4151
6753
7990
7686
5518
4075
4825
7236
9291
8170
6071
4753
4051
4845
5904
5725
3309
615
608
1566
1745
719
-1226
-2632
-2782
-1945
-1698
-2854
-4250
-4973
-5253
-5070
-4620
-4832
-5754
-6053
-5208
-4453
-4533
-5245
-5546
-5277
-4252
-2713
-2366
-2933
-3659
-3080
-1740
-945
197
449
-1
551
2002
2792
2495
2267
2769
3840
4823
5686
5182
3583
2608
3474
5491
5280
3565
1773
244
184
777
1130
-110
-2480
-3279
-3111
-2997
-2304
-2631
-4553
-5414
-4571
-3483
-3349
-3840
-3924
-4444
-4423
-3052
-2300
-2657
-3154
-2429
-1682
-1653
-1227
-1247
-1299
-895
-121
213
-659
-1042
-1183
-879
561
1243
792
-446
-1131
-528
-108
721
1478
1364
1934
2980
3723
3611
3136
4579
6557
7385
7962
7378
6201
5940
7234
8865
8250
7110
6463
5148
4319
4770
5151
3699
1365
557
876
741
-25
-1755
-3510
-4026
-3408
-2508
-3340
-4751
-5451
-6275
-6263
-5583
-4768
-4995
-6370
-6100
-5091
-4748
-4525
-4536
-4279
-3950
-3061
-1717
-1580
-2188
-2458
-1986
-754
723
1631
1351
783
1371
2655
3096
3068
3408
3846
4246
4583
4782
3988
2832
3092
4108
4399
3162
1647
616
-231
233
272
-707
-1321
-2580
-3225
-2856
-2630
-2719
-3801
-4320
-3891
-3795
-3746
-3772
-3806
-3879
-3805
-3039
-2302
-2306
-2592
-2504
-1927
-1544
-1594
-1401
-1285
-1402
-1124
-938
-1100
-1096
-859
-521
-301
-208
-228
-632
-1008
-843
-319
295
741
1440
2720
3543
3435
3243
3772
5320
7044
7732
7448
6764
6293
6807
7816
8098
7670
7057
6232
5282
4703
4680
4283
2949
1734
1168
864
424
-1015
-2856
-3519
-3295
-2915
-2987
-4074
-5203
-5749
-5955
-5532
-4788
-4583
-5309
-6051
-5530
-4574
-4335
-4472
-4496
-3966
-3164
-2539
-1772
-1579
-1874
-1447
-722
144
1139
1647
1682
1416
1733
2782
2789
2450
3366
4283
4744
4316
3418
2885
2381
3381
4282
3340
1920
714
158
-246
-241
-126
-964
-2312
-3071
-3074
-3101
-3150
-3414
-3989
-4136
-3710
-3725
-3918
-4003
-4014
-3368
-3012
-2570
-2221
-2338
-2247
-2166
-1422
-1049
-1329
-1246
-1193
-1048
-803
-534
-608
-1013
-794
-101
140
55
-40
-294
-833
-1297
-575
633
1267
2209
3222
3301
2896
2832
4054
6169
7503
8150
7460
5935
5859
6789
8005
8138
7211
6569
5438
4348
3819
3854
3796
2086
543
429
287
-118
-1583
-3389
-3664
-3367
-2681
-2822
-4402
-5438
-6116
-6092
-5174
-4259
-4001
-5096
-5913
-5142
-4000
-3603
-3735
-3703
-3284
-2587
-1679
-1045
-1221
-1508
-1151
-372
502
1334
1790
1487
1054
1516
2468
2910
2945
3365
4176
4366
3767
3116
2488
2374
3255
3723
2778
1316
173
-558
-920
-756
-402
-1009
-2526
-3462
-3380
-3064
-2981
-3090
-3346
-3667
-3647
-3398
-3414
-3505
-3434
-3199
-2759
-2096
-1572
-1610
-2035
-2007
-1329
-756
-535
-844
-993
-1016
-1039
-420
-444
-738
-662
-271
235
-55
-120
-400
-1113
-869
251
1407
1812
2134
2753
2899
2781
3497
5011
6209
6694
6692
6296
5650
5592
6312
6667
6234
5844
5712
4887
3379
2563
2728
2546
1511
604
233
-317
-1398
-2563
-3316
-3312
-2685
-2264
-2860
-4070
-4781
-4879
-4643
-4005
-3181
-3015
-3765
-4411
-3978
-3083
-2730
-2544
-2474
-2201
-1832
-1510
-837
-861
-981
-906
-625
385
1146
1795
1797
1219
1136
1435
2090
2668
3164
3556
3404
2830
2291
2119
2251
2635
2690
2117
1251
179
-854
-1582
-1482
-904
-1057
-2008
-3037
-3455
-3446
-3327
-3123
-2918
-2944
-3351
-3411
-3112
-2736
-2399
-2330
-1880
-1148
-757
-806
-1080
-1063
-778
-325
91
121
-23
-196
-388
-555
-463
-9
305
167
-16
-28
-112
-318
-586
-591
-289
359
1267
1846
2153
2091
1946
2058
2711
4152
5174
5424
5240
4672
4240
4324
4753
5168
5258
4932
4455
3456
2174
1507
1555
1770
1634
1300
510
-712
-1807
-2326
-2226
-1857
-1337
-1316
-1996
-2843
-3362
-3267
-2849
-2426
-2127
-2196
-2586
-2685
-2684
-2804
-2877
-2641
-1981
-1716
-1658
-1556
-1674
-1783
-1935
-1712
-912
-123
323
367
157
14
6
535
1512
2214
2488
2146
1780
1651
1681
2117
2485
2711
2354
1473
672
-42
-455
-524
-358
-484
-1092
-1665
-2070
-2513
-2697
-2379
-1925
-1703
-2096
-2503
-2344
-2028
-1830
-1684
-1287
-833
-567
-491
-548
-584
-574
-428
-172
15
155
219
-43
-523
-989
-1002
-571
-409
-298
-240
-423
-609
-799
-691
-679
-850
-873
-967
-453
541
1232
1523
1174
807
897
1422
2668
4039
4632
4282
3372
2631
2813
3874
5005
5409
4766
3698
2961
2609
2659
3055
3210
2795
1989
1212
802
472
85
-117
-285
-590
-754
-820
-1102
-1663
-2299
-2550
-2495
-2368
-2365
-2484
-2856
-3460
-3701
-3792
-3528
-3038
-2665
-2449
-2676
-2705
-2704
-2538
-1990
-1569
-1214
-832
-260
69
194
287
342
472
629
1327
2214
2708
2835
2558
2045
1790
2009
2334
2423
2056
1483
946
346
-38
-181
-443
-679
-661
-585
-705
-1219
-1956
-2479
-2507
-2125
-1590
-1063
-1094
-1689
-2252
-2514
-2222
-1617
-990
-529
-670
-1095
-1357
-1388
-1217
-967
-441
75
106
-123
-515
-840
-876
-546
93
495
639
508
73
-247
-376
-448
-532
-208
738
1587
1693
1326
716
149
469
1633
3005
3816
3680
3021
2273
1995
2544
3569
4309
4467
4112
3467
2695
2070
2158
2522
2774
2750
2178
1351
444
31
6
-148
-218
-573
-1002
-1227
-1496
-1666
-2212
-2770
-2734
-2635
-2423
-2266
-2410
-2694
-3145
-3235
-2887
-2476
-1959
-1585
-1595
-1890
-2023
-1724
-1452
-1244
-834
-447
-136
76
240
412
447
673
1051
1495
2069
2389
2448
2134
1669
1399
1247
1347
1374
1216
980
532
123
-191
-379
-453
-487
-405
-580
-1119
-1597
-1854
-1877
-1756
-1551
-1442
-1688
-2024
-2190
-2189
-2010
-1691
-1351
-1202
-1373
-1426
-1157
-946
-628
-303
-89
102
-5
-161
-386
-504
-319
-110
97
48
41
159
190
247
30
-294
-547
-525
31
601
981
1061
685
315
345
871
1697
2507
3047
3235
3147
2884
2726
2861
3247
3711
4022
4004
3647
3066
2460
2089
2081
2281
2287
1994
1460
847
289
-88
-271
-563
-916
-1308
-1491
-1635
-1903
-2056
-2437
-2658
-2709
-2616
-2237
-2125
-2188
-2298
-2338
-2316
-2199
-1829
-1416
-1193
-1204
-1268
-1377
-1369
-1148
-666
-105
177
304
302
356
541
739
982
1235
1570
1863
1954
1819
1448
1048
890
982
1150
1189
1060
833
387
-126
-426
-719
-986
-1047
-1090
-1258
-1570
-1889
-2081
-2190
-2170
-2066
-2080
-2111
-2045
-1873
-1605
-1538
-1530
-1435
-1378
-1100
-629
-173
3
-20
-92
-233
-184
-41
195
342
325
349
126
-128
-170
-26
345
569
487
57
-634
-971
-713
-100
689
1201
1220
1010
768
934
1387
1848
2573
3120
3390
3433
3179
3062
2931
2901
3175
3411
3441
3209
2789
2247
1757
1417
1192
1089
1000
845
484
-76
-713
-1237
-1432
-1412
-1322
-1330
-1507
-1834
-2101
-2195
-2243
-2025
-1935
-1908
-1598
-1544
-1541
-1494
-1361
-1064
-956
-766
-647
-800
-930
-887
-597
-359
-180
-8
70
180
227
337
488
572
812
1163
1416
1430
1201
910
684
637
803
828
629
325
-29
-208
-316
-385
-583
-1064
-1397
-1619
-1742
-1713
-1732
-1760
-1981
-2192
-2198
-2275
-2237
-1994
-1643
-1298
-1099
-1012
-1031
-1003
-706
-262
114
326
236
43
8
143
217
120
93
-52
-140
59
225
268
175
146
188
99
-152
-526
-920
-1006
-488
424
1298
1537
1209
763
521
988
1996
3046
3629
3586
3308
3042
2998
3284
3638
3660
3325
2880
2492
2265
2170
2096
1829
1235
542
60
-236
-375
-366
-502
-935
-1467
-1965
-2261
-2258
-2153
-1878
-1644
-1673
-1664
-1767
-1848
-1674
-1492
-1167
-851
-659
-466
-379
-275
-277
-352
-308
-345
-354
-222
-132
-116
-52
58
102
118
104
95
167
302
524
783
967
987
833
627
448
322
363
491
431
93
-367
-764
-1022
-1088
-1058
-1124
-1324
-1540
-1701
-1798
-1858
-1932
-1952
-1967
-1883
-1701
-1510
-1304
-1236
-1138
-1093
-1067
-972
-876
-525
-75
346
456
236
60
-69
46
292
468
368
11
-33
189
414
514
389
-22
-621
-949
-1122
-1244
-1094
-610
377
1411
1994
2018
1478
1031
1388
2599
3987
4706
4561
3949
3413
3397
3853
4170
3924
3276
2595
2039
1657
1433
1109
533
-111
-673
-1226
-1795
-2204
-2344
-2335
-2309
-2321
-2427
-2511
-2392
-2090
-1739
-1553
-1404
-1046
-538
105
507
401
83
-199
-40
558
1087
1297
1041
516
57
-241
-315
-273
-295
-415
-522
-535
-473
-422
-444
-531
-700
-820
-674
-295
111
446
535
273
-125
-390
-368
-252
-119
-35
-278
-592
-693
-643
-590
-697
-925
-1167
-1288
-1208
-1049
-1125
-1585
-2096
-2319
-2241
-1869
-1296
-869
-747
-810
-953
-952
-683
-195
386
771
840
653
447
317
241
243
93
-185
-367
-301
63
410
339
-346
-1420
-2301
-2490
-1768
-246
1477
2640
2966
2734
2387
2349
2926
3928
4822
5154
4994
4717
4507
4416
4166
3551
2594
1540
812
503
426
194
-384
-1129
-1779
-2209
-2421
-2587
-2927
-3240
-3475
-3452
-2969
-2368
-1642
-997
-623
-245
49
395
815
1124
1369
1432
1424
1420
1419
1498
1480
1238
788
191
-326
-654
-885
-1080
-1373
-1637
-1873
-2104
-2145
-2304
-2367
-2258
-1998
-1277
-640
-149
133
191
489
686
921
1014
833
810
711
813
838
621
445
42
-415
-833
-997
-1102
-1380
-1463
-1538
-1709
-1889
-2013
-2144
-2365
-2386
-2151
-1842
-1555
-1137
-682
-359
44
466
842
892
775
802
663
596
560
472
361
76
-30
34
128
46
-385
-1138
-2234
-3100
-3194
-2252
-571
1281
2896
3651
3819
3727
3897
4538
5096
5554
5440
5021
4702
4655
4818
4491
3759
2497
1003
-405
-1421
-1846
-2103
-2367
-2766
-2971
-3064
-3046
-3006
-3218
-3598
-3908
-3600
-2835
-1735
-498
581
1298
1677
2130
2427
2650
2707
2586
2461
2103
1999
2008
1875
1645
1018
331
-583
-1718
-2632
-3503
-4061
-4201
-3916
-3245
-2818
-2717
-2907
-3461
-3639
-3120
-2067
-688
261
1012
1665
2279
3349
3980
3999
3354
2225
1560
1141
1106
1095
577
4
-758
-1382
-1769
-2221
-2688
-3359
-3807
-3863
-3608
-2938
-2234
-1761
-1566
-1516
-1348
-1040
-623
-13
472
837
1187
1489
1951
2267
2448
2298
1719
1143
427
-28
-359
-781
-860
-928
-819
-857
-1453
-2332
-3658
-4579
-4423
-3252
-1215
984
2912
4241
4792
5084
5572
5988
6353
6313
5794
5359
5006
5256
5417
4873
3960
2419
886
-632
-1940
-2739
-3732
-4296
-4335
-4188
-3690
-3385
-3242
-3329
-3611
-3455
-3023
-2470
-1720
-768
424
1680
2880
3940
4591
4741
4537
3996
3173
2285
1620
1258
989
736
467
14
-742
-1762
-2943
-4196
-5264
-5714
-5454
-4748
-3854
-3111
-2667
-2396
-2234
-2098
-2007
-1950
-1564
-665
636
2150
3539
4613
5289
5501
5340
4713
3507
2036
601
-615
-1481
-2002
-2260
-2485
-2692
-2936
-3476
-4124
-4455
-4512
-4335
-3749
-2858
-1800
-873
128
1068
1579
1903
1857
1789
1532
1176
1296
1316
1411
1732
2160
2476
2214
1450
222
-1095
-2068
-2582
-2770
-2917
-3146
-3387
-3522
-3596
-3584
-3335
-2774
-1925
-678
1093
3138
4996
6420
7425
8171
8670
8820
8316
7137
5673
4447
3725
3126
2507
1935
1335
459
-622
-1873
-3173
-4587
-5701
-6297
-6479
-5967
-5105
-4102
-3208
-2321
-1351
-705
-377
-148
222
841
1680
2827
4062
5281
6093
6362
6047
5135
4004
2523
1154
-169
-1305
-2193
-2884
-3255
-3693
-4170
-4638
-5011
-5297
-5390
-5271
-4733
-4111
-3513
-2741
-2028
-1354
-816
-195
536
1123
1959
2991
3938
4685
5085
5340
5361
5040
4251
2941
1258
-528
-2182
-3500
-4301
-4751
-4900
-4997
-4970
-4671
-4266
-3669
-3183
-2715
-2062
-1225
-110
841
1546
2042
2360
2704
2836
2794
2502
2006
1639
1417
1524
1603
1427
1018
420
-139
-822
-1630
-2506
-3506
-4323
-4706
-4868
-4692
-4446
-3917
-3343
-2892
-2136
-1270
-129
1336
3155
5147
6834
8004
9086
9604
9692
9356
8223
6913
5435
4396
3533
2385
1531
732
-164
-1092
-2070
-3085
-4297
-5550
-6419
-6828
-6671
-5966
-5238
-4502
-3463
-2197
-987
-71
656
1360
2066
2862
3795
4679
5349
5733
5783
5478
4879
4128
3107
1731
280
-971
-2032
-2977
-3794
-4512
-5104
-5517
-5734
-5766
-5552
-5128
-4586
-4001
-3422
-2784
-2212
-1580
-996
-377
287
685
1380
2274
3430
4625
5199
5563
5587
5367
4756
3457
1877
142
-1423
-2660
-3678
-4515
-5155
-5533
-5550
-5154
-4492
-3782
-3223
-2672
-1911
-879
356
1575
2447
2928
3281
3501
3429
3044
2556
2036
1367
798
600
521
452
368
40
-270
-705
-1320
-2104
-3263
-4075
-4676
-5195
-5143
-5082
-4785
-4189
-3515
-2592
-1824
-766
497
1589
3092
4943
6614
8062
8727
9133
9496
9443
9372
8419
7154
6067
4576
3159
1520
75
-990
-2345
-3313
-4160
-4829
-4998
-5458
-5806
-5996
-5903
-5292
-5031
-4625
-3862
-2911
-1496
-183
1263
2794
4053
5207
5873
6380
6665
6330
5662
4619
3640
2663
1552
411
-730
-1625
-2506
-3334
-4162
-4892
-5555
-6095
-6380
-6297
-5896
-5149
-4267
-3436
-2415
-1469
-535
-4
472
954
998
1119
1280
1709
2473
3094
3758
4207
4416
4580
4227
3534
2506
1171
-412
-2340
-3848
-4802
-5533
-5955
-6016
-5582
-4836
-3926
-2853
-1719
-558
507
1359
2020
2635
3175
3544
3676
3492
3245
2851
2229
1491
564
-288
-1091
-1777
-2203
-2462
-2551
-2622
-2499
-2283
-2265
-2378
-2620
-2964
-3274
-3450
-3543
-3471
-3030
-2231
-1401
-459
704
1935
3258
4620
6091
7227
7934
8288
8221
8184
8020
7691
6740
5126
3823
2682
1460
144
-1122
-2116
-3105
-3868
-4204
-4487
-4739
-5080
-5511
-5539
-5064
-4187
-3531
-3251
-2658
-1732
-570
602
1726
2957
3945
4732
5534
6165
6472
6300
5641
4740
3763
2721
1484
-5
-1353
-2386
-3257
-3923
-4413
-4582
-4588
-4692
-4624
-4444
-4092
-3690
-3389
-2836
-2286
-1791
-1204
-663
13
661
1035
1170
1048
1112
1374
1411
1485
1604
1802
2047
2125
2199
1944
1410
804
-25
-847
-1626
-2437
-3196
-3801
-3875
-3366
-2775
-2054
-1148
-166
841
1666
2509
3046
3194
3189
2828
2347
1881
1355
644
-163
-876
-1490
-2040
-2506
-2869
-3217
-3359
-3445
-3430
-3164
-2830
-2456
-2244
-2011
-1740
-1575
-1328
-1028
-739
-459
-74
426
915
1440
2045
2592
3145
3981
5004
5876
6424
6697
6738
6702
6689
6388
5515
4272
2944
1589
444
-494
-1380
-2305
-3081
-3474
-3699
-3679
-3681
-3832
-3976
-4044
-3773
-3462
-3076
-2675
-2249
-1557
-796
67
890
1657
2442
3226
3983
4551
4766
4707
4484
3915
3165
2222
1126
-25
-1108
-1723
-2134
-2453
-2579
-2578
-2465
-2360
-2169
-2039
-2174
-2440
-2603
-2564
-2428
-2216
-2016
-1717
-1195
-571
11
232
260
240
218
280
153
79
22
55
430
742
1127
1347
1250
1017
466
130
-331
-970
-1355
-1637
-1522
-1261
-868
-396
-10
609
1348
1903
2340
2418
2327
2072
1565
1181
583
-107
-828
-1583
-1845
-2000
-2206
-2366
-2690
-2808
-2805
-2621
-2200
-2042
-1925
-1644
-1359
-947
-604
-506
-487
-441
-118
299
425
562
638
636
829
1101
1550
1887
2221
2949
3681
4349
4829
5088
5281
5214
5137
4691
3808
2963
2041
1142
141
-653
-1245
-1895
-2347
-2477
-2501
-2551
-2642
-2766
-2841
-2764
-2527
-2434
-2499
-2380
-1946
-1477
-897
-160
525
1233
1930
2738
3425
3719
3863
3669
3187
2607
1832
1012
144
-664
-1155
-1513
-1660
-1606
-1575
-1423
-1439
-1514
-1565
-1825
-2052
-2301
-2403
-2476
-2534
-2300
-1987
-1579
-1092
-510
-59
165
454
691
737
685
662
633
610
733
928
942
942
1025
961
838
578
172
-350
-877
-1154
-1429
-1573
-1456
-1268
-880
-426
136
664
967
1360
1557
1459
1343
1079
623
58
-419
-790
-1214
-1423
-1386
-1486
-1509
-1369
-1250
-1103
-978
-791
-711
-732
-622
-707
-895
-1070
-1194
-1170
-1167
-950
-761
-639
-323
-81
201
372
519
726
858
1376
2095
2721
3367
4007
4778
5517
5949
6138
5757
4961
4224
3234
2157
1002
-198
-1162
-2113
-2608
-2781
-3005
-3049
-3155
-3062
-2755
-2583
-2419
-2442
-2422
-2152
-1957
-1655
-1275
-927
-390
325
1205
2074
2787
3369
3737
3822
3782
3426
2553
1614
652
-183
-899
-1635
-1988
-2200
-2119
-1814
-1687
-1473
-1431
-1537
-1662
-1808
-1898
-2216
-2487
-2468
-2197
-1714
-1264
-826
-458
-35
593
1156
1479
1529
1504
1416
1331
1356
1212
991
668
374
234
12
-110
-379
-671
-842
-1130
-1182
-1191
-1325
-1321
-1122
-765
-346
162
762
1207
1529
1883
1883
1691
1456
1032
595
136
-196
-537
-838
-923
-1024
-1099
-1145
-1208
-1358
-1498
-1526
-1591
-1670
-1721
-1788
-1856
-1777
-1632
-1586
-1470
-1251
-1059
-859
-523
-187
-44
198
623
1036
1520
2121
2783
3329
3903
4604
5094
5482
5771
5769
5417
4821
4243
3369
2253
1109
-144
-1246
-2148
-2806
-3255
-3540
-3621
-3625
-3473
-3186
-2887
-2565
-2304
-2137
-1841
-1406
-1001
-622
-159
390
905
1507
2125
2595
2959
3200
3331
3251
2988
2553
1942
1323
670
-13
-693
-1425
-1968
-2281
-2631
-2835
-2925
-2954
-2795
-2645
-2307
-1966
-1794
-1528
-1356
-1082
-764
-578
-275
-130
25
379
645
902
1115
1278
1441
1526
1522
1394
1158
837
506
143
-240
-591
-1008
-1335
-1514
-1560
-1503
-1469
-1254
-975
-699
-269
146
613
943
1181
1479
1590
1784
1798
1663
1647
1404
1230
948
566
266
-213
-537
-847
-1148
-1245
-1482
-1684
-1791
-1954
-1997
-2092
-2194
-2138
-2104
-1948
-1811
-1692
-1464
-1304
-1051
-798
-561
-248
-13
197
457
812
1138
1387
1859
2477
2944
3485
3985
4302
4637
4846
4959
4765
4311
3872
3123
2310
1453
382
-577
-1481
-2176
-2638
-3008
-3142
-3191
-3072
-2736
-2366
-2040
-1820
-1568
-1267
-1010
-759
-537
-357
-111
306
847
1418
1936
2353
2657
2883
3054
3047
2747
2188
1525
878
179
-587
-1296
-1895
-2413
-2772
-2937
-2992
-2982
-2889
-2639
-2306
-1867
-1498
-1310
-1073
-869
-568
-333
-250
-157
-149
22
282
511
724
881
1025
1142
1251
1348
1323
1063
839
533
108
-257
-739
-1096
-1383
-1528
-1449
-1434
-1194
-821
-385
219
682
1114
1452
1655
1881
1907
1870
1689
1301
1060
787
513
243
-103
-343
-584
-708
-795
-987
-1147
-1379
-1642
-1842
-1996
-2106
-2265
-2428
-2418
-2284
-2113
-1870
-1572
-1222
-871
-503
-135
119
306
491
601
709
881
1024
1249
1551
1981
2435
2839
3308
3605
3954
4240
4255
4146
3780
3391
2797
1994
1228
355
-378
-1048
-1658
-2069
-2426
-2508
-2436
-2339
-2052
-1870
-1692
-1448
-1257
-913
-728
-642
-476
-359
18
452
785
1201
1509
1840
2168
2358
2502
2346
1991
1671
1247
777
187
-514
-1105
-1625
-2019
-2358
-2710
-2902
-2992
-2936
-2701
-2438
-2176
-1959
-1685
-1353
-1056
-716
-506
-416
-278
-124
88
277
468
644
828
1166
1448
1657
1811
1825
1748
1599
1382
968
471
-11
-520
-901
-1161
-1362
-1519
-1470
-1166
-884
-538
-81
255
458
703
1001
1064
970
932
742
482
393
325
108
-18
28
-36
-97
-15
-22
-232
-392
-504
-821
-1095
-1320
-1630
-1987
-2165
-2142
-2281
-2250
-2024
-1836
-1634
-1350
-935
-731
-510
-125
111
256
420
639
834
1102
1551
1945
2265
2766
3275
3718
4195
4572
4755
4578
4379
4162
3574
2869
1960
963
92
-741
-1387
-2028
-2572
-2870
-3065
-2950
-2686
-2448
-2165
-1898
-1554
-1201
-920
-709
-586
-422
-184
51
320
610
892
1223
1594
1983
2256
2354
2400
2287
1996
1674
1171
410
-357
-979
-1548
-2173
-2763
-3198
-3466
-3467
-3220
-2893
-2512
-2136
-1791
-1363
-934
-640
-471
-403
-384
-346
-308
-239
-112
65
345
741
1160
1563
1941
2259
2463
2519
2446
2203
1731
1208
726
121
-510
-968
-1386
-1767
-1799
-1549
-1388
-1192
-747
-349
-95
248
528
508
368
275
119
-132
-328
-459
-608
-663
-548
-397
-204
87
349
527
688
757
606
326
-2
-466
-997
-1391
-1728
-2096
-2311
-2314
-2269
-2150
-1797
-1394
-1089
-695
-214
90
274
513
681
786
922
1211
1473
1648
2016
2422
2937
3522
4041
4460
4570
4648
4647
4361
3799
2975
2079
1116
126
-797
-1635
-2347
-2887
-3204
-3250
-3064
-2804
-2535
-2212
-1783
-1315
-947
-732
-611
-485
-340
-239
-178
-78
81
276
572
987
1364
1594
1790
2018
2165
2149
1953
1518
896
269
-377
-1129
-1847
-2440
-2949
-3293
-3362
-3261
-3120
-2846
-2430
-1977
-1522
-1119
-876
-726
-565
-432
-317
-283
-222
-85
128
524
895
1316
1714
2079
2496
2740
2906
2849
2579
2191
1607
1029
341
-450
-1055
-1529
-1851
-1931
-1932
-1823
-1643
-1330
-886
-649
-372
-146
-151
-96
-134
-188
-287
-442
-414
-400
-270
-45
104
346
593
886
1140
1244
1309
1200
953
663
292
-162
-697
-1206
-1624
-1967
-2198
-2264
-2252
-2156
-1929
-1629
-1278
-980
-620
-289
-136
54
163
283
421
603
948
1251
1684
2222
2781
3409
3981
4514
4903
5086
5118
4970
4532
3832
3010
2089
1049
15
-913
-1768
-2500
-2990
-3228
-3381
-3309
-3057
-2820
-2463
-2114
-1755
-1504
-1350
-1128
-1064
-995
-914
-827
-611
-348
-17
321
706
1127
1483
1816
2110
2227
2137
1932
1571
1049
465
-169
-887
-1557
-2040
-2399
-2667
-2729
-2603
-2434
-2170
-1789
-1402
-1099
-813
-554
-419
-311
-251
-226
-217
-174
13
218
469
761
1070
1447
1724
1916
2078
2067
1902
1702
1456
1101
642
166
-282
-692
-965
-1139
-1313
-1366
-1318
-1227
-1063
-847
-649
-557
-424
-284
-277
-234
-195
-214
-248
-223
-73
-16
50
280
434
535
695
856
889
817
774
607
288
9
-262
-613
-939
-1169
-1369
-1541
-1576
-1479
-1370
-1213
-974
-753
-547
-316
-94
110
296
510
752
962
1214
1512
1824
2199
2602
3027
3340
3557
3826
3879
3753
3567
3185
2654
1990
1378
699
-110
-700
-1260
-1807
-2166
-2373
-2515
-2645
-2567
-2375
-2281
-2132
-1888
-1734
-1629
-1455
-1268
-1164
-1075
-874
-676
-481
-193
117
434
717
996
1284
1447
1521
1547
1468
1300
1030
714
383
-45
-427
-690
-965
-1193
-1334
-1418
-1427
-1386
-1285
-1155
-1045
-925
-823
-731
-628
-551
-449
-319
-236
-105
68
202
321
464
666
787
866
975
967
928
865
770
667
508
390
235
42
-93
-253
-389
-491
-540
-545
-589
-580
-539
-463
-342
-255
-172
-153
-161
-102
-81
-89
-97
-120
-109
-90
-26
67
123
208
289
328
325
269
223
123
2
-70
-206
-383
-524
-617
-680
-723
-706
-668
-629
-556
-425
-277
-133
51
285
519
740
1018
1281
1522
1775
2041
2324
2476
2607
2689
2657
2606
2449
2215
1892
1495
1100
660
227
-195
-596
-950
-1292
-1562
-1758
-1887
-1939
-1961
-1967
-1935
-1880
-1804
-1694
-1561
-1407
-1289
-1119
-898
-699
-442
-237
-30
196
393
594
732
843
879
923
938
902
801
663
543
362
239
80
-90
-247
-378
-413
-433
-429
-382
-385
-361
-350
-346
-334
-446
-522
-583
-622
-662
-714
-684
-675
-625
-480
-347
-196
-41
89
211
295
370
420
406
430
408
347
332
240
176
148
84
54
-12
-40
-42
-92
-89
-71
-75
-96
-116
-139
-194
-215
-238
-263
-270
-268
-253
-190
-138
-83
-12
42
137
215
252
254
238
212
193
135
144
77
-19
-32
-82
-87
-102
-89
-60
-42
49
181
295
462
617
819
1043
1223
1402
1516
1622
1696
1697
1675
1543
1375
1225
1022
806
566
345
124
-119
-279
-443
-620
-760
-887
-954
-1038
-1117
-1180
-1276
-1282
-1304
-1333
-1280
-1257
-1184
-1101
-981
-799
-660
-472
-300
-151
11
114
242
343
397
437
430
454
464
459
478
457
429
414
405
389
360
325
259
176
111
35
-86
-203
-300
-389
-498
-601
-659
-696
-717
-718
-695
-658
-607
-529
-413
-300
-222
-149
-89
-38
18
74
83
137
162
160
186
208
246
225
241
248
200
185
168
111
62
12
-48
-105
-182
-259
-326
-371
-395
-404
-389
-369
-359
-321
-251
-185
-109
-33
23
59
102
132
140
177
188
178
198
195
202
218
245
298
309
359
403
423
464
480
529
562
605
675
683
704
746
794
837
869
872
833
794
740
654
546
431
312
188
71
-45
-165
-264
-333
-394
-450
-487
-510
-537
-557
-560
-558
-567
-570
-572
-606
-623
-612
-592
-553
-509
-433
-370
-314
-217
-144
-64
12
48
74
64
61
61
55
76
59
46
56
50
69
78
89
90
64
66
50
31
14
-35
-71
-124
-169
-196
-265
-321
-367
-393
-398
-418
-402
-387
-370
-310
-269
-216
-154
-92
-26
2
51
82
76
88
68
38
4
-35
-53
-95
-104
-86
-93
-71
-35
1
28
47
59
47
30
6
-37
-87
-124
-139
-139
-122
-89
-47
15
90
166
230
261
286
290
276
268
232
226
231
212
211
198
215
259
289
319
323
346
366
347
349
344
312
276
256
238
185
134
102
74
52
49
57
50
47
71
102
111
107
109
99
72
50
45
26
-9
-32
-42
-55
-67
-68
-68
-69
-65
-62
-69
-76
-79
-93
-113
-134
-157
-191
-226
-253
-272
-291
-310
-321
-307
-283
-264
-249
-222
-184
-157
-132
-102
-90
-82
-68
-63
-58
-42
-38
-54
-69
-75
-66
-85
-93
-93
-112
-126
-148
-141
-141
-139
-121
-114
-103
-87
-73
-50
-47
-18
-1
-9
21
12
-5
-8
-2
7
7
8
8
-5
5
22
26
37
49
43
37
45
32
49
55
54
74
78
93
107
123
136
139
151
149
150
148
130
128
121
115
121
122
129
138
139
162
163
164
186
168
174
173
163
157
148
138
124
120
103
90
61
46
34
10
-22
-42
-56
-70
-81
-103
-114
-130
-127
-123
-108
-99
-102
-88
-81
-76
-79
-63
-58
-60
-67
-65
-62
-65
-44
-44
-35
-24
-18
6
-7
-15
0
-5
-8
-10
-4
-9
-25
-32
-35
-31
-31
-30
-31
-33
-37
-39
-32
-22
-13
-10
-6
2
9
9
8
5
7
9
3
8
3
-1
-2
-11
-10
-15
-20
-37
-68
-85
-105
-128
-130
-124
-130
-137
-138
-125
-109
-93
-70
-50
-44
-25
0
8
21
21
13
19
6
2
5
-10
-25
-31
-34
-47
-45
-36
-38
-29
-14
-11
-12
2
27
24
14
26
27
14
13
24
32
35
40
53
69
78
86
104
123
126
127
121
106
99
98
94
0
0
0
0
0
0
0
0
0
0
0
0
0
0
0
0
0
0
0
0
0
0
0
0
0
0
0
0
0
0
0
0
0
0
0
0
0
0
0
0
0
0
0
0
0
0
0
0
0
0
0
0
0
0
0
0
0
0
0
0
0
0
0
0
0
0
0
0
0
0
0
0
0
0
0
0
0
0
0
0
0
0
0
0
0
0
0
0
0
0
0
0
0
0
0
0
0
0
0
0
0
0
0
0
0
0
0
0
0
0
0
0
0
0
0
0
0
0
0
0
0
0
0
0
0
0
0
0
0
0
0
0
0
0
0
0
0
0
0
0
0
0
0
0
0
0
0
0
0
0
0
0
0
0
0
0
0
0
0
0
0
0
0
0
0
0
0
0
0
0
0
0
0
0
0
0
0
0
0
0
0
0
0
0
0
0
0
0
0
0
0
0
0
0
0
0
0
0
0
0
0
0
0
0
0
0
0
0
0
0
0
0
0
0
0
0
0
0
0
0
0
0
0
0
0
0
0
0
0
0
0
0
0
0
0
0
0
0
0
0
0
0
0
0
0
0
0
0
0
0
0
0
0
0
0
0
0
0
0
0
0
0
0
0
0
0
0
0
0
0
0
0
0
0
0
0
0
0
0
0
0
0
0
0
0
0
0
0
0
0
0
0
0
0
0
0
0
0
0
0
0
0
0
0
0
0
0
0
0
0
0
0
0
0
0
0
0
0
0
0
0
0
0
0
0
0
0
0
0
0
0
0
0
0
0
0
0
0
0
0
0
0
0
0
0
0
0
0
0
0
0
0
0
0
0
0
0
0
0
0
0
0
0
0
0
0
0
0
0
0
0
0
0
0
0
0
0
0
0
0
0
0
0
0
0
0
0
0
0
0
0
0
0
0
0
0
0
0
0
0
