0
0
0
0
0
0
0
0
0
0
0
0
0
0
0
0
0
0
0
0
0
0
0
0
0
0
0
0
0
0
0
0
0
0
0
0
0
0
0
0
0
0
0
0
0
0
0
0
0
0
0
0
0
0
0
0
0
0
0
0
0
0
0
0
0
0
0
0
0
0
0
0
0
0
0
0
0
0
0
0
0
0
0
0
0
0
0
0
0
0
0
0
0
0
0
0
0
0
0
0
0
0
0
0
0
0
0
0
0
0
0
0
0
0
0
0
0
0
0
0
0
0
0
0
0
0
0
0
0
0
0
0
0
0
0
0
0
0
0
0
0
0
0
0
0
0
0
0
0
0
0
0
0
0
0
0
0
0
0
0
0
0
0
0
0
0
0
0
0
0
0
0
0
0
0
0
0
0
0
0
0
0
0
0
0
0
0
0
0
0
0
0
0
0
0
0
0
0
0
0
0
0
0
0
0
0
0
0
0
0
0
0
0
0
0
0
0
0
0
0
0
0
0
0
0
0
0
0
0
0
0
0
0
0
0
0
0
0
0
0
0
0
0
0
0
0
0
0
0
0
0
0
0
0
0
0
0
0
0
0
0
0
0
0
0
0
0
0
0
0
0
0
0
0
0
0
0
0
0
0
0
0
0
0
0
0
0
0
0
0
0
0
0
0
0
0
0
0
0
0
0
0
0
0
0
0
0
0
0
0
0
0
0
0
0
0
0
0
0
0
0
0
0
0
0
0
0
0
0
0
0
0
0
0
0
0
0
0
0
0
0
0
0
0
0
0
0
0
0
0
0
0
0
0
0
0
0
0
0
0
0
0
0
0
0
0
0
0
0
0
0
0
0
0
0
0
0
0
0
0
0
0
0
0
0
0
0
0
0
0
0
0
0
0
0
0
-6
-72
171
-77
-197
566
-541
-48
882
-947
38
869
-624
-336
587
147
-683
108
669
-478
-370
492
156
-377
-255
549
103
-681
109
655
-391
-704
836
259
-898
348
493
-365
-266
217
259
-395
-134
449
-37
-377
201
259
-410
148
240
-474
158
336
-545
-100
642
-304
-450
533
339
-595
-237
518
67
-544
197
537
-417
-120
105
429
75
-873
478
563
-820
-351
888
269
-1010
145
931
-566
-411
546
261
-459
-249
725
-61
-481
262
302
-168
-245
254
247
-339
-268
274
287
-416
-48
596
-322
-174
286
-94
-66
-46
176
35
-349
77
312
-272
-241
408
-18
-427
46
270
15
-331
65
365
-330
-336
477
283
-564
-198
468
-36
-382
69
348
-36
-299
50
267
32
-374
-54
429
-169
-285
335
109
-230
15
82
-33
-33
-104
74
174
-122
-82
162
34
-103
129
24
-100
139
-35
-164
63
119
-182
-138
280
93
-177
-80
142
105
-347
-22
534
-140
-449
277
237
-347
-221
228
126
-279
-127
291
63
-312
-29
221
-49
-204
78
189
-164
-160
194
86
-139
12
67
-31
-37
-46
49
-41
-105
156
48
-166
20
138
-35
-40
52
-26
33
-13
19
151
-84
10
105
-127
51
169
30
-156
-69
303
-47
-279
226
164
-159
-128
86
277
-137
-278
280
191
-257
-128
269
113
-328
43
299
-201
-130
128
-25
10
-58
-14
70
-69
33
-77
-78
161
-61
-267
101
260
-323
-54
459
-247
-227
334
-67
-184
160
52
-66
14
55
-21
-90
21
16
-84
-21
19
-53
-16
18
-5
-12
-65
69
44
-80
24
-28
-91
-22
65
-6
-66
-5
-32
75
102
-32
47
122
-95
-62
228
26
-141
54
104
0
-89
26
49
-26
-42
-70
105
12
-79
88
18
50
35
-91
44
123
-143
-144
189
-15
-165
127
70
-62
44
18
-80
-25
110
-31
-170
154
82
-165
86
145
9
-94
-31
152
-52
-208
46
106
-118
-142
87
150
-89
-58
88
-6
-28
-80
34
90
-124
12
115
-65
-60
66
18
-96
37
49
-104
4
14
-6
27
-49
107
-15
-158
158
43
-169
26
101
-77
-82
151
62
-117
74
137
-122
-73
145
46
-106
-27
132
-6
-154
89
173
-224
-79
274
-190
-167
217
-17
-144
70
137
-92
-56
74
-11
-29
-99
-3
76
-159
-51
188
-52
-168
56
83
-143
-111
179
-11
-198
121
124
-94
-6
115
60
-97
-54
130
7
-107
66
127
-22
-97
140
171
-156
-38
209
-18
-168
97
195
-115
-41
219
-23
-109
44
16
-46
-54
63
43
-50
16
-1
-10
-8
-42
-35
-38
18
-18
-40
56
11
-28
20
48
14
-52
-25
52
-45
-43
49
-62
-16
56
-10
-26
-60
30
-2
-113
34
37
-119
-41
35
14
-67
-25
113
-95
-38
104
-85
-11
95
-96
-39
129
-39
-94
75
49
-90
12
89
-20
-44
52
48
-10
-36
1
56
-16
-56
18
60
-35
-25
50
23
-39
-38
42
15
-45
-11
65
10
-102
48
89
-69
-52
3
22
-44
-31
101
-2
-82
25
29
-69
-47
51
-1
-56
-2
58
-15
-87
68
71
-48
26
14
-72
22
33
-55
-32
25
20
-53
58
75
-106
32
62
-96
24
87
-47
-56
83
66
-59
-24
77
78
-72
30
184
-48
-100
110
87
-84
8
93
-32
-80
39
26
-66
5
-3
-39
20
-16
-22
41
-12
-51
-35
29
-6
-90
39
51
-63
12
37
-34
-68
-28
44
-34
-33
65
38
-6
27
53
-31
-33
47
8
-37
9
3
56
-31
-29
115
-69
-69
82
2
-100
24
26
-66
38
-13
-4
26
-48
-27
51
9
-97
17
48
-74
-32
85
-16
-44
47
57
-1
-64
82
12
-66
67
49
-55
-46
70
30
-61
-6
57
-25
-48
59
39
-31
-6
-12
-16
-7
2
22
27
9
-12
-5
-21
6
-29
8
18
-39
14
22
-26
-24
11
-68
23
21
-55
16
33
-37
-5
125
-54
-39
109
-34
-69
53
22
-84
7
65
-17
-42
81
5
-80
29
-17
-49
5
22
14
21
-12
17
0
-22
-5
-10
-20
-24
20
-25
-3
1
-31
-2
-1
-21
-2
39
14
23
56
21
43
72
6
23
55
-17
-8
45
-28
-28
23
29
8
32
75
13
39
-3
-10
43
-22
-46
-15
-24
-46
-61
-48
0
-59
-57
17
20
-66
-26
41
-23
-66
-3
36
-68
-24
47
10
-59
-11
49
-32
-41
31
17
-64
-22
70
12
-77
26
48
-74
-32
48
-16
-28
19
4
29
-22
-32
86
-7
-36
77
1
28
47
-20
47
37
-30
6
58
-11
-43
46
30
-53
25
52
-12
8
55
20
-23
34
23
-21
-6
25
-16
-5
-16
-38
24
-21
3
-4
-8
35
-23
-4
36
15
-49
-1
55
-48
-35
34
-8
-45
-4
6
-23
-12
1
9
-39
-44
1
-7
-52
4
5
-49
9
12
-18
-36
34
-19
-43
40
-11
9
15
-17
16
0
-47
6
21
-28
-1
18
15
-1
13
44
2
20
53
20
6
35
44
-8
-20
37
24
-30
30
48
-7
-6
-7
9
10
-15
3
24
-19
-34
27
20
-32
-32
6
-28
-34
24
-16
-32
12
12
-25
-16
-21
-22
4
10
14
11
-1
4
33
-10
-17
17
-1
-8
8
10
13
-4
-15
18
-9
-12
21
-17
-9
17
-19
-3
16
-23
-4
14
-9
8
10
-19
-2
9
-22
-6
11
-17
1
25
-11
-5
27
-8
-3
37
13
-3
27
38
-10
-18
18
-1
-21
-8
16
12
-8
5
8
-8
-11
-13
-7
-5
-9
0
11
-9
-11
14
8
-8
6
9
-14
-14
-4
0
-20
7
2
-4
5
-16
-16
-10
-15
-24
0
1
-13
-7
6
-2
-2
9
8
4
7
15
0
-2
6
7
1
7
3
2
10
-2
-1
4
8
-14
3
-2
-17
-1
-7
-5
3
3
-13
6
7
-11
-8
3
-3
-4
3
-3
-3
0
0
-7
3
14
3
4
9
-6
-2
7
-9
6
13
-8
-3
7
7
-13
-2
8
-4
-6
-6
6
0
3
8
17
-9
-22
13
-7
-36
-2
4
-23
-9
-9
-2
-12
-6
8
-3
-5
5
13
-10
-6
2
-6
-9
-3
9
3
0
11
8
-5
2
11
2
5
15
18
11
12
16
-6
-1
17
2
10
19
2
4
5
-5
4
-11
-6
15
1
-15
1
12
-6
-9
8
11
-13
-9
9
-6
-14
-3
7
1
1
5
11
4
-10
2
7
-7
-11
-2
-8
-16
2
-7
-18
0
-5
-8
-6
-14
4
6
-11
7
10
-8
-5
6
-1
-6
3
4
7
8
-18
-1
17
-12
-3
14
0
-6
7
5
-14
-6
4
-4
-9
1
5
-3
-4
9
14
1
6
12
-1
-4
5
0
1
6
4
6
1
4
3
-1
-1
-1
4
0
-5
-4
-9
-5
-1
-4
-3
-1
1
-5
-11
-2
1
-9
-9
1
3
-7
-5
2
-8
-7
3
8
0
3
5
4
3
-14
-5
3
-6
0
6
4
-3
3
0
-8
5
6
1
10
7
-4
3
3
-2
7
5
3
5
2
-7
-6
-4
3
1
-3
6
0
-9
-5
7
-4
-5
7
-3
-3
-4
2
4
-1
3
8
3
-5
3
4
-6
-1
7
4
0
4
9
1
-3
0
5
-3
-2
7
-1
0
1
0
-1
-1
-1
1
-2
-5
-4
-5
-3
0
-2
-4
1
-2
-3
2
3
1
2
7
3
2
-2
4
2
-6
1
1
-1
-4
3
2
-2
7
2
-3
6
4
-5
1
-1
-7
1
1
0
-2
-4
-3
-5
-3
-4
-3
0
3
4
3
3
-7
-5
2
-2
0
2
2
2
-2
-1
5
-3
-1
8
1
-1
4
4
4
7
9
6
1
2
7
1
-1
5
4
0
0
5
-1
-3
3
4
2
1
2
3
0
-1
2
2
1
0
-6
-4
-1
-6
-1
0
-3
-1
4
6
1
2
10
2
-5
1
-2
-7
-5
-6
-11
-3
0
-9
1
3
-8
3
-1
-2
13
2
-5
3
0
-8
-5
2
-1
1
4
-4
-3
5
-2
0
9
9
11
9
5
2
6
6
5
10
4
-1
7
7
-4
-4
5
-1
-6
1
4
2
3
0
0
1
-7
-6
-1
-6
-3
-1
-3
1
-3
0
1
-1
0
-2
-5
-6
-5
-2
-6
-8
-5
-4
-6
-9
-3
-2
-3
-3
0
-3
1
7
5
3
4
5
-1
-5
-3
-2
-5
-6
1
4
2
2
5
2
-1
2
3
-1
-3
2
2
1
4
6
5
1
2
2
5
3
5
11
4
0
4
8
8
7
6
7
1
3
3
3
7
5
11
12
8
14
10
8
8
7
8
5
0
-1
-5
-5
0
3
2
-1
-4
-1
-5
-9
-7
-10
-12
-6
-4
-3
1
3
-2
-8
-8
-4
-5
-8
-11
-8
-6
-7
-8
-10
-9
-10
-7
-5
-7
-4
-2
-5
-5
-3
-4
0
1
-3
-5
-5
-9
-11
-8
-6
-7
-3
-4
-2
2
0
4
6
-3
-3
2
-2
-4
2
5
0
2
9
8
10
8
8
10
11
12
8
8
10
7
10
13
11
12
13
7
7
11
8
5
9
11
10
10
8
6
7
4
4
8
5
-1
2
4
-1
-2
2
2
0
2
3
1
4
5
3
3
6
1
-4
2
-3
-7
-3
-5
-8
-7
-6
-9
-11
-12
-9
-9
-10
-3
-5
-8
-3
0
-3
-6
-4
0
-4
-2
-1
-6
-6
1
0
-5
-2
0
-2
-1
-2
-1
2
-2
1
1
-5
-3
2
-3
-1
0
-10
-8
-5
-6
-7
-3
1
1
-3
-7
-2
-2
-5
3
1
-6
-2
-1
-2
0
-2
3
6
2
1
4
1
-1
2
3
1
3
4
5
5
6
4
3
4
7
4
4
5
5
6
7
3
4
3
1
5
4
0
1
4
6
5
2
3
6
6
5
4
6
6
3
3
4
2
4
4
2
1
0
-2
-3
-3
-2
-2
-5
-3
-1
-6
-5
1
-2
-6
0
-2
-8
-6
-9
-5
-5
-7
-7
-4
-3
-5
-6
-4
-2
-6
-7
-8
-8
-6
-9
-8
-5
-11
-11
-7
-6
-7
-4
-2
-9
-5
-1
-2
-1
-1
2
3
-5
-3
0
-6
-4
0
-2
1
0
-4
3
4
3
7
7
8
7
11
10
6
6
5
3
2
2
4
3
3
5
5
4
3
5
7
6
7
8
6
8
7
2
3
5
4
4
3
2
-1
1
-1
-4
1
-1
-2
1
-2
-4
-3
-5
-5
-4
-7
-5
-3
-5
-2
-1
0
-3
-1
3
-1
1
3
1
1
1
-1
-1
-2
2
0
0
0
-2
-2
-1
1
0
0
-1
-2
2
-4
-2
0
-3
2
2
1
1
1
0
1
1
1
1
0
3
1
1
2
2
-1
0
-1
-3
1
-1
0
1
-1
0
0
1
1
1
1
-1
0
2
2
3
5
4
2
4
4
2
3
3
3
2
3
1
-1
0
-1
-1
0
-6
-7
-3
-4
-6
-3
-1
-6
-6
-4
-4
-5
-2
-2
-4
-1
-2
-4
-1
-1
-2
-1
0
0
1
0
-2
-2
-1
-1
0
-1
-1
1
-3
0
2
-2
-1
-1
-3
-1
0
-1
0
2
2
0
1
0
0
0
0
2
3
2
1
3
0
1
3
3
3
2
-1
-1
-1
-3
-3
1
1
0
2
1
-2
0
0
-1
2
3
2
2
1
-1
0
0
0
1
3
-1
1
2
0
1
2
1
-1
-1
1
0
1
1
1
1
-2
-2
1
2
0
2
3
1
1
4
1
0
3
2
-1
1
1
0
0
-2
-4
-2
0
1
2
2
1
-1
0
0
-3
-2
-2
-3
-3
-3
-2
-1
-2
0
-1
0
2
0
1
2
-1
-2
1
-1
-3
0
-2
-3
0
1
-1
4
-1
-5
0
2
-4
1
1
-6
-2
0
-2
2
7
0
0
3
-6
2
3
-1
3
2
-1
-2
-2
-1
1
1
1
1
-1
-3
0
2
-1
3
6
-1
1
5
-1
4
6
0
3
3
-4
2
3
-5
1
3
-8
4
4
-6
5
2
-5
2
-3
-6
1
4
0
4
4
-6
-2
0
-5
0
6
-2
2
2
-5
1
5
-6
-4
9
-8
-8
12
-9
-3
14
-9
-6
9
-6
-4
13
-9
-4
10
-10
-1
14
-3
-3
10
-6
-6
6
-8
-4
5
-6
-1
4
-12
2
6
-9
10
3
-15
6
1
-14
9
7
-12
11
-1
-18
8
-4
-11
16
2
-7
10
-2
-15
11
7
-11
9
4
-6
6
0
-10
10
7
-3
14
15
0
6
5
-12
3
4
-7
1
1
2
4
1
-9
-5
9
0
2
9
-2
5
19
-2
10
14
-2
13
7
-1
10
-1
-3
4
-2
2
0
-4
-2
-4
1
-1
-3
3
7
2
-1
-2
-4
-10
-5
-1
-5
-10
-11
-8
-11
-11
-1
-5
-7
12
-4
-14
11
-7
-21
11
-6
-17
21
-2
-21
8
-18
-33
13
-7
-26
20
-5
-19
21
-5
-15
15
7
-8
0
5
-6
-12
1
5
-6
2
16
-2
-4
17
-7
-5
14
-7
7
27
-5
5
14
-13
-3
-3
0
4
9
16
10
6
17
16
7
30
24
21
18
2
2
-7
3
21
2
-5
9
-14
-6
30
0
-1
39
-1
1
45
-13
-16
44
-7
-30
50
1
-33
53
-11
-43
48
-24
-34
47
-22
-16
33
-32
-26
50
-17
-20
62
-34
-19
60
-38
-13
50
-39
-18
38
-32
-6
37
-38
-28
8
-39
-34
6
-31
-54
11
-42
-75
10
-48
-76
5
-32
-59
-1
-14
-40
-7
-7
-16
-9
-5
-1
-23
-6
-16
-38
22
-10
-26
32
-20
-25
40
-29
-34
28
-37
-24
28
-22
-6
6
-29
18
13
-45
12
23
-44
20
46
-37
5
63
5
8
60
8
13
63
-15
-15
47
-11
-17
70
31
-14
88
55
3
85
51
36
73
65
72
67
109
77
24
154
64
-30
193
40
-34
250
47
-43
218
28
-42
191
4
-25
154
-8
13
95
-35
7
44
-74
5
22
-76
18
-17
-22
29
-22
-14
-24
-19
-99
-45
8
-166
-38
34
-158
-31
32
-199
-70
14
-250
-85
24
-233
-80
18
-172
-61
-7
-157
-85
-70
-158
-104
-113
-122
-150
-136
-48
-203
-153
-20
-206
-133
-17
-179
-125
-67
-203
-95
-61
-207
-38
-10
-144
13
-17
-99
43
-8
-64
51
-33
-72
89
-18
-69
114
64
22
152
103
23
144
108
13
169
144
34
214
210
92
256
236
136
254
218
161
179
152
190
152
163
239
139
181
191
11
157
189
10
188
146
-2
197
98
27
219
79
58
175
-5
83
156
-46
109
102
-28
181
77
-6
163
71
4
102
93
-13
49
81
-12
38
7
30
41
-21
94
-25
-62
23
-135
-116
-32
-150
-163
-72
-178
-193
-112
-230
-293
-158
-216
-423
-192
-248
-544
-215
-321
-584
-237
-340
-525
-237
-303
-482
-254
-301
-463
-240
-284
-380
-217
-228
-293
-225
-179
-210
-119
-119
-160
-18
-19
-87
7
3
-54
133
60
-19
211
91
52
209
151
107
173
224
116
180
295
132
232
328
119
251
343
98
259
392
96
255
408
116
215
424
125
226
460
28
329
395
-68
409
287
-29
441
173
54
401
94
106
349
145
195
325
132
260
299
133
177
237
90
66
292
108
119
254
132
173
220
204
98
223
204
43
207
73
84
90
-54
162
-43
-95
183
-106
-175
104
-226
-314
25
-403
-329
-67
-508
-337
-201
-616
-578
-248
-744
-703
-247
-880
-630
-368
-917
-538
-464
-843
-559
-505
-732
-554
-472
-642
-551
-452
-562
-505
-350
-499
-372
-195
-456
-126
-109
-365
68
-40
-142
150
13
-8
177
130
60
235
216
113
302
262
230
346
336
308
324
417
308
305
458
273
299
495
272
309
473
227
321
451
319
338
383
377
221
325
405
130
313
328
90
357
227
135
379
93
197
319
43
251
209
129
246
137
279
147
114
367
71
228
408
-5
289
397
17
364
426
72
426
514
129
448
550
159
452
525
178
397
419
132
337
351
26
233
253
-106
121
61
-262
75
-275
-481
1
-698
-586
-81
-945
-591
-349
-1108
-634
-641
-1229
-667
-805
-1331
-675
-920
-1420
-686
-968
-1348
-654
-986
-1256
-509
-922
-1169
-276
-916
-1022
-56
-880
-655
46
-725
-220
77
-445
78
164
-162
209
365
6
285
496
129
415
531
268
500
574
278
607
560
294
668
499
415
571
473
452
523
431
506
487
402
591
289
534
544
161
651
433
194
555
348
221
430
301
270
399
314
230
437
279
111
456
191
97
385
182
146
300
234
86
260
254
-58
325
233
-134
419
132
-74
422
-35
98
348
-54
287
277
105
377
263
260
394
230
254
433
173
172
440
53
155
423
-122
150
286
-327
154
1
-469
26
-371
-549
-197
-609
-583
-369
-772
-722
-513
-901
-960
-510
-1113
-1106
-577
-1372
-1008
-747
-1379
-799
-884
-1239
-652
-928
-1012
-605
-880
-744
-662
-651
-470
-571
-315
-296
-305
-113
-113
24
-52
-14
255
-72
139
278
-47
276
295
160
317
465
139
351
573
90
496
526
175
555
386
302
639
423
406
684
452
383
759
420
373
828
294
414
824
208
461
695
224
517
555
280
415
479
323
292
488
255
324
424
215
437
211
296
370
62
356
121
120
313
29
188
198
187
26
216
344
-190
384
368
-211
396
387
-246
425
438
-356
620
143
-306
641
-147
-28
389
-214
36
240
-286
-70
234
-530
2
121
-618
113
-229
-379
-47
-331
-307
-276
-107
-557
-252
-209
-674
-302
-453
-539
-755
-273
-721
-864
-51
-1144
-551
-325
-1148
-534
-705
-824
-840
-729
-624
-1040
-588
-652
-766
-685
-639
-474
-896
-248
-660
-695
-64
-788
-217
-290
-423
-48
-190
-155
15
125
-187
317
148
-117
565
80
326
610
182
694
594
467
689
680
640
700
685
675
779
482
845
722
443
839
708
437
638
733
259
584
570
211
529
277
286
387
136
315
135
235
211
14
277
83
167
141
191
151
64
379
190
33
465
390
-171
739
456
-214
1031
302
6
1037
292
172
909
347
155
836
231
316
641
42
359
370
-86
185
376
-366
48
304
-674
67
33
-755
-42
-168
-792
-188
-54
-1112
-101
-123
-1330
-8
-311
-1165
-183
-323
-1098
-136
-497
-972
11
-967
-624
-160
-1165
-354
-340
-1176
-290
-448
-1096
-314
-512
-966
-438
-544
-899
-404
-646
-703
-305
-708
-358
-427
-446
-346
-485
-160
-469
-336
-139
-135
-460
15
116
-551
265
141
-232
131
208
54
-75
560
195
-9
740
243
202
817
396
363
972
320
474
1104
116
695
1074
97
812
922
228
732
903
125
749
744
-136
1020
275
-10
988
-127
348
468
-3
429
21
300
124
-11
369
-179
205
297
-187
418
192
10
447
125
241
506
145
352
590
70
587
555
229
748
389
277
689
254
210
736
-8
217
488
-152
169
200
-144
79
-97
-261
9
-468
-143
-329
-650
-5
-738
-473
-362
-740
-255
-783
-401
-251
-885
-221
-301
-852
-62
-398
-804
-42
-685
-599
-116
-822
-336
-384
-920
-1
-809
-903
9
-1047
-859
-211
-1069
-870
-251
-1173
-834
-70
-1236
-654
63
-1387
-387
-135
-1115
-265
-238
-846
-289
-62
-596
-89
27
-175
-156
189
-2
74
359
-112
545
272
29
769
409
256
782
682
382
835
904
364
1018
838
361
1195
675
392
1046
809
267
860
852
198
790
696
167
738
546
61
604
454
8
328
403
-11
176
257
-55
163
209
-221
87
558
-469
72
828
-726
107
1068
-778
345
1147
-852
438
1150
-556
357
1319
-461
123
1465
-534
163
1331
-596
160
1015
-376
-54
687
-94
-284
466
61
-485
265
103
-582
73
23
-606
-165
-41
-674
-274
-99
-702
-238
-351
-619
-316
-613
-611
-339
-1011
-579
-204
-1183
-460
-216
-1288
-693
-351
-1097
-801
-285
-778
-1228
-135
-919
-1336
178
-1126
-1097
200
-1061
-948
166
-807
-711
-174
-644
-418
-361
-259
-177
-416
-185
-93
-166
-3
168
-213
-53
535
-428
138
909
-560
305
839
-453
725
633
7
803
507
330
563
706
483
709
736
697
963
580
808
1023
370
718
1216
259
813
1100
302
870
608
396
579
448
734
-120
770
749
-836
1013
150
-533
581
-48
76
-88
160
-73
-218
273
-262
-343
479
-169
-463
848
-411
-340
815
-406
81
580
-190
104
496
-35
-108
920
-272
-65
1030
-642
565
262
-191
566
-205
296
41
107
-92
166
184
-463
377
-21
-850
176
9
-830
-52
-128
-492
-638
-142
-301
-954
26
-740
-1015
463
-1560
-1057
1213
-2660
-820
981
-2542
-381
75
-1430
-855
-130
-1227
-823
-131
-1306
-614
-197
-914
-881
176
-902
-507
-32
-793
-44
-562
-232
0
-707
448
-522
-502
811
-681
92
406
-177
75
-23
427
-47
92
296
534
257
21
1126
43
204
922
234
365
702
676
202
942
567
163
1115
343
299
1155
341
147
1217
293
4
1264
315
197
1006
233
485
555
36
702
269
3
726
-91
85
513
-452
612
323
-636
724
161
-637
19
287
-455
-106
561
-303
105
175
-93
74
-172
171
362
-194
243
680
-489
478
542
-299
529
224
247
128
461
-101
57
1128
-872
317
1515
-1176
259
1589
-1426
6
1525
-1443
326
1043
-1345
268
382
-852
-646
189
-451
-1426
237
-844
-1209
-746
-1109
-300
-1997
-225
-514
-2537
490
-1593
-1938
313
-2040
-1259
5
-1323
-1088
-139
-882
-1261
-89
-878
-793
92
-981
-334
4
-764
-31
49
-341
274
83
-161
630
-68
-77
1024
-59
-15
1206
342
-276
1274
843
-812
1386
1121
-741
1290
1118
-251
570
1189
224
65
1593
218
-273
1745
-59
-267
1900
-293
-285
1848
-450
-166
1620
-449
241
1249
-557
354
951
-531
200
812
-417
260
608
-582
465
53
-555
755
-485
-210
644
-491
102
326
-40
-148
264
537
-653
187
781
-638
-45
1073
-397
-353
1649
-777
-113
1862
-1289
580
1308
-1008
710
677
-179
162
924
268
-136
1323
-94
347
594
262
456
-161
1246
-302
318
866
-524
263
-258
41
-671
-379
-186
-1096
-682
-900
-753
-1395
-724
-720
-1989
-366
-1592
-2159
-385
-2205
-1434
-758
-1787
-1341
-918
-1643
-1314
-595
-1790
-432
-894
-1358
23
-1142
-586
158
-844
-155
853
-310
-313
1166
-263
-423
1699
-261
-27
1804
-97
376
1414
224
250
1280
746
459
1180
831
307
475
996
476
588
1220
297
630
541
136
608
251
518
367
646
303
-340
796
-245
6
615
-248
643
-321
-91
521
-241
232
237
617
-314
420
1152
-945
1398
561
-1245
2412
-315
-256
2327
-610
427
1654
-95
803
2266
-430
557
2306
-1214
602
2168
-1022
139
1550
-413
-517
1089
-448
-768
1089
-723
-710
643
-534
-1013
257
197
-1247
426
148
-1457
868
-222
-1391
723
-631
-1253
-386
76
-920
-1339
533
-681
-1319
-586
-162
-1172
-1470
392
-1443
-1883
-322
-1049
-1704
-959
-593
-1300
-1393
-1057
-598
-1715
-1135
-42
-1646
-953
-674
-1598
-216
-1111
-791
533
-832
-176
770
624
-774
1348
1452
-1563
1656
1247
-850
1360
1819
687
706
1893
962
-356
1126
1474
-123
-53
995
-370
-614
956
-501
-889
311
-1600
-1658
126
-1544
-994
680
-1221
-749
168
-1246
-457
-340
-981
395
113
83
1181
288
742
1930
1091
1761
3060
2245
2691
3560
2418
2718
3654
3214
3235
3736
3760
2877
2943
3152
1514
1956
2557
706
1247
1472
-378
-380
-376
-1263
-1317
-734
-1512
-1871
-1368
-3511
-3276
-1755
-3784
-2922
-1369
-3184
-2632
-1743
-3069
-2138
-1038
-1601
-752
250
-543
-1003
326
150
-449
1234
1007
379
1364
619
220
723
270
-95
399
795
-384
-376
79
-1430
-1104
-721
-1509
-1306
-1552
-1760
-2296
-2202
-1933
-2769
-1709
-1649
-2296
-1345
-2094
-2169
-1745
-2058
-1294
-1077
-734
-446
-444
-402
-682
380
168
-262
1293
377
203
1616
576
1174
1711
904
1464
786
692
1074
665
989
1013
1264
625
77
794
58
21
1270
1302
1280
1295
1371
1552
1410
2439
2827
2839
3483
2922
3106
3360
3164
3636
3524
3777
4117
3239
2964
3388
2109
1468
2855
2158
513
1425
694
-1950
-886
-951
-2693
-1508
-2526
-2880
-2189
-4351
-3361
-3117
-4879
-3559
-3216
-3767
-3769
-3704
-3659
-3865
-3296
-2798
-1990
-1475
-1620
-1447
-1335
-887
-1121
593
2594
1107
2583
3778
1102
2236
3818
2222
3609
4368
2585
3085
2009
1284
1459
530
1204
572
46
-468
-1469
-1700
-3083
-2929
-1975
-2836
-3138
-2354
-3371
-4529
-3605
-3208
-3599
-3365
-2499
-2381
-2774
-2456
-1999
-1867
-2142
-842
262
-649
418
918
-267
127
747
924
773
1476
1759
880
1003
643
325
1118
1082
1423
2353
897
351
1186
-414
-807
112
233
512
650
1320
847
-459
163
1186
2307
3821
4353
4190
3547
3039
3636
4941
5440
5341
6162
5821
4447
4363
4138
3303
2545
3196
4459
3115
1606
973
-1255
-2103
-973
-1257
-1614
-1521
-3460
-5086
-4633
-5092
-6281
-5339
-4031
-5205
-5233
-4867
-6396
-6112
-5222
-4201
-3048
-2858
-2575
-2777
-3059
-2846
-1177
73
461
2353
2851
2331
2507
2759
2971
3198
4876
5433
4945
4620
3347
2570
1888
2671
2932
1657
1486
408
-1332
-2115
-1533
-2218
-3050
-1986
-2526
-3508
-4251
-4302
-4543
-5669
-3871
-3030
-4192
-3748
-3397
-3798
-4145
-2471
-1247
-1829
-1081
-596
-673
-521
16
922
1234
1517
1870
2102
1749
1407
1424
1341
1652
1739
1768
1593
1114
1073
600
345
57
-819
-894
-659
83
1008
874
572
357
2
872
2937
3979
4367
4363
3578
3535
4004
5358
6453
5811
5972
5896
4860
4533
4393
4243
3434
3770
4180
2737
2103
291
-1240
-1021
-929
-436
-1619
-2880
-3982
-5107
-4893
-5090
-4687
-5129
-6124
-5284
-5169
-6226
-6234
-5829
-5974
-4705
-3624
-3635
-3311
-3972
-3597
-2746
-1673
243
36
699
1927
2519
3291
2975
4044
4184
4360
6498
6454
5688
4016
3065
3880
3481
4162
3939
1610
168
-272
-983
-1760
-1271
-2469
-4059
-3671
-4200
-5186
-5636
-5889
-5941
-5615
-4600
-3935
-4879
-5739
-4994
-3912
-2878
-1770
-949
-1049
-1506
-862
248
573
841
1434
1980
2205
1445
1400
1605
1176
1606
2143
2176
1427
1345
1019
283
1263
534
-986
-708
40
945
1801
2474
1367
-397
273
2346
4367
5785
5538
4506
3696
3305
5160
7164
6396
6043
6454
5345
4033
4183
4305
2893
3222
4819
4037
2168
293
-1111
-1609
-1082
149
16
-1919
-4226
-5099
-4990
-4978
-4397
-4363
-5004
-5418
-5667
-6071
-6965
-6512
-5774
-5723
-4194
-3497
-4477
-5230
-4944
-3580
-2570
-1140
-62
-246
240
1558
2576
3074
4079
4172
4462
6662
6838
5764
5132
4285
4403
4928
5448
4682
2708
940
-226
-87
-594
-1458
-1866
-3001
-4353
-5033
-4777
-5804
-7057
-6077
-5252
-5619
-5630
-5566
-6547
-6548
-4506
-3086
-2925
-2437
-2115
-2591
-2124
-444
652
833
1139
1684
1755
1373
1288
1655
1823
1999
2659
2719
1489
1162
2149
2176
1864
1965
923
-576
158
1844
2958
4135
3341
1238
604
2154
4519
5915
6503
5341
3560
3400
4489
5865
6173
5686
5582
5114
3865
3258
3072
2420
2037
3031
3500
1478
-502
-2026
-2760
-1740
-806
-590
-1588
-3601
-5229
-5242
-4172
-3685
-3599
-4160
-5340
-5785
-5446
-5433
-5776
-5454
-4672
-4331
-4194
-3641
-3536
-3982
-3295
-1913
-1094
-1117
-1060
65
1165
2644
4059
3818
3122
2784
4078
6632
7957
7619
5282
3140
3118
3849
4653
4320
2575
487
-875
-1250
-1919
-2493
-2616
-3598
-4166
-3457
-4476
-6826
-7779
-7096
-5747
-4953
-4715
-5460
-6784
-7197
-5347
-2542
-2092
-2186
-1904
-2114
-1286
-144
482
612
418
1016
1778
1480
716
389
1019
2221
2820
2795
1682
-5
-107
663
1897
3436
3643
3420
3560
3554
3260
3927
6032
7061
7443
7552
6072
4874
5037
6831
8603
8022
6885
5530
3379
2163
2976
4284
3269
1083
252
-282
-1446
-2194
-2373
-2819
-3178
-2845
-2991
-4577
-5803
-5802
-5717
-4944
-3759
-3436
-4766
-6768
-5993
-4319
-4316
-3985
-3672
-3861
-4168
-4001
-2824
-2136
-1933
-1709
-1299
-446
-199
26
581
1298
2881
3929
3993
3214
2580
3735
5125
6367
6767
5258
3216
2403
3752
4679
3544
2094
861
-791
-1785
-1888
-2108
-2320
-3631
-4633
-4178
-4518
-5484
-6345
-5961
-4506
-4104
-4595
-5481
-6161
-6096
-4730
-2479
-2160
-2814
-2551
-2673
-2375
-1009
212
296
-575
-776
-219
-116
-386
269
901
898
1241
1100
604
-380
-975
-316
1101
3171
3685
3751
4201
3426
2908
4425
7681
9535
9501
8179
5277
4627
7064
9626
10468
8708
6569
4859
3173
3336
4494
4943
3565
1100
143
-656
-1833
-2207
-2548
-3136
-3610
-3590
-4819
-7230
-7217
-5824
-5160
-4382
-4449
-5136
-5902
-6666
-5075
-3089
-3300
-3846
-3939
-3598
-3273
-2823
-1919
-1445
-1024
-547
-281
-578
-497
1455
2617
2843
4194
4352
2609
1038
2124
5525
7110
6499
4745
1572
-72
1638
4572
5396
2629
-482
-1974
-2929
-2614
-1826
-1858
-2505
-3797
-4280
-4535
-5465
-5720
-5334
-3752
-2186
-2754
-4721
-6845
-6530
-3819
-1210
205
-1013
-3030
-3538
-2783
-712
1144
1736
817
-868
-932
-575
-712
136
841
1105
1522
1508
785
-920
-1886
-1078
616
2923
3396
2019
1647
2108
3212
4303
6032
8396
8702
7699
5834
4766
6256
8573
10334
9379
7203
5533
3567
3212
4179
5369
5168
1922
-612
-982
-1263
-1649
-2066
-2422
-3342
-4772
-5201
-5868
-6959
-6296
-5579
-5110
-5099
-6239
-6196
-6386
-5812
-3654
-3289
-4056
-4753
-4391
-3413
-2559
-697
190
-563
-1110
-786
-194
218
1543
3146
3538
2956
3432
4008
3253
3568
4963
6864
7000
5232
3559
1326
1331
3474
4603
3151
164
-1403
-2361
-3323
-3104
-2329
-2814
-4353
-5359
-5532
-5642
-5804
-5561
-5467
-5031
-4062
-4255
-6193
-7317
-5144
-1746
-816
-1800
-2438
-2962
-2671
-1137
1158
2242
625
-590
-709
-298
833
790
904
1128
1028
1484
407
-413
-712
-223
1323
2728
3735
3809
3017
2217
3069
4917
8238
10028
9345
6949
4187
4583
6987
10567
11212
8412
6163
4364
2690
2811
4322
5507
3697
-357
-1705
-1580
-1656
-2471
-3095
-2405
-3049
-4640
-6494
-7961
-7443
-6047
-4943
-4615
-5288
-6413
-7770
-7295
-3543
-1361
-2326
-4384
-5595
-4146
-2612
-761
1253
1316
-38
-1366
-593
1000
1894
2713
3511
3858
3963
3646
2617
2624
4107
5964
7132
6617
4194
1104
-455
1404
5202
5206
866
-2645
-3138
-2671
-2709
-1744
-1714
-4399
-6384
-6220
-4992
-4877
-5608
-5043
-5132
-5096
-3576
-3839
-5592
-5678
-3439
-1015
-639
-1257
-1674
-2579
-2310
276
2291
1686
-186
-1051
-793
154
1345
1287
180
149
1134
1051
-177
-1152
-596
244
1221
3248
4370
4002
2543
2021
3362
6485
9855
10008
8158
5354
4094
6188
9556
11462
9359
6221
4993
4561
3821
4099
4940
3564
495
-1253
-852
-1399
-2490
-2958
-3558
-3922
-4389
-5045
-6614
-7703
-7181
-6234
-5354
-5375
-5877
-6766
-7895
-6488
-2877
-1765
-3684
-4925
-4379
-3477
-2552
-565
942
186
-571
-137
597
1515
2196
2754
3584
4529
4937
3886
2688
3683
5589
6478
6907
6247
3557
155
325
4004
4867
1972
-1410
-2750
-2642
-2916
-2719
-2747
-3946
-5808
-6551
-5462
-4715
-4994
-5589
-5742
-5008
-3733
-3146
-4363
-5533
-4275
-2188
-1513
-1041
-755
-1900
-2679
-1521
966
2124
956
-262
-1171
-949
564
1266
953
167
335
654
-485
-1004
-572
145
1278
2590
4396
4716
2891
1405
2186
6254
10461
11427
8942
4791
3322
5857
10097
11767
9300
6272
4370
3541
3557
4855
6111
3869
130
-1365
-1104
-1174
-2548
-3964
-4160
-4027
-4441
-5431
-7060
-7779
-6959
-6155
-5699
-5567
-5644
-6831
-7775
-5238
-2267
-2031
-3590
-4498
-3423
-2133
-838
372
709
296
-349
22
1481
2840
2957
2675
3329
4651
5190
3496
2328
3586
5195
5953
5576
4715
2352
-459
353
3564
4375
858
-2526
-2703
-2580
-2873
-2461
-2256
-3933
-5901
-5594
-4620
-4397
-4261
-4126
-5108
-5271
-3256
-2881
-4031
-4155
-2720
-1893
-2046
-789
-408
-1239
-1797
-994
691
772
543
346
-483
-1129
-583
586
853
438
300
262
-794
-1021
-94
305
1030
2253
3899
4376
3237
2348
2026
4792
9300
10574
8940
5381
3222
5387
9093
11147
9325
6692
5208
2721
2361
4836
6281
4028
-188
-1233
-414
-1127
-2359
-3078
-3787
-5153
-5668
-4968
-5724
-7081
-7026
-6650
-6012
-5312
-5359
-6236
-7202
-5492
-2341
-1988
-3309
-3683
-3145
-2421
-1186
1309
2163
188
-796
58
1838
3299
3118
2679
2581
3731
5235
4233
3072
3493
4120
4441
4986
5769
3343
-629
-212
2892
3629
780
-2188
-2508
-2898
-4066
-3139
-2172
-3447
-5683
-6499
-4902
-4183
-3945
-3712
-4772
-4976
-4278
-3071
-2732
-3314
-3020
-2808
-2151
-874
-312
-659
-1303
-1213
-484
207
1238
1575
-337
-1839
-1117
130
990
1101
1061
192
-1636
-1536
-262
397
894
2222
4490
4541
2635
1665
2357
5309
8672
10534
9449
5411
2985
4626
8581
10971
9793
7388
4966
2410
1677
3890
5988
4323
371
-1418
-1438
-1762
-2028
-2697
-3639
-4957
-5802
-5461
-5807
-6312
-6706
-6898
-5998
-5277
-4968
-5743
-6632
-4926
-2574
-1971
-2730
-2973
-2250
-1913
-824
1353
2319
1393
123
306
2059
3645
3898
3078
2524
3620
4623
3713
3055
3838
4037
3208
3317
4005
2615
-6
-225
1883
2481
-147
-2671
-2401
-2003
-3015
-3142
-2523
-3399
-5385
-5906
-4348
-3135
-3290
-3783
-4347
-4239
-3041
-2339
-2669
-2787
-2249
-1835
-1870
-1351
-148
34
-1059
-1435
-458
315
342
333
-30
-1179
-1861
-1062
34
352
271
110
-343
-911
-1178
-742
343
1527
3075
4130
3681
2159
1093
3143
7011
9725
9996
7254
4374
3909
6482
9851
10137
8638
6488
3665
2150
2677
4642
4583
1551
-594
-1179
-1816
-2671
-3063
-3437
-4830
-5807
-5336
-5517
-6658
-6972
-6682
-6298
-5625
-4959
-5078
-5767
-5060
-3089
-2133
-2218
-2110
-1625
-1361
-1094
619
2419
1981
915
940
1828
2839
3154
3356
3824
3825
3556
2986
2640
3336
3533
3613
4068
3441
1870
-357
-632
1422
1801
325
-1467
-2489
-3123
-3946
-3317
-2631
-3237
-4202
-4916
-4526
-3974
-3811
-3647
-3523
-3011
-2723
-2728
-2442
-2345
-2606
-2503
-1538
-496
-169
-300
-556
-1252
-1636
-592
663
923
-208
-1487
-1797
-1633
-575
300
946
1337
384
-980
-2058
-1445
332
1653
2823
3703
3785
2523
1284
2734
6490
9669
10326
7890
4679
3739
5701
8903
9754
8576
6782
3944
1938
1942
3845
4613
1917
-714
-1779
-2197
-2647
-3482
-3819
-4644
-5741
-5728
-5498
-5917
-6803
-7034
-6307
-5516
-4885
-4484
-4653
-4673
-3588
-2169
-1630
-1752
-1508
-775
32
911
1691
1992
1839
1789
2230
2885
3246
3366
3654
3932
3647
2854
2206
2083
2391
2938
3393
3068
1557
-301
-962
-111
764
293
-1159
-2427
-3096
-3499
-3693
-3428
-3056
-3222
-3834
-4029
-3605
-3346
-3355
-3119
-2483
-1802
-1354
-1301
-1646
-2079
-1985
-1213
-512
285
584
-40
-1022
-1785
-978
97
555
217
-1225
-2168
-2425
-1661
-346
578
1061
281
-1162
-1909
-1376
1
1379
2787
4105
3859
2016
845
2266
6046
9278
10131
8392
5207
3763
5109
7805
9386
8712
7032
4482
1924
1285
2385
3264
2043
-37
-1108
-1759
-2697
-3776
-4693
-5375
-5636
-5132
-4551
-5154
-6345
-7020
-6681
-5567
-4574
-3772
-3769
-3990
-3247
-2002
-1129
-1148
-1019
-281
506
1348
2124
2163
1605
1543
2187
3102
3368
3215
3179
3129
3199
2546
1521
1035
1192
1922
2319
2290
1265
-865
-2108
-1568
-76
240
-950
-1952
-2539
-2982
-3337
-3073
-2363
-2310
-2490
-2156
-1780
-2117
-2647
-2396
-1580
-824
-142
148
-680
-1966
-2162
-1129
-171
111
103
-380
-1589
-2554
-2126
-813
-147
-553
-1226
-1529
-1563
-1326
-608
201
596
585
221
-617
-1585
-1842
-838
942
2625
3692
3628
2853
2204
2598
4701
7025
8133
7574
5966
5081
5147
6018
6965
6720
5607
4072
3057
2750
2030
1155
455
-272
-1245
-2096
-2097
-2365
-3999
-5768
-6086
-5305
-4765
-4801
-5063
-5466
-5662
-5135
-4363
-3961
-3398
-2235
-1352
-1258
-1092
-488
-94
139
950
1976
2426
2499
2504
2207
1849
1892
2154
2602
3196
3691
3131
1452
200
-231
100
815
1725
2270
1000
-1151
-2441
-2322
-1527
-1015
-692
-809
-1569
-2568
-3242
-3226
-2627
-1866
-1335
-1160
-1314
-1600
-1843
-1810
-1243
-213
647
540
-435
-1286
-1327
-773
-103
423
463
-217
-1194
-1678
-1447
-990
-749
-867
-1241
-1453
-1160
-712
-626
-718
-447
209
635
484
-312
-1380
-1784
-1134
270
1702
2815
3503
3327
2686
2338
2908
4318
5651
6501
6232
5233
4610
4403
4445
4047
3668
3917
3832
2969
1631
485
-478
-1253
-1359
-1027
-933
-1636
-2867
-3965
-4798
-5096
-4280
-3191
-2717
-2882
-3169
-3023
-3113
-2896
-2209
-1614
-829
-227
331
498
28
-318
-313
372
1697
2745
2756
1743
432
-286
-263
588
2070
2785
2209
1019
-158
-1037
-1467
-800
645
1347
878
-337
-1597
-2253
-2165
-1295
-619
-607
-698
-881
-1232
-1912
-2164
-1686
-1263
-990
-790
-350
-130
-344
-276
-138
-129
-173
-168
158
674
945
701
2
-669
-747
-302
272
546
278
-318
-956
-1172
-863
-370
61
145
-10
-393
-914
-1188
-1210
-834
-348
-269
-774
-1753
-2451
-2524
-1814
-319
1161
1848
1463
721
68
-359
286
2048
3974
4870
4571
3861
2985
2372
2796
4100
5061
4930
4212
3450
2521
1545
1052
1018
949
673
330
-131
-776
-1398
-1770
-1808
-1384
-738
-618
-1206
-1920
-2175
-2208
-2433
-2648
-2735
-2670
-2486
-1922
-1149
-1006
-1328
-1663
-1526
-790
-69
479
466
35
-137
-52
309
665
921
962
539
27
-432
-843
-1013
-656
154
930
1119
744
254
-277
-472
-146
502
908
716
343
-138
-617
-888
-807
-590
-617
-671
-463
-288
-460
-557
-583
-650
-664
-464
94
360
231
35
-150
-225
-141
205
443
267
4
-119
-329
-736
-990
-842
-491
-294
-284
-484
-917
-1258
-1248
-821
-365
-352
-734
-1304
-1469
-1068
-769
-826
-1130
-1199
-1028
-922
-534
-195
-225
-451
-292
670
1770
2750
3442
3681
3566
3539
4052
4563
4711
4528
4277
3859
3317
3069
2969
2923
2652
2216
1455
341
-221
-227
-153
-495
-1182
-1682
-2246
-2579
-2404
-2198
-2156
-2615
-3089
-3108
-3115
-2923
-2803
-2667
-2293
-1995
-1551
-1309
-1128
-971
-1003
-774
-511
-249
-150
-226
-39
376
764
788
514
97
-225
-205
193
903
1379
1470
1249
846
659
719
1015
1208
1194
1069
788
477
-10
-360
-552
-753
-815
-767
-687
-925
-1262
-1331
-1341
-1476
-1458
-1094
-682
-436
-302
-185
-461
-962
-1086
-780
-198
238
471
511
268
12
-21
342
780
866
608
257
45
-64
-33
-53
-239
-524
-803
-849
-967
-1161
-1354
-1492
-1516
-1816
-2185
-2587
-2831
-2616
-2033
-961
23
534
624
475
728
1392
2329
3377
4226
4921
5272
5195
4874
4525
4453
4576
4652
4565
4264
3761
3037
2170
1359
729
227
-153
-447
-767
-1210
-1880
-2566
-3136
-3459
-3504
-3479
-3252
-2986
-2896
-2999
-3129
-2851
-2443
-2105
-1803
-1575
-1225
-854
-356
67
135
93
28
135
214
314
578
889
1339
1535
1316
619
-157
-372
-64
726
1559
1994
1717
900
256
-35
-57
149
544
860
808
385
-357
-1255
-1916
-2024
-1701
-1258
-936
-978
-1422
-1900
-2027
-1873
-1643
-1275
-772
-387
-147
155
486
591
503
499
595
681
799
999
1085
910
676
594
509
261
68
-69
-214
-361
-505
-647
-1030
-1421
-1750
-2104
-2286
-2315
-2085
-1763
-1520
-1387
-1549
-1922
-2284
-2219
-1528
-452
593
1254
1514
1463
1493
1868
2653
3788
4706
5222
5323
5096
4762
4382
4237
4139
3920
3678
3311
2775
2051
1309
691
90
-530
-1090
-1596
-2017
-2399
-2655
-2692
-2787
-2903
-3007
-3040
-2839
-2626
-2265
-1832
-1463
-1109
-1046
-948
-799
-587
-112
407
856
824
562
435
491
643
667
703
591
483
508
739
849
412
-166
-584
-560
-304
156
680
714
328
-234
-514
-543
-457
-156
94
104
-153
-430
-656
-938
-1242
-1459
-1473
-1382
-1081
-617
-282
-202
-449
-658
-691
-462
192
751
879
509
-83
-378
-298
72
296
217
-26
-314
-335
-194
41
167
-32
-300
-592
-734
-697
-580
-467
-698
-1112
-1428
-1691
-1853
-1819
-1664
-1547
-1549
-1567
-1484
-1434
-1487
-1452
-1057
-277
699
1669
2398
2653
2580
2635
3076
3781
4351
4738
4919
4821
4629
4272
3855
3322
2696
2217
1706
1265
877
347
-355
-1083
-1617
-2033
-2335
-2513
-2641
-2749
-2838
-2738
-2465
-2312
-2242
-2022
-1810
-1628
-1223
-698
-189
315
676
765
670
588
743
1096
1334
1540
1609
1326
1061
832
610
414
90
-99
-124
-44
-55
-412
-885
-1373
-1565
-1306
-817
-165
191
115
-119
-434
-597
-492
-232
-11
-10
-213
-469
-708
-854
-994
-1180
-1311
-1399
-1334
-1140
-837
-511
-405
-498
-709
-771
-499
-48
388
695
747
573
366
238
369
565
632
676
569
385
292
275
265
120
-127
-428
-682
-895
-1249
-1637
-2018
-2351
-2491
-2467
-2283
-2094
-2137
-2221
-2157
-2087
-1961
-1579
-837
197
1318
2384
3163
3496
3514
3653
4231
4952
5570
5844
5655
5359
5010
4678
4301
3636
2709
1541
493
-238
-722
-1059
-1440
-1878
-2450
-3086
-3589
-3884
-3974
-3812
-3407
-2927
-2569
-2401
-2141
-1732
-1150
-407
241
790
1234
1600
1899
1971
1792
1566
1437
1513
1852
2076
1938
1461
852
404
131
31
-87
-333
-602
-941
-1283
-1678
-2180
-2577
-2697
-2361
-1719
-1142
-772
-691
-651
-426
-87
213
263
203
147
155
324
443
353
63
-198
-313
-432
-518
-492
-397
-308
-196
-62
-78
-279
-395
-251
-20
95
66
-68
-245
-310
-174
-43
-161
-448
-633
-609
-444
-260
-251
-557
-1022
-1307
-1270
-1107
-1075
-1289
-1666
-1979
-2047
-1901
-1697
-1496
-1298
-1167
-1115
-1029
-799
-374
402
1609
2940
3900
4327
4461
4582
4863
5369
5842
5795
5188
4465
4103
4028
3860
3395
2417
1032
-358
-1274
-1627
-1912
-2296
-2734
-3215
-3724
-4130
-4265
-4262
-4160
-3782
-3175
-2567
-1990
-1337
-541
228
825
1221
1374
1541
1921
2567
3215
3455
3302
2889
2530
2419
2383
2140
1476
564
-331
-1038
-1485
-1765
-2017
-2269
-2465
-2652
-2966
-3458
-3954
-4174
-3945
-3320
-2507
-1732
-1120
-578
81
864
1552
1980
2178
2223
2192
2179
2190
2087
1794
1460
1188
868
389
-202
-792
-1278
-1539
-1565
-1500
-1475
-1458
-1330
-1111
-886
-723
-662
-715
-781
-669
-304
139
470
630
535
397
316
292
295
154
-17
-415
-909
-1222
-1472
-1668
-1993
-2320
-2628
-2958
-2976
-2643
-2186
-1932
-1874
-1710
-1256
-301
1248
3064
4520
5325
5635
5843
6247
6852
7429
7420
6728
5729
4922
4638
4377
3725
2439
670
-996
-2343
-3163
-3807
-4508
-5033
-5352
-5267
-5025
-4798
-4577
-4463
-4127
-3580
-2763
-1694
-606
591
1711
2701
3496
3983
4268
4318
4183
3905
3520
3092
2697
2287
1799
1181
420
-347
-1082
-1911
-2822
-3624
-4225
-4450
-4431
-4241
-3840
-3538
-3262
-2988
-2627
-2257
-1871
-1376
-1171
-992
-533
585
2275
3761
4662
4515
3671
2964
2733
2872
2718
1913
808
-241
-829
-996
-1254
-1661
-2396
-3125
-3570
-3688
-3226
-2607
-1744
-809
-50
736
1381
1878
2068
1905
1447
980
811
969
1105
926
649
409
324
91
-315
-1000
-2056
-2898
-3396
-3602
-3839
-4078
-4153
-4074
-3693
-3339
-2952
-2642
-2462
-2052
-1455
-385
1208
3388
5854
7737
8819
9116
9283
9455
9537
9247
7980
6297
4662
3778
3315
2612
1615
12
-1648
-3275
-4589
-5606
-6535
-7116
-7501
-7388
-6805
-5810
-4644
-3709
-3028
-2556
-1892
-868
380
1541
2459
3321
4346
5517
6412
6648
6111
5058
3893
2828
1916
1055
185
-667
-1378
-1883
-2243
-2611
-3251
-4057
-4877
-5411
-5426
-5126
-4519
-3920
-3316
-2559
-1730
-679
305
1008
1236
977
632
687
1284
2159
2965
3401
3691
3756
3589
3134
2121
897
-406
-1543
-2274
-2686
-2850
-2837
-2666
-2525
-2356
-2030
-1656
-1296
-1007
-726
-268
544
1709
2901
3568
3593
3331
2876
2456
2022
1198
50
-1295
-2331
-2696
-2535
-2160
-2149
-2496
-3035
-3481
-3536
-3625
-3895
-4473
-5045
-5017
-4215
-2700
-1286
-163
421
649
1022
1664
2995
4375
5936
7380
8322
9073
9531
10043
10135
9630
8150
6025
3889
1880
615
-538
-1623
-2778
-3891
-4492
-4962
-5167
-5613
-6393
-7128
-7509
-6948
-5748
-4324
-3023
-2031
-885
554
2037
3182
3737
3948
4089
4372
4841
5274
5459
5329
4848
4050
3077
2001
787
-642
-2163
-3451
-4224
-4539
-4690
-4865
-5001
-4895
-4455
-3744
-3046
-2512
-2140
-1862
-1479
-883
-8
798
1525
1952
1980
1869
1740
1732
1551
1478
1246
1180
1332
1316
1273
955
417
-202
-875
-1641
-2202
-2593
-2761
-2873
-2889
-2495
-1732
-742
138
740
1083
1311
1680
2187
2676
2875
2788
2515
2133
1836
1404
835
-124
-1184
-2218
-3038
-3618
-4030
-4252
-4475
-4318
-3958
-3280
-2626
-2191
-1978
-2153
-2262
-2141
-1746
-1121
-555
-2
582
1292
2254
3176
4103
5141
6271
7242
7753
7855
7699
7592
7384
6719
5388
3594
1858
365
-744
-1850
-2881
-3694
-4435
-4711
-4842
-4821
-4785
-5020
-5075
-4916
-4295
-3430
-2640
-1770
-971
129
1489
2569
3327
3712
3940
4252
4558
4710
4550
4057
3352
2692
2170
1675
958
-159
-1497
-2669
-3429
-3802
-4016
-4297
-4603
-4699
-4200
-3284
-2291
-1400
-843
-386
-61
283
687
882
1072
1132
1104
1001
796
684
568
453
327
163
16
-111
-182
-234
-361
-610
-931
-1245
-1426
-1460
-1409
-1311
-1294
-1176
-781
-261
309
845
1233
1498
1878
2177
2344
2386
2072
1759
1375
998
650
127
-496
-1263
-1814
-2224
-2483
-2672
-2979
-3056
-3011
-2702
-2232
-1745
-1233
-993
-802
-769
-741
-545
-438
-186
-24
171
500
766
926
884
930
974
1363
2102
2903
3717
4283
4904
5419
5776
5807
5377
4564
3390
2319
1179
122
-709
-1479
-1988
-2290
-2426
-2465
-2486
-2579
-2777
-2969
-3066
-3004
-2769
-2535
-2397
-2063
-1451
-660
320
1247
1958
2601
3186
3571
3710
3574
3178
2685
2190
1684
1147
475
-328
-988
-1391
-1731
-2033
-2273
-2512
-2681
-2719
-2686
-2618
-2378
-2071
-1688
-1158
-726
-299
56
351
590
602
575
277
-115
-250
-472
-641
-753
-904
-664
-285
-2
280
354
514
664
616
539
232
-14
-248
-594
-637
-614
-456
-152
45
414
799
1143
1378
1304
1267
1147
965
864
520
139
-235
-628
-934
-1233
-1449
-1738
-1961
-2001
-2036
-1905
-1668
-1495
-1363
-1251
-1017
-579
-176
26
71
38
97
260
369
319
99
-225
-547
-780
-902
-853
-767
-442
323
1400
2556
3716
4783
5570
6177
6273
5867
5040
4051
2986
1969
983
-69
-883
-1407
-1666
-1828
-1896
-2141
-2386
-2771
-2978
-3012
-3038
-2872
-2788
-2499
-2035
-1320
-489
302
1040
1751
2377
2975
3472
3744
3742
3443
3017
2490
1823
951
21
-780
-1343
-1711
-1963
-2145
-2275
-2327
-2309
-2270
-2317
-2537
-2816
-2943
-2749
-2268
-1712
-1227
-793
-235
470
1164
1633
1746
1543
1196
904
535
75
-432
-788
-871
-843
-608
-399
-167
33
221
509
536
526
316
12
-226
-580
-725
-813
-833
-663
-271
260
767
1321
1727
1921
1946
1809
1478
909
329
-252
-715
-1018
-1206
-1267
-1392
-1303
-1162
-1075
-933
-923
-863
-916
-944
-948
-1042
-1035
-1081
-920
-733
-596
-256
-48
180
362
249
24
-399
-857
-1206
-1465
-1520
-1349
-767
236
1422
2685
3954
5082
5988
6609
6789
6406
5511
4356
3114
1796
480
-702
-1661
-2371
-2793
-2909
-2823
-2653
-2428
-2170
-1918
-1675
-1463
-1360
-1403
-1499
-1531
-1445
-1219
-816
-226
516
1355
2191
2931
3564
4030
4183
3939
3343
2473
1432
415
-475
-1298
-2069
-2710
-3145
-3316
-3245
-3013
-2717
-2472
-2270
-2058
-1826
-1528
-1286
-1190
-1007
-664
-242
287
745
957
1060
1219
1420
1485
1264
853
434
99
-149
-370
-558
-670
-737
-756
-693
-612
-603
-682
-803
-884
-921
-906
-803
-691
-552
-282
47
421
909
1367
1716
2025
2178
2142
2041
1767
1262
746
279
-236
-705
-1078
-1372
-1493
-1432
-1248
-1015
-877
-753
-550
-487
-553
-650
-833
-997
-1098
-1176
-1230
-1210
-1050
-849
-647
-328
-87
-32
61
41
-76
-225
-490
-603
-517
-66
660
1316
2087
2881
3770
4770
5515
5956
5912
5506
4919
3999
2905
1552
84
-1166
-2318
-3157
-3688
-3987
-4015
-3833
-3246
-2553
-1875
-1228
-843
-536
-334
-223
-226
-333
-342
-241
82
614
1214
1795
2316
2769
3174
3438
3344
2957
2349
1515
636
-207
-1073
-1946
-2714
-3358
-3798
-3908
-3796
-3450
-2960
-2427
-1766
-1185
-705
-285
-15
217
319
286
202
30
-47
0
112
266
349
510
767
1051
1281
1328
1273
1096
889
652
319
-106
-694
-1202
-1561
-1741
-1773
-1805
-1665
-1416
-1039
-534
-116
314
721
1056
1316
1478
1578
1463
1181
913
634
313
102
-27
-197
-271
-244
-142
-59
12
149
157
120
38
-166
-402
-692
-1020
-1316
-1518
-1641
-1715
-1767
-1735
-1587
-1469
-1207
-796
-559
-410
-266
-197
-238
-269
-240
-251
-126
209
752
1405
2096
3003
3972
4854
5670
6171
6233
6049
5616
4795
3673
2334
889
-463
-1685
-2726
-3509
-4036
-4370
-4355
-3994
-3517
-2886
-2311
-1822
-1235
-694
-290
-62
37
71
144
329
602
878
1169
1566
2004
2454
2764
2903
2854
2597
2265
1743
1020
146
-775
-1629
-2397
-3038
-3587
-3926
-3998
-3778
-3317
-2741
-2101
-1599
-1084
-480
-38
196
171
5
-235
-476
-497
-498
-556
-542
-361
119
718
1337
1838
2152
2417
2569
2623
2470
2045
1393
613
-96
-782
-1399
-1900
-2236
-2382
-2316
-2029
-1684
-1256
-750
-162
322
709
1021
1064
1002
880
704
317
-112
-350
-589
-663
-544
-358
-171
147
658
1106
1405
1546
1465
1141
738
279
-292
-959
-1640
-2158
-2500
-2637
-2593
-2407
-2071
-1629
-1117
-594
-128
208
362
366
312
199
108
137
304
662
1132
1776
2581
3459
4348
5051
5572
5870
5908
5678
5082
4169
2965
1606
259
-1030
-2166
-3126
-3877
-4322
-4436
-4227
-3834
-3354
-2762
-2151
-1551
-998
-541
-242
-127
-13
78
95
163
330
582
821
1094
1417
1681
1941
2151
2275
2253
2016
1593
1014
437
-190
-917
-1699
-2431
-3030
-3500
-3670
-3595
-3372
-3096
-2676
-2062
-1469
-882
-439
-173
-76
-33
74
49
-12
-47
-46
93
395
813
1193
1531
1925
2278
2480
2543
2398
2073
1603
1058
485
-211
-912
-1508
-1896
-2084
-2177
-2160
-2040
-1774
-1381
-941
-559
-291
-67
186
402
505
536
446
257
102
63
89
70
109
243
433
649
843
1022
1125
1093
940
707
373
-95
-582
-993
-1395
-1798
-2086
-2230
-2229
-2082
-1826
-1480
-1096
-728
-349
15
252
404
533
625
717
903
1171
1484
1914
2399
2918
3445
3967
4422
4752
4927
4786
4455
3921
3192
2315
1311
339
-730
-1708
-2498
-3116
-3532
-3794
-3837
-3742
-3451
-3066
-2612
-2134
-1714
-1246
-862
-493
-179
41
244
383
572
722
836
987
1098
1244
1344
1442
1535
1501
1425
1289
1090
783
334
-222
-830
-1445
-1997
-2425
-2761
-2919
-2946
-2814
-2521
-2200
-1758
-1312
-882
-416
-10
285
440
624
775
818
882
882
853
826
815
892
898
851
800
737
674
558
445
257
25
-151
-356
-563
-791
-965
-1107
-1230
-1201
-1176
-1116
-932
-690
-387
-98
166
388
538
680
786
817
761
669
587
468
364
271
128
-3
-107
-176
-241
-339
-413
-521
-641
-677
-717
-795
-901
-992
-1067
-1171
-1198
-1168
-1120
-1007
-842
-623
-358
-31
379
848
1341
1833
2324
2787
3222
3627
3945
4119
4164
4129
3963
3668
3276
2730
2100
1440
763
106
-558
-1173
-1733
-2245
-2604
-2847
-3016
-3113
-3100
-2985
-2838
-2593
-2295
-1966
-1589
-1205
-792
-444
-143
192
483
712
909
1108
1267
1381
1503
1554
1530
1468
1354
1191
983
705
332
-74
-462
-779
-1086
-1339
-1535
-1723
-1803
-1815
-1739
-1625
-1540
-1413
-1252
-1063
-881
-704
-535
-356
-181
-2
156
267
363
431
541
619
643
614
554
558
502
441
376
274
176
80
34
-25
-102
-194
-289
-356
-422
-475
-535
-600
-658
-657
-601
-516
-417
-303
-175
-35
103
201
285
348
387
386
401
390
316
203
108
14
-85
-201
-314
-402
-487
-521
-579
-611
-645
-684
-668
-651
-572
-513
-446
-340
-232
-62
116
349
641
961
1327
1699
2117
2555
2926
3257
3510
3626
3640
3559
3344
2992
2533
1975
1350
699
41
-582
-1187
-1735
-2169
-2469
-2620
-2685
-2660
-2570
-2375
-2142
-1893
-1646
-1414
-1185
-981
-753
-572
-415
-294
-141
58
277
486
633
815
987
1153
1264
1338
1346
1230
1077
907
705
432
109
-207
-526
-807
-1027
-1245
-1414
-1506
-1500
-1432
-1327
-1171
-1033
-843
-652
-492
-387
-299
-235
-217
-169
-136
-134
-179
-183
-168
-138
-70
27
109
176
260
343
428
464
490
480
463
452
385
315
225
126
35
-63
-177
-313
-399
-453
-501
-514
-476
-443
-394
-306
-213
-117
-21
88
165
237
273
260
211
152
90
32
-18
-81
-117
-151
-170
-202
-190
-229
-265
-249
-294
-289
-278
-235
-181
-90
55
204
400
635
921
1202
1528
1849
2171
2441
2650
2814
2869
2857
2719
2504
2207
1802
1329
843
374
-145
-635
-1080
-1500
-1801
-2058
-2219
-2285
-2278
-2212
-2076
-1867
-1651
-1415
-1187
-982
-807
-602
-441
-299
-157
-32
76
174
308
386
479
569
621
692
722
727
679
625
584
465
359
234
93
-10
-135
-215
-279
-350
-371
-393
-409
-422
-443
-467
-498
-546
-595
-629
-703
-788
-844
-880
-883
-897
-889
-832
-737
-611
-474
-296
-121
45
222
379
525
634
700
741
740
693
632
565
475
366
259
168
82
-11
-93
-157
-203
-228
-244
-248
-236
-239
-261
-280
-277
-264
-265
-264
-240
-231
-228
-186
-150
-145
-149
-142
-122
-119
-140
-142
-134
-126
-104
-78
-35
47
157
300
505
727
951
1175
1372
1600
1823
2005
2149
2214
2228
2186
2098
1958
1742
1474
1146
796
424
36
-309
-637
-929
-1183
-1388
-1512
-1595
-1627
-1610
-1542
-1424
-1304
-1169
-1009
-843
-700
-574
-449
-341
-262
-194
-129
-91
-65
-25
15
58
88
132
189
227
252
266
288
286
283
263
226
236
200
157
146
119
85
52
18
-24
-77
-138
-196
-283
-369
-466
-565
-675
-773
-863
-931
-979
-1001
-990
-950
-875
-783
-654
-519
-362
-216
-35
139
300
457
578
688
742
780
799
767
714
628
532
420
304
212
112
26
-37
-111
-143
-194
-244
-267
-323
-349
-372
-400
-425
-428
-430
-437
-421
-406
-391
-379
-370
-344
-293
-251
-239
-231
-202
-166
-114
-52
19
111
214
345
510
694
893
1089
1309
1548
1734
1904
2013
2102
2129
2092
2005
1836
1610
1328
1031
705
359
-9
-340
-641
-890
-1098
-1268
-1386
-1446
-1427
-1371
-1288
-1185
-1054
-920
-768
-643
-519
-415
-330
-239
-192
-130
-96
-72
-37
1
41
52
59
75
87
103
127
147
164
189
190
190
195
165
139
137
128
119
107
76
66
56
17
-31
-115
-233
-328
-428
-552
-666
-769
-846
-886
-909
-912
-871
-814
-743
-603
-458
-332
-187
-78
39
145
219
295
305
321
337
337
351
337
338
320
315
320
292
274
226
179
150
115
74
34
-18
-89
-104
-162
-190
-227
-290
-300
-329
-330
-329
-338
-348
-327
-303
-300
-292
-300
-302
-295
-273
-229
-200
-164
-84
30
165
321
476
666
871
1048
1237
1417
1547
1661
1742
1767
1751
1678
1551
1399
1210
993
762
516
263
16
-204
-414
-603
-749
-875
-960
-1005
-1020
-1021
-1002
-939
-869
-803
-735
-649
-551
-464
-373
-304
-257
-181
-116
-84
-40
-19
-9
24
39
57
65
61
75
94
97
84
92
84
66
67
77
82
70
64
55
51
30
-24
-52
-96
-165
-218
-296
-374
-440
-510
-554
-589
-613
-616
-594
-532
-469
-402
-301
-214
-141
-56
-3
38
99
140
160
177
172
164
164
154
157
158
165
170
149
143
143
134
120
110
103
87
59
41
35
17
14
-10
-39
-67
-120
-161
-206
-240
-270
-293
-293
-283
-263
-262
-244
-198
-171
-140
-86
-44
2
61
115
189
256
314
381
437
488
535
580
622
662
696
714
738
764
775
760
741
713
658
597
541
451
356
272
168
101
36
-68
-144
-218
-307
-361
-404
-450
-480
-492
-485
-463
-438
-421
-381
-325
-283
-235
-201
-169
-122
-96
-68
-41
-40
-28
-12
1
16
11
6
-3
-23
-42
-65
-92
-121
-149
-153
-168
-197
-197
-210
-229
-216
-215
-211
-200
-190
-189
-182
-175
-174
-163
-168
-165
-158
-164
-145
-130
-119
-97
-78
-65
-56
-20
6
15
39
50
47
54
58
46
43
38
25
17
8
11
5
6
28
40
50
55
62
68
68
68
62
55
51
43
25
12
-15
-35
-41
-50
-41
-39
-40
-25
-12
4
30
63
77
86
106
118
136
155
151
152
172
181
190
204
204
207
210
212
225
230
224
210
206
200
194
197
172
152
145
131
120
102
81
64
61
52
37
27
16
8
3
-3
-4
-3
-26
-38
-38
-58
-78
-86
-98
-101
-91
-86
-84
-81
-79
-75
-72
-71
-74
-81
-95
-113
-120
-116
-124
-142
-154
-165
-172
-166
-164
-166
-159
-166
-163
-135
-124
-134
-117
-103
-105
-92
-85
-87
-69
-61
-67
-52
-44
-66
-68
-46
-47
-54
-38
-27
-27
-16
-14
-8
0
-3
-1
3
-5
-18
-19
-33
-44
-40
-48
-62
-56
-39
-32
-16
4
9
19
26
41
63
71
65
74
91
95
104
111
110
119
128
130
131
129
126
136
0
0
0
0
0
0
0
0
0
0
0
0
0
0
0
0
0
0
0
0
0
0
0
0
0
0
0
0
0
0
0
0
0
0
0
0
0
0
0
0
0
0
0
0
0
0
0
0
0
0
0
0
0
0
0
0
0
0
0
0
0
0
0
0
0
0
0
0
0
0
0
0
0
0
0
0
0
0
0
0
0
0
0
0
0
0
0
0
0
0
0
0
0
0
0
0
0
0
0
0
0
0
0
0
0
0
0
0
0
0
0
0
0
0
0
0
0
0
0
0
0
0
0
0
0
0
0
0
0
0
0
0
0
0
0
0
0
0
0
0
0
0
0
0
0
0
0
0
0
0
0
0
0
0
0
0
0
0
0
0
0
0
0
0
0
0
0
0
0
0
0
0
0
0
0
0
0
0
0
0
0
0
0
0
0
0
0
0
0
0
0
0
0
0
0
0
0
0
0
0
0
0
0
0
0
0
0
0
0
0
0
0
0
0
0
0
0
0
0
0
0
0
0
0
0
0
0
0
0
0
0
0
0
0
0
0
0
0
0
0
0
0
0
0
0
0
0
0
0
0
0
0
0
0
0
0
0
0
0
0
0
0
0
0
0
0
0
0
0
0
0
0
0
0
0
0
0
0
0
0
0
0
0
0
0
0
0
0
0
0
0
0
0
0
0
0
0
0
0
0
0
0
0
0
0
0
0
0
0
0
0
0
0
0
0
0
0
0
0
0
0
0
0
0
0
0
0
0
0
0
0
0
0
0
0
0
0
0
0
0
0
0
0
0
0
0
0
0
0
0
0
0
0
0
0
0
0
0
0
0
0
0
0
0
0
0
0
0
0
0
0
0
0
0
0
0
0
0
0
0
0
0
0
0
0
0
0
0
0
0
0
0
0
0
0
0
0
0
0
0
