0
0
0
0
0
0
0
0
0
0
0
0
0
0
0
0
0
0
0
0
0
0
0
0
0
0
0
0
0
0
0
0
0
0
0
0
0
0
0
0
0
0
0
0
0
0
0
0
0
0
0
0
0
0
0
0
0
0
0
0
0
0
0
0
0
0
0
0
0
0
0
0
0
0
0
0
0
0
0
0
0
0
0
0
0
0
0
0
0
0
0
0
0
0
0
0
0
0
0
0
0
0
0
0
0
0
0
0
0
0
0
0
0
0
0
0
0
0
0
0
0
0
0
0
0
0
0
0
0
0
0
0
0
0
0
0
0
0
0
0
0
0
0
0
0
0
0
0
0
0
0
0
0
0
0
0
0
0
0
0
0
0
0
0
0
0
0
0
0
0
0
0
0
0
0
0
0
0
0
0
0
0
0
0
0
0
0
0
0
0
0
0
0
0
0
0
0
0
0
0
0
0
0
0
0
0
0
0
0
0
0
0
0
0
0
0
0
0
0
0
0
0
0
0
0
0
0
0
0
0
0
0
0
0
0
0
0
0
0
0
0
0
0
0
0
0
0
0
0
0
0
0
0
0
0
0
0
0
0
0
0
0
0
0
0
0
0
0
0
0
0
0
0
0
0
0
0
0
0
0
0
0
0
0
0
0
0
0
0
0
0
0
0
0
0
0
0
0
0
0
0
0
0
0
0
0
0
0
0
0
0
0
0
0
0
0
0
0
0
0
0
0
0
0
0
0
0
0
0
0
0
0
0
0
0
0
0
0
0
0
0
0
0
0
0
0
0
0
0
0
0
0
0
0
0
0
0
0
0
0
0
0
0
0
0
0
0
0
0
0
0
0
0
0
0
0
0
0
0
0
0
0
0
0
0
0
0
0
0
0
0
0
0
0
0
0
75
5
122
-46
61
139
16
221
29
15
88
26
81
-16
114
8
-15
132
-62
-16
18
-93
6
34
17
48
-23
16
-80
-110
66
-115
41
101
-154
111
-10
-87
98
-23
138
67
-26
-28
-79
78
-119
19
117
-138
205
49
-177
292
-23
-132
252
-179
-79
152
-138
27
21
-24
6
-67
88
-36
-147
22
-85
-145
62
38
-110
-42
-52
-138
-56
-17
17
47
-90
-118
-47
-14
37
87
125
58
69
89
-75
-65
-19
-106
118
189
19
241
142
-3
94
-81
15
6
19
101
-112
69
110
-33
168
16
-224
-5
-81
-160
-35
5
6
-174
115
-42
-165
136
-132
56
-6
-138
-64
-292
-1
63
-161
272
199
-86
197
-102
-327
26
-29
-69
164
-22
-111
74
44
69
93
-51
-3
10
-95
9
126
198
77
176
14
-147
173
-4
89
68
-46
86
-16
-7
58
-12
-129
126
8
-99
16
-258
-48
5
-115
43
-82
-34
-10
-18
-17
-2
35
-90
96
-77
-188
117
-102
-80
200
-166
-95
177
-172
86
255
-45
112
233
-96
-41
203
-317
-45
284
-154
-30
-53
17
111
93
113
-43
156
-10
-25
156
-95
142
116
11
179
-90
-196
-58
32
-120
-117
94
-75
-154
76
-12
-210
161
-41
-351
172
-186
-299
253
-49
-43
97
-64
60
96
99
-21
-76
-30
-82
68
45
93
63
-68
47
-101
-87
-43
124
135
-23
309
-84
-174
264
-12
-34
126
-114
-323
96
20
-289
303
91
-131
330
-101
-92
182
-227
88
108
-246
224
33
-180
207
-265
-282
226
-165
-82
214
-103
121
259
-31
65
-6
-97
26
-100
-97
25
36
92
126
73
170
83
-160
28
-120
-108
59
-298
95
238
-130
102
-28
-250
42
-5
-191
27
23
-83
87
150
-108
11
251
-91
-10
12
-262
-13
158
-85
-140
163
-57
-66
237
-109
-65
82
-114
121
122
-189
147
115
-193
225
-177
-274
487
-216
-241
439
-271
51
367
-359
27
97
-102
199
94
170
46
-74
154
-130
-168
33
-213
34
169
-206
157
233
-104
113
149
8
-8
-44
-71
2
-84
-187
-22
-19
-10
80
-21
-4
105
-41
-33
73
1
67
-72
10
135
-192
-32
-112
-306
30
-67
-59
63
-29
37
26
143
190
16
33
51
-140
-112
129
-237
-111
194
-326
223
201
-293
343
199
-61
165
-7
55
161
-223
-68
-3
-226
65
31
-75
146
-72
-236
230
-9
-170
283
152
62
121
-6
-367
-248
-90
-109
131
-200
-32
121
-232
78
-10
15
270
74
-80
42
55
-194
103
-77
-93
-111
-267
113
-368
33
310
-42
301
218
136
5
110
143
-103
89
20
-362
27
79
-288
127
-82
-8
221
51
125
-56
2
-85
45
-115
-56
218
-282
101
48
-385
55
95
-156
-6
72
-62
124
27
102
187
-114
208
3
-168
63
-294
-88
-1
-88
23
71
310
46
-48
89
177
119
-32
86
-160
-131
-124
-315
101
156
-131
-31
176
39
-184
-121
13
94
42
132
63
27
110
-88
-165
83
-51
-366
100
-78
-147
326
-47
-25
199
81
110
111
-119
-47
-7
-166
63
-175
-55
343
-81
-265
124
39
-26
258
-155
123
207
-220
194
-157
-269
204
-119
-19
96
-147
11
16
-20
82
116
-90
74
56
13
214
-154
-11
67
-399
-192
-114
-343
100
-32
-139
304
8
271
512
-42
118
372
-78
-29
-44
-299
-120
-9
4
-268
-39
291
88
53
113
25
16
122
-105
-200
-95
-144
-16
-209
-38
164
-310
143
84
-309
379
179
-184
133
298
53
-33
321
-197
-320
106
-216
-302
24
142
-34
129
215
89
9
176
186
-390
32
14
-468
68
35
17
147
-32
119
-116
-289
206
150
-62
45
-117
-12
182
-16
-278
22
190
-311
-33
255
-159
-99
237
10
78
294
-157
-48
222
-103
-262
95
-150
20
153
-141
203
-20
57
-120
-101
123
-256
133
275
-131
-119
284
-20
-282
-71
-211
-98
134
75
5
250
-39
64
82
-156
295
-298
-203
82
-135
113
154
117
-109
247
-104
-22
217
-429
43
80
-146
-224
242
293
-277
334
124
-241
177
-34
-390
-32
-94
-232
78
17
359
119
-311
191
231
-256
74
156
44
57
-466
274
137
-372
285
-164
-215
142
-43
32
-88
25
183
-45
71
-15
-149
170
137
-189
223
250
-144
295
-172
-407
-51
-1
-119
-238
45
-15
143
154
322
-134
-573
446
176
-197
454
-323
-411
22
-311
98
-5
159
245
-527
-212
174
-198
-119
383
-23
40
551
-102
-162
-24
-210
-139
58
140
-162
-31
261
230
161
501
108
-667
38
-14
-408
425
409
-124
-167
-106
-308
-292
201
179
8
-80
-40
65
-43
170
44
2
257
-114
1
295
-332
-226
344
-242
-94
297
-319
124
107
-373
415
-54
-685
-20
-91
-221
93
-24
101
128
-168
335
275
-131
180
-127
-159
138
194
454
160
-5
113
-235
-198
58
-159
48
454
-85
-204
93
-513
-289
112
-344
174
309
-135
126
-220
-259
45
-232
166
136
-99
436
-36
-93
492
-125
-66
207
-107
221
67
66
444
-245
-210
269
-506
-157
370
-488
-266
-116
-484
-103
225
62
2
450
121
-99
252
123
-285
-804
-390
5
-31
367
530
499
193
363
678
43
-109
-16
-520
-405
292
166
-13
272
-247
-283
59
-131
181
75
-338
-7
287
159
328
459
225
137
-34
-44
-271
-742
-794
-725
61
536
124
880
780
-396
335
266
-347
93
-601
-684
17
-175
-158
431
357
-439
-101
218
-261
-125
153
284
-204
8
503
-253
223
485
-57
135
165
248
-6
1
123
-135
-69
-14
-23
3
202
253
90
30
-187
-602
-319
-318
-619
14
-402
-447
199
-373
-213
355
302
338
317
145
216
-66
0
375
-140
157
373
28
174
-175
-62
-33
-318
-19
-65
-19
-51
-16
123
-101
-86
-83
91
-144
-215
116
-316
-399
-60
-22
-43
471
587
278
536
284
-37
-108
-269
-80
-4
-185
-34
-123
-373
281
426
316
597
-155
-705
-554
-718
-711
-284
77
50
-8
-28
-88
166
327
195
102
124
264
9
-47
306
184
248
467
296
-47
-181
-215
-105
-154
-70
243
-162
-242
-123
-105
178
218
265
226
204
468
640
695
413
-37
-230
-397
-499
-290
-250
-505
-522
-558
-619
-385
-41
2
-85
97
262
122
-1
154
-11
116
440
15
-40
-186
-663
-489
-373
-446
-218
135
260
180
124
40
-227
-343
-276
-467
-700
-674
-499
-412
-193
175
373
288
200
123
-111
79
176
298
520
566
571
597
982
665
786
836
353
661
447
275
536
578
387
338
420
196
102
-72
-295
-427
-662
-589
-373
-321
-42
217
116
278
441
453
656
700
467
558
596
443
785
819
469
281
160
38
-423
-700
-754
-1091
-1164
-1046
-989
-980
-998
-1287
-1823
-1814
-1817
-2095
-1957
-1948
-2032
-1950
-2005
-1912
-1946
-1871
-1389
-1453
-1535
-1175
-1406
-1660
-1396
-1390
-1404
-1229
-1221
-1305
-1244
-898
-666
-70
944
1403
2292
3440
4077
5188
6210
6934
7520
7672
7887
7579
7017
6595
5656
4511
3272
2142
959
-309
-1232
-2293
-3087
-3394
-3638
-3723
-3780
-3712
-3789
-3808
-3465
-3398
-3284
-3038
-2750
-2309
-2154
-1737
-950
-457
82
747
1425
2192
2728
3315
3938
4291
4395
4185
3805
3118
2334
1397
262
-765
-1629
-2235
-2920
-3248
-3420
-3737
-3677
-3402
-2992
-2569
-2195
-1972
-1597
-1486
-1430
-935
-1160
-1356
-1399
-1886
-2286
-2849
-3323
-3791
-4239
-4334
-4457
-4578
-4474
-4309
-4300
-4210
-3887
-3578
-3118
-2641
-2277
-1477
-657
175
1397
2502
3852
5268
6486
8094
9699
11073
12379
13325
13807
14009
13736
12886
11449
9725
7672
5240
2905
506
-1394
-3164
-4745
-5836
-6837
-7306
-7453
-7350
-7148
-6685
-6211
-5959
-5509
-5082
-4818
-4529
-4177
-3995
-3508
-2833
-2208
-1446
-660
296
1277
2162
3098
4092
4694
5293
5746
5771
5572
4980
4450
3756
2953
2157
1487
903
285
-111
-519
-911
-1233
-1461
-1688
-1936
-2052
-2194
-2449
-2550
-2410
-2425
-2584
-2589
-2538
-2660
-2905
-2928
-2950
-3308
-3756
-4267
-4976
-5669
-6252
-6651
-6724
-6705
-6700
-6453
-6094
-5470
-4571
-3818
-2775
-1899
-1157
-391
220
1016
1760
2640
3743
5012
6368
7973
9640
11047
12650
14058
14984
15781
15991
15503
14631
13147
11164
8846
6053
3235
402
-2436
-4736
-6824
-8516
-9569
-10304
-10458
-10291
-9793
-9026
-8357
-7463
-6655
-6157
-5623
-5100
-4737
-4352
-3803
-3102
-2340
-1500
-195
1205
2418
4024
5609
6660
7628
8422
8793
8885
8449
7641
6813
5625
4271
3077
1791
671
-242
-1100
-1565
-1916
-2320
-2344
-2371
-2568
-2559
-2730
-2986
-3213
-3450
-3565
-3845
-4067
-4202
-4363
-4457
-4305
-4185
-4462
-4457
-4443
-4776
-5186
-5664
-6138
-6705
-7088
-7323
-7386
-7202
-6975
-6362
-5641
-4870
-3791
-2718
-1609
-455
883
2326
3723
5249
6927
8908
10838
12604
14361
15838
16967
17842
18305
18209
17595
16219
14378
12108
9385
6460
3163
73
-2859
-5577
-7785
-9820
-11172
-12061
-12720
-12772
-12358
-11598
-10944
-10140
-9013
-8127
-7304
-6290
-5295
-4553
-3527
-2269
-1252
89
1510
2856
4348
5674
6889
7856
8653
9179
9255
9009
8335
7462
6192
4646
3029
1356
-79
-1551
-2735
-3574
-4167
-4304
-4043
-3536
-2917
-1930
-1115
-477
151
514
832
613
-9
-529
-1129
-1975
-2779
-3331
-3876
-4282
-4520
-4641
-4690
-4923
-5219
-5510
-5953
-6354
-6745
-7413
-7990
-8320
-8608
-8545
-8219
-7778
-6933
-5869
-4695
-3169
-1496
25
1732
3644
5564
7581
9534
11560
13482
15215
16938
18272
19193
19656
19719
19384
18329
16714
14628
11965
8869
5650
2324
-1155
-4434
-7314
-9821
-11946
-13469
-14360
-14909
-14924
-14359
-13579
-12585
-11371
-9980
-8601
-7325
-5855
-4427
-3167
-1774
-316
1143
2591
3925
5131
6332
7458
8289
8943
9306
9213
8886
8240
7312
6209
4722
3011
1345
-449
-2245
-3768
-5221
-6311
-7014
-7405
-7226
-6851
-5927
-4524
-3241
-1647
71
1374
2445
3342
3833
3980
3761
3196
2335
1230
130
-1056
-2222
-3163
-3973
-4752
-5386
-5899
-6518
-6996
-7348
-7774
-8141
-8534
-8839
-8944
-8963
-8741
-8160
-7427
-6597
-5549
-4268
-2812
-1252
546
2629
4773
7011
9433
11808
14047
16246
18253
19897
21082
21715
21856
21322
20052
18329
16035
13096
9772
6207
2321
-1540
-5022
-8367
-11337
-13676
-15513
-16724
-17329
-17396
-16883
-15888
-14636
-13181
-11409
-9504
-7674
-5881
-4101
-2521
-1109
324
1694
3072
4428
5756
6925
7901
8867
9527
9941
10056
9907
9396
8347
7177
5719
4020
2074
40
-1856
-3868
-5568
-6942
-8093
-8706
-8709
-8317
-7530
-6142
-4539
-2857
-1008
770
2355
3653
4535
5099
5318
4989
4314
3455
2335
1093
-181
-1447
-2558
-3506
-4394
-5193
-5851
-6499
-7254
-7957
-8491
-9035
-9618
-10012
-10129
-10088
-9866
-9288
-8371
-7275
-5961
-4321
-2454
-490
1627
3899
6200
8507
10872
13177
15219
17030
18709
20074
20920
21330
21369
20817
19568
17789
15499
12603
9311
5832
2091
-1769
-5449
-8897
-12083
-14684
-16553
-17843
-18598
-18711
-18140
-17064
-15516
-13706
-11701
-9472
-7307
-5165
-3121
-1141
679
2243
3737
5025
6283
7343
8122
8910
9482
9829
9981
9779
9401
8874
7861
6620
5249
3521
1622
-384
-2265
-4067
-5886
-7329
-8387
-9161
-9423
-9110
-8395
-7235
-5583
-3715
-1863
67
2067
3740
4936
5886
6446
6323
5876
5236
4157
2820
1463
70
-1430
-2723
-3802
-4966
-6057
-6983
-7774
-8565
-9322
-9854
-10230
-10530
-10519
-10157
-9685
-8972
-7993
-6741
-5261
-3705
-1915
-81
1660
3515
5479
7374
9225
11054
12837
14578
16124
17618
18929
19788
20292
20402
20058
19003
17234
15004
12138
8692
4982
1092
-2943
-6875
-10379
-13547
-16230
-18042
-19236
-19825
-19606
-18650
-17128
-15330
-13154
-10702
-8303
-5914
-3613
-1492
387
2014
3467
4736
5782
6692
7487
8043
8515
9011
9315
9341
9182
8894
8294
7314
6167
4789
3030
1066
-946
-2943
-4874
-6699
-8211
-9282
-9986
-10177
-9730
-8813
-7438
-5557
-3364
-1065
1205
3412
5429
6866
7761
8324
8240
7510
6480
5149
3464
1603
-224
-1931
-3561
-5007
-6140
-7167
-8049
-8602
-9011
-9384
-9566
-9613
-9673
-9529
-9223
-8766
-8174
-7379
-6283
-5208
-3803
-2239
-788
867
2634
4453
6213
8125
9999
11765
13557
15227
16875
18170
19196
19862
19910
19595
18695
17078
14829
12080
8992
5469
1538
-2387
-6089
-9654
-12833
-15340
-17173
-18397
-18992
-18873
-18110
-16823
-15123
-13108
-10882
-8551
-6186
-3952
-1872
-78
1555
3109
4314
5403
6378
7229
7887
8328
8889
9215
9209
9034
8665
8081
7140
5998
4683
3089
1317
-516
-2358
-4190
-5929
-7434
-8622
-9399
-9625
-9392
-8701
-7460
-5829
-3895
-1715
521
2706
4692
6267
7427
8155
8336
7941
7017
5710
4151
2357
387
-1541
-3230
-4727
-6081
-7148
-7898
-8480
-8902
-9106
-9200
-9268
-9224
-9016
-8731
-8383
-7846
-7109
-6269
-5289
-4048
-2638
-1248
203
1816
3408
4877
6467
8188
9701
11079
12579
14035
15171
16178
17132
17655
17650
17439
16919
15524
13557
11391
8759
5534
2089
-1186
-4695
-8129
-11044
-13664
-15756
-17274
-18087
-18236
-17920
-16918
-15294
-13355
-11234
-8864
-6414
-4041
-1761
269
2038
3597
4935
6033
6850
7434
7930
8276
8381
8468
8500
8238
7848
7429
6736
5790
4780
3562
2035
367
-1345
-3121
-4946
-6581
-7894
-8947
-9624
-9721
-9303
-8450
-7076
-5284
-3089
-823
1465
3786
5668
7264
8429
8926
8694
8042
7058
5282
3298
1276
-860
-2983
-4870
-6245
-7523
-8454
-8907
-9119
-9171
-9084
-8698
-8225
-7875
-7471
-6834
-6294
-5875
-5176
-4327
-3487
-2520
-1319
-14
1205
2436
3810
5054
6146
7381
8535
9494
10547
11645
12528
13362
14201
14755
14936
14896
14564
13643
12294
10599
8508
5905
3030
205
-2936
-6028
-8888
-11474
-13689
-15484
-16433
-16882
-16767
-15975
-14546
-12718
-10647
-8162
-5753
-3400
-1263
740
2529
3757
4902
5744
6205
6546
6904
7156
7093
7087
7214
7196
6936
6716
6428
5779
5009
4017
2870
1478
-292
-2074
-3945
-5686
-7335
-8859
-9843
-10403
-10419
-9856
-8744
-7059
-4873
-2467
80
2710
5114
7208
8726
9814
10252
9895
8942
7455
5677
3346
929
-1313
-3517
-5435
-6992
-7967
-8767
-9239
-9137
-8843
-8372
-7858
-7119
-6461
-5998
-5333
-4809
-4343
-3932
-3382
-2705
-2139
-1311
-445
365
1122
2112
3166
3977
4928
5866
6933
7893
8827
9962
10937
11787
12591
13454
13799
13689
13501
12839
11630
9921
7865
5468
2669
-292
-3263
-6262
-9007
-11401
-13480
-14902
-15578
-15666
-15238
-14150
-12475
-10386
-8254
-6137
-3864
-1916
-168
1385
2675
3639
4303
5088
5530
5868
6335
6709
6995
7212
7623
7779
7681
7507
6994
6155
5006
3592
1793
-311
-2498
-4730
-6974
-9062
-10729
-11941
-12663
-12726
-12055
-10746
-8933
-6535
-3650
-647
2339
5271
7822
9804
11258
11985
12029
11281
9932
8261
6055
3655
1234
-1029
-3206
-5097
-6375
-7391
-7992
-8336
-8274
-7949
-7714
-7367
-7014
-6594
-6321
-6043
-5819
-5609
-5182
-4838
-4246
-3511
-2657
-1655
-687
446
1489
2597
3665
4536
5490
6373
7277
8053
8902
9894
10715
11642
12512
13298
13684
13653
13437
12582
11161
9216
6913
4241
1169
-1897
-4904
-7789
-10422
-12579
-14131
-15059
-15332
-14960
-14018
-12642
-10795
-8633
-6462
-4290
-2155
-272
1366
2792
3938
4834
5460
5897
6284
6606
6850
7013
7121
7206
7176
6946
6486
5799
4822
3520
1966
246
-1701
-3830
-5951
-8017
-9822
-11361
-12463
-12952
-13011
-12270
-10815
-8806
-6224
-3261
70
3441
6727
9670
12096
13981
14999
15299
14832
13423
11398
8909
6006
2960
-71
-2925
-5438
-7597
-9216
-10254
-10887
-11124
-10951
-10412
-9717
-9004
-8190
-7413
-6773
-6112
-5482
-4992
-4592
-4179
-3580
-2847
-2102
-1180
-60
1007
2019
3072
4053
4848
5494
6170
6862
7466
8124
8852
9472
10183
11080
11744
12199
12397
12248
11756
10727
9419
7642
5396
2991
414
-2192
-4888
-7346
-9422
-11218
-12440
-12973
-12941
-12550
-11715
-10325
-8615
-6857
-5018
-3168
-1574
-151
1199
2241
3019
3771
4322
4751
5113
5457
5717
5657
5618
5531
5327
4911
4306
3606
2424
1186
-141
-1673
-3346
-5230
-6799
-8308
-9636
-10425
-10896
-10792
-10184
-8902
-6913
-4698
-2095
856
3852
6787
9585
12064
13909
15064
15571
15319
14232
12384
9894
6950
3613
209
-3034
-6250
-9000
-11134
-12611
-13416
-13668
-13209
-12427
-11278
-9724
-8197
-6710
-5414
-4183
-3206
-2619
-2076
-1789
-1634
-1489
-1211
-836
-504
106
732
1418
2173
2837
3445
3894
4319
4758
5243
5682
6178
6763
7420
8295
9077
9777
10421
10899
11141
11056
10690
9862
8519
6855
4960
2782
422
-1938
-4256
-6436
-8288
-9682
-10670
-11304
-11462
-11128
-10498
-9504
-8240
-6947
-5566
-4227
-2869
-1510
-396
664
1621
2434
3242
3946
4521
4937
5251
5430
5394
5288
4987
4384
3567
2628
1596
342
-996
-2341
-3803
-5151
-6221
-7174
-7918
-8281
-8247
-7758
-6806
-5388
-3570
-1518
781
3305
5808
8124
10160
11802
12967
13534
13500
12725
11190
9066
6423
3441
195
-2998
-6018
-8831
-11110
-12783
-13772
-14180
-13913
-12981
-11633
-9900
-8029
-6165
-4484
-3018
-1787
-1005
-549
-450
-560
-746
-1088
-1271
-1312
-1242
-898
-376
332
1184
2094
2996
3859
4719
5532
6283
7016
7733
8363
9021
9762
10424
11042
11530
11776
11850
11654
11041
10011
8624
6888
4798
2411
-62
-2572
-5144
-7514
-9603
-11301
-12617
-13495
-13856
-13783
-13159
-12187
-10754
-9109
-7442
-5479
-3653
-1856
-125
1416
2784
3832
4926
5750
6355
6843
6961
7069
6877
6476
5923
5071
4164
2951
1682
348
-1091
-2568
-4045
-5257
-6412
-7287
-7936
-8253
-8130
-7701
-6754
-5539
-3887
-1873
359
2888
5333
7771
9925
11633
12854
13377
13313
12397
10878
8804
6130
3135
-184
-3411
-6584
-9401
-11649
-13446
-14413
-14720
-14280
-13152
-11622
-9698
-7597
-5516
-3574
-1872
-609
242
670
709
637
397
14
-280
-427
-358
-6
550
1240
2003
2816
3645
4338
4888
5355
5704
5952
6174
6430
6744
7134
7635
8229
8862
9442
9880
10120
10093
9714
8926
7674
5970
3873
1452
-1126
-3773
-6409
-8846
-10985
-12706
-13864
-14450
-14434
-13857
-12835
-11295
-9359
-7384
-5367
-3285
-1393
342
2006
3397
4444
5274
5956
6487
6791
6923
6967
6792
6432
6028
5438
4565
3563
2468
1212
-118
-1460
-2863
-4333
-5679
-6760
-7583
-8145
-8368
-8186
-7604
-6519
-5046
-3205
-1074
1198
3601
5864
8002
9725
10933
11815
11998
11637
10694
9043
6977
4534
1819
-1031
-3831
-6464
-8743
-10512
-11834
-12537
-12678
-12206
-11240
-9921
-8180
-6402
-4541
-2902
-1518
-320
440
932
986
912
738
553
465
385
556
772
1203
1637
2084
2568
2839
3088
3148
3208
3204
3139
3251
3443
3807
4343
5174
6240
7369
8544
9650
10481
10936
11005
10582
9540
7843
5730
3259
412
-2499
-5339
-8093
-10494
-12352
-13616
-14243
-14258
-13652
-12459
-10838
-8855
-6617
-4383
-2321
-455
1203
2556
3610
4402
4880
5171
5431
5672
5808
5866
5892
5852
5731
5516
5188
4574
3780
2699
1377
-78
-1809
-3507
-5267
-6784
-7980
-8954
-9373
-9395
-8912
-8011
-6566
-4787
-2797
-526
1711
4099
6243
8171
9802
10914
11621
11718
11347
10289
8687
6733
4403
1845
-897
-3524
-6038
-8307
-10014
-11252
-12060
-12228
-11763
-10838
-9514
-7932
-6179
-4387
-2704
-1172
31
810
1265
1437
1329
1078
817
579
382
316
484
777
1070
1389
1690
1915
2054
2079
2062
2038
2007
2144
2493
2986
3749
4753
5891
7227
8609
9799
10714
11260
11413
11105
10150
8503
6293
3727
893
-2123
-5124
-7883
-10280
-12138
-13282
-13709
-13480
-12772
-11498
-9820
-7887
-5767
-3778
-1960
-529
777
1907
2731
3448
3861
4273
4579
4972
5562
5920
6293
6517
6617
6642
6433
5848
4728
3429
1779
-124
-2076
-4204
-6197
-8038
-9426
-10351
-10755
-10477
-9832
-8517
-6810
-4748
-2295
99
2497
4705
6692
8330
9587
10456
10781
10679
10088
9158
7892
6184
4250
2113
-249
-2577
-4754
-6860
-8701
-10127
-11115
-11555
-11402
-10651
-9504
-7988
-6128
-4210
-2314
-539
969
2042
2783
3174
3216
3020
2464
1950
1333
725
376
54
-55
-188
-173
-117
-168
-160
-332
-467
-593
-548
-220
297
1112
2146
3533
5234
7098
8973
10609
11877
12706
13054
12764
11761
9978
7519
4672
1579
-1543
-4647
-7481
-9989
-12047
-13216
-13718
-13588
-12973
-11837
-10349
-8710
-6628
-4706
-2962
-1425
-226
955
1961
3002
3947
4768
5588
6398
7465
8429
9140
9467
9390
9021
8194
7131
5470
3321
984
-1623
-3992
-6221
-8297
-10095
-11380
-11934
-11968
-11173
-9921
-8442
-6567
-4425
-2081
88
2208
4028
5408
6693
7610
8392
8824
8800
8583
8055
7363
6436
5322
3810
2119
336
-1577
-3270
-5051
-6656
-8077
-9139
-9619
-9671
-9066
-8171
-6924
-5356
-3691
-1898
-245
1142
1980
2489
2736
2494
2135
1515
694
-182
-1017
-1439
-1744
-1923
-1907
-1876
-1718
-1467
-1148
-829
-542
-186
363
1165
2225
3466
4807
6323
8050
9843
11466
12696
13268
13328
12858
11789
10100
7646
4716
1401
-1843
-4913
-7833
-10257
-12327
-13602
-14058
-13734
-12660
-11289
-9478
-7617
-5659
-3573
-1822
-211
954
1863
2705
3431
4296
4970
5687
6365
6989
7796
8373
8708
8594
8009
7088
5795
4156
2081
-270
-2788
-5267
-7490
-9422
-10979
-12056
-12546
-12393
-11582
-10250
-8530
-6491
-4318
-2155
-16
1992
3783
5336
6549
7460
8156
8655
9031
9229
9143
8792
8213
7433
6419
5044
3274
1214
-988
-3150
-5136
-6905
-8429
-9608
-10257
-10287
-9695
-8559
-7082
-5395
-3636
-1995
-534
676
1475
1840
1859
1555
1032
441
-119
-602
-927
-1130
-1204
-1029
-711
-332
-8
262
370
318
297
164
267
602
1121
2019
3041
4396
6010
7772
9542
10895
11757
12041
11730
10859
9295
6997
4122
894
-2219
-5117
-7664
-9671
-11225
-11919
-11889
-11161
-9806
-8154
-6324
-4689
-3089
-1757
-654
264
664
1000
1154
1347
1868
2464
3373
4356
5344
6382
7221
7934
8201
7908
7176
5841
4056
1988
-351
-2858
-5312
-7507
-9347
-10669
-11300
-11261
-10622
-9395
-7761
-5901
-3881
-1860
13
1623
2822
3614
4169
4587
4907
5231
5568
5847
6153
6598
7060
7367
7449
7185
6409
5174
3565
1567
-713
-3096
-5429
-7618
-9415
-10511
-10907
-10743
-10000
-8730
-7034
-4924
-2733
-659
981
2055
2832
3031
2891
2505
1698
809
-84
-736
-1096
-1211
-1109
-926
-591
-282
-96
-82
-297
-695
-1281
-1915
-2398
-2386
-1833
-845
575
2232
4212
6469
8880
11078
12613
13465
13421
12602
11108
8985
6337
3201
-27
-3066
-5614
-7503
-8734
-9332
-9358
-8909
-8043
-6812
-5441
-4050
-2972
-2278
-1972
-1994
-2069
-2153
-1994
-1638
-1045
-188
972
2520
4236
5996
7492
8606
9154
9099
8439
7120
5354
3079
474
-2294
-4894
-7087
-8822
-9825
-10208
-10004
-9265
-8049
-6469
-4802
-3144
-1681
-519
344
920
1286
1535
1756
2047
2504
3185
4122
5289
6589
7798
8725
9250
9194
8564
7360
5477
3084
348
-2593
-5317
-7617
-9485
-10708
-11142
-10826
-9855
-8340
-6381
-4248
-2105
-76
1497
2568
3177
3206
2790
2107
1261
428
-292
-790
-1017
-1057
-898
-563
-179
136
228
14
-509
-1271
-2136
-3101
-4050
-4702
-4906
-4454
-3203
-1309
981
3600
6375
9138
11701
13617
14710
14791
13833
12139
9814
7177
4360
1432
-1322
-3800
-5766
-7035
-7562
-7466
-6958
-6234
-5623
-5116
-4697
-4438
-4261
-4319
-4528
-4794
-5003
-4769
-4095
-2871
-1104
941
3156
5270
7190
8766
9844
10275
9857
8694
6810
4464
1874
-751
-3169
-5291
-6850
-7825
-8131
-7831
-7101
-5985
-4814
-3596
-2486
-1756
-1269
-1099
-1140
-1297
-1521
-1598
-1444
-937
-25
1316
3020
4951
6862
8457
9562
10046
9878
9008
7525
5426
2838
50
-2793
-5283
-7252
-8606
-9228
-9257
-8707
-7704
-6373
-4791
-3121
-1497
-117
813
1309
1429
1281
1121
984
794
581
385
242
167
179
291
420
432
227
-251
-995
-1878
-2721
-3435
-4073
-4709
-5289
-5598
-5329
-4268
-2442
-68
2541
5095
7436
9544
11416
12893
13703
13655
12699
10919
8588
6088
3669
1446
-501
-2183
-3648
-4822
-5522
-5739
-5608
-5255
-4859
-4644
-4663
-4834
-5058
-5175
-5165
-4944
-4535
-3980
-3146
-2052
-579
1145
2928
4663
6006
6890
7310
7285
6823
5946
4722
3212
1478
-317
-1914
-3270
-4190
-4711
-4903
-4827
-4658
-4373
-4173
-3916
-3583
-3341
-3164
-3094
-3036
-2999
-2746
-2128
-1231
-10
1434
2968
4504
5996
7279
8180
8674
8676
8060
6828
5124
3060
834
-1298
-3166
-4692
-5836
-6568
-6902
-6843
-6400
-5647
-4731
-3812
-2975
-2256
-1650
-1079
-512
-44
305
628
926
1156
1389
1634
1782
1827
1795
1571
1140
619
20
-686
-1430
-2185
-3015
-3794
-4400
-4876
-5139
-5077
-4779
-4185
-3086
-1545
331
2369
4426
6364
8069
9639
10787
11426
11585
11054
10001
8503
6661
4765
2914
1162
-366
-1650
-2753
-3613
-4249
-4676
-4908
-5025
-5062
-5107
-5157
-5166
-5167
-4970
-4480
-3840
-2948
-1942
-962
121
1197
2259
3242
4064
4633
4811
4685
4211
3473
2625
1737
904
12
-810
-1550
-2243
-2684
-2918
-2950
-2930
-2941
-2932
-3024
-3123
-3213
-3295
-3298
-3265
-3110
-2783
-2255
-1486
-462
776
2123
3447
4640
5606
6246
6519
6400
5905
5090
3992
2667
1271
-118
-1429
-2491
-3296
-3844
-4120
-4163
-4089
-3864
-3571
-3276
-2791
-2311
-1770
-1089
-510
-20
400
768
971
1196
1415
1406
1325
1064
662
215
-241
-650
-1107
-1549
-1918
-2248
-2549
-2751
-2918
-3059
-3021
-2979
-2928
-2780
-2663
-2488
-2056
-1223
-88
1401
3175
4890
6535
7918
8933
9665
9998
9900
9259
8033
6362
4444
2544
856
-498
-1485
-2212
-2739
-3072
-3296
-3361
-3275
-3139
-2922
-2808
-2953
-3231
-3617
-4008
-4171
-4102
-3796
-3172
-2373
-1489
-493
557
1635
2667
3594
4229
4396
4146
3547
2692
1731
894
73
-687
-1190
-1690
-2054
-2201
-2238
-2082
-1937
-1828
-1784
-1961
-2163
-2313
-2505
-2564
-2383
-2016
-1433
-643
302
1303
2339
3420
4321
4937
5262
5097
4493
3719
2713
1509
429
-641
-1646
-2343
-2894
-3246
-3373
-3341
-3212
-3082
-2847
-2629
-2412
-2091
-1761
-1386
-884
-299
282
849
1261
1482
1615
1585
1489
1330
1045
702
272
-204
-711
-1132
-1461
-1730
-1900
-2182
-2477
-2753
-3071
-3226
-3358
-3436
-3420
-3401
-3214
-2832
-2127
-1088
242
1865
3593
5360
7008
8396
9413
9955
10042
9617
8775
7669
6296
4755
3220
1761
552
-391
-1123
-1625
-2070
-2461
-2828
-3157
-3497
-3852
-4114
-4444
-4744
-4958
-5096
-5005
-4641
-4030
-3128
-2014
-869
302
1287
2102
2768
3112
3285
3199
2852
2367
1745
1071
443
-115
-513
-730
-894
-911
-966
-1120
-1179
-1333
-1441
-1476
-1617
-1764
-1960
-2097
-2062
-1827
-1282
-557
249
1097
1903
2614
3189
3642
3876
3796
3459
2889
2068
1155
292
-581
-1363
-1936
-2407
-2737
-2868
-2931
-2877
-2671
-2372
-1969
-1540
-1124
-755
-422
-106
167
422
588
679
718
639
462
205
-59
-328
-540
-638
-790
-931
-1019
-1158
-1303
-1436
-1572
-1749
-1925
-2086
-2275
-2486
-2612
-2628
-2556
-2319
-1970
-1478
-824
58
1185
2452
3844
5198
6403
7371
8067
8416
8417
8144
7507
6643
5621
4452
3225
2082
1109
265
-382
-897
-1338
-1794
-2256
-2687
-3177
-3577
-3894
-4239
-4559
-4801
-4976
-5012
-4752
-4256
-3582
-2725
-1804
-939
-152
572
1151
1593
1909
2043
2027
1845
1603
1367
1092
908
800
728
736
717
605
421
191
-85
-340
-560
-803
-1086
-1400
-1623
-1718
-1630
-1338
-951
-456
51
542
970
1264
1451
1529
1545
1417
1217
872
388
-44
-530
-912
-1122
-1245
-1262
-1231
-1182
-1153
-1081
-970
-901
-843
-811
-906
-1062
-1154
-1270
-1393
-1376
-1263
-1108
-850
-557
-325
-99
97
207
276
289
220
110
-63
-303
-509
-670
-801
-814
-765
-771
-753
-750
-836
-882
-901
-928
-854
-660
-332
230
1020
1965
2997
4060
5091
5910
6554
6974
7063
6925
6436
5676
4756
3678
2568
1455
484
-367
-1136
-1783
-2364
-2873
-3314
-3648
-3899
-4127
-4324
-4480
-4592
-4622
-4517
-4272
-3888
-3352
-2662
-1886
-1089
-287
473
1194
1877
2456
2901
3170
3235
3162
2973
2673
2330
1948
1524
1076
576
68
-360
-725
-1044
-1258
-1380
-1431
-1376
-1198
-967
-689
-382
-117
149
353
469
554
521
427
329
171
-26
-214
-331
-468
-620
-705
-847
-1008
-1158
-1391
-1644
-1878
-2161
-2413
-2576
-2734
-2818
-2821
-2793
-2679
-2422
-2002
-1489
-889
-306
196
663
1047
1384
1672
1831
1891
1868
1714
1501
1274
1068
931
823
708
553
375
147
-104
-253
-299
-143
203
607
1089
1560
1990
2464
2896
3300
3689
3922
3966
3787
3404
2934
2415
1978
1635
1264
882
451
-80
-646
-1232
-1769
-2235
-2646
-2942
-3217
-3468
-3623
-3692
-3590
-3289
-2795
-2180
-1548
-914
-351
93
518
961
1320
1663
1910
1965
1964
1866
1699
1591
1519
1459
1353
1133
897
567
165
-157
-536
-815
-1065
-1346
-1498
-1668
-1745
-1698
-1536
-1191
-798
-481
-207
4
77
167
223
264
292
259
189
0
-175
-363
-565
-657
-730
-841
-973
-1164
-1345
-1532
-1665
-1730
-1802
-1769
-1722
-1715
-1645
-1503
-1310
-994
-601
-175
224
569
869
1077
1254
1391
1460
1482
1459
1334
1203
1067
943
839
714
538
300
14
-306
-542
-672
-603
-381
44
620
1189
1800
2418
2929
3349
3608
3619
3387
2862
2193
1459
736
204
-191
-363
-437
-498
-488
-607
-691
-814
-994
-1096
-1320
-1548
-1788
-2050
-2187
-2162
-1945
-1533
-962
-356
196
606
909
1149
1234
1282
1267
1157
1033
815
596
380
180
76
12
4
29
-44
-119
-264
-472
-586
-743
-848
-867
-870
-839
-803
-694
-520
-320
-84
155
314
462
524
544
560
504
468
346
196
-16
-341
-667
-1027
-1383
-1641
-1831
-1977
-2025
-2065
-2072
-2007
-1922
-1745
-1530
-1290
-1016
-776
-559
-356
-198
-28
185
339
510
686
781
867
865
777
650
501
367
179
34
-96
-281
-382
-465
-465
-346
-148
257
753
1267
1792
2269
2692
3027
3320
3481
3519
3442
3186
2806
2274
1755
1244
800
494
191
-42
-245
-403
-546
-691
-792
-902
-1071
-1189
-1370
-1617
-1736
-1795
-1734
-1549
-1243
-835
-417
-21
362
626
821
955
956
923
818
631
369
95
-148
-433
-680
-867
-1052
-1210
-1377
-1548
-1660
-1747
-1812
-1795
-1721
-1588
-1389
-1144
-821
-447
-61
343
745
1115
1408
1617
1757
1840
1849
1781
1641
1425
1165
854
542
222
-65
-324
-542
-729
-899
-1052
-1174
-1254
-1293
-1287
-1266
-1215
-1164
-1076
-973
-840
-645
-423
-217
45
275
462
661
812
939
1022
1035
1011
917
734
602
403
196
14
-225
-440
-682
-901
-1062
-1214
-1291
-1280
-1232
-1137
-995
-860
-735
-601
-449
-288
-129
65
225
348
455
522
631
747
885
1069
1263
1496
1656
1742
1803
1810
1795
1719
1639
1561
1392
1215
1052
879
770
718
697
720
734
699
632
520
371
217
62
-95
-249
-433
-614
-785
-944
-1024
-1079
-1078
-1020
-983
-926
-890
-850
-782
-732
-613
-491
-392
-263
-157
-53
51
156
273
349
394
420
369
235
92
-62
-212
-285
-344
-399
-441
-531
-643
-751
-847
-944
-1018
-1025
-1059
-1071
-1047
-1025
-916
-807
-704
-578
-494
-410
-368
-351
-305
-261
-160
-26
65
175
281
286
273
278
223
164
110
24
-43
-108
-170
-160
-118
-55
30
85
138
164
131
87
37
-19
-20
-1
7
70
127
214
369
494
640
760
811
843
807
753
690
641
629
591
628
684
681
721
758
784
830
842
837
804
725
649
560
495
451
394
399
399
365
328
258
198
114
58
41
-3
-14
-34
-81
-80
-100
-122
-114
-145
-202
-278
-331
-377
-417
-339
-267
-185
-40
22
69
101
78
62
2
-55
-162
-336
-485
-667
-827
-923
-996
-1017
-1044
-1066
-1054
-1081
-1059
-1004
-982
-916
-882
-882
-862
-857
-821
-741
-615
-463
-306
-157
-59
8
57
91
141
213
276
322
352
319
256
197
123
83
78
46
28
26
13
39
89
145
242
357
447
501
527
539
518
486
485
483
463
452
448
443
447
473
517
544
570
569
560
555
468
348
213
87
-12
-83
-73
-54
6
116
204
313
420
547
668
732
782
767
716
636
496
389
280
191
143
69
23
-34
-106
-166
-247
-297
-371
-459
-515
-603
-697
-772
-811
-806
-776
-671
-547
-455
-355
-262
-179
-98
-8
98
134
137
133
58
-41
-130
-237
-337
-426
-521
-601
-669
-735
-757
-755
-741
-699
-662
-638
-601
-552
-502
-423
-344
-261
-182
-85
-5
56
172
294
404
461
531
568
559
530
500
503
453
379
330
269
183
150
114
82
72
59
86
123
145
167
213
264
307
341
383
416
435
444
434
437
445
455
478
487
470
416
348
247
129
51
-48
-125
-187
-294
-365
-421
-441
-397
-316
-224
-138
-53
12
97
183
269
349
380
397
373
328
289
235
195
174
141
94
8
-102
-225
-364
-442
-526
-614
-659
-723
-756
-781
-794
-751
-698
-611
-506
-405
-307
-217
-133
-51
32
110
159
183
201
192
186
205
205
189
165
119
55
-20
-103
-157
-213
-281
-346
-392
-421
-437
-385
-344
-284
-199
-139
-47
28
109
195
302
402
463
538
564
585
592
588
603
584
586
571
526
474
365
271
167
44
-31
-111
-163
-221
-297
-298
-310
-320
-277
-226
-172
-147
-109
-69
-58
-7
57
137
229
298
355
376
409
404
366
360
307
239
156
55
-46
-159
-235
-290
-336
-345
-333
-303
-252
-210
-169
-113
-82
-67
-45
-43
-44
-38
-48
-39
-3
36
88
133
158
164
130
94
65
-6
-87
-166
-255
-338
-425
-492
-513
-512
-483
-415
-331
-252
-197
-149
-108
-85
-56
-28
-7
22
26
11
18
31
46
80
128
170
195
221
243
242
246
255
247
233
211
171
139
110
74
47
23
8
18
31
41
71
111
150
194
242
284
312
310
280
228
167
106
44
-13
-49
-83
-120
-139
-152
-176
-188
-201
-221
-239
-261
-285
-289
-280
-273
-246
-200
-159
-107
-43
0
34
69
74
66
60
37
27
23
14
16
3
-30
-44
-68
-110
-135
-142
-135
-140
-128
-114
-103
-47
-5
57
134
159
195
210
202
204
208
222
218
204
209
198
173
154
135
120
90
66
49
-3
-36
-63
-98
-113
-113
-102
-101
-97
-82
-76
-78
-71
-53
-24
4
22
44
61
62
57
55
45
37
25
13
14
-30
-82
-109
-135
-143
-131
-100
-80
-70
-60
-66
-67
-68
-70
-46
-14
1
15
34
51
85
125
157
198
219
191
149
100
41
-14
-68
-113
-148
-180
-199
-206
-217
-217
-197
-191
-168
-143
-135
-138
-127
-99
-89
-58
-16
5
49
86
101
118
134
142
130
105
89
74
24
-19
-32
-64
-76
-76
-80
-65
-55
-38
-20
-2
27
39
56
72
62
61
73
90
111
128
159
190
216
244
260
257
256
242
198
169
145
108
77
0
0
0
0
0
0
0
0
0
0
0
0
0
0
0
0
0
0
0
0
0
0
0
0
0
0
0
0
0
0
0
0
0
0
0
0
0
0
0
0
0
0
0
0
0
0
0
0
0
0
0
0
0
0
0
0
0
0
0
0
0
0
0
0
0
0
0
0
0
0
0
0
0
0
0
0
0
0
0
0
0
0
0
0
0
0
0
0
0
0
0
0
0
0
0
0
0
0
0
0
0
0
0
0
0
0
0
0
0
0
0
0
0
0
0
0
0
0
0
0
0
0
0
0
0
0
0
0
0
0
0
0
0
0
0
0
0
0
0
0
0
0
0
0
0
0
0
0
0
0
0
0
0
0
0
0
0
0
0
0
0
0
0
0
0
0
0
0
0
0
0
0
0
0
0
0
0
0
0
0
0
0
0
0
0
0
0
0
0
0
0
0
0
0
0
0
0
0
0
0
0
0
0
0
0
0
0
0
0
0
0
0
0
0
0
0
0
0
0
0
0
0
0
0
0
0
0
0
0
0
0
0
0
0
0
0
0
0
0
0
0
0
0
0
0
0
0
0
0
0
0
0
0
0
0
0
0
0
0
0
0
0
0
0
0
0
0
0
0
0
0
0
0
0
0
0
0
0
0
0
0
0
0
0
0
0
0
0
0
0
0
0
0
0
0
0
0
0
0
0
0
0
0
0
0
0
0
0
0
0
0
0
0
0
0
0
0
0
0
0
0
0
0
0
0
0
0
0
0
0
0
0
0
0
0
0
0
0
0
0
0
0
0
0
0
0
0
0
0
0
0
0
0
0
0
0
0
0
0
0
0
0
0
0
0
0
0
0
0
0
0
0
0
0
0
0
0
0
0
0
0
0
0
0
0
0
0
0
0
0
0
0
0
0
0
0
0
0
0
0
