0
0
0
0
0
0
0
0
0
0
0
0
0
0
0
0
0
0
0
0
0
0
0
0
0
0
0
0
0
0
0
0
0
0
0
0
0
0
0
0
0
0
0
0
0
0
0
0
0
0
0
0
0
0
0
0
0
0
0
0
0
0
0
0
0
0
0
0
0
0
0
0
0
0
0
0
0
0
0
0
0
0
0
0
0
0
0
0
0
0
0
0
0
0
0
0
0
0
0
0
0
0
0
0
0
0
0
0
0
0
0
0
0
0
0
0
0
0
0
0
0
0
0
0
0
0
0
0
0
0
0
0
0
0
0
0
0
0
0
0
0
0
0
0
0
0
0
0
0
0
0
0
0
0
0
0
0
0
0
0
0
0
0
0
0
0
0
0
0
0
0
0
0
0
0
0
0
0
0
0
0
0
0
0
0
0
0
0
0
0
0
0
0
0
0
0
0
0
0
0
0
0
0
0
0
0
0
0
0
0
0
0
0
0
0
0
0
0
0
0
0
0
0
0
0
0
0
0
0
0
0
0
0
0
0
0
0
0
0
0
0
0
0
0
0
0
0
0
0
0
0
0
0
0
0
0
0
0
0
0
0
0
0
0
0
0
0
0
0
0
0
0
0
0
0
0
0
0
0
0
0
0
0
0
0
0
0
0
0
0
0
0
0
0
0
0
0
0
0
0
0
0
0
0
0
0
0
0
0
0
0
0
0
0
0
0
0
0
0
0
0
0
0
0
0
0
0
0
0
0
0
0
0
0
0
0
0
0
0
0
0
0
0
0
0
0
0
0
0
0
0
0
0
0
0
0
0
0
0
0
0
0
0
0
0
0
0
0
0
0
0
0
0
0
0
0
0
0
0
0
0
0
0
0
0
0
0
0
0
0
0
0
0
0
0
0
-159
105
32
-85
148
-115
-201
73
-42
-33
197
28
-32
136
51
3
40
-5
-30
123
115
117
204
-142
-73
52
-192
93
89
-160
-8
-18
5
112
-17
-121
-47
-41
-57
69
-3
-54
86
66
132
158
-103
-125
-32
-40
107
30
-94
-75
-164
29
185
-23
-75
40
-72
-156
132
105
-177
-17
131
7
-13
104
-58
-154
198
110
-24
159
-129
-63
177
-138
-67
-48
-293
-29
131
32
-2
-43
-7
19
105
94
-82
-35
-19
-48
111
113
-35
-5
145
11
-64
8
-127
-70
50
116
-22
-144
7
-100
15
124
-89
-34
-37
-195
5
184
-22
80
184
32
-21
-37
-3
-199
-102
156
-51
63
118
-151
61
99
-113
19
-76
-205
-21
27
-37
88
96
-54
81
-19
-123
10
-102
42
160
53
56
-38
-120
-1
96
61
96
67
-44
-111
3
5
-75
146
-72
-197
201
-2
-16
231
-11
-43
82
-109
-232
29
35
54
143
76
-36
-86
-22
-132
-18
147
-74
-17
86
-90
-30
82
58
-118
17
133
-212
27
164
-185
71
148
-186
-59
106
-86
-23
249
150
0
135
63
-197
115
111
-400
52
119
-300
223
162
-190
112
157
29
22
54
-101
-287
-142
-64
-257
15
104
-178
124
66
-189
-69
-96
-130
172
215
106
12
30
181
-69
-9
66
-278
-298
-1
-17
165
291
-20
119
203
-168
-51
150
-205
-25
182
-83
-39
48
-34
-84
144
9
-161
114
110
197
177
67
-47
-194
-13
-76
-66
173
97
-71
-36
88
-127
-376
-63
35
-186
71
145
-103
-1
20
-36
8
-82
-70
-34
83
225
164
97
240
-62
-259
-94
-153
-112
-45
139
140
66
-89
-9
14
-46
153
-54
8
57
-49
110
-31
115
198
-65
90
268
108
-96
80
25
-57
-94
-134
-43
-13
126
47
191
37
-193
63
-104
-278
-109
-216
-322
-156
141
156
226
381
3
68
105
-66
-169
-126
-35
-272
-81
-7
-5
175
227
220
58
85
34
-220
-139
-162
-215
19
-84
17
276
-191
-80
245
-37
39
194
-5
-196
-83
238
26
-132
251
-48
-267
54
33
-204
-128
29
-149
20
315
98
106
186
-11
93
-149
-213
27
-192
-70
129
-90
-193
-105
68
157
61
297
145
-157
96
-84
-236
-77
-133
-230
-211
2
17
35
255
391
380
160
72
-16
-163
-116
-12
43
-150
-164
-210
-316
30
44
65
258
21
16
44
-167
-11
42
-91
99
5
-120
-17
-66
96
50
49
181
-73
16
82
158
228
19
220
-95
-326
5
-186
-200
-109
-160
-40
-12
-36
180
104
-111
65
-110
-190
243
204
53
311
64
-154
-128
-158
-78
-6
135
133
97
205
119
31
147
78
20
61
-103
-249
-97
-178
-199
-182
-181
-177
-286
59
200
170
272
167
-18
-187
-64
-97
19
125
45
117
25
105
42
102
81
-28
8
-83
20
-31
78
114
30
42
-141
-266
-343
-254
-280
-128
5
-47
39
13
102
119
187
198
241
233
-45
-34
-18
-80
-95
122
82
-106
-41
-96
-64
-82
1
-157
-247
-68
-273
-241
-32
-132
-192
-72
-91
-122
73
8
89
288
226
145
6
129
43
110
314
64
-1
41
19
-88
38
128
-133
-183
-84
-123
-177
-109
-232
-214
-193
-236
-3
-48
-80
91
58
-26
130
160
40
126
100
-6
-32
62
40
58
102
-56
-11
-123
-89
177
131
97
27
15
-76
-96
113
-82
-69
117
-61
-68
115
143
101
432
502
225
260
157
-4
-78
-116
-127
-189
-188
-5
73
5
133
32
-94
-187
-370
-495
-545
-347
-161
170
230
120
78
-220
-148
31
-70
-143
-7
-89
-125
181
239
359
290
88
85
-81
-128
-74
-189
-212
-59
65
94
-6
9
18
-22
180
180
-8
-168
-197
-76
134
406
315
218
197
-70
-84
81
1
-131
-94
-109
-93
114
140
127
170
157
108
-1
-31
-224
-355
-292
-265
-81
48
128
199
227
214
164
301
315
141
186
202
36
86
60
-64
-75
-201
-273
-361
-324
-263
-263
-110
-110
-136
-125
-141
-101
-66
-81
-67
17
20
66
130
79
-11
-36
-127
-239
-196
-191
-143
-53
2
-88
-135
-42
-206
-149
-65
-247
-85
40
8
169
259
178
144
200
159
82
79
118
11
-54
116
-18
-54
120
4
73
159
44
82
260
345
396
520
415
258
257
149
76
160
135
61
150
279
338
334
383
409
277
267
320
181
152
208
105
180
327
189
106
107
-87
-183
-101
-108
-157
-192
-245
-335
-457
-414
-348
-462
-435
-337
-400
-324
-195
-314
-451
-566
-773
-960
-1102
-1187
-1197
-1225
-1181
-1038
-1050
-1144
-1013
-881
-877
-683
-449
-413
-349
-203
-171
-173
-131
-124
-68
26
195
354
538
699
770
1103
1212
1190
1467
1579
1644
1852
2070
2200
2322
2442
2562
2608
2634
2671
2498
2500
2391
2139
2053
1700
1310
1054
711
344
109
-169
-423
-610
-808
-900
-1127
-1311
-1463
-1656
-1772
-1866
-1858
-1977
-2074
-2122
-2282
-2378
-2444
-2486
-2523
-2525
-2502
-2514
-2481
-2390
-2290
-2197
-2147
-2204
-2248
-2268
-2334
-2304
-2289
-2300
-2242
-2158
-2090
-2125
-1935
-1732
-1677
-1305
-1080
-889
-390
-37
571
1452
2203
3082
4118
5155
6207
7316
8211
8777
9196
9337
9139
8611
7787
6796
5615
4265
2892
1579
365
-717
-1661
-2398
-2964
-3417
-3690
-3884
-4055
-4110
-4215
-4470
-4669
-4805
-4926
-4908
-4866
-4802
-4442
-3864
-3198
-2351
-1346
-303
735
1739
2766
3742
4429
4963
5332
5471
5376
5034
4576
3911
3216
2490
1761
1035
231
-313
-923
-1537
-1886
-2301
-2674
-2942
-3234
-3460
-3555
-3562
-3545
-3530
-3274
-2993
-2814
-2516
-2291
-1994
-1741
-1623
-1515
-1529
-1602
-1832
-2097
-2439
-2846
-3129
-3500
-3800
-3878
-3880
-3814
-3595
-3250
-2924
-2694
-2467
-2209
-1945
-1528
-1009
-391
545
1718
3051
4643
6416
8235
9967
11519
12878
13930
14551
14681
14224
13221
11846
10148
8110
5821
3460
1170
-976
-2846
-4311
-5421
-6300
-6937
-7273
-7300
-7167
-7083
-7127
-7295
-7413
-7399
-7453
-7494
-7370
-7133
-6605
-5833
-5009
-3911
-2566
-1134
550
2358
4059
5586
6786
7724
8554
9142
9311
9035
8462
7769
6963
6003
4922
3853
2892
1945
972
15
-942
-1922
-2936
-3912
-4775
-5544
-6238
-6868
-7250
-7239
-7067
-6809
-6426
-6025
-5452
-4786
-4306
-3840
-3420
-3227
-3110
-3102
-3230
-3371
-3610
-3899
-4025
-3954
-3765
-3555
-3323
-2978
-2557
-2196
-1972
-1830
-1611
-1253
-767
-73
896
2093
3514
5321
7527
9818
11934
13812
15412
16760
17805
18205
17707
16529
14997
13067
10600
7747
4771
1847
-902
-3359
-5382
-6960
-8198
-9141
-9664
-9667
-9401
-9309
-9473
-9602
-9504
-9177
-8946
-8955
-8899
-8486
-7649
-6741
-5656
-4253
-2838
-1262
613
2644
4643
6416
7817
8977
9997
10665
10758
10182
9210
8105
7029
5799
4241
2771
1510
546
-76
-581
-1025
-1337
-1576
-1853
-2108
-2449
-3073
-3882
-4631
-5146
-5494
-5881
-6377
-6772
-6755
-6384
-6068
-5921
-5616
-5064
-4532
-4125
-3744
-3413
-3233
-3143
-3074
-3079
-3166
-3258
-3350
-3393
-3146
-2758
-2548
-2531
-2436
-2132
-1904
-1710
-1490
-1065
-233
937
2447
4158
6215
8626
11205
13772
15969
17758
19057
19857
20085
19566
18353
16415
13974
11179
8114
4927
1567
-1710
-4662
-7086
-8916
-10436
-11692
-12564
-12836
-12576
-12101
-11691
-11384
-10977
-10414
-9842
-9341
-8716
-8066
-7269
-6212
-4958
-3336
-1678
-51
1786
3998
6316
8233
9732
10852
11714
12210
12256
11628
10287
8709
6926
4947
2889
917
-839
-2345
-3456
-4198
-4533
-4548
-4470
-4180
-3548
-2879
-2431
-2145
-2062
-2149
-2219
-2399
-2936
-3592
-3879
-3960
-4076
-4162
-4242
-4120
-3794
-3443
-3275
-3328
-3377
-3522
-3751
-4064
-4547
-5000
-5416
-5819
-5874
-5585
-5449
-5294
-4745
-4082
-3408
-2660
-1993
-1190
22
1449
3071
4896
6847
9036
11552
14155
16593
18729
20231
21277
22041
22126
21222
19279
16818
14083
10808
7044
3082
-817
-4553
-7922
-10668
-12843
-14594
-15795
-16340
-16166
-15373
-14352
-13436
-12641
-11468
-9925
-8536
-7525
-6734
-5721
-4424
-3018
-1650
-278
1253
2765
4360
6129
7762
9176
10253
10909
11486
11846
11505
10481
8924
7114
5325
3276
751
-1888
-4085
-5689
-6998
-8055
-8555
-8456
-7875
-6878
-5556
-4070
-2563
-1131
55
1000
1865
2431
2453
2149
1867
1692
1269
513
-194
-813
-1378
-1857
-2532
-3342
-4015
-4650
-5313
-5979
-6623
-7190
-7765
-8277
-8470
-8287
-7872
-7399
-6775
-5809
-4635
-3474
-2462
-1537
-402
914
2219
3629
5232
7033
8998
10999
13193
15695
17971
19587
20726
21569
22030
21805
20448
18018
15127
12039
8438
4101
-548
-4773
-8481
-11966
-14955
-17087
-18430
-19071
-19119
-18547
-17099
-15057
-13114
-11461
-9700
-7449
-5123
-3514
-2449
-1230
247
1692
2796
3601
4639
6005
7258
8369
9489
10497
11234
11475
11276
10995
10432
9078
6979
4638
2507
437
-2114
-5012
-7396
-8952
-10110
-10972
-11298
-11032
-10106
-8531
-6681
-4750
-2587
-412
1341
2778
4195
5282
5579
5231
4745
4345
3756
2630
1134
-264
-1399
-2265
-3239
-4601
-5874
-6809
-7564
-8307
-8915
-9284
-9665
-9888
-9636
-8929
-8069
-7264
-6314
-5086
-3558
-1970
-691
350
1571
3176
4963
6694
8421
10264
12192
14282
16513
18568
20114
21021
21580
22001
21755
20338
17964
14950
11534
7880
3716
-1033
-5765
-9944
-13448
-16404
-18845
-20500
-21312
-21349
-20448
-18765
-16644
-14205
-11763
-9416
-6765
-3881
-1454
145
1354
2783
4383
5612
6297
6821
7514
8330
9087
9645
9892
10117
10236
9848
9151
8222
6882
4955
2752
643
-1428
-3590
-6051
-8362
-10035
-11007
-11487
-11738
-11461
-10428
-8665
-6505
-4294
-1994
385
2663
4572
6083
7253
7919
7875
7265
6460
5578
4381
2666
696
-1003
-2282
-3565
-5065
-6548
-7684
-8477
-9148
-9646
-10047
-10219
-10111
-9755
-9076
-8181
-7004
-5789
-4580
-3196
-1664
-153
1018
2127
3512
5159
6845
8373
9875
11469
13243
15104
16791
18144
19136
19737
19878
19528
18576
16827
14209
10940
7348
3552
-542
-4914
-9227
-13014
-16041
-18379
-20094
-21112
-21289
-20547
-18947
-16664
-13964
-11153
-8402
-5597
-2703
123
2449
4040
5236
6353
7505
8309
8489
8366
8285
8442
8563
8423
8134
7766
7283
6570
5701
4665
3243
1417
-497
-2246
-3911
-5689
-7559
-9182
-10219
-10598
-10597
-10423
-9777
-8338
-6271
-4038
-1802
529
2813
4830
6508
7711
8441
8598
8016
7043
5918
4577
2976
983
-1266
-3114
-4476
-5949
-7515
-8906
-9821
-10187
-10436
-10588
-10542
-10178
-9423
-8455
-7269
-5890
-4411
-2942
-1517
-30
1470
2781
3831
4742
5819
7173
8493
9647
10703
11811
13194
14650
15816
16639
17117
17282
17127
16403
14921
12707
9887
6659
3163
-578
-4557
-8557
-12209
-15299
-17696
-19366
-20394
-20630
-19934
-18427
-16159
-13315
-10294
-7239
-4163
-1158
1706
4238
6126
7405
8413
9205
9633
9634
9207
8589
8095
7640
7044
6398
5729
5009
4314
3559
2648
1598
255
-1346
-2895
-4350
-5790
-7295
-8841
-9971
-10393
-10326
-9895
-9082
-7771
-5797
-3387
-926
1456
3687
5751
7503
8636
9206
9305
8645
7350
5891
4257
2352
344
-1740
-3799
-5439
-6598
-7685
-8809
-9579
-9807
-9717
-9535
-9286
-8832
-8120
-7221
-6113
-4861
-3620
-2273
-820
524
1806
3039
4024
4816
5577
6332
7158
7993
8666
9293
10077
10993
11982
12919
13596
13941
14003
13816
13217
11929
9918
7429
4654
1599
-1725
-5179
-8563
-11624
-14104
-16001
-17405
-18075
-17832
-16890
-15295
-12973
-10189
-7225
-4283
-1571
1006
3508
5616
7118
8049
8589
9014
9166
8731
7935
7096
6337
5735
5058
4235
3566
3011
2360
1637
817
-154
-1288
-2670
-4159
-5448
-6580
-7746
-8823
-9520
-9594
-9060
-8131
-6906
-5310
-3226
-730
1743
3859
5741
7449
8754
9459
9497
8943
7916
6379
4453
2452
389
-1751
-3761
-5586
-7029
-7858
-8421
-8980
-9293
-9174
-8608
-7907
-7407
-6890
-6132
-5211
-4159
-3095
-2086
-954
307
1518
2520
3314
4012
4593
4988
5304
5731
6214
6683
7076
7492
8202
9118
10076
10786
11184
11498
11647
11470
10625
9077
7114
4878
2391
-467
-3599
-6648
-9355
-11635
-13484
-14855
-15508
-15389
-14582
-13133
-11162
-8665
-5982
-3392
-948
1328
3518
5320
6540
7233
7588
7818
7766
7300
6539
5766
5171
4635
3987
3302
2754
2321
1833
1174
430
-332
-1235
-2398
-3700
-4901
-5964
-7001
-7992
-8727
-8933
-8560
-7788
-6690
-5093
-2971
-612
1764
4067
6102
7715
8954
9750
9898
9370
8275
6664
4638
2478
350
-1881
-4081
-5805
-7054
-8031
-8662
-8971
-9025
-8676
-7981
-7228
-6504
-5754
-4899
-4006
-3221
-2428
-1516
-706
27
966
1864
2515
2986
3293
3482
3678
3933
4037
4162
4469
4919
5546
6154
6911
7905
8889
9729
10242
10470
10491
10108
9078
7412
5405
3203
703
-2059
-4865
-7451
-9573
-11263
-12557
-13240
-13208
-12482
-11190
-9568
-7574
-5186
-2848
-829
1094
2944
4477
5545
6081
6222
6257
6149
5720
5092
4448
3943
3609
3226
2759
2380
2039
1679
1268
679
-27
-846
-1936
-3188
-4392
-5551
-6647
-7615
-8395
-8748
-8518
-7814
-6709
-5224
-3327
-948
1614
3927
6043
8009
9520
10459
10817
10435
9392
7877
5905
3570
1120
-1253
-3496
-5531
-7129
-8228
-8992
-9443
-9457
-9056
-8392
-7553
-6610
-5702
-4827
-3892
-3005
-2326
-1786
-1166
-425
270
874
1404
1845
2265
2615
2834
3002
3133
3286
3506
3762
4245
4908
5541
6364
7423
8479
9471
10131
10297
10257
9981
9105
7537
5433
3104
782
-1677
-4365
-6938
-8999
-10451
-11421
-12008
-12004
-11232
-9907
-8325
-6513
-4423
-2244
-282
1255
2594
3868
4859
5362
5239
4939
4759
4576
4201
3525
2988
2830
2906
2839
2488
2136
1979
1740
1137
328
-693
-1894
-3314
-4743
-6067
-7391
-8407
-9128
-9446
-9244
-8382
-6911
-5224
-3168
-632
2187
4876
7190
9104
10608
11662
12144
11863
10701
8994
6910
4623
2088
-669
-3226
-5444
-7184
-8594
-9635
-10253
-10402
-10044
-9488
-8691
-7706
-6591
-5554
-4528
-3393
-2497
-1744
-1019
-259
448
1050
1602
1982
2247
2453
2595
2721
2852
2947
3113
3424
3973
4658
5306
6069
7017
8253
9346
9892
9981
9821
9616
8857
7300
5204
2955
776
-1476
-3879
-6322
-8269
-9663
-10581
-10809
-10625
-9980
-8775
-7323
-5592
-3571
-1672
-49
1317
2378
3423
4342
4664
4474
4099
3834
3755
3572
3089
2646
2417
2328
2557
2558
2071
1744
1502
1076
393
-705
-2129
-3548
-4844
-6153
-7390
-8525
-9368
-9576
-9308
-8565
-7102
-5292
-3328
-831
2012
4781
7334
9417
10964
12136
12826
12745
11789
10116
8010
5675
3150
396
-2472
-5115
-7250
-8830
-9968
-10788
-11230
-11127
-10487
-9513
-8442
-7360
-6186
-4848
-3447
-2229
-1327
-605
134
865
1402
1668
1799
1947
2095
2164
2194
2274
2386
2499
2704
3193
3958
4756
5435
6147
7163
8415
9403
9714
9513
9269
9010
8250
6638
4320
1917
-36
-1843
-3952
-6126
-7953
-9076
-9418
-9423
-9327
-8646
-7427
-6044
-4275
-2494
-900
589
1488
2091
2869
3497
3627
3301
2757
2572
2858
2856
2459
2043
1789
2024
2514
2457
1906
1419
1036
593
-166
-1390
-2852
-4216
-5442
-6488
-7419
-8348
-8906
-8934
-8354
-7175
-5604
-3679
-1565
898
3695
6373
8647
10402
11708
12533
12811
12476
11324
9317
6865
4414
1953
-752
-3672
-6365
-8389
-9664
-10509
-11201
-11585
-11326
-10419
-9202
-7976
-6820
-5598
-4305
-2945
-1727
-897
-325
182
837
1383
1704
1900
1928
2005
2111
2321
2489
2496
2651
2936
3541
4332
5036
5728
6396
7364
8523
9477
9871
9521
9016
8475
7589
6045
3784
1262
-938
-2642
-4451
-6315
-7791
-8851
-9229
-8837
-8268
-7623
-6582
-5413
-3920
-2185
-755
233
906
1499
1972
2429
2646
2550
2259
2024
2224
2554
2737
2547
2302
2450
2850
3018
2616
1898
972
212
-502
-1761
-3502
-5192
-6333
-7144
-7702
-8130
-8580
-8451
-7442
-5977
-4280
-2271
-163
2093
4630
7055
9130
10728
11620
12082
12301
11866
10730
8881
6285
3653
1254
-1307
-3928
-6532
-8881
-10245
-10922
-11441
-11649
-11495
-10792
-9464
-7942
-6668
-5415
-4008
-2657
-1314
-325
223
747
1246
1605
1802
1988
2182
2196
2136
2232
2411
2492
2573
2814
3303
4004
4784
5530
6268
7247
8300
9077
9395
9181
8731
8080
7092
5560
3466
1328
-642
-2424
-4116
-5791
-7213
-8142
-8448
-8328
-7940
-7237
-6311
-5250
-3903
-2360
-1091
-263
367
913
1358
1769
1944
1841
1737
1790
2030
2435
2799
2799
2823
2977
3089
3299
3045
2160
1168
203
-827
-1936
-3449
-5200
-6483
-7251
-7621
-7812
-7896
-7691
-6813
-5161
-3291
-1368
594
2739
4979
7179
9171
10483
11173
11423
11470
11045
9905
8159
5825
3368
1013
-1304
-3724
-6179
-8315
-9785
-10555
-10972
-11254
-11229
-10539
-9444
-8070
-6589
-5335
-4067
-2749
-1525
-556
154
563
882
1331
1531
1723
1918
1808
1774
1927
2068
2174
2438
2748
3172
4021
4908
5812
6701
7434
8286
9051
9388
9223
8715
7775
6659
5437
3597
1496
-565
-2500
-4130
-5476
-6796
-7950
-8411
-8382
-7901
-7059
-6223
-5219
-3962
-2644
-1373
-363
190
600
1001
1192
1361
1627
1638
1574
1873
2220
2665
3158
3291
3283
3357
3455
3349
2810
1722
378
-843
-2071
-3328
-4698
-6202
-7264
-7699
-7895
-7740
-7142
-6427
-5337
-3563
-1520
489
2563
4544
6320
8126
9733
10672
11072
11078
10615
9771
8469
6620
4412
2030
-273
-2436
-4682
-6850
-8615
-9940
-10748
-11001
-10912
-10587
-9847
-8678
-7341
-5893
-4363
-3018
-1918
-939
-123
450
806
1066
1193
1172
1299
1433
1287
1241
1350
1269
1395
2036
2713
3332
4277
5343
6197
7104
8131
8899
9274
9252
8850
8166
7182
5975
4459
2364
211
-1441
-2990
-4584
-5898
-6986
-7800
-7916
-7448
-6963
-6404
-5462
-4399
-3331
-2134
-1142
-596
-257
97
380
560
960
1380
1344
1418
1955
2488
3134
3808
3880
3697
3757
3733
3418
2627
1154
-412
-1649
-2877
-4195
-5592
-7027
-7953
-8038
-7830
-7463
-6653
-5676
-4395
-2448
-292
1457
3225
5189
6633
7963
9393
10056
10112
10124
9787
8831
7573
6103
4200
1959
-249
-2373
-4633
-6578
-8082
-9599
-10580
-10762
-10552
-9917
-8987
-7881
-6665
-5300
-3626
-2177
-1320
-675
-43
347
457
597
525
142
147
509
500
397
742
1080
1344
2023
2901
3781
4861
5969
6820
7511
8329
9242
9671
9331
8641
7759
6660
5632
4316
2103
-243
-1894
-3284
-4599
-5660
-6748
-7673
-7809
-7174
-6329
-5738
-5169
-4301
-3413
-2487
-1454
-823
-677
-420
-78
202
756
1342
1612
1726
2203
2940
3629
4368
4633
4335
4025
3966
3730
2768
1306
-390
-1980
-3239
-4373
-5598
-6913
-7906
-8191
-7863
-7174
-6133
-4992
-3921
-2456
-575
1186
2746
4390
5931
6996
7983
9085
9487
9319
9256
8572
7126
5898
4556
2491
367
-1520
-3581
-5528
-6917
-8137
-9400
-10111
-10054
-9611
-8787
-7576
-6407
-5317
-4056
-2800
-1840
-1232
-792
-510
-595
-641
-418
-497
-647
-330
-54
31
494
1228
1777
2329
3281
4392
5389
6515
7481
7832
8187
9005
9520
9224
8536
7621
6377
5229
4293
2789
628
-1221
-2497
-3719
-4801
-5546
-6337
-7049
-7019
-6461
-6029
-5535
-4715
-4042
-3524
-2642
-1677
-1185
-909
-558
-318
18
827
1715
2077
2463
3276
3919
4508
5164
5390
4919
4262
3885
3148
1830
414
-1189
-3011
-4451
-5620
-6840
-7648
-8001
-7987
-7464
-6525
-5404
-4087
-2532
-1004
464
1828
3279
4904
6068
6865
7694
8219
8362
8443
8251
7404
6208
5012
3663
1879
-124
-1958
-3834
-5510
-6748
-7898
-8838
-9208
-8994
-8581
-7965
-6900
-5741
-4769
-3620
-2490
-2018
-1723
-1282
-1076
-1160
-1191
-1019
-1063
-1005
-344
287
673
1442
2364
2930
3635
4640
5493
6148
6835
7412
7574
7737
8132
8143
7712
7133
6266
5284
4436
3526
2246
584
-982
-2285
-3523
-4432
-5059
-5840
-6506
-6610
-6336
-6041
-5609
-4785
-3958
-3368
-2497
-1523
-1101
-703
94
551
805
1654
2451
2707
3270
4044
4359
4637
4950
4731
4168
3632
2871
1662
292
-1049
-2528
-3964
-5143
-6233
-7043
-7363
-7281
-6744
-5979
-5112
-3861
-2479
-1162
392
1820
2862
4012
5114
5709
6266
6976
7233
7037
6817
6407
5641
4842
4065
2940
1429
-118
-1582
-3072
-4506
-5702
-6700
-7593
-8187
-8258
-7931
-7391
-6623
-5712
-4837
-3920
-2974
-2274
-1835
-1424
-1089
-972
-875
-654
-468
-181
333
769
1175
1759
2313
2814
3320
3709
4159
4708
5127
5468
5687
5693
5820
6133
6284
6185
5868
5385
4771
4059
3411
2471
1030
-233
-1391
-2829
-3870
-4531
-5324
-5730
-5743
-5788
-5672
-5133
-4281
-3581
-2874
-1975
-1376
-1085
-499
311
674
986
1624
1977
2216
2849
3460
3765
4035
4078
3689
3210
2727
1989
887
-395
-1736
-3164
-4336
-5013
-5547
-6003
-6011
-5552
-4784
-3797
-2701
-1572
-599
296
1382
2341
3016
3815
4412
4461
4722
5168
5270
5447
5621
5199
4433
3864
3147
2124
1179
-15
-1619
-3218
-4455
-5471
-6429
-6901
-7094
-7428
-7293
-6585
-5992
-5197
-3934
-3011
-2501
-1794
-1100
-699
-217
290
331
102
128
426
755
1146
1663
1950
1898
2005
2312
2427
2540
2843
3028
3034
3209
3600
3940
4404
5198
5792
5962
6102
5951
5276
4661
4024
2754
1254
-52
-1569
-3106
-3984
-4522
-5198
-5551
-5423
-5340
-5176
-4434
-3543
-2997
-2353
-1530
-1162
-1023
-532
-122
-33
351
961
1256
1565
2292
2991
3378
3727
3920
3593
3007
2539
1891
787
-441
-1545
-2657
-3642
-4133
-4294
-4471
-4342
-3741
-3186
-2620
-1672
-766
-103
624
1231
1528
1863
2394
2783
2985
3309
3557
3584
3835
4145
3999
3653
3293
2581
1583
669
-332
-1742
-3126
-4141
-5149
-6010
-6244
-6227
-6333
-6128
-5413
-4676
-3985
-2979
-2029
-1526
-1048
-537
-350
-227
51
193
198
308
509
709
1003
1518
1972
2013
1951
1998
1839
1726
2046
2352
2386
2589
3045
3382
3821
4711
5442
5674
5907
5793
4926
4053
3333
2198
901
-218
-1546
-3007
-3867
-4215
-4609
-4717
-4370
-4172
-4028
-3465
-2848
-2579
-2247
-1714
-1566
-1707
-1484
-1169
-1034
-506
362
966
1464
2190
2893
3408
3944
4383
4258
3660
2993
2086
864
-198
-1103
-2099
-2873
-3296
-3600
-3727
-3485
-2907
-2191
-1487
-849
-440
-238
12
301
541
786
971
1076
1230
1533
2059
2689
3237
3711
3857
3517
3067
2454
1519
621
-339
-1606
-2877
-3975
-4865
-5463
-5606
-5230
-4852
-4616
-4087
-3536
-3063
-2153
-1172
-676
-347
-133
-231
-319
-126
222
571
862
1091
1210
1263
1564
2055
2288
2191
1863
1233
580
389
517
707
1031
1481
1885
2264
3036
3947
4667
5352
5687
5398
4650
3801
2855
1770
907
110
-992
-2113
-2833
-3293
-3525
-3260
-2835
-2778
-2842
-2730
-2744
-2832
-2618
-2471
-2723
-2882
-2782
-2678
-2289
-1362
-241
794
1914
3059
3722
4072
4565
4740
4420
4059
3322
2025
763
-250
-1144
-1829
-2161
-2327
-2516
-2587
-2357
-2083
-1880
-1506
-1248
-1143
-1056
-1106
-1115
-1060
-829
-359
197
815
1506
2220
2851
3372
3757
3885
3590
2980
2245
1290
42
-1067
-1987
-3184
-4032
-4381
-4852
-5036
-4654
-4168
-3819
-3261
-2558
-2214
-1961
-1391
-968
-920
-551
8
175
472
1122
1533
1776
2190
2510
2526
2391
2309
2041
1301
510
-188
-1219
-2096
-2176
-1943
-1541
-681
467
1491
2473
3938
5277
6023
6608
6820
6098
4991
4180
2922
1497
706
-105
-1173
-1807
-1953
-2282
-2443
-2032
-1871
-2303
-2655
-2944
-3781
-4507
-4548
-4666
-4980
-4621
-3879
-3483
-2477
-738
730
2210
3803
4992
5469
5665
5908
5523
4778
4143
3198
1891
781
-17
-925
-1551
-1627
-1684
-1920
-1990
-1984
-2355
-2725
-2768
-2984
-3475
-3546
-3413
-3378
-2803
-1860
-875
261
1519
2693
3557
4301
4786
4730
4456
3997
3069
1967
961
-287
-1491
-2257
-2963
-3538
-3770
-3870
-4006
-3930
-3615
-3506
-3307
-2870
-2602
-2287
-1670
-1067
-642
-58
669
1220
1712
2286
2642
2672
2653
2515
2049
1501
1041
356
-461
-1109
-1659
-2240
-2544
-2213
-1701
-1077
-11
1144
2098
3066
4292
5261
5723
6144
6217
5576
4786
4088
3007
1837
1129
339
-625
-1185
-1560
-2236
-2698
-2590
-2816
-3318
-3458
-3757
-4458
-4906
-4816
-4766
-4659
-3940
-3006
-2271
-1169
415
1748
3020
4472
5560
6007
6176
6140
5379
4376
3603
2548
1285
346
-408
-1308
-1975
-2181
-2370
-2688
-2777
-2748
-3155
-3534
-3627
-3991
-4070
-3595
-3161
-2579
-1552
-487
486
1819
3108
3880
4600
5244
5235
4710
4142
3200
1828
791
-65
-1234
-2112
-2604
-3353
-3870
-3793
-3862
-3980
-3568
-3209
-3265
-3027
-2550
-2441
-2116
-1189
-583
-295
457
1054
1138
1622
2224
2249
2323
2557
2327
1813
1427
1065
494
-72
-386
-931
-1756
-2167
-2224
-2139
-1564
-589
388
1281
2189
3185
4051
4687
5288
5584
5311
4845
4173
3067
1991
1177
338
-428
-931
-1396
-2006
-2449
-2545
-2779
-3110
-3076
-3186
-3672
-3800
-3746
-4017
-3956
-3285
-2677
-1990
-731
587
1620
2842
4139
4925
5334
5617
5383
4519
3642
2802
1600
556
-62
-894
-1674
-1841
-1959
-2270
-2271
-2123
-2304
-2535
-2476
-2562
-2891
-2833
-2515
-2384
-1909
-993
-331
345
1430
2263
2722
3306
3641
3338
2914
2534
1753
812
195
-463
-1263
-1625
-1768
-2113
-2192
-1993
-2032
-2079
-1878
-1847
-1987
-1912
-1789
-1825
-1679
-1277
-992
-620
-46
358
647
1047
1338
1315
1369
1374
1103
933
741
419
40
-356
-719
-1050
-1233
-1193
-979
-587
57
771
1557
2379
3064
3885
4545
4852
5102
4937
4355
3720
2978
2051
1090
312
-495
-1336
-1867
-2288
-2760
-2967
-2956
-3077
-3139
-3047
-3142
-3285
-3182
-3019
-2876
-2464
-1821
-1244
-577
420
1367
2169
3158
3972
4266
4382
4358
3820
3136
2572
1816
1013
360
-272
-1085
-1650
-1874
-2182
-2278
-2177
-2187
-2366
-2457
-2502
-2678
-2586
-2268
-1918
-1523
-992
-380
120
677
1444
2072
2414
2856
2987
2605
2258
1847
1178
518
136
-339
-980
-1310
-1611
-2022
-2166
-2092
-2166
-2311
-2183
-2199
-2386
-2240
-2007
-1829
-1466
-885
-410
-59
455
835
1062
1452
1788
1914
1992
1966
1735
1505
1284
1011
757
375
-98
-624
-1204
-1589
-1781
-1641
-1229
-728
39
701
1311
2105
2763
3346
3920
4264
4129
3774
3240
2312
1474
825
178
-379
-710
-939
-1306
-1443
-1314
-1373
-1451
-1297
-1384
-1808
-2021
-2262
-2667
-2777
-2605
-2314
-1971
-1333
-497
195
1090
2067
2666
3062
3360
3282
2915
2550
2076
1501
968
516
78
-404
-746
-944
-1153
-1225
-1158
-1244
-1447
-1642
-1918
-2178
-2241
-2131
-1954
-1714
-1298
-802
-433
10
558
885
1176
1559
1649
1503
1442
1230
811
559
360
-29
-280
-347
-680
-962
-1008
-1259
-1536
-1600
-1653
-1883
-1926
-1682
-1615
-1386
-852
-507
-217
275
607
687
910
1084
1013
995
1039
907
711
644
549
420
387
276
35
-236
-570
-817
-870
-790
-459
30
505
1040
1595
2115
2655
3172
3556
3676
3527
3193
2559
1747
1081
451
-188
-570
-777
-1040
-1180
-1117
-1078
-1056
-936
-920
-1150
-1373
-1582
-1916
-2155
-2133
-2100
-2052
-1618
-1066
-554
224
1079
1696
2179
2670
2815
2654
2494
2146
1592
1055
584
9
-514
-829
-1064
-1179
-1216
-1147
-1085
-1143
-1067
-1066
-1269
-1318
-1363
-1557
-1558
-1368
-1203
-900
-414
56
396
755
1141
1184
1164
1228
956
689
512
110
-237
-478
-763
-982
-1160
-1267
-1296
-1294
-1226
-1198
-1158
-1136
-1153
-1094
-981
-888
-725
-444
-338
-177
55
19
107
283
322
447
678
791
824
896
781
519
315
36
-309
-352
-146
125
624
1289
1831
2220
2698
2994
3084
3275
3129
2691
2233
1456
547
-197
-788
-1172
-1378
-1290
-1059
-996
-808
-631
-662
-592
-512
-623
-810
-962
-1246
-1521
-1545
-1414
-1176
-734
-142
349
843
1324
1656
1886
1977
1975
1717
1286
828
277
-178
-503
-722
-792
-849
-899
-873
-930
-1034
-1006
-980
-1011
-998
-1021
-1130
-1188
-1092
-894
-641
-279
143
460
728
976
1018
956
931
795
586
414
158
-172
-424
-625
-792
-892
-917
-884
-914
-941
-920
-965
-1039
-984
-875
-840
-659
-466
-360
-182
20
255
399
561
695
576
509
438
226
152
156
94
130
215
180
164
159
54
-16
3
27
7
123
276
367
649
1024
1355
1691
2059
2272
2297
2314
2165
1846
1518
1195
764
403
159
-183
-385
-500
-616
-617
-602
-600
-645
-686
-784
-1002
-1097
-1141
-1301
-1244
-1032
-977
-755
-384
-205
31
435
648
726
881
875
620
427
343
132
-25
74
51
-137
-86
-37
-220
-228
-157
-307
-452
-505
-654
-869
-940
-931
-916
-766
-542
-377
-286
-159
-27
23
143
256
224
147
45
-126
-357
-457
-457
-473
-394
-279
-250
-293
-285
-290
-372
-336
-320
-435
-528
-594
-714
-823
-737
-626
-517
-252
-92
-22
62
61
64
96
187
327
428
539
652
680
709
771
800
788
810
854
802
850
957
981
1111
1226
1311
1410
1437
1450
1389
1247
1121
946
664
407
164
-140
-346
-480
-576
-538
-474
-403
-321
-283
-281
-307
-367
-478
-534
-561
-629
-646
-619
-624
-606
-502
-359
-178
49
235
318
363
342
214
112
47
12
-9
31
109
36
1
36
-102
-188
-132
-200
-274
-260
-394
-541
-591
-673
-712
-658
-509
-430
-429
-304
-330
-444
-363
-304
-313
-208
-121
-189
-239
-281
-320
-339
-304
-205
-227
-246
-251
-367
-494
-501
-488
-530
-482
-457
-478
-502
-481
-377
-323
-168
30
100
193
294
346
490
627
741
892
933
969
964
939
926
933
941
933
918
858
803
731
715
726
776
833
829
782
663
502
359
214
66
-39
-114
-218
-319
-312
-341
-309
-193
-141
-55
-46
-52
-126
-243
-301
-341
-383
-363
-265
-249
-213
-200
-209
-159
-118
-37
68
99
135
156
109
62
16
-37
-91
-92
-47
-76
-122
-104
-132
-179
-190
-208
-264
-312
-413
-512
-555
-637
-623
-561
-506
-448
-373
-330
-346
-325
-295
-286
-265
-249
-261
-284
-324
-364
-355
-347
-337
-312
-313
-274
-266
-254
-185
-226
-223
-139
-146
-120
-64
-83
-100
-63
-22
38
166
304
407
516
637
701
712
803
850
842
911
922
868
800
741
679
618
665
710
690
704
704
567
480
475
335
252
226
102
-1
-84
-126
-175
-200
-157
-157
-124
-115
-125
-118
-172
-171
-177
-209
-181
-188
-211
-196
-182
-148
-127
-119
-104
-174
-241
-278
-332
-368
-374
-323
-312
-268
-170
-175
-150
-127
-160
-147
-143
-173
-222
-250
-277
-360
-391
-360
-367
-366
-304
-277
-269
-242
-263
-278
-275
-265
-256
-256
-214
-228
-273
-261
-256
-239
-202
-148
-121
-148
-130
-116
-137
-90
-31
12
60
104
128
121
136
144
170
196
208
225
189
201
235
250
352
496
592
681
743
724
708
675
647
625
592
604
573
540
532
490
481
507
534
530
495
431
307
175
78
-15
-95
-126
-134
-137
-138
-139
-146
-174
-167
-166
-230
-258
-253
-313
-358
-311
-303
-303
-227
-198
-203
-196
-173
-182
-227
-217
-253
-342
-397
-448
-514
-547
-503
-464
-419
-336
-312
-313
-263
-270
-315
-277
-249
-282
-271
-225
-229
-216
-151
-87
-39
-9
26
19
11
-5
-70
-69
-73
-92
-78
-59
-36
-43
-26
-4
-8
21
11
14
52
30
44
86
114
140
164
234
256
278
336
354
388
399
423
414
370
366
300
263
291
284
307
356
405
432
443
496
504
464
475
434
375
345
292
253
201
162
152
132
119
110
95
66
29
-20
-84
-155
-225
-273
-310
-333
-348
-377
-386
-379
-383
-357
-325
-315
-289
-272
-284
-288
-264
-253
-252
-237
-230
-235
-248
-226
-243
-260
-221
-242
-261
-276
-315
-339
-365
-351
-355
-334
-259
-243
-196
-134
-102
-52
-15
21
28
12
3
-14
-20
-3
27
62
101
132
172
197
169
151
125
87
77
48
19
24
3
-9
21
36
60
113
157
196
227
243
254
260
268
300
340
357
364
370
362
345
341
341
339
332
310
271
235
200
171
158
152
157
162
180
196
203
202
181
185
138
78
50
-11
-31
-34
-38
-24
-23
-36
-65
-87
-115
-158
-202
-243
-278
-326
-363
-376
-384
-374
-347
-342
-327
-287
-285
-283
-249
-234
-216
-180
-163
-147
-121
-123
-135
-135
-132
-145
-148
-129
-115
-120
-126
-129
-123
-114
-114
-97
-80
-51
-28
-23
5
5
9
16
22
48
35
43
54
56
78
84
116
112
113
144
100
84
88
53
37
18
5
-3
8
16
10
39
83
101
121
170
184
173
188
212
222
225
239
253
226
209
212
178
162
148
123
114
0
0
0
0
0
0
0
0
0
0
0
0
0
0
0
0
0
0
0
0
0
0
0
0
0
0
0
0
0
0
0
0
0
0
0
0
0
0
0
0
0
0
0
0
0
0
0
0
0
0
0
0
0
0
0
0
0
0
0
0
0
0
0
0
0
0
0
0
0
0
0
0
0
0
0
0
0
0
0
0
0
0
0
0
0
0
0
0
0
0
0
0
0
0
0
0
0
0
0
0
0
0
0
0
0
0
0
0
0
0
0
0
0
0
0
0
0
0
0
0
0
0
0
0
0
0
0
0
0
0
0
0
0
0
0
0
0
0
0
0
0
0
0
0
0
0
0
0
0
0
0
0
0
0
0
0
0
0
0
0
0
0
0
0
0
0
0
0
0
0
0
0
0
0
0
0
0
0
0
0
0
0
0
0
0
0
0
0
0
0
0
0
0
0
0
0
0
0
0
0
0
0
0
0
0
0
0
0
0
0
0
0
0
0
0
0
0
0
0
0
0
0
0
0
0
0
0
0
0
0
0
0
0
0
0
0
0
0
0
0
0
0
0
0
0
0
0
0
0
0
0
0
0
0
0
0
0
0
0
0
0
0
0
0
0
0
0
0
0
0
0
0
0
0
0
0
0
0
0
0
0
0
0
0
0
0
0
0
0
0
0
0
0
0
0
0
0
0
0
0
0
0
0
0
0
0
0
0
0
0
0
0
0
0
0
0
0
0
0
0
0
0
0
0
0
0
0
0
0
0
0
0
0
0
0
0
0
0
0
0
0
0
0
0
0
0
0
0
0
0
0
0
0
0
0
0
0
0
0
0
0
0
0
0
0
0
0
0
0
0
0
0
0
0
0
0
0
0
0
0
0
0
0
0
0
0
0
0
0
0
0
0
0
0
0
0
0
0
0
0
