0
0
0
0
0
0
0
0
0
0
0
0
0
0
0
0
0
0
0
0
0
0
0
0
0
0
0
0
0
0
0
0
0
0
0
0
0
0
0
0
0
0
0
0
0
0
0
0
0
0
0
0
0
0
0
0
0
0
0
0
0
0
0
0
0
0
0
0
0
0
0
0
0
0
0
0
0
0
0
0
0
0
0
0
0
0
0
0
0
0
0
0
0
0
0
0
0
0
0
0
0
0
0
0
0
0
0
0
0
0
0
0
0
0
0
0
0
0
0
0
0
0
0
0
0
0
0
0
0
0
0
0
0
0
0
0
0
0
0
0
0
0
0
0
0
0
0
0
0
0
0
0
0
0
0
0
0
0
0
0
0
0
0
0
0
0
0
0
0
0
0
0
0
0
0
0
0
0
0
0
0
0
0
0
0
0
0
0
0
0
0
0
0
0
0
0
0
0
0
0
0
0
0
0
0
0
0
0
0
0
0
0
0
0
0
0
0
0
0
0
0
0
0
0
0
0
0
0
0
0
0
0
0
0
0
0
0
0
0
0
0
0
0
0
0
0
0
0
0
0
0
0
0
0
0
0
0
0
0
0
0
0
0
0
0
0
0
0
0
0
0
0
0
0
0
0
0
0
0
0
0
0
0
0
0
0
0
0
0
0
0
0
0
0
0
0
0
0
0
0
0
0
0
0
0
0
0
0
0
0
0
0
0
0
0
0
0
0
0
0
0
0
0
0
0
0
0
0
0
0
0
0
0
0
0
0
0
0
0
0
0
0
0
0
0
0
0
0
0
0
0
0
0
0
0
0
0
0
0
0
0
0
0
0
0
0
0
0
0
0
0
0
0
0
0
0
0
0
0
0
0
0
0
0
0
0
0
0
0
0
0
0
0
0
0
0
-159
-142
-143
-133
-115
-113
-97
-83
-76
-61
-70
-42
-8
-19
19
53
54
73
87
98
112
129
129
135
136
139
178
177
183
201
189
203
193
209
211
192
212
209
230
223
213
236
210
192
192
181
173
171
151
146
105
77
74
10
25
-5
-60
-54
-78
-77
-103
-118
-111
-133
-168
-200
-223
-226
-201
-236
-279
-277
-301
-331
-336
-361
-377
-385
-446
-459
-464
-465
-447
-494
-481
-427
-413
-415
-413
-391
-357
-282
-247
-227
-141
-117
-110
-71
-25
15
45
119
164
190
235
249
286
330
378
450
498
550
599
631
705
738
753
832
850
874
921
903
910
891
862
839
786
753
685
634
585
510
431
359
321
201
105
39
-71
-172
-264
-332
-447
-513
-585
-690
-768
-823
-826
-924
-946
-901
-948
-905
-872
-860
-831
-846
-821
-778
-750
-714
-673
-659
-652
-608
-593
-551
-511
-548
-509
-432
-412
-380
-349
-331
-280
-237
-189
-112
-52
1
43
61
103
156
177
247
313
370
534
661
744
848
955
1090
1197
1300
1386
1452
1502
1517
1500
1429
1372
1338
1259
1153
1045
909
782
634
468
292
84
-16
-95
-229
-328
-439
-549
-658
-746
-810
-869
-899
-935
-905
-883
-905
-866
-836
-794
-747
-652
-506
-431
-348
-264
-195
-124
-68
-20
7
94
128
128
159
100
83
65
35
84
65
59
69
29
9
-20
-62
-136
-209
-291
-369
-408
-539
-629
-678
-831
-917
-947
-1014
-1068
-1080
-1077
-1074
-1051
-986
-944
-938
-796
-641
-560
-419
-315
-164
48
184
315
482
664
859
1104
1320
1469
1649
1792
1949
2122
2216
2325
2405
2421
2365
2250
2177
2062
1906
1730
1512
1282
997
726
477
193
-96
-359
-550
-778
-988
-1097
-1251
-1434
-1558
-1636
-1679
-1705
-1731
-1714
-1663
-1640
-1599
-1515
-1427
-1282
-1086
-946
-807
-622
-415
-215
-57
82
231
434
571
649
737
786
858
904
884
844
805
790
750
688
610
502
376
278
126
-30
-118
-308
-484
-628
-844
-964
-1115
-1329
-1442
-1537
-1600
-1644
-1728
-1729
-1645
-1579
-1531
-1460
-1349
-1156
-967
-806
-588
-431
-281
-80
113
357
554
788
1098
1336
1577
1818
2024
2207
2353
2505
2666
2763
2807
2816
2737
2646
2526
2330
2117
1868
1623
1406
1131
838
542
237
-15
-300
-575
-767
-964
-1132
-1333
-1548
-1681
-1757
-1856
-1960
-1950
-1902
-1851
-1793
-1759
-1692
-1553
-1427
-1290
-1078
-909
-712
-502
-319
-138
-40
94
273
376
455
627
732
759
803
750
775
827
824
834
758
659
535
393
269
131
-13
-141
-312
-483
-646
-849
-971
-1089
-1253
-1353
-1410
-1465
-1470
-1501
-1562
-1493
-1423
-1347
-1303
-1262
-1065
-894
-705
-576
-478
-292
-150
115
432
620
860
1181
1417
1618
1859
2097
2354
2561
2697
2793
2856
2893
2877
2792
2639
2459
2304
2164
1940
1675
1413
1101
803
436
70
-126
-314
-516
-757
-1021
-1216
-1426
-1627
-1765
-1834
-1923
-1996
-1984
-1995
-1971
-1936
-1918
-1857
-1703
-1486
-1310
-1067
-845
-714
-530
-340
-154
-27
107
345
511
583
633
665
642
631
656
646
661
646
612
597
482
324
225
101
-23
-52
-131
-281
-441
-618
-812
-971
-1057
-1221
-1358
-1372
-1409
-1415
-1411
-1484
-1524
-1457
-1354
-1221
-1076
-915
-760
-582
-406
-325
-221
-75
164
467
726
967
1188
1445
1663
1896
2133
2358
2626
2816
2990
3058
3055
3028
2895
2832
2682
2395
2208
2000
1708
1404
1054
686
339
18
-276
-497
-675
-938
-1177
-1345
-1521
-1661
-1798
-1923
-1982
-2026
-2035
-1989
-1959
-1927
-1909
-1837
-1637
-1443
-1199
-983
-799
-545
-388
-191
33
216
446
544
633
786
815
834
853
815
837
804
702
678
617
536
515
442
307
156
31
-32
-142
-339
-491
-606
-796
-965
-1088
-1250
-1417
-1555
-1647
-1719
-1733
-1731
-1790
-1782
-1693
-1579
-1483
-1446
-1312
-1084
-920
-747
-538
-333
-154
-42
125
342
603
876
1065
1354
1652
1863
2088
2267
2511
2761
2945
3153
3268
3314
3295
3202
3119
2980
2818
2568
2221
1971
1726
1402
964
503
151
-226
-514
-747
-1062
-1341
-1567
-1745
-1905
-2067
-2213
-2338
-2432
-2393
-2276
-2270
-2302
-2268
-2213
-2116
-1863
-1635
-1468
-1238
-947
-607
-358
-89
157
435
714
899
1190
1312
1422
1571
1535
1539
1502
1381
1289
1233
1130
1008
855
611
410
245
78
-42
-145
-314
-482
-602
-773
-991
-1238
-1409
-1595
-1811
-1862
-1975
-2066
-2127
-2257
-2232
-2257
-2201
-2065
-1968
-1753
-1598
-1427
-1237
-1055
-864
-681
-399
-141
96
336
519
689
841
978
1238
1498
1713
2059
2348
2556
2793
3037
3193
3363
3642
3777
3867
3905
3786
3682
3493
3197
2891
2523
2105
1737
1380
956
477
-87
-580
-919
-1245
-1521
-1832
-2135
-2297
-2464
-2627
-2795
-2955
-3055
-3099
-2981
-2913
-2873
-2656
-2518
-2367
-2135
-1950
-1679
-1364
-999
-667
-459
-184
90
347
571
737
990
1225
1411
1594
1755
1825
1779
1822
1860
1840
1793
1657
1570
1446
1278
1078
853
568
208
40
-143
-383
-611
-919
-1104
-1282
-1535
-1748
-1914
-2044
-2110
-2118
-2148
-2169
-2212
-2264
-2270
-2232
-2142
-2030
-1879
-1658
-1415
-1216
-1046
-828
-556
-281
-10
249
513
803
1009
1121
1227
1305
1356
1441
1583
1786
1980
2098
2258
2438
2551
2688
2867
3022
3239
3448
3480
3490
3394
3214
3050
2716
2425
2044
1559
1195
773
392
-74
-642
-1121
-1540
-1818
-2071
-2261
-2393
-2642
-2788
-2867
-2983
-3021
-3080
-3063
-2929
-2852
-2706
-2502
-2358
-2158
-1962
-1739
-1457
-1220
-899
-559
-257
22
258
553
771
943
1136
1310
1536
1636
1729
1868
1898
1926
1886
1916
1948
1861
1884
1795
1666
1543
1271
1096
858
573
372
72
-198
-510
-808
-1029
-1365
-1562
-1707
-1899
-1999
-2131
-2188
-2216
-2284
-2314
-2255
-2095
-2036
-1957
-1821
-1723
-1509
-1334
-1214
-1021
-826
-635
-434
-223
-49
142
282
395
580
717
815
828
861
919
887
934
959
1037
1246
1355
1547
1810
1994
2215
2446
2695
2996
3232
3342
3386
3368
3239
3003
2789
2525
2076
1647
1209
790
396
-64
-475
-957
-1364
-1653
-1861
-1927
-2138
-2310
-2329
-2376
-2391
-2465
-2537
-2442
-2358
-2244
-2085
-2011
-1877
-1773
-1634
-1396
-1190
-956
-751
-501
-277
-134
88
227
269
386
469
614
885
1033
1158
1211
1199
1335
1491
1580
1587
1690
1732
1657
1705
1617
1443
1234
984
837
641
332
-12
-279
-543
-846
-1095
-1389
-1652
-1845
-2013
-2026
-1949
-1945
-1986
-1987
-1982
-1877
-1661
-1534
-1404
-1215
-1031
-870
-760
-617
-458
-347
-227
-94
11
110
202
268
314
328
336
382
433
493
605
676
608
521
506
557
709
904
1110
1352
1521
1650
1838
2038
2314
2628
2813
2892
2890
2867
2879
2771
2540
2211
1775
1424
1157
845
524
110
-403
-843
-1209
-1473
-1577
-1681
-1885
-2069
-2127
-2099
-2053
-2054
-2130
-2118
-1981
-1840
-1665
-1546
-1546
-1480
-1398
-1327
-1173
-1060
-949
-761
-598
-421
-305
-305
-224
-54
119
335
531
691
858
993
1125
1290
1466
1597
1665
1687
1703
1723
1719
1619
1398
1178
1015
855
639
412
197
-50
-330
-612
-832
-1059
-1219
-1399
-1570
-1537
-1620
-1709
-1807
-1930
-1861
-1828
-1738
-1647
-1566
-1446
-1350
-1131
-1043
-1010
-881
-814
-592
-311
-183
-81
-72
-126
10
70
23
159
205
387
642
643
661
486
362
470
575
828
1084
1317
1573
1759
1926
2073
2193
2454
2829
3095
3244
3222
3155
3135
2984
2694
2305
1832
1445
1168
861
574
151
-408
-890
-1359
-1552
-1564
-1720
-1812
-1913
-1964
-1858
-1839
-1900
-2060
-2143
-1985
-1785
-1636
-1620
-1719
-1759
-1686
-1486
-1294
-1244
-1163
-1051
-856
-535
-350
-187
-119
-143
88
388
646
850
928
1006
1121
1314
1516
1617
1679
1718
1817
1885
1742
1633
1483
1239
1130
886
610
488
154
-181
-389
-785
-1128
-1361
-1582
-1633
-1635
-1624
-1731
-1869
-1942
-2039
-1900
-1795
-1736
-1564
-1533
-1426
-1142
-903
-815
-745
-671
-566
-300
-77
62
234
325
306
350
422
399
383
364
344
430
515
529
521
431
316
298
294
334
527
787
1052
1311
1519
1674
1776
1894
2146
2400
2498
2557
2574
2527
2529
2463
2195
1830
1428
1013
811
713
469
134
-320
-724
-966
-1099
-1179
-1291
-1449
-1670
-1592
-1342
-1316
-1309
-1431
-1546
-1360
-1256
-1200
-1096
-1233
-1298
-1109
-985
-909
-912
-951
-872
-748
-494
-333
-419
-428
-271
45
269
350
449
428
525
777
916
987
936
929
1063
1133
1191
1076
729
547
517
545
573
345
66
-131
-358
-509
-611
-781
-1083
-1241
-1198
-1271
-1256
-1236
-1373
-1334
-1264
-1234
-1021
-833
-812
-750
-598
-471
-309
-177
-193
-183
-13
85
103
245
199
128
254
306
307
186
57
-92
-166
-114
-144
78
120
-174
-225
-258
-376
-352
-312
-330
-110
313
747
1131
1301
1350
1475
1659
1965
2353
2532
2590
2638
2596
2634
2721
2462
1978
1615
1253
1129
1220
1037
641
281
-65
-404
-363
-399
-746
-802
-974
-1080
-926
-1007
-1201
-1439
-1497
-1542
-1641
-1523
-1715
-1905
-1819
-1891
-1749
-1632
-1780
-1805
-1788
-1620
-1421
-1304
-1057
-890
-640
-247
-52
122
204
195
432
618
861
1150
1268
1496
1477
1496
1642
1497
1413
1294
1371
1422
1212
1113
739
434
356
159
-36
-371
-609
-627
-675
-628
-674
-974
-1159
-1291
-1305
-1077
-1086
-1101
-1098
-1175
-959
-974
-986
-878
-939
-725
-655
-617
-463
-505
-415
-327
-61
113
-45
-64
-118
-151
-206
-158
-173
-304
-87
72
281
402
292
76
-96
2
-55
387
901
988
1452
1554
1381
1451
1494
1780
2065
2308
2667
2788
3069
3307
3145
2986
2510
2005
1597
1113
988
740
390
-50
-801
-1133
-1470
-1914
-1971
-2240
-2522
-2538
-2332
-2007
-2014
-1908
-1879
-2024
-1730
-1459
-1151
-932
-1011
-675
-293
-129
195
157
-140
-92
-56
281
719
807
1035
911
762
886
686
674
713
477
613
596
424
417
-243
-122
20
-557
33
-234
-465
250
-239
-25
186
-451
75
160
-129
320
-148
-611
-664
-1100
-1035
-1305
-1550
-1061
-1198
-1082
-597
-907
-1016
-1007
-1276
-1010
-782
-827
-604
-603
-739
-645
-709
-750
-730
-771
-386
-177
-156
344
101
-382
-107
-114
249
795
777
1406
1424
580
567
187
-70
572
1776
3984
5065
5385
6253
5374
3814
3414
2191
642
84
-369
221
-57
-1621
-1299
-1804
-2973
-2713
-2864
-2198
-1392
-1106
619
1222
646
677
-192
-291
188
-177
399
7
-1019
-272
-272
-531
-97
-562
-552
-552
-683
368
17
-870
-414
-572
-522
-523
-1091
-618
-1301
-2164
-791
-316
-175
797
1027
1722
1937
1445
1561
512
-381
-387
-1022
-683
-399
-797
-170
-184
-141
249
-318
97
333
135
680
443
389
596
-269
-948
-1185
-1934
-2110
-2122
-2310
-1226
-603
-622
225
766
608
468
199
-13
-345
-836
-115
-75
-956
-674
-1306
-1875
-1750
-2236
-1634
-1249
-910
413
746
872
788
-31
-605
-1344
-1867
-1419
-922
-421
775
1587
2072
2071
708
143
28
-414
1532
4232
5904
7577
7424
5928
4229
1877
910
150
-1477
-1723
-1208
-84
693
-57
63
-58
-753
212
914
1703
2549
1741
1973
1988
161
-697
-1703
-2747
-2250
-1929
-1588
-1605
-2471
-2283
-1998
-1784
-1034
-1041
-876
-471
-590
-451
-778
-2214
-2639
-2270
-2394
-1642
-1065
-832
-590
-627
649
1791
2357
3041
2814
2657
2788
2269
1332
-146
-1745
-2583
-2822
-2339
-1581
-606
689
1295
2111
2639
1943
1568
751
-500
-668
-669
-890
-768
-1176
-2277
-2243
-1865
-1849
-985
-562
127
1406
1604
1853
1569
205
-890
-2079
-2549
-2191
-2390
-1921
-1055
-533
471
575
168
150
-645
-922
124
686
760
686
-180
-1062
-1698
-1973
-1961
-2022
-841
868
2018
3003
3122
2899
2105
22
-1214
-1838
-2742
-1529
1905
5527
7606
7286
5702
3324
1513
1709
1547
332
-633
-1150
-88
972
201
-302
-997
-2025
-911
864
2016
2879
2394
2012
2228
1149
-342
-1655
-2969
-3419
-3028
-2115
-2197
-3324
-3084
-2428
-2008
-338
821
723
655
446
547
1
-1598
-2349
-2743
-2765
-2154
-1514
-660
-859
-887
425
1450
2581
3226
3347
3412
2922
2957
2159
-108
-1971
-3191
-3520
-2701
-1450
-242
1014
1649
1655
2093
2137
1039
-4
-1004
-1981
-1604
-1045
-1307
-1423
-2144
-2778
-1937
-1224
-716
256
641
1069
1687
1551
1263
500
-996
-1909
-2162
-2127
-1777
-1484
-938
-45
612
1131
1155
338
-557
-1407
-1808
-1091
-438
-264
-25
-238
-422
-546
-1440
-1716
-1048
-649
373
1933
2441
2286
2034
948
-906
-2387
-3084
-2615
233
4702
8215
9652
8839
6214
3644
2333
1642
529
-1016
-2160
-1987
-334
653
-238
-861
-750
-415
1096
2742
3539
3546
2210
1008
367
-1169
-2748
-4084
-4952
-4027
-2710
-2023
-1670
-2134
-1978
-580
516
1543
2599
2449
1241
-10
-967
-2218
-3996
-4903
-4276
-3016
-1593
-210
685
1045
1129
1476
2572
3339
3518
3253
2153
1579
968
-601
-2290
-4009
-4818
-3869
-1986
61
2586
4252
3909
3435
3014
1669
-170
-2254
-3633
-3443
-2691
-1743
-619
-771
-1786
-1756
-801
106
554
779
1252
1570
1474
1307
328
-1514
-2881
-3774
-3512
-2149
-1324
-51
1278
1955
2747
1922
141
-1185
-2819
-3384
-2663
-1708
-338
583
286
-511
-1046
-1514
-2249
-2332
-804
1252
2944
4125
3865
2610
510
-2194
-3635
-4175
-3356
447
5553
10069
12134
10853
8041
4191
1203
654
-745
-2761
-3065
-2569
-1063
178
-320
-428
-297
-587
566
2736
4245
4372
3084
1583
2
-2158
-3895
-4935
-5226
-3961
-2351
-1638
-1279
-1237
-818
212
788
1826
2969
2338
1098
41
-1292
-2721
-4503
-5302
-4350
-3231
-1698
513
2050
2426
1950
1708
1992
2226
2520
2201
1445
1105
253
-998
-2417
-4243
-4710
-3640
-2141
26
2248
3396
3149
2472
2104
860
-855
-2254
-3967
-3966
-2200
-885
367
465
-609
-614
-185
-34
865
1338
1040
1491
1120
438
144
-1229
-2217
-2751
-2501
-979
-44
770
1462
1639
2298
1397
-568
-1760
-3959
-4414
-2600
-1473
183
1502
721
-943
-1807
-2340
-2513
-1799
-555
1040
2404
3514
3136
2112
504
-2532
-3889
-4008
-3141
669
5969
10747
13274
11550
7249
3484
604
-296
-894
-2926
-3388
-2763
-1631
494
559
-179
381
354
1310
3471
4642
4814
3088
794
-607
-2493
-4130
-4981
-5603
-4565
-2554
-1340
-509
-791
-847
258
404
1074
2532
2385
993
-622
-2143
-3399
-4536
-5403
-4749
-2783
-895
950
2177
2195
1490
1268
2155
2840
3015
2488
1435
1056
723
-220
-2375
-4951
-5539
-4428
-2295
890
3389
4269
4431
3190
974
417
-564
-3005
-3765
-3857
-2835
279
1112
127
-54
-1030
-839
837
838
802
1276
789
475
857
203
-1702
-3015
-3435
-2530
-909
477
1879
1981
1774
1703
170
-1525
-3091
-4094
-3361
-2286
-894
1035
1084
-947
-2289
-2842
-3103
-2021
-530
1027
3115
3915
3284
2481
35
-2681
-3330
-3401
-2236
993
5693
10521
12813
11506
7656
3157
-624
-2066
-2264
-2508
-1877
-1531
-690
463
-41
298
1256
718
1401
3130
4005
4560
3210
691
-1088
-3196
-4796
-4761
-4256
-3336
-1595
-497
-529
-872
-999
-536
59
737
1626
1941
1099
-488
-1863
-3221
-4516
-4436
-3368
-2280
-682
942
1766
2164
1487
331
716
1372
1357
1599
1636
1210
631
-512
-1840
-2768
-3636
-3018
-1136
705
2942
3378
2441
1913
191
-932
-555
-1545
-2748
-2531
-2165
-668
1215
604
-529
-725
-855
-22
925
1002
1098
843
24
-549
-1368
-2167
-2429
-2836
-1808
43
1024
2062
1853
530
-233
-1148
-2014
-1897
-2098
-2468
-1776
-1484
-1418
-1162
-1862
-2727
-2526
-1883
-776
1819
3705
4034
3867
1636
-1434
-2851
-3104
-1931
1564
5899
9224
10773
9556
6926
4072
1096
-420
-2182
-3552
-2060
-169
1855
2316
-13
-925
-725
-263
1363
2336
2668
2983
2378
1152
92
-1669
-3768
-4662
-4185
-2107
20
273
-634
-1598
-1700
-890
-197
183
395
196
-214
-882
-1763
-2366
-3087
-3514
-2392
-540
799
1393
868
56
-78
-205
42
1039
1411
1292
1526
1619
1534
741
-1086
-2166
-1960
-891
1260
2841
2838
2026
230
-1465
-1912
-2311
-2404
-1677
-1351
-858
295
644
185
-633
-1804
-1914
-657
588
1379
1540
1094
483
-335
-1287
-2465
-3432
-2989
-1561
110
1651
1954
1493
851
-508
-1470
-1653
-2080
-2231
-1815
-1654
-1791
-1655
-1479
-2045
-2712
-2368
-1188
469
1793
2464
2607
1191
-690
-1002
-462
778
3896
7484
9318
9236
7412
4787
2270
311
-486
-1508
-2637
-2438
-1074
1387
2449
1408
1215
1208
920
1914
3069
3277
2527
373
-1519
-1883
-2664
-3621
-3487
-2768
-810
1537
1909
516
-1331
-2398
-2169
-1530
-434
884
692
-1075
-2985
-4343
-5151
-5052
-3722
-1679
540
2754
4050
3740
2323
229
-1508
-2068
-1549
-277
1180
2306
2246
1354
37
-1579
-2628
-2380
-118
2463
4307
5552
4280
1186
-1532
-3511
-4014
-3271
-2716
-2032
-791
323
933
569
-638
-1597
-1555
-393
1317
2632
2907
1870
110
-1478
-2957
-4009
-4063
-3376
-1419
1355
2862
2857
1381
-1265
-2765
-2730
-2093
-980
-499
-894
-1557
-2458
-2926
-3069
-3228
-2806
-1516
859
2974
3360
2548
454
-1737
-1793
-566
1449
4986
8711
10702
9657
6342
2594
-293
-497
586
126
-759
-886
-838
169
764
-500
-414
668
1256
3126
5186
5330
3591
837
-2677
-4719
-4476
-4414
-3093
-629
927
2222
1693
-872
-2736
-2886
-2467
-1354
1032
2212
1596
-152
-2694
-4649
-5819
-5922
-4527
-1742
1140
3135
4069
3009
295
-1681
-2284
-2390
-387
2275
3333
3920
2821
306
-1597
-3427
-4101
-1939
604
2651
4765
4887
3042
124
-2533
-3312
-2562
-597
1033
1288
747
-320
-1402
-2814
-4091
-4073
-2616
350
3548
5144
4594
2140
-1209
-3670
-4952
-5192
-3756
-1862
273
2566
3230
2285
-103
-3147
-4591
-3625
-1479
415
1434
528
-1220
-2356
-4056
-4713
-3497
-2232
273
3444
5199
5363
3012
-1061
-3845
-3880
-1163
4094
9248
11818
11465
7895
3363
-352
-1751
-464
-362
-819
-349
-117
932
461
-2053
-2349
-1749
-505
2862
4978
5886
5253
1799
-1520
-3683
-4548
-3748
-2521
-1023
1241
2568
2078
-98
-3017
-3754
-2991
-1544
1089
2642
2316
893
-2132
-4957
-5991
-6591
-4666
-1030
1742
4354
4640
2813
41
-2872
-3674
-2829
-503
2611
4629
5102
3478
381
-2365
-4667
-5400
-3083
378
3463
5513
5283
3041
-125
-2927
-3773
-2694
-879
817
1425
1162
561
-1008
-2707
-3797
-4321
-2683
395
2872
4432
3522
917
-1354
-3950
-5017
-4074
-3431
-1881
11
769
1465
956
-718
-1903
-2308
-1431
-229
799
1411
64
-1804
-3491
-5184
-4405
-2630
-933
1997
3516
3644
3539
1560
-473
-532
149
2662
7032
9815
10455
8115
3318
-701
-2746
-1366
1053
1581
1747
1060
-16
-712
-2817
-3735
-2080
-116
2430
4054
4488
4114
1507
-1003
-2595
-3616
-2810
-1125
434
1912
2441
1482
-545
-3168
-3798
-1998
-527
1235
2612
1688
-5
-2452
-4780
-5306
-5626
-4428
-1234
977
2638
3109
1652
181
-1372
-1721
-286
1340
3584
4453
3168
1877
-446
-2697
-3262
-3649
-2579
-184
1476
3211
3599
1709
-237
-1722
-2279
-1082
759
1545
1009
-524
-1612
-2254
-3111
-2819
-2780
-2116
332
2149
3298
2677
418
-1075
-2028
-2754
-2398
-1763
-1610
-1486
-1807
-1754
-1721
-2204
-1479
-870
-118
1719
1657
431
-767
-2589
-2991
-2862
-2353
-69
829
858
1538
1307
1509
921
-620
7
1356
3268
6106
7983
9153
8126
4257
1169
-408
-212
2621
3488
1770
427
-1608
-2789
-3361
-4301
-2435
312
1788
3177
3158
2256
1179
-849
-1749
-1789
-1757
291
1412
832
1022
-282
-1973
-3224
-4068
-1661
539
1289
2250
1457
82
-2176
-4371
-3794
-3583
-2919
-293
957
1209
548
-1295
-1818
-1374
-673
1297
3267
4175
4585
3495
1178
-436
-1317
-1683
-2155
-1861
-115
169
-15
262
-519
-516
-588
-879
151
971
1514
1082
-386
-1489
-2355
-2233
-1898
-2105
-1707
-1063
99
1314
996
78
-499
-952
-1370
-1140
-834
-1113
-1395
-2007
-2156
-2534
-2763
-1721
-1281
-263
1014
873
366
-570
-1853
-2113
-1867
-1624
-308
403
744
1142
834
1050
554
57
788
1988
3916
6162
8098
8715
7095
4001
1300
-99
284
1998
2582
1902
898
-620
-1798
-2996
-3854
-2390
-157
1389
2485
1619
40
-801
-1865
-1546
-830
-288
996
959
1138
1279
20
-1317
-2986
-3040
-880
941
1681
1417
-131
-2040
-3650
-4374
-3257
-2126
-1220
313
1008
1134
436
-1184
-1950
-1583
-92
2098
3707
4037
3370
1835
162
-580
-632
-511
-1239
-1035
44
120
694
157
-843
-609
-841
-458
567
968
1055
206
-1210
-1855
-2087
-1620
-1582
-2210
-2000
-1544
18
1285
921
311
-431
-1243
-1696
-1009
-700
-811
-404
-1057
-1981
-2559
-3290
-3255
-2448
-1220
621
1677
1459
631
-752
-1813
-2139
-1352
309
1467
1440
1042
582
-115
-538
-1019
15
2110
4019
6692
8436
8922
7440
4110
1793
908
1841
3421
3086
1354
-608
-2387
-3564
-4488
-4351
-2259
307
2274
2997
2116
483
-1135
-1830
-1301
-204
776
709
-64
-355
-593
-1143
-1771
-2319
-1742
14
1616
2383
1950
323
-1682
-3179
-3637
-3158
-2292
-1655
-1294
-779
-584
-919
-771
-239
224
1309
2758
3645
3808
2982
1525
674
433
-71
-933
-1892
-2485
-2034
-805
215
626
524
27
-551
-883
-461
589
1085
906
267
-831
-1679
-2219
-2790
-2995
-2844
-1807
334
1477
1852
1290
-603
-1510
-1960
-1627
-713
-334
292
-217
-1693
-2874
-3782
-3980
-2987
-1346
327
1794
1752
660
-478
-1784
-2226
-1275
390
1856
2250
1522
424
-592
-1176
-666
1128
3333
5164
6823
7736
6761
4494
2652
2166
3222
4801
4791
2675
-35
-1924
-2948
-3523
-3432
-2318
-631
844
1244
212
-970
-2017
-2349
-1280
6
1363
1359
133
-391
-768
-397
-227
-683
-305
-247
-57
268
46
-56
-872
-1628
-1672
-1670
-1500
-1861
-2543
-2437
-1579
-921
-358
419
560
487
556
1221
1997
1696
1878
2103
2228
2586
1057
-1060
-2625
-3218
-1697
-270
604
1347
538
-469
-1292
-1708
-280
599
592
851
370
-258
-934
-1783
-2825
-3467
-2608
-1578
-546
515
887
541
-536
-1106
-1546
-1203
-104
-322
-514
-1139
-2449
-2912
-3068
-2670
-1777
-987
-310
140
319
191
-218
-427
62
996
1934
2253
1588
449
-591
-984
-251
1497
3588
5484
6522
6383
5417
3663
2869
3724
5084
6060
4401
1431
-846
-2331
-2251
-2365
-2587
-2080
-1864
-1234
-973
-1266
-790
-1076
-1215
78
949
1352
391
-1372
-2057
-2006
-597
660
317
-16
-65
-516
-405
693
926
231
-365
-885
-1052
-1339
-2350
-3584
-3873
-2841
-1374
294
1508
1328
822
603
648
1544
1963
2000
2841
2487
1610
577
-1397
-1915
-2133
-2041
-610
89
478
236
-758
-1126
-1067
-339
460
510
485
5
-286
-568
-1760
-2330
-2945
-2949
-2191
-1687
-386
82
101
-289
-1122
-838
-732
-196
302
-283
-842
-1756
-2619
-3106
-3302
-2388
-1547
-981
-150
-67
357
778
1185
2363
2324
2006
1198
-257
120
921
1978
3198
3595
4455
4450
3871
3927
3817
4751
5763
5717
4822
2603
582
-773
-1044
-629
-1101
-1473
-1867
-2463
-2758
-2750
-2173
-1782
-1505
-668
103
487
510
-162
-602
-642
-571
-495
-908
-409
147
51
330
159
145
-204
-928
-811
-728
-149
63
-1030
-2054
-3116
-3097
-1977
-506
1682
2159
1243
661
260
711
1646
2732
2652
1553
723
-329
-488
-496
-956
-1116
-1241
-342
286
54
-141
-928
-1160
-1023
-839
-316
-777
-1075
-975
-728
61
-600
-1861
-2632
-2897
-1749
-821
-458
-413
-1000
-1254
-1308
-714
-105
-267
-430
-1187
-1594
-1645
-2009
-1332
-839
-553
-179
-886
-1212
-853
346
1881
2558
3168
2447
846
433
948
2359
3891
4704
4963
4549
3560
2719
2557
3395
4918
5721
4874
2774
685
-323
-236
189
177
-685
-1855
-2646
-2868
-2471
-2113
-2183
-2605
-2528
-1807
-1250
-298
133
115
472
132
-73
-768
-1481
-865
-482
580
1132
405
-170
-1134
-1036
-433
418
1222
257
-839
-2183
-3208
-2770
-1533
431
1297
1102
501
-706
-416
932
2329
3430
2747
1531
361
-201
263
40
-444
-1005
-1092
-839
-992
-661
-668
-691
-457
-609
-817
-1181
-1163
-890
-711
-450
-682
-1509
-2209
-2419
-2064
-1250
-654
-606
-931
-1252
-1025
-390
284
435
-283
-1248
-1703
-1742
-1664
-899
-321
-132
-48
-769
-1221
-1435
-604
1161
2117
2824
2396
1088
430
739
1771
2826
3851
4318
4274
4074
3567
3213
3371
3940
4414
3971
2735
1543
551
323
704
79
-1199
-1868
-2126
-2053
-1719
-1601
-1992
-2746
-2944
-2577
-2392
-1701
-621
-388
-338
3
-291
-870
-573
153
648
1098
1035
582
-17
-272
-129
-343
2
68
-436
-424
-671
-710
-846
-781
-29
-27
135
14
-367
684
1462
1759
1518
302
-290
-295
783
1804
1056
136
-831
-1276
-885
-494
45
-592
-1378
-1345
-1707
-1468
-1013
-857
-750
-890
-571
-1303
-2526
-2191
-1515
-617
-41
-295
-1205
-2459
-2352
-1659
-511
611
272
-366
-958
-1000
-918
-842
-293
-573
-627
-208
-195
-195
-263
79
363
893
1836
1737
1344
1489
1808
2112
2666
3213
3302
3562
3758
3899
4378
4763
4676
3940
3124
2331
1567
1419
1416
916
-172
-1472
-2246
-2519
-2398
-2015
-2063
-2484
-2772
-2870
-2772
-2510
-2004
-1604
-1489
-1020
-566
-547
-787
-755
-204
239
717
991
761
354
221
405
428
404
-118
-654
-626
-412
64
264
194
-156
-663
-465
-125
247
1135
1377
1011
690
182
41
226
961
1418
613
-285
-900
-774
-322
17
134
-783
-1440
-1657
-1651
-1267
-1367
-1181
-952
-945
-998
-1643
-2098
-2222
-1532
-601
-608
-754
-1370
-1909
-1580
-980
-325
-289
-609
-811
-833
-181
261
0
-352
-623
-506
-123
289
401
-21
29
373
548
1105
1159
936
1076
1550
2473
2734
2853
2747
2476
3047
3490
4279
4802
4381
3705
2677
2235
2095
2108
2289
1631
571
-505
-1164
-1282
-1554
-1952
-2466
-2992
-3054
-2568
-2173
-2036
-2094
-2359
-2320
-2097
-1599
-964
-492
-109
-16
141
35
-119
306
717
1065
1118
869
429
-173
-270
-282
-273
-219
-516
-617
-528
-187
243
401
414
263
465
789
849
938
559
214
450
489
592
230
-527
-730
-722
-122
38
-276
-523
-1177
-1197
-1089
-972
-973
-1300
-1166
-1231
-1340
-1448
-1725
-1727
-1496
-951
-650
-879
-801
-685
-640
-282
-349
-555
-863
-1077
-708
-405
-56
-109
-454
-614
-729
-495
-238
168
385
375
576
408
384
482
673
1091
1413
1985
1946
1912
2323
2531
3103
3338
3527
3733
3670
3991
4003
3681
3032
2146
1870
1634
1204
817
16
-747
-1485
-1941
-1909
-2297
-2291
-2275
-2587
-2592
-2717
-2489
-2371
-2336
-1936
-1663
-1295
-918
-603
-292
-209
-212
48
454
805
883
802
788
395
70
58
-49
-292
-642
-645
-682
-619
-195
-138
-22
-77
26
558
543
729
833
633
799
1038
1201
793
69
-445
-450
16
160
11
-373
-749
-907
-930
-786
-1102
-1417
-1330
-1182
-921
-1018
-1222
-1370
-1583
-1433
-1169
-1120
-1102
-867
-480
-277
-389
-529
-677
-774
-616
-313
-139
-286
-364
-345
-319
-506
-775
-544
-367
-22
313
137
55
-244
-165
428
834
1126
957
1097
1459
1787
2582
3034
3239
3090
3053
3671
3994
4321
4234
3576
2871
2227
2369
2397
1955
1201
-44
-868
-1360
-1253
-1030
-1555
-2073
-2660
-2923
-2571
-2318
-2143
-2155
-2302
-1994
-1470
-1081
-918
-1001
-859
-549
-121
476
703
474
271
391
621
685
419
30
-266
-520
-535
-403
-471
-759
-624
-63
-93
-366
-332
-104
256
628
990
479
-263
-137
332
868
669
64
-459
-760
-88
457
465
-25
-1001
-1338
-1112
-547
-229
-539
-776
-1229
-1472
-1173
-1069
-1081
-1053
-686
-471
-764
-698
-568
-508
-318
-153
-90
-465
-617
-270
-33
-62
-320
-563
-857
-910
-434
-73
-159
-318
-330
-490
-347
54
6
60
149
134
266
489
1021
1429
1897
2466
2606
2784
3155
3709
4072
4154
4181
3792
3424
3120
2940
2672
1954
1540
1077
506
55
-461
-940
-1444
-1694
-1789
-1973
-2232
-2468
-2567
-2359
-2051
-1849
-1704
-1849
-1830
-1539
-979
-379
-326
-411
-483
-322
42
239
344
-7
-525
-341
-8
-54
-163
-433
-684
-783
-402
302
185
-426
-812
-682
36
892
1381
890
11
-268
134
840
1123
859
195
-438
-273
157
221
103
-372
-994
-1144
-837
-584
-548
-653
-1014
-1406
-1533
-1180
-835
-819
-774
-876
-1073
-1095
-522
-192
-442
-463
-742
-737
-454
-70
166
-462
-724
-716
-584
-184
-229
-289
-538
-697
-237
-64
-95
-95
-305
-176
117
310
390
361
587
995
1628
2097
2263
2335
2449
3155
3692
3825
3840
3359
3055
2979
3068
3215
2613
1978
1528
848
372
20
-262
-601
-1026
-1284
-1667
-1951
-1968
-2015
-1878
-1945
-2205
-2092
-1941
-1472
-899
-780
-779
-1003
-1004
-541
-108
166
129
-111
-307
-405
-360
-219
-326
-664
-699
-496
-377
-199
-34
-193
-446
-383
-63
225
453
651
569
283
253
468
606
619
531
277
59
170
387
328
132
-90
-519
-933
-929
-672
-564
-523
-520
-893
-1424
-1469
-1116
-847
-649
-522
-644
-949
-910
-537
-458
-560
-715
-896
-962
-748
-282
-170
-335
-504
-711
-789
-646
-333
-92
-60
-146
-359
-593
-538
-375
-107
149
162
232
267
548
942
1205
1679
1912
2050
2417
2959
3560
3707
3666
3644
3437
3375
3429
3338
2951
2384
2097
1748
1064
397
-193
-563
-782
-828
-873
-1489
-2094
-2251
-2257
-2087
-1985
-2069
-2210
-2219
-1840
-1325
-1046
-1102
-1206
-1146
-964
-564
-214
-142
-167
-291
-393
-356
-450
-576
-449
-285
-207
-133
-111
-162
-236
-170
-12
-10
7
302
709
920
906
761
481
297
535
865
831
556
216
73
112
164
125
-361
-792
-810
-728
-536
-503
-834
-1258
-1371
-1201
-999
-776
-635
-646
-695
-595
-456
-429
-408
-379
-294
-216
-234
-309
-470
-531
-387
-211
-146
-120
-149
-244
-250
-241
-150
-229
-483
-464
-529
-590
-470
-438
-440
-534
-417
-173
-22
343
644
833
1047
1317
1684
1938
2167
2318
2311
2336
2497
2711
2750
2694
2603
2367
2106
1967
1863
1696
1546
1361
1086
857
674
447
185
-56
-300
-530
-659
-705
-878
-1158
-1332
-1545
-1684
-1697
-1765
-1772
-1868
-1974
-2056
-2155
-2212
-2326
-2296
-2217
-2072
-1816
-1722
-1666
-1556
-1438
-1189
-760
-369
-117
136
426
724
1009
1239
1347
1349
1408
1642
1951
2108
2018
1719
1358
1160
1154
1189
1092
790
412
119
-105
-275
-417
-603
-731
-866
-971
-989
-1114
-1161
-1200
-1218
-1125
-1247
-1275
-1225
-1330
-1234
-1114
-1088
-1030
-967
-832
-769
-710
-616
-566
-451
-368
-234
-173
-242
-196
-226
-281
-309
-288
-225
-254
-166
-133
-177
-98
23
316
594
776
1057
1301
1484
1838
2241
2378
2545
2712
2831
3137
3237
3161
2891
2514
2395
2365
2318
2137
1822
1312
932
806
604
416
37
-271
-435
-707
-775
-946
-1326
-1646
-1770
-1727
-1845
-1891
-1915
-2066
-2056
-1979
-1970
-2070
-2135
-2062
-1933
-1803
-1680
-1637
-1642
-1429
-1182
-944
-734
-671
-503
-368
-133
248
456
697
871
1002
1199
1289
1398
1478
1580
1752
1842
1810
1751
1604
1358
1245
1148
1027
754
400
168
-142
-341
-479
-687
-918
-1191
-1314
-1350
-1378
-1356
-1379
-1485
-1571
-1571
-1517
-1396
-1285
-1239
-1192
-1141
-1129
-1105
-983
-821
-679
-519
-392
-452
-579
-537
-476
-369
-207
-184
-243
-412
-469
-386
-359
-213
-141
-112
33
191
470
659
855
1195
1467
1822
2137
2402
2718
2917
3075
3216
3202
3122
3139
3169
3078
2851
2598
2271
1989
1819
1513
1193
822
504
275
-36
-272
-604
-937
-1096
-1243
-1402
-1571
-1714
-1836
-1897
-1889
-1883
-1950
-2086
-2158
-2181
-2195
-2113
-2011
-2014
-1990
-1845
-1732
-1657
-1534
-1354
-1151
-927
-614
-345
-178
-65
113
368
638
1042
1341
1499
1557
1566
1762
1917
2081
2185
2057
1930
1784
1625
1470
1272
1027
688
324
25
-271
-530
-724
-941
-1138
-1338
-1534
-1572
-1524
-1494
-1417
-1373
-1409
-1410
-1352
-1271
-1212
-1150
-1102
-1056
-958
-945
-931
-872
-849
-730
-610
-529
-516
-618
-580
-487
-476
-491
-531
-612
-686
-518
-350
-391
-362
-318
-195
46
275
492
637
863
1237
1713
2096
2234
2390
2547
2793
3170
3407
3467
3377
3267
3195
3138
3030
2771
2433
2113
1868
1601
1273
933
480
27
-239
-447
-657
-823
-1089
-1367
-1562
-1792
-1945
-2043
-2156
-2232
-2387
-2474
-2499
-2567
-2559
-2532
-2457
-2363
-2286
-2058
-1783
-1596
-1413
-1247
-1061
-861
-605
-202
98
286
431
584
786
1000
1300
1503
1632
1702
1742
1838
1934
2021
1936
1865
1763
1615
1522
1347
1157
818
509
285
-2
-230
-475
-716
-933
-1134
-1285
-1413
-1495
-1521
-1517
-1491
-1466
-1481
-1475
-1438
-1368
-1226
-1136
-1107
-1077
-1087
-1071
-937
-751
-685
-701
-778
-790
-713
-678
-528
-527
-641
-636
-647
-593
-550
-525
-544
-569
-484
-408
-271
-67
131
305
445
659
992
1384
1811
2196
2401
2531
2718
2981
3305
3514
3542
3448
3292
3216
3221
3080
2753
2379
2010
1701
1475
1220
801
290
-89
-363
-577
-857
-1209
-1471
-1763
-1856
-1860
-2045
-2247
-2514
-2620
-2555
-2505
-2434
-2406
-2368
-2348
-2203
-1965
-1826
-1608
-1418
-1198
-927
-711
-415
-219
-13
229
370
523
601
807
1001
1083
1344
1371
1302
1401
1410
1541
1604
1505
1536
1477
1430
1504
1366
1125
857
617
470
279
163
-117
-470
-674
-885
-996
-1100
-1212
-1391
-1487
-1460
-1488
-1372
-1345
-1327
-1253
-1266
-1118
-1034
-988
-900
-846
-765
-831
-840
-827
-885
-800
-702
-646
-693
-801
-833
-827
-832
-733
-665
-726
-663
-674
-668
-582
-560
-395
-210
-42
155
388
623
916
1383
1784
2053
2288
2521
2802
3148
3497
3698
3702
3575
3469
3469
3460
3282
2959
2586
2192
1835
1567
1278
825
303
-95
-387
-676
-946
-1181
-1453
-1741
-1945
-2095
-2264
-2401
-2443
-2419
-2388
-2390
-2415
-2400
-2293
-2125
-1936
-1747
-1585
-1431
-1217
-957
-735
-567
-447
-318
-85
172
369
552
652
650
734
884
966
1044
1136
1184
1261
1353
1362
1329
1280
1246
1291
1323
1242
1085
862
618
463
314
77
-167
-414
-677
-810
-851
-1016
-1207
-1298
-1394
-1454
-1349
-1217
-1197
-1187
-1120
-1063
-1040
-953
-800
-702
-672
-594
-507
-505
-462
-412
-406
-488
-540
-420
-414
-386
-341
-480
-644
-740
-678
-661
-680
-674
-755
-753
-703
-591
-447
-456
-415
-193
62
414
861
1198
1412
1613
1941
2339
2699
3087
3322
3326
3347
3408
3459
3473
3314
3028
2688
2354
2141
1953
1651
1216
694
240
-99
-395
-622
-839
-1161
-1495
-1753
-1926
-2023
-2131
-2250
-2327
-2414
-2435
-2330
-2273
-2250
-2152
-2081
-1995
-1776
-1516
-1293
-1094
-896
-698
-526
-317
-67
128
294
488
636
731
831
931
1048
1176
1251
1288
1312
1321
1376
1445
1418
1366
1294
1186
1097
1035
898
687
506
266
71
-116
-379
-598
-814
-982
-1154
-1255
-1308
-1478
-1492
-1457
-1462
-1351
-1263
-1137
-988
-870
-758
-668
-597
-509
-304
-177
-98
-27
-99
-143
-144
-110
-114
-151
-181
-269
-326
-412
-475
-562
-735
-805
-898
-1006
-1025
-1014
-976
-983
-963
-907
-883
-724
-496
-269
49
344
597
883
1226
1610
1997
2332
2650
2901
3048
3290
3453
3476
3518
3395
3201
3047
2861
2677
2450
2079
1601
1166
773
456
255
-24
-434
-808
-1109
-1374
-1553
-1683
-1873
-2079
-2235
-2327
-2329
-2304
-2299
-2260
-2213
-2194
-2097
-1912
-1726
-1519
-1316
-1171
-1033
-879
-678
-414
-199
-51
70
162
312
526
693
822
877
869
924
998
1077
1179
1204
1186
1182
1127
1044
981
898
767
639
538
389
212
44
-180
-401
-588
-755
-840
-932
-1036
-1060
-1144
-1234
-1175
-1106
-1063
-950
-824
-727
-635
-520
-431
-382
-276
-148
-41
60
91
110
159
169
189
218
148
53
-11
-66
-87
-166
-299
-478
-614
-683
-769
-753
-867
-1022
-1065
-1134
-1058
-998
-996
-942
-868
-739
-566
-290
-55
143
465
798
1093
1426
1737
1992
2235
2461
2718
2917
3025
3158
3180
3108
3025
2868
2710
2512
2321
2103
1750
1409
1039
669
374
60
-206
-490
-806
-1015
-1237
-1433
-1529
-1669
-1777
-1877
-1982
-1975
-1950
-1928
-1909
-1888
-1867
-1826
-1657
-1475
-1301
-1081
-948
-825
-651
-449
-231
-71
49
99
187
319
370
508
558
467
468
478
549
571
583
652
560
500
511
461
421
378
288
165
82
-40
-175
-200
-333
-515
-606
-776
-852
-810
-788
-754
-770
-793
-769
-644
-542
-475
-325
-241
-166
-77
2
13
-51
27
53
46
92
19
-12
-28
-48
-32
-60
-95
-140
-181
-255
-253
-232
-286
-262
-270
-289
-300
-299
-263
-255
-189
-182
-141
-34
-41
30
95
102
125
177
263
268
352
448
530
676
808
965
1040
1131
1287
1432
1584
1738
1867
1922
1940
1909
1916
1846
1713
1708
1581
1398
1260
1054
890
718
497
284
33
-172
-319
-437
-604
-832
-1009
-1263
-1418
-1435
-1543
-1581
-1618
-1665
-1680
-1675
-1616
-1587
-1491
-1358
-1210
-1066
-955
-798
-653
-465
-262
-122
-9
74
205
367
512
620
650
635
611
595
585
570
533
471
385
295
239
102
-32
-87
-205
-291
-347
-454
-561
-665
-720
-782
-794
-816
-926
-944
-948
-937
-895
-879
-855
-864
-850
-811
-710
-621
-577
-504
-451
-388
-315
-150
6
47
164
250
291
428
553
636
686
716
776
805
809
872
911
852
811
818
816
768
770
796
689
637
649
580
531
494
393
310
262
191
168
163
146
88
49
99
144
221
283
334
388
430
520
577
607
636
662
633
625
643
632
613
548
521
475
377
328
278
182
146
92
-14
-77
-144
-251
-342
-405
-495
-541
-531
-548
-570
-577
-630
-688
-681
-648
-640
-636
-612
-605
-615
-570
-546
-603
-612
-585
-584
-542
-498
-506
-513
-518
-498
-461
-442
-444
-441
-437
-400
-339
-288
-230
-250
-283
-267
-234
-233
-199
-172
-201
-223
-253
-271
-282
-280
-239
-252
-289
-241
-242
-221
-188
-164
-150
-134
-50
4
103
127
140
183
207
305
354
449
515
500
580
648
648
701
753
737
710
731
761
702
713
723
638
596
550
500
455
415
415
386
333
315
296
250
244
245
202
160
102
97
73
65
96
28
-39
-101
-86
-85
-98
-63
-104
-109
-103
-82
-64
-82
-107
-42
-19
-34
23
8
6
56
104
121
137
156
169
183
247
294
257
255
242
197
162
172
117
10
-31
-86
-198
-304
-360
-432
-490
-515
-549
-600
-673
-680
-671
-683
-670
-714
-731
-745
-761
-677
-647
-670
-686
-660
-606
-587
-493
-438
-444
-366
-308
-257
-199
-188
-157
-86
-49
-28
30
14
18
63
109
169
168
179
183
237
274
241
292
263
236
299
320
319
287
261
277
295
313
344
361
328
320
377
394
396
431
417
400
431
442
443
450
454
447
435
434
416
372
394
387
322
289
210
174
152
89
73
35
-57
-58
-61
-105
-149
-164
-211
-274
-223
-236
-275
-245
-265
-325
-322
-311
-323
-340
-295
-264
-269
-216
-187
-162
-125
-94
-33
11
48
106
159
202
222
217
190
188
192
184
224
197
147
114
60
62
33
30
9
-44
-54
-107
-72
-88
-178
-171
-212
-241
-251
-279
-299
-349
-352
-352
-348
-360
-379
-381
-360
-325
-295
-283
-288
-266
-236
-196
-160
-156
-142
-113
-100
-57
-28
-39
-20
17
10
58
102
73
95
145
152
144
162
130
162
162
181
205
150
162
156
163
166
184
181
174
194
206
197
215
204
198
244
218
224
250
208
221
248
210
195
189
148
154
162
122
127
68
45
31
24
24
-14
-19
-41
-59
-76
-92
-84
-104
-151
-115
-147
-201
-161
-181
-180
-202
-227
-213
-264
-260
-216
-205
-197
-166
-153
-159
-135
-103
-48
11
47
45
51
98
95
119
192
194
166
170
215
209
172
220
226
181
211
223
163
146
159
122
102
87
42
28
1
-18
-18
-68
-108
-128
-149
-157
-162
-161
-188
-208
-202
-198
-203
-211
-196
-201
-195
-164
-154
-131
-137
-129
-85
-67
-44
-7
26
18
18
61
60
54
60
70
52
52
82
83
60
41
41
24
28
57
38
9
-9
-28
-44
-9
7
-26
-34
-6
1
6
97
98
80
96
94
146
134
129
142
112
90
109
132
102
78
83
46
36
46
47
46
25
28
0
-13
-5
-36
-28
-28
-62
-70
-60
-78
-89
-64
-86
-94
-97
-113
-92
-95
-107
-88
-94
-118
-96
-113
-131
-135
-135
-127
-117
-107
-96
-80
-81
-53
-38
-28
4
48
67
88
130
132
143
163
170
186
176
177
191
182
167
145
125
90
77
68
26
14
-18
-80
-79
-79
-128
-121
-108
-156
-144
-104
-126
-110
-71
-95
-85
-43
-44
-40
-7
16
5
30
60
37
36
39
48
48
26
48
31
11
36
26
15
13
24
30
28
41
27
36
49
62
82
56
65
79
66
101
111
103
115
109
114
101
74
65
48
34
21
17
-31
-65
-54
-64
-46
-33
-35
-52
-53
-27
-5
15
0
-4
-23
-28
-11
-43
-45
-67
-104
-93
-116
-132
-126
-140
-122
-122
-147
-116
-119
-147
-126
-110
-112
-120
-110
-104
-117
-84
-69
-94
-65
-66
-73
-24
-19
-14
8
-2
9
24
16
17
48
67
66
80
95
93
91
114
138
152
147
143
197
211
162
189
190
123
162
183
142
149
112
60
73
71
37
51
35
-33
-23
-25
-49
-35
-54
-62
-75
-115
-96
-77
-109
-103
-92
-122
-101
-73
-81
-58
-54
-71
-46
-16
12
28
11
31
56
38
44
74
79
59
66
100
75
57
98
87
70
90
75
74
98
66
79
111
63
59
69
63
74
38
36
44
3
1
-5
-17
-34
-63
-53
-80
-125
-128
-126
-134
-170
-172
-169
-190
-171
-165
-175
-175
-175
-161
-151
-128
-106
-108
-94
-64
-73
-77
-35
-43
-44
11
-12
-3
32
0
27
30
16
44
41
51
44
45
43
26
38
40
52
43
46
67
49
40
50
64
61
88
125
106
114
124
111
136
134
114
114
69
63
68
44
29
-7
-14
-32
-52
-32
-35
-67
-51
-28
-70
-43
-42
-88
-40
-38
-49
-30
-56
-77
-50
-16
-13
-3
28
12
20
75
62
72
114
77
98
131
71
83
106
60
78
71
23
44
56
35
39
47
26
15
38
39
26
30
35
27
9
0
-11
-31
-50
-61
-70
-88
-95
-115
-129
-120
-140
-149
-146
-159
-164
-164
-140
-139
-151
-133
-144
-149
-114
-96
-85
-87
-72
-53
-39
-6
6
23
40
48
72
76
60
79
89
64
94
117
75
94
103
73
96
98
78
73
75
70
61
60
43
24
22
27
21
2
20
17
6
13
-13
8
32
-3
8
30
8
-2
38
44
-2
15
10
-26
3
9
1
18
4
-19
-20
-12
-24
-40
-22
-26
-41
-26
-44
-47
-47
-58
-27
-27
-41
-24
-29
-43
-24
-3
-12
-15
2
3
-3
0
12
21
22
20
24
21
22
18
7
25
27
1
18
31
15
16
6
11
33
15
21
46
28
27
39
23
32
44
30
34
31
11
23
35
27
25
9
-4
-2
-22
-31
-17
-48
-71
-50
-61
-82
-77
-85
-85
-84
-95
-72
-53
-72
-50
-35
-54
-43
-20
-3
-5
10
13
6
18
5
9
24
7
5
6
-4
-2
9
-6
-12
3
-6
-14
6
14
2
3
9
3
1
-2
10
14
13
29
36
41
23
24
49
37
49
69
67
53
42
52
44
26
37
52
42
47
66
47
29
35
25
17
29
21
1
10
-1
-21
-19
-25
-34
-43
-33
-40
-39
-27
-50
-42
-33
-40
-42
-35
-39
-53
-29
-32
-34
-18
-29
-24
-21
-12
-2
4
24
23
30
30
10
23
19
7
16
18
3
-15
-25
-31
-27
-23
-20
-8
-20
-22
0
-15
-23
7
6
4
15
7
11
-2
9
26
28
20
16
23
5
21
35
28
37
36
27
22
10
4
18
14
0
3
-14
-17
-11
-18
-7
-24
-25
0
-25
-26
-13
-34
-48
-31
-18
-39
-37
-22
-28
-43
-20
-15
-31
-23
-12
0
-7
1
12
14
12
20
41
31
20
49
47
44
64
49
57
55
49
48
58
48
41
64
46
41
47
46
30
37
31
13
20
11
4
1
-10
-24
-22
-37
-48
-37
-59
-67
-52
-71
-85
-90
-83
-84
-90
-64
-69
-88
-74
-58
-59
-46
-24
-26
-23
-8
7
13
16
21
31
29
35
55
47
37
27
31
46
29
29
36
28
25
11
25
25
1
23
22
-1
10
18
7
7
6
0
12
5
3
11
1
-5
0
10
-8
-10
10
1
-8
-14
-21
-7
-16
-16
2
-27
-16
4
-23
-1
-4
-33
-4
2
-15
2
-3
-19
5
-6
-16
19
13
-1
17
16
13
21
17
26
22
15
26
20
13
23
20
3
19
22
13
10
1
21
22
9
5
22
12
-8
29
11
-4
2
1
1
-26
-7
-2
-8
-25
-24
-1
-32
-24
-23
-46
-34
-38
-27
-35
-48
-41
-36
-42
-68
-48
-43
-51
-43
-36
-50
-47
-28
-36
-11
-13
-12
-1
9
7
15
41
18
18
20
35
25
20
42
28
33
28
37
48
40
30
42
53
43
40
47
37
9
14
22
10
5
5
-4
-4
0
-2
1
-5
-11
-9
0
-10
-7
1
-31
-28
-39
-39
-13
-42
-38
-29
-33
-17
-17
-3
9
-3
2
14
20
34
18
11
35
21
15
20
20
32
8
18
25
7
20
18
22
13
26
23
2
13
12
14
8
22
-3
-10
21
-7
-2
-6
-4
7
-21
-12
-8
-29
-32
-14
-22
-37
-28
-40
-45
-41
-46
-45
-46
-33
-37
-38
-36
-48
-26
-25
-29
-5
-20
-16
-6
-10
-1
6
6
-7
17
0
11
23
-9
26
5
3
20
14
7
8
15
10
16
9
24
12
14
37
11
12
28
15
17
16
27
18
-2
23
15
11
15
6
14
3
14
17
-4
14
1
-2
13
-6
-6
1
-10
-11
0
-14
-21
-12
-9
-1
-12
1
2
-13
-3
3
21
13
3
15
13
12
10
15
23
19
14
29
30
15
23
19
21
30
5
13
23
-8
-8
-2
-19
-12
-18
-35
-9
-28
-56
-15
-33
-38
-14
-33
-14
-20
-33
-6
-23
-25
-15
-25
-22
-27
-17
-4
-12
-13
4
8
-2
4
12
22
21
15
21
0
2
13
7
10
-8
-11
-8
-9
5
-7
-4
-8
-13
-1
-9
-3
-9
-20
-17
-22
-21
-35
-34
-22
-36
-29
-16
-18
-22
-18
-6
-8
4
25
15
1
12
14
20
20
32
40
17
29
28
39
38
41
48
30
35
41
45
35
34
36
27
3
31
22
10
30
-3
10
15
-1
21
13
-19
25
10
-13
32
-11
-10
31
-19
3
11
-38
6
-13
-27
-1
-49
-18
-11
-47
-2
-27
-55
-2
-22
-35
1
-20
-45
-5
2
-15
-21
-26
1
-6
-12
1
-9
-38
5
43
12
-5
-21
-20
-3
15
16
0
-61
-50
-9
3
17
-40
-56
-33
-21
16
10
-30
-39
-13
19
16
-5
-15
-32
23
42
13
31
-6
2
46
32
39
38
3
6
22
48
15
15
26
-7
7
6
7
7
7
-10
-4
12
-13
-29
-2
-3
-12
-13
-19
9
-19
-10
-6
-26
0
-5
3
15
-1
5
4
5
12
4
23
27
6
6
18
28
30
14
15
10
13
30
24
18
4
12
6
-4
16
-8
-16
1
5
14
11
-22
-22
-2
-5
34
-9
-15
-43
-44
41
-22
-4
-30
-51
0
-18
25
-16
-41
-15
-16
33
9
-8
7
-33
-8
32
12
2
2
-5
2
24
23
24
22
8
37
50
10
-3
7
4
10
-3
-26
-14
-24
-7
-11
-53
-15
-32
-21
19
-18
2
-5
-28
3
8
-16
-27
-32
-33
7
5
-31
-38
-41
-16
24
26
16
-1
-16
1
31
37
23
-32
-37
12
3
10
22
-17
-30
18
20
5
12
4
10
28
23
10
-4
-30
18
6
19
31
-41
-15
8
8
39
-2
3
22
3
47
26
8
44
19
26
48
-5
22
40
-9
35
15
-31
1
-5
-6
15
9
-30
-28
7
0
8
1
-31
-3
-3
-12
18
-17
-16
1
-30
16
2
-36
5
-4
-7
-3
5
-7
-21
-8
7
-1
-16
-18
-39
-27
-21
3
3
-15
-14
-13
-22
8
17
-9
5
-10
1
6
19
22
-14
3
0
0
0
0
0
0
0
0
0
0
0
0
0
0
0
0
0
0
0
0
0
0
0
0
0
0
0
0
0
0
0
0
0
0
0
0
0
0
0
0
0
0
0
0
0
0
0
0
0
0
0
0
0
0
0
0
0
0
0
0
0
0
0
0
0
0
0
0
0
0
0
0
0
0
0
0
0
0
0
0
0
0
0
0
0
0
0
0
0
0
0
0
0
0
0
0
0
0
0
0
0
0
0
0
0
0
0
0
0
0
0
0
0
0
0
0
0
0
0
0
0
0
0
0
0
0
0
0
0
0
0
0
0
0
0
0
0
0
0
0
0
0
0
0
0
0
0
0
0
0
0
0
0
0
0
0
0
0
0
0
0
0
0
0
0
0
0
0
0
0
0
0
0
0
0
0
0
0
0
0
0
0
0
0
0
0
0
0
0
0
0
0
0
0
0
0
0
0
0
0
0
0
0
0
0
0
0
0
0
0
0
0
0
0
0
0
0
0
0
0
0
0
0
0
0
0
0
0
0
0
0
0
0
0
0
0
0
0
0
0
0
0
0
0
0
0
0
0
0
0
0
0
0
0
0
0
0
0
0
0
0
0
0
0
0
0
0
0
0
0
0
0
0
0
0
0
0
0
0
0
0
0
0
0
0
0
0
0
0
0
0
0
0
0
0
0
0
0
0
0
0
0
0
0
0
0
0
0
0
0
0
0
0
0
0
0
0
0
0
0
0
0
0
0
0
0
0
0
0
0
0
0
0
0
0
0
0
0
0
0
0
0
0
0
0
0
0
0
0
0
0
0
0
0
0
0
0
0
0
0
0
0
0
0
0
0
0
0
0
0
0
0
0
0
0
0
0
0
0
0
0
0
0
0
0
0
0
0
0
0
0
0
0
0
0
0
0
0
0
0
