0
0
0
0
0
0
0
0
0
0
0
0
0
0
0
0
0
0
0
0
0
0
0
0
0
0
0
0
0
0
0
0
0
0
0
0
0
0
0
0
0
0
0
0
0
0
0
0
0
0
0
0
0
0
0
0
0
0
0
0
0
0
0
0
0
0
0
0
0
0
0
0
0
0
0
0
0
0
0
0
0
0
0
0
0
0
0
0
0
0
0
0
0
0
0
0
0
0
0
0
0
0
0
0
0
0
0
0
0
0
0
0
0
0
0
0
0
0
0
0
0
0
0
0
0
0
0
0
0
0
0
0
0
0
0
0
0
0
0
0
0
0
0
0
0
0
0
0
0
0
0
0
0
0
0
0
0
0
0
0
0
0
0
0
0
0
0
0
0
0
0
0
0
0
0
0
0
0
0
0
0
0
0
0
0
0
0
0
0
0
0
0
0
0
0
0
0
0
0
0
0
0
0
0
0
0
0
0
0
0
0
0
0
0
0
0
0
0
0
0
0
0
0
0
0
0
0
0
0
0
0
0
0
0
0
0
0
0
0
0
0
0
0
0
0
0
0
0
0
0
0
0
0
0
0
0
0
0
0
0
0
0
0
0
0
0
0
0
0
0
0
0
0
0
0
0
0
0
0
0
0
0
0
0
0
0
0
0
0
0
0
0
0
0
0
0
0
0
0
0
0
0
0
0
0
0
0
0
0
0
0
0
0
0
0
0
0
0
0
0
0
0
0
0
0
0
0
0
0
0
0
0
0
0
0
0
0
0
0
0
0
0
0
0
0
0
0
0
0
0
0
0
0
0
0
0
0
0
0
0
0
0
0
0
0
0
0
0
0
0
0
0
0
0
0
0
0
0
0
0
0
0
0
0
0
0
0
0
0
0
0
0
0
0
0
0
-160
-25
120
112
-51
-261
-306
-49
141
11
-143
-59
81
107
107
62
14
-24
-45
-12
37
-36
-189
-246
-191
117
213
-80
-139
37
202
193
103
22
-24
57
35
16
85
4
-103
-60
75
163
113
-77
-112
40
54
38
-7
-104
-94
37
39
-108
-26
31
-75
-42
29
-88
-158
-19
-145
-223
49
-32
-230
-85
12
-3
7
14
62
118
64
16
78
59
68
184
31
67
248
92
133
300
309
51
-16
123
-20
-47
-82
-194
-172
-95
-213
-179
63
-116
-212
-68
2
29
-88
-178
-227
-5
87
-256
-240
-19
82
-45
50
317
-3
56
298
66
45
153
219
36
-43
300
364
59
-62
244
399
100
-69
113
1
-163
-41
-145
-267
-100
-129
-280
-272
-241
48
-265
-362
-34
-49
-244
-377
44
-41
-339
-61
73
-31
263
137
34
314
221
390
356
108
363
150
-154
252
190
243
69
-116
-25
-77
125
-130
-262
-167
90
-71
-313
-93
-183
-214
-45
-118
-203
168
88
-357
13
135
-177
-157
-307
165
202
-69
396
-22
-241
32
272
223
16
-74
113
221
91
342
41
-241
140
251
244
352
-337
-3
99
-435
225
-61
-585
-197
-27
-263
177
93
-45
-65
128
500
95
-34
-37
39
126
-254
-198
-32
-449
332
86
-383
75
124
178
-202
-156
329
10
-486
-106
19
40
-39
-598
379
555
-434
420
184
-96
278
161
453
-349
-225
238
-241
-114
87
46
79
-29
301
550
-284
-58
94
-130
124
-22
-225
-66
-505
-465
-47
-186
-418
-19
61
-315
710
158
-370
169
-243
-125
661
74
-223
143
-71
89
261
26
109
314
33
228
201
208
-220
-89
194
287
293
-317
18
-527
4
248
-559
-217
-419
-119
66
-679
-513
-54
-645
93
225
-253
476
85
36
471
157
237
212
132
533
420
130
-334
-118
-53
-189
760
-47
121
469
-701
228
-280
-683
82
-310
-202
144
99
-157
-320
-578
256
58
-80
659
-585
-5
512
-355
-101
-259
-217
446
377
119
357
-445
-117
554
-265
590
285
-276
354
-344
549
429
-665
38
127
-121
29
404
-174
-28
-116
-347
135
-670
-198
-453
-205
447
-545
-348
-79
313
-192
-24
212
-466
429
200
95
590
270
36
64
451
37
229
238
-3
376
-493
164
365
-452
42
36
8
-448
-377
-197
53
15
-189
79
-676
46
570
266
-474
-448
568
-564
134
357
-364
179
-402
397
225
-346
43
-281
431
-45
119
790
-84
-32
48
573
376
-515
124
446
131
70
214
-442
-306
-8
-562
631
-489
-1124
392
-134
-375
116
-173
-839
252
88
-248
382
-11
113
-278
568
767
-387
453
973
155
129
477
-237
-681
-221
-154
35
85
-565
-559
-211
6
-326
-339
-253
83
837
65
463
-197
-627
808
171
352
555
-258
-108
69
255
493
-162
-102
-61
-386
-99
-149
-356
-562
-369
143
398
-165
-303
-22
200
552
118
-9
56
-150
-114
545
317
-193
-104
-488
339
811
-226
262
81
-299
645
-30
149
122
-713
-137
-343
-339
-445
-834
-306
-288
176
604
-111
58
424
9
221
258
165
312
-136
121
242
-114
-284
-518
429
183
-9
376
-126
-143
-122
145
28
-219
-267
-140
33
-34
-136
169
82
-4
40
33
449
-12
-182
44
24
-119
-29
-279
-98
324
-331
-102
-117
-306
106
-219
194
424
-78
81
98
131
72
216
296
234
80
122
535
-629
-31
158
-561
674
-193
-464
440
-19
-364
-67
-117
-99
91
-107
-344
-316
-98
-104
-224
229
290
-379
361
305
2
169
-195
43
194
164
-237
129
7
-98
51
-327
196
-168
-231
326
181
123
128
-225
-418
-56
185
25
-360
-294
-122
71
368
-275
-239
232
147
206
52
185
-50
-124
-25
-62
720
-176
-480
321
-268
256
-59
-259
-38
-85
73
194
-42
-131
52
-432
665
-19
-300
170
-283
455
-6
114
215
-687
-28
640
171
124
-4
-279
388
232
-103
185
-286
110
-350
-232
992
-142
-320
-307
-297
245
-212
-733
-633
169
-226
95
-26
-231
246
-143
416
481
286
-222
-93
556
187
199
58
-440
-165
66
452
241
-21
-255
-396
503
143
69
-383
-738
-35
-378
-135
295
-130
-565
-40
369
220
255
-65
-47
112
331
-64
-422
242
-2
76
501
168
71
-536
130
705
116
180
-56
-22
-282
-250
97
-106
-288
-310
-472
247
365
-244
102
60
68
28
27
-56
-97
-108
-110
-16
181
213
-340
51
451
232
338
-60
-2
-9
-439
-229
-86
-73
-426
70
271
170
127
-130
117
-121
253
29
-119
31
-421
15
-58
96
311
-367
3
165
178
140
34
251
-238
-86
51
86
-151
-293
-110
-70
205
-373
-300
36
-168
299
269
78
185
38
182
422
177
-153
224
12
-200
330
-26
-103
-84
-243
-52
24
270
-75
-256
60
-9
2
-261
-380
189
-34
-168
293
8
-71
193
-34
11
327
-148
-143
56
-94
65
-169
-145
-121
-284
16
4
-116
-163
-91
174
143
181
57
-57
95
151
76
-16
-45
-81
-63
-62
316
104
-150
256
-266
50
84
-548
294
-127
-197
421
-74
-171
-315
80
-110
-43
299
-275
163
409
64
118
310
-95
-132
157
-155
19
185
-150
-229
173
303
126
38
-252
-166
-162
-219
211
37
148
149
-201
224
-74
-135
6
-273
27
-7
-57
141
-77
-11
196
-11
28
-191
-252
-57
-97
-47
117
36
-12
174
-73
190
17
-251
-85
-317
169
240
61
275
-97
5
182
-318
-360
-94
-245
-60
389
143
201
82
-212
27
-319
-38
260
-145
85
90
133
84
-195
-132
-131
-163
119
273
-3
203
10
56
195
-173
50
-211
-107
115
108
433
-64
11
16
-353
111
45
-178
-124
-62
28
113
111
25
-40
-57
-52
-68
191
17
-96
150
94
102
-127
-268
-267
-156
55
-25
154
325
48
46
255
-34
-274
-322
-177
2
74
505
295
62
109
-266
23
-17
-137
227
-192
-95
343
89
-235
-297
-184
-263
-248
-84
81
65
118
224
195
97
-159
-84
-299
-191
48
-200
42
98
252
232
12
6
-138
3
-161
15
216
-164
43
-47
-266
-102
-396
-410
-24
-10
99
325
77
-138
-130
-81
10
-229
-164
77
35
367
436
285
424
279
176
58
-119
106
-113
-302
-43
-105
76
7
-223
-138
-72
-45
-327
-175
-54
-350
-203
262
391
160
14
-104
-14
-182
5
416
16
-37
84
362
476
118
314
-233
-531
-144
-236
87
16
-35
194
75
-115
102
-132
-584
-385
-220
-62
-172
169
63
6
264
138
-42
-509
-169
-270
-171
323
360
454
65
80
232
-162
-211
-81
-157
68
348
569
239
-87
187
-113
-144
114
-121
-215
-128
208
366
294
248
36
-119
-308
-98
108
-83
-50
-58
163
78
-52
78
-197
-33
-84
-172
150
189
80
-152
158
81
-268
-82
-354
-110
-22
-224
246
176
-63
-106
11
-182
-330
-103
-216
40
71
113
146
13
52
-116
-14
-133
-42
-49
0
-48
149
253
-339
96
-230
-450
-34
-72
102
-115
11
340
-108
-155
162
-82
54
140
153
374
206
107
295
226
91
206
142
141
69
292
184
-58
136
-213
-254
-20
-70
10
110
-12
-36
-5
-55
-186
-111
-175
-346
-209
-8
-4
-116
206
-7
-34
34
-224
120
40
-178
32
214
-13
-24
336
182
-40
-1
1
-203
13
248
-1
225
49
-73
194
12
-149
28
-75
-408
82
25
-114
207
100
82
46
140
180
33
-46
57
40
159
279
205
202
69
-40
-73
-110
-236
-169
-214
-28
124
-193
-276
-156
-435
-672
-291
-454
-682
-516
-540
-612
-390
-203
-171
-95
-140
-60
-59
-148
-40
44
12
260
203
202
336
146
274
433
330
311
443
233
262
314
180
165
-76
30
133
171
342
239
160
176
182
198
419
402
469
465
371
705
534
572
626
659
737
586
824
713
647
505
422
542
453
474
316
262
-9
-269
-317
-498
-615
-534
-560
-691
-508
-799
-995
-1038
-1363
-1408
-1285
-1166
-1179
-966
-846
-831
-741
-648
-769
-802
-774
-981
-668
-739
-780
-540
-677
-758
-787
-644
-640
-712
-678
-826
-1236
-1402
-1296
-1367
-1333
-1235
-1056
-817
-882
-858
-795
-993
-947
-551
-194
323
1115
1566
2066
2588
2946
3340
3459
3881
4104
4355
4883
5085
5542
5841
5747
5551
5358
4608
3850
3481
2917
2523
2106
1812
1172
428
-333
-1185
-1768
-2714
-3113
-3397
-3717
-3671
-3653
-3523
-3743
-3734
-3634
-3655
-3457
-3113
-2725
-2391
-1720
-1298
-1252
-1084
-1117
-1339
-1323
-1183
-1203
-1061
-853
-750
-643
-751
-889
-1164
-1866
-2458
-2716
-2878
-2888
-2553
-2301
-2486
-2784
-3045
-3474
-4081
-4314
-4378
-4235
-3524
-2895
-2068
-1430
-1390
-1063
-1054
-1185
-979
-719
239
1574
3233
5316
6819
7792
8421
8392
8273
8541
9002
9698
10232
10437
10587
10220
9451
8535
7003
5186
3637
2050
823
191
-442
-951
-1564
-2642
-3976
-5506
-7069
-7977
-8125
-7855
-7122
-6344
-5575
-5010
-4579
-3930
-3359
-2542
-1775
-928
180
1082
2064
2936
3372
3336
2980
2534
2238
2152
2338
2723
2925
2983
2580
1662
531
-746
-1839
-2516
-2989
-3396
-3630
-3976
-4156
-4161
-4159
-3995
-4188
-4339
-4207
-4160
-3932
-3446
-3120
-2945
-2730
-2766
-2917
-3015
-2840
-2528
-2360
-2292
-2592
-2874
-3092
-3225
-2931
-2565
-2259
-1915
-1535
-1124
-781
-591
-422
-307
215
1590
3500
5830
7961
9283
9689
9635
9811
10330
11102
11612
11601
11163
10567
10118
9632
8791
7314
5273
3062
1117
-464
-1475
-2104
-2779
-3629
-5052
-6897
-8872
-10429
-11090
-10777
-9886
-9100
-8172
-7242
-6213
-4899
-3616
-2494
-1799
-1169
-247
1075
2746
4588
6244
7288
7717
7638
7245
6672
6428
6702
7045
7197
6856
5588
3697
1988
368
-896
-1885
-3341
-4887
-6170
-7037
-7438
-7531
-7634
-8100
-8712
-8967
-8709
-8022
-6815
-5560
-4683
-4006
-3570
-3436
-3266
-2930
-2583
-1951
-1289
-840
-458
-348
-314
-312
-342
-478
-914
-1342
-1837
-2029
-1684
-1348
-895
-652
-808
-1011
-1307
-1012
445
2821
5819
8672
10207
10367
9861
9557
10136
11056
11783
11951
11358
10746
10623
10519
10048
8949
6829
4275
1779
-349
-1749
-2447
-2433
-2594
-3408
-4960
-7577
-10180
-11507
-11606
-10761
-9374
-8379
-7790
-6966
-5630
-3795
-2080
-1192
-1140
-1349
-1135
77
2126
4469
6467
7670
8091
7486
6180
4858
4301
4909
5958
6828
6784
5424
3437
1739
548
-677
-2193
-3938
-5793
-7252
-7667
-7358
-7243
-7339
-7648
-8356
-9103
-9515
-9078
-7802
-5992
-3854
-2375
-1894
-1964
-2154
-1910
-1418
-851
-209
68
153
358
568
711
606
182
-636
-1914
-3040
-3526
-3379
-2589
-1568
-914
-1054
-1935
-2716
-2769
-1725
699
4065
7323
9422
10264
10303
10006
10325
11551
12771
13110
12543
11724
11155
11186
11589
11116
9128
6030
2592
-212
-1991
-2869
-3090
-3206
-3723
-5028
-7317
-10041
-12269
-13040
-12164
-10704
-9379
-8557
-8033
-6937
-5037
-2942
-1771
-1744
-2169
-2109
-891
1445
4205
6264
7440
7757
7279
6350
5231
4656
4765
5491
6454
6610
5758
4210
2573
1221
-88
-1577
-3488
-5444
-6780
-7178
-6894
-6584
-6743
-7595
-8574
-9180
-9321
-8881
-7745
-5976
-4126
-2375
-965
-244
-37
-32
133
491
807
1125
1546
1774
1844
1897
1573
885
-45
-1221
-2314
-3248
-3878
-3792
-3446
-3380
-3515
-3960
-4511
-4695
-4339
-3413
-2114
-160
2713
5654
8046
9606
9962
9893
10478
11826
13471
14573
14631
14032
13389
12952
12366
11011
8687
5933
3585
1820
462
-511
-1430
-2459
-3537
-5143
-7561
-10306
-12381
-12760
-11611
-10032
-8860
-8547
-8808
-8670
-7714
-6392
-5347
-4633
-3804
-2612
-1020
867
2595
3727
4248
4368
4164
3738
3513
3925
5098
6695
7892
7951
6660
4508
2556
1388
876
730
320
-684
-1900
-3015
-3881
-4565
-5361
-6271
-7174
-7861
-7900
-7340
-6437
-5151
-3896
-3196
-2956
-2948
-2894
-2455
-1606
-457
562
1012
1213
1325
1121
825
540
127
-373
-902
-1255
-1464
-1761
-1943
-2051
-2486
-3168
-3756
-4043
-3988
-3462
-2399
-1235
-22
1746
3946
6009
7490
8113
8242
8606
9554
10995
12197
12426
11901
11239
10754
10444
9834
8402
6422
4281
2391
1046
-65
-1019
-1921
-2933
-4169
-5720
-7536
-9418
-10503
-10384
-9537
-8678
-8314
-8330
-8403
-7945
-6602
-5057
-4042
-3380
-2834
-1997
-577
1173
2955
4143
4544
4410
4116
3960
4180
5115
6295
7232
7506
6961
5855
4351
3089
2307
1756
1182
353
-619
-1930
-3414
-4310
-4886
-5686
-6570
-7528
-8285
-8519
-8035
-6652
-5289
-4683
-4451
-4474
-4510
-4107
-3215
-1961
-967
-354
365
737
648
558
403
108
-106
-9
-12
-446
-930
-1198
-1341
-1479
-1643
-2004
-2494
-2635
-2166
-1251
-69
1483
3372
5262
6727
7355
7280
7208
7819
9453
11458
12510
12190
10985
9847
9593
9676
9042
7355
4938
2794
1476
649
-61
-1192
-2791
-4184
-5357
-6689
-8270
-9743
-10329
-9920
-9066
-8234
-8075
-8599
-8736
-7802
-6152
-4573
-3601
-3169
-2834
-1952
-268
1544
2824
3559
3862
3995
4292
4599
4863
5521
6533
7365
7642
7045
5612
4102
3262
3098
3094
2546
1015
-1039
-2690
-3518
-3763
-4214
-5414
-6803
-7648
-7878
-7607
-7054
-6476
-5878
-5205
-4506
-3920
-3589
-3278
-2460
-1083
207
902
1135
1108
964
1051
1418
1591
1224
588
61
-562
-1275
-1617
-1748
-1989
-2257
-2562
-2880
-2980
-2681
-1817
-583
703
2264
4025
5584
6667
7215
7595
8320
9768
11278
11956
11486
10171
9380
9516
9546
8612
6535
3919
1767
627
41
-788
-2311
-4193
-5592
-6362
-7149
-8306
-9455
-9961
-9609
-8786
-8070
-7939
-8077
-7761
-6650
-5023
-3739
-2910
-2188
-1320
-145
1201
2683
3755
4176
4408
4657
5018
5302
5721
6481
7170
7522
7233
6463
5474
4423
3851
3401
2513
1410
247
-1112
-2552
-3499
-4102
-4899
-5894
-6881
-7566
-8040
-8081
-7521
-6889
-6378
-6039
-5634
-5085
-4521
-3521
-2337
-1486
-782
-144
205
339
563
694
585
442
431
314
-146
-411
-522
-843
-1079
-1139
-1176
-1510
-1811
-1552
-878
351
2098
4052
5626
6248
6348
6489
7274
8872
10568
11510
11092
9887
8943
8703
8750
8078
6405
4254
2319
1067
431
-217
-1601
-3542
-5223
-6398
-7482
-8504
-9265
-9838
-10083
-9770
-8904
-8101
-7642
-7056
-6325
-5345
-4082
-2628
-1198
-332
432
1595
2829
3839
4608
5135
5441
5731
6031
6350
6612
6716
6917
7127
6704
5395
3962
3316
3285
2993
2059
602
-1232
-2895
-3594
-3630
-4327
-5871
-7012
-7272
-7305
-7318
-7176
-7215
-7306
-6687
-5441
-4501
-4055
-3636
-3099
-2479
-1650
-706
-88
220
340
277
51
-53
345
495
-53
-881
-1410
-1499
-1336
-688
-436
-1167
-2013
-2033
-1115
175
1993
4080
5643
6423
6524
6542
7208
8814
10817
12122
11793
10284
9172
9112
9376
8735
6842
4565
2529
865
-203
-1046
-2543
-4618
-6356
-7454
-8394
-9220
-9660
-10203
-10938
-11029
-10073
-8697
-7786
-6979
-5914
-4853
-3362
-1441
240
1109
1576
2705
4063
5106
5950
6652
7137
7151
7072
6876
6632
6700
6690
6448
5796
4514
2925
1981
1794
1063
-346
-1325
-1907
-3153
-4581
-4892
-4867
-5813
-6855
-6887
-6698
-6841
-6514
-5663
-5314
-5323
-4550
-3361
-2832
-2514
-1790
-1232
-1002
-515
92
329
390
437
56
-599
-670
-239
-280
-945
-1567
-1914
-2079
-1868
-1446
-1601
-2359
-2573
-1829
-764
685
2846
4913
5884
5936
6068
6894
8357
10193
11729
11931
10679
9242
8892
9245
8971
7843
6276
4240
2009
455
-282
-1322
-3434
-5732
-7248
-8223
-8744
-8967
-9668
-11034
-11807
-10822
-9384
-8681
-7991
-6841
-5599
-4450
-2871
-1096
58
890
2215
3875
5021
5882
6982
7669
7465
7103
7045
6951
6907
7129
7272
6943
5785
3618
1589
1207
1691
1201
-79
-1258
-2895
-4787
-5147
-4338
-4837
-6447
-6788
-6153
-6321
-6479
-5505
-4943
-5542
-5338
-3774
-2660
-2218
-1312
-607
-905
-814
367
970
464
372
765
342
-305
26
190
-1011
-2229
-2321
-2230
-2259
-1458
-521
-1187
-2949
-3854
-3405
-2016
505
3725
5767
5464
4030
3611
5120
8001
10990
12510
11635
9468
8332
8978
9906
9783
8642
6677
4093
2091
1567
1336
-194
-2711
-5051
-6787
-7673
-7742
-8269
-10181
-12025
-11986
-10690
-9799
-9514
-9241
-8861
-8052
-6220
-3731
-1751
-830
-440
398
2203
4458
6263
7377
7859
7618
7163
7379
8075
8411
8563
8871
8305
6120
3758
2859
2881
2620
2085
1188
-829
-3365
-4663
-4621
-4637
-5210
-6068
-7048
-7421
-6763
-6210
-6404
-6221
-5371
-4872
-4275
-2601
-1204
-1344
-1408
-288
474
478
1222
2137
1613
926
1625
2023
911
67
91
-723
-2125
-2257
-1667
-1944
-2524
-2607
-3134
-4256
-4499
-3644
-2862
-2037
-236
2004
3460
3971
3942
3869
4902
7835
11380
13059
11855
9276
7863
8664
10285
10921
10280
8508
5369
1938
396
815
848
-906
-3676
-6211
-7827
-8513
-9025
-10071
-11249
-11604
-11050
-10378
-10055
-9825
-9429
-8761
-7367
-4915
-2199
-563
-226
-16
1245
3539
5831
7253
7927
8274
8081
7325
7157
8327
9621
9656
8567
6731
4289
2516
2550
3073
2416
1213
-37
-2487
-5301
-5668
-4382
-4888
-6645
-6924
-6814
-7979
-8247
-6483
-5259
-5303
-4727
-3854
-3669
-2620
-578
-150
-829
442
2632
2917
2681
3457
2954
896
586
2112
2648
2196
1659
-35
-2242
-2575
-1797
-2290
-3480
-3905
-4190
-4740
-4634
-4085
-4161
-4353
-3432
-1419
1211
3954
5188
3912
2386
3680
7506
11260
13129
12452
9986
8303
8911
10198
10494
9982
8425
5372
2513
1531
1302
210
-1558
-3433
-5185
-6406
-7398
-9108
-11124
-11761
-10711
-9644
-9656
-9895
-9531
-9100
-8611
-6806
-3793
-1658
-1247
-1106
-39
1709
3651
5515
6896
7598
7763
7426
6886
7018
8054
9035
9131
8078
5810
3302
2002
1657
1358
1443
1438
-446
-3645
-5554
-5652
-5316
-5381
-6066
-6774
-6461
-5830
-6291
-6795
-5862
-4782
-4581
-3568
-1210
265
51
-266
82
1032
2863
4402
3882
2453
2145
2194
1866
2443
3351
2280
-14
-1043
-1034
-1303
-1685
-2426
-4309
-6057
-5854
-4531
-3827
-3844
-4393
-5562
-5973
-4125
-1082
1298
2895
3799
3505
2988
4141
7044
10431
13123
13441
10726
7853
7955
9856
10817
10698
9914
7530
3841
860
-438
-643
-722
-1751
-3888
-5798
-7005
-8768
-10924
-11328
-9698
-8233
-8053
-8614
-9498
-9897
-8561
-5839
-3235
-1293
-193
-408
-937
224
3048
5586
6795
7057
6881
6582
6268
5934
6098
7130
7897
7140
5345
3289
954
-782
-540
808
1075
-308
-2971
-6449
-8421
-6785
-4194
-4376
-5729
-5721
-6360
-8230
-7534
-4110
-2096
-1721
-736
-217
-736
-58
1366
1506
2233
4837
5652
3415
2276
3160
2770
1744
2656
3376
1865
438
-201
-1782
-3096
-2923
-3444
-4931
-5078
-4773
-5950
-6979
-6623
-6521
-6749
-5754
-4109
-2585
-102
2465
2377
695
1146
4080
7657
11281
13188
11028
7335
7009
9717
11854
12577
12070
9292
5529
4083
4834
4905
3586
1706
-606
-2449
-2866
-3518
-5866
-7823
-7456
-6283
-6069
-6649
-7837
-9350
-9491
-7252
-4169
-2264
-2219
-3628
-4788
-3633
-550
2128
3458
3803
3159
2187
2172
2927
3542
4286
5296
5484
4192
2041
94
-611
378
2187
3186
2153
-1044
-4765
-6201
-4403
-1820
-1184
-2459
-4170
-5364
-5437
-4444
-3296
-2315
-1250
-597
-519
-57
577
80
-472
1223
4057
4974
3851
2500
1383
825
2062
4244
4603
2797
641
-1088
-1921
-1181
-35
-523
-2446
-3951
-4605
-5132
-5184
-4529
-4345
-5083
-5640
-5429
-4984
-4776
-4797
-4755
-4128
-2871
-1671
-580
886
2347
3077
3189
3559
5071
7657
9996
10387
8639
6917
7159
8784
10253
10597
9230
6627
4508
4128
5056
5704
4653
2080
-212
-981
-1047
-1618
-2589
-3459
-4094
-4100
-3647
-4197
-5947
-6969
-6452
-5206
-3662
-2620
-3438
-5564
-6261
-4239
-1585
-363
-422
-1278
-2160
-1794
-259
1184
1607
1135
722
893
1410
1585
906
3
-275
217
1249
1752
824
-596
-846
359
1520
1424
590
-358
-998
-429
1009
1648
971
-34
-557
-258
934
1784
848
-649
-655
236
636
822
947
154
-999
-886
-132
-373
-1095
-1464
-1883
-2097
-1729
-1915
-3202
-3997
-3433
-2717
-2453
-2360
-2945
-3996
-4006
-2860
-1897
-1648
-2066
-3039
-3505
-2586
-1282
-647
6
1095
1659
1478
1576
2397
3830
5954
7820
7773
6280
5490
6089
7344
8775
9555
8425
5896
4254
4483
5502
6051
5264
3168
1209
452
205
-499
-1389
-1959
-2663
-3519
-4024
-4793
-6040
-6564
-5987
-4915
-4054
-4429
-6065
-7237
-6449
-4183
-2209
-1698
-2424
-3254
-3169
-2040
-420
876
1205
822
697
1382
2206
2195
1734
1831
2483
3221
3509
2678
1073
296
1344
3020
3321
2147
676
-536
-714
844
2411
1568
-768
-2127
-2311
-1685
-146
401
-1404
-2999
-2385
-1450
-1492
-1195
-721
-1591
-2400
-1313
-384
-1340
-2224
-1869
-1566
-1378
-537
-391
-1872
-2882
-2176
-1199
-520
268
207
-1122
-1979
-1311
-263
102
-56
-518
-1069
-1248
-1230
-1371
-1213
-716
-469
-62
845
1248
781
543
1245
2511
3992
5374
5574
4220
3038
3528
5101
6435
6797
6039
4518
3078
2606
3194
4044
4142
2975
1077
-415
-1032
-1170
-1042
-716
-934
-2066
-3209
-3811
-4060
-3677
-2755
-2375
-2880
-3525
-3978
-4271
-3788
-2247
-925
-947
-1601
-1834
-1592
-961
60
896
999
716
704
1098
1460
1372
1075
1184
1680
1997
1976
1633
726
-283
-107
1387
2509
1932
286
-1098
-1483
-699
435
642
-143
-1351
-2545
-2667
-1319
-153
-608
-1787
-2217
-2004
-1704
-1252
-951
-1188
-1599
-1700
-1348
-911
-844
-1018
-1102
-898
-417
-81
-144
-350
-310
45
325
400
419
270
114
336
903
1239
797
73
30
412
554
541
322
-291
-1140
-1342
-714
-340
-400
-672
-903
-1041
-1186
-912
-393
296
919
1024
1006
1071
1341
1929
3055
4218
4124
3259
2517
2175
2530
3423
4121
3394
1846
1025
823
777
983
1217
801
-104
-554
-451
-392
-317
-376
-722
-893
-904
-1138
-1832
-2013
-1440
-1157
-1087
-1013
-994
-1088
-1016
-615
-357
-259
-324
-483
-205
341
165
-730
-1050
-434
-9
-128
-154
-442
-1171
-1327
-659
-70
-106
-543
-996
-1192
-803
-136
-374
-1096
-1210
-1192
-1288
-917
-185
-490
-1451
-1299
-480
-2
34
118
147
-221
-151
284
523
742
834
688
452
623
896
609
591
910
839
648
576
605
239
-253
-108
74
-30
-310
-730
-1003
-1100
-1034
-974
-1139
-1432
-1611
-1568
-1566
-1808
-2021
-1917
-1520
-874
-271
-271
-859
-1061
-152
1192
1966
1992
1442
871
1299
2797
4011
3893
2860
2005
1916
2582
3646
4106
3144
1678
1255
1826
2399
2480
1925
881
-4
-184
165
422
193
-368
-778
-787
-699
-862
-1127
-1172
-968
-759
-836
-1263
-1696
-1645
-1081
-517
-393
-741
-1330
-1717
-1394
-535
-144
-698
-1416
-1583
-1353
-930
-510
-677
-1402
-1721
-1287
-657
-134
113
-193
-604
-329
360
630
472
293
140
36
208
644
906
655
250
324
622
607
328
163
69
-302
-450
-165
-89
-461
-770
-629
-581
-769
-744
-608
-702
-808
-726
-649
-463
-109
165
25
-186
-18
139
191
324
495
399
-21
-204
51
444
559
269
-73
-201
-238
-339
-442
-518
-805
-1192
-1004
-449
-399
-775
-990
-842
-377
241
686
589
157
176
794
1622
2353
2418
1679
1090
1466
2338
2954
3051
2601
1879
1474
1825
2271
2203
1855
1333
723
324
410
404
-188
-498
-216
-210
-688
-1105
-1342
-1432
-1191
-794
-922
-1573
-2005
-1914
-1416
-911
-815
-1318
-1975
-1684
-619
143
225
-267
-776
-720
71
975
984
238
-491
-651
50
1071
1355
595
-264
-337
152
642
816
412
-419
-893
-608
-111
-7
-266
-662
-1028
-1081
-826
-699
-852
-986
-1014
-1084
-1112
-991
-873
-735
-355
2
-49
-289
-284
-125
75
468
799
574
86
177
606
834
871
807
511
-6
63
474
571
329
-102
-370
-604
-388
-32
-262
-644
-987
-1134
-1226
-1173
-876
-964
-1087
-909
-710
-529
-470
-347
-33
418
849
965
1014
1221
1445
1818
2444
2822
2521
2028
1978
2240
2450
2612
2500
1836
1119
971
1235
1397
1236
690
-89
-561
-436
-156
-230
-652
-1166
-1529
-1536
-1281
-1165
-1356
-1666
-1867
-1747
-1304
-968
-990
-1032
-930
-876
-707
-241
91
16
-22
175
252
212
354
533
486
405
486
513
399
335
334
278
258
306
234
44
-162
-297
-349
-337
-301
-431
-622
-813
-941
-814
-653
-649
-776
-791
-688
-753
-715
-530
-479
-523
-400
-158
-277
-455
-331
-174
-88
84
342
174
-163
-104
105
212
316
503
341
-95
-172
42
170
248
413
366
16
-186
-73
93
239
370
241
-98
-225
-68
132
338
485
339
1
-163
-56
220
516
522
182
-89
-62
93
347
737
840
400
-43
51
468
794
906
754
407
172
317
645
958
1047
603
91
106
508
622
362
252
105
-186
-150
224
267
-126
-357
-309
-293
-327
-271
-417
-611
-516
-452
-550
-564
-320
-186
-334
-367
-298
-327
-276
74
379
206
-192
-335
-73
290
537
575
269
-146
-336
-43
428
494
226
-136
-379
-435
-287
-75
-149
-413
-550
-590
-655
-629
-575
-676
-804
-638
-477
-723
-962
-876
-651
-525
-331
-178
-372
-531
-425
-51
271
306
276
119
67
312
638
795
712
607
429
420
694
788
729
560
319
170
211
390
357
157
-6
-88
-136
-149
-54
-10
-102
-228
-256
-203
-199
-255
-233
-86
-16
-96
-124
-20
47
64
181
283
177
109
306
459
440
468
444
266
262
566
696
419
209
196
28
-30
270
379
112
-100
-141
-151
-67
122
125
-93
-217
-257
-328
-239
-61
-97
-256
-214
-74
-117
-116
16
-40
-130
-34
-10
-68
-39
-37
-67
-9
147
196
78
73
100
46
37
91
112
12
-20
-25
-133
-157
-194
-226
-213
-235
-207
-302
-455
-461
-428
-341
-192
-176
-321
-423
-392
-264
-119
40
23
-179
-255
-139
83
196
237
180
32
3
64
248
337
306
159
-69
-74
7
117
240
182
-18
-141
-212
-186
14
126
30
-246
-369
-329
-293
-95
56
-43
-252
-296
-170
-43
46
203
247
26
6
227
359
363
428
511
350
256
387
508
510
464
419
267
179
283
321
171
45
27
-38
-71
65
140
-64
-270
-209
-103
-112
-158
-201
-252
-280
-239
-187
-57
32
-88
-166
-45
51
-73
-118
58
165
80
-16
5
45
191
325
236
128
88
1
-64
140
358
149
-171
-196
-3
71
23
-3
-120
-228
-327
-321
-145
-77
-187
-352
-283
-173
-226
-254
-188
-85
-132
-187
-149
-93
-77
-95
10
144
180
58
-75
-14
122
184
156
154
90
-88
-51
176
277
151
-3
-95
-148
-7
105
0
-115
-81
-97
-220
-43
139
-72
-224
-51
82
-85
-140
51
76
3
88
136
-29
-91
115
208
131
146
145
35
26
214
254
73
19
73
77
62
94
34
-125
-87
76
139
77
-21
-124
-181
-26
145
115
-18
-143
-226
-202
28
155
0
-94
-74
-87
-95
24
100
-1
-13
64
54
-42
-21
67
35
75
163
45
-157
-100
64
84
124
155
-55
-241
-56
119
70
51
84
-54
-245
-85
128
73
-15
-20
-75
-131
-22
44
45
77
7
-153
-179
58
209
90
-41
-77
-81
-90
25
175
107
-48
-161
-154
29
128
29
-37
4
9
-53
-75
47
97
-27
-52
18
24
-87
-154
0
124
76
-50
-117
-32
9
-30
15
105
49
-127
-126
14
44
-34
-76
-40
-21
-27
-44
-84
-85
-45
-50
-23
60
40
-112
-178
0
146
104
60
51
51
11
20
185
267
144
20
67
189
158
99
162
170
70
3
46
91
66
-9
-99
-63
-8
-83
-143
-93
-31
-114
-175
-74
-46
-110
-127
-91
-54
-21
-5
-102
-126
10
20
-25
70
135
-3
-128
9
180
173
107
103
64
-28
14
104
154
154
56
-39
-56
45
71
-16
65
120
-52
-191
-83
35
-75
-126
-36
-47
-134
-192
-173
-74
13
-36
-123
-95
-36
-55
-51
71
106
8
-47
-8
87
88
37
45
54
55
61
55
29
31
35
2
10
52
41
-23
-35
-1
-12
-33
18
68
-15
-104
-73
-12
7
-8
16
-7
-62
-66
-47
28
67
27
-53
-37
57
29
-8
40
72
17
-11
42
39
10
51
81
32
15
45
-1
-39
52
110
13
-61
-47
-42
-14
70
58
-59
-98
-84
-94
-31
120
90
-115
-172
-86
33
87
46
17
-54
-84
-20
27
71
46
-46
-85
-15
57
0
-49
-6
24
-15
-34
-21
-31
-22
20
30
-17
-10
-6
-29
-5
45
51
-35
-4
68
5
0
64
75
9
-13
52
55
9
53
113
56
1
3
20
69
78
19
-46
-24
29
-2
-16
10
3
-44
-71
7
29
-56
-73
-26
-21
-58
-57
-78
-103
-66
-58
-65
-47
-38
-62
-82
-6
33
-18
-17
5
-19
-18
45
72
28
25
57
40
21
71
98
62
41
26
-5
8
83
104
23
-40
-13
10
2
45
49
-25
-84
-82
-9
55
41
-42
-45
-3
-34
-24
-3
-4
-38
-77
-33
-11
-21
-37
-39
8
13
-14
-37
-44
-31
-48
-9
76
59
-39
-73
-11
21
-9
4
34
5
-19
23
57
47
43
50
32
27
49
19
-31
24
114
76
0
0
0
0
0
0
0
0
0
0
0
0
0
0
0
0
0
0
0
0
0
0
0
0
0
0
0
0
0
0
0
0
0
0
0
0
0
0
0
0
0
0
0
0
0
0
0
0
0
0
0
0
0
0
0
0
0
0
0
0
0
0
0
0
0
0
0
0
0
0
0
0
0
0
0
0
0
0
0
0
0
0
0
0
0
0
0
0
0
0
0
0
0
0
0
0
0
0
0
0
0
0
0
0
0
0
0
0
0
0
0
0
0
0
0
0
0
0
0
0
0
0
0
0
0
0
0
0
0
0
0
0
0
0
0
0
0
0
0
0
0
0
0
0
0
0
0
0
0
0
0
0
0
0
0
0
0
0
0
0
0
0
0
0
0
0
0
0
0
0
0
0
0
0
0
0
0
0
0
0
0
0
0
0
0
0
0
0
0
0
0
0
0
0
0
0
0
0
0
0
0
0
0
0
0
0
0
0
0
0
0
0
0
0
0
0
0
0
0
0
0
0
0
0
0
0
0
0
0
0
0
0
0
0
0
0
0
0
0
0
0
0
0
0
0
0
0
0
0
0
0
0
0
0
0
0
0
0
0
0
0
0
0
0
0
0
0
0
0
0
0
0
0
0
0
0
0
0
0
0
0
0
0
0
0
0
0
0
0
0
0
0
0
0
0
0
0
0
0
0
0
0
0
0
0
0
0
0
0
0
0
0
0
0
0
0
0
0
0
0
0
0
0
0
0
0
0
0
0
0
0
0
0
0
0
0
0
0
0
0
0
0
0
0
0
0
0
0
0
0
0
0
0
0
0
0
0
0
0
0
0
0
0
0
0
0
0
0
0
0
0
0
0
0
0
0
0
0
0
0
0
0
0
0
0
0
0
0
0
0
0
0
0
0
0
0
0
0
0
0
