0
0
0
0
0
0
0
0
0
0
0
0
0
0
0
0
0
0
0
0
0
0
0
0
0
0
0
0
0
0
0
0
0
0
0
0
0
0
0
0
0
0
0
0
0
0
0
0
0
0
0
0
0
0
0
0
0
0
0
0
0
0
0
0
0
0
0
0
0
0
0
0
0
0
0
0
0
0
0
0
0
0
0
0
0
0
0
0
0
0
0
0
0
0
0
0
0
0
0
0
0
0
0
0
0
0
0
0
0
0
0
0
0
0
0
0
0
0
0
0
0
0
0
0
0
0
0
0
0
0
0
0
0
0
0
0
0
0
0
0
0
0
0
0
0
0
0
0
0
0
0
0
0
0
0
0
0
0
0
0
0
0
0
0
0
0
0
0
0
0
0
0
0
0
0
0
0
0
0
0
0
0
0
0
0
0
0
0
0
0
0
0
0
0
0
0
0
0
0
0
0
0
0
0
0
0
0
0
0
0
0
0
0
0
0
0
0
0
0
0
0
0
0
0
0
0
0
0
0
0
0
0
0
0
0
0
0
0
0
0
0
0
0
0
0
0
0
0
0
0
0
0
0
0
0
0
0
0
0
0
0
0
0
0
0
0
0
0
0
0
0
0
0
0
0
0
0
0
0
0
0
0
0
0
0
0
0
0
0
0
0
0
0
0
0
0
0
0
0
0
0
0
0
0
0
0
0
0
0
0
0
0
0
0
0
0
0
0
0
0
0
0
0
0
0
0
0
0
0
0
0
0
0
0
0
0
0
0
0
0
0
0
0
0
0
0
0
0
0
0
0
0
0
0
0
0
0
0
0
0
0
0
0
0
0
0
0
0
0
0
0
0
0
0
0
0
0
0
0
0
0
0
0
0
0
0
0
0
0
0
0
0
0
0
0
0
-136
-303
-69
157
324
196
-409
-520
-15
511
513
-48
-557
-452
307
645
144
-449
-499
-70
369
451
65
-343
-363
64
353
306
11
-474
-323
162
371
312
-90
-344
-103
254
268
-28
-218
-130
-64
97
318
126
-233
-226
127
225
109
-117
-470
-400
-41
318
537
448
328
120
-145
19
149
105
43
-540
-543
-19
-19
-92
-383
-409
-54
116
86
-321
-323
-51
78
422
226
-54
47
-131
-61
62
-224
-20
451
374
375
429
92
140
683
882
445
-73
-434
-584
-34
250
-585
-1032
-674
-408
-148
-361
-781
-417
161
374
123
-40
-82
-283
197
481
242
148
-202
144
320
86
464
215
107
391
373
355
41
25
123
-136
125
-37
-341
-313
-383
-95
142
94
-305
36
83
-189
90
-109
-13
-31
-227
-86
-228
-116
-14
-232
-205
-590
-168
467
-96
-133
184
176
388
202
-143
263
31
27
249
-15
181
120
261
264
72
339
260
-61
-133
-89
-162
1
-101
-442
3
-18
-384
-119
-140
-329
-172
203
-108
-356
140
122
-48
26
114
-56
16
298
65
-98
135
-83
-98
316
150
251
76
-27
35
-154
179
135
35
-175
-106
219
-111
97
31
-349
157
-3
-401
62
-54
-298
277
257
-2
-46
-159
-1
-143
78
264
-157
-229
-225
-136
495
468
-271
-158
-234
-197
415
-10
-493
-233
9
168
493
422
-60
-564
-229
649
363
54
7
-299
-437
30
558
66
-415
-341
263
-63
-527
82
46
124
-36
38
522
-18
-240
-1
248
124
-181
32
-270
-398
221
241
109
-273
-369
336
-67
-210
212
150
311
-70
-199
89
140
73
-203
123
273
149
274
59
-467
-758
366
693
-328
-29
-11
-336
-309
-409
34
234
55
-380
-305
469
-196
-405
951
412
-25
349
49
581
-214
-320
629
-9
246
73
-439
-300
-341
141
206
54
274
236
-370
-247
180
-386
120
329
-293
-16
-567
-508
-38
-337
198
105
-35
-136
-437
110
-322
308
821
-632
185
147
-711
495
264
363
275
-361
831
435
-388
118
92
-137
-109
113
-166
-426
-401
-210
-124
-329
316
-121
-580
608
611
318
136
-59
-57
-450
-108
301
237
-422
-276
778
122
-443
-214
-261
-262
33
572
30
-191
-226
-584
531
581
-485
-242
331
-74
-289
790
793
-192
-29
513
267
240
319
-650
-733
-3
181
296
-182
-234
192
-307
19
501
-841
-1010
191
-122
-292
299
298
-12
-445
-74
395
-16
-222
-116
110
-74
-181
286
209
156
271
208
355
-94
-417
-52
-129
124
653
287
-372
-285
311
178
-428
-376
108
-131
-168
539
255
-6
-65
-199
302
-68
-307
-97
-278
-232
-364
210
468
43
-82
-146
593
275
-113
239
-107
401
38
-413
320
-137
-372
-292
-485
-123
-128
50
554
-74
-238
427
-113
147
393
-379
269
9
-122
424
-97
18
-19
203
250
-228
146
547
188
-493
-591
-225
185
-296
-519
-388
-244
397
-461
-979
22
292
98
539
233
276
862
-295
-226
51
156
942
-353
-860
-14
209
-69
-228
123
210
511
133
-311
-50
-424
-158
132
-13
136
-152
-372
-315
304
437
-84
227
194
-447
-240
144
-32
423
72
-649
51
-133
-476
-63
216
342
192
515
76
-507
268
204
45
309
-319
-191
-7
-610
-200
224
24
272
105
-277
-55
139
322
-122
-350
373
-359
-540
715
228
-69
165
-88
99
-496
-365
443
72
-27
22
133
173
-269
-390
-117
381
227
-257
-160
133
118
74
535
282
49
132
-431
49
195
-190
-84
-616
-7
672
358
124
-518
-305
-169
-146
341
-224
-67
310
28
122
-19
90
-207
-325
559
441
-6
9
-191
-315
26
621
105
-543
141
-31
-520
237
157
-322
-114
-113
69
-47
-111
359
-203
-382
617
229
-389
132
-331
-4
484
-367
432
233
-124
519
-236
82
60
-284
86
-494
-233
286
-323
-234
57
-35
289
-104
-473
389
391
6
115
-210
-27
27
-127
-132
-75
52
155
-516
140
539
112
806
-432
-217
-22
-420
152
-339
136
90
-325
161
176
94
16
-20
-90
220
428
-289
292
351
-2
263
-435
-80
-555
-471
40
-47
851
122
-289
489
-398
-197
497
-358
59
18
-298
-77
-299
-50
318
124
-194
226
52
53
198
-61
411
13
15
-24
-614
-94
-407
-62
200
-499
-64
96
585
67
190
423
-386
-143
-233
-98
224
138
-245
139
123
-147
-97
-397
56
598
176
321
72
-661
-17
14
-293
121
215
-558
-525
383
435
-120
362
351
-207
297
212
-83
-90
-78
-319
-288
60
37
-378
32
444
78
331
39
-291
137
-26
116
165
-336
-255
-210
164
42
-218
-138
235
341
-132
202
49
-164
-308
-7
493
227
64
-77
-272
-129
25
15
15
-417
-112
610
780
-7
-503
-109
-179
-261
71
157
-285
-86
13
-226
51
480
201
39
247
194
-327
-400
349
183
305
-99
-461
-159
-616
-328
27
-10
313
127
251
419
219
4
-469
-21
96
163
119
-498
-7
456
252
371
31
-439
-325
39
286
-361
91
430
-297
-278
-31
165
-103
-338
-243
-5
54
-284
102
870
560
-116
-229
-303
-249
139
551
324
-222
-465
-689
-72
395
-74
-194
-36
405
420
142
143
-31
169
-155
-357
-57
-578
-237
14
-358
207
200
-221
11
154
49
323
256
-113
278
341
-29
-166
-347
-260
-30
-66
-22
145
-6
-81
165
205
246
191
-283
-257
246
137
-251
-180
-166
-263
16
129
19
300
317
-146
-11
452
364
-88
-198
-127
-490
-559
-271
-228
99
515
284
146
350
-4
-261
-67
-100
-90
-21
-99
-181
-78
182
222
-199
-273
232
50
-98
176
-44
19
-50
-383
-134
161
155
-111
65
212
-78
183
400
109
136
152
-272
-317
-359
-205
128
118
145
-12
-21
50
-49
28
165
91
-63
49
94
-19
85
-285
-185
-28
-258
-146
78
251
-73
145
90
102
317
-417
-420
29
-278
-202
238
275
467
641
-30
-164
56
-400
-305
-276
22
97
120
215
-280
109
81
-95
-5
-284
-55
117
-37
-110
-143
260
358
7
-102
-123
-159
-315
-199
340
522
190
283
94
-168
-228
-562
-420
-96
257
194
2
126
139
20
73
182
-110
-105
18
-250
-56
137
-6
66
156
10
-179
-162
-193
161
232
-40
123
-104
-41
356
137
-85
74
43
-277
-28
102
-139
86
-114
-218
306
208
-221
-257
-63
149
386
333
-118
-143
56
-217
-230
-18
-172
-123
-32
-74
-5
216
131
-181
123
377
174
-122
-152
-187
-359
-116
6
-157
71
155
-140
38
289
53
-55
193
188
97
23
7
-85
-194
42
-111
-183
85
25
-69
64
190
79
-89
81
84
18
78
-109
-69
-110
-143
51
62
-217
-22
239
4
43
-54
-84
6
151
162
-9
8
-82
-141
-122
10
121
80
-2
-33
6
-82
-30
188
97
82
53
112
103
-156
-64
-150
-22
166
-115
-122
37
-246
-269
151
96
-38
73
171
47
-261
87
239
-143
70
134
75
-4
-152
-188
-236
24
178
140
269
194
-180
-112
227
-42
-337
-60
-3
-130
97
19
-250
-88
-67
11
230
144
102
-36
-116
-7
-12
-84
-62
120
132
-20
-59
40
-109
-102
62
-17
130
-9
-63
20
-47
160
-5
37
149
-7
120
-98
-131
92
-41
34
185
71
-14
-13
-125
-193
-140
30
158
-29
140
288
-18
48
-191
-503
33
184
-224
-142
244
279
78
70
61
-2
-54
-142
-106
-39
-8
-89
-81
203
211
83
176
-74
-401
-48
121
-234
-174
51
140
162
145
-50
-279
44
39
-224
19
213
33
-78
173
191
127
-7
-165
-123
-92
87
-13
-40
67
4
105
88
104
19
-84
-179
-330
-99
-132
-56
349
304
71
83
22
-104
19
-55
-65
-88
-74
126
-126
-227
49
146
164
28
-191
-217
-122
-41
-97
-83
129
214
38
1
20
-83
-53
-125
-93
-78
79
248
20
79
29
-161
-50
31
-109
-195
10
105
-102
-44
156
140
213
179
-14
-138
-75
-170
-202
275
393
157
161
222
-184
-448
-103
-145
-223
-98
-58
210
334
229
68
-24
-134
-126
-60
-163
25
156
254
170
-146
-67
47
-11
-166
-135
77
-100
-228
-56
118
293
263
112
-273
-341
-236
-279
-46
51
197
263
88
-52
-1
146
117
-48
-126
40
-89
-101
153
46
183
12
-228
19
-120
-330
-318
0
53
-98
-12
82
-6
-64
169
-158
-198
110
32
35
88
173
122
138
74
-17
184
257
10
-101
12
83
22
36
228
22
-88
20
-192
-300
-60
139
64
99
239
215
85
105
40
49
131
-22
11
83
66
75
52
-103
-143
-115
-295
-240
-67
75
146
14
22
20
-139
-208
-252
-289
-176
-61
2
20
111
309
192
12
-168
-353
-239
-236
-110
84
122
11
-184
-211
-346
-457
-523
-442
-240
-305
-217
-79
-77
40
50
18
-149
-320
-179
40
258
568
848
917
883
745
584
550
423
328
493
570
511
632
621
378
238
35
-257
-333
-356
-421
-201
18
76
324
439
362
222
72
223
320
425
684
757
744
705
711
695
636
550
365
167
-126
-223
-134
-143
-14
61
-176
-596
-928
-1165
-1418
-1439
-1481
-1483
-1217
-1113
-1151
-1146
-1167
-1342
-1573
-1730
-1768
-1738
-1693
-1479
-1282
-1152
-1066
-1016
-1141
-1519
-1802
-2045
-2113
-2029
-1823
-1432
-1167
-879
-567
-340
-159
-172
-240
-136
113
783
1839
2940
4131
4969
5280
5225
4937
4836
5022
5346
5492
5365
5077
4830
4531
4034
3467
2467
1356
516
-431
-1207
-1520
-1529
-1340
-1183
-1410
-2026
-2698
-3090
-3022
-2502
-1872
-1474
-1013
-505
-310
-78
234
258
174
113
84
202
423
729
1016
1035
834
470
-106
-669
-1051
-1217
-1289
-1438
-1698
-2048
-2403
-2717
-2790
-2863
-3066
-3402
-3859
-4140
-4277
-3969
-3700
-3687
-3620
-3597
-3382
-3172
-2899
-2885
-3112
-3285
-3425
-3309
-3154
-2778
-2324
-1710
-1073
-718
-378
-391
-559
-621
-336
459
1728
3728
6073
8168
9442
9649
9192
8694
8750
9425
10106
10345
10192
9775
9409
8983
8100
6817
4956
2672
665
-1037
-2284
-2537
-2189
-2070
-2644
-4158
-6373
-8489
-9722
-9827
-9132
-8097
-7052
-6096
-5098
-4045
-3062
-2298
-1889
-1744
-1578
-1030
198
2199
4675
6934
8238
8141
6840
5163
3920
3457
3782
4511
4945
4534
3237
1517
-136
-1558
-2791
-3985
-5223
-6300
-6943
-6937
-6238
-5357
-4803
-4567
-4769
-5396
-5807
-5630
-4966
-3714
-2158
-1075
-711
-829
-1154
-1311
-1146
-950
-971
-1120
-1264
-1352
-1297
-1131
-1061
-1280
-1819
-2496
-2956
-2943
-2431
-1594
-813
-548
-950
-1650
-2074
-1749
-449
1709
4261
6509
7830
8120
7903
7912
8574
9778
10892
11269
10846
10103
9615
9579
9584
8977
7361
4895
2249
-40
-1759
-2629
-2662
-2434
-2610
-3822
-6169
-8661
-10209
-10398
-9343
-7941
-7122
-6739
-6285
-5548
-4429
-3232
-2377
-1805
-1367
-796
256
1622
3170
4879
6215
6813
6651
5801
4936
4690
5132
6013
6501
6094
4993
3419
1930
740
-521
-1848
-3245
-4709
-5687
-6090
-6301
-6353
-6372
-6480
-6688
-6874
-6993
-6963
-6297
-5113
-3617
-2030
-1019
-766
-983
-1257
-1310
-1004
-676
-524
-418
-490
-408
-235
-397
-804
-1452
-2215
-2893
-3316
-3531
-3552
-3243
-2871
-2329
-1686
-1266
-1049
-1019
-1024
-1033
-636
626
2862
5644
7987
9197
9034
8272
7919
8666
10305
11686
12368
12354
11847
11087
10145
8979
7536
5851
3941
2037
263
-1235
-1998
-1973
-2086
-3093
-5085
-7743
-10044
-10970
-10279
-8850
-7526
-6749
-6640
-6518
-6038
-5178
-4066
-3064
-2336
-1733
-863
272
1780
3555
5019
5943
5852
4761
3579
3082
3901
5665
7125
7417
6187
3837
1433
-120
-658
-792
-1232
-2167
-3498
-4785
-5718
-6385
-6840
-7164
-7159
-6990
-6864
-6461
-5727
-4498
-2803
-1245
-418
-466
-1002
-1320
-925
-55
865
1466
1509
1179
742
253
-369
-1117
-1849
-2467
-3009
-3448
-3707
-3815
-3828
-3813
-3870
-4027
-4086
-3799
-3181
-2455
-1816
-1293
-611
766
3089
5913
8394
9839
10044
9525
9302
10108
11795
13542
14467
14233
13236
12017
10791
9568
8186
6491
4651
2948
1482
82
-1258
-2245
-3112
-4445
-6335
-8688
-11030
-12212
-11590
-9708
-7813
-6891
-6935
-7310
-7352
-6628
-5324
-4121
-3390
-2738
-1732
-471
947
2393
3484
4039
3945
3153
2140
1614
2164
3899
5948
7084
6577
4539
2105
556
234
696
1175
954
-67
-1301
-2247
-2948
-3558
-4041
-4424
-4707
-4769
-4664
-4530
-4325
-3963
-3442
-2883
-2539
-2420
-2212
-1630
-690
243
736
517
-373
-1288
-1600
-1355
-815
-344
-351
-724
-1209
-1727
-2025
-2175
-2543
-2938
-3110
-3185
-3003
-2304
-1269
-145
767
1004
457
-567
-1556
-1709
-343
2630
6470
9510
10259
8817
6486
4941
5647
8315
10835
11702
10980
9496
8298
7861
7707
7064
5521
3445
1527
-106
-1406
-1966
-1757
-1392
-1724
-3417
-6434
-9644
-11254
-10348
-7924
-5917
-5511
-6478
-7574
-7544
-6136
-4262
-3010
-2622
-2520
-2070
-1099
242
1793
3321
4420
4689
3975
2553
1325
1471
3317
5794
7259
6724
4517
2001
476
311
1010
1691
1526
333
-1294
-2652
-3484
-3892
-4051
-4149
-4419
-4935
-5362
-5219
-4477
-3557
-2797
-2324
-2167
-2061
-1555
-647
186
638
751
555
35
-605
-951
-760
-246
64
-257
-1232
-2492
-3502
-3853
-3662
-3506
-3743
-4078
-4040
-3601
-3050
-2633
-2578
-2907
-3093
-2479
-879
1391
4028
6644
8302
8414
7586
6930
7452
9504
12233
14238
14460
12967
11155
10109
9535
8722
7336
5522
3806
2665
2029
1185
-393
-2382
-4273
-6037
-7732
-9067
-9685
-9512
-8772
-8049
-8086
-8984
-9849
-9616
-8080
-5978
-4211
-3249
-3015
-2865
-2052
-481
1275
2709
3690
4050
3795
3462
3488
4040
5083
6006
6231
5632
4298
2937
2403
2677
3161
3147
2201
537
-1141
-2103
-2213
-2154
-2699
-3914
-5098
-5540
-5172
-4476
-4139
-4372
-4702
-4622
-3846
-2573
-1549
-927
-210
494
754
627
274
-214
-479
-276
104
222
-89
-624
-1086
-1659
-2622
-3674
-4667
-5664
-6000
-5279
-4287
-3710
-3607
-4132
-5244
-6103
-5519
-3108
274
3714
6797
8482
7884
6317
5954
7505
10696
14613
17187
16720
13936
11339
10460
10535
10282
9416
7935
5887
3924
2517
1051
-1221
-3784
-5624
-6743
-7670
-8341
-8691
-9214
-10077
-10812
-11243
-11461
-11048
-9546
-7289
-5062
-3438
-2767
-3090
-3698
-3308
-1193
1969
4733
6066
5781
4565
3679
3916
4871
5763
6426
6807
6393
4878
2779
1007
221
567
1445
1739
801
-1023
-2882
-4001
-4143
-3900
-3905
-3849
-3286
-2756
-2828
-3093
-3186
-3330
-3257
-2357
-966
96
842
1540
1691
1069
431
223
167
214
478
421
-517
-1609
-2046
-2518
-3456
-4082
-4223
-4418
-4697
-4821
-5212
-6466
-7651
-7197
-5311
-3082
-715
1457
1941
-60
-2695
-3495
-1689
2741
8724
12849
12159
7701
3668
3472
7312
12813
16401
15346
10723
6827
6382
8089
9381
9226
7609
4757
1688
-374
-1320
-1866
-2540
-3720
-5510
-6997
-7080
-6337
-6422
-7621
-8814
-9436
-9628
-8956
-6817
-3895
-1836
-1544
-2524
-3567
-3615
-2283
4
2425
4406
5704
6093
5367
3593
1404
60
673
2989
5502
6800
6148
3414
-192
-2254
-1526
587
1964
1951
883
-913
-2752
-3778
-4105
-4412
-4419
-3333
-1701
-1035
-1706
-2753
-3543
-4096
-3909
-2192
420
1929
1312
-437
-1833
-2255
-1760
-802
-148
-304
-1033
-1792
-2432
-3228
-4325
-5347
-5754
-5458
-4755
-3997
-3778
-4684
-6258
-6976
-5975
-3935
-1791
206
1600
1480
251
222
3109
7799
11429
12112
10569
9525
10937
13631
14929
14258
13194
12538
11694
10571
9862
9353
7668
4313
949
-406
-82
-487
-3118
-6837
-9376
-9853
-9344
-9242
-9670
-9930
-10033
-10613
-11277
-10531
-8058
-5577
-4503
-4054
-2892
-1380
-650
-430
441
2018
3418
4512
5788
6889
6948
6015
4808
3736
3262
3981
5283
5443
3957
2122
814
-259
-1022
-1033
-982
-1909
-3093
-3073
-2428
-3096
-5137
-6428
-5622
-3675
-2297
-1909
-1860
-2129
-3072
-3486
-1719
1138
2415
1844
1056
557
319
983
2041
1797
343
-608
-884
-1454
-1908
-1687
-2117
-4115
-5973
-6065
-5410
-5533
-6286
-7036
-7538
-7117
-5372
-3586
-3370
-4360
-4932
-4242
-2071
1932
7003
10529
10437
7694
5470
6558
11679
18576
22459
19800
12767
7782
8541
12560
15451
15484
12548
6640
-71
-3380
-1966
655
628
-2405
-6520
-10013
-12052
-12514
-11870
-10914
-10362
-10551
-11193
-11332
-10068
-7819
-5960
-4831
-3587
-2216
-1534
-1097
472
3106
5283
6164
6243
6226
6227
5890
5206
5052
6072
7263
7148
5793
3991
1717
-597
-1223
256
1659
893
-1963
-5227
-6778
-5837
-4465
-5059
-6506
-6006
-4136
-3941
-5272
-5062
-3289
-2738
-2883
-839
2260
2883
1350
333
379
1204
2914
4103
3364
1905
976
-301
-1966
-2220
-1088
-1011
-2826
-4605
-5027
-5156
-6234
-7760
-8470
-7992
-6915
-5982
-5721
-6295
-7202
-7375
-5880
-2381
2636
7318
8962
6872
4156
4733
9376
16113
22114
23694
18711
11050
7973
11536
17141
20089
18656
12751
4589
-1074
-1105
2535
4886
2634
-3373
-9367
-12303
-12171
-10792
-9581
-9281
-10537
-13090
-15053
-14529
-11738
-8557
-6267
-4776
-3839
-3769
-4335
-4085
-1820
1763
4839
6406
6576
5612
3886
2513
2890
5367
8619
10398
9107
5143
893
-1064
-18
2551
4423
3950
536
-4571
-8080
-7432
-4050
-1783
-2242
-3826
-4946
-5719
-6428
-6347
-4785
-2467
-1066
-1099
-1032
166
829
-147
-176
2499
4861
4468
3350
2807
1445
185
1368
3437
3315
1245
-1266
-3790
-5111
-3963
-2007
-2062
-4316
-7015
-9115
-10021
-8812
-6094
-4649
-5816
-7393
-7186
-5993
-5226
-4429
-2768
-662
1102
2716
5001
7553
8502
7457
6958
9456
14692
19947
21045
15999
9457
8543
13304
17447
17649
15024
9848
2605
-2186
-381
5144
7237
2673
-5284
-11177
-12404
-10399
-7885
-6296
-6480
-9302
-13470
-15454
-13541
-9799
-7102
-6176
-6024
-5841
-5897
-6381
-5821
-2508
2167
4464
3282
1601
1695
2347
2519
3876
7176
9452
7829
3821
1091
874
1985
3416
4621
4652
2739
-780
-4243
-5096
-2054
2151
2556
-1700
-5765
-5922
-3990
-2648
-1509
-318
-827
-3412
-5481
-4208
2
2862
1391
-1022
-172
1481
383
-703
1127
2745
1481
-122
-27
100
-870
-1836
-2064
-1745
-1149
-1314
-3324
-5776
-6097
-4737
-4247
-4677
-4366
-4104
-5602
-7222
-6053
-2942
-1373
-2306
-3561
-3605
-2808
-1136
2126
5854
7298
5881
4358
5581
9980
15595
18577
15834
9869
7664
11740
16747
17654
15158
10818
4894
596
1966
6763
8371
4134
-2739
-7589
-8053
-5611
-3948
-4850
-7155
-9761
-12235
-13095
-11312
-8682
-7944
-9010
-9655
-8579
-6670
-5708
-5828
-4852
-1791
509
388
-304
448
1542
1684
2978
5759
7893
6940
3823
2063
2344
4039
5428
5877
5126
2651
-327
-2605
-2140
1100
4405
4096
-1018
-5806
-6122
-3109
-361
260
-444
-2761
-5804
-7199
-4840
700
3290
-127
-4257
-3742
-884
331
1527
3083
1568
-1990
-2716
-360
1640
1996
1333
-818
-2985
-2045
-99
-326
-1816
-2530
-3153
-4432
-3492
-1057
-960
-3313
-5451
-5351
-3955
-1868
-116
-763
-2786
-4801
-5307
-3094
586
3135
3415
3608
3794
2397
1805
5122
10363
13893
14415
11303
6593
4788
8489
13498
14471
12347
8555
3826
792
2158
6052
7050
3937
-583
-4012
-5121
-4429
-3797
-4066
-4651
-5983
-8651
-10761
-10125
-8181
-7338
-6877
-5735
-5371
-6761
-7831
-6387
-3062
24
1090
-185
-2261
-2869
-1115
2060
4711
5002
3227
1310
1380
3199
4904
5308
3789
1911
1119
2155
3758
3545
1959
-137
-925
-97
890
1186
240
-578
-1833
-3487
-2699
-444
-358
-2989
-4399
-2863
-1729
-1705
-1523
-1737
-2265
-2562
-2016
-908
548
1413
-763
-3296
-2263
314
571
-438
583
1074
-1078
-2553
-1546
-127
195
166
-275
-1336
-1718
-1432
-1866
-1861
-646
-319
-2016
-3643
-2910
-1871
-1899
-2068
-2303
-2284
-1989
-960
711
2472
3531
2496
911
1964
5868
9643
10647
8447
4975
3988
7078
10998
12037
10406
7235
3099
1152
4181
8549
8120
3033
-1670
-3367
-2666
-656
692
-823
-4525
-7625
-8576
-7424
-5127
-3828
-4896
-6911
-7584
-6569
-5149
-4399
-4297
-3700
-2119
-943
-1165
-1682
-1365
-525
216
1164
2760
3229
1735
563
1423
3491
4088
3388
3140
2608
1947
1608
1435
1070
187
302
1022
635
-318
-900
-733
-1069
-1887
-1364
-715
-1265
-2422
-3139
-2785
-2258
-1922
-2148
-2399
-1431
-1371
-2704
-2571
-654
451
-523
-572
921
660
-603
-512
650
1453
1620
1674
536
-794
-658
-448
47
1527
2203
255
-2680
-2794
-1313
-1005
-918
-904
-1841
-3786
-4719
-3115
-1363
-1230
-2299
-3217
-2840
-1939
-1106
63
1340
1491
367
145
2313
5456
7441
7346
5111
2760
3851
8264
11386
10286
6806
3665
2327
3794
7136
8825
6343
1467
-2507
-2942
-34
2438
1976
-1150
-4195
-5376
-4970
-3264
-2194
-2928
-4698
-5663
-4785
-3551
-3124
-3453
-4035
-4016
-2781
-1084
-465
-1052
-1601
-1580
-1255
-327
922
1365
847
288
141
157
402
854
757
214
295
524
16
-774
-336
1261
1125
-710
-1490
-529
829
520
-779
-1440
-1194
-490
-707
87
1881
774
-2148
-2425
478
1734
702
325
-260
-1278
-1287
-199
690
1301
1240
-722
-2643
-1326
1409
1289
-213
-642
-945
-1900
-1623
701
1459
-30
-1319
-1899
-1979
-1144
191
62
-1208
-1711
-1905
-2375
-1757
-422
-477
-1424
-1952
-2515
-2738
-1545
-422
-763
-764
203
85
-881
-390
1339
2881
4235
4698
3172
1806
3499
6604
7816
7260
6074
4027
2575
4072
6866
7311
5301
2909
966
354
1953
3666
2814
545
-1074
-2345
-3082
-2074
-622
-1095
-2804
-3856
-4280
-4428
-4066
-3677
-3375
-2766
-2828
-4002
-4417
-3203
-1991
-1759
-1664
-1458
-1908
-2590
-2169
-721
368
212
-873
-1668
-958
866
1948
1398
126
-743
-565
902
2474
2314
852
141
519
1020
1647
2473
2236
595
-233
815
1548
750
-57
-46
60
-98
-468
-1041
-1371
-1386
-1750
-1879
-936
-733
-2302
-2868
-1220
-156
-692
-732
-276
-927
-1582
-684
654
1266
1227
330
-823
-601
754
1286
770
520
345
-547
-1110
-542
-136
-642
-1194
-1446
-1714
-1824
-1984
-2754
-3250
-2555
-1955
-2210
-1732
-737
-1370
-2492
-1470
674
1845
2711
3325
2324
1283
3070
6541
7755
6425
5132
4412
4387
5675
7635
8006
5659
2869
1865
3063
4789
4474
2292
-105
-1358
-1469
-1012
-301
-928
-2826
-4233
-4288
-3418
-3146
-3541
-4358
-5061
-4540
-3655
-3261
-3528
-3754
-3334
-2857
-2185
-1596
-1518
-1484
-897
34
662
649
163
4
384
1430
2240
1949
1185
354
531
1728
2591
2215
789
216
701
814
759
808
400
-720
-1167
272
1241
310
-1370
-2281
-1405
-525
-440
-542
-839
-1664
-2814
-1879
212
527
-398
-1054
-1129
-1093
-286
787
527
-93
43
286
101
455
1282
855
69
365
624
73
-383
-188
-287
-528
-320
-591
-1159
-1456
-1734
-1986
-1908
-1604
-1935
-2292
-2004
-2136
-2566
-2391
-1653
-1178
-778
197
286
-581
-418
1090
2509
3254
3964
3618
2315
2647
4974
6453
5724
4685
3807
3117
3955
5743
5823
3592
1688
1072
1234
2368
3210
1737
-1169
-2419
-1743
-1109
-886
-920
-2075
-3739
-3902
-2774
-2166
-2425
-2896
-3382
-3226
-2206
-1638
-2072
-2363
-2080
-1765
-1287
-613
-213
-535
-812
-327
255
734
834
829
829
707
1015
1191
1162
1122
936
692
595
975
1166
657
239
232
0
-242
-223
-83
-434
-987
-711
-635
-841
-1052
-1316
-1424
-1540
-796
-288
-1017
-1711
-1665
-1132
-755
-89
379
-474
-1223
-669
95
230
456
723
82
-332
486
1008
417
-84
271
439
303
769
961
240
-606
-716
-119
532
821
80
-1227
-1603
-1071
-622
-360
-217
-835
-1705
-1557
-829
-612
-756
-889
-1072
-829
101
621
-59
-535
327
1416
2055
2666
2426
1024
693
2458
4309
4359
3195
1997
1206
1743
3401
4372
3393
1522
453
262
1187
2538
2453
696
-1278
-1831
-802
396
386
-834
-2195
-2706
-2296
-1433
-748
-1047
-2355
-3273
-2525
-1189
-850
-1379
-1837
-1950
-1605
-591
81
-76
-626
-709
44
786
1071
428
-269
161
1114
1717
1372
478
-252
-107
1052
1881
1333
-8
-824
-762
-167
443
481
-257
-1444
-1735
-1002
-482
-625
-1328
-1693
-1591
-1466
-1286
-1001
-917
-1399
-1359
-625
-181
-314
-382
-118
-193
-20
426
584
503
496
711
774
965
1025
743
676
861
872
428
2
8
320
575
476
8
-537
-727
-504
-186
-87
-296
-960
-1788
-1775
-723
164
-132
-1069
-1444
-1044
-418
86
156
-248
-623
-525
172
981
1045
456
172
592
1350
2042
2263
1565
492
527
1795
2656
2251
1406
857
559
776
1585
2039
1473
431
-229
-68
667
989
426
-514
-747
-295
-223
-304
-357
-550
-830
-920
-443
-69
-321
-893
-1126
-738
-183
-5
-116
-117
-88
-57
-277
-268
308
412
110
58
119
-126
-469
-32
711
581
10
-427
-729
-702
-258
507
385
-721
-1576
-1659
-687
132
12
-500
-1082
-1495
-1460
-513
409
80
-914
-1274
-768
-173
158
148
-151
-516
-666
-267
484
790
209
-487
-557
-299
56
523
707
328
-257
-619
-586
-229
217
477
245
-126
-448
-773
-576
52
507
259
-175
-123
-185
-253
113
520
364
-42
206
742
754
380
180
221
385
710
930
874
387
-250
-279
216
773
774
64
-389
-342
20
343
294
237
-116
-302
71
337
398
289
156
-5
274
742
559
106
-14
409
548
459
523
271
-30
78
594
677
342
225
87
58
439
650
182
-150
67
186
131
224
172
-347
-576
15
484
142
-285
-383
-497
-546
-185
195
-69
-549
-658
-475
-287
-152
-211
-376
-237
-351
-670
-646
-218
26
-352
-369
-252
-484
-570
-243
268
190
-294
-737
-837
-356
275
345
-280
-750
-812
-745
-285
399
356
-559
-1221
-1102
-568
70
417
-29
-877
-1001
-512
-64
302
401
93
-465
-487
43
312
410
343
175
132
318
598
415
261
506
519
218
180
572
508
167
404
556
294
58
137
349
395
450
210
-170
-185
-48
165
279
304
109
-301
-246
127
274
87
-13
73
-95
-117
204
263
37
17
133
39
16
333
466
189
121
225
93
107
464
646
380
99
157
265
306
473
521
241
-27
-2
265
521
416
-42
-323
-68
237
185
187
202
-288
-650
-140
313
73
-183
-314
-468
-411
-79
-7
-376
-550
-468
-370
-205
-58
-226
-731
-847
-413
-72
-57
-235
-501
-799
-695
-204
99
83
-256
-592
-735
-521
120
330
-72
-413
-437
-364
-336
-62
232
69
-301
-471
-311
-57
54
12
-52
8
-12
-255
-309
52
345
241
-17
-92
-90
-74
165
421
440
127
-200
-132
275
681
578
262
74
-75
49
489
873
640
71
-165
-116
212
574
651
366
-95
-241
-166
129
509
424
53
-185
-175
-70
77
281
322
101
-152
-162
18
212
250
136
88
65
12
62
208
279
195
73
67
190
216
177
216
155
57
83
184
188
203
263
42
-102
56
117
34
32
121
3
-218
-178
-90
-124
-54
-11
-170
-288
-269
-220
-195
-172
-183
-299
-339
-194
-116
-184
-245
-302
-370
-298
-77
50
-112
-419
-527
-329
-37
57
-79
-265
-395
-439
-248
112
145
-177
-491
-461
-190
-29
113
0
-307
-437
-338
29
225
188
-5
-313
-269
-10
274
335
153
15
-151
19
378
549
376
22
4
50
226
467
501
278
-129
-116
162
383
416
213
18
-84
-19
99
216
283
108
-157
-120
140
198
136
160
92
-97
-67
175
256
194
179
96
-77
-52
173
278
214
149
69
-24
29
166
153
57
63
65
13
64
120
-38
-212
-93
176
217
55
-90
-224
-249
-63
204
291
61
-256
-398
-234
81
194
129
-46
-271
-333
-140
192
290
97
-164
-320
-232
-52
88
142
-25
-299
-403
-290
-87
-5
-51
-155
-322
-351
-295
-193
-42
-68
-225
-346
-312
-268
-188
27
36
-141
-264
-229
-116
-15
163
160
-65
-180
-143
-24
131
239
164
-4
-82
-58
94
271
319
167
-16
-12
52
147
257
235
105
-6
34
100
139
196
157
56
11
63
79
71
80
82
99
71
84
59
37
118
132
107
116
139
51
8
119
148
44
-13
55
30
-27
34
74
27
-15
37
12
-39
24
50
19
34
79
-24
-127
5
103
67
-7
-8
-37
-120
-11
93
82
11
-65
-72
-88
-30
-4
-37
37
55
-62
-151
-83
15
-9
-46
-31
-82
-212
-230
-101
4
-40
-188
-244
-166
-103
-134
-122
-26
-59
-157
-149
-85
-42
-78
-80
-15
17
18
-29
-41
8
38
47
92
148
63
-57
-26
70
104
138
175
98
-50
-99
37
138
124
98
32
-63
-135
-66
79
128
32
-101
-95
-33
10
76
120
44
-85
-82
36
114
100
57
-18
-36
31
77
93
82
74
28
-22
46
102
57
23
67
90
26
-15
15
6
20
90
73
-26
-114
-85
25
114
136
48
-53
-110
-80
61
167
133
-24
-122
-88
-34
62
135
88
-24
-69
-15
12
51
96
24
-86
-85
4
12
-32
-12
-48
-135
-85
10
-14
-66
-70
-99
-162
-127
-6
18
-70
-124
-119
-103
-73
-15
54
32
-59
-87
-34
15
10
38
52
5
-20
0
43
42
40
43
2
17
54
37
28
42
29
-1
-1
29
41
22
16
8
-18
-26
-17
7
42
36
-22
-51
-46
-51
-14
49
43
-44
-98
-56
-25
16
68
51
-23
-93
-50
38
82
89
28
-31
-64
-33
64
118
106
21
-35
-8
37
105
125
69
5
-8
27
53
72
57
-20
-72
-27
39
54
41
-2
-71
-82
2
78
64
19
-7
-87
-110
12
79
57
11
-24
-38
-54
-3
58
46
0
0
0
0
0
0
0
0
0
0
0
0
0
0
0
0
0
0
0
0
0
0
0
0
0
0
0
0
0
0
0
0
0
0
0
0
0
0
0
0
0
0
0
0
0
0
0
0
0
0
0
0
0
0
0
0
0
0
0
0
0
0
0
0
0
0
0
0
0
0
0
0
0
0
0
0
0
0
0
0
0
0
0
0
0
0
0
0
0
0
0
0
0
0
0
0
0
0
0
0
0
0
0
0
0
0
0
0
0
0
0
0
0
0
0
0
0
0
0
0
0
0
0
0
0
0
0
0
0
0
0
0
0
0
0
0
0
0
0
0
0
0
0
0
0
0
0
0
0
0
0
0
0
0
0
0
0
0
0
0
0
0
0
0
0
0
0
0
0
0
0
0
0
0
0
0
0
0
0
0
0
0
0
0
0
0
0
0
0
0
0
0
0
0
0
0
0
0
0
0
0
0
0
0
0
0
0
0
0
0
0
0
0
0
0
0
0
0
0
0
0
0
0
0
0
0
0
0
0
0
0
0
0
0
0
0
0
0
0
0
0
0
0
0
0
0
0
0
0
0
0
0
0
0
0
0
0
0
0
0
0
0
0
0
0
0
0
0
0
0
0
0
0
0
0
0
0
0
0
0
0
0
0
0
0
0
0
0
0
0
0
0
0
0
0
0
0
0
0
0
0
0
0
0
0
0
0
0
0
0
0
0
0
0
0
0
0
0
0
0
0
0
0
0
0
0
0
0
0
0
0
0
0
0
0
0
0
0
0
0
0
0
0
0
0
0
0
0
0
0
0
0
0
0
0
0
0
0
0
0
0
0
0
0
0
0
0
0
0
0
0
0
0
0
0
0
0
0
0
0
0
0
0
0
0
0
0
0
0
0
0
0
0
0
0
0
0
0
0
0
