0
0
0
0
0
0
0
0
0
0
0
0
0
0
0
0
0
0
0
0
0
0
0
0
0
0
0
0
0
0
0
0
0
0
0
0
0
0
0
0
0
0
0
0
0
0
0
0
0
0
0
0
0
0
0
0
0
0
0
0
0
0
0
0
0
0
0
0
0
0
0
0
0
0
0
0
0
0
0
0
0
0
0
0
0
0
0
0
0
0
0
0
0
0
0
0
0
0
0
0
0
0
0
0
0
0
0
0
0
0
0
0
0
0
0
0
0
0
0
0
0
0
0
0
0
0
0
0
0
0
0
0
0
0
0
0
0
0
0
0
0
0
0
0
0
0
0
0
0
0
0
0
0
0
0
0
0
0
0
0
0
0
0
0
0
0
0
0
0
0
0
0
0
0
0
0
0
0
0
0
0
0
0
0
0
0
0
0
0
0
0
0
0
0
0
0
0
0
0
0
0
0
0
0
0
0
0
0
0
0
0
0
0
0
0
0
0
0
0
0
0
0
0
0
0
0
0
0
0
0
0
0
0
0
0
0
0
0
0
0
0
0
0
0
0
0
0
0
0
0
0
0
0
0
0
0
0
0
0
0
0
0
0
0
0
0
0
0
0
0
0
0
0
0
0
0
0
0
0
0
0
0
0
0
0
0
0
0
0
0
0
0
0
0
0
0
0
0
0
0
0
0
0
0
0
0
0
0
0
0
0
0
0
0
0
0
0
0
0
0
0
0
0
0
0
0
0
0
0
0
0
0
0
0
0
0
0
0
0
0
0
0
0
0
0
0
0
0
0
0
0
0
0
0
0
0
0
0
0
0
0
0
0
0
0
0
0
0
0
0
0
0
0
0
0
0
0
0
0
0
0
0
0
0
0
0
0
0
0
0
0
0
0
0
0
0
162
198
231
231
255
248
234
269
267
266
282
268
242
234
237
218
209
207
191
158
132
135
107
86
93
71
29
-17
-42
-67
-93
-91
-109
-140
-164
-166
-171
-191
-184
-189
-191
-195
-205
-182
-192
-199
-194
-206
-211
-217
-209
-224
-233
-211
-210
-216
-222
-214
-222
-247
-250
-260
-264
-272
-284
-313
-337
-316
-322
-330
-315
-330
-325
-309
-308
-290
-254
-244
-234
-194
-171
-148
-115
-97
-59
-31
-7
61
92
113
192
255
316
393
474
551
617
688
746
817
895
949
983
1029
1079
1093
1110
1106
1093
1089
1064
1023
957
899
851
780
697
607
513
413
306
201
100
5
-67
-160
-257
-342
-419
-483
-555
-604
-644
-678
-723
-783
-785
-786
-806
-819
-834
-825
-845
-843
-828
-853
-836
-811
-803
-782
-730
-700
-683
-644
-632
-604
-588
-598
-602
-621
-618
-623
-636
-656
-676
-675
-671
-681
-707
-712
-705
-703
-697
-699
-682
-644
-630
-611
-555
-498
-426
-346
-293
-197
-84
12
149
313
499
680
831
1012
1203
1392
1560
1719
1899
2080
2277
2438
2576
2722
2814
2892
2933
2921
2875
2769
2641
2455
2248
2040
1772
1484
1194
901
604
259
-73
-371
-685
-988
-1270
-1549
-1821
-2048
-2249
-2425
-2536
-2635
-2715
-2754
-2770
-2705
-2608
-2502
-2333
-2162
-1966
-1720
-1479
-1208
-907
-603
-307
-27
269
531
784
1021
1205
1378
1495
1593
1610
1588
1563
1462
1360
1206
1017
827
619
413
202
26
-202
-433
-634
-856
-1049
-1244
-1409
-1547
-1677
-1768
-1838
-1900
-1917
-1887
-1833
-1760
-1658
-1526
-1389
-1238
-1047
-868
-693
-495
-320
-172
-21
119
243
350
445
526
585
630
676
719
769
821
848
886
939
956
981
1055
1147
1261
1406
1566
1741
1919
2107
2285
2442
2610
2735
2798
2820
2770
2694
2587
2401
2183
1928
1615
1306
991
668
374
47
-283
-590
-869
-1118
-1388
-1614
-1820
-2006
-2156
-2305
-2402
-2485
-2516
-2511
-2507
-2436
-2342
-2244
-2098
-1920
-1734
-1509
-1269
-1038
-809
-572
-358
-166
35
180
334
471
559
695
793
875
956
1002
1057
1107
1122
1110
1103
1087
1062
1009
901
791
663
520
334
105
-82
-305
-526
-731
-946
-1114
-1264
-1372
-1449
-1511
-1551
-1569
-1537
-1479
-1386
-1268
-1146
-1000
-830
-655
-481
-314
-178
-67
32
104
155
200
226
231
240
232
206
182
143
101
79
49
5
-29
-61
-88
-77
-65
-62
-9
65
142
272
433
618
864
1107
1388
1698
1973
2258
2482
2672
2864
2986
3036
3021
2976
2856
2686
2482
2187
1888
1541
1159
801
404
50
-299
-674
-993
-1298
-1554
-1767
-1971
-2109
-2231
-2305
-2318
-2355
-2355
-2320
-2281
-2182
-2094
-1976
-1842
-1740
-1562
-1380
-1229
-1053
-878
-701
-509
-306
-85
125
286
447
594
676
742
817
873
940
999
1028
1094
1157
1192
1228
1259
1282
1231
1165
1111
974
810
622
376
145
-81
-338
-587
-814
-998
-1136
-1250
-1330
-1396
-1443
-1447
-1425
-1383
-1316
-1253
-1201
-1132
-1041
-948
-855
-740
-636
-549
-444
-351
-267
-206
-146
-96
-83
-87
-123
-172
-229
-292
-358
-434
-494
-544
-580
-573
-531
-464
-351
-238
-125
85
311
525
806
1116
1475
1854
2206
2576
2909
3196
3450
3619
3699
3700
3608
3452
3227
2913
2564
2165
1693
1243
814
371
-39
-433
-828
-1160
-1435
-1672
-1889
-2072
-2189
-2288
-2360
-2413
-2430
-2410
-2366
-2266
-2143
-2001
-1836
-1649
-1430
-1198
-946
-689
-449
-213
20
224
405
540
641
707
721
732
698
647
573
489
439
372
322
284
277
307
345
424
511
588
678
753
765
767
707
587
464
263
64
-149
-375
-552
-720
-818
-896
-966
-989
-1020
-1004
-973
-958
-924
-897
-855
-815
-763
-700
-640
-572
-531
-478
-404
-365
-344
-307
-288
-292
-296
-353
-437
-495
-580
-692
-786
-861
-953
-1015
-1058
-1089
-1073
-1061
-997
-903
-793
-623
-458
-259
-21
271
649
1059
1512
2017
2533
3023
3485
3901
4261
4560
4724
4731
4644
4468
4153
3729
3232
2663
2048
1426
803
215
-304
-787
-1217
-1562
-1848
-2076
-2238
-2364
-2469
-2555
-2616
-2644
-2659
-2616
-2532
-2442
-2281
-2104
-1900
-1640
-1369
-1082
-780
-497
-218
88
340
538
694
785
842
830
765
656
526
394
250
127
-5
-115
-167
-178
-181
-175
-116
-52
-3
51
112
181
253
323
380
405
430
461
449
417
363
262
168
59
-91
-223
-358
-494
-576
-652
-727
-748
-752
-785
-803
-762
-700
-664
-632
-560
-487
-441
-387
-355
-335
-317
-312
-330
-381
-411
-441
-508
-579
-645
-719
-796
-872
-960
-1045
-1124
-1179
-1195
-1185
-1147
-1065
-927
-791
-631
-376
-87
268
685
1117
1643
2230
2791
3344
3897
4442
4898
5181
5322
5346
5208
4889
4416
3824
3133
2363
1567
803
58
-640
-1226
-1705
-2122
-2459
-2651
-2767
-2847
-2853
-2855
-2811
-2736
-2684
-2574
-2451
-2326
-2157
-1948
-1678
-1364
-1026
-685
-329
30
350
618
822
969
1038
1014
915
755
547
319
71
-169
-389
-584
-714
-807
-842
-833
-820
-727
-604
-469
-275
-91
92
290
470
683
900
1056
1180
1263
1325
1360
1325
1175
923
673
406
73
-288
-597
-882
-1130
-1288
-1441
-1527
-1477
-1427
-1402
-1310
-1148
-982
-833
-679
-516
-388
-285
-153
-57
-29
33
87
37
4
22
-59
-203
-305
-422
-562
-702
-873
-1077
-1282
-1481
-1644
-1749
-1816
-1807
-1731
-1621
-1470
-1238
-876
-441
63
667
1362
2120
2882
3642
4407
5126
5748
6241
6561
6631
6452
6096
5563
4830
3961
2996
1966
952
-46
-986
-1799
-2469
-2977
-3341
-3576
-3713
-3735
-3648
-3509
-3346
-3179
-2922
-2629
-2387
-2114
-1796
-1448
-1086
-700
-302
78
453
813
1101
1292
1411
1466
1432
1285
1051
775
456
97
-258
-601
-944
-1204
-1371
-1487
-1548
-1574
-1526
-1406
-1228
-993
-743
-450
-100
280
663
1006
1303
1549
1755
1881
1888
1830
1681
1407
1048
605
129
-342
-824
-1295
-1720
-2005
-2166
-2293
-2284
-2149
-1957
-1677
-1347
-977
-575
-170
174
444
704
901
1020
1083
1113
1101
995
838
673
487
240
-52
-341
-645
-922
-1164
-1441
-1684
-1870
-2044
-2196
-2308
-2347
-2344
-2288
-2180
-2032
-1742
-1377
-989
-507
59
685
1389
2202
3051
3846
4614
5347
5968
6404
6700
6842
6701
6283
5666
4909
3979
2889
1715
529
-547
-1527
-2425
-3155
-3694
-3995
-4064
-4028
-3882
-3546
-3112
-2666
-2241
-1808
-1335
-915
-553
-254
16
277
471
633
760
875
982
1029
1026
972
840
656
425
68
-352
-742
-1171
-1585
-1948
-2277
-2470
-2514
-2460
-2353
-2137
-1786
-1402
-992
-523
-7
484
953
1406
1753
2041
2298
2452
2545
2553
2443
2241
1926
1538
1086
524
-110
-751
-1342
-1892
-2376
-2736
-2935
-3022
-3005
-2778
-2454
-2070
-1532
-963
-413
169
713
1073
1299
1532
1661
1642
1574
1435
1199
876
484
64
-365
-793
-1165
-1509
-1850
-2051
-2127
-2187
-2217
-2170
-2057
-1944
-1833
-1724
-1566
-1317
-1070
-860
-634
-348
12
468
1004
1603
2339
3169
3952
4623
5245
5837
6263
6540
6675
6542
6064
5297
4339
3137
1832
544
-802
-2031
-3008
-3783
-4339
-4595
-4553
-4306
-3880
-3274
-2612
-1928
-1211
-618
-159
265
591
784
863
920
981
951
926
971
961
928
905
789
575
293
-26
-383
-829
-1333
-1833
-2305
-2703
-2990
-3105
-3023
-2781
-2417
-1972
-1426
-793
-201
328
812
1234
1586
1810
1949
2071
2077
1974
1851
1695
1510
1326
1119
863
583
321
-39
-554
-1016
-1475
-2025
-2462
-2719
-2832
-2827
-2646
-2326
-1944
-1376
-676
-40
518
1104
1626
1916
2048
2147
2106
1838
1507
1087
515
-69
-598
-1139
-1720
-2121
-2341
-2570
-2683
-2578
-2390
-2140
-1784
-1459
-1204
-946
-730
-608
-556
-511
-405
-254
-118
9
172
437
837
1339
2045
2981
3859
4598
5308
5873
6270
6607
6736
6392
5544
4460
3273
1847
304
-1162
-2550
-3720
-4535
-5029
-5158
-4868
-4235
-3426
-2519
-1513
-504
439
1254
1763
1985
2042
1914
1623
1250
894
636
439
268
152
121
146
74
-134
-387
-707
-1114
-1589
-2134
-2642
-3056
-3404
-3614
-3600
-3342
-2857
-2197
-1401
-507
374
1129
1732
2163
2372
2367
2251
2062
1732
1316
953
666
398
194
120
98
51
10
-94
-349
-619
-832
-1138
-1480
-1692
-1823
-1856
-1717
-1520
-1273
-860
-374
44
425
795
1114
1358
1533
1649
1666
1570
1390
1126
786
385
-78
-562
-1050
-1559
-2061
-2469
-2721
-2837
-2812
-2606
-2244
-1767
-1269
-828
-385
17
272
354
249
95
-40
-276
-491
-592
-716
-762
-593
-262
290
1126
2140
3148
4084
5061
5937
6443
6709
6859
6579
5696
4473
3118
1665
205
-1241
-2661
-3796
-4467
-4757
-4712
-4312
-3632
-2757
-1777
-831
37
902
1628
1984
2111
2132
1866
1430
1071
692
248
-100
-308
-451
-605
-729
-792
-940
-1242
-1571
-1866
-2195
-2571
-2886
-3046
-3056
-2912
-2594
-2096
-1411
-588
245
972
1592
2137
2521
2610
2437
2151
1756
1163
504
-25
-466
-836
-965
-824
-576
-279
133
599
950
1149
1161
915
532
71
-618
-1428
-2079
-2545
-2856
-2861
-2513
-1987
-1354
-545
285
951
1552
2110
2388
2375
2265
2006
1441
689
-78
-867
-1622
-2204
-2642
-3014
-3202
-3092
-2758
-2302
-1747
-1150
-565
-8
405
600
640
508
154
-273
-648
-958
-1062
-918
-804
-763
-470
80
694
1513
2656
3887
4983
5895
6568
6997
7294
7373
6873
5714
4189
2520
838
-803
-2491
-4097
-5211
-5686
-5717
-5376
-4593
-3454
-2152
-854
335
1404
2321
2908
3080
2960
2610
2049
1371
633
-96
-653
-1055
-1435
-1745
-1892
-1947
-2009
-2073
-2134
-2272
-2435
-2450
-2343
-2238
-2054
-1679
-1189
-686
-103
634
1381
1927
2295
2604
2774
2637
2194
1489
546
-444
-1262
-1896
-2342
-2446
-2172
-1660
-951
-44
912
1732
2346
2701
2666
2146
1248
232
-815
-1965
-3074
-3815
-4079
-3960
-3493
-2674
-1579
-324
895
1845
2495
2997
3323
3282
2904
2369
1665
753
-203
-1128
-2055
-2782
-3172
-3434
-3601
-3413
-2901
-2286
-1533
-671
55
600
1042
1266
1210
974
564
-53
-762
-1395
-1765
-1769
-1600
-1483
-1267
-714
82
987
2130
3557
4976
6125
6993
7596
7941
8059
7776
6758
4991
2908
863
-1097
-2943
-4604
-5948
-6672
-6619
-5983
-5004
-3735
-2127
-441
940
2094
3118
3769
3926
3639
3040
2303
1442
517
-387
-1235
-1896
-2322
-2571
-2685
-2720
-2677
-2559
-2441
-2374
-2348
-2226
-1931
-1612
-1276
-862
-348
298
933
1471
1994
2460
2640
2580
2373
1918
1271
393
-548
-1451
-2311
-2832
-3030
-2880
-2389
-1642
-519
737
1934
2879
3484
3874
3816
3242
2172
825
-497
-1858
-3148
-4201
-4754
-4736
-4363
-3614
-2489
-1143
260
1595
2704
3440
3819
3988
3743
3012
2112
1130
73
-1146
-2263
-3089
-3758
-4082
-4058
-3774
-3331
-2681
-1745
-844
-101
632
1325
1731
1752
1530
1110
462
-303
-1056
-1814
-2452
-2699
-2547
-2251
-1875
-1233
-328
680
1807
3127
4493
5723
6758
7478
7755
7721
7574
7092
5890
4066
2127
312
-1466
-3162
-4594
-5608
-6066
-5870
-5187
-4193
-2837
-1153
446
1673
2741
3663
4208
4171
3614
2781
1825
826
-327
-1363
-2282
-3103
-3528
-3750
-3754
-3543
-3172
-2739
-2325
-1868
-1419
-797
-239
81
369
713
1177
1577
1740
1752
1755
1759
1622
1219
701
124
-542
-1274
-2121
-2843
-3369
-3529
-3184
-2445
-1281
103
1625
3120
4308
5120
5490
5354
4518
2908
805
-1373
-3327
-5020
-6463
-7378
-7333
-6334
-4810
-3001
-862
1442
3430
4819
5597
5757
5328
4446
3128
1408
-295
-1649
-2848
-3966
-4598
-4582
-4249
-3708
-2854
-1855
-909
-31
710
1224
1494
1594
1556
1317
891
321
-317
-830
-1324
-1934
-2345
-2407
-2271
-1973
-1588
-1160
-614
11
731
1671
2879
4216
5420
6448
7361
7992
8164
7972
7414
6191
4199
1907
-226
-2269
-4224
-5871
-6876
-7099
-6674
-5577
-4034
-2149
-35
1868
3358
4415
5211
5484
4889
3759
2457
1073
-381
-1754
-2905
-3786
-4336
-4551
-4483
-4145
-3569
-2900
-2220
-1564
-1010
-549
-102
340
729
1061
1404
1762
1957
1919
1794
1633
1416
1004
280
-522
-1278
-2105
-2920
-3620
-4077
-4052
-3565
-2649
-1223
555
2416
4136
5502
6342
6515
6042
5002
3335
1050
-1554
-3950
-5760
-7007
-7722
-7679
-6623
-4759
-2639
-410
1912
3968
5507
6329
6264
5540
4372
2817
980
-935
-2510
-3651
-4588
-5111
-4973
-4412
-3690
-2753
-1561
-481
313
1083
1684
1877
1852
1632
1210
734
96
-722
-1439
-1918
-2254
-2513
-2581
-2319
-1774
-1141
-575
-63
459
960
1546
2431
3586
4725
5682
6497
7212
7732
7891
7633
6784
5075
2665
227
-1859
-3799
-5679
-7101
-7671
-7408
-6288
-4495
-2343
47
2286
4159
5510
6335
6642
5990
4582
2951
1218
-584
-2298
-3699
-4688
-5228
-5313
-4897
-4185
-3463
-2655
-1779
-1033
-387
227
668
910
1096
1275
1392
1445
1465
1436
1314
1091
760
261
-442
-1369
-2211
-2790
-3368
-3754
-3786
-3547
-3042
-2223
-842
858
2590
4290
5598
6477
6836
6477
5540
3995
1872
-698
-3376
-5615
-7174
-8017
-8138
-7467
-5910
-3645
-1090
1479
3821
5582
6647
6871
6108
4710
3022
1042
-1029
-2864
-4272
-5191
-5655
-5518
-4728
-3657
-2523
-1277
-59
918
1639
2176
2408
2209
1725
1160
565
-22
-542
-1000
-1433
-1777
-1962
-2068
-1960
-1537
-1122
-936
-858
-573
-96
298
732
1667
3060
4452
5801
6942
7810
8425
8517
8055
6844
4809
2144
-736
-3238
-5445
-7237
-8090
-8031
-7137
-5400
-3153
-661
1925
4254
5937
6834
7130
6649
5198
3336
1352
-679
-2436
-3871
-4812
-5212
-5187
-4754
-4055
-3097
-2208
-1659
-1187
-717
-267
19
225
576
910
1277
1673
1925
1975
1751
1341
711
-132
-1044
-2085
-3077
-3737
-4135
-4196
-3886
-3333
-2398
-1180
156
1762
3480
5001
6065
6406
6220
5726
4748
3249
1311
-989
-3304
-5315
-6816
-7462
-7246
-6453
-5070
-3089
-874
1365
3480
5052
5872
5933
5303
4064
2444
681
-1104
-2698
-3976
-4614
-4689
-4565
-4099
-3251
-2150
-1143
-318
554
1275
1611
1721
1619
1278
1020
702
281
-96
-614
-1127
-1488
-1676
-1785
-1859
-1815
-1671
-1374
-968
-556
-143
279
671
1145
1951
3158
4601
5912
6815
7404
7704
7565
7049
5977
3943
1279
-1282
-3461
-5230
-6539
-7259
-7086
-5921
-4086
-1854
588
2889
4756
5993
6480
6301
5481
3997
2103
94
-1752
-3153
-4159
-4805
-4914
-4646
-4181
-3425
-2546
-1801
-1190
-758
-435
-35
297
505
808
1189
1529
1783
1848
1704
1316
603
-259
-1151
-2168
-3148
-3803
-4047
-3879
-3415
-2721
-1768
-750
257
1420
2596
3596
4434
4883
4844
4537
3885
2793
1475
-56
-1800
-3521
-4992
-5922
-6167
-5860
-4999
-3547
-1696
318
2259
3915
5099
5595
5307
4326
2858
1185
-455
-1971
-3205
-3924
-4065
-3811
-3354
-2627
-1682
-860
-241
275
610
787
847
710
633
651
555
419
282
82
-278
-690
-1149
-1669
-2094
-2530
-2707
-2386
-1805
-1238
-842
-353
432
1315
2247
3456
4878
6077
6769
7084
7209
7181
6954
6147
4329
1658
-1145
-3482
-5246
-6486
-7068
-6829
-5771
-4036
-1902
537
3011
5069
6462
6959
6744
5833
4202
2204
27
-1931
-3432
-4538
-5096
-5110
-4809
-4228
-3360
-2387
-1402
-671
-319
-42
233
529
935
1332
1726
2104
2256
2159
1807
1026
-110
-1381
-2606
-3566
-4208
-4553
-4423
-3749
-2714
-1519
-379
595
1480
2147
2453
2711
3143
3491
3575
3398
2905
2235
1640
919
-310
-1983
-3762
-5172
-5764
-5709
-5353
-4373
-2597
-531
1462
3253
4599
5338
5367
4581
3108
1345
-361
-1906
-3165
-3852
-3929
-3647
-3101
-2314
-1550
-1028
-645
-253
70
239
351
489
648
794
864
888
879
656
188
-425
-1135
-1777
-2275
-2605
-2556
-2131
-1465
-731
-276
-3
420
848
1209
1894
3139
4689
6116
7117
7625
7893
7999
7378
5613
2872
-308
-3166
-5385
-7002
-7795
-7653
-6562
-4589
-2161
482
3160
5370
6741
7129
6701
5817
4403
2417
273
-1809
-3545
-4475
-4749
-4714
-4391
-3863
-3189
-2390
-1636
-1006
-673
-586
-236
381
956
1607
2303
2795
2921
2607
2023
1154
-224
-1848
-3304
-4476
-5229
-5407
-5002
-4048
-2661
-1020
666
2008
2701
2943
2914
2625
2421
2423
2352
2220
2018
1654
1319
914
130
-1041
-2515
-3930
-4820
-5132
-4849
-3966
-2711
-1135
618
2171
3455
4319
4394
3789
2738
1320
-49
-1125
-2048
-2593
-2657
-2537
-2210
-1756
-1493
-1246
-986
-889
-680
-378
-235
70
601
987
1246
1398
1148
559
-61
-772
-1592
-2161
-2412
-2555
-2499
-2188
-1712
-926
19
481
319
62
133
717
1893
3470
5171
6733
7828
8370
8616
8510
7472
5152
1821
-1771
-4655
-6485
-7657
-8258
-7851
-6214
-3759
-1067
1781
4567
6565
7473
7395
6587
5383
3614
1329
-780
-2538
-3885
-4470
-4627
-4646
-4278
-3766
-3270
-2497
-1755
-1399
-1188
-904
-277
748
1734
2567
3285
3603
3374
2660
1500
-50
-1860
-3530
-4782
-5669
-5902
-5280
-4184
-2691
-807
1013
2494
3278
3093
2497
1971
1649
1706
1972
2289
2637
2747
2572
2211
1551
402
-1384
-3526
-5373
-6398
-6356
-5526
-4193
-2375
-258
1953
3752
4873
5304
4749
3443
1685
-205
-1614
-2564
-3167
-3317
-2952
-2146
-1383
-962
-757
-653
-841
-1221
-1210
-901
-539
135
931
1514
1915
1922
1385
639
-161
-1134
-2135
-2822
-3227
-3495
-3322
-2599
-1523
-161
1011
1526
1701
1797
1819
2081
2739
3593
4546
5544
6338
6762
6837
6540
5703
4032
1468
-1320
-3605
-5317
-6472
-6880
-6354
-4800
-2547
-71
2435
4750
6422
7082
6706
5611
4078
2182
100
-1857
-3273
-4099
-4508
-4464
-4113
-3462
-2700
-2068
-1571
-1289
-1113
-1034
-836
-224
626
1485
2243
2838
3007
2565
1662
431
-1140
-2798
-4105
-4912
-5250
-5002
-4095
-2765
-1125
623
2052
2892
2968
2312
1418
890
758
1116
1927
2514
2876
3041
2716
2157
1288
-123
-2050
-4287
-5880
-6277
-5752
-4385
-2624
-823
1191
2984
4295
5071
4850
3824
2332
519
-1125
-2242
-2873
-3110
-2825
-2171
-1525
-1124
-1114
-1174
-1275
-1589
-1661
-1348
-902
-284
462
1109
1772
2299
2161
1472
532
-604
-1872
-3095
-3722
-3854
-3726
-3001
-1911
-479
1095
1954
2144
1911
1348
1152
1760
2898
4405
5842
6705
7286
7721
7922
7412
5517
2475
-1223
-4589
-6781
-8035
-8277
-7390
-5579
-2931
133
3089
5707
7518
7888
6959
5323
3504
1747
-77
-1882
-3321
-3971
-3988
-3765
-3219
-2760
-2686
-2776
-2818
-2576
-2218
-1791
-1127
-92
1348
2684
3626
4178
4122
3272
1850
147
-1703
-3497
-5039
-5910
-5984
-5202
-3709
-2106
-361
1391
2645
3306
3281
2508
1470
535
-73
159
941
1854
2671
3029
3036
2637
1753
431
-1377
-3376
-5149
-6139
-5945
-4990
-3606
-1807
61
1745
3072
3877
4069
3491
2428
1135
-186
-1007
-1462
-1718
-1572
-1349
-1169
-1064
-1325
-1797
-2166
-2381
-2513
-2216
-1347
-315
656
1499
2218
2467
2328
1856
708
-523
-1685
-2775
-3352
-3442
-3383
-3105
-2230
-1012
315
1325
1769
1932
1872
1658
1514
2048
3194
4422
5632
6633
7289
7469
7036
5942
4081
1417
-1654
-4377
-6124
-6753
-6566
-5665
-3960
-1643
914
3295
5044
6002
6059
5205
3956
2579
1046
-490
-1826
-2759
-3132
-3119
-3098
-3153
-3251
-3234
-3276
-3334
-2847
-2158
-1409
-389
648
1802
2818
3292
3354
2932
1968
679
-855
-2382
-3547
-4252
-4364
-3943
-3142
-1976
-701
514
1495
1922
1815
1416
825
134
-132
331
1463
3087
4277
4578
4166
2960
1422
-121
-1893
-3791
-5630
-6836
-6715
-5425
-3407
-1188
725
2324
3362
3765
3841
3460
2645
1464
142
-821
-1352
-1525
-1607
-1750
-1706
-1481
-1545
-1975
-2405
-2626
-2471
-2030
-1133
120
1101
1795
2079
1902
1678
1275
273
-1027
-2128
-2930
-3318
-3400
-3250
-2806
-2148
-1226
-101
966
1737
2044
1950
1666
1539
2003
3200
4936
6522
7270
7431
7261
6576
5574
4118
1759
-1157
-3897
-5737
-6231
-5770
-4778
-3199
-1205
886
2756
4063
4855
5024
4296
3089
2086
1254
391
-429
-1376
-2173
-2583
-2976
-3228
-3313
-3425
-3520
-3596
-3299
-2482
-1445
-292
806
1838
2801
3257
3166
2645
1695
519
-867
-2265
-3313
-3921
-4052
-3750
-3035
-2041
-1128
-229
542
959
1325
1283
861
529
240
501
1322
2401
3484
3942
3741
2861
1530
242
-1077
-2394
-3703
-4984
-5552
-4897
-3514
-2087
-628
749
1763
2555
3017
2878
2505
2147
1414
483
-148
-615
-1040
-1466
-1868
-2025
-2143
-2413
-2646
-2668
-2302
-1613
-812
108
916
1431
1674
1471
1277
1170
554
-366
-1289
-2086
-2728
-3080
-3019
-2782
-2404
-1898
-1192
-256
763
1403
1451
1453
1467
1732
2689
4091
5817
7227
7601
7408
7048
6327
5056
2976
196
-2621
-4803
-5806
-5814
-5088
-3643
-2051
-293
1516
2939
4024
4364
3907
3009
2172
1588
905
293
-367
-1220
-1835
-2349
-2903
-3284
-3666
-4007
-3910
-3465
-2692
-1583
-419
755
1730
2624
3269
3188
2622
1685
626
-504
-1624
-2502
-3130
-3291
-3287
-3056
-2436
-1735
-989
-340
62
439
823
743
508
369
451
1212
2142
3098
3872
3874
3284
2078
690
-505
-1785
-3080
-4402
-5239
-5082
-4248
-3051
-1756
-285
1182
2109
2737
3213
3212
2948
2472
1558
573
-207
-852
-1460
-2034
-2301
-2343
-2539
-2737
-2641
-2300
-1818
-1134
-234
633
1223
1516
1572
1500
1345
936
130
-901
-1857
-2558
-2947
-3073
-3014
-2816
-2450
-1812
-888
160
1071
1610
1782
1885
2166
2926
4179
5615
6906
7548
7530
7049
6193
5065
3325
970
-1551
-3728
-4948
-5166
-4672
-3631
-2347
-920
499
1674
2666
3172
3067
2591
1976
1573
1280
846
201
-534
-1285
-2144
-2869
-3336
-3758
-4044
-3934
-3564
-2793
-1500
-282
749
1588
2167
2643
2637
2203
1601
657
-335
-1102
-1698
-2224
-2672
-2779
-2616
-2398
-1991
-1372
-822
-435
-108
216
540
688
804
1241
1918
2749
3560
3886
3649
3012
1892
513
-738
-2027
-3281
-4246
-4893
-4813
-4059
-2965
-1634
-356
828
1754
2453
2810
2636
2447
2014
1212
503
-103
-772
-1375
-1825
-2323
-2582
-2693
-2773
-2625
-2402
-1868
-972
-91
573
1147
1546
1536
1372
1125
624
-172
-1051
-1658
-2018
-2286
-2341
-2275
-2184
-1833
-1253
-482
374
878
1079
1212
1325
2012
3601
5546
7280
8256
8274
7607
6596
5437
3834
1685
-818
-3228
-4839
-5363
-4882
-3900
-2768
-1550
-482
495
1435
2253
2655
2495
2213
1971
1809
1659
1350
702
-366
-1379
-2402
-3422
-4051
-4395
-4489
-4247
-3306
-1923
-768
347
1260
1688
1851
1762
1516
1198
590
-116
-490
-802
-1156
-1361
-1615
-1944
-2287
-2452
-2416
-2197
-1674
-1077
-511
66
652
1202
1846
2712
3484
3962
4171
4017
3378
2331
1019
-220
-1311
-2490
-3633
-4308
-4336
-4078
-3458
-2419
-1211
-115
766
1673
2169
2347
2468
2187
1691
1237
650
-175
-820
-1311
-1875
-2444
-2867
-2927
-2977
-2882
-2318
-1546
-735
-8
667
1005
970
981
829
400
-45
-305
-568
-1153
-1704
-2032
-2285
-2362
-2194
-1729
-982
-259
203
497
691
1143
2278
3813
5506
7114
8030
8145
7733
6914
5751
4255
2249
-100
-2299
-3868
-4491
-4455
-3921
-3090
-2333
-1584
-760
229
1121
1626
1905
2111
2356
2591
2740
2710
2114
862
-595
-2012
-3239
-4093
-4493
-4452
-4110
-3239
-2069
-1124
-199
485
832
1125
1174
1101
963
626
365
312
197
-142
-483
-862
-1496
-2196
-2602
-2664
-2633
-2466
-1914
-1148
-471
235
1019
1811
2636
3434
4094
4333
4174
3615
2509
1241
11
-1182
-2328
-3266
-3730
-3896
-3724
-3242
-2698
-2076
-1283
-245
687
1487
2243
2633
2595
2277
1964
1422
646
-81
-990
-1812
-2378
-2864
-3147
-3133
-2884
-2350
-1587
-927
-196
599
1003
1153
1272
1175
603
106
-134
-632
-1029
-1368
-1694
-1837
-1969
-1772
-1290
-782
-440
-306
-230
-83
535
1784
3570
5526
6972
7550
7499
7192
6626
5662
4257
2421
234
-1790
-2991
-3280
-3102
-2894
-2728
-2451
-2063
-1598
-984
-444
82
635
1054
1515
1962
2472
2656
2096
1308
178
-1093
-2078
-2947
-3480
-3704
-3453
-2774
-2096
-1275
-573
-132
172
330
386
487
544
452
478
460
378
218
90
-63
-610
-1144
-1676
-2115
-2286
-2316
-1898
-1316
-978
-468
354
1119
1924
2740
3267
3377
3171
2755
2198
1662
818
-40
-679
-1421
-1954
-2322
-2501
-2563
-2587
-2296
-1955
-1347
-595
-48
524
879
1202
1480
1480
1390
1065
665
258
-279
-956
-1640
-2064
-2333
-2513
-2428
-2028
-1545
-1051
-472
-50
201
412
428
208
-39
-233
-445
-683
-821
-810
-804
-804
-704
-549
-408
-271
-176
-145
-76
203
837
1873
3160
4300
4966
5170
5045
4717
4362
4037
3485
2504
1397
615
213
0
-97
-171
-376
-677
-834
-799
-710
-611
-545
-518
-442
-231
18
129
16
-274
-657
-1079
-1384
-1666
-1858
-1978
-2068
-1862
-1556
-1141
-789
-577
-359
-292
-182
-198
-221
-103
-125
-163
-241
-344
-263
-170
-222
-339
-563
-697
-730
-706
-579
-566
-504
-473
-340
36
424
888
1166
1342
1416
1260
1161
929
713
542
288
122
-98
-91
-81
-335
-438
-460
-432
-504
-658
-666
-619
-522
-300
-21
51
-28
-67
-64
-28
-105
-402
-744
-947
-1125
-1301
-1280
-1116
-973
-749
-438
-242
-146
-58
9
-3
-195
-431
-502
-544
-653
-697
-785
-1004
-1182
-1286
-1297
-1090
-836
-761
-788
-739
-515
-64
647
1515
2340
3078
3653
3907
3937
3922
3878
3695
3374
3029
2542
1989
1813
1917
1904
1777
1534
1161
846
707
602
281
-137
-375
-496
-542
-521
-622
-843
-1118
-1452
-1725
-1956
-2287
-2614
-2733
-2643
-2404
-2040
-1694
-1450
-1166
-896
-748
-647
-639
-706
-700
-679
-702
-677
-606
-500
-360
-217
-142
-231
-398
-507
-516
-416
-240
-22
303
750
1201
1506
1704
1886
1854
1710
1575
1154
699
411
164
26
-95
-261
-483
-633
-684
-796
-816
-880
-1074
-1093
-957
-706
-464
-347
-312
-392
-407
-346
-402
-551
-784
-1016
-1090
-1051
-1015
-940
-856
-751
-511
-369
-293
-241
-284
-270
-310
-396
-464
-518
-510
-550
-585
-646
-728
-667
-581
-560
-494
-357
-193
95
562
1187
1902
2419
2764
3045
3181
3304
3356
3325
3186
2868
2628
2367
2160
2153
1992
1792
1591
1330
1258
1114
880
647
331
167
58
-23
-44
-117
-211
-400
-569
-703
-991
-1306
-1542
-1850
-2172
-2366
-2491
-2463
-2312
-2125
-1864
-1692
-1579
-1411
-1330
-1314
-1294
-1318
-1302
-1176
-990
-824
-709
-587
-488
-457
-436
-390
-310
-282
-231
39
402
793
1257
1670
1890
1963
1945
1889
1838
1635
1409
1219
971
748
473
266
41
-256
-371
-525
-682
-709
-749
-731
-699
-660
-650
-650
-520
-518
-600
-618
-789
-937
-1021
-1197
-1278
-1336
-1417
-1423
-1461
-1441
-1317
-1130
-838
-606
-406
-222
-180
-151
-221
-414
-506
-603
-685
-677
-672
-558
-397
-244
-33
97
222
411
639
1041
1470
1812
2120
2305
2498
2767
3107
3483
3536
3381
3166
2837
2704
2668
2603
2494
2190
1867
1612
1391
1181
902
660
425
121
-34
-82
-193
-291
-443
-636
-802
-1043
-1271
-1525
-1805
-2047
-2370
-2540
-2594
-2642
-2511
-2411
-2317
-2152
-2040
-1908
-1810
-1674
-1499
-1358
-1111
-857
-669
-499
-418
-395
-337
-316
-340
-292
-225
-85
204
520
815
1114
1344
1556
1782
1861
1899
1887
1770
1706
1565
1378
1182
877
605
316
34
-218
-492
-635
-747
-805
-769
-793
-757
-720
-769
-772
-766
-786
-821
-926
-1055
-1055
-1079
-1194
-1227
-1281
-1366
-1425
-1427
-1424
-1484
-1352
-1112
-869
-614
-510
-434
-400
-393
-372
-417
-402
-465
-515
-343
-232
-189
-56
116
268
464
697
918
1233
1565
1852
2174
2505
2774
3047
3404
3572
3530
3501
3432
3389
3369
3289
3095
2688
2283
1898
1508
1202
814
454
175
-87
-221
-323
-412
-492
-610
-736
-903
-1085
-1296
-1536
-1728
-1897
-2126
-2338
-2440
-2530
-2574
-2547
-2592
-2635
-2616
-2521
-2306
-2024
-1750
-1542
-1291
-984
-712
-464
-290
-210
-209
-227
-198
-161
-45
150
358
607
827
978
1087
1231
1455
1631
1725
1744
1644
1582
1587
1527
1397
1126
777
494
265
85
-144
-420
-671
-872
-927
-886
-870
-904
-929
-870
-805
-794
-737
-665
-645
-608
-596
-660
-731
-816
-897
-982
-1107
-1262
-1396
-1382
-1294
-1185
-1076
-1007
-911
-806
-672
-553
-506
-493
-433
-290
-165
-41
26
26
101
191
306
452
591
842
1164
1506
1853
2068
2214
2414
2706
3032
3225
3267
3213
3184
3275
3340
3285
3033
2600
2169
1792
1489
1154
767
432
146
-19
-117
-205
-316
-469
-584
-735
-912
-1056
-1204
-1333
-1426
-1526
-1695
-1866
-2004
-2124
-2202
-2314
-2428
-2485
-2478
-2348
-2158
-1917
-1668
-1460
-1215
-968
-755
-606
-506
-378
-253
-97
71
201
356
479
559
607
610
629
680
757
847
943
1011
1066
1122
1102
1068
996
857
714
551
394
179
-14
-151
-336
-459
-581
-775
-926
-1005
-1060
-1096
-1072
-1004
-896
-768
-610
-449
-364
-280
-233
-272
-309
-400
-500
-571
-656
-704
-764
-849
-919
-962
-938
-897
-851
-806
-740
-591
-412
-226
-76
31
124
201
297
354
417
519
601
754
940
1116
1285
1450
1636
1817
2016
2195
2418
2635
2800
2966
3007
3043
3089
3023
2890
2587
2174
1805
1459
1135
814
463
151
-78
-263
-424
-565
-739
-958
-1165
-1304
-1335
-1312
-1319
-1371
-1443
-1531
-1653
-1785
-1930
-2079
-2229
-2323
-2311
-2229
-2075
-1899
-1701
-1523
-1351
-1145
-957
-743
-585
-443
-205
61
376
698
933
1024
1010
978
990
1014
982
930
864
808
808
870
906
866
812
676
507
384
240
144
19
-146
-280
-472
-634
-770
-900
-1018
-1209
-1373
-1452
-1453
-1381
-1301
-1212
-1142
-1043
-863
-677
-543
-485
-442
-386
-334
-261
-246
-302
-401
-500
-552
-613
-643
-642
-630
-576
-504
-378
-196
6
214
389
509
605
678
729
785
811
873
996
1143
1336
1524
1593
1616
1722
1865
2084
2266
2347
2405
2414
2518
2635
2673
2616
2449
2248
1993
1755
1480
1150
851
575
339
74
-189
-425
-703
-956
-1167
-1354
-1489
-1578
-1595
-1585
-1591
-1590
-1626
-1637
-1618
-1626
-1632
-1654
-1674
-1647
-1532
-1381
-1271
-1183
-1113
-1041
-901
-701
-540
-403
-279
-158
44
217
336
431
463
490
488
459
410
334
285
227
133
28
-64
-146
-220
-236
-281
-364
-450
-545
-550
-557
-615
-659
-745
-766
-726
-728
-724
-721
-741
-764
-757
-741
-733
-664
-523
-384
-253
-91
50
210
406
512
589
697
821
985
1154
1289
1268
1130
984
845
797
796
758
669
588
523
488
539
558
505
361
127
-84
-292
-392
-378
-367
-290
-224
-249
-282
-294
-226
-56
151
341
485
622
825
1092
1378
1625
1714
1682
1686
1727
1734
1694
1586
1451
1347
1234
1072
844
550
254
-7
-235
-467
-677
-786
-876
-1013
-1120
-1158
-1199
-1207
-1212
-1334
-1479
-1613
-1665
-1579
-1483
-1416
-1408
-1435
-1405
-1284
-1104
-917
-762
-607
-394
-195
4
156
259
397
490
551
604
617
615
619
657
618
489
377
238
131
105
51
-24
-109
-214
-302
-293
-237
-262
-281
-291
-338
-357
-388
-424
-466
-481
-462
-521
-610
-697
-767
-755
-670
-580
-568
-512
-395
-310
-180
-87
-88
-80
-35
6
4
-39
-122
-221
-290
-301
-298
-353
-426
-448
-374
-216
-26
107
129
127
154
236
384
536
649
765
966
1140
1278
1468
1682
1988
2289
2429
2386
2251
2250
2406
2562
2568
2359
2024
1745
1620
1567
1415
1109
747
436
246
99
-143
-424
-652
-854
-1051
-1251
-1492
-1672
-1747
-1810
-1911
-2049
-2157
-2106
-1870
-1652
-1553
-1579
-1587
-1464
-1253
-1029
-941
-901
-869
-761
-611
-508
-416
-329
-154
33
148
200
241
379
561
683
690
604
558
571
587
580
520
359
192
80
-15
-141
-274
-373
-431
-445
-489
-480
-483
-529
-528
-513
-448
-426
-444
-497
-525
-497
-419
-359
-324
-314
-332
-292
-247
-183
-159
-76
84
208
301
342
369
414
481
539
494
396
312
244
234
228
167
94
83
108
105
78
52
46
72
97
77
27
-30
-71
-53
-23
-73
-183
-250
-226
-140
-15
88
117
138
203
338
561
784
956
1115
1230
1317
1444
1581
1694
1772
1803
1782
1758
1735
1696
1611
1443
1278
1074
857
680
502
354
176
-26
-222
-418
-576
-657
-714
-811
-946
-1115
-1200
-1249
-1291
-1291
-1344
-1394
-1395
-1375
-1349
-1279
-1163
-1062
-945
-846
-803
-748
-628
-473
-356
-303
-312
-333
-308
-245
-204
-236
-305
-383
-417
-412
-440
-495
-561
-561
-525
-499
-456
-419
-359
-331
-293
-239
-237
-215
-198
-220
-214
-197
-213
-238
-287
-317
-310
-306
-307
-329
-289
-204
-85
61
154
229
279
351
457
532
595
609
621
633
611
608
589
577
557
533
537
555
594
576
523
479
430
411
408
378
346
335
283
258
223
152
120
64
41
64
93
140
190
270
364
451
545
650
708
754
851
934
989
1018
973
882
812
765
737
691
581
441
333
266
213
135
35
-76
-169
-218
-241
-274
-311
-339
-351
-348
-354
-371
-418
-505
-541
-552
-615
-666
-684
-704
-694
-673
-689
-733
-761
-735
-699
-670
-629
-609
-572
-505
-453
-400
-366
-375
-386
-417
-466
-485
-508
-532
-549
-571
-574
-546
-481
-424
-368
-303
-282
-258
-197
-110
-40
-25
-37
-68
-121
-157
-168
-191
-197
-199
-237
-245
-222
-198
-137
-63
-9
42
80
110
179
262
322
358
344
322
316
332
357
360
365
344
356
400
428
445
435
424
404
401
448
473
446
432
466
479
489
511
463
434
458
446
425
407
377
367
390
397
382
382
408
449
477
494
470
423
404
404
402
359
316
301
271
235
183
129
68
38
60
13
-31
-24
-25
12
69
84
50
15
-9
-11
-1
-27
-96
-182
-234
-258
-314
-372
-407
-450
-491
-499
-531
-588
-584
-599
-622
-582
-559
-549
-505
-491
-534
-551
-545
-572
-596
-611
-636
-645
-622
-595
-593
-599
-573
-524
-454
-361
-300
-265
-214
-155
-132
-105
-88
-126
-111
-108
-130
-107
-100
-96
-93
-88
-73
-52
-6
39
72
102
131
143
165
181
158
163
203
231
263
274
254
255
265
278
304
334
355
361
363
369
407
453
494
516
517
533
524
535
543
564
599
588
570
512
478
462
421
369
283
235
221
225
227
189
162
155
147
133
115
82
75
92
70
42
9
-29
-35
-33
-52
-68
-61
-59
-40
-33
-46
-16
8
28
34
15
16
5
-1
-46
-111
-136
-162
-197
-212
-231
-278
-293
-290
-308
-345
-362
-346
-334
-301
-276
-289
-310
-331
-332
-316
-305
-322
-356
-387
-403
-415
-434
-444
-464
-474
-430
-393
-382
-347
-324
-302
-241
-184
-147
-110
-72
-27
3
6
1
-4
-5
-1
-2
-6
-5
-1
12
25
24
19
34
67
106
136
133
113
116
140
155
160
155
126
115
150
180
177
179
195
210
226
251
276
305
338
344
341
359
368
388
419
401
379
378
351
342
353
319
264
220
184
146
111
113
97
68
62
28
14
21
8
5
1
-15
-26
-25
-7
-3
-30
-64
-76
-74
-65
-69
-65
-58
-62
-29
3
-5
13
43
50
70
79
61
54
59
65
64
48
29
17
4
-20
-48
-63
-69
-80
-106
-151
-197
-224
-228
-223
-237
-270
-306
-310
-298
-296
-304
-318
-334
-353
-346
-347
-352
-337
-331
-322
-315
-292
-267
-237
-187
-154
-115
-70
-22
5
17
35
55
88
109
132
126
97
122
134
111
109
101
85
74
74
84
79
74
73
57
49
57
61
58
48
25
35
69
77
76
90
104
136
165
186
190
171
166
180
200
211
221
221
206
214
211
210
208
185
179
159
152
161
159
162
144
121
109
94
80
69
57
30
-1
-5
-24
-46
-59
-76
-85
-101
-109
-107
-105
-111
-124
-114
-113
-127
-117
-110
-108
-95
-85
-82
-68
-61
-63
-51
-45
-46
-34
-24
-17
-10
-6
1
10
3
5
22
25
16
8
5
-13
-26
-20
-28
-50
-73
-83
-100
-124
-122
-133
-140
-137
-152
-143
-132
-136
-118
-114
-114
-90
-85
-79
-60
-60
-52
-48
-55
-53
-52
-45
-42
-42
-38
-35
-21
-14
-10
1
13
39
60
68
72
72
77
75
62
63
63
53
52
53
36
7
-7
0
20
31
31
28
15
30
47
50
60
65
68
53
79
110
91
83
61
42
53
64
92
101
92
83
75
81
93
107
110
122
111
99
121
112
96
92
65
57
71
63
42
27
-2
-32
-39
-41
-44
-46
-40
-36
-36
-26
-22
-37
-41
-45
-52
-50
-55
-62
-83
-105
-130
-149
-153
-156
-138
-126
-134
-124
-108
-106
-94
-88
-101
-88
-79
-70
-44
-40
-49
-57
-54
-47
-23
4
3
9
10
1
6
10
16
20
30
41
43
65
69
67
68
52
42
35
29
30
24
20
20
24
20
20
0
0
0
0
0
0
0
0
0
0
0
0
0
0
0
0
0
0
0
0
0
0
0
0
0
0
0
0
0
0
0
0
0
0
0
0
0
0
0
0
0
0
0
0
0
0
0
0
0
0
0
0
0
0
0
0
0
0
0
0
0
0
0
0
0
0
0
0
0
0
0
0
0
0
0
0
0
0
0
0
0
0
0
0
0
0
0
0
0
0
0
0
0
0
0
0
0
0
0
0
0
0
0
0
0
0
0
0
0
0
0
0
0
0
0
0
0
0
0
0
0
0
0
0
0
0
0
0
0
0
0
0
0
0
0
0
0
0
0
0
0
0
0
0
0
0
0
0
0
0
0
0
0
0
0
0
0
0
0
0
0
0
0
0
0
0
0
0
0
0
0
0
0
0
0
0
0
0
0
0
0
0
0
0
0
0
0
0
0
0
0
0
0
0
0
0
0
0
0
0
0
0
0
0
0
0
0
0
0
0
0
0
0
0
0
0
0
0
0
0
0
0
0
0
0
0
0
0
0
0
0
0
0
0
0
0
0
0
0
0
0
0
0
0
0
0
0
0
0
0
0
0
0
0
0
0
0
0
0
0
0
0
0
0
0
0
0
0
0
0
0
0
0
0
0
0
0
0
0
0
0
0
0
0
0
0
0
0
0
0
0
0
0
0
0
0
0
0
0
0
0
0
0
0
0
0
0
0
0
0
0
0
0
0
0
0
0
0
0
0
0
0
0
0
0
0
0
0
0
0
0
0
0
0
0
0
0
0
0
0
0
0
0
0
0
0
0
0
0
0
0
0
0
0
0
0
0
0
0
0
0
0
0
0
0
0
0
0
0
0
0
0
0
0
0
0
0
0
0
0
0
0
0
0
0
0
0
0
0
0
0
0
0
0
0
0
0
0
0
0
