0
0
0
0
0
0
0
0
0
0
0
0
0
0
0
0
0
0
0
0
0
0
0
0
0
0
0
0
0
0
0
0
0
0
0
0
0
0
0
0
0
0
0
0
0
0
0
0
0
0
0
0
0
0
0
0
0
0
0
0
0
0
0
0
0
0
0
0
0
0
0
0
0
0
0
0
0
0
0
0
0
0
0
0
0
0
0
0
0
0
0
0
0
0
0
0
0
0
0
0
0
0
0
0
0
0
0
0
0
0
0
0
0
0
0
0
0
0
0
0
0
0
0
0
0
0
0
0
0
0
0
0
0
0
0
0
0
0
0
0
0
0
0
0
0
0
0
0
0
0
0
0
0
0
0
0
0
0
0
0
0
0
0
0
0
0
0
0
0
0
0
0
0
0
0
0
0
0
0
0
0
0
0
0
0
0
0
0
0
0
0
0
0
0
0
0
0
0
0
0
0
0
0
0
0
0
0
0
0
0
0
0
0
0
0
0
0
0
0
0
0
0
0
0
0
0
0
0
0
0
0
0
0
0
0
0
0
0
0
0
0
0
0
0
0
0
0
0
0
0
0
0
0
0
0
0
0
0
0
0
0
0
0
0
0
0
0
0
0
0
0
0
0
0
0
0
0
0
0
0
0
0
0
0
0
0
0
0
0
0
0
0
0
0
0
0
0
0
0
0
0
0
0
0
0
0
0
0
0
0
0
0
0
0
0
0
0
0
0
0
0
0
0
0
0
0
0
0
0
0
0
0
0
0
0
0
0
0
0
0
0
0
0
0
0
0
0
0
0
0
0
0
0
0
0
0
0
0
0
0
0
0
0
0
0
0
0
0
0
0
0
0
0
0
0
0
0
0
0
0
0
0
0
0
0
0
0
0
0
0
0
0
0
0
0
0
80
174
-416
47
34
-197
73
-38
125
-46
-129
404
120
-198
141
8
-306
56
70
-394
-210
270
550
363
114
206
27
14
470
278
-613
-875
-310
-17
-38
-23
-504
-652
47
364
245
-68
-215
213
354
172
140
-150
-392
22
67
-90
337
-218
-223
544
275
631
89
-400
133
-326
331
266
-525
172
285
430
452
-98
22
161
141
353
179
-479
-694
-565
-336
-365
-537
-182
-524
-447
294
234
176
-13
201
268
113
220
-112
-88
-235
-197
329
229
83
194
-70
80
597
30
36
281
-344
-43
67
-141
-283
-647
117
262
-253
326
194
-366
486
655
-286
262
-99
-1037
66
-154
-531
279
-255
-441
186
338
-8
-270
296
213
-122
207
-213
-176
207
-163
35
50
-78
265
50
284
669
83
-79
388
292
-109
-3
-94
-506
-559
229
641
-633
-348
898
103
-518
66
297
-188
-34
-33
-508
4
108
-378
217
339
-20
323
-591
-109
1029
-434
-414
311
-263
-512
224
489
-726
-544
738
345
-492
287
311
-431
107
363
577
41
-627
148
-62
-60
734
-64
-439
15
-117
-14
-148
119
107
-654
62
18
-677
306
208
-500
276
208
-128
-188
-621
483
418
-215
205
-528
141
657
-25
430
-183
-521
763
66
-460
546
-524
-711
194
164
324
-361
-89
384
-10
489
135
-288
159
72
154
-46
-640
207
476
-220
49
109
-754
-462
535
-293
-80
532
222
-668
-361
1011
-44
-633
170
-364
73
687
-709
232
682
-48
-494
-97
1008
-412
-515
29
58
313
-262
316
231
-474
50
130
-24
93
14
-134
-44
381
-267
-541
779
-97
-1023
51
35
-154
160
286
199
277
313
140
-509
-297
699
-239
-346
399
-76
-517
195
260
-34
-219
-487
239
115
61
274
-246
-432
392
-269
-409
511
-452
26
-1
353
566
-574
345
286
-408
-527
678
247
-937
295
-115
-239
371
49
180
-77
-39
391
-444
494
581
-573
-221
399
774
-858
-595
-374
-402
502
-285
800
-312
-574
928
-499
930
432
-815
356
-591
425
465
-685
-403
-270
185
-581
-299
158
99
296
333
339
165
-24
50
60
14
455
-47
-325
-163
143
199
-234
-460
-190
-24
32
424
68
-94
162
-333
-372
279
-174
-570
347
586
-26
-118
173
317
-90
-247
68
-563
-767
524
644
-233
-302
76
76
-314
205
133
-595
198
101
-71
665
421
309
-216
-141
289
-374
-73
-99
51
621
137
218
-159
-427
-374
-758
-237
307
570
-255
-393
148
-504
705
1072
-210
-413
-645
-182
166
612
821
-566
-443
74
-721
219
844
-468
-300
46
-10
774
110
-14
126
-720
137
-110
-257
578
-562
138
927
-265
171
-64
-648
341
349
342
197
-712
-87
20
-250
509
-342
-863
-476
-411
550
522
30
426
253
-228
147
344
-266
97
59
-342
353
278
104
-277
-810
334
346
-657
327
609
-105
166
125
293
-114
-850
115
-270
-661
323
-320
55
520
-215
144
56
87
-345
-241
767
-456
-26
748
115
313
-766
-459
-215
-711
751
136
-120
680
-20
374
100
7
438
-968
-231
1094
-102
-44
273
-711
-353
129
-258
51
315
15
-386
-464
144
194
-170
521
627
-317
-285
-179
-281
208
72
360
829
-207
-365
197
-264
-517
-335
218
598
-333
-577
63
183
662
84
-142
262
-566
-112
290
220
196
-428
-394
117
820
9
-553
508
124
-360
322
330
-374
-438
-543
-169
1079
0
-1051
-525
-370
327
468
955
531
-1062
-256
124
-378
171
307
-195
112
559
368
266
-472
-513
318
0
-342
182
-30
-405
58
115
41
-258
-481
-104
403
348
-113
403
-237
-1098
328
596
-512
19
663
-118
-488
-183
419
345
-430
190
292
-345
42
221
217
-391
-425
547
244
204
437
-138
-506
-383
140
162
61
723
257
-995
-258
-100
-495
653
300
-98
244
-265
-38
116
23
-16
-432
207
668
-126
-213
38
-88
-58
-153
-155
-262
-422
745
852
-324
-6
204
-588
-585
561
210
-813
-305
611
175
77
320
69
-149
-323
353
294
473
500
-433
-938
-440
-402
-78
420
-68
561
-226
-459
120
-275
614
384
71
257
-139
-163
-127
-388
-641
-238
-114
273
520
-31
-42
87
-471
239
780
136
347
-348
149
94
-456
176
-458
1
389
-266
-265
-267
-126
190
187
815
629
-176
-349
-287
-14
87
113
-452
-445
109
-253
98
439
185
272
-250
-321
-195
150
755
143
311
254
-729
-450
-550
-310
567
414
556
201
-474
131
-22
-457
-266
-147
-61
-149
352
682
165
-258
-446
-723
193
387
-13
295
347
297
-409
-322
-392
-274
792
516
-442
179
345
-724
-426
-17
-52
-45
120
527
581
209
-302
-398
-23
-10
-256
99
35
19
-110
105
-63
-400
151
-161
272
246
-120
283
101
-62
-450
-356
322
-284
-300
184
-62
315
-215
-179
799
111
-194
61
51
606
278
-373
-179
-429
-626
-3
320
425
295
-271
-326
-195
389
367
-542
-15
146
-151
156
91
150
-198
-198
57
-107
271
169
-70
138
233
14
-480
-156
-35
-251
169
277
347
-16
-440
-109
-205
-153
235
179
16
120
413
120
-155
-148
-643
-300
297
270
577
158
-259
190
-65
-399
-16
259
337
93
270
520
-912
-1063
92
-361
126
692
74
337
231
-177
-271
-489
-446
-438
126
657
637
278
-420
-538
-654
-489
120
588
509
-157
115
257
-3
178
-96
-174
-71
335
842
222
-43
-395
-1145
-163
558
15
-169
102
355
-14
-147
94
-80
-240
-107
217
378
162
-279
-451
-423
82
486
-185
-29
246
-90
16
278
363
-201
-611
-415
100
280
435
78
-6
587
63
-751
-568
63
-134
262
755
549
-78
-817
-388
81
219
-134
-374
149
96
11
741
234
-586
-811
-523
490
510
561
215
-553
-520
-130
14
330
518
145
-113
149
513
-405
-381
-180
-911
38
688
310
350
52
-324
-493
-252
302
220
-28
116
-89
-284
-318
-148
376
41
379
388
-194
121
-505
-269
181
33
236
64
475
111
-374
-226
-459
-259
-122
440
587
-31
-129
-371
-162
189
257
168
164
97
-365
-91
-195
-211
-95
-289
162
323
642
325
0
-111
-997
-455
74
264
1063
478
-273
-576
-1032
-528
107
635
1235
520
-238
-273
-683
-638
-314
211
599
306
521
70
-340
-73
-555
-533
-101
144
386
822
989
226
-606
-823
-538
-346
161
543
284
-28
-462
-91
304
14
181
342
269
-50
-222
22
-414
-770
-87
379
93
235
615
162
-297
-428
-546
-449
-196
363
710
438
210
41
-348
-399
-295
-440
-50
282
42
381
747
93
-463
-83
-60
-416
-136
261
132
-147
381
457
89
274
-374
-837
-580
-281
111
96
421
754
111
-59
118
-428
-435
-403
-122
515
405
492
99
-98
12
-355
11
98
23
98
-75
182
119
-167
9
-2
80
406
9
-417
-399
-555
-359
58
394
428
203
280
-48
-301
-702
-866
21
167
780
1312
442
-65
-488
-830
-725
-311
129
296
621
983
457
-253
-632
-867
-396
-279
270
938
685
267
-636
-550
-374
-535
207
623
591
106
-130
48
-291
-504
-102
153
-1
275
291
-73
-50
-285
-294
41
359
540
186
-120
-331
-394
-385
5
668
190
-136
149
-206
-492
-350
-69
236
372
395
388
329
159
-342
-899
-946
-453
125
629
1127
889
26
-633
-914
-959
-694
111
387
485
986
327
-178
154
-312
-712
-631
-167
294
63
467
957
486
8
-361
-299
-130
-365
-76
274
41
-61
76
209
360
226
-366
-650
-271
-152
-244
143
438
394
187
-48
197
-95
-826
-529
-10
357
348
432
593
-75
-249
-617
-673
250
308
279
635
504
-297
-578
-268
-158
-209
-235
200
290
416
415
-139
-57
-159
-563
-561
120
886
394
55
182
-121
-266
-312
83
115
-516
-241
279
353
217
-89
-256
-324
-15
242
17
59
22
-293
-370
-98
186
53
484
757
91
-101
-492
-632
-117
-228
153
525
184
156
246
251
-38
-90
-200
-636
-316
-52
132
489
276
-2
-136
-250
-250
-11
77
-88
11
15
181
321
110
99
-62
-166
-270
-440
-272
-135
150
539
625
458
377
24
-735
-730
-387
-367
158
715
461
-1
-120
-262
-193
-82
-259
-64
-35
-96
433
662
18
-291
-274
-442
-194
-140
-8
396
115
-54
353
290
126
-1
-448
-440
-373
-268
414
804
794
460
-258
-568
-702
-602
-120
374
881
631
260
75
-74
58
-169
-274
-450
-393
166
763
1212
736
-106
-829
-1067
-644
-164
409
685
657
486
49
-264
-511
-619
-467
-179
268
436
261
109
-102
-296
-467
-364
-92
-117
87
388
413
234
-145
-201
-205
-452
-402
-212
-194
25
406
348
281
233
-312
-389
-162
-324
-247
92
514
597
259
248
188
-325
-398
97
3
-248
263
527
516
601
264
-11
-206
-270
126
251
291
530
565
584
477
191
-67
-129
50
75
237
429
292
260
241
135
-153
-367
-284
-225
29
257
170
-233
-689
-830
-982
-686
63
237
54
-213
-703
-951
-845
-744
-444
-190
-281
-199
-317
-312
42
-113
-184
-157
-390
-486
-304
153
408
132
-167
-230
-359
-350
-201
-44
-53
-209
-211
-163
-85
-226
-242
-243
-293
-117
-255
-69
311
377
477
701
757
548
704
926
1152
1469
1713
2062
2105
1937
1876
1693
1532
1674
1883
2162
2213
2094
1942
1307
946
626
115
150
339
243
141
54
-568
-1139
-1460
-1776
-1914
-2061
-1983
-1904
-1974
-1974
-1953
-2209
-2412
-2333
-2375
-2184
-2039
-1857
-1460
-1331
-1340
-1376
-1360
-1352
-1203
-890
-487
-288
-517
-393
-221
-547
-909
-1129
-1124
-1040
-896
-575
-410
-643
-1090
-1471
-1849
-2063
-1916
-1512
-991
-507
-158
-344
-622
-597
-525
-86
733
1673
2522
3290
3887
4370
4765
4798
4946
5066
5138
5488
5639
5804
5902
5683
5497
4958
4056
3210
2249
1368
910
585
99
-301
-648
-1285
-2019
-2804
-3598
-4026
-4022
-3703
-3365
-3089
-2746
-2552
-2386
-2031
-1781
-1741
-1582
-997
-294
253
911
1394
1418
1347
1301
1145
805
563
432
409
452
120
-290
-844
-1578
-1971
-2204
-2489
-2764
-2980
-3095
-3060
-3038
-2976
-2951
-3058
-3125
-3263
-3200
-2996
-2658
-2060
-1654
-1405
-1375
-1478
-1435
-1380
-1233
-1009
-818
-747
-741
-553
-434
-501
-543
-582
-358
97
279
427
767
876
1024
1660
2475
3065
3521
4022
4354
4559
4826
5250
5758
6216
6609
6629
6430
6205
5783
5406
5111
4556
3855
3230
2548
2029
1536
667
-392
-1521
-2506
-3212
-3635
-3803
-4069
-4381
-4595
-4776
-4773
-4760
-4776
-4462
-3761
-2758
-1851
-1094
-580
-553
-315
184
796
1668
2453
3083
3597
3925
3809
3438
3170
2756
2443
2193
1693
1068
273
-387
-837
-1418
-2160
-2982
-3803
-4450
-4693
-4667
-4443
-4281
-4417
-4439
-4544
-4869
-4996
-4824
-4308
-3525
-2681
-2050
-1699
-1525
-1379
-1020
-680
-388
-108
-55
50
168
209
345
346
191
19
-266
-641
-833
-644
-191
295
517
352
140
126
439
1390
2518
3205
3679
3890
4030
4543
5233
6164
7030
7378
7383
7052
6727
6545
6385
6442
6146
5303
4442
3395
2294
1658
1133
302
-705
-1902
-3182
-4096
-4519
-4646
-4710
-4831
-5158
-5592
-5567
-5150
-4559
-3760
-3092
-2651
-2365
-2002
-1348
-425
668
1702
2661
3275
3363
3241
3155
3279
3525
3802
3876
3237
2095
1024
136
-467
-889
-1521
-2365
-3391
-4332
-4778
-4980
-5008
-4983
-5239
-5520
-5734
-5729
-5402
-4987
-4429
-4023
-3876
-3574
-3126
-2620
-2021
-1278
-646
-340
-165
-149
-140
62
284
446
511
470
323
221
436
630
352
-55
-230
-179
210
801
1328
1834
2378
3084
3872
4325
4479
4739
5168
5811
6728
7469
7720
7658
7527
7350
6952
6345
5698
5187
4731
4273
3699
2718
1451
111
-872
-1601
-2548
-3463
-4458
-5254
-5571
-5732
-5662
-5806
-6057
-6048
-5856
-5250
-4724
-4213
-3502
-2912
-2079
-1053
-124
613
1257
2049
2815
3389
3708
3771
3816
4050
4466
4719
4326
3443
2326
1108
334
-134
-768
-1574
-2588
-3488
-4123
-4688
-5055
-5460
-5886
-5869
-5765
-5681
-5365
-5057
-4703
-4368
-4111
-3663
-3244
-2728
-1880
-1034
-360
-66
9
162
300
511
634
716
847
846
1035
1249
1151
890
521
141
-143
-168
33
266
434
525
699
1125
1897
2778
3355
3472
3386
3631
4556
5993
7300
7853
7527
6767
6247
6306
6640
6800
6457
5553
4587
3886
3332
2665
1796
762
-316
-1351
-2341
-3027
-3673
-4353
-4804
-5361
-5976
-6369
-6373
-6077
-5707
-5242
-4981
-5006
-4878
-4300
-3337
-2232
-1121
-123
669
1370
2056
2466
2583
2637
2782
3422
4354
4905
4804
4021
2911
1897
1330
992
436
-306
-1291
-2148
-2743
-3354
-3854
-4398
-4938
-5232
-5365
-5434
-5401
-5015
-4518
-4190
-3962
-3969
-3878
-3408
-2711
-1828
-1079
-606
-237
13
308
500
521
684
753
820
990
978
1020
1069
1140
1281
1001
311
-411
-823
-678
14
939
1604
1815
1730
1771
2108
2695
3479
4219
5015
5753
6328
6869
7204
7419
7373
7016
6580
6128
5912
5775
5589
5185
4164
2805
1367
150
-651
-1194
-1643
-2458
-3598
-4713
-5615
-6058
-6159
-6285
-6584
-6907
-7015
-6613
-5859
-5223
-4734
-4370
-4055
-3484
-2581
-1452
-184
1110
2364
3331
3696
3551
3319
3476
4233
5356
6123
5723
4398
3087
2279
2037
1810
906
-515
-1901
-2749
-2934
-3170
-4030
-5332
-6482
-6760
-6317
-5729
-5473
-5893
-6254
-6060
-5335
-4090
-3007
-2271
-1704
-1246
-732
-318
118
653
1290
2056
2499
2505
2265
1941
1689
1520
1392
1201
992
1070
1476
1661
1210
165
-1089
-1989
-1791
-452
1017
2253
2836
2317
1347
827
1467
3272
5577
7261
7481
6467
5200
5012
5972
6827
6956
6479
5700
5185
5008
4488
3227
1548
235
-251
-240
-354
-1122
-2635
-4430
-5901
-6583
-6398
-5738
-5160
-5188
-5938
-6858
-7240
-6855
-6000
-4913
-3738
-2845
-2206
-1386
-421
528
1461
2222
2712
3061
3603
4725
6195
6926
5940
3770
2072
1891
3084
4333
3807
1261
-1666
-3389
-3446
-2567
-2174
-3088
-4657
-5697
-6137
-6510
-6732
-6663
-6408
-5873
-5029
-4128
-3497
-3192
-2984
-2817
-2481
-1452
215
1675
2196
1884
1356
1100
1527
2450
2841
2373
1779
1447
1211
1068
1136
1232
1088
787
354
-445
-1522
-2342
-2338
-1365
269
2163
3493
3106
1220
-161
609
3475
7245
9938
9639
6843
4461
4534
6571
8809
9710
8727
6346
3872
2677
2863
3311
3123
2053
127
-2040
-3307
-3595
-4169
-5472
-6759
-7531
-7576
-6987
-6509
-6929
-8063
-8706
-8063
-6623
-4999
-3654
-3196
-3405
-3373
-2120
410
2980
4591
4551
3200
2448
3750
6596
8812
8982
7136
4244
2435
2632
3745
4230
3127
976
-1370
-3245
-3989
-3989
-4024
-4770
-5864
-6249
-6305
-6481
-6697
-6995
-7181
-6769
-5256
-3473
-2720
-2843
-2997
-2751
-1778
180
2200
2974
2451
1687
1480
1707
2545
3767
4049
2829
1204
572
642
870
1262
943
-415
-1717
-1870
-1404
-1482
-2077
-2838
-3313
-2599
-390
2043
2840
1778
562
956
3486
7198
10041
10340
8214
5862
5761
8004
10658
11748
10361
7259
4314
3162
3997
5160
4859
2712
-492
-3126
-3955
-3568
-3617
-5081
-7286
-8808
-9102
-8542
-7998
-8352
-9287
-9548
-8607
-7039
-5664
-4960
-4919
-4879
-3840
-1472
1419
3478
3777
2695
1829
2655
5286
8418
10194
9397
6483
3495
2503
3868
6027
6798
4990
1258
-2452
-4463
-4396
-3150
-2273
-3007
-5202
-7203
-7838
-7717
-7559
-7172
-6473
-5768
-5173
-4533
-4170
-4443
-4255
-2639
-517
1194
2182
2066
1156
517
1211
3045
4484
4809
4106
2289
323
-257
692
1890
2072
1098
-560
-2336
-3289
-2979
-2177
-1938
-2370
-2835
-3184
-3187
-2023
89
1853
2460
2270
2529
3931
6214
8667
9845
9017
7652
7697
9411
11180
11352
9832
7599
5970
5597
5770
5693
4777
2631
101
-1602
-2274
-2620
-3634
-5472
-7274
-8214
-8314
-8288
-8512
-8986
-9698
-10004
-9162
-7497
-6174
-5861
-5827
-5365
-4567
-3060
-946
660
1665
2699
3627
3948
3967
4734
6353
7970
8821
7999
5682
3718
3456
4483
5081
4207
2106
-1078
-3895
-4118
-2704
-2219
-3139
-4634
-6229
-7517
-7650
-6758
-6087
-5744
-5376
-5249
-5026
-4281
-3331
-2667
-1945
-336
1155
1189
809
917
1195
1860
3104
4167
3813
2305
1334
947
593
935
1559
1180
-172
-1481
-2117
-2414
-2533
-2173
-1872
-2180
-2662
-2937
-3130
-3104
-2098
120
2239
2785
1978
1549
2863
5696
8822
10585
9770
7392
6247
7921
10894
12309
11326
8988
6364
4829
5199
6162
5915
4057
1300
-1232
-2629
-2814
-2809
-3747
-5334
-6575
-7412
-8101
-8523
-8821
-8925
-8611
-8094
-7459
-7027
-7010
-6932
-6292
-4739
-2641
-1524
-1380
-878
58
1539
2989
4203
5012
4724
5242
6386
6870
6572
4959
3978
3871
4230
4915
3560
1087
-1270
-2455
-1365
-806
-1872
-3906
-5963
-6619
-6323
-5221
-4077
-4603
-6382
-7317
-6141
-3832
-2340
-2235
-2773
-2989
-2103
-642
564
1344
1309
776
947
2157
3154
2554
1096
637
1175
1719
1952
1404
-234
-1783
-1690
-591
-305
-921
-1812
-2930
-3668
-3294
-2133
-1319
-1358
-1207
-253
777
1351
1446
1835
3606
6395
8619
8932
7576
6290
6477
8538
11190
12053
10562
7797
5271
4747
6134
7441
6866
4144
1044
-913
-1671
-1444
-1288
-2345
-4222
-5968
-6836
-6973
-7296
-7888
-8343
-8463
-8097
-7601
-7502
-7760
-7731
-6634
-4662
-3156
-2905
-3276
-3182
-2250
-530
1681
3309
3464
2901
3246
4561
5746
6199
6020
5634
4953
4322
4222
4273
3620
1790
185
-324
-560
-1142
-2228
-3115
-3914
-4846
-4897
-4462
-4377
-5077
-6031
-5610
-4694
-4191
-3746
-3620
-3301
-2955
-2219
-789
-218
-303
-452
-317
585
1480
2129
1923
875
510
856
1213
1094
671
188
-738
-1181
-557
102
-69
-1029
-1820
-2010
-1722
-1113
-819
-819
-775
-383
780
2066
2656
2506
2659
4131
6256
8070
8452
6931
5274
5961
9149
11504
10757
8257
5889
4514
4720
6490
7670
5969
2353
-501
-1364
-733
143
-325
-2501
-4874
-6203
-6691
-6779
-6401
-6417
-7379
-8147
-7792
-7065
-7214
-7382
-6783
-5620
-4324
-3623
-3395
-3620
-3294
-2094
-682
1006
2013
2104
2011
2639
3994
4689
4751
4807
4730
4809
5217
5392
4444
2520
1669
2141
2537
1971
174
-1611
-2795
-2816
-2100
-2031
-2581
-3919
-5317
-5567
-4217
-2651
-3212
-4950
-5238
-3993
-2961
-2498
-1914
-1688
-2727
-3270
-1798
127
902
278
-348
-652
-506
549
1076
709
109
-38
48
-180
-91
146
27
-136
134
499
218
-599
-1089
-716
220
1253
2089
2577
2541
1988
1635
2468
4720
7239
8207
6800
4435
3778
5875
8882
10202
9035
6235
3276
2042
3758
6831
7463
4093
-367
-2284
-1375
289
1017
-99
-3015
-5962
-6830
-5597
-4105
-3971
-5359
-7034
-7523
-6723
-5812
-5450
-5303
-5173
-5086
-4702
-3858
-3052
-2545
-1968
-1289
-879
-664
-325
256
1331
2895
3850
3264
2110
2056
3381
5293
6748
6288
3385
399
513
3374
5380
4237
933
-2202
-3362
-2065
254
1093
-843
-4479
-6999
-6005
-2588
-903
-2768
-5278
-5742
-5048
-4213
-2618
-1227
-2142
-4155
-3988
-1735
-243
-325
-707
-776
-469
275
769
448
50
215
459
570
873
979
370
-186
366
1504
1685
612
-291
67
996
1253
785
321
243
806
2250
3727
3496
1571
591
2438
5577
7183
6305
4040
2450
3452
6620
8774
7574
4192
1393
943
2967
5518
5564
2433
-1080
-2252
-1100
773
1670
439
-2432
-4672
-4786
-3654
-2708
-2640
-3590
-4963
-5374
-4508
-3855
-4199
-4329
-3592
-3179
-3152
-2886
-2579
-2816
-3090
-1881
-494
-411
-1138
-1480
-531
660
1494
1641
1277
1431
2162
3311
4302
4309
3128
1575
1570
3513
4621
3433
1118
-642
-637
108
774
672
-860
-2562
-3832
-3818
-2306
-1381
-2373
-4615
-5247
-3846
-3208
-3334
-2981
-2674
-3367
-3905
-2525
-859
-824
-1298
-882
-47
341
484
794
1122
1325
1440
1448
1559
1596
1139
750
981
1369
1331
886
370
-121
-419
-171
370
457
-80
-1071
-1927
-1536
-82
948
761
373
123
-480
264
2706
4516
4068
2527
2370
2909
3730
5610
6583
5573
3741
2852
3423
4295
5323
5140
2929
1168
889
1380
1709
1618
1110
-769
-2510
-2537
-2110
-1956
-2207
-2610
-3422
-4497
-4285
-3676
-3737
-3813
-3652
-3394
-3742
-4012
-3467
-2983
-2707
-2397
-2047
-1715
-1574
-1402
-774
-10
254
247
590
1426
2280
2616
2457
2215
2196
2531
3062
3211
2689
1919
1355
940
755
828
297
-867
-1368
-1290
-1653
-2316
-2651
-2697
-3086
-3556
-3182
-2655
-2784
-2872
-2695
-2513
-2223
-1853
-1261
-410
178
84
-412
-445
248
1121
1833
2042
1533
946
1010
1511
1668
1450
1155
477
-43
428
799
-28
-1161
-1437
-957
-543
-511
-795
-1585
-2430
-2485
-1775
-844
-187
-124
-691
-1266
-848
579
1950
2787
3187
3012
2397
2215
3696
5718
6230
5555
4442
3762
3765
4348
5555
5582
4136
2411
1128
1278
2026
2292
1519
-306
-1612
-2028
-1780
-1158
-1106
-1823
-2973
-3605
-3227
-2681
-2566
-2848
-3234
-3171
-2791
-2477
-2203
-2287
-2555
-2352
-1815
-1576
-1691
-1862
-1770
-1300
-752
-434
-761
-1062
-550
348
1012
882
648
433
6
614
1887
2504
1594
34
149
942
1186
1392
1059
249
-852
-1163
30
634
164
-831
-2080
-2012
-917
-212
-529
-1563
-1952
-2238
-2358
-959
79
-864
-2126
-1791
-739
-698
-425
394
-56
-1001
-562
584
632
221
437
223
-276
208
985
708
161
541
572
-135
-96
424
268
-182
98
188
-730
-1252
-931
-641
-570
-415
-395
-613
-465
-153
-39
607
1773
2176
1813
1892
2192
2162
2923
4642
5026
3580
2779
3346
3846
4354
5225
4904
3066
1953
2430
3125
3274
2779
1421
10
-338
-79
-129
-350
-741
-1770
-2696
-2500
-2126
-2784
-3634
-3631
-3495
-3850
-4103
-4099
-4381
-4678
-4285
-3661
-3429
-3515
-3654
-3444
-2742
-1774
-1288
-1290
-880
-240
467
1264
1920
2239
1859
1893
2874
3819
4171
3562
2803
2471
2613
3246
3310
2675
1680
450
-188
92
651
317
-1187
-2436
-2709
-2450
-2088
-2218
-2813
-3732
-4461
-3955
-2591
-1659
-2036
-2881
-2719
-1901
-1120
-212
470
42
-866
-491
1015
1795
1506
1196
1028
906
1379
2205
2196
1366
811
758
979
1396
1181
16
-717
-597
-536
-587
-395
-743
-2147
-2804
-1947
-1064
-711
-688
-967
-1590
-1721
-485
1212
2482
2631
1447
718
1802
4103
5738
5700
4985
3813
2895
3968
6299
7336
5678
3086
1870
2133
3180
3976
3415
1305
-1042
-2050
-1446
-251
-186
-1821
-3803
-4630
-4364
-3924
-3718
-3887
-4645
-5513
-5536
-4725
-3984
-3869
-4050
-3965
-3509
-3123
-2924
-2236
-1209
-504
-215
-92
306
773
1545
2886
3773
3655
2761
2188
2805
4107
5299
4967
3245
1864
1475
2374
3433
3148
1282
-1196
-2021
-1263
-330
-161
-1513
-3643
-5129
-4551
-2765
-2029
-2773
-4087
-5023
-5034
-3413
-1463
-1191
-1977
-2612
-2406
-1436
50
1343
1054
137
147
817
1566
2158
2387
2016
1496
1513
1893
1935
1926
1898
1320
889
787
723
401
-8
20
-174
-418
-673
-1221
-1371
-1326
-1262
-1445
-1704
-1607
-1812
-1767
-1144
-643
-742
-934
-131
670
1076
1807
2281
2223
2230
3140
4249
4387
4377
4405
3932
3856
4567
5007
4407
3441
2858
2315
1981
2130
1814
538
-489
-847
-1247
-1483
-1577
-2099
-3230
-3909
-3469
-3221
-3442
-3719
-4148
-4302
-3967
-3378
-2971
-2823
-2868
-3008
-2597
-1697
-1212
-1294
-977
-305
33
440
930
1200
1152
1506
2500
2863
2790
2788
2769
2751
2951
3516
3256
2398
2112
1959
1562
1126
928
390
-646
-1107
-1161
-1570
-2154
-2543
-2982
-3427
-3420
-3284
-3501
-3747
-3559
-3498
-3438
-2787
-2352
-2371
-2293
-1620
-835
-587
19
592
393
416
1196
1965
2044
2226
2376
1931
1829
2455
3024
2720
2371
2139
1468
1400
1917
1859
1064
469
167
-328
-370
82
-113
-1094
-1693
-1728
-1697
-1412
-1137
-1471
-2003
-2064
-1854
-1564
-1079
-810
-1093
-1153
-515
7
89
404
943
1202
1609
2257
2535
2415
2463
3087
3506
3502
3500
3071
2592
2671
3082
3049
2184
1498
1132
781
914
958
204
-908
-1466
-1423
-1396
-1339
-1587
-2489
-3164
-3012
-2571
-2362
-2359
-2588
-2974
-2910
-2180
-1640
-1593
-1443
-1340
-1214
-670
-9
285
108
272
792
1165
1500
1521
1354
1342
1600
1834
1713
1597
1336
947
900
1066
959
211
-358
-247
-366
-665
-835
-1102
-1494
-1847
-1684
-1521
-1745
-1840
-1926
-1931
-1775
-1628
-1544
-1506
-1113
-717
-835
-824
-427
-197
-44
443
799
527
251
639
1035
1031
1251
1316
872
668
1018
1292
1067
978
901
499
354
599
773
313
-55
146
87
-78
-72
-58
-194
-447
-304
-111
-139
-136
-365
-473
-196
62
77
-18
85
-75
-278
220
638
543
330
257
319
288
572
809
546
518
525
347
322
386
436
306
360
509
113
-251
-90
156
263
265
217
-128
-458
-115
220
327
406
111
-190
-153
307
637
382
265
315
170
236
550
583
287
83
172
277
257
132
-208
-424
-257
-65
-235
-558
-811
-915
-783
-663
-589
-806
-1205
-1316
-1160
-709
-594
-928
-1124
-1134
-836
-617
-484
-289
-500
-693
-463
15
200
-91
-222
-80
182
331
308
323
200
-19
23
391
556
195
-206
-218
-70
-13
60
28
-278
-600
-539
-245
-124
-208
-370
-508
-451
-231
-95
-75
-96
-13
62
101
271
326
373
532
689
786
707
585
615
945
1153
996
793
682
681
679
855
1009
699
262
118
364
499
312
147
-115
-336
-296
-137
-83
-335
-650
-723
-607
-521
-421
-357
-520
-736
-682
-394
-255
-173
-50
-1
-91
-89
189
304
479
727
612
492
564
713
752
811
1017
887
527
518
681
660
536
447
307
45
1
105
-46
-222
-324
-496
-617
-594
-504
-649
-894
-807
-795
-951
-820
-728
-805
-763
-671
-661
-682
-513
-364
-383
-267
-175
-256
-293
-76
181
99
71
238
143
31
233
471
332
119
287
300
81
156
267
110
-50
38
46
-166
-217
-216
-323
-293
-217
-338
-493
-418
-288
-348
-390
-276
-328
-452
-256
-31
-98
-261
-146
73
102
257
368
223
155
343
571
590
612
575
441
438
571
710
609
517
484
332
307
316
331
246
95
109
-9
-78
-34
-161
-265
-201
-134
-331
-456
-254
-218
-411
-379
-226
-304
-328
-146
-25
-105
-268
-198
-10
147
308
326
247
121
178
416
498
553
579
403
270
414
498
337
377
535
354
78
115
204
50
5
138
18
-283
-337
-249
-246
-221
-266
-384
-437
-419
-384
-400
-291
-264
-460
-432
-233
-170
-233
-193
-115
-181
-113
11
35
66
84
75
-7
71
216
164
158
153
86
2
17
185
117
-60
-68
-42
-66
-146
-141
-170
-242
-200
-175
-204
-268
-331
-410
-328
-30
0
-256
-329
-191
-127
9
232
117
-128
-93
79
242
398
385
99
-54
210
447
366
345
348
65
-28
284
414
221
83
97
9
-52
83
48
-116
-109
-76
-128
-155
-165
-262
-293
-109
31
-120
-270
-215
-226
-143
133
210
-38
-198
-28
42
68
278
338
76
-108
139
308
222
248
288
122
-79
111
309
119
52
90
-15
-76
-27
10
-99
-72
42
-76
-100
-32
-117
-170
-18
130
-6
-85
-44
-110
-55
131
189
43
-24
42
15
46
181
205
43
-98
-7
119
117
78
4
-68
-111
-101
7
45
-66
-221
-252
-157
-125
-110
-47
-88
-243
-304
-192
-45
13
-27
-65
-158
-249
-98
176
244
50
-91
-71
-54
77
293
284
121
-4
-53
59
245
282
107
1
30
-21
13
120
88
-43
-113
-99
-91
-25
-23
-167
-227
-132
-102
-172
-111
-29
-151
-226
-49
34
-80
-103
-22
1
23
51
-65
-88
47
86
66
139
195
-59
-176
130
287
145
53
100
-1
-84
100
180
111
73
-38
-124
-32
87
55
-6
48
-8
-165
-125
15
52
3
27
32
-111
-146
-15
101
159
107
-38
-80
-11
26
122
234
133
-101
-150
13
115
125
153
62
-135
-166
-18
100
121
86
-44
-214
-185
-16
56
85
51
-103
-193
-119
10
67
117
121
-73
-193
-70
53
106
135
101
-82
-163
-58
59
126
172
95
-154
-206
15
172
121
99
20
-172
-201
22
189
85
3
-88
-246
-185
53
113
-3
-48
-112
-217
-102
100
49
-67
-20
-40
-154
-76
80
37
-31
39
33
-118
-104
82
66
11
107
14
-179
-97
147
165
42
63
-3
-127
-7
184
184
64
-3
-99
-98
108
178
37
-34
19
-52
-120
78
161
-13
-86
-7
-13
-79
-9
23
-53
-35
-19
-74
-54
-19
-74
-79
21
51
-59
-121
-26
-16
-62
13
61
46
-48
-39
42
42
42
35
73
93
12
-33
38
118
83
32
46
49
-3
-14
86
110
73
14
-21
-10
26
48
11
-3
24
-40
-104
13
52
-10
-32
-10
-23
-60
-36
-1
18
-11
-42
-43
-7
-4
-42
-7
44
58
-5
-64
8
23
-6
50
95
41
-89
-88
27
82
79
12
-35
-54
-70
-3
63
49
-49
-122
-64
10
12
-33
-56
-33
-33
-62
-17
61
3
-67
-11
66
25
-57
17
92
25
-25
-7
3
-16
-8
57
75
23
-39
-89
-7
101
80
-11
-71
-25
0
0
0
0
0
0
0
0
0
0
0
0
0
0
0
0
0
0
0
0
0
0
0
0
0
0
0
0
0
0
0
0
0
0
0
0
0
0
0
0
0
0
0
0
0
0
0
0
0
0
0
0
0
0
0
0
0
0
0
0
0
0
0
0
0
0
0
0
0
0
0
0
0
0
0
0
0
0
0
0
0
0
0
0
0
0
0
0
0
0
0
0
0
0
0
0
0
0
0
0
0
0
0
0
0
0
0
0
0
0
0
0
0
0
0
0
0
0
0
0
0
0
0
0
0
0
0
0
0
0
0
0
0
0
0
0
0
0
0
0
0
0
0
0
0
0
0
0
0
0
0
0
0
0
0
0
0
0
0
0
0
0
0
0
0
0
0
0
0
0
0
0
0
0
0
0
0
0
0
0
0
0
0
0
0
0
0
0
0
0
0
0
0
0
0
0
0
0
0
0
0
0
0
0
0
0
0
0
0
0
0
0
0
0
0
0
0
0
0
0
0
0
0
0
0
0
0
0
0
0
0
0
0
0
0
0
0
0
0
0
0
0
0
0
0
0
0
0
0
0
0
0
0
0
0
0
0
0
0
0
0
0
0
0
0
0
0
0
0
0
0
0
0
0
0
0
0
0
0
0
0
0
0
0
0
0
0
0
0
0
0
0
0
0
0
0
0
0
0
0
0
0
0
0
0
0
0
0
0
0
0
0
0
0
0
0
0
0
0
0
0
0
0
0
0
0
0
0
0
0
0
0
0
0
0
0
0
0
0
0
0
0
0
0
0
0
0
0
0
0
0
0
0
0
0
0
0
0
0
0
0
0
0
0
0
0
0
0
0
0
0
0
0
0
0
0
0
0
0
0
0
0
0
0
0
0
0
0
0
0
0
0
0
0
0
0
0
0
0
0
