0
0
0
0
0
0
0
0
0
0
0
0
0
0
0
0
0
0
0
0
0
0
0
0
0
0
0
0
0
0
0
0
0
0
0
0
0
0
0
0
0
0
0
0
0
0
0
0
0
0
0
0
0
0
0
0
0
0
0
0
0
0
0
0
0
0
0
0
0
0
0
0
0
0
0
0
0
0
0
0
0
0
0
0
0
0
0
0
0
0
0
0
0
0
0
0
0
0
0
0
0
0
0
0
0
0
0
0
0
0
0
0
0
0
0
0
0
0
0
0
0
0
0
0
0
0
0
0
0
0
0
0
0
0
0
0
0
0
0
0
0
0
0
0
0
0
0
0
0
0
0
0
0
0
0
0
0
0
0
0
0
0
0
0
0
0
0
0
0
0
0
0
0
0
0
0
0
0
0
0
0
0
0
0
0
0
0
0
0
0
0
0
0
0
0
0
0
0
0
0
0
0
0
0
0
0
0
0
0
0
0
0
0
0
0
0
0
0
0
0
0
0
0
0
0
0
0
0
0
0
0
0
0
0
0
0
0
0
0
0
0
0
0
0
0
0
0
0
0
0
0
0
0
0
0
0
0
0
0
0
0
0
0
0
0
0
0
0
0
0
0
0
0
0
0
0
0
0
0
0
0
0
0
0
0
0
0
0
0
0
0
0
0
0
0
0
0
0
0
0
0
0
0
0
0
0
0
0
0
0
0
0
0
0
0
0
0
0
0
0
0
0
0
0
0
0
0
0
0
0
0
0
0
0
0
0
0
0
0
0
0
0
0
0
0
0
0
0
0
0
0
0
0
0
0
0
0
0
0
0
0
0
0
0
0
0
0
0
0
0
0
0
0
0
0
0
0
0
0
0
0
0
0
0
0
0
0
0
0
0
0
0
0
0
0
0
-9
-162
106
250
183
56
-83
-102
130
384
514
812
796
286
-92
-242
-117
633
1366
730
-927
-1414
-54
1136
1000
343
-40
339
872
304
-539
100
1407
926
-1043
-1388
189
581
-1076
-2314
-1366
171
-388
-2284
-2576
-1023
-127
-1242
-2308
-1133
462
-243
-1806
-1200
802
1040
-556
-964
571
1491
495
-242
905
2023
1278
-3
320
1506
1494
295
-208
920
1507
200
-1019
-65
1352
376
-922
-193
665
98
-557
-223
426
507
98
162
393
297
117
338
1130
1094
53
-386
316
927
400
-417
-44
819
343
-493
-425
125
413
-77
-236
314
560
283
-125
95
573
607
590
394
32
207
674
513
100
241
356
7
-191
-102
-280
-540
-566
-688
-947
-1026
-1171
-1634
-1602
-1146
-1130
-1486
-1803
-1495
-1330
-1963
-2046
-1490
-1274
-1653
-1712
-916
-840
-1635
-1850
-1280
-657
-533
-764
-662
-328
-582
-893
-755
-261
95
-228
-206
434
977
1206
1333
1801
2295
2337
2446
3177
3847
3851
3684
3961
4361
4244
3612
3121
3270
3198
2673
2208
1617
1185
750
209
-101
-625
-1256
-1709
-1779
-1616
-2148
-2921
-3080
-3012
-3321
-3755
-3339
-2343
-2030
-2339
-2135
-1192
-455
-354
-236
386
1135
1460
1372
1527
2191
2541
2192
1849
2080
2258
1685
1331
1750
1806
952
275
169
-181
-857
-1412
-1264
-1129
-1863
-2695
-3001
-2834
-3091
-3731
-3731
-3373
-3430
-3797
-3888
-3413
-2813
-3038
-3367
-2915
-2356
-2207
-2434
-2084
-1300
-1090
-1065
-886
-449
-167
-247
-95
366
1223
2013
2610
3526
4482
5252
5725
5992
6275
6678
6952
6891
6838
7117
7386
6786
5780
4986
4504
4055
3039
1892
989
445
-108
-946
-1603
-2031
-2700
-3617
-4328
-4753
-4888
-5368
-5942
-6044
-6095
-6118
-6384
-6428
-6124
-5647
-4855
-4304
-3536
-2511
-1734
-925
-94
717
1367
1808
2723
3782
4302
4710
5108
5700
6226
6162
5990
5939
5798
5216
4427
3886
3378
2505
1617
1005
178
-673
-1457
-2240
-3062
-3921
-4545
-5243
-5900
-6397
-6756
-6977
-7286
-7376
-7278
-7224
-6943
-6509
-6104
-5492
-4848
-4292
-3759
-3168
-2370
-1930
-1643
-1099
-504
364
963
1129
1515
2194
2976
3562
4533
6024
7102
7715
8315
9215
9948
9991
9632
9309
9167
9141
8883
8117
7501
6889
5876
4775
3589
2527
1352
80
-932
-1683
-2242
-3114
-4205
-5043
-5849
-6941
-8130
-8943
-9193
-9336
-9410
-8924
-8207
-7667
-7076
-6155
-5128
-4394
-3702
-2782
-1912
-925
222
1025
1846
2675
3433
4243
4722
5481
6228
6651
7260
7623
7971
8189
7985
7724
7236
6617
5746
4580
3776
2769
1571
897
-49
-1301
-2619
-3650
-4298
-5491
-6412
-6953
-7839
-8454
-8729
-8979
-9370
-9700
-9590
-9431
-9258
-8542
-7956
-7667
-6925
-5809
-4761
-4165
-3486
-2602
-1921
-1240
-547
156
798
1459
2197
2949
3653
4396
5421
6775
8171
9007
9609
10237
10830
11416
11697
11762
11465
11010
10779
10490
9794
8616
7423
6525
5543
4103
2478
971
-370
-1704
-2806
-3634
-4781
-5984
-6898
-7462
-8264
-9329
-9980
-10397
-10539
-10598
-10312
-9626
-8853
-7859
-6744
-5571
-4584
-3568
-2488
-1516
-762
186
1203
1968
2936
3709
4615
5049
5327
6039
6230
6550
6791
7057
6972
6567
6802
6584
5936
5441
5249
4959
4035
3090
2415
1535
471
-653
-1846
-2674
-3587
-4614
-5687
-6505
-6655
-7393
-8295
-8468
-8585
-9161
-9722
-9271
-8716
-8974
-8806
-7777
-6929
-6530
-6052
-5106
-4151
-3657
-2936
-1995
-1186
-489
-15
857
1760
2147
2458
2957
3935
4776
5766
7087
8184
9384
10199
11008
11916
12347
12566
12469
12295
12117
11786
11217
10306
9177
8160
7131
5750
4132
2378
907
-642
-2400
-3768
-5141
-6646
-7901
-8631
-9179
-10101
-10894
-11172
-11402
-11424
-11078
-10619
-10138
-9544
-8272
-7026
-5970
-4535
-3143
-1864
-884
379
1556
2042
2607
3373
4231
4604
5055
5764
6161
6791
7138
7332
7425
7022
6908
6553
5978
5668
5008
4647
4368
3857
3516
2649
1812
885
-347
-1151
-2237
-3278
-4277
-5308
-5649
-6249
-6710
-6718
-7105
-7411
-7625
-7635
-7738
-8208
-8265
-8164
-7952
-7480
-7008
-6338
-5619
-4858
-3991
-3433
-2847
-2055
-1682
-1342
-573
93
422
641
1211
1822
2181
2809
3692
5108
6571
7839
9081
10089
11360
12254
13078
13356
12906
12836
12657
12588
11685
10264
9282
8319
6999
5309
3931
2376
886
-894
-2517
-3784
-5647
-7108
-8205
-8919
-9804
-10885
-11276
-11341
-11391
-11591
-11411
-11029
-10568
-9782
-8592
-7180
-6270
-4996
-3379
-2206
-1098
73
1389
2249
3058
4193
4933
5412
5604
6313
7024
7117
7506
7576
7432
7153
6797
6600
5937
5384
5002
4312
3779
3287
2712
2205
1470
741
-151
-1115
-1783
-2732
-3686
-4555
-5158
-5475
-6146
-6544
-6828
-7195
-7162
-7112
-7181
-7462
-7495
-7105
-7016
-7105
-7049
-6584
-5909
-5301
-4463
-3691
-2979
-2221
-1645
-993
-507
-343
-136
42
359
824
1124
1592
2427
3735
5357
6756
8094
9316
10363
11529
12478
13082
13105
12880
12944
13000
12634
11427
10228
9191
8092
6742
4902
3386
1800
340
-1290
-2966
-4097
-5576
-6985
-8267
-9184
-10047
-11032
-11474
-11781
-12041
-12114
-11806
-11434
-10713
-9703
-8740
-7743
-6585
-5010
-3706
-2460
-1219
108
1331
2285
3258
4062
4936
5465
6191
6634
6870
7216
7151
7474
7279
7122
6914
6264
5841
5204
4790
4252
3739
3388
2954
2334
1680
1083
363
-352
-1264
-1877
-2863
-3822
-4367
-4992
-5432
-6153
-6265
-6275
-6499
-6492
-6621
-6721
-7031
-6980
-6823
-7041
-7192
-6732
-5898
-5337
-4764
-3960
-3059
-2460
-1828
-1375
-1155
-786
-768
-427
19
180
522
864
1680
2682
3619
4852
6215
7561
8578
9823
11068
11821
12460
12642
12723
12503
11861
11359
10541
9369
8050
7010
6052
4593
3183
1905
606
-860
-2389
-3664
-5112
-6598
-7907
-8995
-9887
-10694
-11083
-11330
-11468
-11217
-10713
-10136
-9552
-8631
-7675
-6960
-5908
-4584
-3490
-2541
-1308
91
1116
2066
3045
3922
4749
5136
5659
6102
6064
6275
6288
6355
6460
6262
6178
5736
5467
5263
4538
4140
3744
3283
2893
2280
1923
1249
410
-79
-919
-1726
-2518
-3455
-4017
-4634
-5158
-5573
-5951
-5946
-6239
-6300
-6196
-6553
-6550
-6561
-6421
-6289
-6504
-6108
-5592
-5135
-4604
-3968
-3130
-2702
-2219
-1705
-1407
-1003
-715
-310
-23
217
579
769
1308
2126
2777
3698
5141
6386
7502
8578
9701
10839
11383
12017
12204
11693
11150
10741
10155
8939
7920
7051
6346
5256
3981
2997
1793
682
-783
-1964
-3298
-4885
-6128
-7308
-8077
-9064
-9736
-10026
-10220
-10191
-9925
-9444
-9107
-8475
-7780
-6924
-6207
-5397
-4277
-3464
-2468
-1427
-405
450
1296
2209
3009
3672
4257
4864
5182
5481
5389
5529
5607
5351
5449
5044
4951
4771
4373
4249
3818
3568
3287
2917
2526
2038
1316
637
-45
-821
-1641
-2474
-2884
-3677
-4243
-4515
-4889
-5241
-5638
-5414
-5584
-5879
-6037
-6177
-5981
-5945
-5819
-5745
-5455
-5077
-4655
-4010
-3439
-2959
-2561
-1837
-1377
-1213
-906
-554
-173
-41
255
538
632
1017
1432
1907
2478
3270
4431
5541
6536
7549
8608
9508
10265
10716
10872
10835
10542
10308
9626
8786
7894
6943
6313
5243
4061
2889
1945
986
-550
-1754
-3012
-4442
-5720
-6815
-7618
-8649
-9389
-9648
-9782
-9704
-9559
-9146
-8553
-7777
-6914
-6235
-5428
-4554
-3646
-2879
-2198
-1437
-836
-108
613
1397
2184
2610
3307
4002
4543
4966
4914
5106
5277
5209
5130
4712
4570
4639
4618
4665
4550
4607
4523
4175
4022
3297
2324
1412
430
-383
-1727
-2791
-3558
-4360
-4760
-5370
-5572
-5840
-6152
-5951
-6208
-6439
-6613
-6719
-6651
-6796
-6596
-6377
-6096
-5313
-4541
-3838
-3275
-2706
-2014
-1517
-1202
-1016
-818
-436
-11
231
493
847
1095
1478
2105
2596
3043
3814
4818
5784
6468
7354
8388
9207
10091
10544
10712
10699
10427
10210
9496
8547
7633
6753
6016
4948
3761
2516
1539
650
-674
-1799
-3009
-4181
-5333
-6377
-7080
-8135
-8877
-9288
-9392
-9319
-9318
-8995
-8574
-7796
-6979
-6232
-5461
-4698
-3806
-2877
-2100
-1440
-707
-116
732
1312
1894
2653
3154
3982
4432
4982
5278
5297
5692
5414
5297
5117
4822
4893
4668
4657
4421
4198
4292
3919
3650
3169
2340
1538
586
-204
-1419
-2766
-3597
-4335
-4908
-5588
-6087
-6202
-6400
-6294
-6207
-6301
-6335
-6463
-6213
-6104
-6226
-5975
-5666
-5116
-4584
-4005
-3258
-2653
-1839
-1183
-664
-99
283
595
875
1272
1431
1346
1554
1781
1894
2030
2310
2869
3469
4287
5254
6042
6950
7788
8610
9366
9687
9810
9664
9504
9200
8458
7749
6896
6160
5439
4273
3230
2247
1352
307
-1000
-2004
-3138
-4318
-5291
-6220
-7129
-8071
-8598
-8837
-9176
-9358
-9268
-8941
-8333
-7614
-6842
-5989
-5176
-4267
-3335
-2585
-1932
-1272
-496
297
881
1457
2173
2812
3516
4279
4740
5040
5492
5871
5941
5839
5637
5541
5281
4984
4830
4397
4203
3962
3554
3329
2846
2318
1689
972
217
-818
-1767
-2636
-3593
-4280
-4900
-5670
-6143
-6260
-6194
-6357
-6400
-6067
-6089
-6072
-5848
-5688
-5667
-5607
-4978
-4428
-4114
-3572
-2909
-2154
-1553
-990
-381
56
551
918
1159
1463
1563
1665
1757
1874
1979
1872
2140
2569
2858
3329
3991
4824
5542
6201
6929
7543
7990
8229
8344
8299
8076
7705
7278
6769
5985
5172
4353
3474
2597
1629
758
-245
-1243
-2008
-2998
-3907
-4671
-5539
-6222
-6804
-7303
-7726
-8165
-8194
-8010
-7830
-7325
-6808
-6143
-5266
-4417
-3488
-2645
-1884
-1249
-605
80
498
803
1353
1989
2446
3007
3537
4036
4501
4819
5139
5140
5031
4864
4586
4410
4033
3567
3272
3071
2907
2698
2473
2312
2008
1609
1244
644
-190
-1056
-1916
-2777
-3506
-4216
-4870
-5308
-5560
-5575
-5637
-5524
-5304
-5200
-4957
-4805
-4634
-4622
-4569
-4161
-3985
-3742
-3397
-2917
-2226
-1833
-1253
-596
-6
640
984
1390
1685
1778
1892
1889
1871
1687
1481
1576
1781
1922
2197
2780
3572
4202
4760
5554
6251
6801
7192
7405
7532
7337
7101
6772
6231
5634
4828
4197
3553
2657
1829
1086
489
-347
-1232
-1894
-2627
-3403
-4233
-4916
-5601
-6265
-6673
-7060
-7304
-7375
-7215
-6816
-6304
-5613
-5011
-4349
-3477
-2738
-2077
-1520
-930
-358
-13
434
814
1253
1681
2040
2680
3126
3509
3823
4160
4496
4353
4336
4255
4059
3799
3393
3280
2901
2500
2362
2154
2049
1709
1399
1239
761
259
-409
-1147
-1797
-2685
-3354
-3954
-4590
-4951
-5164
-5072
-5028
-5018
-4752
-4488
-4129
-3896
-3736
-3493
-3291
-2940
-2755
-2606
-2305
-1972
-1503
-1185
-739
-247
43
448
792
1046
1106
1109
1334
1326
1078
918
851
972
1023
1044
1381
1832
2420
3006
3636
4476
5081
5709
6320
6677
6869
6751
6806
6630
6016
5405
4694
4237
3498
2642
2016
1362
902
121
-497
-1032
-1861
-2631
-3400
-3966
-4812
-5639
-6051
-6407
-6684
-6841
-6661
-6306
-5877
-5261
-4523
-3790
-3093
-2334
-1627
-1115
-762
-382
23
336
662
1013
1358
1747
2207
2625
2957
3318
3556
3739
3828
3765
3603
3400
3290
2898
2598
2424
2194
2018
1816
1856
1613
1373
1188
842
450
-284
-899
-1567
-2251
-2935
-3563
-3959
-4370
-4563
-4568
-4404
-4349
-4229
-3938
-3674
-3428
-3310
-3035
-2911
-2769
-2499
-2340
-2081
-1830
-1425
-1074
-749
-290
-20
319
609
737
876
823
876
884
601
485
365
324
418
450
786
1242
1771
2412
2990
3782
4496
5111
5767
6104
6347
6495
6474
6347
5935
5432
4899
4334
3674
2868
2179
1590
977
355
-227
-779
-1388
-2010
-2579
-3163
-3796
-4361
-4826
-5209
-5509
-5672
-5635
-5424
-5096
-4638
-4093
-3523
-2951
-2411
-1831
-1383
-1029
-597
-327
-65
202
456
760
962
1352
1745
1992
2332
2604
2940
3071
2993
3095
2975
2742
2603
2415
2218
2002
1882
1809
1612
1447
1351
1136
872
518
74
-449
-1036
-1553
-2239
-2831
-3175
-3477
-3697
-3884
-3792
-3709
-3694
-3407
-3207
-3047
-2988
-2826
-2535
-2571
-2472
-2319
-2107
-1828
-1674
-1343
-1110
-769
-402
-216
111
315
426
611
723
737
686
613
620
594
588
629
624
849
1237
1717
2186
2678
3384
4050
4706
5199
5512
5824
5967
6047
5880
5454
4966
4401
3917
3244
2450
1789
1220
792
247
-311
-731
-1130
-1539
-2029
-2546
-3113
-3705
-4122
-4372
-4701
-5025
-5042
-4808
-4538
-4227
-3771
-3167
-2531
-2015
-1450
-1006
-781
-471
-159
35
48
209
389
473
711
879
1166
1430
1684
2000
2176
2328
2382
2447
2387
2229
2112
1976
1913
1791
1624
1506
1389
1293
1155
883
654
278
-238
-595
-1057
-1557
-2014
-2371
-2661
-2998
-3121
-3140
-3118
-3099
-3092
-2931
-2764
-2615
-2465
-2289
-2136
-2099
-2024
-1893
-1725
-1627
-1468
-1237
-1104
-800
-517
-254
36
205
446
543
617
699
622
580
542
472
449
524
711
1007
1373
1842
2358
2966
3590
4131
4655
4970
5253
5442
5442
5338
4892
4477
4059
3502
3026
2474
1943
1422
1005
650
135
-240
-627
-1069
-1520
-2059
-2490
-3025
-3489
-3734
-4063
-4335
-4414
-4367
-4256
-3975
-3582
-3179
-2677
-2197
-1668
-1238
-900
-550
-336
-110
-43
29
127
175
318
395
659
873
1064
1401
1652
1903
1999
2162
2263
2150
2098
1985
1853
1646
1515
1466
1294
1221
1087
942
839
597
332
-71
-423
-781
-1327
-1732
-2146
-2519
-2795
-3017
-2991
-2999
-2941
-2739
-2596
-2415
-2376
-2244
-1987
-1989
-1937
-1857
-1834
-1718
-1573
-1277
-1060
-871
-482
-155
158
326
437
610
599
623
523
334
270
198
194
181
298
535
847
1351
1817
2253
2776
3333
3833
4235
4538
4713
4776
4816
4734
4420
4019
3613
3177
2660
2176
1730
1334
970
515
153
-253
-624
-968
-1429
-1770
-2264
-2764
-3091
-3452
-3707
-3961
-4038
-3921
-3786
-3503
-3156
-2677
-2221
-1803
-1322
-1020
-690
-411
-238
-58
-65
6
90
141
324
457
668
885
1160
1438
1554
1721
1773
1779
1787
1680
1587
1450
1306
1193
1108
1048
984
921
870
810
698
545
325
23
-344
-730
-1106
-1512
-1900
-2169
-2341
-2498
-2587
-2549
-2480
-2389
-2177
-1962
-1867
-1749
-1593
-1523
-1528
-1540
-1518
-1445
-1339
-1212
-1087
-918
-636
-349
-139
71
274
413
514
600
597
509
443
422
321
184
170
236
404
643
990
1363
1747
2266
2682
3142
3541
3785
4086
4184
4189
4066
3776
3511
3134
2788
2403
2002
1667
1277
993
646
325
70
-268
-538
-947
-1353
-1700
-2105
-2404
-2722
-3014
-3180
-3272
-3264
-3151
-2958
-2681
-2353
-1990
-1599
-1289
-1044
-783
-522
-353
-282
-207
-110
-54
19
129
226
398
537
683
862
990
1121
1118
1198
1235
1084
1024
938
908
839
780
865
844
894
911
900
914
725
553
314
23
-317
-803
-1137
-1443
-1735
-1934
-2059
-2041
-2021
-1947
-1766
-1600
-1534
-1462
-1315
-1237
-1232
-1260
-1258
-1230
-1262
-1267
-1173
-1006
-836
-664
-408
-188
-47
122
304
386
333
304
284
178
72
-22
-90
-123
-62
32
142
416
717
1022
1382
1771
2153
2420
2778
3123
3253
3354
3427
3455
3298
3093
2945
2662
2390
2095
1804
1507
1172
872
588
349
2
-321
-635
-963
-1289
-1646
-1856
-2107
-2356
-2497
-2524
-2492
-2511
-2411
-2217
-2013
-1799
-1551
-1296
-1066
-868
-686
-520
-435
-353
-221
-66
17
96
144
181
328
345
363
457
517
568
577
688
735
737
861
906
945
972
999
1036
995
994
900
720
536
290
57
-209
-423
-632
-890
-1069
-1191
-1299
-1416
-1444
-1424
-1451
-1413
-1392
-1435
-1443
-1429
-1371
-1363
-1358
-1251
-1194
-1055
-901
-773
-578
-441
-244
-80
29
119
166
230
216
165
125
108
27
-31
-24
-10
14
63
191
285
478
648
873
1139
1248
1523
1727
1924
2141
2249
2430
2506
2553
2571
2560
2521
2361
2229
2038
1755
1521
1252
934
663
332
54
-158
-442
-675
-876
-1031
-1171
-1359
-1468
-1542
-1619
-1665
-1673
-1669
-1653
-1568
-1485
-1346
-1211
-1066
-902
-809
-611
-504
-393
-241
-173
-87
-86
28
55
45
119
108
186
190
221
310
329
402
483
573
654
687
755
818
820
834
762
655
561
359
203
23
-188
-339
-535
-659
-798
-925
-935
-1034
-1094
-1104
-1150
-1176
-1175
-1114
-1160
-1202
-1113
-1084
-1061
-966
-826
-676
-520
-324
-137
5
150
272
346
368
344
302
226
136
32
-61
-172
-244
-265
-319
-260
-210
-160
-28
28
146
252
325
444
526
652
814
969
1147
1332
1525
1721
1916
2059
2113
2144
2155
2066
1886
1678
1423
1107
796
522
248
-2
-170
-264
-347
-400
-373
-381
-403
-384
-454
-545
-632
-771
-875
-982
-1105
-1178
-1190
-1145
-1080
-978
-846
-726
-568
-442
-374
-270
-204
-186
-177
-183
-200
-238
-229
-213
-195
-114
-12
110
210
343
488
558
649
689
717
712
638
579
417
276
86
-93
-217
-392
-475
-549
-591
-630
-630
-599
-612
-618
-606
-633
-694
-733
-808
-849
-941
-964
-915
-905
-838
-747
-595
-467
-287
-111
-2
130
205
302
344
296
274
214
148
85
25
-25
-61
-57
-53
-10
56
122
168
217
237
246
252
243
250
252
282
314
403
493
653
824
952
1146
1308
1425
1507
1540
1514
1438
1300
1173
970
737
591
413
237
105
38
9
-50
-32
-18
-25
7
-27
-84
-152
-219
-358
-502
-592
-724
-819
-843
-861
-844
-773
-724
-630
-520
-396
-283
-181
-51
-10
3
47
34
8
-4
-34
-35
-38
-18
12
60
121
162
206
218
194
146
84
15
-71
-176
-286
-370
-458
-522
-579
-590
-530
-504
-452
-377
-351
-325
-296
-325
-366
-371
-422
-488
-532
-542
-552
-551
-463
-407
-341
-208
-139
-61
47
78
90
79
93
44
-5
28
13
15
52
69
68
107
155
169
176
188
186
175
155
118
107
97
55
44
51
52
100
182
243
304
394
505
598
693
805
853
878
917
924
899
859
822
767
676
616
560
460
454
402
341
337
302
276
229
185
129
70
42
-53
-153
-207
-298
-379
-440
-483
-519
-529
-487
-456
-416
-358
-278
-216
-177
-135
-134
-114
-124
-108
-127
-148
-116
-125
-135
-120
-108
-119
-75
-76
-88
-72
-88
-92
-143
-189
-209
-292
-320
-332
-390
-399
-420
-430
-420
-396
-360
-349
-318
-282
-259
-245
-247
-231
-222
-204
-201
-198
-167
-193
-161
-136
-133
-109
-114
-90
-75
-86
-65
-36
-14
13
34
37
34
54
76
84
86
96
82
91
118
92
93
164
156
191
259
282
308
341
398
387
395
397
396
384
346
327
303
267
253
270
235
258
310
329
351
373
391
377
392
385
355
329
286
240
166
121
76
34
26
28
15
-1
35
69
55
64
112
80
48
65
-5
-60
-77
-107
-133
-183
-209
-202
-210
-210
-188
-191
-186
-144
-128
-152
-153
-147
-172
-181
-192
-216
-219
-221
-220
-235
-249
-240
-260
-278
-276
-293
-290
-274
-300
-317
-297
-270
-268
-251
-202
-191
-172
-133
-124
-112
-91
-91
-103
-107
-115
-122
-118
-117
-130
-114
-89
-102
-91
-51
-25
-14
13
24
15
37
42
45
75
66
72
93
91
110
137
161
179
195
204
213
219
207
216
197
173
189
183
161
166
181
165
171
179
150
163
159
148
183
164
143
154
133
127
136
149
162
153
163
178
179
197
202
204
208
194
184
152
125
147
130
88
96
87
37
19
16
-29
-70
-67
-80
-114
-140
-164
-154
-163
-183
-154
-158
-175
-151
0
0
0
0
0
0
0
0
0
0
0
0
0
0
0
0
0
0
0
0
0
0
0
0
0
0
0
0
0
0
0
0
0
0
0
0
0
0
0
0
0
0
0
0
0
0
0
0
0
0
0
0
0
0
0
0
0
0
0
0
0
0
0
0
0
0
0
0
0
0
0
0
0
0
0
0
0
0
0
0
0
0
0
0
0
0
0
0
0
0
0
0
0
0
0
0
0
0
0
0
0
0
0
0
0
0
0
0
0
0
0
0
0
0
0
0
0
0
0
0
0
0
0
0
0
0
0
0
0
0
0
0
0
0
0
0
0
0
0
0
0
0
0
0
0
0
0
0
0
0
0
0
0
0
0
0
0
0
0
0
0
0
0
0
0
0
0
0
0
0
0
0
0
0
0
0
0
0
0
0
0
0
0
0
0
0
0
0
0
0
0
0
0
0
0
0
0
0
0
0
0
0
0
0
0
0
0
0
0
0
0
0
0
0
0
0
0
0
0
0
0
0
0
0
0
0
0
0
0
0
0
0
0
0
0
0
0
0
0
0
0
0
0
0
0
0
0
0
0
0
0
0
0
0
0
0
0
0
0
0
0
0
0
0
0
0
0
0
0
0
0
0
0
0
0
0
0
0
0
0
0
0
0
0
0
0
0
0
0
0
0
0
0
0
0
0
0
0
0
0
0
0
0
0
0
0
0
0
0
0
0
0
0
0
0
0
0
0
0
0
0
0
0
0
0
0
0
0
0
0
0
0
0
0
0
0
0
0
0
0
0
0
0
0
0
0
0
0
0
0
0
0
0
0
0
0
0
0
0
0
0
0
0
0
0
0
0
0
0
0
0
0
0
0
0
0
0
0
0
0
0
0
0
0
0
0
0
0
0
0
0
0
0
0
0
0
0
0
0
0
