0
0
0
0
0
0
0
0
0
0
0
0
0
0
0
0
0
0
0
0
0
0
0
0
0
0
0
0
0
0
0
0
0
0
0
0
0
0
0
0
0
0
0
0
0
0
0
0
0
0
0
0
0
0
0
0
0
0
0
0
0
0
0
0
0
0
0
0
0
0
0
0
0
0
0
0
0
0
0
0
0
0
0
0
0
0
0
0
0
0
0
0
0
0
0
0
0
0
0
0
0
0
0
0
0
0
0
0
0
0
0
0
0
0
0
0
0
0
0
0
0
0
0
0
0
0
0
0
0
0
0
0
0
0
0
0
0
0
0
0
0
0
0
0
0
0
0
0
0
0
0
0
0
0
0
0
0
0
0
0
0
0
0
0
0
0
0
0
0
0
0
0
0
0
0
0
0
0
0
0
0
0
0
0
0
0
0
0
0
0
0
0
0
0
0
0
0
0
0
0
0
0
0
0
0
0
0
0
0
0
0
0
0
0
0
0
0
0
0
0
0
0
0
0
0
0
0
0
0
0
0
0
0
0
0
0
0
0
0
0
0
0
0
0
0
0
0
0
0
0
0
0
0
0
0
0
0
0
0
0
0
0
0
0
0
0
0
0
0
0
0
0
0
0
0
0
0
0
0
0
0
0
0
0
0
0
0
0
0
0
0
0
0
0
0
0
0
0
0
0
0
0
0
0
0
0
0
0
0
0
0
0
0
0
0
0
0
0
0
0
0
0
0
0
0
0
0
0
0
0
0
0
0
0
0
0
0
0
0
0
0
0
0
0
0
0
0
0
0
0
0
0
0
0
0
0
0
0
0
0
0
0
0
0
0
0
0
0
0
0
0
0
0
0
0
0
0
0
0
0
0
0
0
0
0
0
0
0
0
0
0
0
0
0
0
0
6
-44
-24
37
30
-65
-115
-17
35
16
45
85
115
39
-67
-64
31
104
57
17
65
87
31
-11
28
72
25
-66
-78
-5
62
79
77
65
-2
-92
-106
-28
47
64
53
37
-1
-48
-53
4
45
-13
-97
-71
36
81
31
0
1
-66
-157
-153
-34
64
59
-3
-38
0
-39
-100
-74
-24
23
-4
-32
14
66
53
-33
-50
-16
-39
-63
-38
21
78
55
-21
-41
-28
-33
-44
-11
49
58
16
-22
-2
39
30
3
19
55
37
-14
8
80
87
31
-22
-21
-5
-36
-24
49
75
25
-37
-46
2
32
-3
-18
5
5
-16
-19
14
42
28
-22
-48
-33
-27
-5
21
37
44
19
-14
-48
-48
-5
-8
-38
-45
-21
14
7
7
33
37
-4
-52
-44
0
20
-5
-12
5
-13
-36
-18
34
50
-1
-45
-38
-11
2
-7
-19
-18
-39
-49
-8
47
70
32
3
-15
-44
-42
-17
15
23
11
9
16
41
49
28
10
-1
-29
-34
17
54
53
40
6
-8
0
-2
16
41
41
12
-13
-5
4
7
16
7
-8
-7
1
6
11
16
15
-11
-29
-11
10
19
18
13
0
-2
-18
-43
-24
0
-5
-10
-9
-2
3
-8
-15
-15
-30
-34
-32
-24
-4
4
-3
-6
11
8
-23
-43
-15
26
-5
-25
11
35
25
-29
-43
-16
-18
-34
-29
26
66
43
13
5
6
-23
-49
-31
2
17
12
30
75
67
14
-13
-10
-19
-58
-63
4
59
57
16
8
40
9
-38
-29
-1
20
-12
-41
13
54
29
-3
-3
3
-13
-34
-25
15
19
-12
-24
-26
-16
-6
10
27
10
-8
-5
-9
-10
-13
-21
-2
8
-11
5
22
29
28
-15
-26
-11
-19
-34
-25
5
22
19
8
20
20
1
-17
-22
-8
-14
-21
-4
18
35
26
4
1
5
1
4
13
24
20
12
12
12
8
-3
1
-7
-20
-7
4
10
-1
-8
7
1
-12
-12
-7
-12
-16
-21
-15
-11
-14
-6
4
11
8
-2
-8
-6
-7
-16
-7
2
-3
-12
-7
3
8
4
-5
-4
-8
-14
-8
3
5
-2
-4
-11
-5
-5
-3
9
14
10
-1
-4
-7
-6
-1
8
6
-2
0
6
17
9
-1
5
-3
-16
-2
12
22
20
7
10
4
-2
1
6
15
4
-7
-1
13
23
17
2
-1
-6
-11
-12
-8
9
5
0
8
9
10
5
-7
-13
-11
-17
-16
-2
10
11
8
-3
-13
-11
-15
-19
-8
-1
-4
-5
0
3
5
-3
-13
-12
-15
-9
-2
2
7
9
4
-4
-11
-13
-7
-4
2
4
1
11
10
-1
-5
-6
0
-5
-14
1
16
15
9
0
6
7
-5
-3
3
10
5
-9
-1
11
10
0
-2
2
6
1
-1
4
8
4
-6
-4
4
2
-1
-1
4
7
1
-4
-1
3
-2
-10
1
5
0
0
2
8
3
-9
-7
-7
-4
0
-2
4
6
-4
-10
-9
-8
-7
-7
-4
5
8
4
4
5
1
-6
-11
-9
0
5
10
11
6
4
-2
-7
-2
0
0
1
2
3
1
-2
0
-1
-1
-2
-1
2
2
4
6
4
3
3
0
1
0
1
1
2
2
1
4
7
3
1
-1
-2
-4
-5
2
5
4
5
1
0
-2
-5
-2
-1
-1
-1
0
3
1
-1
0
-5
-9
-11
-11
-7
-4
-1
3
2
1
1
-1
-2
-4
-3
-2
-3
1
5
5
3
0
0
1
-3
-4
-1
-1
-1
1
1
2
2
-2
-1
0
-1
1
0
0
3
2
0
1
4
6
4
3
1
0
0
-3
-3
-1
3
3
1
3
5
3
3
2
1
0
-3
-3
-1
1
3
1
-1
1
-1
-1
-1
0
2
2
1
1
5
3
-2
-1
-1
-3
-3
-1
3
5
3
4
1
-3
-4
-5
-6
-4
-2
1
1
2
3
0
-1
-4
-5
-4
-2
-1
2
3
3
3
-1
-3
-3
-3
-4
-1
1
1
2
3
0
1
-1
-3
-3
-2
1
2
0
2
2
-1
0
0
1
1
-1
-1
1
2
0
2
2
1
1
0
0
4
3
1
1
1
1
0
0
2
2
-1
-1
0
0
-1
-1
-1
-2
-2
-2
0
2
1
1
0
-1
-2
-2
-1
0
0
-1
0
0
-1
1
1
0
0
-2
-3
-1
-1
0
0
0
0
0
2
2
0
0
-1
-2
-3
-3
0
1
2
0
-1
0
-1
-2
-2
0
0
-1
-1
-1
0
-1
-1
-1
-1
-1
-2
0
0
0
2
2
1
1
1
1
0
0
-1
-1
-1
0
1
2
3
5
1
0
2
1
1
0
1
2
1
1
1
0
2
1
-1
1
0
0
1
-1
0
0
-1
-1
0
0
2
1
1
1
0
0
-1
-1
-1
-2
-2
0
0
0
1
0
-2
-1
0
0
1
1
-1
0
1
-1
-2
-1
0
-1
0
0
1
0
-2
-1
1
-1
-1
0
1
1
-1
-2
-1
-1
-1
-1
1
1
1
0
0
1
1
0
-1
0
-1
-1
0
1
1
1
0
-1
0
0
0
0
0
1
0
-2
-1
1
0
0
0
0
-1
-2
-1
0
-1
0
1
0
0
0
0
2
0
0
-1
-1
-1
-1
0
0
1
1
0
1
0
-1
-1
-1
-1
-1
-2
0
2
2
0
1
1
-2
-1
0
0
1
1
0
0
0
0
0
-1
1
-1
0
1
0
1
1
0
1
1
1
1
0
-1
0
0
-1
1
0
0
1
0
0
0
0
0
-1
-1
0
-1
0
0
0
0
0
0
1
0
1
1
-1
0
-2
-1
-1
1
1
-1
2
-1
-1
-1
-1
-2
-2
-2
-2
-2
1
0
1
1
0
0
1
-1
0
-1
0
0
0
0
0
1
0
0
0
1
0
1
1
1
1
0
1
1
1
1
1
-1
0
0
1
0
0
-1
-1
-1
0
0
0
1
0
0
-1
-1
0
0
-1
0
-1
-1
0
-1
0
0
-1
0
0
-1
-1
0
-1
0
0
0
0
1
2
0
1
0
-1
0
0
0
2
1
0
1
1
0
1
-1
-1
-1
1
0
0
0
1
0
-1
0
-1
-1
0
1
2
0
1
0
1
1
0
-1
-1
-2
0
2
0
1
0
1
1
0
0
0
1
0
0
1
0
0
0
0
0
0
1
0
1
0
0
1
0
0
0
-1
0
0
2
1
0
0
0
0
0
-1
1
0
0
0
1
1
-1
-1
0
1
0
1
0
0
0
0
-1
-2
-1
-1
0
0
0
0
-1
0
0
-1
-1
-1
0
-1
-1
0
0
0
-1
0
0
0
0
1
0
0
0
-1
0
1
1
1
0
1
1
0
0
1
1
1
1
1
1
1
0
0
1
0
0
0
0
1
0
0
0
0
0
0
-1
0
0
0
-1
0
0
0
0
0
0
-1
0
-1
0
0
-1
0
-1
0
0
0
-1
0
0
0
0
0
-1
-1
-1
-1
0
0
0
1
0
0
0
0
1
0
0
1
0
0
1
1
0
0
1
1
0
0
0
-1
-1
0
0
1
1
0
0
1
0
0
0
1
1
1
0
0
0
1
0
0
0
0
0
0
0
0
1
0
1
0
1
0
0
-1
-1
0
-1
0
0
-1
0
0
0
0
0
0
0
0
0
1
0
0
1
-1
0
0
0
0
-1
-1
0
-1
-1
-1
0
0
-1
-1
-1
0
-1
-1
0
0
0
0
0
0
0
0
-1
0
0
0
0
-1
-1
-1
0
-1
0
-1
-1
0
-1
0
0
1
1
1
1
1
1
0
0
1
0
0
0
1
0
0
0
0
0
0
0
1
0
0
0
1
1
1
1
1
1
0
0
1
0
1
1
0
1
1
1
0
0
-1
1
1
-1
0
-1
-1
-1
0
0
0
0
0
0
-1
-1
0
0
0
0
-1
-1
-1
-1
-1
0
-1
0
-1
-1
-2
-2
-1
-1
-1
0
0
-1
-1
-2
0
0
0
1
0
0
0
0
0
0
1
1
-1
-1
0
0
-1
1
0
-1
-1
-1
0
0
1
1
0
1
1
0
1
1
2
1
0
1
1
1
0
0
0
-1
-1
-2
-1
-1
-2
-1
-2
-1
-1
-2
0
-1
0
1
0
0
1
0
1
1
0
0
0
0
0
-1
0
-1
-1
-1
0
0
0
-1
0
0
0
0
1
0
2
2
2
2
1
3
3
3
3
3
2
2
2
2
1
1
1
-1
0
1
1
1
1
2
1
2
3
2
2
2
3
1
1
1
1
1
1
0
0
-1
0
1
0
0
0
0
-1
-2
-1
-2
-2
-3
-4
-4
-3
-3
-2
-1
-2
-2
-1
-1
-1
-1
0
0
0
0
1
1
1
0
-1
-1
-2
-1
-1
-1
-1
-1
-2
-2
-1
-1
-1
0
-1
0
0
-1
0
-1
0
1
0
1
1
1
0
1
0
-1
-1
0
-1
0
-1
0
1
1
0
0
1
2
1
1
1
1
1
1
1
1
1
1
1
1
0
0
0
-1
0
-1
-1
0
-1
-1
0
0
-1
0
0
0
0
0
1
1
0
-1
0
0
0
0
0
0
0
-1
-1
1
1
0
-1
0
0
0
1
0
1
1
2
1
1
0
0
1
1
1
0
1
1
0
0
-1
-1
-1
-1
-1
0
0
0
0
1
1
1
0
1
1
-1
0
0
0
0
0
0
1
0
0
0
0
0
0
0
0
-1
-2
-1
-1
-1
-1
-1
0
-1
0
0
0
0
0
1
-1
0
0
-1
-1
0
0
0
0
0
-1
0
-1
-1
1
-1
0
-1
-1
0
-1
0
0
0
0
0
0
0
0
-1
1
0
-1
-1
-1
-1
-1
-1
0
-1
-1
0
-1
-1
-1
0
-1
0
0
1
0
0
0
1
2
2
1
3
2
2
2
2
1
2
1
0
1
1
1
0
0
0
0
1
0
-1
-1
-1
0
0
0
-1
0
-1
-1
-1
0
0
-1
0
0
0
-1
0
-1
-1
-1
0
-1
1
0
0
0
-1
0
0
-1
0
0
0
0
0
-2
-1
-1
-1
-2
-1
-2
-1
-2
-2
-1
-1
-2
-2
-2
-3
-1
-2
-1
-1
-1
0
0
1
0
0
2
2
2
2
3
3
3
2
3
2
3
3
4
4
5
5
4
3
3
4
3
4
3
3
3
2
2
1
2
1
1
1
1
1
0
0
-1
-2
-2
-4
-5
-4
-5
-4
-5
-5
-6
-6
-8
-8
-8
-8
-8
-7
-8
-7
-8
-8
-8
-7
-7
-7
-7
-6
-4
-4
-3
-4
0
0
1
2
1
5
3
6
5
5
7
8
8
6
8
10
11
8
9
9
8
11
8
10
9
9
9
11
14
10
10
11
11
11
9
10
12
8
6
6
3
3
1
-4
-3
-5
-8
-8
-10
-8
-10
-13
-12
-13
-15
-15
-17
-19
-17
-15
-19
-22
-18
-14
-13
-12
-10
-12
-16
-10
-5
-8
-13
-11
-13
-13
-12
-12
-13
-16
-22
-21
-14
-17
-23
-24
-19
-14
-19
-16
-7
-17
-7
5
6
18
22
26
28
31
41
41
46
52
57
59
59
58
61
67
65
56
53
50
44
48
47
35
33
27
24
22
15
-1
-5
-3
-18
-20
-20
-19
-33
-40
-39
-39
-32
-33
-30
-36
-32
-27
-20
-14
-15
-20
-17
-8
-7
-8
-12
-13
-14
-9
-7
-13
-13
-15
-26
-39
-44
-46
-54
-54
-44
-80
-94
-97
-110
-87
-80
-95
-97
-84
-94
-81
-60
-75
-45
-36
-35
-17
-13
5
-2
5
29
35
36
31
46
44
63
94
92
83
66
78
78
67
82
63
64
83
90
99
91
84
89
119
131
121
146
156
156
178
186
189
191
196
206
207
196
171
142
145
136
95
86
67
26
26
-4
-44
-66
-110
-113
-121
-148
-144
-166
-211
-222
-230
-258
-246
-237
-276
-296
-292
-293
-268
-238
-265
-272
-240
-233
-229
-218
-197
-171
-146
-143
-158
-164
-166
-164
-184
-222
-265
-287
-281
-308
-342
-379
-413
-396
-391
-396
-378
-370
-328
-255
-188
-101
41
166
254
420
605
777
972
1097
1197
1320
1453
1572
1617
1638
1625
1611
1599
1468
1324
1170
1001
866
634
408
234
10
-201
-404
-604
-748
-833
-910
-1017
-1102
-1134
-1148
-1104
-1016
-943
-868
-806
-718
-543
-407
-343
-247
-151
-81
-35
-38
-23
-40
-121
-199
-286
-406
-517
-548
-615
-722
-810
-938
-984
-976
-996
-1052
-1149
-1163
-1098
-1004
-923
-914
-887
-798
-714
-590
-450
-359
-272
-184
-51
187
492
781
1054
1339
1616
1838
2013
2279
2600
2885
2995
2829
2664
2594
2576
2532
2212
1694
1175
767
479
145
-291
-808
-1225
-1488
-1719
-1838
-1902
-2025
-2127
-2077
-1863
-1633
-1365
-1073
-829
-579
-309
-15
271
544
693
736
936
1100
1064
1001
917
841
731
541
300
45
-144
-396
-672
-830
-1032
-1257
-1423
-1541
-1528
-1480
-1465
-1397
-1289
-1096
-841
-571
-246
66
357
607
898
1201
1383
1574
1641
1579
1599
1588
1493
1269
952
664
433
274
-38
-459
-761
-915
-995
-1129
-1252
-1364
-1400
-1275
-1136
-990
-863
-746
-564
-299
-2
123
156
303
524
657
662
680
682
663
622
485
399
346
221
62
-89
-166
-230
-311
-354
-397
-470
-534
-546
-489
-411
-394
-408
-374
-274
-159
-49
107
210
239
297
382
502
555
555
640
729
759
680
626
771
881
853
742
624
631
663
643
609
516
366
260
254
268
248
155
24
-35
-19
20
48
11
-81
-162
-185
-156
-159
-256
-354
-355
-295
-278
-379
-472
-411
-287
-235
-289
-419
-482
-370
-216
-181
-233
-312
-395
-370
-224
-192
-329
-448
-555
-655
-650
-674
-808
-865
-882
-991
-1027
-961
-941
-940
-899
-867
-873
-857
-810
-791
-716
-555
-510
-561
-527
-477
-399
-217
-138
-219
-201
-13
243
527
822
1149
1539
1943
2245
2372
2553
3007
3519
3782
3646
3190
2879
3014
3226
2949
2121
1228
638
309
40
-388
-1003
-1653
-2232
-2527
-2438
-2387
-2732
-3178
-3237
-2917
-2554
-2270
-1997
-1697
-1343
-985
-605
-91
384
534
591
931
1384
1583
1524
1423
1403
1415
1308
1045
758
475
151
-63
-107
-286
-733
-1121
-1169
-1002
-920
-996
-1131
-1211
-1039
-643
-367
-299
-341
-345
4
563
709
407
190
292
596
845
761
389
77
2
109
264
209
-149
-471
-495
-385
-298
-301
-439
-526
-464
-390
-276
-110
-61
-86
-50
39
153
196
106
-8
-51
-85
-245
-508
-684
-713
-720
-810
-1032
-1306
-1439
-1400
-1412
-1589
-1754
-1742
-1539
-1140
-545
158
782
1135
1295
1701
2630
3771
4554
4677
4288
3968
4252
4890
5080
4401
3174
2158
1753
1607
1140
172
-929
-1766
-2345
-2671
-2821
-3190
-3764
-4144
-4191
-3926
-3524
-3213
-2948
-2609
-2165
-1590
-884
-171
299
490
778
1374
1961
2145
1984
1853
1916
1960
1763
1386
1031
742
452
158
-183
-687
-1272
-1626
-1655
-1633
-1785
-1955
-1839
-1476
-1187
-1103
-1030
-738
-204
374
785
919
794
692
842
1287
1710
1619
1128
629
541
797
890
685
212
-189
-332
-367
-346
-524
-897
-1183
-1178
-879
-587
-507
-687
-785
-455
-38
263
297
40
21
260
511
616
471
298
67
-141
-217
-401
-713
-946
-1061
-1235
-1526
-1682
-1634
-1659
-1762
-1929
-2151
-2259
-2215
-1981
-1585
-855
-5
496
972
1572
2064
2572
3472
4650
5372
5296
4665
4263
4751
5544
5437
4324
3168
2343
1757
1308
753
16
-1007
-2023
-2614
-2753
-2682
-3042
-3815
-4320
-4284
-3979
-3644
-3245
-2890
-2615
-2324
-1851
-954
-36
183
38
446
1387
2042
1962
1629
1632
1813
1812
1583
1357
1204
789
223
26
-32
-378
-728
-755
-622
-740
-1191
-1404
-908
-97
199
-254
-808
-806
-284
478
1097
932
56
-421
77
913
1223
668
-270
-699
-444
-107
-23
-238
-862
-1517
-1557
-1128
-869
-956
-1214
-1416
-1344
-1119
-978
-867
-764
-743
-590
-221
-14
-111
-259
-357
-310
-46
41
-341
-813
-1017
-1014
-851
-688
-853
-1192
-1330
-1421
-1497
-1119
-322
513
1318
1924
2037
1913
2337
3800
5727
6726
5906
4114
3388
4497
5842
5698
4154
2244
890
562
811
663
-386
-1963
-3219
-3551
-3101
-2824
-3506
-4463
-4522
-3933
-3356
-2978
-2723
-2277
-1708
-1158
-627
90
916
1183
1112
1506
2269
2528
2125
1826
1887
1975
1714
1097
632
539
348
-157
-570
-892
-1491
-2102
-2144
-1841
-1802
-1981
-1988
-1755
-1480
-1176
-632
91
594
663
674
1212
1789
1534
1075
1273
1733
1803
1291
498
53
69
24
-413
-958
-1234
-1607
-1974
-1827
-1726
-1992
-2136
-1889
-1524
-1206
-963
-1070
-1046
-527
-108
33
261
537
569
574
666
666
655
587
220
-266
-311
-201
-607
-1122
-1448
-1740
-1838
-1768
-1759
-1994
-2261
-2369
-2153
-1119
119
807
1453
2184
2549
2714
3533
5090
6334
6574
5816
4868
4857
5468
5489
4779
3843
2799
1761
1041
554
-129
-1001
-1907
-2785
-3203
-3214
-3580
-4237
-4491
-4312
-4096
-3928
-3639
-3189
-2693
-2209
-1717
-1027
-127
337
92
94
952
1810
1863
1475
1222
1216
1293
1242
1085
899
446
-240
-440
-107
-107
-555
-828
-1006
-1339
-1349
-786
11
307
-49
-498
-497
217
831
1143
1508
1490
825
-59
82
995
1296
804
-256
-1068
-1039
-659
-583
-937
-1130
-1431
-1937
-1703
-1146
-1027
-1258
-1442
-1199
-843
-440
-303
-543
-154
356
317
339
362
292
255
308
215
-4
37
-352
-951
-911
-815
-1144
-1609
-1714
-1799
-1928
-1688
-1676
-1781
-1685
-1664
-1416
-803
31
742
1638
2972
3384
2986
3251
4449
6167
7037
6225
4794
4235
4908
5421
4984
3872
2230
1030
758
777
211
-1009
-2136
-3124
-3356
-2774
-2743
-3434
-4146
-4231
-3750
-3267
-3055
-3084
-2872
-2253
-1679
-1220
-497
-4
-247
-249
601
1580
1829
1252
716
869
1198
1119
821
597
382
52
-78
60
-233
-837
-1043
-726
-603
-991
-876
-242
172
140
-48
131
306
450
729
1141
1599
1073
-120
-421
410
1009
449
-331
-869
-1158
-969
-749
-738
-1063
-1441
-1715
-1811
-1143
-693
-1109
-1297
-968
-538
-393
-412
-434
-494
-77
319
304
463
349
-44
-73
238
319
-125
-411
-635
-966
-923
-1019
-1535
-1654
-1400
-1487
-1576
-1335
-1306
-1591
-1458
-1019
-758
-310
382
1389
2596
3522
3597
3047
3459
4898
6379
6983
5888
4245
3606
4348
5185
4646
3267
1646
483
366
455
8
-960
-2072
-3106
-3438
-2837
-2748
-3741
-4473
-4092
-3377
-3028
-3090
-3237
-2758
-2067
-1685
-1129
-370
27
-351
-423
678
1589
1615
1170
896
1077
1089
971
808
768
616
-147
-452
-293
-358
-552
-641
-428
-684
-1045
-619
91
564
295
-166
81
687
963
720
757
1158
826
-137
-387
112
488
596
16
-887
-1229
-1068
-802
-833
-796
-1027
-1909
-2009
-1195
-713
-808
-972
-849
-718
-512
-292
-327
-62
181
66
98
217
293
324
553
485
-128
-330
-365
-704
-995
-1076
-1271
-1724
-1967
-1983
-1738
-1198
-1098
-1507
-1686
-1496
-1107
-297
684
1354
1864
2561
3207
3155
3221
4377
6060
6990
6192
4741
4252
5108
5979
5534
4266
2696
1677
1328
977
466
-521
-1688
-2728
-3049
-2571
-2696
-3687
-4574
-4447
-3645
-3430
-3656
-3792
-3461
-2549
-2103
-1794
-893
-253
-415
-799
-152
1140
1642
1283
794
923
1266
1194
940
907
1088
662
10
-17
33
-160
-359
-238
-308
-850
-833
-262
196
236
62
73
-85
-288
-178
551
1522
1032
-726
-1586
-566
851
941
99
-1011
-1648
-1274
-610
-168
-247
-683
-1289
-1769
-1229
-514
-586
-724
-528
-447
-698
-629
-405
-364
9
286
226
151
49
-45
64
419
275
-108
-134
-508
-969
-938
-825
-1342
-2212
-2248
-1922
-1773
-1574
-1664
-1784
-1694
-1447
-1079
-390
644
1359
2117
3157
3657
3407
3375
4698
6606
7421
6675
5117
4355
5151
6138
5903
4675
3026
1641
1216
1202
643
-449
-1568
-2912
-3731
-3141
-3029
-4265
-5128
-4776
-4217
-4286
-4347
-4252
-3899
-3175
-2778
-2256
-1206
-641
-1165
-1238
297
1489
1382
969
817
1250
1711
1673
1461
1453
1352
868
755
1078
871
165
-67
97
-113
-325
-102
99
-45
-272
-226
140
237
-502
-832
175
1040
311
-1301
-1774
-932
41
260
-551
-1299
-1590
-1580
-1004
-252
-168
-1178
-1955
-1549
-879
-443
-520
-843
-691
-454
-389
-306
-20
200
-37
104
458
304
226
301
387
540
480
130
-91
-71
-355
-755
-709
-725
-1301
-1741
-1629
-1542
-1437
-1122
-1177
-1475
-1412
-1290
-1165
-373
847
1697
2358
3085
3098
2608
3229
5074
6673
7195
6296
4392
3654
5069
6470
5919
4237
2542
1210
850
1129
904
-266
-1629
-2936
-3720
-3369
-3384
-4034
-4276
-4005
-4183
-5014
-4749
-4036
-3616
-2845
-2392
-1982
-1516
-1239
-1203
-929
563
1582
1435
1197
1014
1202
1634
2077
2049
1735
1475
811
582
1220
1451
795
101
-188
-285
-394
-228
-30
-114
-123
-629
-1042
-773
-520
-102
103
-13
-689
-1552
-1216
-600
14
112
-887
-1552
-1791
-1210
-404
-279
-481
-1525
-1945
-1383
-1030
-493
-203
-400
-799
-830
-218
18
-30
22
65
226
328
382
455
455
267
141
403
621
351
-210
-722
-922
-724
-703
-1093
-1264
-1356
-1919
-2068
-1153
-551
-1075
-1723
-1775
-1482
-847
213
1458
2498
2819
2318
1920
3003
5059
6785
7317
6149
4557
4011
5267
6936
6791
5207
3237
2093
1876
1702
1413
551
-736
-2408
-3629
-3286
-2997
-3688
-4458
-4671
-4892
-5561
-5381
-4578
-3950
-3465
-3481
-3151
-2205
-1378
-1221
-1164
49
1192
1445
1288
1041
1257
1615
2123
2560
2376
1661
947
1151
1874
1796
955
439
457
380
-80
-174
112
44
-277
-889
-1212
-1128
-1047
-871
-717
-546
-1349
-2347
-1825
-806
-115
-461
-1380
-1898
-1999
-1035
-451
-560
-563
-1212
-1509
-1213
-414
284
-161
-196
-64
-141
245
537
688
452
422
494
461
1072
1007
216
125
454
402
374
341
-519
-1171
-899
-791
-1103
-1079
-1176
-2020
-2449
-2020
-1683
-1481
-1173
-1337
-1947
-2169
-1808
-1145
-27
1341
1903
1786
2118
2738
3312
4527
6231
7228
7017
5985
5038
5406
6976
7728
6556
4556
2971
2357
2595
2565
1487
-136
-1657
-2741
-3032
-2806
-3061
-4157
-5281
-5728
-5661
-5388
-5121
-5084
-4947
-4378
-3907
-3552
-2617
-1648
-1504
-1323
-282
774
1071
929
941
1583
2606
2871
2209
1927
2304
2327
2125
2288
2099
1390
1072
1002
657
429
413
140
-279
-583
-1063
-1450
-1224
-1271
-1957
-1832
-1032
-1373
-2519
-2751
-2034
-1366
-1142
-1493
-2205
-2212
-1376
-857
-738
-490
-698
-1235
-829
257
729
327
-39
105
531
909
848
749
720
690
815
866
820
568
478
681
477
-27
-116
-182
-729
-1032
-995
-1067
-1345
-1639
-1827
-1974
-1985
-2283
-2296
-1496
-1331
-2045
-2400
-1938
-1253
-453
786
1601
1937
2354
2773
3456
4567
5944
7160
7710
7027
5625
5376
6929
8260
7466
5477
3721
2766
2429
2379
2090
727
-1027
-2539
-3380
-3436
-3640
-4293
-5102
-5525
-5896
-6411
-6177
-5481
-4964
-4613
-4472
-4259
-3665
-2547
-1472
-1120
-708
18
717
1169
1221
1710
2347
2563
2429
2142
2427
2614
2447
2498
2461
2150
1382
848
938
971
939
398
-506
-922
-1067
-1015
-1103
-1468
-1864
-2157
-1731
-1599
-2410
-2768
-2401
-1796
-1576
-1825
-2001
-2190
-1954
-1253
-799
-529
-524
-824
-798
-95
559
387
166
541
690
518
810
1216
1129
897
683
491
662
912
773
538
364
11
-241
-88
-111
-642
-932
-962
-1434
-1746
-1473
-1479
-1817
-1869
-1730
-1608
-1566
-1723
-1940
-1883
-1540
-1182
-647
297
1066
1316
1799
2770
3438
3795
4800
6279
6926
6341
5480
5590
6867
7856
7226
5491
4003
3382
3373
3402
2769
1091
-787
-1780
-2030
-2113
-2425
-3401
-4699
-5430
-5596
-5657
-5608
-5476
-5333
-4992
-4659
-4693
-4415
-3206
-2119
-2052
-2017
-1147
-127
316
506
1068
1741
1713
1407
1911
2811
3052
2717
2498
2566
2614
2494
2417
2356
1964
1435
1117
828
236
-327
-479
-612
-1269
-2195
-2412
-2026
-1826
-2612
-3697
-3518
-2958
-2716
-2687
-2690
-2732
-2987
-2477
-1597
-994
-863
-1305
-1056
146
1132
1063
657
1053
1652
1695
1847
2178
2082
1987
1910
1582
1671
1967
1441
572
350
315
65
-37
-350
-1107
-1391
-1174
-1460
-1881
-1849
-2041
-2351
-2120
-1865
-1968
-2090
-2228
-2217
-1708
-1179
-1292
-1772
-1605
-840
-265
254
957
1566
2168
3151
3714
3836
4419
5398
6632
6982
6200
5538
5936
7115
7053
5918
4718
3645
3418
3451
3039
1708
-19
-915
-1367
-1662
-2376
-3567
-4393
-4996
-5224
-5380
-5515
-5524
-5880
-5664
-5057
-4806
-4644
-4131
-3170
-2966
-2823
-1833
-893
-219
-41
65
597
1440
2114
2350
2815
3083
2740
2879
3659
3948
3561
2977
2498
2162
2046
2053
1437
620
-14
-672
-1042
-1455
-2009
-2192
-2084
-2602
-3587
-3893
-3561
-2996
-2596
-2786
-3212
-3306
-2927
-1990
-1060
-1043
-1381
-1083
-426
105
725
1256
1332
1376
1595
1725
2085
2568
2326
1814
1718
1766
1597
1295
1181
671
-117
-380
-266
-214
-723
-1444
-1636
-1325
-1275
-1749
-1854
-1593
-1762
-2095
-1847
-1348
-1386
-1769
-1788
-1299
-891
-957
-1110
-899
-438
-141
72
569
1313
1986
2632
3298
3554
3629
4289
5621
6432
5830
5014
5097
5919
6411
5902
4970
3883
3155
3107
3197
2588
845
-715
-1153
-1140
-1510
-2556
-3430
-3887
-4465
-4739
-4730
-4818
-5170
-5517
-5100
-4675
-4678
-4335
-3431
-2794
-3060
-2924
-1953
-888
-234
-317
-213
529
1374
1885
2302
2750
2645
2541
3065
3719
3728
2942
2442
2519
2536
2324
1643
925
500
-57
-596
-1011
-1383
-1881
-2320
-2285
-2654
-3500
-3665
-3054
-2418
-2581
-3095
-3204
-3010
-2244
-1512
-1485
-1540
-1381
-963
-286
434
704
527
886
1479
1601
1716
1912
1977
1654
1314
1571
1593
1168
863
698
489
15
-179
-110
-229
-545
-991
-1056
-809
-809
-1102
-1172
-992
-1093
-1366
-1200
-759
-986
-1401
-1181
-652
-548
-1030
-1016
-480
-176
-70
231
1052
1662
1904
2300
2703
3134
3707
4662
5310
4805
4185
4572
5651
5973
5057
4081
3762
3692
3261
2581
1917
1056
95
-310
-329
-985
-2238
-2941
-2897
-3099
-3798
-4201
-3963
-3971
-4467
-4572
-4116
-3678
-3716
-3535
-3007
-2992
-3090
-2527
-1349
-764
-1119
-1104
-404
463
955
1154
1529
1746
1861
2101
2350
2596
2466
2233
2209
2036
1790
1512
1427
1319
609
-130
-480
-504
-506
-870
-1337
-1957
-2443
-2314
-1979
-1804
-2220
-2847
-2809
-2342
-1758
-1581
-1874
-1835
-1573
-1226
-650
-66
158
-12
112
593
1088
1434
1415
1422
1559
1481
1420
1562
1590
1354
1006
723
571
451
322
112
-218
-487
-617
-642
-558
-538
-725
-875
-845
-849
-818
-532
-379
-647
-832
-669
-528
-435
-231
-263
-673
-928
-650
-125
132
97
203
649
1248
1608
1705
2135
2891
3344
3578
3754
3632
3642
4242
4747
4413
3633
3141
3051
2999
2593
1914
1353
777
137
-73
-123
-754
-1644
-2037
-2052
-2296
-2737
-2874
-2845
-3079
-3398
-3384
-2983
-2648
-2830
-3161
-3011
-2562
-2246
-1961
-1676
-1622
-1549
-1029
-302
137
248
281
469
901
1376
1616
1556
1330
1160
1281
1692
1861
1395
712
496
678
699
356
-94
-379
-525
-531
-645
-903
-1067
-1194
-1188
-1253
-1422
-1589
-1581
-1240
-1128
-1244
-1385
-1334
-958
-755
-576
-349
-520
-689
-201
534
722
380
213
520
829
935
989
947
771
604
636
817
876
700
460
345
306
245
278
423
340
-23
-174
51
163
4
-51
16
-70
-189
-150
-89
-161
-288
-338
-277
-339
-644
-778
-541
-357
-537
-666
-517
-395
-260
85
531
635
524
670
1169
1866
2115
1880
1861
2192
2472
2589
2665
2624
2448
2336
2505
2494
1983
1493
1387
1401
1010
528
293
-66
-455
-606
-695
-1007
-1494
-1790
-1816
-1921
-2149
-2198
-2164
-2303
-2528
-2541
-2219
-1896
-1924
-2035
-1866
-1553
-1232
-886
-655
-580
-539
-343
93
406
324
283
529
639
489
444
645
765
556
309
291
340
270
260
272
110
-130
-342
-286
-130
-192
-428
-649
-681
-708
-679
-493
-506
-898
-1165
-862
-433
-421
-651
-642
-553
-524
-369
-190
-65
-159
-237
7
235
303
350
401
426
523
708
861
969
1024
1078
1118
1138
1183
1188
1255
1264
1061
917
828
819
851
649
382
174
62
-109
-317
-336
-469
-686
-839
-848
-727
-776
-953
-1045
-922
-841
-951
-990
-861
-738
-657
-555
-523
-465
-320
-42
177
132
169
408
740
975
1030
1090
1196
1315
1460
1669
1752
1538
1393
1613
1837
1709
1421
1217
1112
1047
1034
936
579
182
95
203
129
-206
-571
-746
-820
-840
-858
-1023
-1279
-1472
-1350
-1141
-1166
-1327
-1476
-1370
-1136
-1053
-1101
-1103
-997
-960
-864
-644
-592
-635
-491
-284
-202
-159
-103
-6
116
157
139
173
241
136
35
131
124
-21
-141
-98
-41
-175
-281
-290
-263
-325
-411
-361
-347
-398
-389
-321
-289
-335
-334
-187
-80
-147
-197
-76
103
201
289
410
510
589
719
904
1049
1093
992
896
917
1029
1106
932
664
540
551
632
621
392
64
-145
-128
20
28
-212
-477
-510
-395
-309
-295
-416
-562
-604
-479
-311
-314
-414
-466
-357
-205
-137
-71
-73
-28
147
308
353
344
476
597
607
626
607
585
601
659
656
555
484
437
439
428
333
224
147
95
51
15
-58
-175
-284
-327
-298
-273
-363
-499
-548
-502
-388
-358
-437
-528
-576
-480
-342
-290
-336
-433
-468
-359
-169
-87
-105
-132
-198
-189
12
212
191
61
22
103
196
234
234
168
101
88
105
130
75
-12
-43
-45
-80
-171
-191
-202
-263
-282
-279
-282
-321
-350
-303
-235
-203
-243
-255
-197
-156
-82
-34
-45
-2
59
150
255
331
397
380
351
401
457
469
451
397
312
265
265
284
257
121
-37
-98
-94
-131
-227
-298
-356
-451
-443
-361
-370
-465
-546
-517
-470
-443
-429
-435
-383
-348
-354
-288
-202
-199
-179
-77
-18
21
84
151
227
352
438
402
443
556
625
680
693
693
648
618
695
720
648
562
495
460
472
481
426
302
163
137
162
146
53
-76
-114
-122
-138
-139
-157
-230
-306
-297
-238
-255
-358
-364
-315
-323
-315
-274
-263
-330
-320
-208
-128
-133
-212
-210
-136
-99
-71
-71
-104
-118
-85
-9
11
-38
-64
-47
3
53
37
6
-7
4
50
90
73
0
-17
12
16
30
8
-58
-68
6
38
-2
-35
-49
12
88
98
75
35
36
95
180
199
126
73
56
67
115
138
76
-31
-68
-28
-12
-46
-125
-226
-272
-231
-192
-232
-300
-313
-310
-298
-250
-245
-287
-324
-295
-217
-189
-192
-198
-187
-141
-100
-76
-64
-108
-146
-58
50
37
-9
20
95
142
165
216
251
225
211
275
347
322
267
287
323
329
305
284
282
281
290
294
291
254
192
198
249
252
216
198
179
136
117
124
103
63
36
14
-3
-10
-27
-50
-62
-67
-87
-111
-112
-104
-101
-95
-92
-107
-123
-112
-92
-93
-103
-108
-115
-99
-68
-48
-33
-29
-29
2
40
58
67
54
41
57
76
84
83
42
-9
4
41
16
-15
9
-12
-57
-32
-7
-31
-69
-65
-67
-84
-82
-110
-108
-103
-125
-134
-159
-149
-130
-147
-156
-153
-142
-143
-124
-99
-134
-139
-124
-119
-99
-134
-146
-116
-107
-89
-96
-111
-94
-75
-63
-57
-52
-70
-66
-10
9
-15
-28
-16
23
57
48
36
47
61
95
130
121
92
101
148
188
180
137
120
159
199
192
169
148
117
120
168
209
182
119
117
168
205
176
112
109
119
105
96
88
69
35
34
61
30
-33
-65
-52
-35
-62
-91
-102
-125
-151
-135
-101
-123
-190
-208
-163
-136
-147
-163
-172
-169
-133
-83
-65
-76
-61
-6
53
89
98
107
145
171
172
192
202
168
154
171
169
152
124
98
97
91
75
72
51
16
30
54
22
-26
-39
-42
-68
-93
-97
-112
-135
-135
-135
-133
-124
-131
-150
-151
-126
-131
-132
-103
-99
-106
-95
-77
-77
-83
-72
-70
-70
-59
-46
-39
-38
-37
-36
-26
-26
-23
-4
-10
-15
-11
-2
1
-10
-6
-11
-23
-23
-15
-11
-23
-44
-50
-46
-50
-40
-25
-29
-39
-42
-10
14
12
30
51
67
86
112
160
183
191
221
248
243
233
251
266
258
239
210
173
153
137
105
69
21
-27
-47
-40
-70
-115
-127
-151
-177
-191
-193
-202
-223
-216
-198
-186
-182
-184
-150
-103
-90
-71
-45
-37
-3
47
68
78
90
97
107
129
147
142
139
145
145
147
142
123
113
114
109
96
72
58
43
36
49
36
9
-12
-29
-25
-24
-34
-54
-69
-70
-82
-82
-94
-112
-102
-108
-105
-102
-119
-124
-100
-77
-87
-87
-86
-82
-56
-33
-22
-18
-25
-26
-6
-1
-3
-9
-9
-7
-11
-1
-10
-17
-20
-26
-4
-4
-21
-16
-5
-9
-14
2
-17
-30
-6
-20
-17
-2
-10
-3
11
21
17
27
42
30
40
59
64
65
76
95
97
95
103
102
104
107
103
93
83
76
64
56
63
43
18
22
1
-5
-1
-24
-38
-46
-51
-53
-62
-84
-113
-118
-103
-94
-108
-119
-123
-115
-93
-78
-67
-74
-67
-30
-6
24
39
39
72
97
106
125
135
123
127
148
155
148
131
119
123
113
87
73
72
59
34
24
13
-10
-26
-29
-44
-67
-87
-104
-106
-103
-107
-125
-135
-114
-102
-107
-91
-81
-91
-66
-29
-21
-23
-23
-13
19
36
23
15
19
24
32
40
40
24
-2
10
30
9
-13
-25
-32
-44
-45
-48
-73
-78
-74
-66
-55
-67
-82
-65
-35
-27
-27
-20
-15
-10
4
23
26
11
22
52
62
53
59
72
70
73
94
98
84
85
89
91
90
82
67
54
64
50
28
34
30
15
-1
-14
-19
-35
-47
-45
-40
-58
-73
-70
-64
-73
-90
-102
-106
-107
-105
-93
-91
-84
-82
-66
-30
-33
-35
-2
29
41
52
67
80
82
83
102
105
94
84
83
92
79
65
64
63
53
37
29
24
13
4
-4
-11
-16
-16
-22
-25
-25
-29
-22
-17
-10
-15
-14
9
15
15
26
34
23
24
46
43
32
20
7
0
-7
-9
-24
-36
-44
-50
-42
-48
-51
-47
-52
-47
-43
-44
-42
-40
-36
-28
-27
-31
-31
-24
-16
-13
-15
-16
-17
-17
-6
3
-5
-6
-4
-4
5
4
-2
-7
0
1
5
13
-7
-5
15
5
4
2
-6
7
13
19
15
4
14
6
12
15
-12
-15
-11
-17
-13
-7
-21
-38
-37
-28
-25
-35
-39
-39
-35
-32
-39
-31
-29
-30
-21
-10
-3
0
9
16
23
29
33
46
49
50
59
60
63
62
59
64
58
59
61
51
50
43
45
44
35
38
33
23
26
27
21
12
-1
-6
-2
-5
-9
-16
-26
-19
-8
-5
1
2
-1
7
24
30
27
22
20
25
16
9
6
-12
-15
-15
-22
-28
-34
-41
-43
-40
-43
-49
-46
-48
-49
-42
-40
-44
-40
-36
-34
-25
-28
-35
-26
-24
-22
-10
-5
-5
-3
9
19
24
25
28
23
27
35
30
29
24
13
14
10
3
3
1
-10
-9
-4
-11
-9
-6
-6
-2
-6
-5
-6
-12
-7
-3
-4
-7
-14
-16
-6
-4
-16
-17
-20
-27
-28
-33
-33
-36
-39
-38
-40
-41
-49
-44
-45
-50
-41
-42
-40
-38
-40
-30
-28
-22
-12
-7
-2
6
10
10
18
29
30
32
44
47
46
53
62
60
55
60
62
68
65
60
64
63
63
64
63
62
63
62
56
55
52
54
57
48
47
53
46
44
37
29
28
20
17
18
2
-1
-2
-11
-7
-14
-27
-30
-35
-36
-38
-37
-45
-60
-58
-56
-52
-45
-52
-53
-46
-44
-39
-29
-34
-38
-32
-30
-26
-22
-22
-24
-26
-31
-29
-22
-29
-29
-24
-30
-30
-26
-28
-26
-24
-31
-27
-23
-22
-16
-12
-15
-17
-9
-5
-2
4
8
4
3
16
25
25
29
29
29
33
37
31
27
26
21
19
19
15
7
5
10
5
0
2
3
1
4
-2
-8
0
-5
-7
-2
-8
-10
-11
-3
2
-8
-7
-1
-1
3
4
6
9
0
-2
4
3
1
6
13
9
11
9
12
17
12
13
19
25
29
35
30
23
24
33
42
40
36
37
31
28
27
28
21
13
18
19
13
7
11
11
6
8
-1
-8
-9
-19
-19
-19
-23
-21
-21
-25
-23
-20
-18
-16
-15
-11
-5
-8
-6
0
1
7
7
9
13
4
4
6
7
7
0
-4
-6
-4
-6
-13
-21
-26
-27
-34
-43
-45
-47
-53
-51
-52
-60
-53
-54
0
0
0
0
0
0
0
0
0
0
0
0
0
0
0
0
0
0
0
0
0
0
0
0
0
0
0
0
0
0
0
0
0
0
0
0
0
0
0
0
0
0
0
0
0
0
0
0
0
0
0
0
0
0
0
0
0
0
0
0
0
0
0
0
0
0
0
0
0
0
0
0
0
0
0
0
0
0
0
0
0
0
0
0
0
0
0
0
0
0
0
0
0
0
0
0
0
0
0
0
0
0
0
0
0
0
0
0
0
0
0
0
0
0
0
0
0
0
0
0
0
0
0
0
0
0
0
0
0
0
0
0
0
0
0
0
0
0
0
0
0
0
0
0
0
0
0
0
0
0
0
0
0
0
0
0
0
0
0
0
0
0
0
0
0
0
0
0
0
0
0
0
0
0
0
0
0
0
0
0
0
0
0
0
0
0
0
0
0
0
0
0
0
0
0
0
0
0
0
0
0
0
0
0
0
0
0
0
0
0
0
0
0
0
0
0
0
0
0
0
0
0
0
0
0
0
0
0
0
0
0
0
0
0
0
0
0
0
0
0
0
0
0
0
0
0
0
0
0
0
0
0
0
0
0
0
0
0
0
0
0
0
0
0
0
0
0
0
0
0
0
0
0
0
0
0
0
0
0
0
0
0
0
0
0
0
0
0
0
0
0
0
0
0
0
0
0
0
0
0
0
0
0
0
0
0
0
0
0
0
0
0
0
0
0
0
0
0
0
0
0
0
0
0
0
0
0
0
0
0
0
0
0
0
0
0
0
0
0
0
0
0
0
0
0
0
0
0
0
0
0
0
0
0
0
0
0
0
0
0
0
0
0
0
0
0
0
0
0
0
0
0
0
0
0
0
0
0
0
0
0
0
0
0
0
0
0
0
0
0
0
0
0
0
0
0
0
0
0
0
