0
0
0
0
0
0
0
0
0
0
0
0
0
0
0
0
0
0
0
0
0
0
0
0
0
0
0
0
0
0
0
0
0
0
0
0
0
0
0
0
0
0
0
0
0
0
0
0
0
0
0
0
0
0
0
0
0
0
0
0
0
0
0
0
0
0
0
0
0
0
0
0
0
0
0
0
0
0
0
0
0
0
0
0
0
0
0
0
0
0
0
0
0
0
0
0
0
0
0
0
0
0
0
0
0
0
0
0
0
0
0
0
0
0
0
0
0
0
0
0
0
0
0
0
0
0
0
0
0
0
0
0
0
0
0
0
0
0
0
0
0
0
0
0
0
0
0
0
0
0
0
0
0
0
0
0
0
0
0
0
0
0
0
0
0
0
0
0
0
0
0
0
0
0
0
0
0
0
0
0
0
0
0
0
0
0
0
0
0
0
0
0
0
0
0
0
0
0
0
0
0
0
0
0
0
0
0
0
0
0
0
0
0
0
0
0
0
0
0
0
0
0
0
0
0
0
0
0
0
0
0
0
0
0
0
0
0
0
0
0
0
0
0
0
0
0
0
0
0
0
0
0
0
0
0
0
0
0
0
0
0
0
0
0
0
0
0
0
0
0
0
0
0
0
0
0
0
0
0
0
0
0
0
0
0
0
0
0
0
0
0
0
0
0
0
0
0
0
0
0
0
0
0
0
0
0
0
0
0
0
0
0
0
0
0
0
0
0
0
0
0
0
0
0
0
0
0
0
0
0
0
0
0
0
0
0
0
0
0
0
0
0
0
0
0
0
0
0
0
0
0
0
0
0
0
0
0
0
0
0
0
0
0
0
0
0
0
0
0
0
0
0
0
0
0
0
0
0
0
0
0
0
0
0
0
0
0
0
0
0
0
0
0
0
0
0
-226
26
787
998
994
1153
1118
475
-559
-928
-260
655
1075
921
292
-26
698
1502
1271
111
-558
35
516
123
-387
-395
-521
-1076
-1518
-2116
-2494
-2159
-1606
-1231
-1313
-1282
-784
-607
-1143
-1681
-1388
-845
-737
-671
-358
185
292
-6
97
97
49
230
258
504
1034
1754
2161
1752
1392
1357
1042
435
257
921
1370
999
894
1230
1238
822
182
-104
0
-169
-255
48
229
189
45
-24
100
56
-335
-768
-738
-86
525
547
270
205
466
611
204
-472
-672
-209
222
251
359
856
1192
868
240
-98
-147
-239
-29
599
1170
1235
866
708
438
-236
-861
-1047
-743
-720
-883
-749
-441
-177
-480
-965
-1283
-1584
-1786
-1985
-1816
-1435
-1046
-574
-578
-1103
-1735
-2042
-2108
-2236
-2316
-2175
-2002
-1900
-1519
-1117
-977
-1331
-1839
-1788
-1595
-1474
-1461
-1316
-906
-795
-647
-207
260
285
-112
44
783
1620
2120
2588
3279
3516
3614
3744
4209
5074
5509
5768
5904
5830
5858
6075
6051
5203
4469
4396
4143
3681
3282
3203
3171
2380
1441
860
348
-340
-1150
-1594
-1994
-2401
-2781
-3170
-3428
-3941
-4501
-5001
-5041
-4519
-4239
-4125
-4116
-3900
-3566
-3539
-3489
-3653
-3725
-3426
-2925
-2260
-2028
-1898
-1719
-1638
-1524
-1802
-1882
-1747
-1909
-1788
-1439
-1139
-1034
-1156
-1243
-1416
-1652
-1736
-1603
-1599
-2045
-2538
-2772
-2689
-2387
-2168
-2060
-1902
-1776
-2005
-2489
-2627
-2186
-1492
-587
740
2239
3537
4373
5129
6405
7930
9288
10009
10036
10110
10661
11182
11442
11650
11550
11330
10539
9256
8479
7785
6761
4868
2677
1494
820
-115
-1650
-3049
-4100
-5494
-6796
-7702
-8266
-9005
-10047
-10467
-10180
-9360
-8524
-8220
-8040
-7789
-7021
-6155
-5341
-3910
-2390
-973
-189
779
2420
3740
4821
4867
4829
5294
5721
6072
5525
5397
5574
5123
4349
3293
2701
1755
349
-817
-1780
-2211
-2726
-3268
-3893
-4447
-4585
-4957
-5291
-5746
-5983
-5994
-6222
-6221
-6176
-5872
-5608
-5394
-4791
-4105
-3440
-3128
-3132
-3266
-3450
-3608
-3707
-3479
-3031
-2750
-2589
-1964
-1108
-839
-1181
-1434
-1017
-461
142
1329
2914
4934
6789
8186
9832
11748
13990
15479
15702
15442
14747
14515
14462
14008
13580
13086
12701
11572
9802
8300
7011
5499
2802
31
-1799
-3271
-5159
-7625
-8958
-9642
-10477
-11255
-12059
-12146
-12653
-13186
-13214
-13068
-12262
-11709
-10897
-9967
-8819
-6987
-5294
-3681
-2384
-886
461
1135
1968
3278
4901
5676
6307
7973
9820
11013
11137
11262
11470
10950
9860
8377
7127
5731
4231
2971
1752
631
-621
-1868
-3459
-5294
-6742
-7678
-8788
-10348
-11195
-11320
-11078
-10861
-10872
-10413
-9854
-9450
-9052
-8404
-7399
-6590
-5782
-4879
-3723
-2497
-1762
-1294
-946
-425
-87
199
743
1131
1101
540
170
-103
-324
-164
316
1124
2148
3949
6167
7970
9451
11197
13358
14931
15430
15543
15755
15687
15224
14889
14903
14486
13350
12178
11132
10159
8762
6829
4595
2088
-301
-2595
-4676
-6728
-8917
-10481
-11382
-12121
-13042
-13720
-13767
-14050
-14563
-14485
-13736
-13085
-12780
-11972
-10650
-9071
-7306
-5637
-3840
-2023
-547
677
1860
3034
4126
4889
5305
6031
6901
7665
8707
9522
10124
10575
10599
10501
10066
9174
8184
7158
5914
4442
2903
1510
-91
-1750
-3046
-4155
-4997
-6297
-7421
-8237
-9176
-9463
-10066
-10570
-10739
-10917
-10459
-9727
-8796
-8020
-7322
-6573
-5938
-5247
-4506
-3551
-2757
-2184
-1399
-306
613
848
860
1045
1345
1296
918
780
445
-386
-1276
-1271
-536
364
1634
3191
5497
7410
8935
11106
13374
15203
15712
15835
15963
15978
15878
15394
14936
14068
13201
12224
11148
9932
8232
6407
4043
1683
-643
-2788
-4889
-7814
-10288
-11972
-13160
-14090
-15183
-15574
-15536
-15492
-15327
-14746
-13535
-12792
-12476
-11855
-10588
-8885
-7531
-6146
-4327
-2407
-666
882
2609
4426
5478
6105
6704
7148
7793
8003
8309
8973
9155
9645
10161
10483
10819
10510
10013
9161
7768
6360
4888
3212
932
-1309
-2835
-4194
-5628
-6904
-7654
-8092
-8697
-9289
-9620
-9966
-10463
-11033
-11265
-10899
-10516
-10149
-9620
-8762
-7569
-6520
-5353
-4065
-2839
-1739
-1008
-150
611
858
994
1069
1304
1530
1472
1554
1586
1163
612
504
912
1581
2506
3834
5439
6961
8386
10153
12260
14042
15327
16243
16611
16444
15923
15194
14238
12868
11391
10289
9150
7664
6185
4793
3098
929
-1098
-2748
-4759
-7551
-10084
-11742
-13159
-14477
-15645
-16138
-16083
-16037
-15652
-14741
-13234
-11878
-10992
-10103
-8910
-7181
-5764
-4798
-3626
-2133
-485
834
2253
3970
5379
6391
7058
7826
8800
9297
9345
9521
9737
9758
9704
9506
9377
9151
8639
8211
7404
6354
5291
3771
2045
34
-1873
-3483
-5140
-6709
-8146
-9039
-9702
-10242
-10510
-10632
-10577
-10645
-10577
-10411
-10131
-9875
-9670
-9230
-8695
-7860
-6829
-5514
-4117
-2709
-1327
-173
977
1730
2025
2015
2131
2329
2060
1668
1231
801
333
61
413
1074
2087
3411
5146
7007
8555
10431
12624
14654
15672
15949
16191
16067
15550
14438
13435
12421
11363
10431
9356
8481
7198
5879
4095
1777
-376
-2539
-4589
-7356
-10005
-11869
-13390
-14710
-15919
-16122
-15888
-15845
-15598
-14750
-13268
-12138
-11336
-10377
-9014
-7410
-6244
-5067
-3646
-2239
-924
357
1773
3398
5175
6233
6861
7621
8220
8865
9168
9200
9299
9123
8752
8570
8609
8495
8208
7804
7384
6871
5994
5236
4246
2539
683
-1220
-2998
-4753
-6631
-8024
-8950
-9794
-10452
-10625
-10379
-10122
-9980
-9701
-9313
-9110
-8959
-8676
-8338
-7985
-7465
-6521
-5372
-4343
-3113
-1554
-215
757
1598
2320
2874
2942
2588
2374
2098
1297
271
-420
-823
-990
-820
-100
1270
2861
4704
6540
8287
10295
12237
13938
15055
15417
15269
14920
14617
13802
12621
11762
11064
10132
8806
7568
6776
5742
3616
1200
-541
-2339
-4748
-7654
-9973
-11414
-12985
-14529
-15484
-15401
-15005
-14993
-14684
-13596
-11956
-10736
-9849
-8707
-7341
-5918
-4911
-4004
-2862
-1571
-361
491
1693
3385
4843
5754
6391
7447
8495
8815
8789
8981
9251
8903
8178
7853
7861
7614
7071
6753
6535
6109
5295
4289
3330
1934
272
-1413
-3009
-4520
-6242
-7714
-8761
-9539
-10143
-10542
-10624
-10413
-9901
-9362
-9030
-8637
-7795
-7247
-7126
-6732
-6080
-5199
-4624
-4072
-2788
-1409
-534
80
1000
2079
2547
2418
2368
2482
2300
1685
911
288
-226
-687
-897
-586
403
1706
3116
4783
6643
8612
10548
12491
14197
15026
15194
15209
14819
14207
13379
11894
10718
9663
8384
7100
5691
5137
3749
1585
371
-1522
-3073
-4793
-7758
-9344
-10540
-12418
-13928
-14615
-14561
-14871
-14995
-14269
-12944
-11348
-10116
-8934
-7582
-6119
-4853
-4037
-3210
-2211
-1414
-846
-35
1148
2469
3578
4398
5354
6585
7589
8041
8429
9013
9151
8619
8230
8242
7947
7288
6914
6845
6664
6311
5736
4804
3646
2422
1119
-274
-1837
-3711
-5711
-7409
-8673
-9620
-10288
-10648
-10766
-10802
-10757
-10309
-9321
-8192
-7436
-7112
-6857
-6469
-5987
-5453
-4776
-3864
-2979
-2392
-1674
-456
802
1633
1936
2373
3090
3275
3064
2572
1999
1566
792
-3
-259
99
632
1258
2502
4277
6301
8072
9754
11937
13845
14736
14687
14637
14879
14234
12703
11282
10341
9184
7299
5599
4726
4047
2669
806
-563
-1395
-2713
-4707
-6477
-7882
-9561
-11488
-13006
-13881
-14364
-14824
-14986
-14492
-13402
-11928
-10503
-8946
-7370
-5926
-4425
-3255
-2315
-1372
-480
126
416
1100
2228
3168
3795
4701
6053
7179
7817
8319
9117
9707
9524
9128
8952
8863
8094
7001
6613
6396
5807
5013
4400
3750
2605
1252
-88
-1494
-3117
-4964
-6657
-7884
-9085
-10334
-11175
-11412
-11381
-11409
-11033
-10209
-9160
-8303
-7508
-6494
-5678
-4905
-4408
-3839
-3052
-2645
-2021
-1143
-375
352
1175
2112
2841
3297
3647
4095
4039
3395
3038
2594
1745
724
56
114
178
301
1201
2891
4613
6073
7957
10340
12251
13181
13722
14068
14012
13234
12060
11030
9407
7402
5735
4347
3303
2363
1411
470
-472
-1331
-2138
-3104
-4484
-5997
-7467
-8922
-10458
-11854
-12559
-13067
-13505
-13494
-12633
-11013
-9597
-8239
-6625
-4791
-3273
-2348
-1363
-420
161
288
492
1067
1560
1877
2221
3055
4085
4676
5284
6268
7126
7637
7896
7995
8055
7766
7149
6595
6066
5404
4599
3801
3123
2348
1332
412
-262
-1158
-2632
-3977
-4834
-5978
-7375
-8480
-9268
-9926
-10368
-10506
-10161
-9410
-8714
-7743
-6604
-5453
-4378
-3496
-2534
-2067
-1836
-1350
-743
-305
-102
580
1446
2036
2577
3258
3865
4051
3915
3608
3285
2727
1607
308
-523
-1035
-1444
-1540
-926
340
1418
2694
4659
6888
8989
10503
11599
12356
12599
12377
11848
11104
9820
8123
6523
5168
3872
2725
1966
1193
337
-406
-884
-1263
-2300
-3604
-4736
-5961
-7333
-8834
-9994
-10793
-11527
-12028
-11923
-11074
-9931
-8747
-7366
-5722
-4110
-2716
-1515
-642
5
395
486
581
729
816
866
1043
1476
2269
3170
3962
4906
5792
6553
7046
7187
7398
7211
6605
5998
5278
4624
3989
3298
2489
1687
1079
386
-380
-1296
-2254
-3238
-4438
-5425
-6384
-7441
-8369
-9174
-9517
-9441
-9182
-8632
-7746
-6602
-5410
-4378
-3364
-2284
-1483
-964
-447
62
402
593
969
1528
2021
2402
2749
3149
3385
3392
3225
2928
2592
1862
837
-147
-1176
-2059
-2628
-2819
-2590
-1891
-867
323
2058
4230
6425
8328
9830
11020
11627
11818
11725
11226
10283
8944
7530
6212
5032
3839
2942
2393
1552
645
110
-173
-855
-2175
-3427
-4461
-5627
-7112
-8436
-9236
-10080
-10870
-11138
-10709
-9806
-8990
-8017
-6626
-5162
-3857
-2653
-1596
-798
-279
-124
-19
294
532
572
562
802
1402
2140
2866
3733
4764
5560
6113
6634
7047
7245
6957
6475
6126
5463
4545
3744
3050
2298
1342
545
-35
-852
-1815
-2750
-3664
-4634
-5638
-6552
-7401
-8106
-8652
-8769
-8553
-8286
-7553
-6391
-5207
-4311
-3407
-2158
-1070
-385
168
840
1368
1499
1564
1813
2105
2166
2108
2173
2231
1992
1603
1392
1136
555
-225
-992
-1681
-2378
-2944
-3105
-2989
-2716
-2095
-1178
-38
1481
3314
5211
7019
8647
9987
10941
11548
11796
11512
10699
9629
8487
7197
5747
4426
3411
2476
1466
574
102
-210
-888
-1793
-2563
-3248
-4259
-5520
-6641
-7521
-8406
-9466
-9974
-9855
-9533
-9022
-8289
-7110
-5849
-4581
-3250
-2213
-1310
-591
-185
29
167
318
341
235
335
795
1389
2010
2732
3745
4792
5361
5882
6534
6942
6931
6568
6331
5990
5286
4465
3644
2943
2027
1015
137
-748
-1599
-2634
-3570
-4304
-5028
-5711
-6454
-6905
-7205
-7370
-7276
-7038
-6421
-5730
-4996
-4289
-3486
-2469
-1756
-1136
-509
108
609
838
1089
1334
1525
1535
1436
1463
1476
1271
829
552
323
-198
-740
-1330
-1915
-2481
-3059
-3318
-3275
-2905
-2340
-1604
-354
1149
2749
4472
6290
8056
9481
10530
11188
11612
11585
10871
9852
8797
7770
6494
5091
4005
3180
2315
1366
745
488
12
-913
-1827
-2475
-3177
-4348
-5583
-6433
-7308
-8270
-9065
-9278
-8955
-8613
-8228
-7468
-6240
-5050
-4070
-3144
-2147
-1256
-733
-358
-116
198
376
240
274
549
969
1314
1683
2457
3412
4046
4495
5139
5750
6012
5905
5745
5623
5206
4488
3725
3059
2317
1339
448
-250
-1056
-1887
-2544
-3112
-3676
-4287
-4861
-5290
-5590
-5771
-5912
-5969
-5788
-5415
-4902
-4320
-3684
-2927
-2128
-1546
-1074
-501
-46
272
408
465
617
670
672
654
652
660
501
214
81
-33
-396
-825
-1262
-1607
-2040
-2582
-2781
-2651
-2408
-2085
-1365
-230
1070
2422
3853
5633
7331
8610
9655
10402
10892
10954
10490
9747
8852
7977
6931
5612
4526
3710
2828
1893
1117
627
262
-387
-1279
-1913
-2489
-3425
-4502
-5395
-6091
-6968
-7890
-8326
-8381
-8241
-8008
-7587
-6784
-5878
-5000
-4160
-3310
-2426
-1757
-1242
-817
-510
-201
-5
-30
23
399
837
1161
1621
2389
3150
3663
4060
4658
5296
5330
5149
5225
5144
4650
4024
3697
3367
2607
1750
1192
645
-193
-1099
-1745
-2182
-2923
-3747
-4238
-4606
-5005
-5357
-5398
-5250
-5160
-5032
-4638
-4001
-3482
-3075
-2572
-2003
-1520
-1181
-827
-416
-116
80
323
576
761
802
787
883
834
505
282
262
108
-291
-652
-827
-1097
-1579
-1902
-1927
-1886
-1767
-1272
-302
679
1573
2833
4452
5986
7054
8013
9016
9507
9483
9266
8972
8395
7453
6400
5414
4455
3418
2493
1758
1059
514
147
-370
-1076
-1702
-2292
-3071
-4066
-4986
-5664
-6346
-7141
-7726
-7881
-7774
-7620
-7334
-6685
-5826
-4976
-4178
-3336
-2391
-1655
-1178
-784
-355
49
144
176
450
884
1232
1410
1846
2568
3130
3420
3778
4383
4752
4771
4795
4972
5019
4575
4152
4013
3616
2859
2153
1673
1082
219
-568
-1115
-1722
-2494
-3148
-3575
-4000
-4506
-4822
-4857
-4892
-5013
-4851
-4406
-4062
-3840
-3483
-2934
-2622
-2431
-1974
-1438
-1066
-845
-459
28
291
413
614
938
1117
1021
880
850
736
364
-88
-400
-664
-1084
-1572
-1877
-1955
-1936
-1853
-1554
-964
-262
412
1220
2321
3513
4600
5689
6818
7717
8238
8584
8829
8749
8292
7723
7134
6310
5245
4261
3476
2637
1674
872
309
-319
-1122
-1813
-2272
-2782
-3487
-4120
-4575
-5099
-5758
-6260
-6447
-6528
-6609
-6493
-6114
-5651
-5158
-4555
-3854
-3138
-2512
-1893
-1288
-805
-364
-12
280
494
617
837
1024
1186
1438
1731
2089
2410
2786
3255
3580
3868
4155
4357
4425
4333
4221
3955
3530
3112
2587
1948
1186
417
-322
-1153
-1950
-2640
-3171
-3640
-4087
-4308
-4365
-4438
-4521
-4434
-4193
-3992
-3805
-3504
-3151
-2895
-2663
-2282
-1770
-1289
-870
-386
154
620
950
1229
1493
1630
1558
1365
1167
934
540
42
-367
-703
-1078
-1439
-1742
-1992
-2145
-2215
-2200
-2002
-1603
-1104
-536
163
1081
2161
3227
4282
5392
6377
7071
7610
8129
8398
8191
7749
7352
6801
5893
4922
4175
3427
2434
1475
858
370
-321
-1063
-1501
-1776
-2297
-2934
-3366
-3736
-4260
-4806
-5182
-5407
-5617
-5803
-5812
-5610
-5284
-4879
-4367
-3787
-3173
-2541
-2014
-1612
-1202
-811
-534
-349
-175
74
281
310
431
850
1284
1575
1978
2580
3128
3482
3858
4385
4765
4778
4669
4609
4383
3857
3211
2595
1894
1002
51
-790
-1519
-2220
-2908
-3499
-3922
-4190
-4371
-4492
-4505
-4409
-4279
-4133
-3904
-3577
-3221
-2892
-2536
-2098
-1633
-1170
-735
-333
94
502
859
1140
1368
1610
1722
1622
1447
1305
1118
677
148
-205
-556
-1079
-1601
-1848
-1983
-2304
-2551
-2442
-2151
-1917
-1625
-999
-205
510
1315
2328
3466
4472
5250
6001
6669
7182
7454
7434
7273
6940
6426
5738
4964
4302
3678
2934
2135
1534
1170
750
168
-320
-614
-992
-1574
-2114
-2476
-2901
-3520
-4105
-4485
-4757
-5027
-5238
-5319
-5233
-5012
-4746
-4447
-4006
-3440
-2951
-2599
-2189
-1654
-1216
-991
-796
-439
-85
32
149
506
966
1278
1539
2043
2634
3060
3391
3828
4319
4557
4575
4580
4520
4223
3663
3053
2390
1485
456
-518
-1387
-2214
-2986
-3539
-3938
-4245
-4355
-4273
-4089
-3895
-3624
-3256
-2953
-2715
-2447
-2182
-1992
-1838
-1635
-1376
-1062
-687
-284
126
583
1042
1396
1649
1853
1932
1799
1535
1241
836
249
-368
-857
-1310
-1827
-2240
-2397
-2445
-2550
-2544
-2226
-1773
-1426
-1043
-414
292
849
1407
2176
3006
3663
4226
4861
5478
5914
6223
6492
6607
6486
6240
5929
5468
4879
4287
3662
2901
2130
1531
1047
491
-127
-619
-970
-1395
-1938
-2380
-2657
-3025
-3607
-4107
-4353
-4579
-4899
-5175
-5241
-5126
-5045
-4905
-4477
-3933
-3456
-3002
-2519
-1945
-1383
-1002
-683
-277
103
307
438
734
1127
1356
1545
1978
2528
2896
3190
3672
4162
4327
4308
4383
4354
3904
3220
2644
2023
1077
35
-731
-1358
-2124
-2821
-3121
-3216
-3405
-3504
-3283
-3007
-2949
-2863
-2551
-2311
-2363
-2406
-2216
-2056
-2082
-1974
-1564
-1172
-949
-601
-32
456
741
1020
1323
1454
1356
1155
928
619
183
-306
-754
-1132
-1452
-1700
-1866
-1938
-1875
-1747
-1674
-1516
-1149
-818
-603
-318
147
596
878
1340
2022
2685
3263
3781
4421
4979
5312
5644
5895
5958
5793
5515
5224
4714
4125
3607
3004
2327
1695
1281
922
429
49
-220
-517
-960
-1363
-1573
-1927
-2457
-2931
-3258
-3598
-4047
-4365
-4521
-4669
-4800
-4765
-4540
-4262
-3980
-3617
-3154
-2677
-2200
-1696
-1193
-755
-383
-15
360
737
1147
1572
1950
2300
2695
3062
3300
3496
3736
3883
3819
3664
3469
3155
2674
2126
1580
948
236
-484
-1084
-1627
-2164
-2614
-2963
-3137
-3263
-3296
-3190
-3093
-2961
-2796
-2606
-2398
-2224
-2059
-1832
-1649
-1509
-1257
-928
-620
-383
-79
273
525
700
835
957
941
795
622
473
248
-111
-405
-654
-922
-1154
-1286
-1288
-1269
-1214
-1053
-850
-664
-449
-169
82
295
517
781
1042
1292
1646
2042
2424
2825
3256
3722
4124
4493
4821
5004
5075
5038
4917
4650
4223
3766
3264
2711
2123
1551
1080
604
120
-268
-577
-828
-1116
-1423
-1696
-2023
-2398
-2829
-3260
-3647
-4058
-4464
-4763
-4891
-4912
-4893
-4715
-4306
-3794
-3281
-2699
-2011
-1329
-751
-222
327
811
1167
1440
1740
2039
2201
2345
2548
2708
2793
2875
3005
3023
2912
2790
2608
2320
1864
1320
829
249
-404
-994
-1493
-1908
-2318
-2606
-2683
-2684
-2649
-2552
-2328
-2079
-1904
-1733
-1524
-1329
-1279
-1250
-1129
-1040
-993
-923
-793
-614
-458
-298
-77
124
291
434
531
590
576
515
380
201
28
-176
-369
-540
-650
-696
-724
-684
-600
-457
-293
-156
-8
89
141
139
99
78
62
84
138
268
519
846
1248
1730
2289
2862
3382
3881
4326
4595
4713
4746
4637
4371
4017
3599
3139
2625
2046
1551
1152
726
339
9
-291
-624
-1021
-1377
-1736
-2160
-2627
-3083
-3452
-3827
-4174
-4365
-4459
-4462
-4319
-4000
-3575
-3098
-2501
-1843
-1225
-626
-13
544
959
1291
1607
1841
1940
1986
2027
2011
1928
1857
1856
1794
1629
1480
1358
1225
967
653
406
65
-378
-809
-1154
-1426
-1773
-2080
-2195
-2261
-2337
-2328
-2191
-2044
-1945
-1797
-1587
-1396
-1243
-1091
-962
-867
-795
-726
-613
-508
-453
-361
-198
-24
155
359
579
759
872
964
1060
1099
1050
952
831
725
603
452
356
308
270
197
142
175
165
93
20
-44
-131
-253
-327
-372
-414
-415
-358
-239
-36
237
533
893
1327
1779
2205
2609
3019
3357
3546
3638
3698
3645
3422
3135
2781
2397
1971
1468
1028
654
271
-132
-498
-762
-996
-1252
-1516
-1749
-1947
-2184
-2479
-2710
-2828
-2957
-3073
-3067
-2961
-2788
-2559
-2266
-1872
-1428
-1001
-570
-156
241
600
843
991
1106
1168
1165
1098
990
907
827
692
539
455
428
367
272
195
152
74
-80
-225
-353
-513
-747
-970
-1086
-1218
-1401
-1502
-1498
-1480
-1495
-1432
-1275
-1145
-1064
-963
-809
-686
-610
-512
-392
-299
-264
-193
-55
36
112
235
367
461
523
639
748
755
766
840
863
785
715
704
616
438
323
276
207
83
-11
-17
-38
-88
-93
-41
-8
-38
-32
40
61
46
96
182
242
323
456
623
790
952
1166
1374
1540
1705
1845
1932
1961
1963
1941
1866
1731
1553
1370
1180
964
733
530
349
171
-7
-158
-284
-406
-528
-654
-763
-867
-959
-1060
-1176
-1209
-1219
-1256
-1246
-1146
-1013
-941
-844
-665
-494
-401
-329
-186
-82
-81
-76
-48
-47
-105
-174
-189
-213
-279
-316
-306
-315
-349
-364
-359
-379
-427
-482
-546
-617
-685
-762
-867
-962
-1024
-1057
-1086
-1122
-1109
-1062
-1006
-935
-849
-728
-615
-512
-377
-244
-137
-28
97
200
289
382
468
533
584
634
687
720
736
773
795
800
797
784
768
711
639
587
505
403
304
233
182
123
95
107
133
170
193
239
327
396
424
469
522
530
518
511
508
499
472
456
453
464
463
453
474
490
501
494
469
467
450
385
319
273
211
144
90
49
23
-6
-23
-6
7
6
21
38
39
25
-4
-30
-69
-133
-177
-214
-269
-315
-344
-353
-339
-331
-316
-280
-256
-245
-235
-232
-233
-251
-282
-306
-344
-398
-420
-431
-462
-472
-481
-489
-496
-515
-530
-571
-619
-657
-720
-767
-805
-869
-905
-900
-894
-880
-831
-738
-649
-550
-431
-306
-164
-49
80
206
292
375
440
490
538
581
607
619
627
627
634
638
630
604
565
528
477
404
333
266
187
109
26
-49
-107
-163
-202
-214
-230
-237
-219
-190
-150
-107
-70
-36
-5
35
69
101
136
171
219
272
312
369
446
489
534
584
602
621
628
627
616
590
578
555
516
496
489
468
435
396
347
288
216
142
59
-22
-90
-157
-222
-253
-284
-307
-304
-319
-312
-306
-324
-315
-296
-285
-274
-260
-244
-208
-172
-145
-106
-67
-35
6
44
63
71
67
46
-1
-59
-139
-240
-330
-422
-531
-633
-710
-757
-779
-788
-786
-742
-694
-668
-604
-544
-501
-451
-408
-333
-241
-186
-107
-4
84
162
242
337
405
446
484
488
495
472
412
387
353
314
297
269
243
226
191
162
133
88
35
-23
-83
-141
-197
-238
-269
-289
-291
-286
-286
-284
-271
-248
-238
-229
-206
-176
-150
-120
-70
-11
40
96
178
268
340
405
488
552
586
621
662
680
677
671
664
646
596
543
509
459
416
372
309
276
235
165
112
59
2
-42
-95
-155
-177
-209
-257
-260
-264
-276
-270
-272
-260
-232
-193
-154
-128
-94
-56
-19
3
31
61
66
62
57
58
32
-18
-36
-53
-95
-155
-199
-235
-286
-328
-371
-410
-440
-461
-465
-452
-449
-428
-398
-393
-363
-316
-294
-264
-229
-190
-147
-112
-60
11
70
132
174
231
300
307
320
350
328
298
294
270
226
198
152
120
107
56
8
-22
-75
-135
-176
-205
-243
-277
-297
-315
-336
-350
-353
-363
-362
-345
-338
-305
-258
-220
-164
-94
-16
55
126
208
283
358
413
466
529
539
547
578
585
586
574
546
517
489
458
410
365
322
267
203
123
58
9
-63
-135
-185
-231
-267
-293
-306
-293
-278
-244
-204
-169
-103
-60
-30
21
46
65
76
68
70
68
61
47
51
60
52
62
73
83
75
52
32
-8
-38
-83
-150
-186
-229
-270
-289
-309
-316
-314
-298
-289
-283
-257
-247
-238
-206
-179
-160
-135
-104
-68
-23
5
33
74
93
110
114
137
181
197
209
230
255
257
256
248
207
183
133
61
0
-84
-162
-230
-291
-316
-329
-329
-304
-278
-248
-238
-230
-214
-210
-200
-211
-216
-196
-178
-132
-70
-6
80
159
233
306
355
407
453
475
489
491
469
436
405
376
333
276
231
192
145
105
47
21
13
-24
-27
-32
-31
-29
-57
-70
-100
-135
-164
-208
-231
-250
-260
-240
-219
-174
-115
-63
-2
46
73
97
111
108
81
64
37
-1
5
-11
-42
-38
-20
-6
-21
-15
1
-16
-28
-46
-76
-98
-112
-122
-124
-146
-177
-187
-196
-206
-225
-225
-212
-207
-170
-131
-85
-16
39
98
145
177
215
228
226
210
175
146
114
85
62
59
70
69
89
106
109
122
122
114
79
25
-4
-44
-85
-123
-169
-195
-225
-248
-245
-240
-226
-188
-162
-144
-103
-79
-48
-20
-1
42
69
106
152
163
182
206
220
231
231
237
242
241
250
240
230
237
216
203
199
174
141
95
47
-6
-78
-129
-178
-228
-240
-248
-235
-194
-157
-109
-71
-34
5
14
20
34
44
35
23
32
28
24
27
24
29
22
20
21
9
13
2
-7
-9
-41
-48
-53
-92
-116
-137
-173
-209
-233
-254
-274
-273
-246
-220
-204
-167
-118
-85
-65
-50
-51
-49
-39
-45
-64
-74
-69
-53
-42
-27
4
47
90
130
165
190
222
256
273
254
223
204
175
128
70
33
4
-25
-39
-58
-39
-16
-3
10
-10
2
3
-24
-25
-66
-115
-108
-95
-95
-79
-37
14
56
94
124
148
172
189
183
183
194
180
183
177
161
169
146
127
123
92
59
26
9
-17
-62
-73
-81
-98
-75
-66
-75
-57
-51
-55
-57
-79
-94
-106
-116
-113
-116
-124
-119
-98
-70
-48
-20
15
39
62
86
102
102
96
88
63
27
1
-19
-47
-55
-56
-56
-50
-37
-26
-29
-10
-8
-21
-17
-32
-59
-92
-113
-152
-184
-168
-170
-174
-151
-110
-85
-75
-58
-50
-35
-16
-15
-22
-21
-20
-12
-7
-1
4
4
19
29
42
43
34
55
69
77
79
68
54
33
20
-3
-23
-20
-20
-27
-23
-17
-20
-20
-8
-6
-8
8
10
29
55
53
70
91
97
120
139
153
171
183
196
198
184
184
173
155
147
130
102
83
75
64
46
29
26
14
-2
4
-2
-4
-5
-23
-41
-51
-61
-81
-80
-88
-119
-125
-118
-116
-110
-94
-77
-78
-71
-51
-62
-69
-49
-47
-42
-50
-63
-45
-34
-36
-19
3
6
12
22
20
18
21
10
-4
-2
-15
-39
-49
-64
-71
-70
-75
-90
-101
-98
-103
-96
-96
-98
-84
-95
-97
0
0
0
0
0
0
0
0
0
0
0
0
0
0
0
0
0
0
0
0
0
0
0
0
0
0
0
0
0
0
0
0
0
0
0
0
0
0
0
0
0
0
0
0
0
0
0
0
0
0
0
0
0
0
0
0
0
0
0
0
0
0
0
0
0
0
0
0
0
0
0
0
0
0
0
0
0
0
0
0
0
0
0
0
0
0
0
0
0
0
0
0
0
0
0
0
0
0
0
0
0
0
0
0
0
0
0
0
0
0
0
0
0
0
0
0
0
0
0
0
0
0
0
0
0
0
0
0
0
0
0
0
0
0
0
0
0
0
0
0
0
0
0
0
0
0
0
0
0
0
0
0
0
0
0
0
0
0
0
0
0
0
0
0
0
0
0
0
0
0
0
0
0
0
0
0
0
0
0
0
0
0
0
0
0
0
0
0
0
0
0
0
0
0
0
0
0
0
0
0
0
0
0
0
0
0
0
0
0
0
0
0
0
0
0
0
0
0
0
0
0
0
0
0
0
0
0
0
0
0
0
0
0
0
0
0
0
0
0
0
0
0
0
0
0
0
0
0
0
0
0
0
0
0
0
0
0
0
0
0
0
0
0
0
0
0
0
0
0
0
0
0
0
0
0
0
0
0
0
0
0
0
0
0
0
0
0
0
0
0
0
0
0
0
0
0
0
0
0
0
0
0
0
0
0
0
0
0
0
0
0
0
0
0
0
0
0
0
0
0
0
0
0
0
0
0
0
0
0
0
0
0
0
0
0
0
0
0
0
0
0
0
0
0
0
0
0
0
0
0
0
0
0
0
0
0
0
0
0
0
0
0
0
0
0
0
0
0
0
0
0
0
0
0
0
0
0
0
0
0
0
0
0
0
0
0
0
0
0
0
0
0
0
0
0
0
0
0
0
0
