0
0
0
0
0
0
0
0
0
0
0
0
0
0
0
0
0
0
0
0
0
0
0
0
0
0
0
0
0
0
0
0
0
0
0
0
0
0
0
0
0
0
0
0
0
0
0
0
0
0
0
0
0
0
0
0
0
0
0
0
0
0
0
0
0
0
0
0
0
0
0
0
0
0
0
0
0
0
0
0
0
0
0
0
0
0
0
0
0
0
0
0
0
0
0
0
0
0
0
0
0
0
0
0
0
0
0
0
0
0
0
0
0
0
0
0
0
0
0
0
0
0
0
0
0
0
0
0
0
0
0
0
0
0
0
0
0
0
0
0
0
0
0
0
0
0
0
0
0
0
0
0
0
0
0
0
0
0
0
0
0
0
0
0
0
0
0
0
0
0
0
0
0
0
0
0
0
0
0
0
0
0
0
0
0
0
0
0
0
0
0
0
0
0
0
0
0
0
0
0
0
0
0
0
0
0
0
0
0
0
0
0
0
0
0
0
0
0
0
0
0
0
0
0
0
0
0
0
0
0
0
0
0
0
0
0
0
0
0
0
0
0
0
0
0
0
0
0
0
0
0
0
0
0
0
0
0
0
0
0
0
0
0
0
0
0
0
0
0
0
0
0
0
0
0
0
0
0
0
0
0
0
0
0
0
0
0
0
0
0
0
0
0
0
0
0
0
0
0
0
0
0
0
0
0
0
0
0
0
0
0
0
0
0
0
0
0
0
0
0
0
0
0
0
0
0
0
0
0
0
0
0
0
0
0
0
0
0
0
0
0
0
0
0
0
0
0
0
0
0
0
0
0
0
0
0
0
0
0
0
0
0
0
0
0
0
0
0
0
0
0
0
0
0
0
0
0
0
0
0
0
0
0
0
0
0
0
0
0
0
0
0
0
0
0
0
-255
-9
-90
-280
-77
-371
-516
-114
-265
-415
-141
-157
-52
198
-113
-158
157
70
37
166
319
421
223
83
283
298
161
365
65
102
118
-370
119
-41
110
620
290
683
461
115
400
377
349
-110
-663
-907
-866
-642
-694
-732
-656
-770
-810
-382
-30
-15
123
23
-260
-130
153
-91
-44
398
336
400
472
592
408
248
394
219
661
483
123
221
-17
338
368
185
317
228
191
13
-10
298
185
173
161
-661
-571
-118
-654
-579
-406
-343
-471
-566
-287
-485
-39
158
-117
-55
-149
-17
-3
-100
-172
-300
-101
178
-125
-192
-346
-152
237
124
640
-12
39
606
298
614
393
335
150
523
783
441
888
548
-56
11
297
-293
-183
374
-253
-315
-435
-630
-964
-633
-320
-826
-362
-460
-624
-379
-172
-54
222
513
-213
-158
-63
-39
129
-38
470
-202
-83
70
-29
731
18
233
344
263
304
-83
-26
-51
346
36
418
668
15
436
277
-162
213
63
-376
-113
-180
-239
-243
-318
38
-159
140
418
214
414
375
816
49
-580
-346
-764
-331
-339
-440
-246
-471
-747
-755
-465
-171
-269
-322
121
-508
-192
470
155
948
1106
676
737
503
428
478
-90
63
318
507
556
-224
39
100
-188
-308
-831
-451
-566
-994
-160
-132
-626
-356
-504
-446
200
165
92
169
48
-20
-56
484
269
-171
349
-130
-388
90
331
644
471
177
32
379
424
-321
-442
-321
-20
31
20
591
-78
-773
-562
-444
-182
228
878
866
172
77
64
-534
115
208
38
995
-22
-57
-427
-1197
-479
-676
128
-181
-567
336
701
312
-374
130
232
114
-259
215
724
304
492
-646
-695
-328
-933
108
652
461
377
184
549
412
176
198
-233
-105
-285
-492
42
-598
-307
836
32
-126
238
-238
-666
-601
-27
36
916
852
100
604
-648
-565
752
568
719
413
346
-82
-513
132
65
430
518
329
428
-395
-694
-1188
-1021
-121
-776
-615
-229
-354
108
-269
-257
244
397
527
-97
55
312
-857
-554
749
916
1005
758
829
995
440
774
648
-91
-629
-867
-494
-233
-344
-1233
-994
-460
-748
-691
-506
-212
-670
-191
522
138
319
740
593
-487
-783
-547
-3
537
-216
707
1110
375
834
402
705
670
308
432
23
311
-168
240
597
-33
-38
-59
75
-1119
-1319
-791
-1418
-1155
-872
-1002
-368
273
361
1366
1171
89
588
196
-282
-129
-403
-299
-551
-376
719
1094
1129
319
-1093
-532
247
101
910
1020
974
1108
59
25
5
-457
-509
-310
151
193
155
-1025
-1483
-989
-1112
-724
-675
-194
341
-116
-595
-460
-108
-23
257
236
609
611
-433
-126
550
164
128
534
1019
856
-37
265
407
-184
-176
-354
165
663
417
522
236
111
221
-5
-75
-492
-883
-714
-206
137
-415
-287
413
313
599
640
514
566
75
42
138
376
245
-457
-76
-72
-658
-467
-680
-590
93
-257
-278
157
-149
-205
-343
-175
462
82
-481
-557
-58
72
-725
-551
71
121
-382
-641
68
227
-138
-683
-629
83
-413
-624
-132
-103
-508
-1021
-633
-522
-406
51
75
605
697
428
287
421
676
170
114
378
172
52
-155
-536
-156
-253
-330
935
927
719
1253
1299
1209
1077
975
822
1480
1548
451
277
534
419
201
299
737
913
345
-110
320
535
-100
-530
-39
345
-34
-505
-385
-151
-479
-805
-407
16
-362
-754
-970
-878
-1045
-1562
-1277
-1157
-941
-919
-1259
-1184
-1442
-1434
-1646
-1911
-1560
-1527
-1759
-2032
-1659
-1128
-1440
-1692
-1520
-1447
-1600
-1851
-1959
-1945
-2232
-2227
-1972
-2017
-1243
-879
-893
236
587
645
1426
2142
2553
3140
4277
4849
5581
6113
6019
6713
6851
6744
6598
5805
5461
4855
4175
3470
2797
2445
1596
1336
1064
187
91
215
-252
-700
-895
-1366
-1543
-1789
-2697
-2944
-2734
-2770
-2874
-3183
-3371
-2938
-2728
-3315
-3152
-2637
-2374
-2102
-2237
-1759
-1594
-1799
-1794
-2109
-1840
-2023
-2784
-3271
-3709
-3943
-4136
-4169
-4058
-4108
-4427
-4357
-4027
-4108
-3839
-3528
-3423
-2831
-2187
-1754
-1183
-512
-119
552
1026
1601
2820
2937
3524
4544
4949
6076
6972
7610
8543
9411
9701
9844
10021
9863
9352
8460
7510
5737
4204
2885
859
-695
-2122
-3220
-4206
-4897
-4857
-5025
-4800
-4583
-4087
-3096
-2499
-1650
-1467
-1234
-500
-350
-152
50
618
1134
1275
1551
2267
2897
3204
3388
3210
3524
3097
2293
1641
711
16
-1430
-2413
-3102
-3880
-4627
-5294
-5069
-5286
-5156
-4925
-5095
-4554
-4180
-3824
-3639
-3448
-3264
-3578
-3622
-3927
-3909
-3952
-4377
-4404
-4801
-4749
-4954
-5319
-4957
-4839
-4552
-4244
-4128
-3917
-3349
-2491
-1619
-813
330
1957
3256
4824
6768
8708
10594
12173
13821
15238
16443
17200
17300
17287
16421
14822
12963
10569
8027
5189
2399
-158
-3026
-5540
-7448
-8895
-9776
-10365
-10492
-10182
-9854
-9169
-8003
-7064
-6212
-5156
-4234
-3529
-3079
-2426
-1921
-1707
-1139
-251
881
1737
2845
4086
5373
6957
7954
8860
9462
9613
9093
7907
6545
4673
2503
-65
-2212
-4001
-5768
-7276
-8375
-8635
-8838
-8629
-8062
-7193
-5814
-4739
-3724
-3035
-2507
-2353
-2803
-3037
-3713
-4393
-4999
-5970
-6705
-7599
-8067
-8380
-8828
-8609
-8018
-7248
-6437
-5382
-4181
-2914
-1480
-14
1482
3277
5398
7220
9134
10976
12820
14992
16638
18064
19311
20154
20514
20043
19121
17672
15488
12923
10041
6804
3327
-270
-3623
-6559
-9321
-11604
-12981
-13876
-14515
-14675
-14249
-13298
-12270
-11137
-9588
-7949
-6307
-4728
-3528
-2380
-1200
-181
730
1536
2496
3491
4296
5189
6196
7339
8533
9332
9989
10835
11234
11098
10533
9305
7876
6070
3820
1564
-1051
-3532
-5773
-8308
-10154
-11112
-11750
-11846
-11512
-10737
-9557
-8465
-7497
-6419
-5391
-4502
-3914
-4138
-4452
-4800
-5546
-6187
-7256
-8163
-8502
-8881
-9077
-8941
-8239
-7243
-6281
-5181
-3484
-1458
471
2656
4682
6892
9432
11558
13709
15944
18040
19749
20823
21671
22381
22499
21678
20452
18621
16230
13559
9833
6000
2395
-1324
-4857
-8226
-11058
-13408
-15249
-16613
-17363
-17450
-16894
-15860
-14849
-13339
-11490
-9687
-7840
-6029
-4084
-2238
-739
719
2308
3726
5028
6036
6724
7657
8412
9043
9874
10552
11115
11376
11472
11234
10652
10167
9174
7658
5852
3820
1570
-939
-3543
-6214
-8288
-9863
-11338
-12543
-13145
-13030
-12524
-11601
-10619
-9397
-7871
-6805
-6112
-5574
-5002
-4639
-5084
-5928
-6646
-7298
-8091
-9095
-9970
-10097
-9703
-9332
-8628
-7561
-6105
-4340
-2566
-226
2432
5079
7876
10397
12957
15791
18380
20488
22298
23905
24929
25439
25461
24568
22971
20704
17771
14344
10332
6224
2052
-2445
-6767
-10641
-13814
-16395
-18662
-20101
-20604
-20370
-19550
-18386
-16839
-14792
-12365
-10114
-7850
-5254
-2886
-851
847
2463
4154
5459
6507
7324
8228
9271
9856
10342
10732
10982
11177
11176
11089
10825
10333
9431
8310
6919
5382
3788
1562
-854
-3200
-5449
-7435
-9376
-11071
-12122
-12681
-12903
-12561
-11930
-10995
-9804
-8712
-7541
-6580
-5784
-5202
-5214
-5307
-5554
-6381
-7568
-8735
-9627
-10258
-10539
-10633
-10561
-9971
-8968
-7721
-6036
-3891
-1614
963
3685
6374
9465
12455
15151
17859
20596
23364
25324
26556
27502
27852
27576
26370
24160
21085
17575
13620
8933
4062
-862
-5696
-10346
-14677
-18086
-20448
-21989
-23050
-23514
-22908
-21346
-19341
-17048
-14386
-11480
-8409
-5409
-2753
-286
2143
4247
5815
7242
8641
9688
10292
10568
10853
11278
11598
11424
10986
10743
10451
9788
8772
7827
6617
5099
3630
1854
253
-1374
-3457
-5565
-7316
-8510
-9661
-10830
-11698
-11968
-11415
-10724
-10119
-9165
-8009
-6729
-5633
-5041
-4365
-3880
-4046
-4493
-5139
-5906
-6830
-8019
-9421
-10515
-10933
-11229
-11442
-11098
-10190
-8829
-7195
-5481
-3265
-460
2424
5379
8609
11946
15050
17930
20792
23747
26204
27771
28637
28675
28380
27579
25595
22452
18528
14304
9559
4400
-950
-6116
-10993
-15788
-19717
-22472
-24278
-25437
-25898
-25315
-23746
-21131
-18050
-15089
-11977
-8487
-4754
-1315
1642
4321
6659
8408
9858
11214
11959
12425
12582
12283
12241
12124
11529
10574
9554
8674
7814
6811
5630
4121
2384
895
-740
-2234
-3349
-4538
-5679
-6922
-8009
-8552
-8629
-8897
-9150
-8824
-7966
-6795
-6144
-5376
-4271
-3475
-2787
-2496
-2473
-2448
-2822
-3910
-5252
-6502
-7940
-9522
-11170
-12472
-13174
-13612
-13808
-13565
-12618
-11026
-9245
-7339
-4931
-2077
1124
4644
8058
11733
15258
18352
21724
24548
27097
29197
29865
30095
29973
29051
27056
23627
19358
14956
10149
4839
-805
-6726
-11981
-16709
-21167
-24179
-25897
-26977
-27285
-26667
-24630
-21334
-17812
-14330
-10655
-6676
-2511
1232
4377
7121
9317
10987
12250
13029
13407
13338
12740
11939
11161
10582
9994
8866
7588
6472
5210
4066
2899
1292
-181
-1577
-2975
-4080
-5358
-6473
-7018
-7467
-7833
-7696
-7356
-6793
-6033
-5525
-4318
-3001
-2133
-1062
-385
103
389
148
-361
-1116
-2246
-3541
-5280
-7428
-9263
-11286
-12846
-14019
-15545
-16217
-16222
-16034
-15314
-14040
-12260
-9915
-7289
-4556
-1313
2096
5511
8996
12384
15835
19085
21917
24656
27200
28953
29740
29856
29681
29031
27289
24372
20549
16216
11615
6347
523
-5068
-10306
-15199
-19674
-23399
-25497
-26526
-27252
-26865
-25195
-22320
-18556
-15041
-11242
-6728
-2434
1585
4945
7534
10071
11915
12783
13174
13159
13092
12495
11023
9753
8812
7759
6549
4950
3570
2861
2003
801
-331
-1347
-2191
-3126
-4300
-5115
-5440
-5736
-6225
-6781
-6683
-5778
-5031
-4704
-4200
-3144
-1625
-452
42
596
1361
1849
1634
670
-343
-1228
-2703
-4854
-7129
-9114
-10881
-12785
-14727
-16276
-17164
-17380
-17208
-16732
-15501
-13335
-10803
-8408
-5804
-2460
1254
4550
7478
10650
14103
17229
19583
21481
23579
25758
27154
27530
27566
27579
26993
25357
22863
19828
16284
12171
7487
2398
-2604
-7372
-12160
-16796
-20595
-23093
-24538
-25466
-25706
-24665
-22328
-19067
-15754
-12465
-8422
-4235
-481
2825
5757
8577
10603
11605
12201
12634
12701
11962
10432
8763
7796
6980
5478
3778
2247
1272
429
-656
-1607
-2454
-3003
-3603
-4251
-4620
-4626
-4589
-4967
-5252
-5137
-4423
-3640
-3247
-2785
-1954
-680
222
600
1056
1634
1927
1502
690
-262
-1440
-2974
-4879
-6877
-8773
-10533
-12409
-14150
-15313
-16000
-16207
-16096
-15590
-14429
-12451
-9922
-7498
-4841
-1818
1384
4606
7280
9753
12453
15010
17164
18818
20286
21981
23452
24415
25019
25095
24793
24201
22956
20953
18297
14890
11055
6934
2293
-2447
-7172
-11709
-15936
-19790
-22467
-24117
-25148
-25257
-24354
-22492
-19735
-16400
-12838
-8999
-5020
-1096
2562
5695
8453
10513
11893
12848
13244
13377
12704
11193
9671
8117
6705
5250
3407
1731
493
-632
-1523
-2276
-3212
-3823
-4102
-4333
-4324
-4278
-4135
-3812
-3707
-3435
-2676
-2011
-1347
-689
-332
449
1435
1762
1921
2061
1925
1614
657
-728
-1924
-3326
-5071
-7004
-8980
-10564
-12046
-13660
-14886
-15700
-16063
-15723
-15087
-14087
-12308
-10121
-7593
-4728
-1986
813
3667
6123
8316
10273
12108
13799
14881
15795
16759
17582
18719
19855
20675
21450
21686
21555
21497
20690
18903
16287
13036
9658
5710
842
-4218
-8998
-13677
-17903
-21577
-24286
-25512
-26144
-25894
-24456
-21913
-18288
-14455
-10201
-5667
-1191
3334
7248
10140
12230
13815
14734
14981
14495
13118
11413
9749
7961
5853
3844
2250
791
-464
-1534
-2296
-2672
-2904
-3350
-3745
-3571
-3598
-3692
-3881
-4308
-3992
-3714
-3559
-2968
-2398
-1586
-576
120
812
1670
1993
2010
2011
1658
1188
335
-1165
-2827
-4455
-6011
-7694
-9794
-11710
-13000
-13791
-14246
-14824
-15080
-14237
-12898
-11536
-9827
-7660
-5004
-2267
-43
2095
4466
6610
8274
9437
10481
11938
13399
14368
15152
16038
17332
18996
20325
21142
21700
22143
22367
21856
20199
17567
14217
10326
5851
787
-4357
-9558
-14556
-19089
-22923
-25411
-26774
-26977
-26357
-24789
-21621
-17561
-13038
-8578
-4176
355
4537
8494
11542
13240
14251
14839
14709
13683
12043
9982
8129
6129
3907
2286
780
-369
-1478
-2594
-3185
-3572
-3669
-4030
-4494
-4944
-5010
-4755
-5005
-5287
-5401
-4773
-3809
-3184
-2426
-1274
244
1750
2788
3461
4337
4787
4975
4671
3403
2386
937
-985
-2689
-4958
-7319
-9117
-11088
-13015
-14092
-14912
-15250
-15018
-14823
-13832
-12246
-10756
-8760
-6530
-4326
-1677
840
2893
4786
6381
7735
8999
10083
10888
11769
13015
14087
15054
16421
17974
19757
21408
22140
22358
22418
21993
20791
18162
14152
9798
5410
602
-4893
-10804
-16128
-20266
-23431
-25738
-27154
-27231
-25519
-22859
-19783
-15718
-10948
-5935
-963
3115
6410
9568
12271
13884
14045
13282
12429
11533
10310
8089
5124
3019
1749
519
-501
-1731
-2834
-2816
-2716
-3030
-3112
-3670
-4232
-4169
-4989
-5900
-5782
-6085
-6227
-5739
-5431
-3976
-1767
-301
1347
3405
5555
7577
8554
8595
8190
7809
7338
5442
2549
-232
-2941
-5100
-7452
-10802
-13383
-14660
-15547
-15972
-16465
-16850
-15866
-14348
-13011
-11276
-9628
-7612
-4757
-2457
-440
1926
3859
5690
7292
8171
9053
10160
11272
11982
12438
13476
14503
15577
17340
18634
19778
21340
21873
21682
21343
19996
17785
14644
10193
5196
206
-4852
-10016
-15150
-19746
-23185
-25081
-25616
-25398
-24375
-21961
-18258
-13889
-9373
-4990
-677
3302
6466
8797
10350
11488
12075
11247
9719
8401
6916
5611
4170
1968
452
-28
-545
-831
-1319
-2342
-2462
-2081
-2323
-2781
-3955
-5278
-5553
-6224
-7259
-7721
-8272
-7831
-6378
-5071
-2808
-76
2562
5816
8562
11081
13503
14215
13999
13051
11089
9233
6208
1706
-2450
-6458
-10012
-12821
-16077
-18823
-20041
-20437
-19779
-18649
-17986
-16480
-13979
-11518
-8771
-6314
-4471
-2129
315
2299
4071
5241
5990
6724
7422
8081
8562
9233
10137
10974
12376
14193
15793
17609
19603
21436
22963
23472
22871
21769
20165
17654
13902
9033
3721
-1429
-6295
-11198
-16134
-20380
-23154
-24215
-24030
-23133
-21465
-18733
-14921
-10650
-6587
-2815
595
3609
6012
7309
7900
8116
7611
6636
5219
3551
2543
1922
1225
649
-28
-220
545
1237
1318
799
-120
-500
-655
-1703
-3305
-5318
-7357
-8353
-9014
-9665
-9585
-9264
-7972
-4928
-1509
2229
5964
8978
12402
15703
17962
19120
18475
16567
14268
10824
6546
1927
-3668
-8394
-12273
-16178
-18630
-20585
-21979
-21705
-20843
-19501
-17171
-14886
-12491
-9778
-7725
-5281
-2992
-1309
318
867
1618
2967
3645
4249
4662
4630
5580
6877
7663
9205
10776
12559
15283
17302
19044
21129
22843
24422
25069
24005
22303
20356
17570
13897
8699
2563
-3095
-8366
-12489
-16272
-20321
-22971
-24499
-24344
-22193
-20105
-18030
-15018
-11557
-7560
-3595
-1048
1011
2595
3372
4639
4965
4348
4138
3679
3397
3389
3571
4056
4790
5127
4991
5156
5195
5306
4367
2274
96
-2547
-4372
-5885
-8371
-10813
-12662
-13681
-12993
-11347
-9975
-7976
-5083
-1290
3346
7834
11831
15036
17630
19694
20405
20019
18479
15163
11252
6840
1564
-3405
-8192
-12715
-16012
-18577
-20847
-21688
-21243
-20235
-18607
-17020
-15148
-12859
-10127
-7218
-5449
-4293
-3182
-1717
162
1369
1841
2314
3414
5045
6603
7568
8213
9128
10412
11830
13149
14564
16125
17464
18518
19421
20136
21411
22065
21017
19350
16514
13404
10567
6673
1637
-3872
-9261
-14047
-17167
-19707
-22186
-23849
-24576
-23367
-20937
-17869
-14511
-11609
-8432
-4960
-1827
873
3038
4120
4615
5051
5077
5394
5764
5819
5821
5523
5743
6532
7470
7976
7383
6226
4754
3444
2033
-196
-3091
-6418
-9376
-11378
-12569
-13403
-13868
-13476
-12133
-9885
-6805
-3141
799
4854
8662
11772
14448
16961
18812
19481
18641
16278
13222
10099
6752
2767
-1904
-6375
-9973
-12791
-14838
-16597
-18201
-18689
-18199
-17427
-16146
-14623
-13066
-11015
-8838
-7117
-5675
-4224
-2491
-564
1066
2373
3420
4558
6263
7813
8738
9411
9557
9580
10124
10429
10597
11083
11790
12838
13567
13941
14594
15576
16659
17066
15626
12970
10440
7613
4872
1499
-3384
-8255
-12786
-16174
-18109
-19597
-20232
-19957
-19075
-17199
-14525
-11498
-7743
-4015
-1343
570
1644
2477
3683
4359
4313
3787
2989
2934
3440
4118
5180
5804
6271
7037
7332
7341
7060
5905
4226
1956
-853
-3597
-6434
-8756
-10369
-11451
-11865
-11940
-11090
-9416
-7064
-4304
-1792
917
3567
6031
8097
9543
10853
12030
12902
12924
11977
10668
9333
7838
5929
3390
194
-3034
-5818
-8330
-10666
-12600
-13988
-14893
-15369
-15362
-14930
-13989
-12183
-9940
-7959
-6302
-4874
-3104
-936
877
2315
3163
3417
3990
4592
5018
5593
5560
5189
5036
4500
3981
3921
4202
5245
6777
8226
9519
10583
11905
13733
15395
16276
16013
14728
12785
10133
6796
3037
-877
-4573
-7934
-11128
-14005
-15895
-16265
-15417
-13947
-12220
-10488
-8739
-6929
-5218
-3797
-2727
-1940
-1574
-1769
-2219
-2492
-2092
-679
1319
3593
5753
7377
8891
10451
11997
13136
13116
11796
9592
6461
2587
-616
-3540
-6308
-8102
-10273
-12236
-12886
-12704
-11255
-9359
-7773
-6127
-5195
-4233
-2667
-1261
1196
4164
6449
8573
10327
11823
13406
14995
15963
15744
14056
11145
7248
2858
-1102
-5088
-8552
-11495
-14421
-16161
-16783
-16715
-15892
-14165
-12097
-10347
-8792
-7575
-6506
-5452
-4541
-3803
-3052
-2252
-1593
-993
-250
798
2221
3811
5151
6173
6554
6664
6836
7207
8225
9202
10372
11508
12353
13430
14356
15393
16213
16347
15721
13982
10933
7092
2885
-1390
-5209
-9065
-12297
-14735
-16579
-17178
-16930
-15515
-13220
-10791
-8147
-5744
-4159
-3002
-2343
-2164
-1430
-1189
-1285
-914
-797
447
2624
5084
8329
11102
13590
15484
15994
15971
14426
12001
9344
5382
1199
-3612
-8307
-11743
-14766
-16316
-16759
-16515
-15397
-14079
-12219
-10312
-8615
-6758
-4997
-3129
-918
1388
3941
6752
9439
12203
15002
17522
19603
20701
20403
18698
15633
11509
6679
1497
-3442
-8117
-12498
-15785
-17927
-19041
-18866
-17987
-16578
-14586
-12804
-11220
-9822
-8923
-7908
-6843
-5927
-4916
-4181
-3244
-1629
73
2047
4323
6334
8097
9215
9566
9413
8714
7956
7281
6664
6562
7054
7759
8750
9976
11292
12703
13861
14687
14389
13057
10433
6508
2426
-2303
-6267
-9373
-11838
-12938
-13761
-13385
-12110
-10579
-8148
-5410
-3220
-1434
-442
-645
-1051
-2258
-3075
-3251
-3662
-2487
-1212
504
3625
6056
8879
11710
13455
14470
14055
12428
9376
5315
1399
-2577
-6478
-9214
-11409
-13478
-13871
-13671
-12930
-10756
-8692
-6723
-5058
-4208
-3865
-4119
-4293
-4079
-3376
-1298
1531
4528
7879
11049
14319
17332
19806
21383
21117
19509
16396
11478
5655
-164
-5634
-10066
-13499
-16146
-17507
-18298
-17931
-16859
-15704
-13387
-11350
-9823
-8099
-7535
-7653
-7107
-6709
-5621
-3891
-2633
-426
1434
3083
5443
6859
8252
9466
9498
9160
7735
5305
3603
1963
1300
2093
2941
5127
7384
9265
11561
12828
13973
14808
14030
12498
9798
5735
2054
-1793
-5279
-7162
-8297
-8011
-6946
-5662
-4282
-3538
-2573
-2048
-2045
-1931
-2948
-4642
-6013
-7868
-9198
-9093
-8427
-6290
-3301
-277
3245
5663
7890
10031
10375
10510
9677
7191
4672
1698
-1349
-3675
-5415
-6459
-6740
-6459
-5883
-5173
-4801
-4384
-4122
-4461
-4942
-5730
-6319
-6938
-7107
-6413
-5274
-2298
1283
5130
9681
13131
15858
17967
18562
17796
16214
13630
10075
5993
1426
-3032
-6927
-9760
-11416
-12379
-12698
-12532
-12117
-11488
-10720
-10045
-9506
-9016
-8728
-8759
-8828
-8697
-8261
-7201
-5565
-3801
-1946
184
2358
4145
5476
6453
6944
6846
6309
5492
4569
3832
3604
4076
5188
6818
8872
11121
13307
15007
15764
15505
14396
12683
10481
7861
4967
1881
-1041
-3098
-4312
-5027
-5134
-4904
-4372
-4029
-4372
-4953
-6102
-7276
-8219
-9459
-10240
-10907
-11033
-10214
-9155
-7098
-4784
-2296
910
3382
5194
6704
7331
7215
7008
6234
5016
4164
2732
1580
823
-429
-810
-1322
-1776
-1461
-2241
-3032
-3796
-5324
-6281
-7266
-7980
-7793
-7415
-6218
-4658
-2983
-218
2695
5701
8976
11300
13162
14398
14462
14099
12698
10445
8152
5301
2384
-240
-2925
-5285
-7216
-8575
-9481
-10297
-10690
-11026
-11392
-11363
-11560
-11782
-11642
-11587
-11281
-10581
-9494
-7811
-5874
-3507
-923
1302
3674
5860
7389
8640
9215
9314
9374
9155
8880
8449
8011
8001
8023
8134
8585
8915
9196
9584
9313
8564
7648
6154
4869
3323
1409
-24
-1823
-3011
-3754
-4666
-4766
-5038
-5048
-4796
-4883
-4770
-5190
-5548
-5625
-5983
-6023
-6002
-5963
-5549
-5000
-4134
-2888
-1813
-561
816
1726
2862
3473
3587
3943
3577
3283
2934
2184
1891
1392
883
615
-29
-347
-408
-1031
-1275
-1591
-2305
-2456
-2951
-3334
-3477
-3725
-3064
-2347
-1204
618
1985
3948
5854
7092
8521
9134
9441
9382
8226
6989
4915
2260
-125
-2848
-5157
-6757
-8037
-8655
-8871
-8981
-8740
-8605
-8337
-7622
-7276
-6890
-6465
-6571
-6478
-5941
-5289
-4116
-2548
-880
1243
3060
4523
5816
6381
6907
7143
6831
6471
5656
4731
3887
2871
2265
1946
1997
2661
3216
3813
4231
4290
4462
4216
3851
3517
2774
2160
1523
604
-43
-444
-541
-216
158
825
1337
1284
1243
756
78
-648
-1886
-2797
-3830
-4820
-5268
-5953
-5970
-5650
-5355
-4186
-3084
-2187
-1121
-455
165
692
762
1158
1408
1363
1798
1899
1837
2023
1844
1709
1670
1360
1093
594
-56
-471
-1161
-1498
-1537
-1855
-1385
-932
-525
498
1088
1974
2661
3088
3860
3739
3587
3230
2372
1810
992
31
-895
-1565
-2061
-2423
-2486
-2569
-2453
-2348
-2221
-2257
-2667
-2924
-3508
-4069
-4493
-5093
-5353
-5408
-5142
-4747
-4115
-3106
-2070
-933
86
1006
1786
2311
2477
2479
2408
1925
1416
1184
929
676
654
443
244
63
-305
-355
-368
29
714
1357
2454
3324
4127
5298
6187
6931
7503
7535
7489
7169
6533
5739
4618
3819
2948
1887
1112
245
-576
-1354
-2147
-3019
-3900
-4519
-5023
-5369
-5496
-5522
-5644
-5599
-5268
-4927
-4292
-3591
-2836
-2013
-1544
-857
-264
176
1102
1618
2059
2512
2337
2187
2002
2052
2233
2287
2451
2325
1979
1463
1050
605
317
286
-34
-130
-479
-852
-830
-725
29
632
1217
1903
1785
1556
1121
434
-144
-610
-1130
-1844
-2280
-2806
-3312
-3726
-4031
-4178
-4444
-4251
-4200
-4255
-4133
-4187
-3942
-3699
-3239
-2515
-1873
-946
-106
438
838
1081
1259
1507
1941
2315
2614
2798
2877
2922
2761
2764
2725
2449
2314
1883
1145
355
-613
-1341
-1783
-1876
-1274
-530
453
1684
2637
3657
4528
5108
5636
5890
5849
5465
4731
3845
2781
1788
1221
801
575
410
222
9
-549
-1055
-1660
-2237
-2683
-3382
-3902
-4427
-4901
-5189
-5345
-5078
-4668
-3904
-2864
-1854
-762
185
1053
1714
2276
2823
3208
3601
3832
3963
3863
3561
3155
2603
2132
1614
1270
965
565
135
-455
-819
-1126
-1322
-1375
-1551
-1648
-1956
-2355
-2806
-3310
-3444
-3494
-3195
-2665
-2284
-1778
-1474
-1160
-958
-1142
-1116
-1257
-1582
-1719
-1925
-2107
-2186
-2216
-1997
-1499
-1040
-488
-8
309
663
721
803
944
1084
1330
1559
1745
1812
1906
1756
1609
1496
1244
1147
883
560
224
-159
-373
-421
-420
-419
-393
-363
-255
-195
79
519
876
1543
2231
2867
3505
3907
4264
4375
4349
4288
3917
3466
2904
2279
1735
1141
612
185
-196
-547
-1007
-1603
-2240
-2921
-3469
-3949
-4321
-4407
-4326
-3882
-3312
-2677
-1849
-982
2
859
1676
2440
2879
3107
3155
2996
2627
2218
1898
1594
1264
1062
1010
892
705
540
352
121
-198
-731
-1332
-2053
-2823
-3465
-4044
-4279
-4430
-4458
-4119
-3757
-3306
-2771
-2168
-1573
-1053
-571
-330
-304
-352
-428
-530
-517
-381
-272
-81
164
326
497
711
884
1004
1105
1157
1044
790
588
446
266
119
68
65
48
12
-65
-181
-221
-149
-49
37
123
122
103
203
316
466
745
1166
1472
1665
1885
1958
2034
2207
2485
2654
2712
2829
2603
2370
2170
1704
1412
1117
815
470
-29
-416
-955
-1393
-1549
-1677
-1708
-1734
-1737
-1744
-1696
-1583
-1459
-1176
-794
-355
93
478
745
863
964
1101
1195
1328
1460
1410
1327
1214
968
693
640
688
687
746
696
557
194
-241
-637
-1243
-1639
-1956
-2335
-2585
-2848
-2983
-2960
-2759
-2361
-1871
-1289
-746
-396
-186
-168
-340
-462
-598
-774
-842
-917
-1066
-1188
-1237
-1151
-880
-486
-70
361
741
887
857
809
698
605
622
547
405
329
231
87
33
68
87
142
90
-14
-62
-83
59
224
452
633
817
1056
1083
1194
1312
1405
1565
1568
1547
1444
1231
1055
840
600
494
401
197
-32
-255
-457
-615
-753
-886
-885
-793
-595
-407
-331
-233
-269
-228
-164
-129
87
273
483
594
643
784
890
1011
1062
1128
1243
1203
1056
879
656
486
380
271
213
151
85
61
-28
-140
-202
-276
-391
-514
-627
-769
-926
-1027
-1164
-1272
-1225
-1133
-990
-808
-672
-536
-521
-609
-671
-836
-998
-1099
-1282
-1464
-1624
-1751
-1728
-1669
-1502
-1122
-756
-293
130
403
689
824
993
1107
1112
1083
929
808
581
363
274
212
244
277
259
228
201
109
18
-30
-86
-56
-30
-109
-206
-253
-214
-101
41
241
421
562
685
693
700
718
672
678
657
562
498
348
191
143
62
121
169
160
243
144
63
-23
-173
-209
-225
-202
-256
-305
-389
-522
-476
-387
-214
98
461
787
1049
1285
1428
1563
1608
1615
1565
1286
1027
672
326
85
-234
-418
-601
-753
-794
-847
-894
-939
-952
-1007
-1094
-1136
-1169
-1158
-1038
-925
-775
-609
-511
-308
-215
-153
-69
-104
-54
-125
-247
-281
-344
-238
-115
-12
197
279
360
462
445
489
429
277
171
-104
-326
-520
-751
-707
-736
-694
-477
-440
-299
-153
-31
130
119
153
194
115
119
133
98
164
216
305
423
514
635
670
750
737
667
602
433
290
72
-20
-45
-188
-231
-281
-308
-288
-277
-238
-217
-187
-128
-85
-130
-136
-103
-130
-57
-56
-45
86
87
200
315
426
719
840
983
1138
1139
1228
1205
1080
915
682
472
170
-132
-396
-679
-850
-912
-947
-923
-855
-809
-793
-763
-679
-612
-546
-467
-461
-444
-380
-344
-264
-141
21
223
363
457
500
470
457
395
309
295
195
94
110
86
52
67
75
58
-24
-103
-177
-335
-466
-591
-787
-875
-906
-936
-852
-707
-567
-443
-185
87
244
405
541
665
732
718
669
565
480
395
307
270
249
216
198
192
156
138
133
70
-33
-119
-209
-351
-420
-496
-520
-427
-436
-368
-276
-183
-30
72
243
348
427
504
473
398
294
239
229
244
284
336
379
403
428
421
398
372
303
210
66
-177
-394
-578
-732
-787
-831
-790
-696
-620
-478
-322
-122
70
239
410
438
435
408
276
173
91
13
-48
-49
4
18
76
153
168
176
161
93
13
-79
-232
-382
-439
-430
-376
-312
-180
-4
100
195
206
181
200
111
34
-48
-185
-278
-420
-469
-423
-362
-168
-12
117
247
298
389
416
393
412
366
313
187
12
-102
-183
-170
-189
-158
-63
-19
67
103
158
162
113
142
109
40
-51
-134
-176
-169
-120
-101
-36
54
113
171
224
237
190
114
29
-75
-176
-224
-271
-318
-268
-220
-170
-62
28
113
169
225
196
53
-21
-113
-200
-228
-257
-191
-94
32
152
224
390
502
569
651
611
539
401
185
-5
-219
-388
-488
-590
-630
-631
-592
-462
-381
-325
-230
-197
-106
-67
-99
-52
-63
-29
16
31
135
203
251
320
356
360
324
276
240
184
112
55
-58
-156
-149
-183
-154
-96
-47
10
58
119
127
183
203
210
216
167
151
103
43
38
52
82
129
98
98
93
79
114
70
53
14
-52
-118
-217
-293
-328
-379
-401
-343
-322
-243
-149
-96
-6
66
116
181
202
209
220
182
149
98
59
68
72
59
89
73
33
-19
-92
-138
-229
-256
-294
-328
-318
-309
-239
-147
-46
36
159
235
277
277
241
261
222
171
108
68
12
-21
-64
-120
-91
-101
-93
-92
-99
-120
-122
-107
-149
-177
-153
-129
-140
-118
-77
-22
87
113
124
225
244
210
198
154
106
65
-17
-52
-59
-110
-103
-93
-53
13
9
85
164
185
227
227
238
230
166
132
121
121
118
121
134
156
171
140
131
112
34
-26
-74
-164
-250
-307
-396
-418
-411
-440
-398
-365
-316
-217
-122
32
106
148
266
295
317
334
297
290
283
246
231
182
150
102
43
61
8
-35
-129
-197
-241
-347
-376
-404
-371
-311
-277
-250
-166
-69
9
108
163
229
280
262
236
225
172
153
95
69
92
58
38
14
6
-2
-40
-96
-131
-200
-285
-359
-387
-370
-367
-323
-268
-163
-54
37
148
234
298
351
368
346
289
219
171
77
15
-23
-31
-5
17
89
128
175
232
188
177
182
107
71
40
-17
-52
-80
-61
-41
-41
7
25
15
29
7
-17
-57
-125
-132
-186
-246
-234
-256
-253
-221
-196
-162
-144
-112
-57
-33
-51
-38
28
53
46
102
189
251
283
280
299
318
269
233
212
146
79
7
-73
-123
-163
-213
-228
-246
-285
-278
-263
-247
-220
-187
-109
-53
4
60
82
152
209
218
223
232
261
226
166
148
114
91
72
22
-22
-68
-128
-163
-181
-211
-237
-251
-250
-255
-275
-249
-199
-161
-103
-27
34
97
157
142
157
208
182
159
146
135
131
111
114
120
135
153
157
182
197
153
112
121
53
-57
-98
-143
-179
-210
-230
-204
-175
-141
-115
-74
-21
11
31
33
21
-5
-27
-53
-99
-122
-105
-84
-73
-50
-18
0
-4
4
24
23
31
51
55
59
58
77
109
117
138
182
198
187
179
144
119
97
42
21
-18
-55
-62
-105
-101
-93
-112
-74
-62
-64
-55
-73
-73
-81
-106
-111
-105
-90
-73
-58
-23
29
54
73
93
89
75
43
-5
-37
-52
-88
-119
-125
-134
-133
-135
-124
-72
-47
-32
-19
1
20
-11
7
36
31
36
53
67
89
96
114
170
167
190
201
192
209
166
137
100
27
-22
-64
-127
-175
-196
-183
-161
-167
-149
-121
-82
-65
-43
-21
-21
-21
-42
-24
-30
-41
-10
-21
-18
0
16
29
27
28
23
23
2
-18
-25
-30
-27
-29
10
31
65
98
134
191
213
235
249
240
240
211
169
151
110
85
61
29
-2
-19
-58
0
0
0
0
0
0
0
0
0
0
0
0
0
0
0
0
0
0
0
0
0
0
0
0
0
0
0
0
0
0
0
0
0
0
0
0
0
0
0
0
0
0
0
0
0
0
0
0
0
0
0
0
0
0
0
0
0
0
0
0
0
0
0
0
0
0
0
0
0
0
0
0
0
0
0
0
0
0
0
0
0
0
0
0
0
0
0
0
0
0
0
0
0
0
0
0
0
0
0
0
0
0
0
0
0
0
0
0
0
0
0
0
0
0
0
0
0
0
0
0
0
0
0
0
0
0
0
0
0
0
0
0
0
0
0
0
0
0
0
0
0
0
0
0
0
0
0
0
0
0
0
0
0
0
0
0
0
0
0
0
0
0
0
0
0
0
0
0
0
0
0
0
0
0
0
0
0
0
0
0
0
0
0
0
0
0
0
0
0
0
0
0
0
0
0
0
0
0
0
0
0
0
0
0
0
0
0
0
0
0
0
0
0
0
0
0
0
0
0
0
0
0
0
0
0
0
0
0
0
0
0
0
0
0
0
0
0
0
0
0
0
0
0
0
0
0
0
0
0
0
0
0
0
0
0
0
0
0
0
0
0
0
0
0
0
0
0
0
0
0
0
0
0
0
0
0
0
0
0
0
0
0
0
0
0
0
0
0
0
0
0
0
0
0
0
0
0
0
0
0
0
0
0
0
0
0
0
0
0
0
0
0
0
0
0
0
0
0
0
0
0
0
0
0
0
0
0
0
0
0
0
0
0
0
0
0
0
0
0
0
0
0
0
0
0
0
0
0
0
0
0
0
0
0
0
0
0
0
0
0
0
0
0
0
0
0
0
0
0
0
0
0
0
0
0
0
0
0
0
0
0
0
0
0
0
0
0
0
0
0
0
0
0
0
0
0
0
0
0
0
