0
0
0
0
0
0
0
0
0
0
0
0
0
0
0
0
0
0
0
0
0
0
0
0
0
0
0
0
0
0
0
0
0
0
0
0
0
0
0
0
0
0
0
0
0
0
0
0
0
0
0
0
0
0
0
0
0
0
0
0
0
0
0
0
0
0
0
0
0
0
0
0
0
0
0
0
0
0
0
0
0
0
0
0
0
0
0
0
0
0
0
0
0
0
0
0
0
0
0
0
0
0
0
0
0
0
0
0
0
0
0
0
0
0
0
0
0
0
0
0
0
0
0
0
0
0
0
0
0
0
0
0
0
0
0
0
0
0
0
0
0
0
0
0
0
0
0
0
0
0
0
0
0
0
0
0
0
0
0
0
0
0
0
0
0
0
0
0
0
0
0
0
0
0
0
0
0
0
0
0
0
0
0
0
0
0
0
0
0
0
0
0
0
0
0
0
0
0
0
0
0
0
0
0
0
0
0
0
0
0
0
0
0
0
0
0
0
0
0
0
0
0
0
0
0
0
0
0
0
0
0
0
0
0
0
0
0
0
0
0
0
0
0
0
0
0
0
0
0
0
0
0
0
0
0
0
0
0
0
0
0
0
0
0
0
0
0
0
0
0
0
0
0
0
0
0
0
0
0
0
0
0
0
0
0
0
0
0
0
0
0
0
0
0
0
0
0
0
0
0
0
0
0
0
0
0
0
0
0
0
0
0
0
0
0
0
0
0
0
0
0
0
0
0
0
0
0
0
0
0
0
0
0
0
0
0
0
0
0
0
0
0
0
0
0
0
0
0
0
0
0
0
0
0
0
0
0
0
0
0
0
0
0
0
0
0
0
0
0
0
0
0
0
0
0
0
0
0
0
0
0
0
0
0
0
0
0
0
0
0
0
0
0
0
0
0
162
141
-38
86
-39
-91
-128
-92
234
-38
-94
275
-111
-130
143
-75
-5
59
11
82
62
11
48
150
3
-114
-70
-83
29
45
12
68
-47
-149
68
204
-67
-3
158
-177
-85
155
-92
-88
49
-5
59
-63
-56
100
-139
18
115
-89
-20
-95
19
108
-36
-33
25
18
-95
-106
-1
-49
-231
17
259
-13
-1
101
18
-1
10
151
54
-44
95
-39
-140
22
61
-42
6
69
15
-81
-156
30
118
-10
20
139
71
-140
-78
41
22
-35
-85
94
68
-111
76
-42
-172
128
-10
106
291
-130
-20
60
-184
14
20
-114
99
73
31
189
-68
-17
131
-184
-45
83
-151
-23
143
-78
-173
-57
-1
-64
-147
39
-33
-107
41
-225
-37
171
-80
149
156
-5
-22
-132
-53
-40
-114
12
254
-7
-78
253
-149
-61
286
-145
-59
157
-49
-13
137
-104
-165
190
12
-2
79
-125
107
-13
-43
172
-181
-40
297
-77
-150
129
-90
-219
57
120
-33
-45
92
104
-67
21
99
-61
158
151
-140
-168
-57
110
-79
-30
101
-56
86
8
-108
44
55
-130
-94
189
42
-32
112
-37
-65
-131
-186
86
164
78
-3
-86
74
93
-115
-61
79
-6
34
161
-198
-327
12
-110
101
359
-248
-76
218
-169
111
-65
-268
267
113
-46
0
-83
21
-1
-35
87
70
-231
-72
207
-22
-75
-77
129
266
-206
-195
-12
-127
247
339
-149
-130
9
-240
-100
232
160
27
-27
-110
-70
26
14
75
-11
-56
74
-127
-31
162
-43
55
160
-47
-237
-118
143
-20
88
293
-288
-299
176
-78
-40
147
-162
24
264
-94
-163
-1
-50
66
110
-104
-60
27
-71
14
66
11
-4
-112
-8
87
-21
-21
-118
83
275
-131
-42
258
-83
-58
214
-60
-206
-33
36
73
116
69
-51
-101
-28
24
-15
43
36
7
80
-96
56
266
-90
-76
12
-163
-2
47
-32
72
-93
-255
58
174
-33
4
94
6
-214
-167
74
64
97
129
-62
-103
94
32
-64
100
-21
11
106
-231
-152
-148
-193
134
270
32
-54
-102
-187
274
130
-60
154
-14
-77
126
132
-72
142
-21
-88
-35
-209
-20
-113
61
48
-86
169
10
-5
198
-55
-92
133
99
35
-97
-5
147
-10
-87
-60
-95
-95
-28
75
87
-86
-51
52
-129
-77
24
-17
111
101
33
-24
-150
-29
-48
-76
219
74
73
210
-230
-201
-72
-138
147
136
35
87
-95
-174
-44
-22
-2
-75
-68
151
49
-48
27
-24
-29
-45
-52
34
-14
-29
77
-11
-115
-135
-15
133
152
228
71
-167
-154
-56
-148
-83
187
-88
-120
69
-205
-139
-31
48
172
-10
42
22
-136
-19
-18
-132
-40
177
186
115
30
-48
46
98
9
-137
-116
65
234
162
-3
-30
-63
-14
-47
-103
-76
46
209
100
-34
-21
73
101
223
226
-137
-153
-76
-115
81
32
-88
135
197
-9
-174
-84
147
-2
-95
-25
-140
77
147
-56
39
-40
-116
36
58
-47
-103
59
81
-73
-60
-14
30
104
135
-42
-196
-114
-70
48
-22
-96
160
23
-54
76
-134
-132
-26
62
93
-182
-216
-70
47
96
-89
-37
158
136
6
-101
-39
-44
-122
-43
100
170
90
52
0
-77
-18
-122
-51
290
157
-140
-100
5
96
113
26
-18
-25
-48
-57
-2
-19
55
143
100
261
143
-46
134
120
37
22
50
64
-58
-22
130
14
-88
53
-65
-152
-27
-144
-139
-44
-163
-102
36
8
-21
-106
-209
-246
-255
-146
-31
-24
-53
-48
20
-41
-89
-34
-96
-1
115
-7
67
297
139
-34
96
67
66
71
45
100
-43
-50
36
45
40
-43
-31
-30
39
43
-140
1
118
-125
-106
154
91
86
242
87
78
83
4
54
-79
-82
-7
11
195
290
49
-137
-30
75
112
35
90
135
96
169
78
105
133
6
70
122
-47
-183
-119
-56
-11
-11
-26
40
-37
-103
-63
-110
-73
-4
-84
-163
-166
-176
-203
-116
28
-36
-157
-165
-174
-166
-207
-203
-54
-34
-35
19
-15
-26
-78
-151
-41
38
10
154
192
91
134
97
72
102
98
105
5
-22
-36
-76
45
46
-18
120
168
24
52
134
50
98
197
187
123
76
101
57
72
128
96
106
113
139
219
265
281
256
194
199
193
124
158
207
112
19
77
74
-8
50
58
-14
-15
-45
-75
-68
-94
-180
-237
-198
-208
-268
-313
-370
-406
-444
-432
-469
-603
-661
-680
-724
-767
-743
-775
-950
-929
-886
-1013
-985
-962
-1032
-864
-733
-688
-337
-137
-103
90
255
461
652
757
833
954
1111
1206
1333
1455
1468
1466
1537
1598
1653
1696
1593
1528
1566
1472
1371
1391
1316
1220
1115
852
636
539
388
230
171
41
-80
-68
-92
-94
-63
-180
-324
-255
-379
-713
-713
-796
-940
-815
-881
-1002
-975
-1053
-1249
-1505
-1790
-2062
-2246
-2316
-2379
-2520
-2531
-2369
-2268
-2153
-2048
-2029
-2108
-2177
-2053
-1999
-1907
-1694
-1623
-1440
-1212
-1139
-1079
-1154
-1433
-1663
-1620
-1278
-596
570
2216
4017
5795
7475
8642
9311
9594
9107
8001
6551
4968
3613
2339
1167
334
-418
-1116
-1711
-2293
-2741
-3286
-4029
-4709
-5040
-4832
-4406
-3724
-2507
-1074
200
1286
2266
3032
3329
3133
2736
2340
1921
1295
674
304
-71
-509
-945
-1173
-1242
-1365
-1496
-1734
-1906
-1864
-1634
-1342
-979
-458
-156
169
650
872
1001
998
868
996
1139
985
904
1146
1261
1002
659
305
-185
-801
-1364
-1745
-2119
-2605
-2914
-2822
-2665
-2694
-2640
-2421
-2370
-2607
-2856
-2941
-2945
-2937
-2894
-2829
-2713
-2439
-2123
-1779
-1357
-919
-563
-413
-160
147
34
-499
-1075
-1273
-1231
-905
203
2025
4099
6215
8295
10182
11728
12668
12869
12222
10515
8189
5849
3548
1429
-313
-1824
-3068
-3997
-4832
-5471
-5896
-6431
-7075
-7665
-7881
-7306
-6192
-4850
-3033
-845
1155
2742
4111
5392
6134
6029
5445
4775
4044
2982
1679
713
148
-616
-1504
-2074
-2557
-3025
-3612
-4255
-4408
-4208
-3968
-3432
-2320
-915
455
1716
2826
3826
4484
4462
4064
3816
3376
2539
1755
1278
776
-46
-843
-1549
-2182
-3117
-4333
-4962
-5297
-5572
-5402
-4826
-4144
-3607
-3202
-2934
-2778
-2835
-3144
-3507
-3887
-4151
-4106
-3905
-3478
-2503
-1422
-654
53
714
1091
931
265
-474
-1168
-1580
-870
1107
3621
6296
9127
11794
13864
15331
16054
15418
13238
10026
6676
3816
1239
-1084
-2781
-3993
-4858
-5314
-5532
-5571
-5686
-6324
-7252
-7689
-7242
-6122
-4811
-3219
-914
1573
3567
5367
7225
8070
7374
6106
4733
3390
1754
-371
-2252
-3496
-4334
-5140
-5415
-4977
-4855
-5250
-5500
-5197
-4532
-3878
-3263
-2268
-614
1206
3099
5066
6863
8201
8369
7808
7447
7157
6007
4123
2649
1178
-754
-2710
-4228
-5422
-6865
-8305
-9034
-8917
-8526
-7692
-6217
-4557
-2618
-630
909
1901
2508
2511
1537
108
-1144
-2139
-3257
-4338
-4629
-4394
-4196
-3908
-3222
-2559
-2479
-2403
-2057
-1954
-2390
-3015
-3302
-3105
-1959
471
3976
7956
11682
14933
17510
19298
20119
19612
17604
13994
9524
5052
974
-2352
-4958
-7089
-8889
-10054
-10477
-10215
-9626
-9223
-8841
-8556
-8087
-6614
-4039
-1115
1821
4999
7766
9647
10841
11390
10993
9148
6229
3393
876
-1941
-4725
-6758
-8124
-9138
-9798
-9752
-8962
-8086
-7374
-6477
-5302
-3906
-2321
-664
1215
3447
5587
7224
8607
9814
10108
9178
7799
6463
4850
2957
1327
7
-1517
-3239
-4593
-5456
-6189
-6821
-7010
-6680
-6090
-5341
-4226
-2662
-1022
141
721
1081
1373
1264
599
-259
-1063
-1984
-2953
-3469
-3416
-3328
-3552
-3746
-3569
-3294
-3280
-3325
-3101
-2743
-2468
-2179
-1835
-1690
-1939
-2292
-1947
-209
2712
6136
9893
13856
17173
19248
20513
21168
20197
16696
11322
5754
1009
-3113
-6910
-9915
-11807
-13061
-13765
-13096
-10866
-8397
-7012
-6425
-5475
-3676
-1279
1515
4742
7904
10038
11048
11611
11804
10836
7888
3547
-438
-3551
-6508
-9195
-10818
-11259
-11272
-11236
-10144
-7513
-4998
-3758
-2712
-1020
775
2279
3765
5399
6768
7412
7656
8079
8394
7724
5630
2620
-108
-1839
-3181
-4511
-4829
-4131
-3803
-3635
-2492
-904
-113
-149
-37
368
159
-367
-149
187
-293
-1063
-1664
-2283
-2850
-3314
-3839
-4230
-4088
-3462
-2793
-2074
-973
-31
-85
-621
-711
-841
-1811
-2955
-3310
-3377
-3829
-3867
-2876
-1940
-2015
-2470
-2568
-2329
-1387
1014
4737
8968
13092
16627
19254
21080
21920
20798
17104
11624
5660
-141
-5468
-9795
-12809
-14725
-15651
-15192
-13160
-10191
-7274
-4955
-3191
-1634
162
2490
5168
7704
9783
11275
11971
11699
10441
8048
4365
-192
-4629
-8120
-10591
-12400
-13407
-13031
-11449
-9434
-6968
-3734
-708
963
1869
3094
4353
4981
5297
5797
6239
6246
5907
5394
4509
2843
280
-2659
-5003
-6208
-6621
-6507
-5369
-3074
-646
1237
3210
5397
6360
5462
4206
3451
2004
-317
-1700
-1930
-2889
-4633
-5438
-5415
-5842
-6207
-5498
-4336
-3440
-2349
-908
316
1267
2101
2300
1661
956
406
-720
-2310
-3374
-3975
-4890
-5606
-5139
-4133
-3876
-4109
-3880
-3377
-2926
-1435
2129
6991
11808
16155
19721
21826
22420
21811
19471
14700
8112
1219
-4883
-9763
-13261
-15391
-16332
-16161
-14690
-11889
-8365
-4984
-2243
-228
1416
3411
5991
8494
10398
11770
12455
11993
10302
7529
3612
-1277
-6320
-10508
-13201
-14343
-14312
-13345
-11263
-8092
-4511
-1124
1918
4183
5173
5372
5658
6082
6142
5704
5111
4442
3491
2264
659
-1400
-3576
-5880
-8229
-9397
-8767
-7185
-4854
-1395
2441
5730
8502
10679
11529
10722
9004
6948
4146
667
-2418
-4542
-6172
-7805
-9247
-10013
-9986
-9349
-8093
-5947
-2975
47
2487
4491
6318
7465
7071
5476
3641
1242
-1986
-4987
-6997
-8233
-9034
-9236
-8407
-6830
-5133
-3516
-2372
-2096
-2397
-2826
-2911
-1685
1661
6714
12272
17505
21740
24050
24146
22580
19463
14017
6121
-2502
-9610
-14464
-17605
-19108
-18456
-16020
-12965
-9549
-5254
-659
2704
4439
5615
7099
8813
10441
11849
12872
13012
11450
7883
3234
-1447
-6348
-11664
-15818
-17101
-16137
-14426
-11742
-7417
-2666
854
3400
5912
7727
7706
6496
5635
5240
4499
3489
2768
2098
966
-547
-2281
-4362
-6697
-8981
-10937
-11721
-10185
-6596
-2388
2215
7646
12431
14804
15533
15580
13742
9731
5542
1799
-2603
-7005
-9705
-11103
-12350
-12927
-12188
-10744
-8792
-5753
-1975
1614
5105
8510
10525
10471
9494
8161
5487
1510
-2228
-5382
-8856
-11961
-12917
-12082
-11136
-9818
-7132
-4273
-2595
-1095
724
1164
-122
-1271
-1520
-1126
924
5489
11350
16849
21188
23537
23260
21014
17912
13709
7098
-1424
-9077
-14357
-17745
-18961
-17346
-14103
-11258
-8802
-5326
-1333
1692
3980
5825
6953
8171
9958
11751
13344
13953
12335
8710
3838
-1835
-7212
-11691
-15424
-17362
-16666
-14139
-10387
-6034
-1987
1639
4116
4882
5485
6371
5973
4578
3857
3681
2889
1847
1418
531
-1880
-4865
-7475
-9427
-10239
-10011
-9184
-7150
-3047
2420
7649
12086
15761
17498
16084
12753
9524
5962
1119
-3387
-6281
-9146
-12364
-13377
-11700
-10148
-9462
-7474
-4023
-872
2285
6320
9540
10527
10411
9721
7536
4358
1276
-2305
-6582
-9921
-11570
-12448
-12708
-11506
-9084
-6803
-5092
-3144
-965
177
133
281
799
517
-331
-407
216
902
2702
6883
12414
17022
19599
20140
18791
16094
12797
8719
2981
-4194
-10950
-15268
-16404
-14992
-12352
-9690
-7519
-5475
-2766
866
4569
7048
7867
7891
8354
9607
10884
11091
9532
6091
1337
-3538
-7536
-10749
-13805
-16330
-16937
-14880
-10856
-6009
-1187
2779
5124
6019
6617
7443
7573
6304
4479
3138
2158
1264
700
-26
-2115
-5295
-7767
-8771
-8932
-8343
-6693
-4293
-1031
3612
8655
12495
15014
16121
14797
11651
8582
5209
260
-4742
-7952
-10539
-13216
-13805
-11768
-9734
-8283
-5375
-1375
1584
3881
6616
8448
8278
7245
5961
3548
95
-3198
-6013
-8559
-10251
-10624
-10323
-9671
-7963
-5461
-3710
-2931
-1889
-705
-454
-473
495
1579
1345
450
150
360
1386
4668
10002
15050
18417
20114
19601
16729
13089
9587
4843
-1906
-8563
-12617
-13994
-13928
-12405
-9088
-5620
-3651
-1945
1069
4197
5883
6573
7015
7328
7704
7973
7678
6843
5003
1026
-4500
-9276
-12498
-15074
-16730
-15954
-12599
-8151
-3687
771
5023
7975
8685
7853
7095
6559
5135
3275
2448
1907
98
-2011
-3076
-4308
-6742
-8915
-9545
-9116
-7924
-5430
-1782
2198
6371
10871
14652
16337
16136
14699
11423
6494
1859
-1963
-6133
-9779
-11134
-11418
-12193
-11637
-8397
-4969
-3082
-835
2537
4887
5766
6887
7690
6179
3059
222
-2463
-5261
-6898
-7214
-7714
-8416
-7931
-6537
-5497
-4370
-2483
-1385
-2332
-3414
-2823
-1957
-1817
-771
1459
2555
1873
1417
1772
1828
2626
6050
11336
16244
19222
19917
18485
15115
11003
6700
965
-5792
-11544
-15070
-15508
-13032
-9191
-5433
-2925
-1828
-867
1132
3950
6319
7429
7503
7421
7908
8288
7647
5874
2123
-3734
-9479
-13301
-15015
-15214
-14588
-12272
-7408
-2029
2073
5726
8508
8319
5843
4147
4254
4472
3733
3017
2475
663
-1856
-3241
-4416
-7015
-9955
-11317
-10426
-7552
-3372
1641
6526
9945
12427
15013
16369
15309
12644
8516
2984
-2035
-5625
-8746
-11247
-12261
-12231
-12073
-10884
-6920
-2008
643
2419
5098
6525
5938
5370
4983
2942
-817
-3849
-5212
-6396
-7335
-6548
-4768
-4079
-3895
-2450
-1184
-1609
-2023
-1874
-2509
-3363
-2998
-1644
-748
-300
1019
1957
873
-377
-559
-961
-124
4533
11548
17634
20975
21369
18399
12978
7724
3972
-382
-7031
-12101
-13388
-12103
-9502
-5818
-1685
-631
-2246
-3121
-1651
797
2996
5674
7908
9262
9616
9752
9140
5907
545
-5886
-11389
-14879
-15851
-14721
-13062
-10134
-5272
-219
3037
5071
6459
6101
4613
4028
5327
6638
6374
5285
3491
968
-2563
-5958
-7759
-9351
-10962
-10964
-8240
-4158
-539
3490
7383
9290
10250
12350
14026
12946
10944
8754
4371
-1828
-6280
-8850
-12602
-14828
-13215
-10868
-9791
-6753
-569
3137
3893
5384
6912
5696
3719
3854
3030
43
-3022
-4677
-5786
-6549
-5515
-4381
-4235
-4176
-3326
-2585
-2945
-2604
-1362
-1134
-1830
-1118
611
666
-134
418
1258
-345
-2712
-2658
-1894
-944
3030
10390
17126
20144
20771
18624
13376
8360
5089
1719
-3689
-8642
-10534
-10503
-9088
-6642
-3925
-3140
-4629
-5572
-4311
-925
2190
4930
8076
9927
9880
9152
8582
5763
404
-4668
-8919
-12150
-13089
-11911
-10675
-9315
-6274
-2822
-776
714
2698
3923
4110
5208
7818
9873
9501
7603
4718
583
-4289
-8275
-9659
-10195
-10942
-10597
-8002
-4409
-1896
1157
4443
6233
7439
10089
13568
14596
13994
12742
8832
2617
-2520
-5522
-8963
-11995
-12175
-11413
-11680
-10226
-5385
-1474
-144
1806
4881
6022
5044
5546
5990
3416
-289
-2472
-3477
-5064
-5294
-4160
-4375
-5656
-5980
-4856
-4714
-4722
-2516
-508
-1170
-1981
-246
955
-142
-63
1606
864
-1825
-2281
-1922
-2007
864
7712
15371
19371
19815
18559
14809
9361
5878
4463
-144
-6293
-8364
-7585
-7034
-6751
-5371
-5091
-7804
-10233
-8457
-3008
1599
5325
9759
12135
11503
10078
9055
6337
1822
-2378
-6282
-9161
-10503
-10244
-10009
-10910
-10355
-8038
-5831
-3750
-330
3259
5094
6943
9698
11700
11221
8376
5024
1920
-1769
-5520
-6854
-7182
-8865
-9975
-9022
-6760
-5150
-3407
-419
1737
3367
7092
12738
16177
17182
17556
14748
8461
2366
-1637
-6277
-11405
-13184
-13153
-14313
-14286
-10342
-6031
-4752
-3019
1158
3780
4468
6928
9588
8593
5012
2264
615
-1908
-4437
-4861
-5276
-7727
-9018
-7692
-6786
-6493
-4581
-2408
-2284
-2538
-838
1028
652
327
1685
1572
-678
-1665
-1418
-1558
939
7601
14732
18552
19207
17958
14000
9244
6708
5871
2531
-3343
-6215
-6135
-6253
-6965
-6745
-6762
-9004
-10952
-9038
-3199
1780
4889
8187
10141
9494
7775
7135
6154
3613
689
-1892
-4282
-6874
-8602
-9760
-11735
-12509
-10014
-7002
-5049
-1513
2915
4854
5273
7167
9592
9776
7763
6057
5003
2450
-1044
-2827
-3732
-6430
-8988
-9031
-7998
-7438
-6501
-4128
-1858
551
4387
9498
14013
16292
17868
17034
12096
6021
1171
-3651
-9047
-12013
-12911
-14429
-15525
-13163
-8523
-5987
-4681
-925
3280
4449
5971
9561
10593
7512
4287
3215
365
-4270
-5945
-6077
-8040
-10159
-8948
-6901
-7354
-6830
-4037
-2429
-3162
-2397
1011
2178
1006
1576
3141
1165
-2432
-2285
-484
1090
5175
12617
18870
19608
17320
14277
10066
6454
6192
6726
2929
-1733
-3366
-5004
-7888
-9580
-9449
-10555
-12504
-11385
-6202
-383
2793
5456
7961
7927
6505
6398
7757
7348
5262
3420
607
-3113
-6133
-8107
-10802
-13006
-11955
-9293
-6840
-4466
-1197
983
493
916
3945
7448
8774
8297
8025
7280
4779
1674
-170
-2440
-6232
-8659
-8253
-6661
-5649
-4710
-3687
-2986
-1594
1843
7418
11784
14135
15768
14781
10697
5579
1219
-3011
-6468
-7623
-8543
-11030
-13227
-11945
-10146
-10843
-9320
-4539
-888
1368
6223
11750
11647
8251
6409
4800
814
-3129
-3256
-3015
-6145
-9268
-8669
-8144
-10377
-10007
-6433
-4285
-3377
-20
4121
3403
731
1083
1994
430
-1447
-91
2267
4116
8276
14565
18703
17727
14267
10627
7486
6647
8141
8169
3556
-1658
-4846
-8137
-10452
-10504
-10635
-12219
-12291
-8854
-4106
-265
2777
5120
5767
5052
5287
7578
9622
9435
8010
5769
1774
-2844
-5913
-7946
-10233
-11393
-9897
-7210
-5706
-5638
-5792
-5660
-5070
-2767
2061
7383
10385
10656
10007
9048
6467
3131
1101
-213
-2658
-4620
-4551
-4326
-5142
-6973
-7959
-8000
-7521
-4269
1633
7445
11316
14191
14639
11461
7502
4549
2417
523
-286
-2153
-6751
-10524
-11678
-12703
-15008
-14393
-9636
-4838
-316
5828
10860
10495
7500
6704
6315
3513
1089
1301
334
-3889
-7384
-8276
-10313
-13964
-13886
-9575
-5976
-4129
-820
2633
1236
-2017
-1210
1503
1305
493
3450
6600
7391
9618
13907
16285
14698
11584
9281
7777
7535
8710
8263
3975
-1695
-6275
-9410
-10241
-9027
-8351
-8800
-8615
-7181
-4488
-1023
1652
2882
3295
4031
5916
8003
9021
8637
6613
3839
1386
-1392
-4451
-6395
-7203
-7857
-7925
-6673
-5685
-6615
-7901
-7219
-4984
-2718
312
4837
7823
7317
6394
6631
5671
3432
2858
3907
3210
1082
564
-398
-4216
-7176
-7641
-8237
-7731
-4294
-381
2595
5124
6634
6821
5881
4508
4067
4630
5439
5549
2905
-2467
-6900
-8642
-9933
-11358
-10523
-7573
-5029
-2760
276
2347
2140
1639
2887
4923
5880
5843
5478
3651
-587
-4983
-7002
-7912
-9521
-10154
-8179
-5440
-3981
-3155
-2027
-1648
-2836
-3286
-366
3636
4462
3341
4121
5485
4862
5458
10283
15057
15054
12578
11384
10390
8075
6502
6244
3670
-2127
-6161
-5784
-5149
-7343
-9667
-10093
-10523
-11021
-8585
-3550
-136
291
649
2763
5279
6962
8146
8877
8591
7313
5564
3617
1375
-1320
-4243
-6039
-5465
-4322
-5459
-8141
-9902
-10391
-10255
-8583
-4408
-230
1369
2779
5697
7166
6471
6437
7673
8129
6762
5640
6062
4362
-787
-4255
-5279
-8056
-10575
-8624
-4760
-2970
-2277
-208
2209
2474
1651
2731
5545
7398
7225
5960
3717
-95
-4172
-6313
-6537
-6570
-6777
-5873
-3820
-2468
-2444
-2078
-432
1158
1833
2833
4612
5125
2918
-388
-2491
-3593
-5093
-6465
-6312
-5458
-5405
-5162
-3571
-2455
-3506
-4874
-3852
-600
2450
3656
3680
3433
2235
747
2501
8293
13481
14736
13789
12289
9790
7784
8561
9911
7568
2296
-1275
-1913
-2637
-5282
-8696
-11663
-14078
-14976
-12459
-7260
-3584
-3618
-4156
-1820
2091
5112
7460
9851
11366
11285
10290
9227
7678
4548
713
-1402
-1667
-2639
-5407
-8718
-11873
-14749
-15689
-13140
-9003
-5691
-3256
-613
2080
3426
4681
7137
9568
10657
10773
11638
11639
8597
4199
534
-2374
-5999
-8389
-7276
-5430
-5354
-5918
-4608
-3366
-3772
-3022
-515
1827
3085
5046
6185
4016
650
-1323
-1781
-2104
-1475
-840
-1577
-2288
-1993
-1864
-2692
-1740
86
313
476
2298
3729
1858
-652
-1484
-1975
-3380
-4768
-4581
-4400
-5774
-6481
-4487
-2634
-3019
-2984
-1299
-105
505
1563
1340
-479
-1415
-870
-41
2845
8154
12004
12848
12510
12090
9841
7969
9891
12298
10549
5603
2716
1383
-1807
-6225
-9185
-10575
-12830
-14006
-11597
-7820
-7484
-9383
-8230
-4807
-1881
1160
6220
10256
11050
11872
13372
12648
8755
5766
4859
3202
1388
722
-602
-5463
-11536
-13980
-13307
-12171
-11014
-8674
-6056
-5619
-5572
-3369
-50
2495
4524
7702
10481
11259
10781
9169
6649
4149
2886
1476
122
984
1624
-544
-3638
-4022
-4101
-6902
-7829
-5037
-2820
-2767
-1865
-797
-2717
-5260
-4811
-1816
1216
3023
3626
3479
2942
2392
2530
2850
2590
2276
2138
2050
2388
1798
-1298
-4506
-5426
-5873
-7107
-7109
-5454
-4749
-5844
-6048
-3933
-2421
-3046
-2595
-262
699
486
1525
2179
403
-1342
-279
2382
4954
8218
11612
12597
11257
9816
9076
8965
10042
11609
10742
6662
2369
-530
-3145
-6018
-8586
-10338
-11636
-12754
-12371
-10230
-8935
-9423
-9010
-6239
-2446
1924
6650
9688
10599
11125
11246
10074
8605
8212
8135
6679
4633
3542
1428
-3788
-9477
-12170
-12284
-11650
-10259
-8172
-7117
-7832
-8570
-7485
-4844
-1948
1158
4592
6882
7661
8517
8940
7582
6428
6603
5707
4400
5581
6380
3182
-369
-1189
-2576
-5452
-6083
-4687
-4937
-6400
-6440
-6193
-7763
-9130
-7216
-3107
70
1814
3254
4205
4104
3758
4220
5220
5736
5458
4853
4141
2994
1029
-1713
-4277
-5635
-6309
-7032
-6996
-6257
-6603
-7624
-6945
-5068
-4329
-4381
-3758
-2827
-1793
-23
1352
937
133
695
2104
4029
7624
11981
14072
13632
12658
11693
10774
10796
11901
11840
8277
3049
-353
-1896
-3641
-6751
-10119
-12063
-13715
-15190
-13550
-10134
-9321
-9843
-7841
-4052
-657
2826
6288
8443
9530
9954
10201
10969
11024
9873
8822
7677
6059
4125
1106
-2952
-6699
-9022
-9693
-9222
-8475
-8725
-10032
-10785
-10466
-9345
-7291
-4334
-866
1312
1934
3935
6538
6629
6563
8476
9065
7636
7878
9259
8111
5447
3817
2225
-257
-2656
-4122
-5024
-6375
-7575
-8044
-9150
-10373
-9766
-7912
-5608
-2803
-699
131
1092
2813
4079
4480
5365
6855
7316
6615
6085
5699
4038
894
-1599
-2406
-3692
-5475
-5462
-5605
-7917
-9422
-8957
-8609
-8432
-7893
-7307
-6145
-4298
-2283
-620
-81
2
982
2774
5712
10123
13920
15685
16078
15436
13760
12338
12756
13932
13073
9170
4711
1339
-1776
-5169
-8524
-10631
-12580
-14580
-14872
-13165
-11104
-11077
-11444
-10161
-7198
-3317
722
4374
6440
7821
8787
9392
10166
10907
11357
10703
9983
9395
7969
5052
384
-3661
-5783
-6621
-7067
-7589
-8554
-10903
-12875
-13193
-12400
-10751
-8516
-5602
-3294
-1104
1562
3248
4553
6332
8195
8800
8809
10012
11446
11334
9210
7537
6534
3673
724
-265
-1093
-3743
-5645
-5858
-8037
-10848
-11244
-10094
-9180
-7871
-5926
-4987
-3799
-1860
-443
674
2363
4748
6156
6185
6877
8334
7617
4915
3676
3483
1776
-514
-1543
-2608
-5146
-7549
-7844
-7400
-8818
-11072
-11236
-9610
-8306
-7167
-5541
-4507
-4326
-3239
-257
4104
8990
13124
16087
17976
17840
15968
14801
15533
16970
16804
13730
9708
6115
2031
-2730
-6682
-8791
-11047
-13547
-14143
-13355
-13305
-14742
-15589
-15107
-13777
-10365
-4953
-60
2451
3755
5323
6667
7685
9657
12511
14051
13616
13213
13213
10803
5711
1765
430
-636
-2412
-3641
-5052
-8412
-12145
-14079
-14654
-13985
-11873
-9603
-8059
-6712
-4848
-3094
-1932
411
3883
5883
7394
10393
12272
11483
10706
10703
9953
9061
8916
8411
6738
3865
51
-2914
-4564
-7569
-11049
-10876
-9304
-10696
-12195
-11033
-10137
-10399
-8775
-5054
-2228
-403
2270
4461
5345
7200
9451
9481
8422
8186
7439
5373
3852
3097
933
-2241
-3890
-4482
-6405
-9266
-10936
-11343
-11726
-11739
-10111
-7644
-6690
-7103
-6086
-3179
-473
2473
7581
13072
15673
15688
15186
14740
14774
16149
17909
17755
15041
11084
6996
3057
-487
-3343
-5384
-6767
-8177
-10149
-12296
-14350
-16512
-17800
-16602
-13170
-9149
-5720
-3391
-1967
-981
-342
972
4621
9334
12201
13670
15252
15379
12788
9165
6464
5264
5022
4573
3488
1886
-1497
-7142
-11607
-12597
-12320
-11587
-9875
-9115
-9724
-10179
-10489
-10027
-7481
-3591
52
2831
5302
7455
7703
6645
7561
10208
11536
12275
13966
13645
9602
5329
2962
1175
-298
-1476
-3186
-4725
-6492
-9874
-12485
-12521
-12430
-12505
-10329
-6689
-4689
-4462
-3417
-1345
207
2313
5782
8205
8344
7782
7323
6282
4765
3790
3380
2467
676
-1157
-2454
-3886
-5832
-7212
-7404
-7329
-7576
-7552
-7226
-7672
-8844
-8728
-5999
-1807
2217
5793
8790
10179
9560
8580
9503
12571
15959
17950
17805
15326
11217
7059
4016
2312
1462
309
-1812
-4280
-6799
-9863
-12830
-14415
-14709
-14077
-12127
-9475
-7701
-6968
-6255
-5251
-3958
-1657
2162
6414
9039
9781
10278
10349
8750
7230
8034
9533
9354
8318
6917
3277
-1580
-4287
-5019
-5388
-5353
-5339
-6242
-8295
-10553
-11379
-10884
-9662
-7292
-4869
-3258
-1372
88
74
599
2537
4305
6143
8601
10098
10102
9284
7571
6072
5697
4596
3236
4249
4357
175
-3787
-5446
-8019
-9798
-8185
-6227
-5997
-6203
-6589
-7395
-7241
-5190
-2519
-236
2027
3576
3349
2385
2205
2639
2956
3146
3334
3451
3311
2358
638
-826
-1893
-3058
-3595
-3127
-3078
-4067
-5081
-6166
-7783
-8318
-6627
-4413
-2505
576
4056
5234
4837
5378
6425
7408
10225
14370
15767
13263
9917
7639
6213
5728
5694
4745
3030
1145
-1834
-5191
-6308
-6238
-8036
-9893
-8779
-6999
-7289
-7956
-7527
-7173
-7243
-6411
-3590
610
3549
3690
3221
4140
5006
4852
5354
7000
7851
6958
5672
5142
4420
2213
-366
-1364
-1350
-1864
-2653
-3315
-4543
-6222
-7261
-7245
-6284
-4796
-3976
-4024
-3646
-2597
-1428
-342
299
1008
2319
3213
3713
4914
5951
5276
3854
3847
4346
3521
3027
3137
1364
-777
-1123
-1950
-3491
-3129
-2707
-4661
-5426
-3540
-3403
-4559
-3163
-1639
-2356
-2123
-126
512
-291
-32
800
843
1421
2247
1538
699
626
-11
-280
366
-220
-1771
-2320
-2665
-3354
-2956
-2195
-2760
-3614
-3732
-3636
-2627
-92
2298
3477
4293
4852
4666
4733
6237
8237
8850
8222
7745
7281
6131
4823
4127
3660
2546
1339
639
-502
-1971
-3200
-4856
-6375
-6884
-6554
-5464
-4906
-5444
-5195
-4405
-4739
-4740
-2712
-191
1182
2321
3758
4124
3171
1965
1255
2029
3885
4431
3504
2930
2262
619
-795
-1277
-1465
-1749
-2094
-2168
-1674
-1400
-2642
-4426
-4326
-2956
-2331
-1687
-309
328
-300
-810
-147
1061
1585
1426
1660
2747
3453
2896
2382
2205
971
-140
683
1675
1065
12
-884
-2191
-2806
-2004
-1612
-2265
-2511
-2503
-2904
-2609
-1511
-1041
-1126
-958
-750
-269
552
510
19
395
511
-64
446
1356
610
-680
-749
-689
-1468
-1644
-979
-1239
-2052
-1994
-2019
-2869
-3258
-2811
-2509
-2125
-712
1140
2303
2777
2614
1950
2261
4536
7305
8684
8491
7320
5847
5103
5346
5548
5106
4287
3137
1677
518
-184
-1430
-3424
-4720
-4655
-3946
-3267
-3231
-3932
-4675
-4996
-4601
-3369
-1898
-823
-312
-227
-133
303
631
167
-315
483
1641
1711
1559
1836
1259
-230
-828
-36
872
981
444
-59
-217
-596
-1346
-1518
-1055
-1144
-1727
-1522
-637
-346
-732
-788
-298
59
116
408
924
994
641
627
1033
1222
1000
679
454
296
31
-241
-120
85
-337
-941
-1054
-1280
-1841
-1911
-1651
-1705
-1586
-1242
-1367
-1413
-793
-428
-493
-103
355
297
440
857
717
343
409
422
88
-132
-411
-1096
-1632
-1755
-2041
-2338
-2089
-2046
-2784
-3134
-2710
-2528
-2134
-649
832
1506
2157
2814
2894
3249
4666
6115
6784
6942
6478
5694
5421
5262
4678
4197
3777
2901
2092
1734
1003
-241
-1091
-1651
-2281
-2244
-1833
-2236
-2801
-2702
-2928
-3561
-3440
-2984
-2998
-2697
-1739
-1027
-847
-999
-1578
-2007
-1502
-619
-83
406
709
252
-359
-320
-79
-21
305
659
434
291
529
169
-547
-561
-264
-257
-10
718
1013
356
-236
47
585
815
969
1097
889
568
664
843
552
54
-268
-218
115
-23
-827
-1583
-2140
-2503
-2172
-1619
-1799
-2062
-1801
-1959
-2213
-1283
-389
-736
-632
519
972
727
1060
1401
996
693
876
952
900
719
17
-779
-1116
-1385
-1719
-1674
-1575
-1972
-2374
-2334
-2189
-2074
-1976
-1997
-1745
-1099
-464
451
1686
2161
1843
2044
2913
3809
4933
5870
5455
4369
4083
4294
4374
4444
4166
3186
2065
1447
1259
1110
708
-81
-881
-1121
-987
-967
-1069
-1157
-1330
-1738
-2029
-1696
-1176
-1057
-928
-518
-290
-552
-1136
-1613
-1579
-1130
-856
-863
-834
-1025
-1675
-2087
-1829
-1492
-1554
-1917
-1998
-1609
-1149
-882
-724
-214
150
-106
-166
506
1305
1671
2035
2307
2221
1980
1739
1618
1657
1854
1632
1158
914
428
-357
-1055
-1351
-1415
-1635
-2141
-2427
-2071
-2142
-2842
-2841
-2152
-1785
-1635
-952
-252
-57
127
318
524
877
1012
923
1124
1433
1209
846
718
179
-612
-688
-337
-131
-49
-482
-1407
-1918
-1762
-1739
-1558
-881
-827
-1134
-884
-847
-1337
-1253
-792
-813
-278
1137
1798
1509
1475
1620
1558
1969
2814
3156
3107
3253
3224
2874
2697
2486
2003
1888
2342
2644
2414
2015
1585
910
400
581
1013
1088
793
393
148
-142
-704
-1022
-886
-892
-1104
-1168
-1270
-1572
-2006
-2564
-2906
-2712
-2409
-2516
-2619
-2292
-2190
-2637
-2661
-2016
-1544
-1188
-591
-55
234
499
780
1004
1465
1866
1957
2221
2505
2353
1878
1579
1464
1176
739
345
201
-23
-694
-1310
-1517
-1669
-1846
-1620
-1256
-1311
-1578
-1734
-1693
-1462
-967
-460
-189
53
-43
-296
-61
137
-24
182
673
521
94
169
189
-138
-164
18
-77
-133
-123
-425
-588
-337
-438
-892
-730
-169
-149
-385
-291
-276
-510
-437
-45
189
172
64
7
-100
-444
-810
-964
-916
-525
97
481
408
-37
-552
-690
-185
810
1729
2065
1962
1897
2005
2203
2576
3070
3295
3291
3493
3694
3437
3025
2752
2300
1830
1830
1865
1315
532
-60
-662
-1279
-1615
-1787
-2143
-2668
-3054
-3076
-2939
-3002
-3153
-3066
-2708
-2298
-1916
-1410
-944
-796
-641
-288
67
628
1282
1423
1275
1354
1357
1108
1110
1348
1209
701
317
185
97
-204
-547
-586
-592
-828
-990
-919
-764
-684
-707
-589
-334
-253
-247
-81
6
-157
-295
-266
-265
-329
-390
-549
-738
-760
-790
-949
-985
-948
-1068
-1128
-887
-626
-709
-936
-912
-771
-604
-320
-256
-386
-314
-246
-190
183
479
315
120
230
347
333
504
683
468
247
300
249
123
101
-108
-502
-730
-796
-824
-780
-656
-453
-158
175
411
568
847
1233
1677
2280
2760
2897
3050
3226
3117
3013
3173
3162
2827
2576
2347
1842
1332
943
449
-47
-410
-707
-937
-1147
-1378
-1546
-1635
-1748
-1899
-1847
-1540
-1316
-1156
-810
-536
-493
-380
-187
-120
-88
-16
81
364
680
590
251
80
-99
-405
-437
-170
-126
-425
-690
-730
-696
-746
-802
-696
-507
-388
-224
59
170
-47
-313
-340
-199
-118
-194
-368
-511
-597
-720
-786
-665
-669
-1025
-1268
-1120
-978
-1053
-1106
-1024
-1041
-1235
-1145
-740
-632
-648
-440
-429
-411
-28
61
-76
243
501
365
566
894
636
427
674
650
522
770
740
448
586
597
137
76
275
-50
-225
197
211
-123
110
278
-75
37
469
326
335
957
1075
724
1040
1467
1114
967
1463
1357
857
1103
1239
705
612
679
174
11
268
98
13
256
45
-281
-20
169
-76
20
382
194
-65
249
343
23
182
468
258
219
334
-55
-311
-31
-95
-450
-288
-167
-644
-823
-486
-480
-565
-211
-44
-228
-41
223
-49
-150
226
157
-155
119
301
-77
-203
-162
-522
-696
-490
-590
-719
-453
-469
-854
-943
-966
-1175
-1082
-781
-766
-836
-770
-932
-1233
-1056
-749
-891
-874
-591
-748
-898
-561
-447
-616
-399
-89
-149
-38
369
342
114
291
339
175
486
781
492
324
410
203
118
449
532
342
396
431
212
213
453
452
370
567
741
675
661
735
669
596
651
602
457
446
382
166
93
43
-141
-153
-49
-135
-226
-192
-178
-70
164
249
277
489
644
626
742
919
909
888
945
897
780
650
374
81
11
9
-38
-10
-60
-246
-335
-344
-305
-155
-98
-142
-54
59
63
58
62
32
21
84
138
102
57
15
-132
-284
-262
-218
-325
-421
-400
-403
-459
-529
-642
-698
-695
-826
-960
-857
-828
-1022
-1034
-868
-846
-836
-687
-589
-608
-556
-457
-443
-293
-40
-62
-120
33
46
-17
146
285
214
160
198
159
93
137
159
146
238
282
194
130
103
119
221
271
291
381
349
209
243
356
368
407
426
336
313
313
217
182
137
-89
-254
-248
-243
-190
-105
-205
-316
-230
-225
-294
-98
111
58
169
503
592
519
597
647
584
666
833
802
661
515
280
138
237
255
86
-22
-110
-235
-241
-197
-171
-114
-122
-136
-51
-5
-31
-58
-91
-73
-26
-18
38
178
235
177
194
262
214
165
210
245
284
290
198
115
-18
-285
-401
-344
-445
-594
-541
-514
-647
-710
-672
-606
-535
-517
-405
-180
-119
-147
-44
32
-34
-99
-22
119
122
60
41
-82
-223
-189
-130
-123
-56
-68
-258
-319
-170
-145
-224
-136
-46
-137
-150
-14
39
58
150
244
319
354
349
356
339
320
336
319
248
112
-65
-143
-127
-137
-187
-287
-449
-548
-485
-321
-198
-146
-113
-116
-163
-67
190
350
409
445
427
402
380
384
419
475
482
471
482
358
219
180
172
209
224
223
141
-16
-42
-56
-86
-35
-60
-133
-113
-84
-133
-91
58
-23
-107
105
216
177
281
351
192
117
187
108
49
131
58
-101
-83
-92
-269
-323
-222
-319
-501
-418
-342
-457
-435
-302
-367
-397
-224
-183
-150
-19
-70
-119
6
117
160
251
342
281
217
281
248
167
198
159
64
31
-7
-129
-265
-315
-363
-351
-245
-211
-227
-182
-129
-147
-118
0
33
41
167
244
224
291
282
107
78
132
7
-132
-116
-183
-338
-281
-200
-261
-261
-198
-210
-254
-133
-41
-107
-22
97
48
28
134
155
58
127
226
215
257
271
223
212
241
235
212
266
218
117
132
91
-16
-46
1
-5
-33
-1
-52
-86
-5
3
6
124
204
179
226
292
227
176
172
142
100
130
195
148
73
78
116
0
-100
-20
-61
-112
-81
-116
-170
-228
-328
-419
-359
-368
-512
-434
-326
-379
-321
-165
-115
-148
-77
72
121
155
231
280
259
229
279
270
196
142
68
15
-19
-3
-4
-108
-186
-175
-100
-56
-44
24
30
-67
-93
12
104
79
78
73
-26
-83
-111
-38
-17
-94
-49
-76
-145
-198
-206
-141
-111
-86
-134
-147
-100
-71
-32
16
31
-98
-113
39
102
114
103
135
237
254
168
71
79
160
243
376
355
126
-18
-42
-13
33
58
99
94
82
32
-102
-166
-159
-45
54
51
84
30
-21
21
40
42
23
75
104
126
286
292
168
156
111
22
70
185
155
78
55
-33
-199
-282
-323
-343
-217
-158
-226
-290
-354
-345
-289
-253
-230
-188
-143
-75
9
11
-10
-4
-26
-30
5
32
81
146
104
22
7
-74
-127
-9
63
23
50
60
25
35
-43
-167
-158
-40
-15
6
120
60
21
33
-111
-149
-62
20
86
256
346
165
81
6
-117
-84
-11
81
66
30
52
-13
-89
-207
-241
-124
-22
52
141
172
62
-33
27
110
70
97
266
300
126
117
193
-40
-58
145
53
2
119
144
20
-26
-15
-142
-139
-25
-17
-3
53
27
-69
-59
-140
-248
42
244
184
257
196
-5
-74
52
181
134
282
374
99
7
-39
-215
-210
-95
-91
-151
-77
-99
-188
-144
-217
-268
-209
-168
-141
-73
48
22
-66
-6
-17
-162
-78
115
55
-12
23
-51
-62
49
27
-26
15
-37
-67
65
81
-34
-1
68
-29
-47
17
-65
-148
-91
-33
-58
22
75
38
-48
-182
-39
31
-37
12
49
130
78
111
61
-257
-255
-138
28
221
154
21
-94
-122
-218
-188
-26
-96
110
313
86
-105
-161
-179
-152
-2
169
197
215
270
199
40
1
1
32
187
305
247
156
147
-48
-121
37
-90
-66
97
81
137
133
123
-31
-115
182
240
195
244
155
99
71
87
-117
-322
-101
-30
58
298
68
-307
-345
-149
-117
-141
90
50
20
158
-46
-164
-175
-78
-76
-169
48
-81
-151
153
196
-27
-121
22
-144
-220
36
83
88
168
63
-222
-279
-213
-268
-125
189
172
-90
-153
-179
-323
-235
151
220
-57
-38
-54
-312
-132
158
14
-65
-33
-131
-13
241
155
-87
-60
-82
-271
-22
261
9
-2
205
-41
-127
104
-15
-139
49
140
89
69
54
-69
-109
87
258
205
62
115
1
-103
254
242
163
371
188
5
6
61
-34
-74
212
13
-151
41
-32
-53
12
61
-68
-155
50
94
209
261
42
-119
-336
-287
6
114
182
194
91
21
-101
-303
-332
-206
-61
74
213
115
-46
6
-262
-464
-322
-180
59
306
430
218
1
-104
-332
-249
2
87
226
355
223
34
-71
-214
-307
-239
52
311
276
211
126
-221
-360
-182
-174
-97
86
-16
-57
120
50
-126
-134
-206
-190
94
239
130
180
174
-151
-262
-83
-105
-188
92
186
-13
-56
-133
-191
-216
-17
91
0
208
208
-26
-162
-38
-24
-134
217
187
-29
217
169
-83
-195
-184
-92
97
342
146
-164
-80
-34
-122
-63
40
-3
90
409
379
66
52
34
-186
10
304
158
196
303
-43
-135
58
-144
-217
11
-57
-65
163
214
99
-89
-300
-333
-202
-70
238
397
202
-34
-215
-196
-169
-31
43
85
302
134
56
103
-141
-353
-290
-51
-47
165
339
76
60
-92
-275
-109
-184
-170
166
310
198
150
59
-225
-237
-72
-86
76
288
178
157
-29
-375
-232
-32
80
152
57
-109
-136
-27
-81
9
20
-156
-105
-103
-71
-23
-86
41
61
-92
-3
28
-98
12
108
64
56
45
-38
-263
-155
22
-122
15
33
-169
-80
91
19
-156
-25
11
-59
99
60
-60
90
158
0
16
-23
-170
53
245
132
178
278
156
97
106
36
58
125
141
161
174
138
-65
-272
-279
-257
-60
335
320
23
-127
-273
-187
-10
36
140
127
197
251
101
-51
-315
-367
-136
217
404
60
-69
-25
-203
44
192
-153
-256
-138
-60
52
132
-156
-390
-185
-12
185
153
-102
-271
-436
71
737
544
140
-78
-396
-464
-5
254
218
325
193
-97
-199
-243
-410
-281
219
333
232
95
-157
-389
-274
159
11
-107
5
-177
1
208
175
78
-27
-128
-391
-225
94
272
528
391
-45
-483
-533
-272
80
413
334
153
-94
-288
-210
-88
43
122
3
7
219
41
-42
-12
-204
-96
43
48
47
147
280
236
59
-303
-503
-180
395
603
345
45
-318
-623
-378
49
156
323
378
-61
-328
-224
-243
-96
284
355
268
52
-300
-232
-47
58
349
120
-295
-111
-97
-57
364
210
-117
-20
-157
-380
-98
363
344
141
60
-424
-582
-93
-100
39
656
385
-93
-62
-360
-383
64
232
147
147
330
300
148
-124
-366
-423
-285
114
201
397
507
67
-220
-431
-712
-566
220
544
244
286
78
-468
-551
-288
-110
89
451
428
95
-27
-217
-114
170
-32
-118
-67
131
349
256
226
-89
-567
-660
-171
221
127
373
316
-267
-261
16
-188
-93
423
264
55
292
47
-261
-2
-79
-168
221
146
-61
145
260
3
-81
-100
-450
-274
169
292
320
19
-261
-171
-78
-59
89
93
-155
76
293
-163
-80
85
-291
3
311
46
-137
8
114
-20
43
9
-36
71
100
-89
-123
203
-62
-157
169
-79
-309
-98
58
-32
53
58
2
84
-181
-324
-107
40
159
250
215
74
-186
-286
-103
-71
5
241
142
24
149
129
-147
-205
-24
-110
16
259
80
-101
-164
-213
-260
-68
59
-107
182
372
27
-162
-129
19
115
274
360
46
-112
-89
-93
-40
-3
-15
-185
-119
152
115
-76
-59
85
-174
-196
211
120
-19
-14
-14
209
196
-102
-100
120
53
-108
37
244
116
-12
70
-12
-223
-152
181
172
77
14
-307
-131
106
-8
196
168
-106
-118
-102
-26
148
246
74
-76
-27
-92
-87
8
34
69
6
27
118
-84
-202
26
44
-90
-2
113
5
-271
-156
96
-30
-42
-50
-108
-11
-73
-149
-14
163
-2
-60
263
-12
-299
104
255
85
-113
-177
-20
64
123
-18
-77
107
-27
-173
-157
19
175
-59
-80
130
57
-131
-58
23
-136
-32
41
-11
197
-2
-206
150
260
-33
-292
-54
213
-67
-65
3
-153
89
199
68
169
-41
-537
-329
275
366
161
55
54
-78
-253
-128
76
248
271
-51
-104
178
-17
-258
138
324
45
34
120
-52
-125
35
91
147
31
-318
-299
-9
203
72
69
219
-133
-335
-103
103
-117
-104
366
141
-115
-51
-237
-139
60
9
-13
106
155
2
-14
-11
-146
7
217
20
-176
-108
-152
-127
117
114
-22
-69
-106
-37
34
17
49
-3
-143
-7
194
93
-17
11
-34
-59
58
-64
-79
150
-19
9
302
97
-312
-247
-4
-132
5
186
-73
-101
103
87
-169
-300
-165
-34
143
337
197
-2
-75
-313
-233
179
126
-13
146
35
-138
12
105
125
152
-4
-108
-74
-1
87
78
134
111
-195
-280
-76
-231
-148
455
309
-24
110
25
-126
-40
125
13
-86
86
113
12
143
353
137
-237
-333
-323
-213
112
380
379
193
-129
-436
-464
-195
43
190
272
103
-178
-297
-88
123
245
398
89
-287
-360
-359
-11
423
584
291
-161
-340
-582
-366
206
372
427
172
-179
-205
-145
-46
111
206
-208
-393
-46
179
442
169
-169
-157
-340
-136
188
240
195
104
-57
-304
-177
-2
39
340
314
-80
-268
-358
-307
37
372
327
-1
-189
-293
-378
-39
320
149
-54
-52
-71
-42
45
33
133
210
24
-90
-80
25
-48
-165
128
361
112
-306
-233
30
51
240
157
-211
-131
-29
-114
187
350
-118
-245
-86
-233
-221
4
360
495
193
-123
-385
-377
-26
285
278
198
166
-67
-142
-63
-118
11
101
-49
26
89
-99
-30
149
58
-105
-200
-172
-135
-38
215
297
194
-5
-235
-286
-41
160
227
246
80
68
-132
-300
-42
28
19
57
108
-109
-228
-57
-127
96
286
-66
-210
49
50
-111
117
125
-148
-78
45
-20
-3
109
12
2
84
-75
-91
-86
-51
124
149
142
32
-84
-195
-307
-185
57
257
214
54
9
-100
-216
-85
37
-19
27
51
-24
58
116
49
99
119
-110
-272
-188
-10
223
286
217
54
-186
-296
-264
-78
42
173
171
7
21
-165
-252
-53
59
117
79
28
5
16
122
127
-25
61
82
-179
-155
67
107
104
181
26
-80
-109
-275
-120
112
168
150
154
24
-143
-220
-182
108
25
-50
52
74
200
140
27
-128
-113
-75
-8
196
107
52
8
-92
-120
-37
85
-23
-83
7
-33
-105
-28
-73
-113
76
98
-86
-79
54
6
44
39
-143
-84
-60
-13
129
132
191
37
-32
-19
-241
-153
80
210
161
19
-133
-244
-112
-73
-43
11
39
43
-48
85
118
-14
12
22
-1
-9
-13
-2
21
82
98
8
-66
-75
-73
-3
144
124
-12
-4
-8
-75
-100
-87
-74
-7
88
83
106
21
-174
-169
-11
150
129
82
116
2
-128
-92
-31
-1
40
-11
-19
64
48
-8
78
121
9
-19
-66
-69
34
106
104
18
5
-87
-125
0
8
-14
-12
13
30
29
20
-21
-24
4
17
-9
-13
24
51
56
41
50
-23
-121
-56
15
-9
17
32
-35
-3
8
-75
37
93
-64
-52
15
-31
-56
37
68
-105
-121
-55
47
111
-7
57
50
-8
-13
-93
-66
-45
11
74
95
-33
-201
-141
-57
87
153
99
83
-62
-112
-25
53
56
-11
33
-25
-90
-69
-104
-54
72
79
-48
-26
-24
-51
154
248
76
-99
-133
-181
-68
173
80
-38
72
59
-60
-16
81
102
18
-54
10
-3
-12
49
-23
-4
35
-156
-151
67
72
51
90
65
61
-12
-92
-63
-18
95
138
62
39
-75
-206
0
0
0
0
0
0
0
0
0
0
0
0
0
0
0
0
0
0
0
0
0
0
0
0
0
0
0
0
0
0
0
0
0
0
0
0
0
0
0
0
0
0
0
0
0
0
0
0
0
0
0
0
0
0
0
0
0
0
0
0
0
0
0
0
0
0
0
0
0
0
0
0
0
0
0
0
0
0
0
0
0
0
0
0
0
0
0
0
0
0
0
0
0
0
0
0
0
0
0
0
0
0
0
0
0
0
0
0
0
0
0
0
0
0
0
0
0
0
0
0
0
0
0
0
0
0
0
0
0
0
0
0
0
0
0
0
0
0
0
0
0
0
0
0
0
0
0
0
0
0
0
0
0
0
0
0
0
0
0
0
0
0
0
0
0
0
0
0
0
0
0
0
0
0
0
0
0
0
0
0
0
0
0
0
0
0
0
0
0
0
0
0
0
0
0
0
0
0
0
0
0
0
0
0
0
0
0
0
0
0
0
0
0
0
0
0
0
0
0
0
0
0
0
0
0
0
0
0
0
0
0
0
0
0
0
0
0
0
0
0
0
0
0
0
0
0
0
0
0
0
0
0
0
0
0
0
0
0
0
0
0
0
0
0
0
0
0
0
0
0
0
0
0
0
0
0
0
0
0
0
0
0
0
0
0
0
0
0
0
0
0
0
0
0
0
0
0
0
0
0
0
0
0
0
0
0
0
0
0
0
0
0
0
0
0
0
0
0
0
0
0
0
0
0
0
0
0
0
0
0
0
0
0
0
0
0
0
0
0
0
0
0
0
0
0
0
0
0
0
0
0
0
0
0
0
0
0
0
0
0
0
0
0
0
0
0
0
0
0
0
0
0
0
0
0
0
0
0
0
0
0
0
0
0
0
0
0
0
0
0
0
0
0
0
0
0
0
0
0
0
