0
0
0
0
0
0
0
0
0
0
0
0
0
0
0
0
0
0
0
0
0
0
0
0
0
0
0
0
0
0
0
0
0
0
0
0
0
0
0
0
0
0
0
0
0
0
0
0
0
0
0
0
0
0
0
0
0
0
0
0
0
0
0
0
0
0
0
0
0
0
0
0
0
0
0
0
0
0
0
0
0
0
0
0
0
0
0
0
0
0
0
0
0
0
0
0
0
0
0
0
0
0
0
0
0
0
0
0
0
0
0
0
0
0
0
0
0
0
0
0
0
0
0
0
0
0
0
0
0
0
0
0
0
0
0
0
0
0
0
0
0
0
0
0
0
0
0
0
0
0
0
0
0
0
0
0
0
0
0
0
0
0
0
0
0
0
0
0
0
0
0
0
0
0
0
0
0
0
0
0
0
0
0
0
0
0
0
0
0
0
0
0
0
0
0
0
0
0
0
0
0
0
0
0
0
0
0
0
0
0
0
0
0
0
0
0
0
0
0
0
0
0
0
0
0
0
0
0
0
0
0
0
0
0
0
0
0
0
0
0
0
0
0
0
0
0
0
0
0
0
0
0
0
0
0
0
0
0
0
0
0
0
0
0
0
0
0
0
0
0
0
0
0
0
0
0
0
0
0
0
0
0
0
0
0
0
0
0
0
0
0
0
0
0
0
0
0
0
0
0
0
0
0
0
0
0
0
0
0
0
0
0
0
0
0
0
0
0
0
0
0
0
0
0
0
0
0
0
0
0
0
0
0
0
0
0
0
0
0
0
0
0
0
0
0
0
0
0
0
0
0
0
0
0
0
0
0
0
0
0
0
0
0
0
0
0
0
0
0
0
0
0
0
0
0
0
0
0
0
0
0
0
0
0
0
0
0
0
0
0
0
0
0
0
0
0
-95
-99
-95
-85
-77
-72
-74
-77
-69
-57
-65
-59
-57
-57
-55
-59
-66
-72
-62
-57
-56
-64
-67
-67
-63
-61
-68
-50
-46
-54
-47
-42
-14
-1
5
40
39
57
88
104
118
129
149
180
198
194
202
200
212
206
188
209
211
213
207
215
231
214
217
224
214
207
196
175
168
166
173
164
130
131
120
90
89
71
35
24
19
7
-4
-30
-34
-35
-62
-67
-84
-101
-102
-121
-132
-143
-166
-169
-183
-203
-211
-215
-211
-216
-210
-199
-219
-215
-198
-212
-189
-177
-189
-175
-182
-194
-193
-195
-209
-216
-200
-195
-199
-195
-199
-223
-217
-215
-229
-199
-181
-187
-193
-192
-178
-181
-171
-151
-151
-155
-136
-115
-128
-118
-96
-109
-101
-87
-83
-76
-67
-34
-2
33
71
96
127
151
199
256
297
331
386
452
498
575
643
694
760
807
858
914
971
1015
1042
1078
1109
1130
1142
1132
1094
1067
1019
941
859
731
599
467
319
173
6
-130
-260
-412
-541
-650
-744
-862
-986
-1053
-1113
-1161
-1176
-1185
-1186
-1185
-1184
-1156
-1140
-1095
-1029
-988
-903
-819
-745
-659
-586
-495
-404
-334
-278
-217
-171
-143
-107
-83
-58
-34
-32
-47
-82
-117
-152
-201
-252
-292
-325
-355
-384
-422
-444
-478
-525
-551
-585
-611
-624
-621
-602
-582
-543
-508
-441
-352
-256
-120
6
129
281
451
635
834
1054
1287
1498
1729
1965
2144
2330
2493
2614
2720
2804
2852
2841
2795
2693
2531
2344
2116
1858
1589
1304
986
663
357
36
-286
-617
-924
-1177
-1386
-1571
-1758
-1889
-2003
-2117
-2157
-2161
-2152
-2122
-2047
-1938
-1832
-1700
-1546
-1385
-1206
-1012
-803
-585
-364
-161
17
178
327
448
555
649
698
730
740
712
659
589
518
376
240
154
27
-97
-204
-348
-504
-620
-725
-814
-881
-977
-1020
-1038
-1068
-1077
-1102
-1097
-1093
-1072
-1005
-956
-863
-748
-651
-516
-362
-224
-79
87
228
391
550
658
769
846
905
943
955
958
927
888
855
791
704
618
510
378
264
169
90
-1
-83
-126
-201
-285
-327
-406
-498
-518
-490
-397
-236
-68
129
346
544
767
1031
1308
1613
1939
2227
2426
2549
2626
2643
2592
2515
2391
2196
1985
1763
1474
1135
777
405
60
-224
-475
-702
-911
-1136
-1371
-1579
-1775
-1967
-2125
-2257
-2349
-2372
-2389
-2412
-2390
-2343
-2297
-2162
-1956
-1755
-1508
-1242
-976
-716
-466
-218
-5
194
410
636
801
893
959
993
987
988
998
947
905
872
819
769
669
526
397
316
214
97
-7
-176
-336
-449
-566
-712
-850
-962
-1071
-1121
-1127
-1161
-1203
-1188
-1114
-1026
-910
-761
-634
-530
-390
-241
-123
30
204
356
512
661
748
771
768
765
800
828
828
816
750
649
526
396
253
121
9
-111
-184
-282
-422
-561
-735
-876
-923
-871
-752
-571
-329
-90
133
354
598
867
1200
1630
2070
2432
2684
2830
2893
2906
2872
2779
2642
2464
2277
2060
1773
1396
946
516
137
-156
-390
-615
-828
-1066
-1305
-1554
-1798
-2016
-2183
-2238
-2259
-2266
-2247
-2253
-2283
-2285
-2215
-2116
-1963
-1729
-1484
-1263
-1029
-802
-644
-443
-202
17
277
505
684
835
937
1027
1112
1175
1228
1315
1391
1458
1471
1377
1264
1137
1002
852
722
583
382
181
-42
-292
-527
-730
-923
-1106
-1240
-1316
-1371
-1441
-1508
-1574
-1582
-1551
-1505
-1362
-1206
-1061
-893
-770
-677
-537
-364
-216
-48
141
303
412
413
407
406
383
398
412
406
365
308
213
41
-118
-223
-281
-318
-305
-249
-238
-308
-431
-522
-557
-550
-458
-269
-42
205
446
657
830
999
1282
1642
2031
2438
2726
2912
3032
3064
3091
3044
2918
2799
2643
2486
2312
1969
1524
1094
657
297
66
-152
-384
-610
-827
-1065
-1339
-1583
-1829
-2033
-2105
-2165
-2223
-2286
-2373
-2419
-2441
-2411
-2302
-2157
-1974
-1710
-1425
-1176
-972
-774
-561
-382
-143
137
362
594
807
923
969
1021
1040
1034
1094
1183
1239
1252
1196
1070
922
750
581
476
314
95
-59
-245
-481
-701
-923
-1152
-1330
-1380
-1374
-1380
-1363
-1366
-1392
-1414
-1391
-1293
-1176
-1027
-831
-644
-496
-385
-284
-193
-87
67
226
324
387
449
486
490
493
495
478
456
441
385
263
119
-31
-198
-330
-394
-445
-500
-524
-553
-628
-688
-713
-714
-649
-477
-272
-78
143
368
625
918
1257
1595
1957
2308
2632
2923
3137
3260
3322
3358
3305
3211
3109
2918
2637
2334
2008
1598
1126
711
338
-13
-334
-628
-907
-1230
-1514
-1745
-1970
-2159
-2354
-2477
-2529
-2595
-2642
-2649
-2646
-2615
-2498
-2360
-2196
-1997
-1826
-1599
-1334
-1105
-898
-668
-405
-167
66
289
470
646
835
1009
1167
1294
1373
1432
1489
1504
1470
1442
1389
1298
1220
1114
928
717
502
251
2
-243
-490
-683
-879
-1043
-1143
-1292
-1423
-1500
-1545
-1527
-1478
-1418
-1327
-1173
-1088
-984
-830
-681
-516
-297
-95
41
217
349
451
512
540
569
620
666
673
647
555
428
282
168
67
-67
-204
-321
-441
-579
-711
-847
-997
-1107
-1132
-1115
-1105
-1105
-1116
-1113
-1067
-942
-735
-451
-59
415
863
1227
1547
1895
2262
2646
3091
3494
3761
3971
4123
4172
4109
3877
3541
3216
2898
2600
2280
1855
1345
827
342
-115
-566
-982
-1339
-1671
-1939
-2171
-2401
-2650
-2876
-2984
-3048
-3050
-3028
-2982
-2907
-2840
-2672
-2474
-2265
-2061
-1827
-1520
-1265
-1019
-781
-531
-281
-35
255
506
702
881
1043
1160
1226
1301
1361
1397
1470
1529
1502
1447
1364
1249
1157
1029
869
727
550
318
66
-185
-439
-692
-941
-1127
-1272
-1430
-1506
-1546
-1567
-1598
-1613
-1532
-1445
-1276
-1073
-869
-639
-451
-218
-30
124
295
401
523
631
708
776
802
840
836
806
804
743
634
553
458
319
197
82
-74
-227
-327
-454
-588
-714
-875
-969
-1090
-1192
-1177
-1198
-1209
-1193
-1239
-1334
-1406
-1426
-1351
-1123
-810
-459
-102
267
666
1019
1325
1751
2225
2656
3180
3637
3921
4096
4206
4264
4207
4081
3861
3582
3280
2931
2570
2107
1510
938
459
-25
-465
-833
-1217
-1632
-1963
-2208
-2474
-2705
-2919
-3028
-3073
-3113
-3094
-3096
-3048
-2962
-2802
-2583
-2376
-2172
-1967
-1692
-1447
-1194
-904
-577
-264
-3
300
550
754
907
1069
1248
1351
1447
1495
1530
1547
1541
1540
1505
1455
1313
1121
943
756
585
407
203
4
-152
-315
-469
-627
-870
-1066
-1219
-1307
-1264
-1277
-1323
-1325
-1318
-1290
-1203
-1086
-983
-899
-778
-598
-507
-425
-351
-376
-337
-257
-221
-211
-151
-104
-163
-186
-180
-186
-158
-73
96
199
217
159
-38
-238
-350
-310
-162
5
192
273
266
184
2
-211
-416
-415
-155
399
1232
2070
2762
3199
3381
3367
3305
3306
3257
3199
3104
2980
2751
2221
1662
1136
513
-120
-658
-973
-1198
-1325
-1274
-1256
-1308
-1400
-1414
-1347
-1332
-1253
-1125
-980
-795
-584
-301
-57
74
158
208
228
144
-57
-285
-458
-522
-496
-464
-496
-604
-745
-890
-1058
-1217
-1283
-1217
-1053
-891
-785
-741
-752
-735
-660
-492
-224
1
202
387
432
452
437
321
284
223
128
151
103
44
66
2
-40
-42
-111
-88
-46
-62
2
39
69
27
3
115
26
-72
-68
-60
-63
-164
-107
-119
-246
-217
-205
-150
-308
-545
-448
-517
-597
-613
-831
-876
-1098
-1231
-1032
-940
-776
-634
-396
-419
-699
-814
-1109
-1141
-1081
-907
-494
-494
-324
-212
-381
-586
-1100
-1287
-1096
-279
1434
3448
5336
6237
6396
6251
5703
5081
4199
3262
2482
2039
1926
1405
547
-275
-733
-989
-1354
-1463
-1412
-1028
-506
-150
216
103
-286
-672
-722
-232
-220
-647
-962
-1030
-910
-888
-798
-830
-934
-975
-991
-812
-956
-1137
-959
-712
-309
-161
-264
-306
-343
-153
-27
-112
-98
-23
-24
-146
-190
-309
-999
-1895
-2178
-1924
-1726
-1607
-1276
-814
-531
-437
-304
-47
266
594
975
1226
1075
707
627
816
751
280
-199
-380
-346
-235
-51
140
215
274
519
810
830
643
566
674
836
862
656
297
-15
-138
-229
-427
-679
-929
-1007
-746
-398
-199
-242
-518
-529
-479
-628
-795
-969
-665
-457
-553
-447
-662
-825
-1037
-1328
-1251
-1447
-1413
-1210
-1118
-874
-981
-1005
-1014
-1014
-735
-588
-628
-1019
-1311
-1033
-60
1766
4198
6578
7945
8066
7396
6481
5431
4140
2779
1513
810
634
433
16
-696
-1293
-1676
-1899
-1601
-1103
-458
324
762
914
746
369
-109
-573
-467
-342
-827
-1501
-1882
-1671
-1386
-1205
-847
-503
-170
-62
-79
-186
-674
-1183
-1460
-1272
-794
-571
-646
-762
-658
-589
-812
-1023
-849
-512
-401
-303
-273
-636
-1381
-2023
-1924
-1559
-1314
-767
128
1113
1396
1039
815
613
471
285
351
743
642
455
545
687
300
-812
-1170
-718
-283
114
373
861
1108
945
932
676
412
197
62
420
609
541
273
-62
53
-53
-349
-533
-648
-271
-123
-216
-353
-806
-945
-1189
-1248
-1015
-1257
-1254
-1067
-548
19
-144
-273
-645
-932
-1059
-1574
-1721
-2004
-1871
-808
145
833
386
-1070
-2313
-3339
-3761
-2779
-386
3163
6784
9138
9747
8430
6485
4988
3649
2352
745
-100
436
1059
1185
457
-248
-273
-302
-126
187
783
1649
2073
2066
1658
767
-428
-1595
-2160
-2071
-2188
-2640
-3092
-2873
-1849
-1048
-437
-126
92
175
-228
-452
-767
-1160
-1517
-1667
-1305
-1091
-1325
-1669
-1520
-740
-108
-4
258
562
557
237
-116
-288
-1262
-2339
-2621
-2207
-1422
-1009
-366
559
1153
1265
1200
1397
1872
2017
1587
1337
998
621
142
-683
-1268
-2014
-2335
-1710
-908
-112
267
508
1184
1488
1420
1258
1149
1479
1222
737
409
-351
-884
-1379
-1169
-594
-647
-120
288
784
1251
799
946
720
106
-424
-1463
-1566
-1892
-2250
-1760
-1513
-697
-401
-466
-322
-717
-779
-1639
-2874
-3741
-4221
-3433
-2264
-978
-526
-1466
-2790
-3881
-4215
-3334
-843
2949
7333
10576
11905
11363
9018
6707
4603
2658
951
-951
-1249
-396
382
712
99
135
547
849
1390
1688
2396
2845
2494
1848
824
-324
-1900
-3134
-2951
-2578
-2710
-3190
-3270
-2260
-1297
-574
49
419
576
5
-563
-838
-1328
-1859
-2206
-1979
-1276
-767
-673
-725
-569
-100
147
337
604
490
159
-294
-435
-926
-2221
-3294
-3697
-3088
-2182
-1191
163
1155
1717
1658
1576
1912
1761
1321
829
589
709
401
54
-441
-1207
-1523
-1497
-902
-206
235
1144
2001
2478
2406
1816
1437
972
665
491
114
-43
-289
-270
-7
217
443
367
521
775
881
801
423
246
52
-684
-1690
-2329
-2464
-2618
-2821
-2265
-1441
-1152
-1050
-836
-130
227
-130
-569
-1465
-2322
-3052
-3409
-3136
-3190
-3080
-3106
-3190
-2935
-2606
-1086
551
1765
2601
2049
1129
272
-586
-1166
-756
1374
4729
8469
10929
11344
10142
8255
6673
5066
3440
1271
-812
-991
-417
-83
-266
-899
-894
-667
-821
-869
-346
544
1101
1069
814
415
-433
-1641
-2693
-3073
-3102
-3410
-3630
-2983
-1524
-123
723
1242
1425
732
-747
-1946
-2254
-2261
-2474
-2427
-1749
-991
-755
-867
-924
-799
-629
-425
113
715
758
345
42
-179
-992
-2499
-3556
-3496
-2733
-1291
359
1829
2591
2076
1646
1472
1327
1448
1005
882
827
206
315
331
-299
-1063
-1720
-1086
436
1354
1696
1985
2014
1865
1780
1382
833
257
-211
-52
298
390
125
-415
-630
-205
186
-81
-521
-856
-1030
-1285
-1564
-1614
-2146
-2608
-2589
-2098
-1365
-1350
-1405
-1163
-726
-349
-356
-597
-1452
-2186
-2273
-2680
-3398
-3754
-3450
-1970
5
1215
1491
746
-692
-1954
-2421
-1963
-485
2034
5534
9447
12073
12382
10217
7198
5204
3512
1993
372
-1022
-389
709
1007
1209
1220
1217
760
154
313
888
1330
1060
396
61
-397
-1456
-2577
-3132
-3171
-3145
-3110
-2664
-1849
-981
-233
405
890
775
-127
-1303
-2068
-2340
-2608
-2717
-2259
-1589
-815
-74
156
316
390
-92
-277
139
318
133
-127
-151
-167
-1194
-2802
-3599
-3485
-3034
-2168
-543
1337
2542
2629
2444
2378
1990
1324
462
-17
-550
-1127
-1045
-908
-839
-1006
-831
-126
456
1326
1811
2206
2761
2313
1877
1483
746
301
-672
-1248
-794
-544
-227
158
470
773
647
455
465
424
-175
-940
-1093
-1193
-1447
-2138
-2906
-2805
-2488
-2117
-1874
-1607
-965
-684
-527
-412
-370
-686
-1700
-2522
-3068
-3531
-3753
-3351
-1894
-278
679
1133
960
-125
-1194
-1505
-1220
389
3163
6673
10568
12626
11999
9484
6608
4526
2304
275
-1464
-2486
-1152
615
1528
2083
1817
1516
1290
807
775
943
882
590
51
-289
-792
-2013
-3218
-3735
-3458
-3289
-3664
-3207
-1939
-862
273
1296
1857
1954
1105
-305
-1366
-2158
-2893
-3271
-3007
-2231
-1202
-45
933
1411
1299
761
333
244
-24
-669
-1063
-1050
-1349
-2231
-3072
-3290
-3006
-2439
-1245
626
2343
3132
3111
2931
2638
1878
840
-244
-1168
-1698
-1862
-1475
-955
-829
-574
-280
138
1206
1757
1723
2123
1950
1302
1019
333
-382
-607
-813
-640
-133
109
367
674
696
561
376
304
81
-484
-1069
-1354
-1438
-1591
-1888
-2430
-2422
-2203
-1826
-1141
-982
-514
-422
-347
68
-310
-676
-1589
-2541
-3032
-3723
-4086
-3857
-2496
-583
843
1413
1070
73
-1061
-1389
-1315
-193
2707
5978
9408
11754
11820
9999
6976
4624
2593
865
-525
-2181
-1349
586
1389
2094
1837
1814
1999
958
250
321
646
532
-348
-877
-963
-1699
-3025
-3817
-3515
-3164
-3454
-3149
-2208
-1322
-265
657
1442
1913
1166
-325
-1477
-2213
-2747
-3229
-3259
-2267
-881
62
689
1276
1550
1258
670
420
268
-318
-724
-727
-804
-1452
-2697
-3362
-2980
-2392
-1200
552
1694
2722
2940
2363
2273
1736
1066
32
-1065
-1230
-1716
-1652
-1322
-1339
-729
-354
576
1572
1779
2087
1702
1301
1031
277
-399
-924
-1029
-846
-709
-206
486
659
851
980
1150
1108
589
581
28
-739
-1390
-1833
-1776
-2271
-2573
-3023
-2904
-1878
-1570
-1160
-520
-140
99
6
-273
-676
-1470
-2311
-3136
-3876
-3939
-3528
-2314
-636
432
802
115
-1286
-1985
-1950
-1008
1632
5091
8953
11766
12399
11110
8186
5594
2950
702
-669
-2084
-1659
92
1662
2595
2787
2713
2232
1439
593
417
611
424
-16
-460
-770
-1659
-3173
-4197
-4147
-3610
-3466
-3138
-2169
-1266
-377
727
1160
1056
771
-370
-1193
-1707
-2177
-2244
-2566
-1834
-776
-258
-71
-109
743
1254
1338
1383
1095
704
-215
-955
-1193
-1696
-2891
-3883
-3664
-2562
-1164
258
1859
3055
3106
2384
1470
1031
821
-195
-1235
-1345
-1456
-1395
-1043
-1163
-929
-831
-260
1348
1718
1949
2029
1371
1392
781
130
-358
-1146
-849
-674
-542
50
271
521
836
1386
1397
710
409
142
-421
-1236
-1891
-2019
-2006
-2324
-2895
-3052
-2605
-2163
-1892
-1009
235
578
169
97
112
-766
-2179
-3172
-3787
-4351
-4279
-3100
-1279
384
1170
752
-534
-1757
-2184
-1553
265
3445
7278
10559
12440
12104
9791
6525
3842
1740
-226
-1494
-2349
-1227
847
1752
2626
2632
2383
2467
1426
551
557
888
892
-215
-696
-1073
-2807
-3734
-4067
-3672
-2824
-3262
-3041
-2073
-968
251
528
683
813
227
-750
-1628
-2035
-2107
-2245
-2056
-1254
-588
-285
7
456
951
1319
1543
1604
1558
1111
33
-977
-1550
-2545
-3968
-4294
-3275
-1887
-254
1484
2858
3464
3041
1969
1090
730
377
-490
-1141
-1197
-1760
-1665
-991
-1056
-772
-640
193
1433
1458
1944
2051
1299
798
169
-31
-312
-805
-590
-656
-463
76
40
658
1010
931
1030
567
493
-69
-894
-1172
-1771
-1724
-2090
-2977
-3230
-3583
-2914
-2158
-1677
17
833
776
745
428
-181
-2064
-3511
-4003
-4465
-4099
-3348
-1954
-426
396
776
125
-961
-1568
-1381
-32
2322
5387
8589
10971
11838
10592
7568
4528
2262
785
-48
-936
-1230
-212
1045
1731
1912
1916
2130
2110
1510
1032
1043
1068
625
-236
-1240
-2466
-3803
-4532
-4182
-3177
-2429
-2213
-1892
-1060
-154
224
196
300
345
-218
-1191
-1801
-1773
-1712
-1888
-1764
-1164
-520
-254
24
959
1808
1928
1989
1944
1408
513
-709
-1695
-2352
-3308
-3907
-3425
-2377
-1079
427
1930
3101
3424
2913
2217
1687
1238
642
-250
-1219
-2042
-2497
-2387
-2048
-1668
-1156
-686
103
1204
1897
2286
2213
1599
1190
762
127
-346
-1106
-1762
-1533
-1029
-318
519
954
1209
1251
882
642
637
-46
-779
-1151
-1358
-1245
-2055
-2833
-3068
-3179
-2147
-1537
-904
483
998
1042
483
-84
-894
-2577
-3279
-3819
-4280
-3816
-3270
-2128
-824
-79
220
-397
-1325
-1498
-779
800
2828
5344
8424
10627
11127
9574
6430
3813
2132
1010
380
-445
-562
549
1525
1892
1534
1166
1597
1649
1287
1331
1500
1666
1066
-235
-1127
-2223
-3528
-4080
-3872
-2836
-1900
-1897
-1824
-1447
-1079
-676
-494
-282
-50
-277
-760
-1045
-1062
-1189
-1377
-1258
-1147
-877
-447
-337
306
1429
1827
1740
1560
1174
389
-894
-1653
-1793
-2677
-3519
-3335
-2550
-1326
148
1678
2974
3758
3415
2551
1774
1104
453
-926
-1861
-2657
-2936
-2085
-1818
-1423
-1208
-832
375
1215
2074
2652
2262
1516
1024
756
180
-818
-1215
-1459
-1499
-589
-26
579
937
971
1319
993
973
663
-217
-478
-1199
-1616
-1864
-2781
-3436
-3878
-3019
-1689
-1172
-143
578
798
622
-113
-630
-1883
-2881
-3225
-3873
-3583
-3267
-2876
-1656
-595
417
-60
-1375
-1808
-1771
-202
2537
5704
8920
10909
11396
9970
7145
4479
2541
1219
402
8
184
897
1474
1467
956
548
645
984
1372
1786
2195
2288
1647
347
-1131
-2481
-3621
-4344
-4197
-3191
-2078
-1440
-1255
-1113
-848
-619
-506
-332
-103
-59
-222
-558
-883
-1500
-2118
-2254
-2144
-1427
-642
-97
488
1185
2132
2249
1756
1179
257
-509
-1203
-1673
-2327
-3292
-3559
-3148
-1903
-313
1153
2668
3808
4357
3737
2503
1412
297
-538
-1322
-2059
-2605
-2791
-2174
-1721
-1910
-1453
-508
341
1563
2457
2565
2210
1440
745
73
-713
-1074
-1377
-1561
-815
20
233
365
497
506
672
954
1093
1129
665
-338
-1472
-2223
-2606
-3560
-4016
-3203
-2060
-739
160
711
786
6
-556
-1137
-1781
-2216
-2958
-3469
-3610
-3287
-2642
-2206
-1682
-1443
-1797
-2304
-2353
-1118
1388
4770
8636
11653
12697
11280
7745
4612
3053
2134
1643
697
-73
652
1291
1384
928
37
371
1140
2080
3122
3116
2743
1676
361
-805
-2055
-2914
-4021
-4151
-3074
-2152
-1748
-2064
-2014
-1369
-797
-403
-318
-172
35
-476
-1077
-1025
-1354
-2063
-2322
-1970
-961
4
276
283
554
1038
1345
1497
1598
1157
248
-289
-487
-1263
-2780
-4049
-4349
-3627
-1840
454
2551
4102
4384
3530
2539
1987
1659
868
-379
-1301
-1888
-2056
-1716
-2511
-3488
-3310
-2251
24
1768
2695
3055
2896
2415
756
-564
-1278
-1790
-1703
-1206
-222
159
-218
-528
-499
-13
576
950
1285
1537
1066
-81
-1469
-2703
-3725
-4421
-3818
-2707
-1547
-285
-80
25
-6
-424
-742
-1501
-1318
-1027
-1493
-1651
-2398
-2954
-3005
-2614
-1808
-2243
-2772
-2849
-2456
-590
1848
5219
9242
11753
12011
9998
7041
5235
4278
3293
2119
483
-393
160
748
547
-45
-128
327
1073
2406
3542
3713
3131
1779
-108
-1400
-2238
-3377
-3881
-3474
-2471
-1745
-2297
-2934
-3208
-2807
-1286
79
1014
1145
172
-846
-1644
-1876
-1920
-2231
-1924
-1089
115
957
784
398
22
100
398
574
872
784
637
360
-329
-1426
-3128
-4329
-4391
-3043
-548
1861
3666
4173
3522
2576
2097
2101
1534
878
65
-874
-994
-1526
-2735
-4031
-4635
-3074
-579
1493
2951
3448
3282
2272
986
-165
-1394
-1648
-1160
-404
539
417
-599
-1666
-2240
-1737
-531
792
1627
1999
1659
454
-684
-2037
-3258
-3921
-4033
-2876
-1381
-513
-574
-1180
-1411
-1531
-1655
-1487
-950
-298
-37
-360
-1274
-2527
-3381
-3296
-2701
-2212
-2161
-2029
-627
2089
5510
8352
9510
9186
7537
5928
5281
4964
4406
2521
370
-471
-477
-249
-772
-1256
-468
998
2605
3530
3906
3975
3039
1416
9
-705
-1063
-1631
-2002
-1716
-1570
-2137
-3387
-4156
-3477
-2277
-1151
-522
119
624
-43
-1096
-1950
-2231
-2144
-1976
-1288
-271
625
702
75
-273
-124
129
598
1317
1575
983
15
-796
-1551
-2362
-3064
-3325
-2756
-1407
50
1079
1590
1663
1644
1625
2003
2598
2724
2334
1222
168
-619
-1461
-2451
-3827
-4237
-3220
-1197
1155
2603
3045
2339
1346
970
646
565
485
283
232
-163
-635
-1349
-2080
-2029
-1652
-608
810
1675
1878
1087
61
-901
-1825
-2206
-2638
-2622
-1755
-766
-227
-901
-1848
-2528
-3043
-2204
-1002
-185
613
512
7
-717
-1942
-3011
-3569
-3455
-3041
-2518
-1720
-270
2114
5322
8046
8535
7159
5341
4801
5469
5764
5015
2718
590
3
-208
-622
-1384
-1554
-746
431
2064
3271
3711
3420
2207
1003
449
565
585
-170
-644
-820
-1902
-3119
-3955
-4129
-2934
-1459
-297
283
116
-636
-2400
-3713
-3619
-2664
-1304
-484
121
434
100
-464
-1133
-1057
-238
768
1837
2608
2226
794
-842
-2396
-3266
-3562
-2764
-1187
414
1816
2061
1799
990
80
-106
563
2076
2847
2414
1166
-249
-1417
-2409
-2957
-2703
-1831
-920
109
890
1444
1367
608
277
402
1166
1808
1822
1627
906
-4
-1273
-2444
-2780
-2442
-1313
-136
920
1375
827
-241
-1631
-2159
-2109
-1799
-1274
-1279
-1163
-1158
-1355
-1817
-2537
-2273
-1548
-790
118
592
623
108
-610
-1420
-2508
-3253
-3480
-2802
-1153
557
2333
4341
5955
6608
5844
4532
4480
5397
5943
5354
3302
950
-409
-1150
-1777
-1829
-1121
-349
145
745
1381
1789
1852
1429
1052
1227
1744
1910
1356
731
226
-886
-2272
-3223
-3582
-2689
-1339
-356
459
328
-666
-1981
-2736
-2439
-1712
-859
-528
-431
-429
-927
-1474
-1786
-1213
-228
604
1626
2040
1683
763
-448
-1590
-2673
-2928
-2608
-1809
-338
667
976
533
-395
-1259
-1417
232
2567
4272
4620
3202
1178
-562
-1388
-1711
-2278
-2635
-2229
-908
385
700
271
-141
-139
202
792
1525
2163
2294
1873
1209
500
-318
-1283
-2001
-1957
-1152
-193
271
76
-497
-1096
-1442
-1380
-972
-507
-396
-678
-1056
-1362
-1599
-1839
-1930
-1658
-1116
-483
-142
-247
-354
-522
-837
-917
-994
-1075
-953
-1206
-1670
-1665
-1140
244
2394
4314
5344
5197
4227
3599
4005
4978
5318
4256
2338
695
-145
-507
-897
-1225
-1101
-489
304
975
1276
1093
507
-65
58
969
1997
2369
1928
949
-345
-1824
-2954
-2961
-1970
-652
-14
-26
-399
-1566
-2684
-3211
-2577
-896
458
901
321
-221
-739
-1814
-2425
-2075
-1211
-119
1260
2199
1783
151
-1743
-3057
-3240
-2279
-921
297
1175
1433
696
-242
-785
-786
-85
1063
2317
2512
2121
1305
-118
-1071
-1341
-790
-394
-203
-309
-855
-694
-336
-111
87
449
935
1361
1664
1652
1420
1023
543
-187
-395
-349
-632
-710
-809
-732
-797
-894
-896
-1363
-1476
-1326
-1233
-1017
-962
-920
-1196
-1315
-990
-1331
-1652
-1554
-1554
-1303
-1004
-620
-611
-1107
-1490
-1931
-1567
-154
1593
3774
5844
6611
5494
3445
2193
2639
4274
5369
4500
2346
781
234
-224
-1026
-1652
-1615
-1051
-359
31
-39
-354
-749
-1110
-1000
-146
891
1360
1210
914
692
303
-378
-900
-751
-91
522
769
510
-332
-1439
-2157
-2093
-1415
-654
-333
-523
-699
-572
-507
-601
-237
627
1162
1185
930
227
-834
-1565
-1787
-1815
-1794
-1856
-2053
-2337
-2338
-2161
-1464
-40
1040
1448
1166
939
919
767
914
669
521
1000
1181
776
14
-906
-1700
-1623
-540
535
767
372
-315
-635
-109
576
852
716
872
1010
912
1115
760
103
-361
-715
-564
-343
-5
-134
-1012
-1105
-1038
-1167
-898
-1037
-1084
-955
-825
-588
-859
-948
-967
-1185
-1150
-975
-527
-69
161
-159
-729
-1144
-1801
-1955
-1089
215
1646
3064
4043
4222
3910
3791
4034
4581
5356
5192
3592
1946
1148
943
854
494
-167
-919
-1539
-1937
-2142
-1943
-1361
-1002
-1033
-1027
-840
-603
-333
-3
292
377
104
-499
-962
-707
21
467
403
-23
-681
-1190
-1191
-866
-596
-468
-540
-630
-307
98
30
-245
-192
118
404
503
312
-33
-169
-18
-261
-785
-1301
-1639
-1330
-861
-259
-21
-507
-1128
-1626
-1163
-189
739
1473
1157
227
-821
-1279
-757
-126
409
446
106
-17
-268
-548
-768
-480
143
290
735
833
231
109
-125
-237
65
276
432
-48
-542
-792
-1255
-1213
-1088
-958
-538
-370
-394
-745
-914
-1006
-1489
-1290
-802
-417
-10
-284
-809
-1019
-637
-2
263
337
-62
-623
-510
272
1664
3379
4687
4801
3628
2485
2513
3364
4572
5054
3769
2263
1338
754
644
391
92
-385
-812
-1041
-1406
-1419
-1478
-1691
-1681
-1139
-444
-434
-707
-988
-1296
-1107
-520
-136
248
524
574
227
-444
-846
-1307
-1256
-984
-838
-312
-252
-468
-824
-996
-712
-517
82
622
904
1211
1153
914
343
-57
-4
-30
-117
-512
-887
-1107
-1311
-1114
-726
-169
91
-399
-936
-850
218
1328
1090
-246
-1607
-1953
-1138
-58
589
389
-339
-618
-650
-546
-108
-62
-347
-565
-197
604
819
632
-1
-474
-58
355
458
188
-57
99
188
202
-405
-1373
-1659
-1529
-910
-270
-190
-530
-1422
-1820
-1569
-1125
-530
-408
-358
-402
-523
-457
-607
-585
-415
-274
-113
-6
562
1512
2424
3307
3876
3920
3442
2757
2875
4111
5768
6562
5127
2364
423
78
651
847
607
341
-191
-915
-1689
-2059
-1770
-1415
-1432
-1703
-1649
-1316
-1403
-1726
-1660
-1233
-795
-766
-1212
-1421
-902
-91
323
200
-241
-892
-1446
-1463
-966
-312
76
-97
-460
-430
-237
-314
-387
-160
198
596
982
1059
773
523
448
265
12
-32
191
486
592
348
-102
-435
-495
-314
-167
43
192
38
-286
-927
-1326
-1174
-775
-460
-604
-799
-909
-950
-723
-350
-203
-187
-135
-72
236
518
524
96
-277
-222
-60
119
-161
-646
-1014
-1008
-537
-298
-384
-963
-1722
-1888
-1381
-734
-546
-730
-1010
-1123
-1024
-846
-595
-376
-304
-409
-562
-515
-179
102
94
-7
-54
420
1525
2866
4136
4653
4395
3763
3381
4222
5735
6511
5657
3548
1733
1163
1756
2390
1957
931
-367
-1790
-2377
-2225
-1765
-1366
-1520
-1884
-2239
-2209
-1948
-2122
-2043
-1298
-556
-218
-458
-1229
-1787
-1460
-643
12
372
270
-507
-1274
-1311
-956
-589
-537
-757
-735
-446
-188
-236
-235
-98
136
664
759
371
-49
-203
155
474
573
334
-226
-418
-236
221
815
1072
916
367
141
466
633
530
-70
-636
-690
-467
-216
-557
-1022
-1234
-1161
-776
-553
-533
-725
-849
-688
-285
262
548
206
-325
-406
-306
-206
-258
-383
-560
-822
-797
-855
-1065
-1205
-1275
-1210
-1123
-1051
-1234
-1614
-1628
-1111
-594
-519
-772
-1011
-937
-511
26
302
352
420
319
-59
-236
206
1113
2149
3207
4026
3988
3261
2700
3163
4933
6636
6713
4829
2325
1331
2034
3104
3070
1732
275
-936
-1503
-1387
-1236
-1154
-1376
-1722
-2101
-2217
-1845
-1833
-1937
-1585
-1067
-834
-1244
-1825
-1887
-1276
-257
149
-325
-941
-1528
-1661
-1215
-368
349
68
-673
-1203
-1046
-361
78
139
-64
-37
124
93
-160
-604
-548
113
778
845
309
-142
-359
-69
846
1737
1990
1236
153
-513
-377
586
1039
539
-246
-619
-241
-36
-161
-636
-1294
-993
-262
152
11
-707
-1156
-1324
-896
3
177
-129
-618
-784
-279
112
268
-342
-1159
-1177
-1165
-1227
-1646
-2069
-2023
-2122
-1678
-1258
-1400
-1588
-2017
-1841
-1330
-666
-124
-466
-545
-570
-550
-235
-135
-41
22
523
1058
1336
1920
2863
3950
4499
4421
4087
4158
5210
6506
6578
5030
3106
2286
2803
3436
3170
2190
996
-109
-770
-873
-886
-1155
-1556
-1970
-2247
-2175
-2100
-2503
-2832
-2401
-1765
-1619
-1777
-1864
-1610
-928
-314
-395
-995
-1358
-1237
-885
-429
-172
-467
-1001
-1187
-933
-516
-255
-228
-303
-245
43
258
332
334
164
-19
19
-9
-159
-110
29
138
68
124
63
-139
281
702
1112
1368
1213
922
310
73
212
531
718
108
-689
-970
-755
-433
-249
-253
-494
-832
-733
-462
-158
364
434
134
-406
-679
-579
-624
-386
-472
-810
-1136
-1589
-1611
-1809
-1704
-1468
-1672
-1671
-2078
-2174
-1927
-1688
-1135
-1189
-1277
-1550
-1765
-1174
-603
180
630
390
-149
-540
-44
621
1596
2788
3455
3487
2878
2683
3187
4631
6304
6607
5539
3730
2870
3404
4531
5063
3740
1715
171
-313
-40
-45
-295
-1145
-2063
-2545
-2792
-2484
-2147
-2016
-1848
-1672
-1929
-2499
-2599
-1889
-801
-173
-171
-1143
-2005
-1690
-924
-92
182
-55
-622
-1219
-1120
-609
-112
113
43
-75
-69
-30
2
153
317
323
195
-19
-316
-420
-7
681
624
-41
-399
-506
-43
675
1018
982
486
251
45
-31
597
820
686
213
-352
-529
-677
-271
20
-73
-338
-724
-669
-445
56
424
330
2
-431
-469
-132
300
400
-20
-614
-989
-1092
-1012
-1075
-1323
-1547
-1881
-2069
-2221
-2317
-2243
-2151
-1919
-1864
-1951
-2031
-1847
-1123
-493
-336
-295
-253
-535
-799
-364
479
1113
1716
2426
2723
2429
2104
2506
3791
5500
6442
5683
3771
2451
3148
4828
5552
4370
2251
996
670
960
1248
695
-349
-1145
-1620
-2022
-2045
-1737
-1762
-1878
-1642
-1870
-2433
-2398
-1813
-1071
-649
-579
-1161
-1748
-1276
-379
96
-55
-347
-804
-1124
-806
-384
-130
-163
-233
-491
-795
-553
-269
118
431
209
79
21
-169
-209
88
552
427
-2
-108
-127
105
443
545
328
65
249
386
316
373
332
228
203
53
-323
-421
24
303
6
-425
-715
-740
-255
312
308
-109
-303
-209
-161
108
612
494
-134
-321
-222
-392
-552
-501
-632
-993
-1199
-1378
-1693
-1734
-1564
-1692
-1858
-1746
-1791
-2099
-2174
-1841
-1381
-1073
-948
-898
-866
-753
-461
-90
382
933
1390
1749
2083
2319
2363
2668
3476
4322
4592
4192
3518
2811
3135
4526
5043
3889
2117
1357
1576
1820
1823
1060
-67
-710
-976
-1383
-1880
-1710
-1459
-1782
-2058
-2230
-2469
-2590
-2081
-1222
-919
-1031
-1440
-1737
-1354
-697
-211
-334
-659
-588
-543
-472
-258
-19
167
13
-80
7
-188
-247
-17
180
249
80
53
-34
-265
4
380
366
34
-171
32
213
253
190
-21
-107
130
333
183
-32
-38
11
85
294
262
-116
-201
73
95
-95
-76
-28
-52
125
261
-15
-286
-143
61
84
99
-6
-335
-439
-210
-273
-712
-911
-822
-877
-1007
-1066
-1270
-1484
-1392
-1253
-1343
-1443
-1509
-1719
-1816
-1532
-1197
-1145
-1228
-1194
-1058
-922
-734
-420
-26
365
802
1293
1661
1816
2020
2477
3011
3453
3838
4049
3825
3412
3362
3637
3776
3532
2815
1978
1758
1937
1774
1096
407
87
-314
-663
-838
-1115
-1210
-1360
-1727
-2140
-2380
-2162
-2064
-2000
-1665
-1654
-1844
-1788
-1408
-1101
-1013
-792
-616
-564
-382
-275
-350
-198
150
346
199
53
49
-93
132
528
515
114
-177
41
151
108
143
111
-51
-97
70
280
324
37
-209
-288
46
409
257
-146
-541
-370
-70
-55
-295
-670
-698
-538
-235
-99
-276
-456
-498
-286
-21
168
208
123
128
286
355
157
-29
45
200
130
-128
-426
-690
-747
-634
-664
-854
-906
-897
-1045
-1077
-797
-645
-908
-1179
-1142
-993
-859
-747
-822
-971
-792
-450
-454
-591
-402
-51
273
707
1032
1016
1101
1597
2101
2378
2589
2727
2758
2843
2980
3021
2995
2951
2810
2581
2361
2159
1901
1583
1299
1098
864
527
180
-109
-378
-680
-924
-1093
-1257
-1431
-1595
-1780
-1936
-1984
-1982
-1968
-2038
-2027
-1961
-1950
-1796
-1669
-1500
-1318
-1124
-849
-789
-679
-505
-357
-165
-9
215
263
138
145
321
636
748
494
275
339
666
860
700
597
554
538
651
713
703
516
386
388
197
119
83
-55
-217
-396
-452
-614
-678
-641
-660
-646
-728
-763
-700
-474
-342
-448
-482
-400
-337
-461
-491
-400
-372
-418
-580
-658
-677
-606
-527
-610
-623
-647
-686
-679
-620
-474
-444
-506
-608
-622
-538
-485
-413
-381
-330
-302
-262
-197
-110
113
303
515
816
1088
1266
1444
1778
2092
2345
2662
2928
3002
3017
3118
3125
2975
2855
2772
2499
2143
1952
1704
1353
1006
719
423
76
-107
-386
-709
-901
-1069
-1195
-1479
-1745
-1966
-2129
-2142
-2201
-2186
-2187
-2169
-2034
-1948
-1894
-1895
-1718
-1389
-1187
-1062
-957
-776
-627
-474
-284
-172
-79
-9
98
157
284
516
626
640
640
732
800
818
885
903
909
962
1002
919
777
716
679
605
525
436
239
-18
-207
-354
-506
-705
-863
-985
-1040
-1046
-1114
-1162
-1169
-999
-847
-784
-722
-743
-594
-497
-416
-357
-454
-421
-466
-456
-446
-529
-422
-350
-244
-186
-239
-208
-226
-195
-191
-160
-90
-175
-199
-196
-146
-44
-60
-136
-226
-111
72
149
277
364
424
514
708
1005
1199
1322
1469
1692
1967
2189
2277
2304
2363
2423
2490
2457
2329
2100
1892
1856
1722
1428
1130
871
645
524
383
109
-216
-473
-641
-930
-1118
-1245
-1467
-1604
-1753
-1842
-1959
-2091
-2099
-2092
-2052
-1955
-1771
-1623
-1550
-1404
-1244
-1108
-948
-690
-448
-305
-204
-157
-49
85
217
365
383
401
461
567
708
720
763
811
795
804
805
788
681
613
542
416
362
232
64
-142
-311
-354
-401
-466
-691
-849
-804
-811
-826
-868
-893
-892
-879
-706
-585
-622
-651
-602
-508
-458
-386
-334
-408
-441
-365
-352
-338
-303
-277
-232
-220
-116
-63
-112
-67
10
38
23
27
7
-32
-45
-53
-123
-171
-71
44
112
116
218
334
404
658
949
1160
1226
1331
1542
1709
1922
2091
2170
2150
2219
2369
2273
2164
2118
2012
1876
1754
1642
1324
1021
855
645
391
135
-45
-364
-668
-827
-991
-1192
-1418
-1519
-1701
-1872
-1898
-1929
-1919
-1986
-1991
-1900
-1824
-1708
-1591
-1409
-1254
-1146
-968
-786
-598
-434
-258
-105
-51
86
258
353
415
497
605
658
691
758
838
857
878
972
969
897
835
814
768
635
573
413
160
-22
-160
-282
-501
-724
-881
-959
-955
-960
-1058
-1226
-1336
-1276
-1054
-928
-955
-975
-971
-923
-812
-654
-562
-553
-513
-434
-387
-388
-353
-279
-206
-141
-118
-163
-220
-155
-30
20
25
-23
-89
-90
-24
85
164
180
139
157
244
305
419
508
605
796
935
1097
1259
1393
1589
1786
1952
2049
2145
2229
2243
2260
2257
2222
2108
1946
1830
1681
1508
1318
1097
863
641
465
256
5
-209
-411
-591
-754
-932
-1139
-1331
-1463
-1537
-1594
-1693
-1755
-1777
-1808
-1786
-1753
-1733
-1683
-1567
-1389
-1274
-1198
-1084
-946
-753
-566
-407
-266
-161
2
210
343
399
494
615
703
780
849
873
832
839
855
824
738
646
579
417
297
174
-8
-167
-315
-422
-585
-756
-900
-999
-1041
-1052
-1038
-1122
-1204
-1158
-1043
-889
-745
-672
-665
-579
-417
-307
-251
-187
-111
-88
-53
-13
-29
-16
18
87
103
77
85
12
-40
-21
7
-21
-86
-104
-122
-156
-131
-61
-26
24
63
107
152
220
399
523
625
709
760
866
1012
1219
1371
1494
1635
1736
1870
2035
2109
2100
2121
2122
2088
2009
1857
1683
1421
1201
1043
781
499
245
30
-184
-348
-456
-688
-909
-1052
-1175
-1298
-1455
-1546
-1648
-1747
-1774
-1833
-1869
-1851
-1795
-1698
-1562
-1419
-1322
-1160
-933
-711
-493
-323
-144
20
172
386
553
625
681
788
864
840
861
871
783
736
703
601
472
353
232
80
-65
-174
-306
-486
-629
-724
-817
-930
-1058
-1163
-1196
-1190
-1175
-1150
-1174
-1208
-1198
-1107
-992
-932
-814
-687
-638
-523
-322
-196
-168
-30
177
216
246
335
340
346
369
401
375
261
232
197
146
137
129
124
99
114
123
111
154
190
239
334
354
356
425
487
620
729
829
952
990
1105
1278
1438
1562
1672
1786
1829
1877
1942
1963
1892
1795
1705
1558
1398
1245
1084
849
655
515
271
44
-142
-319
-474
-669
-845
-1034
-1242
-1368
-1460
-1585
-1685
-1696
-1756
-1809
-1786
-1763
-1673
-1564
-1409
-1200
-1075
-942
-740
-563
-379
-199
-42
122
253
379
474
551
572
579
666
674
649
626
556
459
367
328
220
130
50
-120
-244
-375
-472
-529
-629
-743
-865
-954
-1052
-1126
-1123
-1158
-1211
-1185
-1103
-1089
-1051
-906
-803
-688
-552
-422
-292
-228
-106
63
138
211
292
356
415
436
468
491
452
444
500
474
374
389
392
346
373
349
282
236
236
282
239
160
174
193
210
289
304
293
398
502
597
757
860
925
1064
1250
1394
1464
1513
1569
1625
1706
1744
1675
1548
1448
1420
1296
1077
955
721
436
449
397
55
-110
-187
-432
-527
-530
-717
-980
-1048
-1088
-1235
-1316
-1437
-1500
-1567
-1545
-1423
-1497
-1412
-1296
-1192
-1006
-962
-749
-625
-557
-256
-201
-146
-16
-18
124
212
200
206
232
268
257
348
236
114
227
85
59
75
-139
-170
-263
-379
-412
-615
-735
-780
-835
-815
-907
-947
-915
-985
-803
-683
-824
-621
-509
-583
-415
-305
-266
-203
-48
-2
-21
131
172
226
316
413
480
378
452
556
473
493
555
488
469
521
388
285
389
315
247
318
191
177
254
192
200
210
210
206
254
402
413
434
533
584
701
786
849
985
1023
1057
1208
1239
1236
1309
1230
1183
1197
1082
1028
946
837
761
565
478
412
250
165
33
-80
-198
-314
-321
-482
-613
-632
-792
-834
-811
-881
-913
-944
-909
-919
-936
-852
-901
-844
-724
-727
-672
-675
-612
-510
-480
-382
-376
-392
-343
-307
-201
-199
-251
-180
-194
-185
-124
-170
-204
-217
-262
-289
-260
-360
-429
-349
-466
-513
-440
-554
-590
-524
-544
-552
-549
-547
-495
-481
-436
-336
-321
-322
-234
-172
-168
-62
34
80
188
200
223
298
336
441
464
499
520
490
524
530
556
571
480
462
498
406
383
403
311
295
301
254
255
238
247
242
240
304
346
344
384
439
455
512
564
647
699
704
737
781
791
827
847
775
817
803
742
726
708
644
530
545
527
371
331
306
149
135
90
-53
-115
-189
-258
-290
-336
-431
-540
-608
-626
-678
-700
-740
-810
-849
-858
-857
-907
-883
-836
-857
-804
-761
-786
-735
-660
-632
-617
-581
-528
-488
-472
-463
-411
-337
-340
-304
-235
-314
-308
-211
-225
-218
-203
-253
-288
-275
-273
-287
-279
-310
-328
-269
-270
-266
-198
-193
-167
-115
-98
-41
-10
37
125
132
152
208
263
321
341
407
437
420
501
537
526
568
558
516
516
513
488
470
451
441
403
343
329
293
273
290
230
227
241
164
180
195
158
193
199
191
258
313
352
390
402
469
513
542
608
624
634
628
660
650
603
651
589
554
525
416
448
404
316
302
219
126
37
11
-7
-118
-195
-277
-383
-458
-515
-565
-659
-720
-747
-781
-790
-840
-881
-881
-890
-877
-848
-862
-863
-815
-779
-729
-710
-690
-643
-621
-531
-462
-464
-408
-360
-362
-286
-212
-225
-192
-170
-152
-118
-122
-89
-87
-102
-68
-67
-91
-77
-92
-76
-23
-53
-42
-18
-57
-57
-8
46
38
53
118
121
151
233
267
299
349
397
429
460
496
501
533
552
534
520
501
518
503
500
480
415
421
386
364
362
293
250
212
216
191
108
109
76
17
43
43
39
32
25
81
102
140
208
220
269
343
371
407
452
465
501
509
506
515
473
461
444
423
407
360
328
276
256
215
154
130
46
-6
-51
-171
-259
-352
-432
-470
-548
-615
-690
-785
-803
-812
-851
-866
-888
-910
-907
-878
-843
-838
-821
-795
-785
-739
-688
-660
-597
-548
-524
-447
-393
-370
-299
-222
-165
-92
-18
6
43
102
117
147
166
159
169
163
191
185
139
143
111
87
93
79
94
86
85
104
84
99
115
124
153
169
203
215
235
280
287
324
355
377
425
433
460
508
520
540
559
544
522
522
511
492
472
432
381
334
304
260
204
177
143
99
75
36
-1
1
-11
-39
-47
-62
-79
-77
-65
-50
-51
-59
-50
-45
-37
-6
20
17
32
65
76
94
123
116
112
119
120
127
106
88
77
26
3
-11
-87
-127
-147
-204
-221
-251
-297
-340
-385
-381
-417
-450
-434
-460
-486
-481
-474
-484
-487
-476
-467
-458
-453
-423
-409
-410
-362
-318
-301
-262
-229
-208
-162
-119
-76
-27
-17
11
53
63
95
133
126
117
134
137
126
149
156
145
159
148
147
166
148
145
161
156
163
178
189
179
158
165
163
164
191
197
200
214
216
220
210
213
226
238
252
231
220
211
187
214
217
185
161
128
132
158
150
125
104
84
76
59
50
48
36
37
12
0
13
-20
-31
-10
-10
-11
-3
-9
-11
-3
2
8
14
18
6
17
30
-1
1
18
-30
-44
-23
-59
-54
-27
-65
-84
-77
-73
-93
-109
-85
-101
-114
-108
-130
-136
-153
-173
-164
-182
-191
-179
-195
-213
-208
-207
-230
-249
-237
-213
-217
-217
-209
-209
-215
-222
-166
-139
-169
-107
-82
-98
-38
-15
-11
12
36
69
71
84
109
103
104
103
93
83
65
87
95
90
98
70
64
83
89
85
76
76
55
34
49
48
10
7
18
17
17
24
35
30
32
35
55
61
52
93
95
93
114
109
127
127
105
125
134
126
159
162
133
151
166
166
173
156
150
157
137
124
110
76
58
34
20
25
1
-9
9
10
10
-2
-21
-5
15
18
15
-5
-27
-24
-12
-18
-33
-37
-44
-69
-81
-74
-79
-101
-106
-98
-99
-108
-108
-108
-130
-143
-144
-168
-183
-192
-202
-191
-198
-208
-184
-182
-195
-179
-164
-166
-160
-129
-99
-95
-91
-68
-53
-37
-14
10
31
33
28
42
47
38
48
75
82
83
102
120
113
112
130
116
107
115
104
100
92
79
74
61
49
40
19
6
12
3
-3
7
4
3
11
17
23
35
43
54
60
69
86
81
82
96
85
90
99
82
79
74
60
70
75
50
41
49
35
22
25
24
15
14
11
0
-6
-11
-10
-7
-15
-13
-19
-44
-40
-30
-36
-24
-31
-38
-36
-45
-36
-35
-39
-43
-46
-40
-44
-42
-36
-41
-45
-42
-37
-30
-35
-30
-21
-23
-28
-32
-24
-39
-35
-34
-40
-43
-58
-61
-61
-60
-70
-55
-53
-64
-48
-37
-39
-52
-41
-33
-26
-10
-9
-2
-4
7
13
4
8
7
6
13
14
22
23
22
26
24
19
15
13
15
26
17
17
28
14
22
37
42
32
30
35
29
42
44
40
42
30
35
49
46
30
33
32
17
25
23
11
10
5
15
7
-6
3
-3
-1
3
-8
-16
-21
-9
-5
-3
12
15
11
21
28
16
27
25
7
23
9
2
19
11
9
20
19
13
15
17
20
16
19
17
9
15
13
15
16
17
18
2
-2
-6
-15
-23
-38
-40
-51
-61
-61
-67
-68
-74
-76
-68
-73
-63
-61
-61
-62
-72
-63
-61
-60
-51
-52
-49
-56
-53
-44
0
0
0
0
0
0
0
0
0
0
0
0
0
0
0
0
0
0
0
0
0
0
0
0
0
0
0
0
0
0
0
0
0
0
0
0
0
0
0
0
0
0
0
0
0
0
0
0
0
0
0
0
0
0
0
0
0
0
0
0
0
0
0
0
0
0
0
0
0
0
0
0
0
0
0
0
0
0
0
0
0
0
0
0
0
0
0
0
0
0
0
0
0
0
0
0
0
0
0
0
0
0
0
0
0
0
0
0
0
0
0
0
0
0
0
0
0
0
0
0
0
0
0
0
0
0
0
0
0
0
0
0
0
0
0
0
0
0
0
0
0
0
0
0
0
0
0
0
0
0
0
0
0
0
0
0
0
0
0
0
0
0
0
0
0
0
0
0
0
0
0
0
0
0
0
0
0
0
0
0
0
0
0
0
0
0
0
0
0
0
0
0
0
0
0
0
0
0
0
0
0
0
0
0
0
0
0
0
0
0
0
0
0
0
0
0
0
0
0
0
0
0
0
0
0
0
0
0
0
0
0
0
0
0
0
0
0
0
0
0
0
0
0
0
0
0
0
0
0
0
0
0
0
0
0
0
0
0
0
0
0
0
0
0
0
0
0
0
0
0
0
0
0
0
0
0
0
0
0
0
0
0
0
0
0
0
0
0
0
0
0
0
0
0
0
0
0
0
0
0
0
0
0
0
0
0
0
0
0
0
0
0
0
0
0
0
0
0
0
0
0
0
0
0
0
0
0
0
0
0
0
0
0
0
0
0
0
0
0
0
0
0
0
0
0
0
0
0
0
0
0
0
0
0
0
0
0
0
0
0
0
0
0
0
0
0
0
0
0
0
0
0
0
0
0
0
0
0
0
0
0
0
0
0
0
0
0
0
0
0
0
0
0
0
0
0
0
0
0
0
