0
0
0
0
0
0
0
0
0
0
0
0
0
0
0
0
0
0
0
0
0
0
0
0
0
0
0
0
0
0
0
0
0
0
0
0
0
0
0
0
0
0
0
0
0
0
0
0
0
0
0
0
0
0
0
0
0
0
0
0
0
0
0
0
0
0
0
0
0
0
0
0
0
0
0
0
0
0
0
0
0
0
0
0
0
0
0
0
0
0
0
0
0
0
0
0
0
0
0
0
0
0
0
0
0
0
0
0
0
0
0
0
0
0
0
0
0
0
0
0
0
0
0
0
0
0
0
0
0
0
0
0
0
0
0
0
0
0
0
0
0
0
0
0
0
0
0
0
0
0
0
0
0
0
0
0
0
0
0
0
0
0
0
0
0
0
0
0
0
0
0
0
0
0
0
0
0
0
0
0
0
0
0
0
0
0
0
0
0
0
0
0
0
0
0
0
0
0
0
0
0
0
0
0
0
0
0
0
0
0
0
0
0
0
0
0
0
0
0
0
0
0
0
0
0
0
0
0
0
0
0
0
0
0
0
0
0
0
0
0
0
0
0
0
0
0
0
0
0
0
0
0
0
0
0
0
0
0
0
0
0
0
0
0
0
0
0
0
0
0
0
0
0
0
0
0
0
0
0
0
0
0
0
0
0
0
0
0
0
0
0
0
0
0
0
0
0
0
0
0
0
0
0
0
0
0
0
0
0
0
0
0
0
0
0
0
0
0
0
0
0
0
0
0
0
0
0
0
0
0
0
0
0
0
0
0
0
0
0
0
0
0
0
0
0
0
0
0
0
0
0
0
0
0
0
0
0
0
0
0
0
0
0
0
0
0
0
0
0
0
0
0
0
0
0
0
0
0
0
0
0
0
0
0
0
0
0
0
0
0
0
0
0
0
0
0
94
90
80
87
78
81
88
77
91
83
83
80
83
80
74
87
84
81
80
81
70
89
94
85
93
98
98
98
96
72
72
56
39
44
27
30
31
11
8
0
-17
-15
-24
-31
-25
-28
-17
-24
-37
-47
-46
-43
-53
-53
-72
-94
-99
-106
-112
-112
-103
-100
-88
-89
-91
-82
-73
-79
-104
-103
-104
-115
-123
-104
-107
-125
-105
-116
-127
-127
-119
-114
-119
-108
-113
-116
-114
-101
-93
-91
-84
-98
-83
-79
-85
-64
-81
-91
-82
-79
-62
-56
-38
-11
1
-3
10
33
32
55
69
76
102
105
127
161
173
183
191
201
223
223
220
222
231
251
260
283
294
295
316
319
323
311
292
302
293
270
260
256
250
254
243
227
246
228
195
195
159
138
141
117
109
115
111
95
85
74
46
23
7
-10
-52
-75
-118
-185
-206
-255
-289
-325
-400
-426
-425
-435
-476
-484
-505
-545
-537
-560
-567
-560
-570
-560
-555
-572
-564
-548
-554
-527
-495
-483
-462
-443
-417
-381
-358
-345
-318
-271
-250
-261
-238
-215
-213
-182
-153
-138
-124
-102
-89
-78
-65
-34
13
13
49
90
116
166
179
233
279
282
320
350
381
423
478
547
610
672
738
786
820
886
955
1018
1097
1172
1237
1281
1330
1377
1406
1426
1436
1458
1424
1405
1391
1305
1228
1123
1032
934
778
655
525
360
203
29
-155
-308
-480
-673
-846
-995
-1147
-1280
-1363
-1486
-1563
-1609
-1677
-1708
-1752
-1766
-1762
-1748
-1694
-1639
-1588
-1491
-1367
-1272
-1163
-1087
-997
-889
-801
-698
-612
-506
-423
-349
-270
-231
-176
-139
-119
-72
-49
-40
-15
-5
-3
-5
-18
-10
-20
-52
-73
-89
-100
-119
-129
-126
-141
-130
-105
-98
-57
-3
24
79
140
191
261
327
414
503
585
701
803
896
1003
1120
1234
1342
1473
1582
1692
1849
1981
2057
2119
2175
2202
2222
2218
2190
2151
2052
1905
1754
1569
1347
1128
889
609
331
51
-224
-491
-744
-977
-1246
-1495
-1684
-1854
-2000
-2113
-2179
-2238
-2275
-2259
-2215
-2155
-2086
-1994
-1883
-1764
-1601
-1399
-1208
-1009
-796
-581
-368
-187
7
198
374
532
651
775
857
892
924
934
916
878
800
702
620
501
347
220
90
-61
-173
-284
-422
-519
-609
-704
-795
-881
-915
-962
-976
-916
-893
-867
-809
-763
-697
-606
-488
-354
-217
-75
72
213
316
402
488
556
608
647
680
669
652
606
508
451
390
337
281
213
171
84
5
-63
-141
-192
-256
-321
-377
-428
-487
-552
-631
-702
-706
-658
-525
-372
-212
73
349
626
929
1192
1492
1820
2154
2453
2694
2867
2972
3035
3026
2962
2840
2631
2362
2074
1778
1463
1112
716
312
-49
-364
-654
-924
-1186
-1468
-1725
-1917
-2098
-2281
-2432
-2570
-2672
-2736
-2763
-2756
-2729
-2599
-2435
-2282
-2086
-1924
-1727
-1519
-1331
-1077
-851
-593
-331
-73
206
402
599
750
881
1036
1195
1334
1402
1502
1570
1587
1562
1513
1439
1278
1152
1024
857
643
402
230
5
-211
-411
-653
-836
-1035
-1176
-1245
-1339
-1354
-1388
-1369
-1232
-1137
-1005
-893
-761
-571
-435
-261
-128
2
200
319
428
540
571
597
649
661
649
608
497
409
372
324
275
229
166
90
-21
-171
-318
-455
-557
-638
-722
-777
-846
-903
-943
-1026
-1098
-1205
-1274
-1209
-1079
-780
-537
-307
53
256
585
1004
1430
1961
2395
2864
3240
3422
3666
3806
3861
3835
3580
3329
3092
2864
2652
2249
1710
1215
765
388
112
-350
-810
-1234
-1646
-1803
-2044
-2233
-2435
-2648
-2708
-2813
-2869
-2931
-2946
-2836
-2657
-2403
-2152
-1924
-1714
-1515
-1303
-1039
-831
-643
-344
-59
322
594
716
848
885
1081
1223
1366
1456
1426
1580
1656
1676
1510
1295
1109
948
919
709
536
157
-331
-539
-777
-1028
-1395
-1776
-1830
-1707
-1703
-1803
-1870
-1767
-1526
-1379
-1254
-998
-643
-346
-236
-185
-58
82
168
230
325
415
399
279
135
16
-65
-96
-69
-69
-194
-385
-561
-719
-839
-867
-838
-826
-743
-499
-225
-25
86
39
-173
-453
-544
-255
255
851
1547
2437
3611
4576
4794
4529
4174
3946
3736
3069
2136
1514
1268
1161
733
-113
-790
-996
-949
-970
-1224
-1373
-1100
-557
-31
273
294
90
-101
-75
11
-66
-268
-451
-337
125
443
329
-207
-643
-745
-1039
-1372
-1635
-1716
-1507
-1436
-1270
-1176
-1314
-1297
-1263
-955
-569
-503
-424
-315
-87
89
-22
-79
-35
89
210
164
19
-2
167
137
-181
-542
-526
-182
-77
-171
-345
-256
-24
10
-16
-121
86
294
272
328
147
26
176
203
246
346
298
294
259
411
620
580
672
503
295
188
-226
-484
-571
-612
-599
-680
-840
-889
-939
-948
-908
-810
-392
-367
-504
-480
-811
-961
-1163
-1559
-1553
-1544
-1568
-1404
-1333
-1293
-1406
-1491
-1072
-462
86
214
-39
-269
-365
-6
555
1232
2431
4079
5790
7033
7212
6426
5446
4549
3796
2887
1660
800
709
852
650
24
-752
-790
-474
-454
-403
-369
28
338
151
-49
-441
-996
-1444
-1924
-2259
-2336
-2627
-2619
-2103
-1323
-338
-41
-72
-50
-489
-1065
-1536
-1791
-1775
-1590
-1200
-693
-328
-285
-433
-435
-100
227
464
708
718
670
426
-61
-507
-846
-895
-787
-530
-471
-352
79
109
344
423
30
166
86
-115
-84
-494
-484
-414
-806
-581
-548
-536
137
256
567
1142
1003
1211
1365
1070
979
429
152
559
684
956
963
505
350
-76
-408
-413
-655
-413
-144
-280
-194
-535
-1042
-1327
-1781
-1688
-1479
-1503
-1111
-907
-783
-712
-1176
-1361
-1469
-1662
-1384
-1477
-1717
-1724
-1849
-1398
-841
-313
178
-121
-526
-967
-1281
-871
182
2231
5030
7655
9086
8662
6939
5060
3561
2231
695
-716
-1055
-232
712
654
-114
-368
27
332
80
-333
98
1167
1649
1454
806
-35
-731
-1507
-2027
-2141
-2152
-2181
-1979
-1012
286
1236
1454
968
358
-462
-1454
-2114
-2101
-1598
-1078
-545
-321
-364
-549
-860
-540
201
720
947
926
847
705
18
-1349
-2786
-3780
-3835
-3172
-2102
-607
797
1791
1934
1367
797
539
529
100
-696
-1219
-1250
-933
-900
-1350
-1608
-1261
-729
-78
803
1570
2167
2095
1424
928
502
188
44
122
473
571
300
44
183
614
866
655
381
432
311
84
-348
-860
-860
-1261
-1871
-2058
-1891
-1109
-627
-507
-112
309
441
-98
-732
-995
-1373
-1827
-2127
-2402
-2553
-2256
-1691
-927
-221
-69
-288
-838
-1436
-1690
-1403
-312
1687
4575
7378
9062
8981
7124
4945
3616
2744
1326
-380
-1145
-721
248
795
328
-42
546
1005
842
465
352
1091
1830
1512
664
-277
-1119
-1543
-1798
-2005
-2220
-2607
-2646
-1708
-37
1363
1725
1270
503
-492
-1662
-2657
-3050
-2789
-2197
-1489
-758
-262
-209
-451
-630
-540
-233
191
706
1183
1350
886
-367
-2025
-3403
-3932
-3567
-2595
-1228
476
2165
3080
3006
2110
1370
1171
774
-163
-1483
-1914
-1411
-868
-857
-1398
-1335
-761
348
1440
1674
2081
2174
1612
1027
109
-611
-837
-970
-684
-94
199
445
674
874
1440
1474
1078
959
660
695
248
-768
-838
-1067
-1434
-1650
-1885
-1091
-697
-943
-705
-590
-270
-94
-626
-1014
-1410
-2076
-2564
-3174
-3816
-3862
-3393
-2415
-1079
-35
279
-222
-1092
-1686
-1714
-810
1186
3943
7095
9186
8930
7287
5284
3621
2668
1043
-916
-1356
-699
579
1828
1667
1311
1856
2193
2047
1646
1265
1504
1822
1379
446
-320
-857
-1437
-1832
-1953
-2256
-2699
-2776
-2012
-291
1397
1845
1203
319
-709
-2133
-3549
-4243
-3941
-2914
-1707
-593
391
894
654
173
-1
-31
-180
-276
-49
431
629
-92
-1585
-2929
-3458
-3240
-2555
-1482
-144
1257
2293
2674
2630
2685
2481
1481
58
-1482
-2059
-1684
-1557
-1843
-2021
-1401
-810
80
1241
1810
3233
3616
2664
2392
1253
367
-242
-1377
-1359
-1025
-522
317
1057
1957
2402
2028
1497
1302
1278
1294
412
-755
-1255
-2098
-2877
-3373
-3384
-2482
-1811
-1328
-551
158
853
707
-144
-619
-1316
-2033
-2872
-4011
-4549
-4795
-4486
-3413
-2000
-572
134
172
-353
-1224
-1433
-461
1667
4802
8068
10031
9714
7525
4949
3016
1761
153
-1779
-1954
-351
1452
2877
3054
2625
2876
2539
1421
666
276
716
1449
1059
210
-363
-941
-1455
-1836
-2044
-2171
-2457
-2458
-1388
608
1983
1591
391
-417
-1188
-2560
-4063
-4577
-3650
-2020
-614
363
1071
1356
1069
630
447
309
-21
-294
-293
-268
-604
-1387
-2311
-2940
-3004
-2526
-1738
-765
294
1011
1195
1024
802
1152
1951
2162
1153
-621
-1691
-1641
-1437
-1537
-2123
-2241
-1210
-450
497
1792
1782
2009
2550
1733
1283
848
-316
-404
-257
-417
-128
427
1499
2261
2736
3039
1934
1308
1410
582
419
54
-994
-843
-1374
-2517
-2583
-2692
-2395
-1882
-1663
-493
518
681
387
-688
-1296
-1835
-3343
-4314
-4885
-5468
-4998
-3944
-2750
-1443
-796
-633
-357
-310
-835
-1326
-791
906
3502
6756
9370
10031
8952
6732
4287
2770
1335
-810
-2086
-1630
277
2755
3596
2912
3020
3357
2293
708
-34
284
1122
1243
298
-256
-273
-1112
-1958
-1948
-2237
-2929
-3122
-2359
-163
2118
2133
955
370
-447
-2055
-3797
-4847
-4249
-2801
-1722
-263
801
1275
1341
541
1097
1306
124
9
-514
-544
-56
-1340
-2533
-3086
-3167
-2558
-1787
-800
-13
827
1403
1119
492
267
900
1601
1508
660
-135
-796
-1475
-1741
-1995
-1955
-1527
-920
832
2511
3018
3276
2186
810
925
148
-969
-1068
-1288
-393
830
785
1485
2518
2807
2982
2271
1328
825
401
90
-633
-1033
-1236
-1787
-2131
-2779
-2815
-2469
-2586
-1687
-453
287
596
299
-386
-1175
-2011
-3466
-4216
-4251
-4559
-4377
-3819
-2406
-693
10
-136
-682
-1037
-1246
-1208
-129
2318
5335
8193
9708
8798
7155
5186
3052
2086
392
-1602
-1545
-244
1729
3446
3335
2633
3379
3561
1822
617
106
235
913
381
-347
-469
-805
-1472
-1784
-1637
-2382
-3215
-2793
-1423
684
2159
1614
681
480
-885
-3083
-4423
-4846
-3988
-2419
-1018
414
1325
1176
483
395
1218
1208
214
-158
24
541
310
-1742
-3456
-3657
-3189
-2206
-1167
-98
943
1392
1322
493
-243
180
790
1263
1220
399
391
543
-430
-1349
-1683
-1624
-1543
-1016
753
2226
2664
2288
773
260
740
-242
-970
-832
-648
379
1010
898
1173
1699
1798
1611
1221
830
606
205
21
-773
-963
-686
-1875
-2401
-2645
-2631
-2216
-2470
-1267
327
543
316
-475
-980
-893
-1994
-3356
-3764
-4113
-3962
-3419
-2848
-1831
-1291
-1438
-1395
-1350
-1353
-1253
-849
1096
4132
6844
9220
9876
8468
6770
4575
2820
2169
272
-1568
-1234
72
2324
3788
2758
2545
3652
3404
2137
656
-193
554
917
-348
-1196
-1369
-1369
-1113
-1293
-1331
-1788
-2499
-1898
-703
921
1695
531
-71
-272
-1725
-3476
-4934
-4954
-3380
-1977
-584
656
1296
1283
642
637
745
73
-360
-384
-132
511
-224
-2114
-2876
-3278
-3165
-1994
-1339
-477
1066
1872
2143
1938
1420
1642
1648
802
-624
-2114
-2158
-1039
-486
-1047
-1283
-825
-248
1000
1612
1645
2185
1578
677
638
4
-495
-845
-1541
-761
468
914
1605
2046
2221
2098
1027
199
213
351
61
-860
-1469
-1877
-2417
-2603
-3002
-2517
-1243
-947
-483
520
683
-33
-1106
-2102
-2056
-2059
-2978
-3439
-3467
-2947
-2154
-1777
-1635
-1628
-1816
-2380
-2104
-729
1333
4678
8371
10675
10195
7701
4860
2694
1904
305
-2202
-2539
-642
1578
3279
3186
1697
2769
3918
2749
2365
1701
1657
2357
1144
-393
-1049
-1501
-2056
-2038
-1513
-1757
-2130
-1499
-364
1384
2788
1796
148
-642
-1972
-3787
-5164
-5493
-4455
-2855
-1520
-233
1189
1774
1284
944
921
408
14
80
109
568
394
-1272
-3143
-3923
-3618
-3107
-1538
-179
260
1646
2109
2088
2474
1740
1364
848
-717
-2219
-2632
-1475
-868
-807
-482
-684
-352
77
426
1454
2039
1768
1101
682
487
232
-405
-977
-779
-287
426
625
1374
2147
1476
1493
1094
672
908
-176
-1084
-1864
-2520
-2277
-2611
-2611
-1918
-1487
-393
248
-56
192
-390
-1009
-826
-1788
-1874
-1850
-2879
-2684
-2898
-3392
-2942
-1779
-370
252
-76
-1509
-2251
-1589
205
3596
7154
9255
9233
7705
5279
2973
1899
720
-1333
-2173
-953
1005
2760
2705
1163
1122
2324
2561
2064
1732
2087
2952
2436
360
-984
-1216
-1713
-1970
-1576
-1561
-1633
-1344
-440
1129
2461
1964
103
-618
-1601
-3315
-4456
-5530
-4695
-2944
-1908
-399
665
1522
1686
1133
1322
947
439
239
-320
-340
-297
-1427
-3140
-4307
-4399
-3083
-1583
-836
30
1802
3565
4159
3256
836
-614
-951
-1726
-1958
-2066
-1384
-309
185
950
275
-492
-313
-350
1111
2421
2098
1478
706
111
25
-587
-1594
-1228
-116
1112
1853
1674
1373
691
742
756
312
794
244
-681
-1570
-2846
-2430
-2362
-2766
-1771
-748
459
1094
383
19
-491
-1788
-2266
-2406
-2746
-2064
-1331
-1200
-1233
-2167
-3019
-2772
-2420
-1788
-1175
-785
1199
4348
7567
9908
9006
6028
3457
1869
1663
473
-2068
-2130
-195
1757
3320
2571
1005
1453
2181
2017
1579
714
1091
2967
3060
1281
-281
-1600
-2139
-1482
-1348
-1788
-1732
-1279
163
2124
3011
1811
89
-784
-1659
-2502
-4221
-5152
-4034
-2635
-1310
-1037
-617
570
1038
1279
1385
1107
993
1043
470
-161
-776
-2311
-3831
-4604
-4302
-2908
-1467
-582
-70
676
1422
1924
2559
3378
3480
1951
-161
-2360
-3057
-1847
-2226
-2355
-1262
-1049
356
1195
571
1313
2532
2716
1697
564
105
316
193
-958
-1729
-924
699
1389
2088
2002
783
787
97
-547
129
-447
-1008
-1104
-1801
-1848
-2419
-3421
-2956
-1899
-335
538
241
768
700
-125
-715
-2295
-3171
-2760
-2487
-1394
-593
-899
-1525
-2662
-2975
-2391
-1009
1164
3587
6925
9153
9018
7177
3992
1625
1240
1350
155
-1528
-1371
622
2234
1970
536
-134
909
2222
2404
1953
1900
2240
1929
587
-1007
-1914
-1694
-754
147
452
-137
-946
-997
-138
1083
1392
786
318
-340
-1181
-2405
-4281
-4653
-3452
-2335
-994
-237
304
1550
1561
1013
1120
877
778
232
-516
-166
-740
-2445
-3901
-4776
-4117
-3198
-2334
-265
1074
1632
2379
1992
1571
1734
1693
1421
98
-1138
-955
-563
-764
-1288
-1864
-1288
-273
-596
105
1331
1335
1767
1622
1192
1179
363
-496
-1088
-790
370
883
1447
1705
1302
1306
258
-888
-482
-483
-281
-270
-1460
-1690
-1950
-2478
-2625
-2469
-728
336
396
631
-238
-789
-732
-1599
-2207
-1743
-1552
-1621
-1072
-598
-1014
-1939
-2641
-2694
-1658
192
2594
5787
8246
8416
7182
5084
2322
1078
1551
1049
-280
-507
326
1616
1936
149
-1371
-676
543
1196
1369
1095
1579
2254
1163
-736
-1615
-1702
-969
86
220
169
5
-654
-1065
-76
1262
1293
1041
77
-693
-1198
-2912
-3791
-3514
-2389
-1040
-551
45
787
1145
1651
2187
1771
1101
326
-481
-174
-291
-1565
-2933
-4628
-5312
-4114
-2948
-1957
-639
742
2566
3486
2789
2095
1696
852
-549
-1865
-1881
-924
-427
-478
-910
-1349
-1248
-1026
-534
874
1981
1801
1521
1015
387
92
-887
-1879
-1373
331
1427
1986
1807
858
747
184
-626
-345
298
810
936
-54
-2136
-3042
-3283
-3882
-2813
-816
273
743
839
343
-128
-712
-2089
-2444
-1275
-147
451
644
58
-1820
-3276
-3928
-3588
-1232
1956
5506
8356
9309
7758
4768
2020
339
1221
2160
699
-750
103
1709
2044
583
-2144
-2066
343
1183
1294
1262
1324
1380
-5
-1886
-2256
-1351
-856
-126
1381
1470
96
-1291
-1711
-501
1061
1465
912
1082
1157
-379
-2110
-3826
-4512
-3153
-1437
-418
122
573
551
934
1631
1600
1560
1026
534
752
676
-118
-2041
-4021
-5044
-5088
-3969
-2736
-1300
625
1699
1886
1629
1225
1494
1994
1468
187
-830
-1363
-1378
-1275
-1499
-1629
-1230
-548
280
1515
2264
1939
876
-483
-935
-856
-738
-324
-83
383
661
469
560
546
477
535
577
918
979
608
-14
-1222
-2072
-2530
-2930
-2401
-1594
-674
417
311
-354
-730
-1060
-672
-297
-531
-559
-428
-64
-151
-792
-1258
-1877
-1764
-1039
-728
-119
1223
3530
6100
7032
6018
4454
3142
2551
3219
3459
1824
-302
-1071
21
1099
521
-1005
-1292
661
1804
858
-55
-304
24
-285
-1387
-1587
-925
71
766
952
728
-531
-2010
-2395
-1207
828
1604
896
212
-367
-1197
-2132
-3078
-3043
-1824
-518
481
626
217
-71
13
681
1111
1460
1658
1532
1678
1091
-274
-1854
-3422
-4112
-3744
-2660
-1692
-1058
-895
-830
-77
470
1046
1583
1648
1465
733
426
-31
-1098
-2034
-2481
-1637
-948
-871
-352
632
1961
1958
706
132
322
738
741
159
-252
-33
-3
-325
-270
-124
-76
-87
151
701
1078
600
-962
-1829
-1966
-2232
-2085
-2228
-1762
-539
-378
-816
-1321
-1462
-852
-82
258
58
-179
-172
-365
-578
-99
-587
-2036
-2192
-1371
227
2021
3459
5247
6662
6659
4899
2995
2835
4181
5106
3487
671
-1059
-694
376
-222
-1187
-1586
-538
1320
909
-390
-856
-566
-207
-957
-1232
-563
-152
265
584
120
-944
-2003
-2324
-940
1126
2337
1700
-86
-1009
-2020
-2652
-2648
-2582
-948
134
227
383
-659
-1371
-1228
-449
1467
3079
3525
2688
1699
891
-517
-1624
-3040
-3879
-2947
-1812
-439
25
-286
19
-392
-852
-943
-311
1837
2863
2338
1152
-1190
-2740
-3077
-2706
-1126
-238
172
1076
1369
1417
312
-1351
-1042
3
1193
1928
980
305
-215
-1178
-1423
-1517
-846
448
979
1714
1606
274
-880
-2293
-2430
-1601
-1124
-569
-770
-846
-1062
-1817
-2107
-2447
-1939
-592
552
1285
531
-573
-729
-1232
-1105
-262
-469
-387
-163
-285
332
728
1702
3826
5431
6375
5620
3967
4170
5066
5386
4084
838
-750
-179
589
928
-395
-1419
-394
576
688
-457
-1794
-1359
-919
-1000
-720
-852
-597
39
15
-221
-987
-1888
-1898
-1057
791
1994
994
-426
-1312
-2195
-2763
-2933
-2333
-653
623
549
10
-631
-1453
-1830
-1017
960
2630
2835
2225
1531
994
447
-519
-1408
-1866
-1774
-885
-372
-623
-630
-645
-610
-306
-273
234
1427
2099
1872
613
-1324
-2583
-2467
-1187
27
-56
-737
-737
-97
284
39
-462
-269
954
1802
1224
174
-552
-790
-185
-449
-1438
-1147
-372
629
985
233
-569
-1358
-1343
-1341
-1395
-1059
-1520
-1346
-1104
-1313
-1006
-1391
-1571
-1617
-1410
26
493
-138
-466
-578
-67
445
394
409
-457
-827
19
426
1049
1361
2605
5247
6674
6056
4126
3456
4456
5704
5764
3721
1377
376
735
790
-348
-1395
-1231
85
719
-288
-1530
-1857
-1183
-527
-632
-892
-900
-732
-657
-855
-1242
-1822
-2207
-1659
-122
1433
1619
288
-1282
-2411
-2942
-2676
-1911
-902
12
228
-206
-981
-1876
-2162
-1323
439
2019
2403
1983
1339
779
308
-242
-874
-1509
-1366
-439
387
479
-271
-511
-331
-614
-746
-371
1198
2755
2172
95
-1913
-2194
-1005
-222
-133
-392
-510
-300
-412
-790
-918
-600
100
778
1063
913
426
-348
-694
-340
-327
-840
-1233
-850
-61
-32
-662
-1517
-1892
-1490
-1234
-1141
-1067
-1031
-883
-968
-1260
-1379
-1158
-1117
-1125
-667
-269
-255
-820
-1118
-182
987
1326
879
244
-56
-168
-118
713
1796
2722
3829
4641
5150
4563
3177
3211
4445
6098
6633
4474
1557
-43
374
1289
587
-525
-492
508
516
-1594
-3221
-2640
-1037
47
-115
-339
-299
-993
-1812
-2211
-1746
-967
-1111
-953
145
1174
694
-1401
-2552
-2152
-1313
-681
-589
-334
-439
-1154
-1605
-1952
-1848
-1330
-378
1098
1594
1033
61
-644
-96
803
990
158
-861
-663
185
441
-119
-720
-619
55
361
-158
-151
954
1912
1195
-867
-1692
-928
131
565
-127
-515
-405
-525
-636
-896
-668
-188
-187
-242
-233
179
342
-403
-781
-286
74
-575
-1456
-1313
-371
166
-423
-1323
-1745
-1536
-1438
-1946
-1773
-1012
-582
-802
-1235
-1102
-1224
-1517
-1588
-1432
-690
-433
-631
-487
225
1150
1180
803
162
-363
506
2074
3352
4037
4656
5209
4715
3769
3432
3798
4909
6271
5833
3368
1518
1079
1102
1174
1111
814
636
605
-434
-2417
-3476
-2433
-747
-246
-450
-951
-1281
-1529
-1957
-1801
-1387
-1015
-1083
-1075
-289
-116
-805
-1535
-1769
-1104
-573
-1055
-1315
-915
-1020
-1416
-1169
-616
-666
-1079
-959
-234
458
502
-59
-284
357
933
547
-391
-719
52
1177
1534
966
259
-174
-194
-216
-154
367
841
904
-81
-1217
-1262
-629
60
-129
-549
-582
-657
-520
-347
128
352
-230
-670
-628
37
435
196
45
-90
-132
-535
-1211
-1629
-1622
-1051
-786
-1004
-1225
-1369
-1226
-1162
-1437
-1314
-971
-1153
-1385
-1269
-880
-644
-1090
-1434
-970
-543
-691
-765
-338
271
700
774
459
238
549
1159
2210
3999
5581
5775
4751
3505
2979
3808
5514
6426
5437
3242
1472
1060
1392
1186
312
-127
295
508
-464
-1980
-2488
-1610
-705
-929
-1636
-1587
-899
-654
-1076
-1310
-1002
-924
-1411
-1514
-808
-364
-716
-900
-498
-434
-1076
-1554
-1288
-728
-548
-785
-896
-590
-279
-361
-561
-472
-164
130
243
37
-375
-513
-218
75
221
499
761
685
552
643
826
798
515
112
-317
-362
-221
-481
-1051
-1357
-1201
-804
-696
-963
-835
-520
241
688
284
310
-85
-290
-199
-378
69
340
526
424
166
144
-208
-411
-872
-1220
-1249
-1683
-1848
-1772
-1738
-2082
-2499
-2055
-1507
-1407
-1668
-1647
-953
-571
-651
-922
-1116
-989
-964
-770
-227
-109
-240
-50
85
438
1052
1491
2365
3651
4909
5576
5275
4661
3955
4165
5468
6126
5316
3135
1715
2176
2721
2434
1220
216
135
-6
-574
-1634
-1973
-908
-192
-843
-2024
-2428
-1955
-1446
-1182
-886
-620
-956
-1788
-2000
-1203
-606
-836
-1017
-784
-812
-1419
-2021
-1903
-1140
-573
-640
-792
-629
-477
-525
-415
59
461
318
-334
-716
-343
182
177
95
507
792
509
-212
-353
359
1184
1421
293
-823
-984
-266
229
-514
-1171
-1289
-674
-342
-863
-1222
-1118
-377
-37
-30
274
587
672
403
361
531
501
336
393
708
763
283
-441
-802
-772
-765
-903
-1027
-1124
-1573
-2291
-2587
-2062
-1379
-1421
-2003
-2454
-2134
-1680
-1563
-1362
-875
-120
-216
-781
-1031
-657
375
630
329
-43
110
805
1305
2625
4109
4951
4879
3835
3488
4272
6119
7104
5435
3023
1909
2818
3629
2830
1506
604
566
-62
-1489
-2044
-1177
-33
-69
-963
-2054
-2710
-2415
-1615
-1192
-1303
-1368
-1671
-1705
-987
-640
-636
-800
-947
-772
-955
-1286
-1630
-1294
-100
-217
-1342
-1903
-1691
-778
-248
-163
-32
-102
-6
7
-13
717
1426
1030
445
567
655
868
976
698
948
444
-608
-595
-381
349
773
-345
-1100
-1458
-1406
-584
-951
-1266
-605
-780
-986
-1048
-911
101
260
62
381
123
128
287
289
752
452
-77
-65
-399
-369
-345
-761
-764
-1122
-1314
-944
-1216
-1370
-1475
-1805
-1583
-1948
-2451
-1904
-1528
-1128
-1040
-1891
-1802
-1051
-392
345
539
701
641
267
623
1342
1715
2234
3103
3449
3292
3172
3214
3932
5328
6096
5191
3503
2709
3178
4011
4134
3007
1401
522
185
-394
-876
-657
-563
-1094
-1534
-1925
-2489
-2418
-1761
-1442
-1487
-1893
-2301
-2341
-1704
-676
-826
-1128
-762
-971
-1413
-1369
-767
-380
-542
-1048
-1601
-1313
-880
-749
-578
-426
-279
-792
-901
-29
560
953
1088
876
525
357
891
1669
1885
1255
278
-180
173
267
-227
-203
-222
-1002
-1564
-1523
-1197
-714
-474
-765
-1309
-1421
-894
-361
36
300
48
-371
-537
-327
349
1032
1238
800
57
-478
-540
-216
228
327
-224
-997
-1817
-1951
-1347
-919
-771
-1096
-1296
-1405
-1966
-2434
-2393
-1787
-1365
-1469
-1664
-1636
-1187
-501
-96
-209
-133
298
676
1287
2203
3069
3583
3867
3892
3745
4134
4849
5386
5367
4560
3858
3819
4036
3708
2869
2313
2022
1896
1317
17
-714
-464
-256
-966
-1913
-2361
-2501
-2183
-1930
-2182
-2420
-2405
-2443
-2471
-1953
-1507
-1896
-2269
-1941
-1456
-1193
-1259
-1078
-544
-680
-1055
-1067
-679
13
235
-36
-174
-25
-175
-610
-411
332
597
263
-10
-77
301
971
1110
900
914
1045
917
462
186
404
649
406
-543
-1616
-1583
-734
-488
-904
-1353
-1575
-1382
-1193
-1161
-612
102
123
-277
-427
-65
371
458
591
858
927
800
420
33
149
443
346
-93
-519
-564
-398
-591
-969
-1000
-942
-1278
-1715
-1650
-1244
-1127
-1389
-1799
-2009
-1776
-1696
-1821
-1346
-741
-654
-674
-683
-554
-78
528
1213
2021
2961
3553
3299
3125
3725
4683
5695
5810
4640
3658
3789
4409
4424
3633
2876
2370
1919
1411
647
191
113
-348
-993
-1545
-1996
-2026
-1884
-1936
-2311
-2915
-3083
-2714
-2303
-1953
-1775
-1937
-2345
-2469
-1990
-1609
-1479
-1001
-604
-729
-1030
-1088
-698
-136
259
321
84
21
83
61
433
804
705
628
540
433
724
1238
1307
1012
826
755
461
47
231
510
557
212
-919
-1717
-1633
-1248
-1230
-1410
-1480
-1722
-1868
-1836
-1413
-760
-422
-363
-517
-309
144
370
672
974
1141
920
500
448
688
964
809
302
-29
-177
-396
-532
-496
-602
-812
-1121
-1375
-1613
-1759
-1385
-1225
-1558
-1876
-1979
-1678
-1400
-1250
-1111
-1152
-1051
-823
-483
112
530
697
1211
2196
2979
3123
2938
3175
4053
4985
5481
5120
4159
3906
4614
5037
4461
3375
2672
2511
2245
1462
458
-18
-97
-679
-1516
-1860
-2081
-2335
-2192
-1986
-2150
-2712
-3123
-2936
-2465
-2064
-2027
-2288
-2503
-2158
-1645
-1587
-1452
-1342
-1245
-953
-799
-583
-250
207
637
464
47
87
340
618
938
1059
943
614
340
565
1281
1833
1452
561
342
737
831
447
133
200
45
-532
-1174
-1626
-1301
-898
-1296
-1855
-2044
-1779
-1519
-1340
-940
-956
-1203
-1037
-661
-296
-24
216
352
406
413
343
414
684
847
582
164
60
127
3
-31
-104
-550
-863
-917
-885
-1162
-1566
-1493
-1391
-1472
-1574
-1627
-1649
-1501
-1065
-755
-641
-529
-423
-237
211
742
1100
1501
2176
2806
2989
2947
3116
3769
4675
5165
4684
3892
3855
4118
4159
3785
3126
2647
2233
1724
946
349
261
52
-639
-1480
-1852
-1874
-1989
-2111
-2282
-2613
-2814
-2750
-2490
-2012
-1686
-1839
-2189
-2258
-2002
-1819
-1620
-1102
-763
-923
-1064
-975
-825
-545
-173
146
348
307
170
308
788
1241
1209
842
590
521
775
1247
1259
864
598
452
322
159
17
52
111
-116
-756
-1366
-1321
-950
-900
-1168
-1617
-1916
-1740
-1306
-924
-827
-1040
-1175
-899
-449
-38
160
27
59
254
341
333
272
523
733
566
309
20
-22
50
68
-20
-487
-822
-845
-771
-727
-1030
-1373
-1579
-1885
-1913
-1585
-1422
-1290
-1084
-927
-852
-657
1
622
956
1152
1543
2249
2623
2732
3006
3575
4089
4105
3874
3800
4108
4512
4466
3876
3185
2776
2653
2538
2040
1260
632
233
-143
-597
-1051
-1416
-1745
-1932
-1923
-2140
-2572
-2740
-2609
-2315
-2156
-2470
-2827
-2683
-2225
-1852
-1771
-1826
-1722
-1623
-1637
-1398
-853
-435
-378
-391
-159
91
68
97
458
948
1314
1258
798
657
1090
1487
1567
1393
1076
971
1035
873
627
524
458
339
-11
-615
-990
-855
-656
-854
-1300
-1614
-1728
-1687
-1493
-1247
-1084
-1102
-1194
-1150
-866
-475
-215
-151
-140
-106
-95
9
151
327
427
349
231
-14
-11
232
291
83
-260
-279
-244
-457
-667
-742
-695
-808
-1096
-1360
-1473
-1390
-1302
-1312
-1331
-1282
-1024
-566
-213
-11
205
604
1332
1935
2057
2191
2690
3320
3777
3818
3458
3386
3832
4237
4163
3528
3111
3053
2889
2671
2007
1266
1130
1001
508
-151
-734
-942
-1000
-1176
-1565
-2061
-2225
-2304
-2380
-2305
-2374
-2487
-2596
-2621
-2512
-2391
-2126
-1810
-1683
-1701
-1548
-1193
-985
-904
-619
-240
-90
-63
-30
48
409
892
979
744
669
858
1167
1418
1487
1360
1139
1007
922
805
785
789
607
215
-280
-610
-671
-714
-900
-1194
-1483
-1591
-1551
-1487
-1349
-1186
-1156
-1214
-1215
-1086
-862
-609
-319
-120
-118
-117
-64
13
269
535
533
338
211
394
640
522
301
263
216
113
12
-125
-284
-407
-495
-671
-917
-1042
-1019
-918
-845
-1008
-1310
-1355
-1077
-822
-736
-626
-371
-23
354
660
872
1157
1616
2057
2321
2560
2930
3292
3479
3530
3529
3508
3519
3536
3420
3164
2907
2627
2206
1713
1300
926
551
280
39
-352
-822
-1211
-1488
-1696
-1926
-2193
-2424
-2572
-2652
-2758
-2942
-3032
-2908
-2752
-2713
-2665
-2434
-2071
-1776
-1561
-1289
-1021
-827
-627
-403
-132
217
533
696
747
859
1052
1223
1415
1605
1658
1639
1623
1595
1624
1688
1569
1150
720
509
317
100
-48
-328
-748
-1109
-1362
-1480
-1519
-1522
-1465
-1502
-1619
-1612
-1505
-1379
-1223
-1075
-965
-877
-773
-598
-379
-158
5
32
33
165
328
413
457
473
453
388
262
150
97
74
13
-171
-397
-472
-433
-424
-500
-627
-655
-532
-426
-399
-357
-311
-279
-168
54
322
558
784
1039
1290
1549
1804
2050
2334
2574
2678
2735
2820
2919
2967
2826
2580
2332
2152
2025
1783
1471
1065
689
472
274
0
-404
-688
-817
-1054
-1366
-1574
-1636
-1763
-2009
-2205
-2319
-2394
-2358
-2193
-2085
-2092
-1997
-1726
-1533
-1438
-1199
-868
-674
-600
-429
-157
18
157
376
513
586
740
911
1060
1202
1258
1202
1109
973
929
1019
962
747
434
176
92
-48
-247
-499
-732
-796
-882
-1013
-1159
-1362
-1330
-1181
-1239
-1310
-1303
-1214
-1093
-1053
-968
-879
-805
-645
-457
-304
-183
-34
43
134
327
389
419
469
490
503
383
329
342
216
74
-10
-80
-184
-158
-83
-180
-264
-313
-335
-348
-349
-208
-109
-71
-34
-8
117
312
499
689
923
1168
1372
1534
1698
1955
2230
2347
2323
2327
2393
2418
2331
2154
1940
1738
1545
1287
968
720
564
405
203
-91
-420
-626
-774
-948
-1094
-1278
-1481
-1579
-1656
-1813
-1958
-1997
-2001
-2019
-1948
-1797
-1647
-1460
-1243
-1017
-822
-725
-576
-323
-115
56
208
338
472
569
648
708
728
822
902
871
899
878
771
700
626
517
306
134
37
-76
-211
-415
-589
-778
-912
-893
-965
-1098
-1183
-1181
-1160
-1213
-1196
-1134
-1066
-1009
-959
-840
-721
-551
-444
-370
-141
32
109
201
280
401
523
538
496
459
436
422
379
334
269
183
116
-17
-169
-208
-163
-126
-164
-223
-247
-236
-164
-96
-106
-82
-17
32
124
184
333
573
671
752
910
1178
1455
1655
1827
1893
1973
2139
2282
2260
2089
1978
1906
1762
1568
1398
1229
1002
721
441
263
107
-78
-248
-496
-738
-840
-982
-1213
-1408
-1518
-1524
-1587
-1725
-1772
-1776
-1749
-1642
-1571
-1502
-1357
-1189
-998
-799
-623
-456
-323
-217
-69
120
291
401
484
565
620
655
660
635
607
579
532
480
439
394
329
235
92
-76
-180
-242
-352
-494
-600
-674
-782
-898
-964
-997
-1042
-1074
-1073
-1083
-1073
-1040
-951
-841
-749
-607
-522
-424
-267
-92
72
107
174
311
428
496
496
510
521
513
472
394
351
355
344
280
217
166
93
42
19
-5
-30
-27
-4
-33
-26
30
12
11
45
109
228
250
283
395
481
662
895
1091
1249
1284
1354
1509
1620
1717
1748
1668
1542
1445
1397
1326
1221
1090
897
659
430
300
238
123
-32
-187
-369
-533
-648
-753
-858
-965
-1058
-1138
-1251
-1369
-1384
-1340
-1316
-1273
-1246
-1201
-1077
-898
-695
-547
-433
-332
-255
-111
32
106
197
253
276
328
336
306
295
282
265
211
134
71
18
-5
-70
-181
-288
-374
-434
-547
-660
-746
-862
-949
-1021
-1100
-1118
-1104
-1103
-1064
-995
-931
-879
-827
-744
-659
-549
-400
-254
-165
-100
40
159
249
392
495
568
669
773
843
832
837
878
867
807
728
677
664
639
564
455
376
325
276
235
169
88
81
95
45
16
20
-1
-16
-9
-2
34
99
166
252
327
388
474
580
703
819
903
966
1005
1045
1096
1110
1103
1057
937
856
806
743
685
563
444
345
235
135
8
-104
-165
-229
-365
-516
-603
-678
-721
-766
-824
-816
-809
-799
-773
-754
-703
-631
-560
-510
-426
-353
-359
-340
-287
-252
-228
-227
-247
-254
-239
-211
-180
-168
-159
-154
-190
-248
-302
-319
-312
-331
-406
-499
-575
-631
-673
-726
-768
-795
-820
-807
-796
-777
-748
-711
-606
-508
-447
-405
-385
-311
-219
-135
-76
-48
25
94
164
254
310
397
496
561
635
706
760
789
771
738
710
693
674
602
527
499
467
467
448
384
346
309
292
276
276
289
260
236
200
146
118
137
146
126
143
187
215
235
292
348
416
501
540
589
618
629
683
684
654
612
542
500
461
440
418
335
246
194
164
129
88
55
13
-61
-167
-246
-307
-360
-411
-495
-558
-641
-702
-701
-741
-755
-751
-764
-744
-729
-715
-645
-596
-581
-514
-485
-496
-458
-442
-415
-359
-345
-324
-281
-283
-280
-251
-228
-196
-181
-211
-241
-239
-227
-219
-223
-246
-278
-291
-274
-254
-243
-225
-222
-199
-170
-164
-128
-101
-46
8
6
37
90
129
161
207
254
293
340
374
395
410
431
462
486
491
451
425
408
383
405
391
335
294
271
282
261
247
261
244
260
259
194
179
178
180
229
211
162
153
146
147
170
192
172
179
220
228
234
232
225
240
261
262
264
250
232
241
225
174
138
107
68
55
21
-18
-39
-79
-102
-136
-181
-251
-306
-327
-362
-388
-444
-474
-500
-535
-537
-551
-511
-456
-441
-433
-427
-415
-371
-280
-231
-212
-168
-150
-149
-135
-106
-95
-70
-37
-48
-48
-36
-4
33
29
24
-9
-23
5
11
-4
-23
-31
-30
-37
-50
-56
-41
-32
-39
-41
-4
38
38
54
61
47
43
62
93
95
106
119
96
63
77
98
88
119
125
92
116
143
127
125
146
148
139
151
166
166
176
176
155
152
153
160
163
158
154
145
148
141
130
122
107
93
83
72
66
72
66
70
71
58
54
48
59
73
98
115
89
67
59
46
39
47
41
24
12
-4
-33
-79
-105
-116
-152
-159
-168
-212
-220
-201
-186
-178
-182
-208
-226
-208
-184
-172
-172
-159
-146
-151
-157
-150
-132
-110
-102
-102
-84
-63
-63
-56
-35
-10
3
15
39
47
61
67
38
18
9
2
3
-9
-12
-3
3
10
16
18
12
9
14
12
22
23
-9
-16
-16
-28
-25
-25
-14
-5
-18
-25
-43
-52
-33
-17
-3
8
2
1
11
26
47
52
55
60
57
64
71
72
82
88
89
82
68
71
83
92
97
100
96
87
73
63
66
69
75
73
61
41
21
13
4
-2
-1
-1
-9
-15
1
9
20
34
37
48
53
50
55
51
44
39
24
18
10
-2
3
1
2
-6
-29
-36
-35
-33
-27
-27
-47
-69
-76
-81
-72
-69
-82
-80
-79
-62
-51
-63
-56
-57
-69
-72
-78
-82
-82
-71
-69
-63
-54
-63
-70
-66
-48
-41
-29
-3
-2
3
5
7
10
13
23
20
15
6
-3
3
-3
8
15
4
10
-2
-19
5
13
6
4
-10
-11
-9
-15
-11
4
9
14
32
46
57
66
80
86
95
104
107
119
118
122
118
98
91
78
73
78
61
50
47
40
38
24
11
13
-7
-21
-20
-13
-13
-33
-44
-52
-59
-65
-50
-24
-27
-19
-7
-6
0
6
22
38
46
50
57
75
74
76
77
56
42
33
23
20
14
4
-10
-34
-53
-74
-85
-77
-68
-60
-64
-70
-73
-72
-66
-79
-85
-89
-111
-107
-105
-109
-103
-107
-105
-105
-108
-98
-87
-75
-56
-43
-33
-16
-12
-14
-8
2
18
16
19
29
29
34
32
37
52
64
79
78
82
85
92
98
87
80
78
66
44
37
14
0
4
-13
-14
-24
-35
-30
-31
-22
-12
-1
7
12
29
46
55
83
99
90
91
75
63
56
51
55
47
40
33
29
23
21
27
23
24
22
12
9
10
6
2
-14
-28
-29
-40
-46
-45
-42
-30
-26
-25
-23
-34
-41
-33
-26
-16
-13
-19
-14
-13
-11
-3
-14
-15
-14
-22
-15
-9
-6
7
2
-12
-8
-16
-26
-9
-6
-8
-4
-5
-3
-5
-4
9
8
-11
-10
-6
-21
-29
-29
-39
-60
-62
-56
-73
-64
-52
-63
-58
-44
-42
-43
-32
-20
-21
-13
-4
-1
4
5
14
20
21
37
47
46
47
56
62
65
61
53
52
39
39
0
0
0
0
0
0
0
0
0
0
0
0
0
0
0
0
0
0
0
0
0
0
0
0
0
0
0
0
0
0
0
0
0
0
0
0
0
0
0
0
0
0
0
0
0
0
0
0
0
0
0
0
0
0
0
0
0
0
0
0
0
0
0
0
0
0
0
0
0
0
0
0
0
0
0
0
0
0
0
0
0
0
0
0
0
0
0
0
0
0
0
0
0
0
0
0
0
0
0
0
0
0
0
0
0
0
0
0
0
0
0
0
0
0
0
0
0
0
0
0
0
0
0
0
0
0
0
0
0
0
0
0
0
0
0
0
0
0
0
0
0
0
0
0
0
0
0
0
0
0
0
0
0
0
0
0
0
0
0
0
0
0
0
0
0
0
0
0
0
0
0
0
0
0
0
0
0
0
0
0
0
0
0
0
0
0
0
0
0
0
0
0
0
0
0
0
0
0
0
0
0
0
0
0
0
0
0
0
0
0
0
0
0
0
0
0
0
0
0
0
0
0
0
0
0
0
0
0
0
0
0
0
0
0
0
0
0
0
0
0
0
0
0
0
0
0
0
0
0
0
0
0
0
0
0
0
0
0
0
0
0
0
0
0
0
0
0
0
0
0
0
0
0
0
0
0
0
0
0
0
0
0
0
0
0
0
0
0
0
0
0
0
0
0
0
0
0
0
0
0
0
0
0
0
0
0
0
0
0
0
0
0
0
0
0
0
0
0
0
0
0
0
0
0
0
0
0
0
0
0
0
0
0
0
0
0
0
0
0
0
0
0
0
0
0
0
0
0
0
0
0
0
0
0
0
0
0
0
0
0
0
0
0
0
0
0
0
0
0
0
0
0
0
0
0
0
0
0
0
0
0
0
0
0
0
0
0
0
0
0
0
0
0
0
0
0
0
0
0
0
