0
0
0
0
0
0
0
0
0
0
0
0
0
0
0
0
0
0
0
0
0
0
0
0
0
0
0
0
0
0
0
0
0
0
0
0
0
0
0
0
0
0
0
0
0
0
0
0
0
0
0
0
0
0
0
0
0
0
0
0
0
0
0
0
0
0
0
0
0
0
0
0
0
0
0
0
0
0
0
0
0
0
0
0
0
0
0
0
0
0
0
0
0
0
0
0
0
0
0
0
0
0
0
0
0
0
0
0
0
0
0
0
0
0
0
0
0
0
0
0
0
0
0
0
0
0
0
0
0
0
0
0
0
0
0
0
0
0
0
0
0
0
0
0
0
0
0
0
0
0
0
0
0
0
0
0
0
0
0
0
0
0
0
0
0
0
0
0
0
0
0
0
0
0
0
0
0
0
0
0
0
0
0
0
0
0
0
0
0
0
0
0
0
0
0
0
0
0
0
0
0
0
0
0
0
0
0
0
0
0
0
0
0
0
0
0
0
0
0
0
0
0
0
0
0
0
0
0
0
0
0
0
0
0
0
0
0
0
0
0
0
0
0
0
0
0
0
0
0
0
0
0
0
0
0
0
0
0
0
0
0
0
0
0
0
0
0
0
0
0
0
0
0
0
0
0
0
0
0
0
0
0
0
0
0
0
0
0
0
0
0
0
0
0
0
0
0
0
0
0
0
0
0
0
0
0
0
0
0
0
0
0
0
0
0
0
0
0
0
0
0
0
0
0
0
0
0
0
0
0
0
0
0
0
0
0
0
0
0
0
0
0
0
0
0
0
0
0
0
0
0
0
0
0
0
0
0
0
0
0
0
0
0
0
0
0
0
0
0
0
0
0
0
0
0
0
0
0
0
0
0
0
0
0
0
0
0
0
0
0
0
0
0
0
0
0
109
124
121
157
175
182
208
216
239
254
256
284
286
274
273
251
218
214
224
206
191
176
147
140
120
93
91
65
31
11
-8
-25
-56
-81
-90
-106
-123
-129
-132
-147
-164
-174
-196
-206
-193
-192
-206
-214
-206
-210
-229
-223
-225
-253
-261
-273
-293
-299
-318
-331
-352
-398
-410
-416
-430
-411
-410
-421
-413
-432
-434
-399
-391
-379
-350
-330
-318
-294
-245
-216
-207
-159
-106
-76
-11
79
161
256
350
445
569
683
783
893
994
1073
1145
1198
1263
1326
1349
1367
1374
1343
1296
1263
1204
1138
1029
884
795
662
529
394
248
118
-18
-113
-244
-354
-454
-575
-681
-818
-891
-941
-992
-1029
-1066
-1082
-1091
-1062
-1055
-1048
-984
-959
-936
-839
-787
-786
-739
-713
-706
-680
-665
-650
-634
-631
-616
-603
-602
-574
-536
-515
-498
-486
-485
-471
-453
-452
-435
-411
-411
-397
-358
-333
-313
-284
-254
-202
-134
-67
14
106
211
371
558
718
897
1114
1308
1479
1671
1852
2003
2153
2284
2349
2366
2369
2361
2315
2210
2065
1919
1770
1572
1341
1106
846
591
360
118
-95
-273
-490
-703
-867
-1022
-1184
-1326
-1439
-1544
-1642
-1693
-1711
-1732
-1714
-1674
-1628
-1549
-1452
-1349
-1232
-1087
-947
-825
-680
-520
-359
-243
-130
32
137
203
295
364
430
474
492
533
541
535
535
493
469
424
334
288
216
137
66
-58
-144
-229
-355
-453
-551
-646
-713
-792
-875
-934
-990
-1042
-1059
-1070
-1085
-1060
-1007
-968
-921
-843
-764
-683
-567
-457
-366
-259
-171
-82
44
142
224
340
443
527
627
688
765
876
960
1068
1207
1325
1444
1599
1714
1852
1963
2038
2131
2196
2217
2211
2157
2044
1917
1737
1538
1344
1135
884
606
374
112
-167
-379
-602
-813
-1004
-1170
-1297
-1444
-1539
-1620
-1704
-1737
-1779
-1755
-1700
-1693
-1576
-1462
-1426
-1267
-1094
-956
-763
-594
-399
-190
-26
165
328
463
614
724
833
892
916
981
967
953
942
845
779
702
567
446
361
221
64
-30
-146
-290
-416
-530
-672
-798
-926
-1052
-1144
-1280
-1328
-1376
-1508
-1531
-1571
-1612
-1579
-1564
-1508
-1468
-1411
-1285
-1220
-1130
-990
-861
-711
-561
-458
-396
-249
-102
-35
126
248
306
455
536
585
716
829
934
1097
1301
1505
1745
1956
2130
2371
2576
2770
3002
3146
3245
3262
3235
3157
2926
2755
2504
2149
1874
1486
1136
777
358
95
-285
-610
-785
-1080
-1258
-1439
-1662
-1760
-1936
-2103
-2197
-2271
-2281
-2297
-2282
-2217
-2164
-2108
-1981
-1842
-1719
-1515
-1272
-1069
-892
-698
-528
-424
-274
-100
-26
70
228
261
319
432
397
451
541
545
678
783
833
914
963
996
1033
1064
1050
1123
1129
989
929
711
495
399
137
-68
-249
-488
-612
-760
-911
-1034
-1166
-1177
-1137
-1152
-1079
-944
-922
-831
-681
-660
-571
-469
-394
-263
-187
-140
-125
-77
-60
-78
-25
2
57
74
34
3
-84
-155
-196
-242
-295
-346
-395
-432
-454
-486
-526
-556
-540
-487
-372
-163
68
309
565
802
1060
1358
1624
1862
2142
2365
2397
2459
2611
2524
2372
2374
2273
1971
1758
1686
1420
1077
916
637
327
261
-8
-140
-223
-598
-670
-840
-1079
-1306
-1460
-1654
-1948
-1728
-2146
-2160
-1986
-2588
-1933
-2401
-2389
-1326
-2716
-1458
-865
-2649
-400
-879
-1890
461
-873
-682
680
-509
641
672
225
1487
833
1111
1935
1418
1809
2155
1993
2112
2175
1975
2028
1854
1543
1857
987
1021
1221
-432
693
75
-1504
281
-1145
-1697
-526
-1853
-1651
-1487
-1851
-1662
-1842
-1586
-1867
-1735
-1496
-1991
-1422
-1498
-1826
-1083
-1377
-1311
-847
-1212
-702
-848
-818
-72
-905
-154
105
-854
569
-88
-601
808
-298
-193
554
-338
207
460
344
921
885
1413
1755
1672
2331
2588
2779
3183
3371
3495
3301
3431
3435
2928
2874
2644
2037
1882
1737
1116
867
532
-243
-242
-342
-756
-751
-868
-1159
-1342
-1383
-1620
-1744
-1885
-2086
-1849
-1929
-2074
-1882
-2030
-2167
-1979
-1900
-1808
-1533
-1362
-1274
-1082
-965
-868
-731
-643
-361
-358
-110
275
-71
316
400
137
648
335
637
1019
634
1272
1156
943
1434
1151
1316
1417
1276
1517
1234
1195
1185
757
604
327
189
14
-335
-251
-711
-1038
-916
-1337
-1283
-1278
-1396
-1221
-1301
-1106
-1145
-1151
-1027
-1152
-968
-1017
-889
-818
-1014
-744
-944
-910
-737
-1070
-721
-754
-807
-385
-668
-509
-416
-705
-372
-405
-404
-127
-164
-90
-161
-174
-194
-291
100
200
353
902
961
1257
1604
1733
2235
2539
2948
3372
3481
3706
3742
3719
3596
3390
3321
2950
2709
2625
2139
1866
1489
834
562
170
-55
-178
-507
-596
-927
-1186
-1315
-1746
-1992
-2062
-2290
-2394
-2344
-2499
-2606
-2681
-2778
-2841
-2828
-2641
-2458
-2302
-2131
-1879
-1847
-1589
-1435
-1533
-913
-854
-792
-77
-188
-126
281
97
211
545
601
859
1074
1311
1450
1433
1627
1557
1666
1764
1756
2047
1900
1880
1872
1341
1157
917
480
466
262
31
-93
-501
-712
-927
-1060
-1154
-1281
-1142
-1209
-1158
-962
-1048
-1141
-997
-998
-1014
-793
-866
-811
-769
-815
-777
-870
-829
-896
-776
-675
-784
-631
-618
-725
-676
-670
-741
-694
-590
-557
-619
-524
-540
-779
-602
-561
-482
-30
271
671
929
1183
1505
1735
2376
2870
3239
3649
3707
3903
3933
3799
3866
3592
3266
3123
2826
2530
2300
1778
1250
976
476
220
61
-395
-497
-803
-1128
-1193
-1618
-1882
-2160
-2433
-2421
-2668
-2723
-2739
-3018
-2916
-2906
-3006
-2730
-2655
-2446
-2025
-1950
-1567
-1312
-1300
-894
-824
-585
-251
-189
313
254
379
856
525
857
1009
765
1219
1202
1256
1582
1569
1610
1695
1642
1621
1734
1635
1643
1734
1466
1191
937
499
256
123
-201
-295
-585
-1004
-1019
-1300
-1618
-1561
-1575
-1712
-1631
-1312
-1296
-1450
-1158
-1168
-1408
-951
-838
-999
-656
-648
-749
-532
-603
-741
-605
-678
-678
-457
-370
-358
-444
-465
-631
-777
-568
-437
-512
-275
-145
-528
-319
-330
-631
-255
-211
-26
373
714
1179
1345
1766
1975
2123
2838
3041
3317
3976
3962
3966
4085
3794
3640
3380
3015
2910
2496
2179
1997
1324
909
460
-175
-296
-646
-922
-910
-1328
-1603
-1836
-2256
-2465
-2662
-2743
-2712
-2800
-2802
-2776
-2880
-2886
-2729
-2557
-2405
-2205
-1873
-1590
-1422
-1130
-867
-769
-500
-231
-161
82
325
420
638
741
719
843
868
862
1063
1164
1195
1311
1321
1270
1382
1470
1354
1346
1323
1194
1126
1122
937
611
504
227
19
-120
-395
-494
-691
-791
-840
-925
-1081
-1227
-1153
-1079
-853
-699
-629
-611
-664
-515
-426
-481
-432
-423
-602
-520
-498
-630
-686
-914
-924
-916
-915
-741
-756
-773
-754
-819
-880
-923
-902
-857
-856
-679
-612
-720
-664
-809
-971
-949
-848
-582
-246
278
689
977
1377
1571
1861
2355
2872
3429
3759
4013
4107
4083
4207
4050
3855
3647
3218
3105
2964
2647
2378
1816
1226
805
491
170
-224
-439
-791
-1142
-1267
-1565
-1928
-2256
-2474
-2649
-2805
-2806
-2926
-3068
-3070
-3115
-2991
-2751
-2651
-2368
-2199
-2118
-1755
-1553
-1223
-877
-729
-372
-164
-102
169
444
486
668
915
902
1044
1144
1087
1197
1214
1147
1238
1316
1246
1314
1281
1001
975
886
856
994
843
717
456
102
23
-94
-259
-362
-670
-967
-928
-969
-1018
-984
-1184
-1232
-1143
-1015
-659
-513
-531
-417
-406
-408
-217
-206
-312
-257
-308
-327
-434
-601
-707
-875
-713
-561
-444
-254
-398
-509
-450
-562
-701
-666
-630
-639
-545
-303
-409
-631
-678
-969
-992
-891
-702
-191
259
704
1148
1453
1540
1888
2358
2797
3265
3622
3941
3785
3891
4089
3731
3476
3090
2694
2528
2354
2163
1870
1274
704
455
93
-165
-245
-684
-1054
-1181
-1463
-1529
-1798
-2203
-2273
-2609
-2623
-2644
-2856
-2745
-2896
-2743
-2446
-2329
-2118
-2104
-1967
-1669
-1294
-1024
-948
-770
-733
-540
-138
-92
118
392
257
447
761
793
937
879
783
832
763
965
1190
1331
1524
1506
1404
1291
1118
1028
1138
1007
760
529
-60
-392
-610
-827
-800
-1045
-1222
-1311
-1288
-970
-927
-909
-978
-1019
-544
-246
-52
161
155
104
-69
-54
-247
-628
-615
-762
-797
-660
-786
-910
-1026
-1031
-867
-740
-692
-717
-723
-675
-841
-1174
-1287
-1355
-1277
-727
-235
-28
148
59
-146
-8
384
1240
2721
4182
5381
6092
5949
5444
4964
4380
3901
3466
2653
2168
1817
992
307
-612
-1588
-2454
-3196
-3192
-2987
-2608
-1960
-1508
-1287
-1275
-1325
-1026
-440
99
832
1231
1157
1302
1157
828
725
358
11
-65
-233
-481
-809
-1191
-1372
-1407
-1263
-1139
-1255
-1119
-997
-797
-356
-164
-57
-59
101
269
426
572
117
-258
-509
-616
-415
-383
-277
-445
-911
-1223
-1539
-1682
-1248
-385
464
1310
1621
1509
1610
1275
859
519
85
-53
-251
-237
-335
-738
-931
-1110
-919
-625
-262
355
846
1387
1601
1712
1585
1091
941
682
372
-42
-760
-1428
-2053
-2584
-2635
-2458
-2520
-2199
-1928
-1738
-1332
-1256
-1050
-860
-621
-421
-523
-496
-815
-1116
-1215
-1306
-1101
-939
-370
332
631
636
19
-666
-1019
-449
1413
3727
5933
7244
7462
6941
5868
4877
4043
3103
2297
1895
1703
1144
355
-371
-1274
-1945
-2389
-2784
-2427
-1609
-717
386
739
232
-283
-893
-1193
-882
-628
-649
-805
-860
-897
-1042
-1120
-1282
-1313
-1102
-1008
-881
-634
-467
-215
165
296
348
351
85
167
340
318
495
484
427
456
254
-81
-381
-804
-1526
-1865
-1829
-2073
-1984
-1348
-1184
-1019
-911
-1782
-1990
-1621
-1366
-10
1399
2062
2812
3126
2843
2342
1137
110
-483
-975
-954
-1135
-1208
-1079
-1101
-870
-446
62
778
1933
2805
3332
3426
2714
2039
1241
514
151
-552
-1177
-1547
-2161
-2507
-2465
-2501
-2387
-2101
-1758
-1418
-1174
-942
-799
-568
-328
-479
-836
-1282
-1752
-1885
-1810
-1692
-1761
-2032
-1742
-1021
-217
516
547
-105
-1034
-1566
-1170
303
2795
5472
7655
8848
8454
7113
5973
4927
3883
3009
1773
689
359
-206
-913
-1288
-2146
-3011
-3131
-2851
-1748
-100
972
1547
1738
1404
772
193
-94
-320
-589
-1091
-1767
-1812
-1728
-2046
-1971
-1872
-1673
-818
-500
-320
184
27
-40
146
218
490
488
230
254
339
122
49
126
-19
-74
-268
-618
-614
-708
-1354
-1879
-1876
-2046
-2219
-1775
-1375
-1091
-1094
-1619
-1340
-523
69
904
1478
1524
1310
1111
1125
1077
799
94
-356
-65
-249
-588
-244
-266
-158
290
234
905
1917
2206
2476
2474
1988
1440
1119
1005
758
330
-517
-1203
-1166
-1357
-1548
-1167
-1088
-1164
-980
-1215
-1341
-1128
-1477
-1456
-778
-657
-792
-881
-1279
-1589
-1548
-1668
-2092
-2263
-2380
-2614
-1958
-875
-343
153
-168
-1613
-2419
-2471
-1882
465
3610
6284
8479
9197
8311
7070
5828
4251
2688
1267
-152
-472
-423
-1015
-1233
-1646
-2098
-1900
-1601
-772
390
1682
2781
2907
2753
2210
1188
546
-186
-1230
-1925
-2645
-3266
-2762
-2069
-1811
-1262
-785
-45
893
743
198
109
101
346
634
552
366
-7
-547
-980
-1185
-1234
-1446
-1133
-399
-92
203
225
51
-332
-1326
-2098
-2676
-2781
-2367
-1999
-1009
-290
-468
-728
-1042
-914
-458
-115
496
1067
1335
1632
1504
997
674
-271
-1148
-1160
-1470
-1210
-374
-298
164
733
830
1616
2165
2250
2725
2719
2318
1884
1337
934
237
-435
-782
-1056
-877
-985
-1185
-468
-127
-199
120
-18
-304
-604
-1366
-1546
-1213
-1307
-1624
-1741
-1814
-2035
-1888
-1784
-2170
-2515
-2863
-3093
-2375
-1231
-736
-253
-642
-1997
-2698
-3134
-2419
-226
2521
5665
8273
10103
10440
8870
6919
4818
2670
1180
-435
-1560
-1388
-1427
-1579
-1209
-973
-720
-406
-47
829
1950
2840
3334
3276
2652
1514
112
-1191
-2215
-2871
-3327
-3711
-3551
-2710
-1747
-946
-81
839
1477
1502
852
253
-75
-285
-429
-735
-852
-1232
-1725
-1656
-1495
-1107
-806
-551
150
775
1134
931
683
383
-913
-1938
-2625
-3180
-2671
-2346
-1582
-152
32
-239
-403
-634
-592
-80
780
1451
1812
1555
973
196
-758
-1309
-1717
-1788
-1462
-1084
-280
433
567
1020
1440
1413
2079
2809
2875
3160
3057
2196
1640
925
-174
-532
-655
-988
-613
-169
-355
-286
6
-16
-132
-448
-1043
-1234
-1367
-2215
-2738
-2343
-2265
-2253
-1470
-1126
-921
-703
-1257
-1669
-2389
-3310
-3312
-2428
-1452
-992
-695
-1189
-2362
-3073
-3116
-2456
-308
3109
6636
9905
11612
11329
9455
6672
4109
1725
87
-1246
-2302
-1820
-1148
-877
-68
507
244
524
1134
1478
3115
3953
3270
2872
1361
-383
-1581
-2766
-3668
-4216
-4040
-4063
-3464
-1857
-1166
-415
721
1108
1977
2397
1264
476
-147
-966
-1333
-1630
-2073
-2112
-1730
-1613
-969
-57
97
452
1070
1159
1308
1634
1202
278
-890
-2393
-3524
-3678
-3437
-2717
-903
55
122
133
-670
-831
-260
127
981
1752
1716
1574
1331
408
-674
-1775
-2563
-2735
-2350
-937
203
1154
2256
2079
2518
3542
3365
3299
3098
1951
1125
783
-168
-839
-936
-1418
-1220
-146
539
979
1322
689
-24
-52
-847
-1651
-1867
-2885
-3521
-3287
-3497
-3107
-1784
-1418
-1269
-591
-918
-1170
-1122
-2010
-2763
-2988
-2736
-2023
-1096
-417
-1207
-2568
-3140
-3131
-987
3073
6788
10218
11967
11415
9990
7773
4865
1836
-642
-3096
-4011
-2402
-1440
-544
955
1235
1262
1685
2056
2293
3199
3805
3126
2864
2178
626
-1175
-3434
-5113
-5556
-5052
-4311
-2782
-742
398
1145
2210
2706
2230
1453
-35
-1247
-1553
-2022
-2069
-1851
-1862
-1945
-1879
-1543
-1338
-473
382
663
1925
2622
1936
1593
887
-631
-1861
-2984
-4166
-4437
-3923
-3005
-1212
423
738
606
251
-468
-239
580
1026
1739
2098
1587
911
-61
-1316
-2598
-3219
-2579
-1785
-538
1418
2227
2564
2905
2377
2465
2720
2102
2098
1836
744
412
31
-774
-920
-735
-435
275
919
1013
623
-159
-820
-1239
-1427
-1529
-2310
-2777
-2978
-3375
-2466
-1590
-1556
-1388
-1641
-1543
-990
-1013
-1332
-1734
-2105
-2122
-1647
-1225
-1301
-1960
-3132
-3764
-2826
-45
3986
8073
10891
11586
10582
8490
6145
4150
1670
-1197
-3201
-3526
-2155
-703
74
964
1194
1087
1651
1904
2814
3867
3407
3327
3063
1916
659
-1592
-3649
-4691
-5264
-5031
-4156
-2518
-835
121
1446
2477
2475
2016
535
-998
-1741
-2351
-2417
-1961
-1516
-1255
-1032
-867
-833
-636
-590
-67
1206
2075
2317
1984
1428
375
-1076
-2222
-3384
-3842
-3884
-3521
-1751
-151
701
1134
681
114
208
743
1160
1745
2257
1609
747
285
-1292
-2901
-3310
-4130
-3163
-535
493
2517
3903
2789
3134
3260
2285
2065
1045
-10
-67
-316
-459
-629
-1155
-1072
-487
673
1992
1780
1241
692
-657
-954
-1061
-1978
-2457
-3321
-4071
-3520
-2851
-2149
-1264
-826
-422
71
357
85
-758
-1826
-3098
-3642
-3205
-2646
-1632
-928
-1747
-2646
-3242
-2940
51
3919
7865
11363
12218
11413
9056
5945
3679
473
-2433
-3970
-4889
-3002
-606
171
2079
3006
2432
2983
2780
2836
3853
3336
2728
2420
1519
29
-1986
-3454
-4443
-4764
-4328
-3721
-2519
-821
311
1313
2554
2431
1620
541
-1406
-2305
-2589
-3176
-2691
-2176
-2060
-1036
-202
-3
364
410
169
401
1082
1303
928
501
-463
-1508
-1901
-2725
-3690
-3717
-3168
-1653
560
1840
2065
1410
49
-407
571
1539
1861
1777
1033
260
-27
-1092
-2493
-3238
-4055
-3389
-788
1162
2797
3839
3178
3068
3284
2536
1889
804
-513
-1079
-1223
-906
-950
-1008
-362
8
1287
2762
2304
1757
760
-1133
-1637
-1975
-2608
-2680
-3297
-3286
-2344
-1904
-1379
-1010
-1104
-1052
-760
-45
227
-510
-1621
-3092
-4030
-3851
-3233
-2011
-1370
-2118
-2868
-3199
-2552
112
4297
8284
11132
11830
10237
7867
5069
2507
-51
-2488
-3926
-4602
-2847
-436
553
2340
3114
2587
3335
3497
3631
4484
3531
2465
1905
575
-646
-2471
-3947
-4115
-4309
-3577
-2465
-1769
-123
962
1866
3302
2807
1490
-185
-2287
-3177
-3570
-3460
-2791
-2431
-2158
-1357
-494
74
718
848
813
1039
1042
927
553
-351
-1353
-2188
-2850
-3254
-3456
-3164
-2532
-1107
745
1742
2242
1827
1191
1536
2477
2928
2029
701
-1383
-2845
-2445
-3224
-3982
-3669
-3852
-1566
1871
3236
4732
4898
3426
3328
2793
1711
812
-921
-1798
-2107
-2104
-1364
-1396
-870
350
1324
3277
4089
2616
1374
-149
-1647
-1514
-2040
-3115
-3400
-3943
-3507
-2063
-1186
-438
-87
-179
-247
-450
-236
-453
-1311
-1928
-3193
-4024
-3635
-2931
-1635
-934
-1815
-2863
-3252
-2450
461
4710
9164
11840
11666
9889
6285
3121
1147
-1873
-3467
-4087
-4270
-1340
1318
2417
3740
3457
2786
3093
3056
3783
4546
3676
2714
1585
337
-785
-2842
-4248
-4525
-4195
-2898
-1754
-695
591
1000
1368
2034
1719
1118
-442
-2524
-3254
-3823
-3625
-2764
-2405
-1571
-938
-556
381
702
562
977
913
461
449
-70
-1089
-1485
-1891
-2818
-3127
-3339
-3498
-2167
-131
1302
2416
2850
2045
1808
2118
2055
2005
802
-1289
-2732
-2572
-2104
-2776
-2933
-3319
-3182
-10
2447
3484
5175
4362
2756
3172
2575
1574
744
-1094
-1964
-1887
-1522
-1037
-722
142
511
1210
2846
2754
1777
1118
-689
-1894
-1854
-2696
-2711
-2621
-3444
-2313
-1363
-1105
-246
-464
-429
-504
-667
-263
-1249
-1902
-2471
-3557
-3153
-3106
-2700
-948
-587
-1230
-1807
-2382
-1452
1861
6024
9523
11029
9912
7109
3670
1928
804
-1480
-2512
-3303
-2998
-18
1346
1990
3324
2465
2088
2944
2926
4004
4472
3221
2591
1356
-128
-1393
-3279
-3911
-3731
-3040
-1620
-1458
-837
221
-10
978
1647
885
827
-788
-2402
-2097
-2719
-2961
-2723
-2980
-2209
-1127
-318
392
537
232
220
686
937
87
-798
-845
-1721
-2321
-2284
-2971
-2669
-2068
-1535
420
1554
1627
2001
1752
2020
2875
2856
2230
623
-1324
-2575
-2809
-2123
-2547
-3265
-2666
-2233
-517
2237
2969
3521
3810
2691
2724
2849
1501
205
-877
-1829
-1654
-1188
-1017
-585
-264
781
1594
1650
1786
484
-470
-559
-1309
-810
-739
-1960
-1945
-2248
-2542
-1416
-1256
-1453
-1156
-1498
-1666
-1890
-1441
-400
-725
-870
-1151
-1717
-1397
-1818
-2356
-2003
-1907
-1721
363
3875
7814
10131
9511
7900
4989
2547
1123
-692
-1335
-2131
-2209
-352
383
585
1390
565
-138
1050
1969
4044
5837
4746
3837
2767
1204
-537
-2725
-3352
-3790
-3482
-2293
-2159
-1071
-110
-210
842
1730
1203
926
122
-1455
-2136
-2622
-2694
-2499
-2378
-1658
-1187
-541
-24
-200
335
556
529
1337
759
-331
-655
-1806
-2413
-2632
-3494
-3344
-2919
-2389
-660
1218
2727
3267
2999
2948
2717
2640
1853
-253
-1642
-2812
-3449
-2525
-2656
-3206
-2746
-2395
-795
1520
2993
4290
4269
3222
2536
1729
1176
194
-1358
-1778
-1468
-566
692
710
390
213
-489
-321
247
131
303
332
-159
-162
-643
-2213
-2959
-3279
-3209
-1948
-1007
20
487
-322
-1188
-2283
-2246
-1633
-1218
-124
-204
-483
-388
-1247
-1734
-2007
-2348
-1240
1511
4782
8447
10516
9266
6185
2856
1283
181
-825
-991
-2111
-1343
306
-211
440
557
-954
-241
867
1834
3860
4408
4005
2929
1073
383
-646
-1910
-2110
-1838
-874
-1015
-1677
-1145
-1067
-1011
-232
383
788
856
-106
-1139
-1508
-1868
-1970
-2114
-2049
-1425
-748
122
557
566
543
76
211
618
35
-188
-677
-1712
-1961
-2721
-3215
-2923
-3019
-2294
-816
736
2361
3194
3129
3017
3025
2420
1461
107
-1465
-1734
-1942
-2630
-2886
-3786
-3855
-2705
-1615
764
2996
3898
4318
3480
2338
1494
280
-609
-925
-749
-354
10
149
-293
-973
-1768
-1989
-1122
66
1150
1441
1214
934
10
-1064
-2369
-3488
-3328
-2558
-1545
-703
-102
400
-438
-1790
-2063
-1754
-822
480
1432
1679
413
-1131
-1943
-2525
-1494
1190
4040
6501
7434
7052
5892
3610
2078
1330
120
-258
-273
-149
208
-823
-1840
-1463
-1321
-1214
-84
1104
2464
3781
3635
2562
1193
-13
-790
-1272
-924
-78
437
314
-736
-1644
-1669
-1752
-1261
-350
834
1516
403
-7
-563
-1719
-1780
-2027
-1716
-643
77
586
884
467
-18
-93
-481
-598
-460
-303
-208
-548
-1200
-2606
-4047
-4461
-4268
-2606
263
2039
3526
4119
2586
812
-138
247
261
58
483
-276
-316
-159
-1759
-2823
-3667
-3844
-1721
293
1982
3588
3420
2512
1519
444
-479
-485
361
165
575
1656
1020
-363
-1901
-3184
-3404
-2243
-234
1181
2179
1975
718
134
-1145
-2310
-2433
-2572
-1795
-967
-91
163
-1406
-2471
-2686
-1774
245
1775
2427
1660
-352
-1710
-1976
-2451
-1543
1194
4422
7344
8088
7147
4800
2286
1668
903
224
384
90
1061
1673
-199
-1190
-1869
-2897
-2168
-1207
186
2279
3059
2551
753
-721
-351
-390
-487
8
149
728
244
-924
-1321
-1918
-1837
-1137
127
1591
1474
239
-1092
-1726
-1504
-1243
-1017
-416
323
740
623
66
-371
-564
-667
-486
107
717
824
743
375
-1053
-2950
-4210
-4619
-4150
-2696
-330
1958
3118
3229
2087
350
-5
586
955
1107
633
113
-254
-1288
-2475
-3201
-3413
-2459
-673
1149
2538
2515
1852
927
138
45
-20
664
1040
985
1201
947
349
-1311
-2752
-3146
-3143
-2153
-496
876
1116
639
205
-429
-1459
-2026
-1756
-1477
-1056
-389
-314
-926
-1597
-1932
-1620
-655
945
2534
2517
1022
-371
-1053
-1087
131
2449
4640
5935
5712
4295
2571
2010
2969
3246
2737
1896
752
655
387
-875
-1861
-2237
-1684
-859
-385
398
1225
993
-125
-1087
-1508
-1236
-632
-111
290
429
182
-585
-1430
-1711
-1864
-1787
-599
727
1481
1292
-205
-1560
-2021
-1451
-563
-38
493
878
1094
764
228
-167
-692
-646
187
1165
1483
1174
772
-59
-1379
-2511
-3181
-3195
-2614
-1861
-489
1128
1793
1461
208
-891
-556
350
1159
1553
889
-149
-1098
-2053
-2518
-2750
-2593
-1310
414
1742
1837
907
116
-369
-147
395
921
1535
1436
1174
807
27
-669
-1624
-2183
-2031
-1539
-716
-495
-887
-1409
-1736
-1286
-656
-646
-792
-717
-779
-657
-451
-851
-1452
-1718
-1489
-730
259
1292
1977
1663
871
200
12
826
2795
5304
6694
6649
5416
3304
1510
1653
3058
3087
2272
863
-142
89
-424
-1063
-1717
-1916
-1053
-511
-45
344
171
-480
-1196
-1286
-612
284
538
-98
-583
-621
-1398
-2155
-1850
-1404
-846
124
803
761
16
-1302
-2786
-3392
-2292
-685
48
425
942
1078
499
-128
-171
-55
259
1185
2072
2126
1166
34
-184
-249
-942
-1434
-1621
-1930
-1812
-1022
63
1141
1755
1422
268
-453
141
806
507
-29
-579
-1188
-1227
-1127
-1649
-2300
-2339
-1344
165
1009
1119
826
212
-126
290
1065
1453
1049
329
10
-117
-389
-882
-1404
-1689
-1699
-1481
-905
-318
-760
-1436
-1785
-1609
-967
-856
-905
-1725
-2080
-1365
-1165
-748
-438
-363
-426
-125
1211
1959
1540
591
-65
236
1501
3504
5793
7293
6752
4484
2279
1915
3313
4641
4381
2672
936
52
-328
-808
-1388
-1613
-1347
-884
-497
-92
75
-512
-1357
-1673
-1130
-16
776
472
-430
-1096
-1628
-2236
-2483
-1528
-883
-959
-687
-573
-184
-511
-1203
-1407
-1441
-342
275
-207
-834
-1386
-1416
-1007
-303
350
1062
1513
1381
1135
754
224
-84
153
634
773
261
-652
-1508
-2036
-1939
-997
500
1556
1591
1160
1076
1432
1464
850
56
-484
-601
-742
-1258
-1936
-2429
-2435
-1772
-732
265
723
321
102
53
597
1744
1713
1419
715
-320
-546
-836
-1173
-1817
-2199
-2093
-2028
-1260
-1087
-1751
-1883
-1908
-1568
-852
-563
-882
-1934
-2333
-1684
-1228
-785
-490
-341
-208
-31
722
1058
908
670
324
1150
2883
4925
6350
6375
5419
3202
1859
2936
5035
6408
5681
3522
879
-846
-877
-707
-632
-278
94
230
-499
-1182
-1365
-2200
-2175
-992
-82
898
1152
2
-1621
-2421
-2471
-2457
-1636
-515
-354
-582
-811
-1397
-1571
-1319
-1716
-1940
-907
87
31
-436
-1364
-2141
-1850
-915
-230
328
1340
1376
842
808
494
313
598
939
685
39
-559
-1131
-1445
-1040
-57
710
1248
873
85
-19
518
1625
1908
1144
188
-312
6
62
-817
-1794
-1906
-1189
-111
497
243
-320
-744
-983
-593
550
1229
1259
744
-62
-284
-534
-886
-1265
-1526
-1229
-1460
-1640
-1474
-2102
-2782
-3028
-2417
-1489
-882
-383
-1536
-2616
-2083
-1812
-1460
-1026
-345
3
-298
743
1223
743
581
136
522
1335
3260
5623
6383
6737
5425
3458
2998
3875
5846
6241
5171
3204
622
-158
-186
-274
-26
-20
-2
-743
-1671
-1820
-2057
-1750
-1342
-936
3
165
-348
-1466
-1991
-1429
-1425
-1153
-672
-591
-721
-1269
-1559
-1525
-1195
-923
-1346
-1235
-667
-853
-1096
-1313
-1442
-1049
-288
277
-10
2
158
-90
298
961
1229
1250
1219
792
79
-654
-1201
-1616
-1525
-152
892
1385
1348
216
-434
-340
991
2456
2105
1166
-102
-895
-575
-577
-649
-832
-678
109
111
70
-216
-644
-418
-251
460
985
1207
1019
123
-134
-533
-1105
-1663
-1917
-1425
-1601
-1820
-1523
-1742
-2217
-2447
-2624
-2407
-1484
-851
-1433
-2565
-2724
-1994
-1515
-1250
-888
-478
-346
-105
596
998
1032
883
958
1432
2654
4067
4823
5672
5233
3864
3142
3590
5410
6051
5113
3146
1327
1382
1560
1206
1085
811
12
-1042
-1815
-2002
-1776
-1276
-655
-503
-557
-593
-1016
-1458
-1267
-646
-349
-483
-595
-703
-1160
-1747
-1865
-1299
-579
-486
-936
-1152
-1059
-1236
-1553
-1513
-1399
-1286
-729
-165
-158
-166
-30
-174
-60
689
1128
954
1029
987
70
-822
-942
-873
-707
-162
423
731
393
-289
-828
-571
820
1584
1376
937
459
383
30
-327
-416
-884
-884
-462
-261
81
26
-213
-128
-138
250
626
707
974
973
626
136
-32
-212
-859
-1153
-1328
-1879
-2244
-2486
-2959
-2878
-2198
-1959
-1824
-1638
-2079
-2569
-2344
-1734
-1268
-894
-486
-415
-609
-381
-219
-369
323
1190
1573
1987
2387
3010
4008
5121
5016
3941
3444
3631
4687
5529
5050
3505
1732
1028
1183
1419
1622
1439
487
-688
-1387
-1479
-1038
-687
-760
-862
-950
-1229
-1570
-1658
-1064
-157
-111
-651
-772
-851
-1209
-1284
-1126
-982
-606
-399
-865
-1268
-1215
-1390
-1515
-1048
-862
-1213
-1062
-519
-392
-335
-222
-395
-262
362
627
676
1255
1423
522
-115
-64
-226
-213
338
536
472
96
-608
-804
-252
695
683
72
-24
-67
-65
-15
234
176
-253
-220
-170
35
202
-177
-468
-502
-77
223
99
546
868
705
447
46
80
106
-132
-501
-1033
-1243
-1884
-2572
-2420
-2340
-2339
-2249
-2203
-2413
-2956
-2880
-2533
-2169
-1457
-1371
-1403
-1066
-624
-116
-99
371
858
852
1393
2049
2729
3564
4516
4618
4045
4046
4074
4574
5301
5022
3578
2042
1650
1549
1141
1122
1333
927
-6
-908
-1348
-1144
-836
-832
-772
-457
-464
-928
-1395
-1183
-626
-571
-919
-1333
-934
-311
-354
-497
-529
-409
-865
-1310
-899
-600
-525
-808
-993
-970
-1394
-1264
-853
-524
5
-55
-617
-834
-466
-397
-385
348
892
585
60
-35
108
505
942
1027
879
608
269
-152
16
503
133
-377
-404
-526
-551
-429
-463
-601
-811
-721
-376
-9
284
117
-159
-213
114
712
791
740
891
651
171
-184
-183
-114
-347
-492
-629
-905
-1295
-1862
-2155
-2070
-1839
-1766
-1997
-2239
-2603
-2767
-2340
-1874
-1522
-1250
-1070
-980
-963
-644
-282
87
698
963
1015
1405
2242
3300
4008
4437
4549
4140
4118
4778
5295
5191
4224
2903
2156
1767
1289
735
461
395
-478
-1364
-1372
-1405
-1354
-1247
-1327
-1052
-659
-548
-867
-1123
-756
-969
-1550
-1159
-717
-397
-186
-635
-1116
-1340
-1312
-1188
-754
35
113
-429
-698
-909
-1251
-1072
-548
-205
128
89
-384
-512
-241
-98
-114
74
346
153
-34
285
436
500
741
719
716
833
625
330
342
564
492
-19
-435
-828
-1047
-713
-459
-656
-1179
-1462
-1027
-306
43
159
129
-165
83
552
855
965
627
631
427
159
375
112
-69
-165
-352
-592
-1379
-1711
-1752
-1880
-1790
-1913
-2006
-2182
-2503
-2557
-2305
-1969
-1645
-1310
-1073
-855
-728
-476
-117
37
247
499
781
1433
2241
3028
3756
3866
3702
3651
3982
4795
5182
5042
4437
3860
3519
2982
2349
1336
760
652
64
-529
-909
-1092
-1556
-2053
-1863
-1792
-1619
-1263
-1373
-1209
-905
-1016
-1497
-1694
-824
-246
-416
-552
-1108
-1560
-1415
-1082
-631
-258
-161
-567
-1077
-1049
-958
-789
-292
-127
-108
-71
-258
-507
-544
-246
-95
111
312
199
162
486
1000
912
730
738
704
905
702
340
236
467
741
384
-134
-719
-948
-592
-476
-600
-997
-1247
-1019
-609
-224
-320
-359
-277
-335
-11
404
598
501
399
616
545
317
302
4
-213
-250
-552
-982
-1360
-1364
-1519
-1747
-1698
-1953
-2146
-2225
-2295
-2125
-1831
-1537
-1402
-1290
-1139
-901
-375
262
658
1029
1368
1597
2005
2523
3109
3597
3995
4150
4259
4599
4451
3914
3515
3546
3686
3341
2410
1095
313
55
-195
-358
-575
-958
-1499
-1927
-2353
-2765
-2384
-1625
-1230
-1017
-1104
-1486
-1785
-1557
-871
-406
-161
-283
-773
-968
-1012
-1027
-791
-474
-338
-454
-686
-799
-693
-569
-412
-93
146
25
-277
-327
-36
238
361
367
71
-160
-115
344
972
1038
933
631
369
581
833
1016
893
659
305
-158
-416
-815
-897
-586
-619
-968
-1309
-1253
-857
-499
-413
-644
-540
-94
13
146
428
425
327
309
285
162
91
161
68
70
-1
-601
-1022
-1035
-939
-896
-1076
-1239
-1636
-2092
-2196
-2290
-2242
-2049
-1799
-1586
-1513
-1349
-1162
-888
-422
345
964
1232
1838
2410
2791
3265
3564
3729
3917
4547
4992
4511
3769
3296
3435
3670
3397
2701
1736
950
331
-34
-49
-274
-956
-1455
-1542
-1923
-2406
-2369
-2183
-2054
-1566
-1290
-1720
-2122
-1907
-1300
-797
-409
-521
-1003
-1156
-1062
-740
-455
-360
-401
-596
-631
-523
-360
-146
-63
-79
-46
-127
-310
-267
-93
-45
27
220
136
-265
-301
275
754
753
617
478
371
373
602
797
738
543
295
140
-38
-78
-178
-304
-428
-949
-1091
-923
-796
-540
-471
-648
-887
-692
-304
-28
413
687
466
265
497
449
161
366
589
336
-18
-165
-521
-929
-908
-1039
-1242
-1182
-1249
-1539
-1707
-1552
-1673
-1863
-1616
-1480
-1442
-1415
-1449
-1279
-865
-363
-113
198
885
1546
2224
2764
3019
3182
3361
4047
4639
4425
3983
3530
3212
3191
3219
2863
2126
1579
1143
569
240
53
-328
-522
-742
-1354
-1857
-1940
-1974
-2058
-1603
-1345
-1887
-2178
-1907
-1599
-1454
-1035
-670
-963
-1120
-870
-756
-634
-349
-444
-751
-608
-426
-384
-190
25
84
-65
-3
149
12
36
39
29
226
226
105
-25
117
309
358
639
679
570
674
905
992
853
698
213
-65
64
-183
-530
-487
-586
-1201
-1484
-1213
-1126
-1103
-889
-853
-838
-528
-325
-243
67
385
361
192
262
409
363
383
544
374
-83
-265
-161
-198
-325
-407
-631
-892
-969
-929
-1063
-1268
-1328
-1426
-1420
-1303
-1224
-1296
-1450
-1218
-1070
-975
-461
-231
-87
378
964
1387
1648
2220
2575
2896
3597
3887
3774
3563
3568
3731
3607
3339
2906
2463
2070
1572
1218
904
467
94
-136
-553
-1072
-1228
-1167
-1191
-1226
-1176
-1539
-2014
-1856
-1596
-1527
-1478
-1372
-1360
-1470
-1231
-1077
-1158
-951
-658
-512
-565
-519
-450
-544
-410
-196
-192
-309
-278
-105
8
8
-19
-1
-6
83
154
286
430
341
430
583
543
394
359
571
580
545
510
269
67
-49
18
-114
-496
-879
-1109
-986
-979
-1018
-1072
-1223
-1286
-1282
-1029
-739
-479
-176
58
216
272
227
272
549
643
554
383
167
140
40
76
73
-200
-210
-316
-448
-401
-390
-374
-612
-622
-541
-839
-862
-788
-917
-1069
-1006
-881
-995
-791
-437
-243
-3
290
618
797
1238
1764
2012
2284
2400
2588
2812
2894
2958
2803
2755
2722
2460
2222
1884
1575
1409
1268
997
546
224
21
-203
-252
-289
-620
-892
-968
-991
-1043
-1117
-1194
-1498
-1581
-1470
-1533
-1553
-1559
-1511
-1536
-1504
-1317
-1229
-1112
-907
-758
-710
-639
-506
-361
-210
-95
-72
-133
-121
5
49
31
192
288
358
525
547
533
587
813
888
844
927
715
487
480
456
261
5
-116
-315
-524
-595
-669
-774
-837
-886
-964
-1042
-996
-812
-715
-650
-520
-493
-533
-425
-250
-196
-206
-132
-31
-102
-151
-217
-245
-122
-85
-23
-141
-262
-280
-348
-308
-327
-331
-423
-347
-169
-277
-351
-414
-337
-246
-187
-50
-98
-55
25
124
337
533
856
1084
1314
1633
1805
1989
2111
2224
2325
2312
2265
2108
1946
1788
1618
1521
1368
1051
708
544
484
373
184
-26
-277
-532
-577
-640
-766
-871
-996
-1085
-1274
-1276
-1245
-1349
-1272
-1153
-1064
-1097
-1100
-994
-879
-725
-540
-512
-662
-634
-545
-411
-317
-306
-259
-286
-156
-93
-100
39
107
215
373
461
461
422
410
476
559
539
481
453
416
354
345
301
151
43
-65
-277
-445
-537
-711
-837
-784
-815
-981
-967
-850
-880
-797
-538
-484
-567
-508
-405
-359
-230
-23
12
-90
-97
-104
-109
-10
11
-23
2
-46
-138
-143
-79
-50
-128
-189
-202
-260
-281
-271
-319
-370
-392
-388
-363
-341
-267
-147
-27
127
311
450
540
707
984
1175
1284
1480
1629
1656
1720
1812
1835
1836
1876
1878
1729
1521
1407
1335
1240
1133
943
627
370
303
224
55
-59
-200
-416
-517
-537
-659
-864
-976
-957
-984
-1077
-1146
-1228
-1270
-1187
-1091
-1044
-1000
-982
-992
-918
-755
-675
-666
-547
-426
-393
-312
-224
-194
-152
-51
67
164
253
324
329
381
485
456
462
496
479
463
354
351
296
98
23
-76
-140
-223
-287
-260
-415
-445
-380
-454
-448
-464
-467
-444
-412
-347
-420
-456
-402
-369
-271
-198
-242
-265
-263
-237
-153
-134
-152
-144
-179
-253
-288
-326
-321
-251
-284
-348
-390
-404
-381
-299
-184
-218
-257
-246
-236
-146
-55
-9
-15
-14
88
200
294
455
517
521
654
849
1034
1116
1207
1282
1286
1371
1505
1534
1406
1374
1401
1319
1254
1182
1050
887
800
756
634
451
278
173
102
42
-48
-196
-325
-381
-403
-432
-517
-667
-768
-781
-749
-763
-866
-940
-937
-898
-800
-757
-826
-814
-753
-692
-611
-534
-442
-403
-268
-103
-84
-86
-8
115
162
251
338
304
288
304
341
262
210
306
269
203
167
82
-20
-128
-164
-243
-336
-368
-460
-525
-543
-586
-601
-577
-595
-630
-649
-617
-561
-496
-365
-343
-343
-253
-169
-95
-74
-29
11
22
47
34
-20
-88
-128
-117
-36
5
-59
-94
-98
-63
-31
-37
-2
-17
-40
9
50
84
18
-16
63
101
180
221
240
277
346
517
573
604
701
779
858
955
1052
1000
962
1031
1076
1098
1044
984
938
858
812
765
632
477
394
341
260
131
-6
-129
-248
-270
-284
-363
-481
-586
-630
-685
-673
-700
-773
-811
-870
-846
-825
-807
-787
-726
-656
-633
-561
-514
-410
-297
-165
-20
42
136
189
271
386
430
453
467
486
440
422
430
384
393
352
239
145
75
46
-19
-79
-189
-358
-411
-436
-508
-552
-560
-580
-603
-611
-604
-604
-626
-610
-526
-473
-500
-458
-335
-279
-239
-147
-113
-103
-13
71
79
86
96
64
62
124
133
86
58
58
41
16
-8
-45
-39
-21
6
34
15
4
-11
26
94
104
114
168
230
266
304
364
408
446
531
640
715
742
774
830
849
889
921
866
849
876
869
821
750
680
587
531
492
401
318
188
42
-3
-48
-132
-238
-345
-440
-532
-553
-579
-648
-705
-753
-783
-813
-812
-805
-828
-814
-761
-724
-717
-689
-627
-561
-485
-392
-324
-288
-224
-133
-64
-17
37
76
90
122
173
194
200
224
208
162
125
116
95
44
8
-30
-43
-53
-62
-86
-153
-167
-159
-158
-128
-116
-148
-163
-141
-136
-146
-149
-104
-52
-25
-23
-69
-99
-103
-56
18
10
-5
-15
-31
-4
32
74
96
116
179
234
271
273
274
295
323
376
415
422
399
387
410
416
392
385
397
396
405
416
389
341
325
342
337
317
294
264
256
250
246
224
209
214
178
176
177
118
66
46
24
-5
-30
-77
-128
-165
-206
-240
-266
-313
-361
-381
-413
-449
-455
-471
-477
-460
-475
-506
-506
-508
-507
-460
-436
-466
-468
-458
-478
-454
-402
-391
-361
-325
-297
-243
-216
-194
-171
-149
-116
-79
-29
-3
10
10
4
39
49
59
71
67
73
43
41
67
49
56
92
106
92
96
124
126
150
183
192
191
191
227
255
279
305
312
330
343
390
430
423
436
412
404
425
418
436
446
419
380
354
354
332
316
303
262
216
174
138
118
117
129
125
70
7
-9
-23
-27
-3
-12
-53
-69
-64
-54
-47
-40
-44
-65
-81
-87
-111
-136
-141
-148
-185
-227
-245
-254
-269
-281
-295
-325
-360
-378
-386
-401
-420
-432
-443
-461
-477
-488
-507
-514
-499
-488
-493
-496
-472
-440
-423
-412
-396
-372
-325
-243
-156
-110
-85
-53
-12
29
69
110
145
179
215
242
263
285
314
362
422
454
457
457
471
471
444
431
414
384
394
390
330
291
264
245
236
216
221
209
208
211
175
142
106
96
112
114
107
99
74
55
82
113
130
148
154
151
133
110
91
61
36
34
40
34
18
34
57
67
101
114
86
72
57
27
6
-13
-36
-79
-127
-141
-139
-142
-163
-199
-231
-274
-315
-331
-346
-380
-395
-406
-439
-443
-443
-410
-358
-328
-298
-308
-304
-283
-247
-200
-183
-180
-186
-169
-157
-131
-96
-121
-133
-113
-98
-80
-60
-43
-37
-38
-19
-3
6
30
46
64
83
76
72
85
105
145
175
174
170
170
168
182
195
180
167
167
181
187
190
193
178
191
226
248
254
239
231
213
204
217
214
217
222
221
215
201
188
175
179
184
186
167
136
132
129
118
92
74
55
34
30
25
19
-3
-27
-32
-42
-55
-60
-69
-90
-101
-104
-98
-113
-143
-150
-169
-180
-181
-191
-199
-203
-194
-191
-215
-223
-232
-249
-240
-237
-254
-265
-271
-248
-219
-201
-177
-167
-143
-103
-71
-54
-54
-45
-35
-19
6
16
15
20
60
93
101
116
119
131
148
162
169
144
131
126
116
118
106
79
63
62
63
55
37
13
4
3
-4
-10
-15
0
0
0
0
0
0
0
0
0
0
0
0
0
0
0
0
0
0
0
0
0
0
0
0
0
0
0
0
0
0
0
0
0
0
0
0
0
0
0
0
0
0
0
0
0
0
0
0
0
0
0
0
0
0
0
0
0
0
0
0
0
0
0
0
0
0
0
0
0
0
0
0
0
0
0
0
0
0
0
0
0
0
0
0
0
0
0
0
0
0
0
0
0
0
0
0
0
0
0
0
0
0
0
0
0
0
0
0
0
0
0
0
0
0
0
0
0
0
0
0
0
0
0
0
0
0
0
0
0
0
0
0
0
0
0
0
0
0
0
0
0
0
0
0
0
0
0
0
0
0
0
0
0
0
0
0
0
0
0
0
0
0
0
0
0
0
0
0
0
0
0
0
0
0
0
0
0
0
0
0
0
0
0
0
0
0
0
0
0
0
0
0
0
0
0
0
0
0
0
0
0
0
0
0
0
0
0
0
0
0
0
0
0
0
0
0
0
0
0
0
0
0
0
0
0
0
0
0
0
0
0
0
0
0
0
0
0
0
0
0
0
0
0
0
0
0
0
0
0
0
0
0
0
0
0
0
0
0
0
0
0
0
0
0
0
0
0
0
0
0
0
0
0
0
0
0
0
0
0
0
0
0
0
0
0
0
0
0
0
0
0
0
0
0
0
0
0
0
0
0
0
0
0
0
0
0
0
0
0
0
0
0
0
0
0
0
0
0
0
0
0
0
0
0
0
0
0
0
0
0
0
0
0
0
0
0
0
0
0
0
0
0
0
0
0
0
0
0
0
0
0
0
0
0
0
0
0
0
0
0
0
0
0
0
0
0
0
0
0
0
0
0
0
0
0
0
0
0
0
0
0
0
0
0
0
0
0
0
0
0
0
0
0
0
0
0
0
0
0
0
