0
0
0
0
0
0
0
0
0
0
0
0
0
0
0
0
0
0
0
0
0
0
0
0
0
0
0
0
0
0
0
0
0
0
0
0
0
0
0
0
0
0
0
0
0
0
0
0
0
0
0
0
0
0
0
0
0
0
0
0
0
0
0
0
0
0
0
0
0
0
0
0
0
0
0
0
0
0
0
0
0
0
0
0
0
0
0
0
0
0
0
0
0
0
0
0
0
0
0
0
0
0
0
0
0
0
0
0
0
0
0
0
0
0
0
0
0
0
0
0
0
0
0
0
0
0
0
0
0
0
0
0
0
0
0
0
0
0
0
0
0
0
0
0
0
0
0
0
0
0
0
0
0
0
0
0
0
0
0
0
0
0
0
0
0
0
0
0
0
0
0
0
0
0
0
0
0
0
0
0
0
0
0
0
0
0
0
0
0
0
0
0
0
0
0
0
0
0
0
0
0
0
0
0
0
0
0
0
0
0
0
0
0
0
0
0
0
0
0
0
0
0
0
0
0
0
0
0
0
0
0
0
0
0
0
0
0
0
0
0
0
0
0
0
0
0
0
0
0
0
0
0
0
0
0
0
0
0
0
0
0
0
0
0
0
0
0
0
0
0
0
0
0
0
0
0
0
0
0
0
0
0
0
0
0
0
0
0
0
0
0
0
0
0
0
0
0
0
0
0
0
0
0
0
0
0
0
0
0
0
0
0
0
0
0
0
0
0
0
0
0
0
0
0
0
0
0
0
0
0
0
0
0
0
0
0
0
0
0
0
0
0
0
0
0
0
0
0
0
0
0
0
0
0
0
0
0
0
0
0
0
0
0
0
0
0
0
0
0
0
0
0
0
0
0
0
0
0
0
0
0
0
0
0
0
0
0
0
0
0
0
0
0
0
0
0
-92
146
-108
-31
68
9
15
-25
-59
58
45
-89
25
-29
-89
93
34
-165
38
1
27
-10
-40
77
-148
150
-57
-163
196
-93
14
90
-39
-6
-12
-18
-30
40
-48
34
39
-42
89
-39
0
-4
-20
70
-73
67
22
-10
95
-42
-53
85
99
-171
59
120
-154
117
36
-154
6
70
-18
-1
11
-78
68
79
-58
-13
-16
8
103
14
-112
-22
68
32
26
-32
-96
49
66
-121
67
56
-130
175
-24
-146
81
-85
50
92
6
-31
-66
65
-41
-31
0
-92
3
45
-52
-16
10
-155
59
107
-206
-29
5
6
93
-93
-70
-65
-14
42
-43
-31
8
17
-42
25
-38
-31
81
37
-1
-43
84
48
-5
118
25
-92
139
18
-55
121
-15
12
40
24
34
-12
30
109
7
96
63
-40
17
51
153
-91
11
131
-43
54
-63
-7
65
-64
36
33
-20
-48
-93
8
11
-104
-27
55
-25
-66
31
-41
-85
68
-30
-49
-15
-57
32
-9
-51
-24
-31
-48
21
-8
-79
15
18
4
-94
-24
-3
-76
131
-89
-85
156
-112
1
88
-87
81
-91
-5
87
-49
70
-75
60
54
-39
-82
-1
118
-86
62
-49
-36
86
-39
74
-37
-16
135
-18
23
122
22
-33
108
47
-67
115
12
86
22
-7
32
-68
166
-110
-38
185
-114
-28
100
-63
-57
-16
1
16
-28
15
-21
-93
-10
130
-138
-92
175
-75
-118
61
-28
-29
47
-14
-97
-45
115
-60
-14
88
-163
-23
135
-98
-58
174
-119
-78
171
-16
-67
43
14
9
63
-75
42
80
-127
26
190
-134
-59
168
-162
-26
233
-144
-116
234
-155
-117
262
-112
-150
227
-102
-92
191
-138
8
66
-69
45
57
-93
-43
140
-84
14
62
-121
-14
79
-82
-19
79
-146
-24
114
-36
-132
124
6
-128
162
-140
-28
125
-55
10
-57
80
-13
-86
68
4
-7
-19
-23
19
-75
117
-10
-171
56
-24
68
-44
-38
38
-62
119
-71
-72
117
5
-40
0
76
-107
15
188
-112
-115
181
-78
-46
145
-28
-44
-27
98
-87
41
90
-115
8
121
-117
-11
211
-153
-24
31
84
-10
-195
221
-16
-160
109
41
-67
7
17
-68
39
15
-20
-78
105
47
-199
129
11
-124
156
-84
-184
234
13
-151
139
-64
-10
54
-30
136
-104
-101
142
71
-62
-15
121
-75
47
103
-152
58
-6
-48
33
34
43
-173
141
-67
-45
203
-202
-114
68
93
-75
37
-39
-11
81
-55
118
-5
-157
117
133
-290
170
167
-376
258
15
-252
294
-57
-114
8
-2
70
-185
71
-4
-180
199
-102
-106
244
-114
-169
148
-23
-148
70
-28
-39
142
-193
-37
270
-244
69
114
-241
220
-45
-53
186
-113
-33
19
52
112
-212
124
14
-227
306
-84
-130
96
18
-53
-42
155
-22
-149
69
47
-111
96
99
-110
-97
198
-78
-212
398
-161
-197
298
-169
-1
37
-135
135
-3
-65
128
-156
40
208
-105
-66
80
134
-282
163
222
-258
141
124
-191
18
369
-308
12
386
-433
100
320
-348
65
243
-275
176
-43
-177
374
-239
-91
110
-109
110
-120
13
18
-234
297
-85
-201
322
-362
60
323
-231
-154
260
102
-383
351
35
-134
133
-222
45
2
42
31
-186
105
93
-274
237
-6
-284
339
-65
-167
2
19
56
25
-127
119
200
-221
209
-54
-225
311
-41
-309
252
82
-276
248
-22
-188
261
87
-248
37
148
-193
-55
159
-107
-49
294
-310
63
236
-346
169
9
-151
-44
82
-72
-38
190
-114
310
465
-26
-28
100
-305
-43
283
-120
121
-104
-537
-5
281
-64
-103
52
-215
-227
46
126
145
54
-60
152
124
-185
-23
27
-96
185
228
-271
-173
102
-108
161
245
-161
-271
-150
-105
45
359
-93
-317
260
-5
-91
6
-177
57
-60
25
218
-23
-223
83
220
-13
-21
-182
-236
88
307
159
167
384
-41
-144
415
57
-80
175
-307
-321
23
-89
-130
67
-154
-347
-66
-297
-430
-69
14
51
136
51
76
351
130
15
244
-71
-99
173
39
-101
243
166
133
428
87
-160
-16
-22
-208
62
-28
-356
-73
73
-54
82
149
-231
-191
17
-106
-39
-57
-249
19
146
1
64
-22
-202
226
527
-2
19
19
-285
137
278
-176
-58
-22
-487
-118
261
-39
7
-5
-141
-29
-112
-149
91
113
10
124
46
-110
109
281
116
272
219
-459
-315
-8
-222
106
179
-126
111
97
-207
-19
35
-220
-158
-137
-283
-275
-156
50
14
-37
13
-262
-196
134
122
358
504
129
57
120
133
254
127
17
-46
-51
-5
-136
-75
-33
-97
2
38
-28
-120
-134
-19
125
-20
-145
106
-17
-70
179
123
65
-85
-145
-54
77
45
-248
-70
-28
-215
-85
-73
-13
-67
-159
-81
-197
-78
16
-114
82
88
-35
55
-5
40
70
-54
111
210
173
234
220
271
239
169
216
126
46
-74
-68
170
66
-91
-14
-50
-159
-96
-13
-53
13
8
17
189
105
48
139
161
190
110
73
107
118
121
27
71
30
-270
-205
43
-82
-195
-145
-226
-227
-145
-134
-15
-46
-304
-311
-202
-220
-200
-213
-239
-217
-372
-338
-28
-120
-287
-156
-192
-224
-137
-178
-61
40
-121
-199
-333
-456
-442
-497
-438
-391
-333
-211
-275
-219
-88
-93
11
197
287
286
426
619
605
614
736
855
870
783
848
877
795
749
640
635
636
559
609
733
751
721
872
982
1072
1296
1253
1131
1171
1029
933
984
740
478
453
220
1
-14
-227
-406
-458
-658
-808
-890
-1078
-1142
-1185
-1381
-1460
-1513
-1536
-1586
-1582
-1543
-1582
-1395
-1543
-1668
-1530
-1784
-1952
-2064
-2129
-2081
-2035
-1967
-2069
-2226
-2562
-2753
-2771
-2896
-2704
-2673
-2724
-2343
-1910
-1668
-1857
-2168
-2485
-2721
-2148
-671
1593
4423
7163
9446
11509
13185
14290
15067
14668
12618
9857
6806
3699
1232
-471
-1618
-2787
-4531
-6117
-6869
-7141
-7479
-8059
-8534
-8799
-8710
-7563
-5282
-2281
913
3231
4666
5987
6991
7659
8201
8258
7635
6231
4390
3241
2748
1995
891
-758
-2966
-5069
-6629
-7554
-7731
-7411
-6917
-5923
-4680
-2996
-720
853
1894
2538
2381
2202
1924
1907
2400
2507
2386
2107
1875
1638
640
-479
-1543
-2869
-4182
-5308
-5844
-6314
-6635
-6130
-5580
-5155
-4837
-4739
-4775
-5254
-5346
-4940
-4763
-4549
-4046
-2945
-1681
-550
1060
2623
3145
2607
1797
1264
1013
1566
3562
6507
9359
11766
13917
15829
17218
17774
16975
14305
10067
5484
1472
-1797
-4038
-5204
-5974
-7007
-7903
-7849
-7044
-6439
-6376
-6613
-7142
-7423
-6768
-4528
-951
2565
5356
6934
7826
8478
8548
8275
7332
5566
2800
-577
-3180
-4510
-4851
-4865
-5163
-5754
-6248
-6225
-5549
-4691
-3554
-2308
-1459
-655
571
2848
4975
5873
5916
5361
4434
2593
1151
979
660
-380
-1434
-1612
-1686
-2014
-2383
-2991
-3522
-4773
-6378
-6685
-6592
-6304
-5200
-4115
-2817
-1945
-1679
-1203
-1215
-1354
-1580
-1844
-2107
-2863
-3006
-2699
-2440
-2192
-1875
-1095
-908
-999
-604
-100
12
-918
-1857
-2404
-2463
-1098
2028
6694
11257
14759
17191
18717
19845
20354
19637
16955
12454
7236
2242
-1912
-4832
-6538
-7886
-9622
-11188
-11676
-11374
-10988
-10461
-9762
-9214
-8368
-6204
-2580
1830
6230
9663
11404
11818
11339
10135
8719
6884
4359
1412
-1813
-4577
-5932
-6362
-6925
-7751
-8800
-9755
-9743
-8589
-6940
-4827
-1952
936
3344
5868
8776
11088
11805
10861
9184
6926
3422
163
-1612
-2612
-4051
-4941
-4471
-4569
-5082
-5709
-5630
-5215
-5723
-5475
-4960
-3915
-2416
-756
1479
2006
1693
993
-783
-2475
-4289
-5460
-5985
-6499
-6593
-6623
-5633
-3867
-2312
-657
-36
140
-156
-1122
-796
-344
-789
-2065
-3214
-3255
-3029
-1160
2938
8197
13161
16517
18951
20600
21311
21270
20202
17419
12418
6288
878
-3160
-6123
-7992
-9063
-10347
-12191
-13460
-13010
-11323
-9499
-7987
-6667
-5175
-2825
931
5658
10285
13527
14392
13139
11081
9025
6593
3635
558
-2901
-7030
-10310
-11512
-11348
-10832
-10848
-10690
-10205
-9508
-7686
-5145
-1279
2825
5897
8835
11304
13872
15486
15071
13399
10121
5802
1089
-2610
-4695
-6568
-8197
-9508
-9646
-9222
-9641
-8516
-6375
-5211
-4108
-2259
796
2568
2811
4450
5920
5635
3669
1322
-385
-3671
-6822
-7757
-8083
-8329
-8410
-7058
-5190
-4099
-2648
-858
452
-91
-1221
-1448
-1990
-2345
-1806
-1233
-1423
-2235
-2897
-2564
-673
2846
7656
12596
16695
19843
21811
22505
22636
22000
19086
13576
6955
813
-4188
-7670
-9648
-10992
-12649
-14701
-15845
-14828
-12318
-9342
-5955
-2993
-1039
1166
4639
9005
13085
15589
15800
13793
10075
5920
2441
-866
-4365
-7859
-11501
-14459
-15062
-13742
-12002
-10236
-8590
-7087
-5541
-3059
280
3727
6306
7877
9406
10101
11113
12265
12219
10912
7549
3775
-522
-4299
-6193
-7637
-8218
-8882
-8908
-7343
-6076
-4519
-2385
-771
436
991
1711
2509
2480
2866
2827
2046
306
-2033
-3207
-5033
-6682
-7318
-7528
-6514
-5678
-4394
-2574
-1283
-243
325
1235
1299
-17
-954
-1900
-2753
-3362
-3461
-2227
-1288
-1595
-1949
-1832
-1789
-1592
422
4827
10132
15172
19662
22841
24048
23584
21994
18777
12886
5151
-2047
-7755
-12553
-15844
-16582
-16043
-16099
-15873
-13398
-9317
-5676
-2772
67
2700
4902
7540
11507
15516
17238
16286
13390
8849
3620
-1332
-5965
-9999
-13351
-16219
-17636
-16539
-13369
-9263
-5473
-2898
-1137
542
2546
4976
6984
7845
8172
8609
8956
9159
9261
8458
5712
1674
-2045
-5029
-7429
-8719
-8566
-7858
-7198
-5955
-3477
-1003
233
1177
2129
2528
2523
3023
3173
2172
869
-301
-736
-1955
-3443
-4164
-5377
-6335
-6772
-5459
-3609
-2864
-1683
-715
204
693
956
1933
1528
17
-1443
-2648
-3286
-3992
-4063
-3779
-4044
-3671
-2805
-2662
-3106
-3290
-3053
-2257
392
5788
13007
19651
24315
26679
26201
23222
19326
14985
8456
249
-7499
-13318
-16633
-18107
-16865
-14292
-12650
-11505
-9636
-5976
-2521
196
2943
4852
6747
9219
12260
15539
17253
15750
10994
4421
-2317
-8385
-13028
-15278
-15743
-15782
-15288
-12986
-8666
-4161
-1003
968
2156
2584
2720
3720
6082
8142
8481
8260
7903
6210
3759
1562
-975
-4051
-7167
-9384
-9380
-7520
-4919
-1801
1048
2884
3808
3813
3359
3046
2561
1873
1620
1502
589
-927
-2245
-3122
-3783
-4873
-6180
-6367
-5698
-5184
-3672
-717
1515
2227
2567
2729
2169
795
-569
-946
-1176
-2418
-3361
-2907
-2512
-2789
-2738
-2718
-3677
-5125
-5812
-5216
-4292
-3687
-2542
-781
649
2458
6575
12924
19212
23488
25320
24585
21070
16323
12281
8042
1717
-5685
-11749
-15873
-18505
-18863
-16220
-13407
-12205
-10860
-8218
-4044
74
4142
8911
12310
14062
14686
15273
15943
13939
9488
3462
-3985
-11029
-16063
-17229
-15840
-14488
-12621
-10421
-7870
-5157
-2291
1170
3370
4324
4825
5672
7764
9752
11082
10909
8516
4598
50
-3797
-6814
-9070
-10265
-10430
-9714
-7712
-3931
397
4274
6475
7147
7600
6606
4884
3559
2269
826
-889
-1994
-3206
-4593
-5467
-6070
-5881
-5285
-4739
-3652
-1828
323
2589
4288
4593
3520
1631
-546
-2402
-3313
-3912
-3821
-2734
-1893
-1391
-1336
-1374
-1112
-1462
-2962
-4938
-6202
-7151
-7345
-5389
-2705
-940
-366
-39
1101
2987
6480
12265
18965
23618
24788
23790
21083
16671
11631
5947
-1265
-9009
-15450
-19686
-20617
-18025
-13748
-9932
-7615
-6160
-3956
-643
3097
7329
11093
12575
12417
12657
13666
14198
13005
8804
1849
-5862
-12531
-15911
-16027
-14788
-12874
-11002
-9247
-7019
-3781
-89
2582
4059
4462
4613
5239
6410
8601
10172
8903
4595
-695
-4820
-7813
-9640
-10461
-10480
-9545
-7975
-5043
290
6071
9513
11152
11765
10970
8483
5341
3408
1840
-761
-3962
-6027
-7035
-8969
-10127
-8942
-7354
-6235
-4669
-1563
2085
4351
5894
7474
7797
5273
1463
-731
-2359
-4189
-4834
-4228
-3222
-3246
-3941
-3799
-3640
-4466
-5459
-6053
-6799
-7359
-6877
-5205
-2199
1159
2945
3110
2555
1486
1431
4325
9959
16824
22604
25085
24237
21119
16244
10620
5111
-1291
-8944
-15529
-18936
-19068
-16532
-12284
-8019
-5359
-4719
-4311
-2018
1751
5451
8596
10952
12106
12854
13590
14048
13539
9885
3038
-5107
-12458
-17008
-18247
-16487
-13082
-9852
-8254
-7331
-4507
-722
1676
2733
3265
3650
4420
6099
8940
11432
10336
5322
-589
-5699
-9847
-11908
-11289
-9220
-7132
-5303
-2528
2164
7247
10625
12437
12822
11328
8546
5554
3439
1671
-1091
-4756
-7790
-9484
-11033
-11351
-9400
-7149
-5167
-3242
-631
3240
6259
7841
8743
8148
5408
1298
-2105
-4527
-6597
-7597
-7599
-6615
-5499
-5281
-4672
-3503
-3052
-3537
-4019
-4055
-4650
-5372
-4798
-2985
-395
1461
1836
1915
1578
1706
4213
9085
15239
20418
23188
22981
19505
14555
9493
4925
225
-5687
-10895
-14101
-15137
-13597
-10269
-6547
-4385
-4419
-4835
-3498
-290
3784
8154
11349
12229
11736
11406
11509
10895
7957
2044
-5463
-12270
-16732
-18000
-16069
-12464
-9264
-7388
-6827
-6098
-3441
-77
2084
3529
5008
6517
8416
10803
12831
12396
7788
793
-5123
-8848
-11273
-11989
-10353
-8040
-6020
-3790
-286
4691
8480
10515
12176
13036
12505
10283
7537
4926
1502
-2891
-7242
-9727
-11424
-13157
-12483
-9463
-6192
-3778
-1282
1988
4423
5553
6341
7463
7399
4372
807
-1697
-4621
-7445
-8302
-7359
-6632
-6970
-7095
-6239
-5191
-4392
-3381
-2358
-2416
-3481
-3721
-2358
-567
735
1464
1612
1396
1653
3327
6793
11633
16549
19926
20820
19244
15888
11885
8182
4566
75
-5103
-9313
-11460
-11847
-10860
-8661
-6443
-5729
-6181
-5947
-3967
-660
3274
7270
10140
11046
10782
10470
10043
8594
5428
345
-5967
-11147
-13558
-13998
-12866
-10540
-8867
-8300
-7983
-7049
-4176
-231
2545
4691
7172
9132
10612
12020
11923
9160
4439
-1026
-5576
-8065
-9402
-9799
-8596
-7430
-6972
-5036
-1226
3241
7640
10722
12569
14202
14257
12053
9269
5637
182
-5378
-9232
-11195
-12014
-12817
-12615
-9983
-7179
-5489
-2414
1946
4672
5470
6220
7606
7769
5261
2082
-194
-3081
-6739
-8686
-8449
-8345
-8896
-8373
-6741
-5187
-3680
-1816
-142
-22
-1434
-2078
-1100
112
1409
2991
3532
2685
1904
2475
4692
7931
11676
15582
17883
17147
14711
12100
9092
5546
1888
-1950
-5974
-9187
-10364
-9546
-8028
-7106
-7154
-7687
-7867
-6599
-3126
1654
5892
8867
10600
10909
10279
9669
9021
7018
2924
-1947
-6159
-9382
-11001
-10936
-10225
-9874
-10594
-11484
-10543
-7727
-4212
-614
2678
5597
8150
10130
11443
11772
10405
7027
2817
-527
-2765
-4338
-5519
-6572
-7433
-8397
-8989
-7067
-2426
2653
6764
9827
12045
13196
12723
10796
7772
3608
-1124
-5117
-7534
-8959
-10368
-11348
-11069
-10012
-8723
-6376
-2549
1106
3164
4615
6513
7628
6714
4804
3096
765
-2888
-6197
-7518
-7855
-8679
-9106
-7793
-5755
-4416
-2876
-357
1194
277
-1214
-1189
-344
391
1765
3709
4243
2613
781
501
1453
3386
7247
12472
16066
16294
14535
12319
9596
6550
3931
1342
-2023
-5304
-6879
-6776
-6385
-6618
-7688
-9589
-11337
-10815
-6858
-846
4690
8265
9690
9402
8410
7951
8309
8317
6480
2601
-2029
-5908
-8290
-9131
-9102
-9498
-10959
-12459
-12399
-10205
-6559
-2646
669
3294
5549
7627
9599
11254
11735
10277
7187
3533
287
-2093
-3835
-5528
-7257
-8483
-8756
-7776
-5129
-1001
3255
6306
8139
9290
9590
8667
6862
4785
2566
147
-2292
-4645
-7014
-9170
-10404
-10373
-9340
-7466
-4780
-1906
444
2609
5047
6922
7120
6025
4483
2340
-450
-2937
-4461
-5781
-7317
-8075
-7410
-6106
-4859
-3362
-1599
-470
-704
-913
-13
937
1293
1651
2524
1922
-568
-1954
-1455
-517
577
3974
9676
14171
16010
16430
15769
12912
8772
6087
4891
2550
-1256
-3949
-5141
-7215
-10377
-11905
-11636
-12251
-13115
-10457
-4249
1463
4894
7357
9253
9518
8624
8642
10062
10733
8777
4987
986
-2987
-7267
-10271
-11000
-11026
-11690
-12656
-12106
-10215
-8032
-5100
-1487
2091
4479
6208
8402
10302
11047
10609
9291
6800
3287
133
-1852
-3496
-5529
-7262
-8090
-8251
-7595
-5172
-1168
2567
5084
7104
8783
8967
7499
5935
4992
3363
112
-3401
-5739
-7452
-9095
-9656
-8622
-7360
-6429
-4712
-1933
924
3499
5820
7193
7230
5941
3999
1965
42
-1842
-4281
-5951
-6261
-6417
-6687
-6362
-5098
-4518
-4414
-3030
-1241
-560
-540
-7
392
-190
-810
-447
280
291
91
1154
3906
7275
10638
14066
16413
15830
12640
9652
8467
7604
5295
2081
-776
-3618
-7211
-10440
-11447
-10914
-11357
-12655
-11763
-7669
-2873
920
4350
7147
7767
6803
6989
9141
11107
11133
9547
6746
2387
-2502
-5628
-6623
-7471
-9247
-11041
-12181
-12786
-12259
-9781
-6232
-3429
-1531
832
4084
7178
9431
11011
11515
10069
7305
5235
4447
3388
1180
-1239
-3435
-6101
-8503
-8449
-5775
-2935
-1287
293
2397
3706
3587
3337
3711
3577
2253
794
-167
-1575
-3734
-5225
-5371
-5410
-5972
-5796
-4175
-2253
-718
1301
3882
5433
5230
4425
3671
2193
-128
-2030
-2993
-4018
-5529
-6478
-6135
-5345
-5038
-4897
-4208
-3089
-2432
-2293
-1717
-543
37
-402
-625
127
879
691
699
1507
2585
4017
6695
11243
15150
16291
14973
12323
9655
7135
5595
4928
3490
684
-2828
-5974
-8840
-11449
-12962
-13174
-12749
-11767
-9388
-5376
-749
3022
5332
6464
6974
7509
8814
11164
13141
12485
8888
4389
490
-3028
-5908
-7070
-7280
-8929
-12191
-14313
-13649
-11603
-9643
-7111
-3448
6
2376
5087
9011
12054
12115
10320
8861
7812
6339
4916
4020
2448
-999
-5289
-8090
-8319
-6879
-5175
-3650
-2221
-1390
-1630
-1769
-278
1825
2283
1236
521
73
-1168
-1992
-973
137
-500
-1568
-1355
-260
317
946
2521
3476
2801
1259
499
433
-759
-1964
-2316
-2885
-4178
-5655
-5534
-5022
-5238
-5050
-4381
-3264
-2581
-1803
-664
52
563
441
24
-78
441
1280
1805
1927
1988
2339
3291
5645
9108
12705
14537
13952
12141
9337
6691
4920
3815
2533
104
-2626
-5650
-8614
-10578
-11685
-11870
-11698
-10775
-8490
-5266
-1556
1416
3500
5009
6053
7316
9172
11635
13511
13156
10331
6231
2108
-1472
-3941
-4917
-5332
-6934
-9838
-12353
-13246
-12740
-11309
-8789
-5518
-2699
-776
1284
4141
6681
7620
7336
6950
6629
6096
5789
5968
5633
3656
371
-2678
-4203
-4137
-3262
-2209
-1492
-1956
-3733
-5234
-5128
-4144
-3250
-2302
-1340
-1112
-1513
-1179
500
2242
2901
2771
2626
3017
3384
3719
4433
4372
2871
391
-1261
-1596
-2446
-3437
-4284
-5724
-7367
-8564
-8052
-6109
-3750
-1531
-481
-9
186
-278
-798
-1042
-1158
-1353
-1318
-574
389
830
850
464
256
830
2636
6254
10483
14027
15500
14595
12469
9730
7699
6573
5549
4181
2221
-436
-4315
-8644
-11946
-13920
-14771
-14274
-12283
-9151
-5603
-2583
-274
1765
3618
5159
6940
9484
11995
13192
12616
10536
7501
4236
1495
-121
-802
-1689
-3811
-6934
-9886
-12026
-13169
-12951
-11277
-8888
-6689
-4941
-3292
-1426
395
2090
3418
4808
6613
8061
9229
9898
9825
8287
5044
2145
620
271
186
-73
-430
-2059
-5133
-7965
-9064
-8756
-7949
-6562
-4712
-3424
-2978
-2157
-276
1847
3218
3903
4393
4706
4772
4850
5083
4864
3444
1171
-687
-1578
-2062
-2634
-3386
-4551
-6268
-7823
-7959
-6228
-3666
-1793
-1165
-1449
-2379
-3503
-3713
-2495
-862
71
440
704
620
-25
-545
-122
1165
2981
5756
9813
14040
16591
16586
14335
10743
7191
5046
4522
4495
3658
1410
-2188
-6549
-10524
-12997
-13590
-12606
-10697
-8510
-6319
-4233
-2517
-1246
-127
1097
2655
4942
7891
10667
12254
11821
9350
6130
3523
2030
1783
2399
2429
421
-3280
-6943
-9602
-11109
-11099
-9892
-8648
-7835
-7299
-6769
-5667
-4056
-2562
-972
1091
3379
5668
7781
9368
9795
8546
6316
4560
4139
4756
5285
5211
4307
1751
-2098
-5481
-7361
-7884
-7608
-6853
-6004
-5692
-5884
-6059
-5689
-4380
-2521
-581
1524
3692
5612
6761
6811
6219
5096
3361
2017
1892
2343
2142
748
-1585
-4428
-7161
-8773
-8412
-6547
-5107
-4980
-5281
-5821
-6736
-7087
-6246
-4554
-2636
-863
880
2518
3617
4103
4426
5237
6822
9157
12253
15367
16858
15639
12259
8475
5670
4183
3802
3796
3170
1101
-2551
-6567
-9537
-11380
-12226
-11798
-10515
-9055
-7591
-6241
-4916
-3496
-2298
-1067
1053
4131
7514
10416
11955
11557
9561
7183
5658
5436
6126
6622
5574
2462
-1924
-6259
-9546
-11295
-11557
-10926
-10211
-9994
-10141
-9806
-8574
-7011
-5507
-3645
-1167
1660
4730
7979
10665
11681
10732
8878
7602
7503
8176
8951
8972
7121
3111
-1675
-5357
-7269
-7839
-7574
-7124
-7452
-8701
-9798
-9752
-8527
-6597
-4394
-2069
326
2517
4292
5772
6724
6601
5713
5037
4943
5286
5714
5204
3085
-182
-3896
-7017
-8263
-7657
-6451
-5705
-5818
-7080
-9259
-10762
-10550
-9009
-6354
-3174
-672
949
1939
2493
3255
4531
6599
9552
13055
16444
18236
17995
16016
12690
9719
8013
7278
6964
6226
4508
1344
-3025
-7649
-11529
-13767
-14395
-13660
-11970
-10366
-9210
-8541
-8039
-7047
-5252
-2515
801
4634
8383
10684
11313
10818
9939
8968
8373
8798
9373
8747
6069
1856
-2358
-6015
-8631
-9808
-9805
-9235
-9403
-10280
-10896
-11245
-11070
-10059
-8033
-5174
-2220
528
3091
5513
7066
7245
7086
7452
8377
9892
11776
13065
12829
10662
6912
2902
-151
-2118
-3260
-3872
-4852
-6815
-9273
-11324
-12669
-12969
-11915
-10242
-8189
-5819
-3404
-988
1113
2848
4098
5169
6335
7467
8857
9728
9078
7007
3976
675
-2102
-3371
-3294
-2991
-3161
-4745
-7536
-10294
-12122
-12217
-10786
-8244
-5614
-3729
-2483
-1993
-1265
-335
917
3546
7268
11690
15677
18212
18658
16866
13961
11753
11024
11257
11865
11428
9321
5053
-754
-6066
-10298
-12539
-12840
-12310
-11673
-11444
-11697
-12327
-12616
-11978
-10200
-7429
-3840
394
4528
7671
9186
9450
9381
9305
9690
11154
12731
12852
11176
7970
3810
-273
-3416
-5375
-6068
-6220
-7182
-9087
-10932
-12389
-13456
-13352
-12333
-10614
-8298
-5777
-2989
-386
2096
3570
4401
5747
7220
9159
11594
14258
15420
14593
12540
9122
5939
3770
2277
871
-918
-3447
-6886
-10006
-12423
-14110
-14392
-13422
-11955
-10007
-7420
-4922
-2936
-1156
518
1898
3476
5723
8062
9921
10752
9859
7552
4838
2310
700
555
967
511
-1113
-3621
-6762
-9539
-10984
-11227
-10635
-9563
-8486
-7501
-6648
-5964
-5122
-3813
-1859
1048
5054
9694
13871
16507
17136
15963
14043
12931
13324
14479
15130
14314
11452
6691
1260
-3323
-6245
-7597
-8133
-8681
-9812
-11586
-13447
-14733
-14850
-13571
-11516
-9172
-6413
-3413
-529
1974
3687
4660
5408
6238
7608
10001
12614
13780
12917
10471
6964
3529
1364
463
259
-31
-1555
-4592
-8084
-10803
-12351
-12844
-12283
-11005
-9732
-8477
-6746
-4577
-2460
-799
395
1501
2918
4855
7413
10264
12449
13070
12059
10065
8026
6676
5916
5057
3750
1999
-337
-3264
-6204
-8527
-10194
-11344
-11694
-10916
-9341
-7690
-6278
-5067
-4082
-3202
-1935
117
2758
5388
7309
7940
7221
5749
4341
3524
3395
3616
3560
2627
702
-1604
-3565
-5114
-6432
-7378
-7947
-8337
-8383
-7873
-7166
-6574
-6039
-5597
-4855
-2850
663
4951
9125
12264
13422
12487
10915
10490
11595
13578
15350
15455
13403
9913
5736
1926
-369
-1465
-2558
-4064
-5912
-8042
-9872
-10909
-11525
-11950
-11934
-11622
-10882
-8814
-5497
-2267
42
1307
1703
2012
3162
5511
8553
11006
11763
10589
8158
5640
3781
2650
2215
2049
1220
-639
-3019
-5168
-6614
-7518
-8247
-8698
-8573
-7787
-6578
-5134
-3390
-1954
-1754
-2301
-2314
-1362
561
3238
5815
7624
8440
7874
6326
5381
5565
5779
5581
5231
4270
2400
147
-2156
-4287
-5696
-6434
-6976
-6888
-5946
-5281
-5379
-5448
-5176
-4758
-3926
-2217
244
2644
4249
4806
4287
3158
2227
2010
2670
3862
4633
4229
2698
574
-1620
-3431
-4518
-4946
-5031
-5045
-5180
-5355
-5358
-5522
-6280
-7104
-7078
-5916
-3480
290
4508
7774
9226
8595
6619
5409
6601
9642
12859
14736
14239
11423
7537
4256
2578
2174
1907
866
-916
-2758
-4465
-6096
-7258
-8020
-8810
-9267
-8988
-7989
-6027
-3550
-2121
-2236
-2713
-2765
-2170
-150
3295
6438
7758
7067
4941
2603
1459
1876
3185
4564
5251
4505
2127
-911
-3068
-3888
-4075
-3988
-3602
-3321
-3357
-3460
-3651
-4000
-4392
-4887
-4929
-3538
-1153
1005
2802
4052
3871
2649
1745
1661
2578
4403
5712
5432
4230
2619
539
-1119
-1649
-1842
-2306
-2719
-2966
-3129
-3181
-3510
-4282
-4771
-4622
-4110
-2897
-822
1070
1981
1997
1376
641
457
948
1784
2862
3813
3846
2822
1589
684
-344
-1292
-1818
-2186
-2259
-2108
-1988
-1816
-1717
-2296
-3582
-4696
-5230
-5263
-4575
-3301
-2271
-1566
-602
464
1420
2751
4208
4905
5434
6359
7095
7589
8236
8762
8491
7650
6617
5287
4180
3424
2503
1430
427
-605
-1719
-2530
-3198
-3787
-3835
-3730
-3842
-3782
-3420
-3495
-4064
-4197
-3769
-3164
-2087
-578
385
767
743
111
-619
-770
-354
-108
261
981
1238
854
232
-354
-803
-923
-1022
-1016
-528
-154
-179
-198
-93
-371
-742
-524
-121
485
1409
2039
2044
1502
711
-88
-265
626
1707
2168
1988
1169
-142
-1224
-1580
-1455
-1110
-855
-1124
-1768
-2177
-2532
-3271
-3668
-3301
-2856
-2299
-1238
-322
69
410
460
-125
-401
242
1064
1799
2635
2821
1970
747
-410
-1387
-1839
-1721
-1577
-1464
-1191
-1218
-1861
-2443
-2559
-2825
-2908
-2423
-1851
-1257
-443
547
1469
2477
3155
3209
3435
4182
4977
5400
5795
6083
5863
5055
4009
3416
3304
3253
2661
1706
860
83
-517
-819
-834
-987
-1352
-1740
-2146
-2083
-1423
-972
-1163
-1341
-1228
-1170
-920
-271
206
190
-70
-582
-1180
-1379
-1222
-1052
-821
-598
-799
-1386
-1806
-1818
-1697
-1656
-1813
-2006
-1968
-1842
-1700
-1438
-928
-551
-505
-145
525
973
1235
1743
2346
2561
2599
2602
2442
2228
1933
1486
1099
912
609
-164
-1026
-1446
-1795
-2246
-2402
-2430
-2358
-2093
-1850
-1522
-1179
-999
-968
-883
-324
428
1099
1664
1752
1414
871
265
-237
-352
-68
54
21
-49
-355
-932
-1503
-1723
-1791
-1622
-1132
-648
-232
-14
-161
-838
-1535
-1544
-1226
-852
-464
-309
-626
-1253
-1649
-1626
-1098
-330
396
1018
1379
1536
1522
1680
2060
2307
2520
2710
2945
3238
3501
3622
3476
3358
3170
2902
2851
2988
3088
2879
2534
2074
1547
1104
641
117
-484
-895
-1211
-1481
-1554
-1669
-1898
-2259
-2548
-2776
-2980
-2833
-2566
-2346
-2256
-2357
-2514
-2721
-2537
-1930
-1210
-397
109
297
374
345
338
380
582
881
1159
1389
1407
1272
1042
742
500
333
232
147
67
35
-25
-232
-621
-1084
-1392
-1332
-938
-406
98
420
447
263
89
8
69
296
442
366
269
225
79
-114
-302
-649
-1109
-1370
-1327
-1163
-836
-480
-400
-492
-641
-697
-672
-586
-425
-339
-241
-188
-188
-105
-30
-49
-170
-231
-130
46
191
252
205
6
-313
-617
-752
-717
-633
-598
-652
-827
-1149
-1521
-1729
-1580
-1045
-311
361
861
1177
1326
1492
1908
2500
2966
3279
3620
3923
3978
3825
3559
3136
2586
2104
1915
1851
1723
1394
687
-158
-944
-1445
-1549
-1449
-1255
-1313
-1709
-2139
-2355
-2255
-1968
-1661
-1334
-911
-566
-327
-23
212
243
213
280
458
755
1086
1170
909
505
87
-272
-426
-359
-217
-181
-270
-345
-472
-750
-936
-929
-861
-681
-428
-182
24
148
117
7
30
3
-44
23
146
355
466
382
75
-379
-785
-1059
-1095
-883
-687
-761
-970
-1293
-1563
-1635
-1590
-1403
-1215
-983
-736
-556
-330
-164
-132
-74
116
340
539
730
857
805
626
374
98
-26
-28
75
136
119
88
-172
-508
-758
-882
-852
-758
-479
-146
80
141
-2
-75
9
271
684
1171
1700
1950
1967
2001
2013
1997
1957
1924
1858
1765
1614
1332
1015
670
291
-109
-365
-511
-695
-743
-764
-769
-744
-748
-728
-725
-558
-333
-55
319
616
759
727
735
737
785
976
1090
1134
1062
831
521
229
41
-116
-247
-296
-414
-607
-713
-835
-952
-949
-898
-790
-624
-439
-283
-219
-167
-145
-189
-110
49
143
251
289
136
-66
-235
-394
-505
-529
-523
-633
-858
-1098
-1355
-1566
-1597
-1495
-1407
-1331
-1196
-1064
-1014
-973
-902
-800
-608
-319
10
277
476
624
672
611
540
523
572
682
735
792
720
543
408
194
57
-135
-240
-204
-273
-221
-194
-227
-272
-305
-143
85
319
547
700
751
816
921
961
1067
1221
1233
1139
1029
838
578
387
182
-55
-189
-284
-443
-468
-368
-450
-499
-517
-589
-555
-464
-231
-96
64
320
353
444
566
639
753
930
1078
1004
928
914
807
689
645
486
207
103
39
-72
-59
-59
-225
-371
-378
-418
-370
-175
-30
-23
-125
-143
-254
-356
-252
-205
-208
-228
-208
-288
-331
-184
-190
-254
-273
-365
-512
-546
-504
-516
-541
-614
-747
-853
-859
-980
-1069
-1001
-1025
-955
-748
-579
-479
-367
-229
-172
-22
186
276
364
488
509
420
410
359
251
257
307
328
226
185
157
55
32
-34
-111
-188
-131
22
140
330
394
349
316
334
394
511
735
826
762
654
490
317
210
205
197
73
-36
-104
-279
-335
-241
-313
-320
-200
-317
-415
-217
-118
-141
81
200
41
48
195
209
300
598
570
398
393
266
195
251
325
240
89
88
17
-135
-186
-120
-201
-240
-24
-28
-112
59
93
-62
-54
-74
-268
-264
-65
15
102
275
239
84
75
42
-16
92
175
154
204
238
140
19
-116
-291
-414
-448
-456
-481
-502
-522
-588
-616
-552
-500
-460
-348
-244
-189
-107
8
69
99
205
285
227
201
227
148
127
222
184
129
156
64
-45
-58
-92
-137
-152
-99
-34
-69
-5
102
16
-20
55
70
153
359
401
354
276
116
121
-27
-120
64
-124
-235
-152
-362
-491
-455
-410
-436
-335
-200
-384
-314
-92
-105
115
404
456
473
553
604
587
599
596
452
305
297
321
303
253
223
124
-77
-145
-147
-189
-32
150
105
95
70
-140
-213
-93
-41
-15
52
69
21
-11
34
-16
-143
-62
-13
-98
54
156
-1
-16
16
-89
-191
-202
-207
-356
-360
-160
-224
-282
-214
-439
-486
-230
-225
-211
-67
-90
-69
94
113
51
65
76
10
-18
70
85
120
182
171
68
-89
-85
-188
-208
-49
-70
-106
-158
-124
-159
-212
-34
-19
12
214
270
356
511
430
361
437
405
423
537
413
173
93
-44
-214
-305
-358
-475
-631
-523
-561
-681
-502
-522
-455
-270
-278
-178
-93
124
346
371
542
565
412
435
446
299
314
345
249
303
242
140
51
-75
-132
-237
-176
-118
-96
45
30
20
-65
-311
-285
-269
-165
258
339
355
379
119
75
148
250
441
556
557
341
152
4
-191
-162
-29
-121
-279
-247
-469
-618
-396
-466
-530
-496
-550
-663
-593
-383
-371
-159
-35
-79
-60
0
50
92
347
323
326
375
253
353
200
171
299
94
38
81
15
-73
-53
-49
-205
-173
-144
-184
-21
74
108
181
141
136
211
233
317
353
372
340
180
167
97
17
-10
-71
-121
-303
-381
-509
-591
-433
-461
-433
-357
-312
-231
-221
-17
25
-47
100
198
189
235
388
265
195
344
155
28
234
219
144
342
180
-36
49
40
102
116
183
81
-201
-58
-91
-207
16
139
124
61
124
18
-95
128
133
102
278
318
220
259
240
94
13
-51
-27
-52
99
265
158
13
-200
-350
-559
-555
-273
-277
-286
-181
-339
-554
-503
-488
-517
-275
-133
-180
7
142
26
152
273
88
117
260
184
245
389
277
158
113
-9
-111
-83
43
92
-18
-81
-42
-192
-139
121
63
60
199
216
98
176
244
-33
36
163
40
114
161
34
-77
-92
-154
-272
-254
-132
-130
-146
-47
-179
-434
-341
-162
-192
-81
70
-66
-113
23
12
5
73
32
42
183
278
294
319
359
301
190
153
43
-47
37
92
91
61
-66
-212
-209
-201
-194
-88
-103
-18
-2
-107
126
114
44
245
138
111
223
206
232
256
327
303
228
240
161
24
41
104
26
-1
18
-85
-228
-220
-249
-364
-364
-383
-428
-449
-311
-325
-385
-110
-165
-205
32
-11
-29
94
173
192
208
192
93
51
76
99
39
98
119
-62
27
15
-92
11
-10
-33
-47
-38
-42
-129
-72
8
-66
-83
68
26
-52
111
94
-62
-9
8
-104
-21
140
81
23
94
-10
-215
-179
-124
-204
-117
20
-76
-120
-39
-164
-260
-87
-4
-14
164
247
118
132
189
83
76
174
163
188
287
283
207
113
36
-47
-103
65
219
149
167
147
-103
-188
-120
-124
-96
5
47
-29
-24
-22
-150
-71
47
-23
8
77
55
131
277
284
202
74
-25
16
27
101
139
38
-40
-176
-239
-254
-242
-232
-276
-166
-165
-291
-165
-78
-166
-10
66
-59
-21
31
79
151
227
187
120
146
80
70
83
81
43
-6
69
2
-58
28
15
-28
-53
-102
-157
-145
-5
41
11
42
-26
-60
0
-3
-83
-85
-5
-97
-100
8
-57
-90
-42
-55
-165
-176
-84
-64
-1
65
-21
-120
-123
-156
-138
11
61
-16
17
63
-17
-8
-26
-50
99
159
174
208
149
80
51
158
258
252
244
180
137
101
53
35
5
7
72
67
-14
2
-62
-85
59
43
43
106
94
151
171
120
46
-52
-1
33
14
120
55
-30
6
-116
-193
-208
-253
-175
-96
-89
-51
-140
-245
-151
-163
-158
-15
-55
-45
73
61
64
78
69
50
20
91
114
76
184
177
52
66
10
-58
-33
44
81
1
75
42
-163
-125
-81
-157
-94
43
-4
-85
-31
-61
-137
-52
19
-89
-42
96
0
-11
94
-6
-110
-37
11
-33
-27
31
-24
-96
-42
-80
-215
-186
-76
-75
-80
42
53
-64
42
52
-120
10
100
-2
185
264
39
16
30
0
35
139
220
96
92
27
-120
-29
-39
15
146
131
135
8
-77
-52
-99
52
179
153
219
138
84
98
-54
44
64
-83
116
64
-93
-22
-140
-248
-170
-119
-206
-151
-50
-143
-183
-34
-32
-200
-72
-82
-119
82
6
2
64
-50
-52
34
51
101
138
87
166
105
-39
118
177
57
122
171
3
-37
70
0
-46
62
-35
-126
2
-40
-61
80
10
-54
0
-73
-56
66
69
71
85
-32
-157
-161
-146
-117
12
44
-51
-107
-231
-286
-129
-80
-20
198
145
-54
-67
-153
-182
37
131
193
303
113
-56
0
-76
-72
121
138
86
60
-36
-121
-97
43
76
6
-36
-54
-27
37
117
129
68
42
81
39
29
75
104
194
136
109
66
-52
37
79
96
166
83
-43
-14
-54
-115
3
-50
-107
-5
-13
-95
-175
-228
-233
-179
-34
67
-3
-77
-178
-191
-100
-134
-45
14
-33
72
128
67
18
40
39
22
60
31
1
50
69
83
80
-8
-31
-15
-48
7
42
51
78
8
0
2
-82
-69
46
31
-40
99
44
-106
-10
-53
-84
-28
22
133
73
1
2
-43
-58
-39
-12
-44
-17
-16
-54
59
-6
-68
70
15
-2
64
-47
-89
15
0
-71
28
46
-30
105
169
60
8
-60
-68
45
123
171
147
20
-40
-46
-54
-30
1
53
44
25
45
-54
-96
-13
31
78
82
26
-28
-62
-36
12
38
26
0
-16
-67
-74
-57
-50
13
10
9
14
-28
31
31
30
28
-75
-44
-50
-44
66
37
58
56
-1
5
-65
-48
7
-39
-12
32
-34
-20
32
-65
-76
-45
-64
15
57
34
43
0
-90
-55
-22
-56
36
51
21
80
-22
-109
-73
-103
-82
13
69
51
80
74
-113
-127
-77
-155
-26
147
160
159
113
-31
-80
-73
-88
9
124
194
177
115
0
-173
-146
-44
67
238
272
164
55
-68
-140
-100
-27
58
83
105
17
-53
-82
-102
-21
-30
-5
-1
38
83
-7
15
5
-98
-40
21
10
39
71
22
-89
-41
-67
-103
42
87
42
0
0
-93
-122
40
-18
-22
115
-8
-67
25
9
-34
37
49
1
29
34
-28
-5
24
-29
45
22
-14
20
-17
-34
-20
6
-60
33
87
-75
-39
0
-89
-58
-8
-27
-34
-28
-33
-9
-27
-55
27
23
32
79
-9
-31
-27
-52
8
58
4
-19
7
-99
-104
23
-64
-46
78
-16
-39
20
-51
-68
-15
-46
27
-10
-40
100
36
36
95
-12
-28
-5
22
87
42
47
61
24
0
-21
-93
-90
-30
30
131
38
29
12
-53
52
34
86
140
20
64
60
-63
15
62
26
102
65
-33
12
-29
-30
75
34
-3
35
0
0
0
0
0
0
0
0
0
0
0
0
0
0
0
0
0
0
0
0
0
0
0
0
0
0
0
0
0
0
0
0
0
0
0
0
0
0
0
0
0
0
0
0
0
0
0
0
0
0
0
0
0
0
0
0
0
0
0
0
0
0
0
0
0
0
0
0
0
0
0
0
0
0
0
0
0
0
0
0
0
0
0
0
0
0
0
0
0
0
0
0
0
0
0
0
0
0
0
0
0
0
0
0
0
0
0
0
0
0
0
0
0
0
0
0
0
0
0
0
0
0
0
0
0
0
0
0
0
0
0
0
0
0
0
0
0
0
0
0
0
0
0
0
0
0
0
0
0
0
0
0
0
0
0
0
0
0
0
0
0
0
0
0
0
0
0
0
0
0
0
0
0
0
0
0
0
0
0
0
0
0
0
0
0
0
0
0
0
0
0
0
0
0
0
0
0
0
0
0
0
0
0
0
0
0
0
0
0
0
0
0
0
0
0
0
0
0
0
0
0
0
0
0
0
0
0
0
0
0
0
0
0
0
0
0
0
0
0
0
0
0
0
0
0
0
0
0
0
0
0
0
0
0
0
0
0
0
0
0
0
0
0
0
0
0
0
0
0
0
0
0
0
0
0
0
0
0
0
0
0
0
0
0
0
0
0
0
0
0
0
0
0
0
0
0
0
0
0
0
0
0
0
0
0
0
0
0
0
0
0
0
0
0
0
0
0
0
0
0
0
0
0
0
0
0
0
0
0
0
0
0
0
0
0
0
0
0
0
0
0
0
0
0
0
0
0
0
0
0
0
0
0
0
0
0
0
0
0
0
0
0
0
0
0
0
0
0
0
0
0
0
0
0
0
0
0
0
0
0
0
0
0
0
0
0
0
0
0
0
0
0
0
0
0
0
0
0
0
0
