0
0
0
0
0
0
0
0
0
0
0
0
0
0
0
0
0
0
0
0
0
0
0
0
0
0
0
0
0
0
0
0
0
0
0
0
0
0
0
0
0
0
0
0
0
0
0
0
0
0
0
0
0
0
0
0
0
0
0
0
0
0
0
0
0
0
0
0
0
0
0
0
0
0
0
0
0
0
0
0
0
0
0
0
0
0
0
0
0
0
0
0
0
0
0
0
0
0
0
0
0
0
0
0
0
0
0
0
0
0
0
0
0
0
0
0
0
0
0
0
0
0
0
0
0
0
0
0
0
0
0
0
0
0
0
0
0
0
0
0
0
0
0
0
0
0
0
0
0
0
0
0
0
0
0
0
0
0
0
0
0
0
0
0
0
0
0
0
0
0
0
0
0
0
0
0
0
0
0
0
0
0
0
0
0
0
0
0
0
0
0
0
0
0
0
0
0
0
0
0
0
0
0
0
0
0
0
0
0
0
0
0
0
0
0
0
0
0
0
0
0
0
0
0
0
0
0
0
0
0
0
0
0
0
0
0
0
0
0
0
0
0
0
0
0
0
0
0
0
0
0
0
0
0
0
0
0
0
0
0
0
0
0
0
0
0
0
0
0
0
0
0
0
0
0
0
0
0
0
0
0
0
0
0
0
0
0
0
0
0
0
0
0
0
0
0
0
0
0
0
0
0
0
0
0
0
0
0
0
0
0
0
0
0
0
0
0
0
0
0
0
0
0
0
0
0
0
0
0
0
0
0
0
0
0
0
0
0
0
0
0
0
0
0
0
0
0
0
0
0
0
0
0
0
0
0
0
0
0
0
0
0
0
0
0
0
0
0
0
0
0
0
0
0
0
0
0
0
0
0
0
0
0
0
0
0
0
0
0
0
0
0
0
0
0
0
194
128
-142
-16
23
-55
54
-142
-36
133
-79
-61
35
-18
34
-34
-71
215
-1
-50
184
-115
108
178
-232
30
122
-271
-151
240
92
-186
12
95
-38
66
-37
-95
42
-67
5
137
109
-51
-125
39
-164
-131
20
-238
46
134
-124
21
32
-26
-75
37
209
-45
-142
158
137
-136
-21
125
33
-64
-71
6
15
15
6
-155
14
282
-255
2
322
-318
67
-11
-160
302
-68
-15
200
-18
-2
97
45
-39
-137
-135
59
-69
-22
98
-96
168
70
-163
80
41
-76
229
39
-170
160
-136
12
34
-252
107
-9
-191
102
3
-77
51
-5
34
-43
23
149
-32
1
173
-370
-197
355
-141
2
118
-296
-14
-5
-123
30
-92
105
47
-36
48
-64
-46
139
-10
-184
248
-104
13
303
-348
157
231
-362
102
143
-116
-116
76
255
-124
-50
162
10
57
14
-132
27
173
-189
-106
193
-104
34
-8
-169
166
-52
-263
23
81
-7
36
51
57
-99
37
72
-130
23
121
95
-32
-126
-80
189
61
-90
-4
-179
40
60
-190
-24
205
88
53
-48
-241
53
27
-45
139
-40
-229
58
124
40
51
-121
63
-56
-139
256
79
176
194
-153
-109
64
204
-263
-185
54
-137
24
37
117
119
6
-82
9
47
-156
-18
34
-9
96
146
-229
-91
238
-92
45
-61
-146
85
-79
166
244
54
119
-109
-224
-30
13
-70
-4
16
-26
10
24
26
14
145
-82
-202
-25
-84
-101
-54
6
1
39
-70
233
112
-289
290
92
-218
348
32
-420
333
197
-449
27
66
-302
39
172
-254
36
171
-173
129
-36
-143
222
-179
-276
-49
-109
11
6
67
199
-51
-192
187
193
-253
25
226
-190
-3
214
-203
-27
306
-71
-235
33
122
-97
-92
117
141
-70
-43
127
-4
131
-27
-164
192
82
-15
2
-2
-119
-109
38
-233
114
332
45
-107
38
58
-308
214
104
-272
200
-13
31
51
-8
153
60
147
-152
-27
-143
-401
77
-28
9
65
93
18
-58
273
-170
-59
63
-28
171
-74
228
53
-52
109
-395
-182
78
-45
-117
101
73
-161
280
-59
-101
237
-135
-116
-230
71
-24
-180
324
-2
-49
211
47
-348
-86
158
-152
84
-3
-85
9
-67
59
-8
-48
-7
-13
-29
84
132
-104
179
153
-210
122
44
-243
-88
-72
-291
-43
239
-78
68
137
-36
150
151
47
40
226
-259
-186
292
-259
131
293
-134
120
189
68
-67
-18
-87
-15
48
-155
74
73
37
175
141
145
50
51
23
208
64
-270
-94
-516
-390
-52
-325
-23
130
-109
-102
147
197
52
-75
241
194
105
291
-427
-484
-21
-280
-210
0
-152
-7
62
-17
250
405
145
183
19
-139
285
-100
-337
15
-46
85
268
109
9
19
-79
-330
-115
-111
-317
-65
107
356
204
257
136
-324
-47
-141
-9
190
49
5
-203
55
243
301
314
57
-46
39
-6
-307
63
407
-169
138
213
-166
189
79
50
-245
-120
113
-404
-145
-33
-99
64
-118
-46
-1
-88
-39
-101
2
85
-103
-347
68
91
-33
490
47
-180
162
23
-46
132
-252
-288
-170
-423
-105
-328
-139
82
-220
154
247
344
176
-184
299
7
88
456
-277
188
241
-287
147
-62
-316
-111
-170
-12
-24
-4
298
143
57
150
93
274
185
-179
5
296
259
-265
-450
43
12
17
144
-18
235
275
59
175
272
19
-306
-149
-85
-146
71
-50
-14
78
84
-145
-170
29
-347
-184
30
-203
-221
261
236
39
145
32
3
-3
-103
-243
19
-225
-166
-23
-561
76
115
-268
275
86
-296
-125
126
-124
-165
127
-52
-196
74
126
-211
17
499
81
-28
362
55
-134
134
446
21
-250
242
145
-133
46
-79
-191
366
-25
-404
187
-354
-222
371
-88
30
164
166
-41
-58
376
262
311
440
177
-39
-245
-277
-209
-40
-251
-105
70
-526
-82
212
-24
-116
-114
277
138
56
270
281
42
-54
196
-69
-85
-156
-273
-242
-440
25
-280
-448
210
77
75
159
146
94
-119
202
103
-37
216
-99
-305
-292
-97
24
-78
83
49
74
-126
-348
53
-48
-157
75
248
451
303
-61
149
330
-32
-155
-100
5
-196
-187
81
-88
8
-34
-225
107
-106
-156
209
135
331
116
42
428
182
-149
-95
-79
-238
-253
-188
-33
54
16
42
212
251
48
-40
41
117
-32
-179
-163
-81
125
240
242
168
82
40
-184
-242
-150
-235
-343
27
250
-213
-195
93
50
-176
-11
65
-297
-157
-230
-393
70
192
-65
119
17
-203
-53
-300
-114
266
-107
9
278
146
234
116
33
259
-135
-505
-45
-137
-35
207
-47
271
347
352
332
118
32
4
75
-57
4
34
-105
296
94
-345
345
289
-129
-49
-7
93
58
-15
-390
59
231
-308
91
-4
-185
18
-115
37
142
63
121
136
87
143
-13
-338
30
-83
-303
-46
-348
-147
-114
63
181
-226
110
-171
-323
-104
-135
-24
-459
-198
-67
-345
-118
-266
67
132
-36
143
194
165
-206
-131
2
191
207
-68
287
208
155
395
104
59
92
-80
-130
-5
-46
63
153
-147
107
335
379
185
-58
194
176
40
-61
35
94
-53
-16
69
99
24
-23
20
-36
-204
-144
90
40
-28
15
-60
229
55
-380
-72
-175
-113
25
-98
180
258
75
-81
67
-104
-154
170
-103
-120
15
68
258
59
112
-56
-166
146
-92
-147
-137
-224
-340
-322
-5
-148
-231
-206
-231
5
-2
-144
-182
-79
-191
-346
-20
-61
-63
136
64
34
-2
147
-1
-231
-156
-81
-176
-303
-258
-380
-206
-96
-270
91
238
203
581
500
463
700
491
187
282
247
-76
-5
-69
40
157
112
252
39
161
337
261
281
198
109
139
77
-48
133
103
39
276
342
344
247
201
477
538
419
473
421
231
116
148
172
161
145
20
-84
63
227
56
-162
-267
-322
-210
-313
-569
-441
-397
-704
-725
-491
-497
-603
-724
-831
-757
-743
-885
-1015
-1026
-1225
-1456
-1358
-1549
-1747
-1782
-1832
-1540
-1459
-1482
-1342
-1306
-1206
-1088
-972
-913
-865
-745
-489
-256
-273
126
640
1025
1665
1955
2400
3129
3394
3605
3933
4221
4263
4068
3934
3743
3425
3001
2458
1900
1478
975
452
110
-298
-532
-647
-738
-723
-711
-430
-334
-324
20
120
103
250
398
437
378
269
201
200
-78
-397
-502
-607
-731
-938
-1024
-1066
-1191
-1288
-1426
-1447
-1551
-1744
-1724
-1741
-1987
-2045
-2118
-2571
-2729
-2840
-3066
-3084
-3190
-3284
-3287
-3059
-2935
-3041
-2925
-2872
-2836
-2609
-2475
-2414
-2201
-2032
-1896
-1526
-1350
-1248
-867
-577
-254
201
808
1631
2403
3242
4302
5472
6533
7418
8226
8867
9229
9312
9144
8632
7834
6856
5643
4362
3129
1881
727
-324
-1218
-1719
-2153
-2628
-2684
-2603
-2663
-2535
-2506
-2644
-2574
-2675
-2883
-2961
-3123
-3176
-3250
-3240
-2990
-2830
-2535
-2091
-1653
-1031
-340
222
767
1390
1756
1963
2308
2273
2095
2159
1921
1608
1392
996
623
364
155
-115
-301
-379
-481
-549
-651
-631
-585
-627
-540
-569
-777
-876
-1022
-1314
-1505
-1721
-2012
-2249
-2683
-3089
-3206
-3443
-3688
-3678
-3654
-3607
-3597
-3744
-3651
-3400
-3323
-3152
-2923
-2778
-2543
-2258
-2043
-1801
-1460
-1222
-927
-533
-170
463
1209
2037
3096
4122
5257
6410
7463
8673
9663
10409
11125
11335
11224
10928
10131
9058
7674
6068
4419
2602
944
-570
-2049
-3193
-4102
-4846
-5270
-5430
-5561
-5629
-5491
-5404
-5307
-5122
-4986
-4816
-4696
-4518
-4300
-4122
-3772
-3365
-2829
-2097
-1305
-525
259
1200
2156
3003
3816
4552
5091
5425
5586
5589
5440
5078
4613
3983
3221
2476
1639
849
136
-559
-1117
-1623
-2087
-2472
-2777
-2880
-2961
-3098
-3080
-3058
-3113
-3232
-3387
-3504
-3750
-4075
-4321
-4539
-4767
-4961
-5155
-5315
-5393
-5431
-5305
-5112
-4829
-4399
-4085
-3655
-3092
-2660
-2153
-1663
-1315
-857
-320
273
906
1500
2244
3113
4085
5256
6587
7971
9237
10442
11598
12513
13198
13689
13716
13305
12619
11504
10103
8333
6192
4068
1927
-201
-2166
-3943
-5429
-6584
-7533
-8193
-8401
-8534
-8525
-8137
-7801
-7367
-6766
-6321
-5885
-5435
-4992
-4485
-4017
-3519
-2912
-2336
-1566
-674
35
994
2064
2856
3686
4557
5192
5634
5925
5909
5762
5503
4933
4286
3578
2760
1975
1260
677
175
-183
-382
-587
-738
-786
-816
-1006
-1259
-1429
-1747
-2195
-2699
-3208
-3624
-4091
-4472
-4771
-4999
-4976
-4955
-4917
-4654
-4424
-4324
-4175
-4130
-4168
-4169
-4240
-4270
-4301
-4250
-4052
-3852
-3493
-3121
-2751
-2136
-1520
-948
-236
523
1362
2273
3222
4341
5561
6775
8005
9391
10796
12002
13064
13940
14618
14946
14812
14293
13277
11794
10144
8188
5739
3319
926
-1574
-3790
-5780
-7525
-8858
-9892
-10626
-10952
-11005
-10817
-10409
-9895
-9148
-8284
-7425
-6558
-5717
-4843
-3927
-2978
-2153
-1372
-497
344
1142
1952
2813
3610
4304
5018
5676
6226
6574
6638
6482
6234
5815
5066
4252
3268
2083
1070
23
-936
-1639
-2193
-2419
-2537
-2475
-2212
-2016
-1716
-1464
-1269
-1131
-1301
-1558
-1870
-2268
-2649
-3168
-3711
-4093
-4397
-4571
-4633
-4698
-4658
-4551
-4468
-4402
-4376
-4350
-4383
-4450
-4460
-4462
-4360
-4206
-4123
-3905
-3489
-3062
-2589
-1983
-1210
-258
800
2050
3316
4640
6199
7724
9333
10972
12551
14038
15244
16243
16927
17271
17104
16354
15211
13636
11701
9355
6583
3683
809
-2100
-4906
-7395
-9563
-11416
-12872
-13821
-14321
-14430
-14151
-13587
-12825
-11802
-10556
-9275
-8079
-6883
-5522
-4197
-2977
-1848
-765
455
1544
2545
3506
4448
5460
6274
7008
7674
8219
8570
8492
8158
7708
7003
5958
4740
3443
2082
692
-696
-1988
-3086
-3873
-4406
-4793
-4873
-4551
-4084
-3479
-2812
-2168
-1352
-701
-384
-199
-99
-207
-516
-881
-1406
-1907
-2310
-2705
-3120
-3455
-3523
-3634
-3858
-4036
-4195
-4369
-4600
-4900
-5216
-5395
-5436
-5429
-5427
-5192
-4657
-4089
-3503
-2813
-1846
-791
227
1424
2639
3949
5441
6918
8427
10053
11827
13502
14902
16159
17205
17885
18055
17715
16842
15373
13531
11277
8534
5493
2367
-731
-3973
-7148
-9858
-12127
-14055
-15597
-16479
-16745
-16602
-16004
-15027
-13731
-12087
-10245
-8481
-6793
-4980
-3214
-1729
-344
1016
2207
3266
4197
4985
5762
6493
7103
7606
8002
8349
8581
8532
8226
7750
7105
6206
5007
3627
2121
505
-1129
-2735
-4247
-5516
-6467
-7156
-7505
-7341
-6757
-5990
-5017
-3810
-2482
-1138
54
1009
1752
2336
2679
2666
2340
1925
1516
855
135
-465
-1151
-1823
-2394
-2875
-3372
-3859
-4218
-4662
-5172
-5517
-5753
-6062
-6335
-6357
-6183
-5936
-5536
-4933
-4255
-3467
-2476
-1408
-345
863
2230
3570
4903
6407
8005
9484
10996
12647
14197
15470
16501
17272
17614
17503
16885
15682
13958
11779
9318
6420
3127
-101
-3365
-6633
-9680
-12386
-14557
-16351
-17635
-18201
-18248
-17740
-16610
-15202
-13577
-11521
-9294
-7045
-4906
-2881
-818
1079
2783
4280
5503
6511
7407
8110
8553
8864
9033
8978
8645
8304
7918
7228
6438
5553
4561
3501
2293
941
-608
-2171
-3539
-4896
-6105
-6919
-7512
-7808
-7714
-7194
-6359
-5352
-4036
-2603
-1176
346
1733
2690
3408
4086
4509
4517
4134
3636
2986
2098
1186
138
-979
-2041
-3074
-4068
-5049
-5878
-6565
-7232
-7837
-8134
-8124
-8159
-8039
-7617
-7024
-6168
-5223
-4265
-3267
-2204
-976
222
1280
2470
3818
5119
6514
8065
9637
11252
12894
14530
16050
17275
18198
18693
18510
17891
16792
14952
12534
9695
6601
3192
-340
-3836
-7339
-10591
-13416
-15718
-17596
-18902
-19588
-19696
-19147
-18046
-16393
-14479
-12298
-9742
-7096
-4512
-1953
453
2574
4564
6354
7840
8916
9760
10355
10491
10512
10284
9668
8848
7955
6949
5834
4741
3485
2253
1085
-151
-1337
-2582
-3881
-5061
-6093
-7001
-7726
-8232
-8431
-8280
-7728
-6828
-5660
-4176
-2581
-764
1177
2881
4477
5860
6853
7423
7708
7597
6951
5959
4876
3441
1757
251
-1427
-3046
-4575
-5772
-6809
-7837
-8622
-9155
-9515
-9811
-9664
-9382
-9005
-8435
-7540
-6612
-5778
-4668
-3492
-2384
-1158
148
1300
2388
3627
4922
6084
7354
8777
10109
11409
12892
14405
15588
16428
17066
17370
17172
16533
15402
13572
11250
8737
5872
2517
-927
-4184
-7446
-10619
-13270
-15351
-17126
-18332
-18809
-18750
-18059
-16791
-15079
-13150
-10875
-8159
-5412
-2846
-433
2070
4287
6075
7756
9034
9792
10270
10555
10346
9723
9076
8237
6975
5676
4624
3370
1886
556
-560
-1676
-2770
-3737
-4824
-5747
-6369
-6931
-7388
-7688
-7625
-7283
-6792
-5897
-4714
-3347
-1743
-5
1842
3679
5474
7048
8156
9048
9699
9880
9511
8590
7364
5860
4023
1907
-382
-2591
-4646
-6568
-8293
-9753
-10914
-11722
-12188
-12359
-12175
-11673
-10956
-10077
-9063
-7785
-6312
-5026
-3846
-2403
-871
459
1677
2853
3936
4986
6121
7161
7947
8790
9867
10864
11701
12769
13915
14712
15192
15496
15617
15214
14301
12896
10902
8726
6419
3655
400
-2835
-5750
-8596
-11474
-13927
-15774
-17281
-18097
-18187
-17772
-16718
-15104
-13167
-11081
-8572
-5675
-2952
-610
1713
4015
6027
7653
8749
9545
10007
10185
10068
9443
8582
7623
6487
5097
3756
2493
1279
53
-1212
-2112
-2851
-3503
-4213
-4998
-5509
-5794
-6028
-6301
-6345
-6086
-5409
-4575
-3678
-2473
-1055
636
2251
3868
5451
6940
8222
9066
9628
9801
9615
8796
7464
5723
3797
1605
-837
-3385
-5791
-7796
-9609
-11155
-12412
-13046
-13275
-13181
-12742
-11974
-10960
-9727
-8341
-7010
-5630
-4149
-2602
-1314
-73
1273
2512
3568
4390
5176
5870
6437
6951
7344
7758
8336
9064
9719
10333
11232
12310
13085
13472
13757
13869
13513
12646
11345
9640
7638
5442
2856
-156
-3125
-5900
-8660
-11437
-13760
-15416
-16614
-17343
-17463
-16916
-15756
-13995
-12022
-9820
-7366
-4492
-1778
488
2705
4798
6627
7796
8648
9155
9337
9216
8741
7883
6897
6011
4929
3579
2240
1311
430
-540
-1481
-2200
-2697
-3235
-3736
-4306
-4744
-4944
-5050
-5170
-5282
-4920
-4212
-3476
-2652
-1490
9
1544
3040
4513
5979
7340
8519
9166
9335
9243
8744
7636
5920
3955
1817
-493
-3138
-5602
-7890
-9866
-11364
-12630
-13464
-13732
-13360
-12696
-11794
-10667
-9102
-7485
-5891
-4230
-2735
-1214
252
1498
2499
3418
4348
5092
5408
5656
5987
6105
6114
6137
6138
6278
6756
7253
7683
8376
9502
10669
11168
11603
12179
12354
11944
10874
9516
7855
5856
3512
721
-2178
-4727
-7163
-9851
-12224
-13962
-15092
-16047
-16648
-16297
-15392
-13990
-12205
-10220
-7955
-5377
-2624
-219
1788
3794
5843
7299
8165
8738
9072
9157
8863
8155
7255
6506
5550
4398
3036
1981
1258
345
-642
-1460
-1948
-2490
-2951
-3492
-3952
-4286
-4474
-4536
-4749
-4703
-4353
-3802
-3254
-2437
-1371
-100
1313
2696
4160
5500
6796
7877
8376
8474
8384
7767
6417
4722
2863
703
-1812
-4401
-6682
-8853
-10695
-11929
-12898
-13383
-13141
-12360
-11373
-10245
-8676
-6757
-5079
-3538
-1747
-253
911
2105
3190
3952
4545
5269
5678
5653
5669
5852
5653
5059
4812
4695
4530
4641
5002
5414
5926
6867
7962
8681
9205
9832
10197
10042
9650
8975
7723
6059
4307
2259
-254
-2768
-5130
-7680
-10123
-11920
-13314
-14536
-15206
-15125
-14470
-13338
-11652
-9643
-7631
-5337
-2659
-200
1747
3658
5494
6849
7915
8719
9036
8793
8439
8078
7172
5970
4882
3745
2490
1488
738
-138
-1037
-1627
-2009
-2535
-2911
-3206
-3756
-4274
-4555
-4655
-4838
-5011
-4917
-4542
-3869
-2883
-1833
-791
597
2211
3859
5292
6432
7427
8157
8482
8215
7504
6325
4704
2841
696
-1588
-3972
-6225
-8243
-10016
-11245
-11907
-12178
-12087
-11414
-10148
-8592
-6970
-5330
-3664
-1960
-273
1121
2094
2886
3728
4472
4846
4952
5033
5005
4706
4305
3927
3474
2977
2573
2305
2227
2472
2952
3426
4091
5250
6562
7605
8414
9111
9718
10053
9889
9217
8066
6654
5102
3046
493
-2043
-4425
-6875
-9334
-11320
-12720
-13836
-14497
-14483
-13902
-12716
-11068
-9258
-7316
-5101
-2514
-1
1933
3632
5380
6869
7910
8454
8562
8445
8186
7676
6787
5687
4692
3751
2688
1629
759
45
-681
-1486
-2228
-2771
-3238
-3844
-4588
-5245
-5617
-5749
-5877
-6084
-6025
-5417
-4492
-3530
-2398
-930
789
2640
4480
6118
7497
8657
9453
9651
9268
8487
7262
5443
3240
918
-1415
-3836
-6226
-8233
-9872
-10962
-11463
-11571
-11306
-10541
-9105
-7431
-5856
-4276
-2658
-1140
266
1484
2301
2834
3253
3643
3691
3454
3218
2855
2394
1859
1466
1094
666
446
415
569
997
1845
2756
3666
5058
6769
8233
9379
10390
11111
11460
11341
10703
9413
7602
5768
3646
1068
-1608
-4119
-6497
-8831
-10774
-12182
-13241
-13884
-13893
-13311
-12241
-10666
-8794
-6943
-4991
-2635
-215
1729
3303
4806
6115
7100
7765
7977
7770
7457
7141
6574
5704
4790
3942
3049
2136
1359
643
-193
-1173
-2006
-2650
-3420
-4145
-4791
-5525
-6112
-6354
-6339
-6428
-6368
-5738
-4857
-3769
-2358
-785
888
2715
4838
6860
8368
9561
10424
10846
10627
9757
8393
6304
3831
1369
-1246
-4016
-6641
-8781
-10523
-11811
-12443
-12441
-11944
-11074
-9652
-7871
-6058
-4202
-2462
-977
268
1416
2301
2630
2680
2708
2617
2326
1985
1667
1290
1017
900
847
774
773
1006
1318
1807
2568
3452
4463
5589
6929
8309
9443
10344
10902
11075
10864
10172
8945
7244
5284
3170
868
-1589
-3961
-6202
-8320
-10095
-11470
-12410
-12921
-12987
-12506
-11614
-10234
-8403
-6496
-4532
-2403
-158
1931
3611
5053
6288
7211
7888
8252
8188
7857
7435
6868
6059
5070
4121
3115
1996
1000
20
-914
-1899
-2897
-3782
-4679
-5409
-6122
-6805
-7402
-7788
-7779
-7642
-7327
-6742
-5732
-4339
-2716
-871
1060
3059
5104
7156
8908
10198
11094
11614
11617
10938
9730
8017
5823
3267
584
-2197
-4975
-7413
-9399
-10882
-11897
-12132
-11699
-10880
-9635
-8026
-6164
-4424
-2764
-1302
-211
620
1317
1730
1628
1525
1459
1268
1017
773
608
430
394
443
545
620
832
1310
1759
2369
3181
4114
5112
6162
7416
8622
9524
10203
10670
10702
10360
9658
8326
6587
4632
2497
186
-2315
-4663
-6845
-8830
-10379
-11503
-12197
-12518
-12343
-11617
-10521
-9080
-7325
-5466
-3586
-1502
595
2415
4073
5521
6653
7544
8152
8407
8362
7950
7296
6651
5848
4771
3600
2412
1242
150
-930
-2095
-3308
-4359
-5226
-6138
-7052
-7747
-8229
-8558
-8598
-8261
-7672
-6864
-5726
-4295
-2683
-859
1090
2948
4741
6631
8484
9961
10958
11591
11891
11796
11158
9862
8010
5839
3473
845
-2030
-4894
-7500
-9673
-11315
-12463
-13048
-12893
-12117
-10889
-9198
-7249
-5292
-3343
-1573
-90
1159
2029
2530
2770
2700
2543
2397
2057
1663
1336
994
698
499
391
297
198
303
662
1177
1847
2608
3474
4519
5751
7050
8049
8710
9340
9778
9783
9397
8488
7036
5374
3602
1549
-805
-3203
-5364
-7235
-8804
-10001
-10865
-11339
-11253
-10688
-9725
-8386
-6857
-5190
-3380
-1555
296
2075
3569
4788
5805
6619
7191
7404
7216
6743
6169
5550
4799
3909
2896
1847
946
116
-794
-1730
-2738
-3784
-4671
-5468
-6266
-6950
-7502
-7861
-7812
-7421
-6835
-6010
-4964
-3701
-2174
-487
1229
2934
4632
6322
7940
9396
10551
11248
11479
11351
10833
9755
8063
5902
3462
869
-1780
-4429
-7012
-9306
-11068
-12252
-12921
-13034
-12554
-11492
-9947
-8047
-5940
-3868
-1881
-57
1442
2545
3226
3594
3658
3397
2923
2373
1793
1171
544
-55
-553
-891
-1025
-1077
-1081
-815
-208
686
1696
2764
3916
5164
6594
8007
9104
9863
10401
10758
10701
10095
8986
7393
5537
3539
1302
-1151
-3641
-5850
-7725
-9291
-10403
-11077
-11345
-11154
-10450
-9337
-7998
-6514
-4897
-3213
-1522
183
1730
3022
4087
4997
5769
6237
6433
6389
6143
5732
5206
4694
4102
3374
2548
1715
910
47
-923
-2074
-3351
-4572
-5618
-6545
-7405
-8056
-8343
-8241
-7754
-6903
-5826
-4585
-3106
-1433
403
2274
4068
5745
7273
8743
9953
10770
11145
11006
10511
9610
8278
6536
4416
2059
-449
-2950
-5366
-7629
-9570
-11059
-12057
-12508
-12333
-11562
-10308
-8705
-6823
-4695
-2505
-529
1086
2319
3155
3603
3699
3420
2756
1973
1310
624
-115
-750
-1267
-1620
-1778
-1772
-1637
-1482
-1159
-495
278
1128
2220
3443
4742
6169
7658
9028
10088
10887
11417
11499
11110
10185
8651
6719
4591
2322
-128
-2747
-5227
-7303
-9026
-10338
-11154
-11578
-11538
-10914
-9876
-8567
-7012
-5343
-3661
-1989
-333
1254
2627
3743
4676
5428
5995
6389
6584
6526
6231
5824
5363
4760
3982
3049
1991
878
-236
-1339
-2533
-3914
-5269
-6358
-7227
-7921
-8370
-8585
-8509
-7980
-7038
-5849
-4448
-2889
-1214
637
2612
4518
6203
7626
8869
9923
10622
10897
10763
10201
9293
8107
6575
4699
2586
313
-2075
-4452
-6627
-8523
-10124
-11323
-11993
-12069
-11520
-10398
-8882
-7137
-5210
-3168
-1190
523
1814
2624
3011
3083
2918
2532
1899
1092
339
-233
-685
-1085
-1417
-1644
-1717
-1580
-1282
-949
-543
94
998
2090
3332
4708
6151
7656
9166
10429
11251
11705
11838
11463
10462
8924
6932
4584
2098
-404
-2970
-5497
-7673
-9369
-10648
-11468
-11737
-11560
-11043
-10088
-8649
-6947
-5234
-3568
-1912
-254
1352
2754
3820
4594
5249
5898
6440
6733
6801
6733
6544
6230
5783
5106
4134
2991
1742
334
-1143
-2609
-4136
-5656
-6964
-8037
-8862
-9361
-9535
-9365
-8797
-7823
-6462
-4844
-3083
-1145
913
2900
4756
6446
7888
9031
9847
10309
10388
10110
9553
8683
7487
6050
4382
2562
682
-1313
-3413
-5470
-7325
-8877
-10035
-10792
-11135
-11002
-10321
-9067
-7469
-5702
-3874
-2104
-383
1150
2319
3022
3274
3207
2877
2331
1605
798
72
-549
-1121
-1585
-1897
-2117
-2249
-2260
-2159
-1895
-1338
-512
498
1671
3059
4643
6313
8031
9613
10907
11818
12319
12411
11971
10996
9430
7353
4964
2378
-290
-2995
-5557
-7834
-9724
-11099
-11901
-12142
-11851
-11089
-9953
-8481
-6791
-4951
-3160
-1529
-57
1237
2446
3505
4379
5036
5554
6011
6348
6572
6632
6539
6224
5713
5046
4138
3025
1728
293
-1315
-3035
-4683
-6221
-7594
-8717
-9521
-9969
-9995
-9498
-8530
-7217
-5628
-3803
-1813
299
2433
4434
6121
7407
8472
9298
9748
9789
9414
8772
7871
6871
5806
4468
3047
1624
146
-1359
-2871
-4376
-5917
-7329
-8418
-9209
-9653
-9611
-9116
-8216
-6896
-5272
-3521
-1814
-201
1245
2315
3008
3337
3288
2909
2253
1453
558
-351
-1135
-1809
-2392
-2856
-3140
-3251
-3215
-2993
-2660
-2183
-1497
-638
435
1675
3026
4560
6253
7979
9647
11101
12134
12669
12700
12168
11066
9461
7366
4849
2085
-728
-3398
-5856
-7994
-9737
-11009
-11679
-11734
-11230
-10325
-9087
-7575
-5892
-4133
-2413
-791
640
1887
2950
3824
4554
5173
5743
6169
6388
6447
6388
6220
5878
5311
4472
3393
2192
902
-541
-2110
-3702
-5228
-6596
-7725
-8589
-9151
-9323
-9060
-8392
-7366
-6025
-4423
-2656
-816
1017
2723
4223
5469
6450
7130
7464
7532
7338
6900
6330
5731
5130
4462
3734
2928
1992
961
-113
-1322
-2712
-4138
-5476
-6614
-7507
-8046
-8193
-7977
-7313
-6227
-4775
-3144
-1490
99
1397
2363
3039
3314
3185
2731
1959
968
-90
-1144
-2084
-2866
-3477
-3851
-4037
-4086
-3928
-3603
-3179
-2624
-1963
-1200
-246
951
2343
3841
5474
7223
8916
10523
11960
12894
13270
13107
12328
10959
9061
6735
4000
1056
-1818
-4525
-6958
-8971
-10408
-11289
-11595
-11241
-10407
-9197
-7686
-6027
-4312
-2651
-1127
196
1303
2188
2893
3453
3862
4197
4478
4780
5014
5101
5131
5005
4748
4369
3745
2866
1782
545
-787
-2210
-3680
-5030
-6245
-7225
-7920
-8310
-8301
-7945
-7196
-6141
-4835
-3380
-1859
-291
1186
2532
3640
4505
5117
5536
5850
5969
5958
5827
5639
5452
5242
5016
4617
4037
3305
2427
1414
188
-1188
-2699
-4210
-5571
-6745
-7557
-7949
-7862
-7318
-6378
-5054
-3560
-1912
-265
1103
2136
2758
3010
2845
2327
1559
508
-597
-1643
-2589
-3333
-3821
-4046
-4071
-3857
-3516
-3112
-2634
-2151
-1620
-1030
-319
603
1668
2860
4237
5734
7285
8872
10317
11412
12054
12200
11822
10883
9368
7351
4901
2187
-556
-3212
-5598
-7532
-8979
-9824
-10044
-9758
-8986
-7867
-6547
-5046
-3548
-2173
-988
-115
543
1032
1406
1725
1978
2251
2561
2937
3348
3709
4032
4246
4337
4243
3876
3297
2471
1456
269
-1114
-2496
-3877
-5173
-6185
-6979
-7445
-7525
-7298
-6703
-5825
-4724
-3428
-2040
-649
602
1680
2575
3286
3847
4249
4580
4809
4945
5102
5222
5329
5488
5600
5573
5368
4903
4125
3041
1692
123
-1631
-3447
-5166
-6690
-7892
-8560
-8688
-8283
-7344
-6040
-4449
-2746
-1052
533
1747
2520
2837
2714
2237
1502
607
-391
-1348
-2157
-2797
-3256
-3476
-3466
-3288
-2937
-2512
-2160
-1900
-1705
-1536
-1249
-790
-150
728
1808
3087
4596
6244
7945
9566
10887
11807
12165
11830
10895
9405
7429
5152
2647
8
-2467
-4653
-6476
-7684
-8295
-8337
-7864
-7097
-6074
-4929
-3779
-2674
-1727
-1030
-625
-458
-448
-515
-532
-374
-60
394
1059
1815
2552
3290
3933
4388
4580
4438
3944
3117
1967
615
-804
-2267
-3600
-4759
-5712
-6336
-6618
-6511
-6095
-5421
-4515
-3501
-2385
-1238
-131
882
1732
2451
2967
3212
3335
3435
3539
3761
4102
4468
4803
5128
5394
5411
5197
4787
3995
2837
1371
-458
-2440
-4315
-5967
-7244
-8074
-8407
-8192
-7505
-6375
-4894
-3244
-1510
172
1590
2618
3219
3384
3141
2589
1839
933
-59
-987
-1794
-2467
-2923
-3124
-3138
-3012
-2830
-2668
-2532
-2486
-2565
-2658
-2705
-2647
-2313
-1629
-635
744
2483
4404
6459
8538
10372
11846
12828
13091
12642
11530
9762
7544
5096
2532
68
-2141
-4063
-5571
-6545
-6987
-6947
-6517
-5830
-5061
-4380
-3827
-3432
-3237
-3153
-3137
-3197
-3218
-3120
-2813
-2198
-1328
-214
1094
2418
3687
4781
5541
5958
6005
5625
4827
3662
2232
650
-932
-2359
-3577
-4534
-5133
-5406
-5383
-5093
-4551
-3788
-2937
-2010
-1122
-355
268
698
1017
1196
1270
1333
1403
1545
1811
2247
2826
3456
4054
4563
4879
4934
4758
4245
3322
2088
600
-1051
-2696
-4214
-5505
-6370
-6780
-6755
-6237
-5375
-4256
-2975
-1639
-336
796
1747
2399
2715
2789
2594
2163
1574
852
32
-764
-1456
-2042
-2483
-2747
-2896
-2967
-2947
-2888
-2856
-2885
-3003
-3235
-3471
-3656
-3711
-3429
-2767
-1656
-101
1790
3908
6086
8252
10194
11703
12684
12997
12582
11517
9852
7679
5290
2868
604
-1357
-2969
-4107
-4847
-5163
-5057
-4763
-4336
-3907
-3640
-3555
-3652
-3882
-4202
-4480
-4641
-4660
-4448
-3978
-3281
-2327
-1143
127
1499
2848
3962
4844
5341
5449
5247
4658
3800
2743
1548
347
-803
-1799
-2534
-2964
-3142
-3087
-2792
-2426
-2037
-1629
-1324
-1078
-861
-741
-691
-678
-698
-686
-655
-554
-282
101
665
1367
2097
2779
3285
3700
3888
3822
3516
2865
2017
963
-177
-1289
-2325
-3149
-3750
-4007
-3926
-3581
-2972
-2225
-1431
-584
199
800
1240
1456
1427
1272
1037
688
259
-187
-659
-1120
-1509
-1857
-2138
-2299
-2383
-2393
-2334
-2285
-2234
-2172
-2117
-2064
-2036
-2034
-2093
-2253
-2452
-2627
-2639
-2251
-1396
-131
1502
3281
4970
6541
7914
9006
9826
10286
10266
9719
8599
7001
5154
3234
1543
205
-754
-1355
-1779
-2004
-2165
-2219
-2105
-2013
-1937
-2071
-2524
-3237
-4165
-5127
-5915
-6315
-6310
-5898
-5107
-4069
-2847
-1492
-57
1359
2721
3860
4554
4838
4617
3979
3171
2282
1446
741
183
-243
-562
-768
-836
-768
-608
-397
-244
-225
-434
-813
-1263
-1751
-2105
-2293
-2312
-2189
-1959
-1580
-1125
-556
136
879
1625
2208
2559
2662
2522
2179
1697
1206
672
158
-265
-690
-1041
-1274
-1388
-1339
-1151
-885
-600
-372
-257
-224
-288
-426
-570
-739
-865
-967
-1032
-993
-924
-783
-588
-381
-212
-132
-99
-158
-242
-256
-237
-188
-156
-227
-398
-712
-1119
-1480
-1830
-2108
-2233
-2323
-2378
-2332
-2251
-2092
-1788
-1353
-750
4
883
1850
2865
3885
4888
5894
6758
7433
7879
7991
7773
7200
6371
5287
3996
2673
1334
12
-1189
-2248
-3153
-3798
-4209
-4343
-4246
-4066
-3782
-3496
-3239
-3020
-2852
-2650
-2410
-2104
-1730
-1309
-819
-265
319
948
1552
2087
2505
2733
2787
2630
2333
1920
1371
806
181
-424
-925
-1410
-1772
-2001
-2154
-2148
-2055
-1913
-1714
-1528
-1266
-959
-642
-243
174
597
991
1345
1646
1863
2056
2232
2317
2274
2127
1822
1338
746
70
-626
-1294
-1908
-2411
-2827
-3173
-3402
-3576
-3641
-3571
-3429
-3157
-2830
-2445
-1998
-1523
-986
-475
-1
448
868
1241
1546
1785
1922
1958
1914
1796
1569
1254
913
537
158
-164
-436
-667
-818
-928
-994
-1032
-1047
-1044
-998
-850
-647
-303
188
820
1636
2513
3414
4257
4964
5461
5670
5564
5138
4416
3456
2357
1190
97
-896
-1703
-2238
-2555
-2592
-2455
-2207
-1889
-1604
-1346
-1182
-1100
-1112
-1197
-1296
-1379
-1394
-1297
-1085
-729
-263
261
824
1335
1804
2148
2364
2420
2291
2011
1593
1103
568
46
-453
-889
-1220
-1509
-1685
-1745
-1721
-1585
-1399
-1206
-980
-755
-597
-414
-311
-198
-111
-121
-115
-180
-255
-315
-336
-344
-337
-341
-370
-465
-609
-776
-975
-1140
-1376
-1555
-1659
-1768
-1815
-1817
-1781
-1698
-1586
-1438
-1205
-912
-563
-162
251
681
1089
1454
1767
1976
2111
2118
1958
1724
1375
919
474
73
-254
-471
-568
-566
-445
-261
-113
34
129
147
136
77
56
137
261
470
797
1172
1571
1962
2325
2650
2895
3042
3027
2832
2458
1915
1291
664
101
-407
-843
-1153
-1369
-1503
-1553
-1526
-1445
-1311
-1135
-967
-853
-801
-781
-757
-677
-523
-338
-136
53
195
317
408
476
604
746
889
1025
1055
1009
912
718
514
305
62
-136
-362
-607
-818
-1043
-1194
-1294
-1322
-1265
-1160
-1017
-896
-777
-725
-699
-668
-678
-746
-840
-935
-1059
-1173
-1267
-1288
-1270
-1179
-1057
-922
-773
-642
-504
-372
-200
-60
57
105
110
83
38
25
44
125
265
440
619
796
945
1060
1177
1279
1342
1355
1272
1119
974
772
552
444
281
176
142
77
64
42
22
43
46
12
-62
-181
-275
-342
-341
-265
-154
44
268
492
741
965
1193
1335
1436
1483
1433
1273
1034
770
499
268
91
-20
-104
-150
-159
-164
-134
-96
-60
-16
6
-10
-102
-185
-301
-420
-463
-526
-531
-474
-449
-421
-372
-360
-342
-288
-260
-221
-216
-231
-259
-309
-328
-367
-393
-411
-413
-377
-356
-333
-304
-275
-243
-206
-176
-183
-206
-264
-351
-473
-617
-723
-837
-923
-984
-1026
-1013
-998
-920
-793
-644
-463
-300
-124
3
92
190
234
299
353
402
461
468
470
435
375
363
369
383
436
493
508
532
537
505
504
512
504
499
488
437
349
279
235
221
241
265
280
278
242
208
175
111
72
47
6
8
16
-7
8
55
98
168
221
238
271
285
281
302
304
289
292
288
289
306
301
289
288
287
284
274
280
301
310
319
344
369
367
326
244
130
-2
-158
-329
-489
-625
-735
-807
-844
-864
-854
-807
-746
-681
-612
-547
-496
-454
-421
-408
-417
-440
-459
-476
-463
-448
-425
-411
-402
-387
-387
-378
-396
-416
-465
-493
-540
-574
-575
-577
-519
-419
-298
-170
2
124
249
381
446
509
588
630
622
625
598
559
520
449
415
400
363
343
352
369
366
386
387
394
424
379
343
304
247
224
185
148
131
129
137
147
164
196
219
224
230
242
269
306
318
297
271
244
199
133
70
16
-36
-54
-58
-90
-121
-147
-163
-133
-123
-154
-157
-169
-169
-137
-131
-103
-47
16
85
143
189
216
251
285
304
307
257
181
81
-28
-140
-278
-400
-526
-626
-702
-766
-791
-793
-735
-647
-530
-412
-305
-198
-113
-28
24
66
82
56
17
-63
-145
-237
-324
-380
-430
-460
-466
-482
-485
-446
-425
-375
-323
-309
-255
-211
-195
-168
-138
-70
28
133
244
369
493
587
692
799
859
896
925
920
860
774
675
562
475
437
420
405
404
396
365
341
338
317
251
169
92
-6
-133
-254
-354
-425
-441
-404
-354
-299
-219
-136
-76
-1
94
146
166
186
163
93
11
-70
-133
-169
-200
-218
-217
-215
-209
-190
-175
-163
-136
-111
-106
-101
-102
-105
-98
-105
-118
-111
-130
-182
-212
-248
-297
-311
-308
-314
-311
-282
-262
-238
-211
-185
-148
-141
-117
-96
-117
-109
-103
-71
9
80
168
254
316
341
324
327
301
240
202
134
37
-57
-144
-215
-276
-297
-286
-281
-272
-250
-232
-218
-185
-135
-63
15
87
158
192
248
331
375
428
498
559
577
582
629
642
626
622
587
510
428
331
208
85
-22
-99
-163
-205
-241
-302
-339
-326
-324
-316
-250
-198
-149
-98
-55
-9
-2
51
124
152
164
149
114
59
36
34
26
22
3
-35
-83
-135
-210
-290
-353
-407
-454
-492
-518
-544
-552
-515
-449
-370
-279
-200
-124
-46
18
66
69
79
104
93
64
4
-66
-118
-156
-146
-112
-89
-55
-32
-6
17
12
33
49
74
113
140
202
260
321
381
447
525
553
551
532
486
408
318
226
150
87
30
-21
-71
-94
-117
-111
-61
-40
-25
-10
-11
-25
-54
-86
-111
-133
-151
-144
-127
-118
-99
-53
2
57
123
188
215
203
200
172
133
91
22
-8
-33
-42
-37
-62
-67
-68
-61
-67
-109
-137
-185
-258
-326
-398
-442
-471
-488
-437
-360
-282
-186
-87
9
96
200
272
296
313
285
239
204
154
99
66
56
43
17
10
1
-46
-79
-94
-134
-154
-190
-213
-215
-230
-202
-171
-111
-46
-13
32
41
43
40
20
0
-14
-25
-42
-54
-54
-23
-10
36
95
127
179
194
197
175
134
112
85
93
118
133
160
202
246
264
255
238
215
172
112
39
-37
-99
-133
-124
-102
-77
-45
-22
22
66
72
78
94
83
64
32
-16
-59
-110
-126
-120
-101
-61
-56
-37
-21
3
30
12
14
10
1
-16
-65
-109
-149
-167
-156
-127
-97
-90
-99
-109
-117
-136
-147
-146
-151
-159
-167
-183
-197
-193
-164
-136
-107
-68
-42
-29
-14
-21
-24
-11
-10
2
30
35
38
43
35
42
50
51
61
60
46
28
18
16
8
21
68
116
159
189
209
224
211
208
211
185
158
134
96
79
66
63
92
110
144
158
142
132
95
66
24
-14
-27
-54
-50
-56
-60
-57
-56
-13
26
57
93
114
117
119
114
93
73
46
18
-18
-69
-111
-140
-170
-178
-156
-145
-146
-125
-96
-84
-76
-61
-61
-68
-62
-71
-87
-95
-119
-107
-86
-85
-74
-81
-80
-96
-104
-95
-115
-102
-113
-127
-113
-128
-136
-131
-130
-121
-90
-55
-32
-6
23
57
75
78
87
93
80
66
70
68
49
44
58
62
57
71
79
59
47
48
45
37
24
15
13
0
-14
-22
-17
-1
-6
-9
10
-2
-9
32
47
54
105
129
144
184
183
167
174
0
0
0
0
0
0
0
0
0
0
0
0
0
0
0
0
0
0
0
0
0
0
0
0
0
0
0
0
0
0
0
0
0
0
0
0
0
0
0
0
0
0
0
0
0
0
0
0
0
0
0
0
0
0
0
0
0
0
0
0
0
0
0
0
0
0
0
0
0
0
0
0
0
0
0
0
0
0
0
0
0
0
0
0
0
0
0
0
0
0
0
0
0
0
0
0
0
0
0
0
0
0
0
0
0
0
0
0
0
0
0
0
0
0
0
0
0
0
0
0
0
0
0
0
0
0
0
0
0
0
0
0
0
0
0
0
0
0
0
0
0
0
0
0
0
0
0
0
0
0
0
0
0
0
0
0
0
0
0
0
0
0
0
0
0
0
0
0
0
0
0
0
0
0
0
0
0
0
0
0
0
0
0
0
0
0
0
0
0
0
0
0
0
0
0
0
0
0
0
0
0
0
0
0
0
0
0
0
0
0
0
0
0
0
0
0
0
0
0
0
0
0
0
0
0
0
0
0
0
0
0
0
0
0
0
0
0
0
0
0
0
0
0
0
0
0
0
0
0
0
0
0
0
0
0
0
0
0
0
0
0
0
0
0
0
0
0
0
0
0
0
0
0
0
0
0
0
0
0
0
0
0
0
0
0
0
0
0
0
0
0
0
0
0
0
0
0
0
0
0
0
0
0
0
0
0
0
0
0
0
0
0
0
0
0
0
0
0
0
0
0
0
0
0
0
0
0
0
0
0
0
0
0
0
0
0
0
0
0
0
0
0
0
0
0
0
0
0
0
0
0
0
0
0
0
0
0
0
0
0
0
0
0
0
0
0
0
0
0
0
0
0
0
0
0
0
0
0
0
0
0
0
0
0
0
0
0
0
0
0
0
0
0
0
0
0
0
0
0
0
