0
0
0
0
0
0
0
0
0
0
0
0
0
0
0
0
0
0
0
0
0
0
0
0
0
0
0
0
0
0
0
0
0
0
0
0
0
0
0
0
0
0
0
0
0
0
0
0
0
0
0
0
0
0
0
0
0
0
0
0
0
0
0
0
0
0
0
0
0
0
0
0
0
0
0
0
0
0
0
0
0
0
0
0
0
0
0
0
0
0
0
0
0
0
0
0
0
0
0
0
0
0
0
0
0
0
0
0
0
0
0
0
0
0
0
0
0
0
0
0
0
0
0
0
0
0
0
0
0
0
0
0
0
0
0
0
0
0
0
0
0
0
0
0
0
0
0
0
0
0
0
0
0
0
0
0
0
0
0
0
0
0
0
0
0
0
0
0
0
0
0
0
0
0
0
0
0
0
0
0
0
0
0
0
0
0
0
0
0
0
0
0
0
0
0
0
0
0
-111
-36
156
-6
-21
93
4
-16
-28
-49
17
25
-41
9
80
-47
-2
149
-30
-15
150
-17
-51
46
76
-30
-104
80
12
-75
15
35
65
-2
10
47
-39
-51
36
-14
-77
70
-36
-68
135
-3
-9
78
44
10
7
33
-58
-31
-12
-23
-42
-57
114
58
-72
121
102
-74
20
100
-29
-71
12
-23
-110
-94
-12
-28
-26
73
58
14
1
-8
98
-48
-113
122
-67
-184
52
17
-189
14
108
-135
70
82
-116
38
17
-39
-40
-77
-8
8
-69
20
118
-117
-44
142
-52
-19
25
-2
32
-100
0
62
-68
46
103
30
-44
28
97
-80
13
116
-71
-83
53
-28
-117
11
56
-32
19
112
9
-66
52
130
-53
-95
96
65
-150
-9
199
-156
-124
235
-10
-121
122
5
-94
57
-11
-12
-34
-65
68
-109
-50
179
-17
-57
111
66
-94
44
119
-97
31
58
-91
21
46
-3
-51
60
89
-150
26
154
-111
-75
11
-10
11
-91
6
68
-91
17
65
-29
43
-1
-71
48
-78
-156
100
-11
-137
105
68
-113
16
75
39
-26
-86
116
45
-235
8
219
-141
-136
163
52
-114
-41
99
45
-123
-29
103
-17
-47
-52
55
62
-109
34
132
-17
-69
104
100
-117
26
98
-144
57
75
-160
72
-17
-78
112
-49
67
34
-60
187
-173
-49
287
-252
-60
237
-96
-115
68
112
-58
-52
109
46
-57
-4
36
-17
-58
-32
15
28
-27
-7
5
-3
10
-32
41
2
-31
12
26
6
-82
-7
109
-73
-109
122
12
-105
65
64
-84
-37
46
-24
-30
23
10
-24
-18
60
-107
-32
209
-216
-56
283
-284
-103
247
-113
-90
37
89
19
-171
111
124
-246
-13
207
-76
-113
8
29
74
-77
-92
162
43
-145
68
160
-49
-97
149
134
-197
-4
243
-150
-123
208
-137
-125
148
-96
53
44
-162
176
94
-275
67
343
-275
-182
387
-127
-209
219
-62
-57
150
-287
62
414
-467
-38
520
-328
-126
318
-118
-142
116
39
-67
31
-49
-40
187
-44
-121
175
80
-237
122
188
-302
96
132
-207
26
32
34
-31
-18
88
-40
55
-91
53
115
-371
181
179
-383
207
98
-289
211
98
-286
209
106
-317
225
-45
-225
339
-167
-226
294
70
-282
44
344
-350
-64
314
-304
127
64
-257
243
-37
-335
174
240
-306
39
323
-235
-16
203
-157
68
76
-211
203
33
-329
250
164
-351
11
249
-86
-157
103
174
-186
-169
246
24
-305
-24
311
-184
-337
425
63
-421
207
241
-259
-90
284
13
-130
84
4
54
60
-112
91
250
-160
-92
423
-190
-268
425
-74
-247
192
42
-110
19
-5
-18
14
-101
84
92
-227
4
237
-149
-173
255
-3
-309
178
167
-325
48
159
-224
56
54
-96
122
-78
-105
207
-85
-248
284
100
-361
158
208
-280
-18
121
5
-53
-243
183
207
-374
119
308
-325
-2
349
-262
-188
451
-125
-294
499
-81
-343
438
-45
-247
228
-26
5
-4
-127
255
-31
-372
389
215
-610
277
431
-644
6
556
-378
-323
416
-10
-344
123
114
-87
-48
-74
219
119
-411
267
341
-700
198
504
-708
109
490
-540
-57
486
-265
-293
365
-67
-266
244
42
-249
30
199
-170
-26
260
-156
29
220
-267
46
289
-330
-17
421
-250
-186
404
-112
-256
404
-81
-299
411
-167
-230
484
-283
-174
494
-311
-182
357
-180
-110
149
-38
41
-32
-33
124
-130
-15
239
-225
-115
362
-177
-222
281
17
-200
44
236
-150
-139
245
-106
-14
69
-81
108
-237
40
265
-426
7
467
-353
-338
618
-31
-641
496
257
-690
239
550
-643
-54
626
-492
-139
485
-184
-220
234
111
-353
41
371
-352
-175
482
-208
-270
438
-78
-217
246
-46
-73
117
-94
-10
39
-130
97
48
-170
194
4
-293
326
56
-312
296
46
-172
1
72
146
-350
184
365
-571
206
396
-493
-26
348
-94
-340
226
333
-469
-102
518
-252
-395
502
18
-492
354
121
-351
161
118
-177
-47
117
19
-57
-71
113
131
-397
177
283
-543
296
215
-480
378
61
-382
294
-45
-189
189
-51
-30
44
-36
0
54
-75
-34
195
-157
13
240
-244
-28
239
-73
-151
145
145
-175
39
235
-187
-35
319
-236
-104
409
-303
-278
461
-61
-440
259
313
-414
-74
469
-224
-324
368
145
-405
16
437
-255
-364
374
126
-423
66
357
-371
-113
482
-240
-203
368
-35
-263
163
186
-294
-67
252
-103
-195
129
156
-331
-59
398
-312
-258
467
-64
-456
425
266
-626
268
459
-559
3
477
-220
-264
462
45
-459
368
124
-322
55
129
36
-323
251
238
-608
339
381
-658
110
559
-496
-255
665
-235
-448
557
72
-505
187
444
-395
-214
567
-214
-455
394
220
-472
-106
622
-297
-572
803
-6
-837
670
309
-816
309
474
-482
-89
363
-59
-349
193
233
-425
-10
352
-176
-306
261
274
-542
43
628
-520
-237
613
-180
-374
299
220
-458
10
566
-490
-189
616
-290
-236
380
-16
-287
123
272
-295
-158
490
-99
-466
508
146
-630
382
302
-527
112
264
-205
-158
191
174
-341
78
300
-324
-36
226
-90
-154
162
49
-255
195
113
-211
17
163
-25
-312
331
188
-603
299
379
-530
-13
501
-281
-290
517
-135
-316
301
48
-136
-39
226
-25
-231
246
55
-308
90
244
-373
-17
407
-407
-61
353
-212
-138
156
132
-268
70
294
-336
34
157
-95
-32
-56
252
-218
-189
426
-236
-201
356
-65
-270
221
121
-348
103
226
-268
-35
270
-135
-173
237
-62
-229
206
79
-269
103
192
-259
40
234
-180
-73
188
43
-201
14
293
-234
-142
377
-200
-164
239
-81
-83
-7
82
-57
-211
202
-9
-198
194
49
-225
37
256
-258
-84
405
-270
-107
377
-170
-153
240
36
-243
19
253
-196
-210
309
-41
-229
168
66
-74
-49
122
49
-169
132
82
-148
97
62
-30
39
-85
130
15
-238
306
18
-331
340
25
-293
277
-34
-152
131
-76
103
-161
27
294
-425
236
123
-370
389
-255
-34
246
-344
240
-90
-32
122
-195
230
-220
110
158
-378
367
-97
-227
308
-130
-14
-21
59
-37
-211
346
-262
-72
312
-328
189
7
-42
51
-74
210
-359
250
148
-467
454
-90
-275
283
-149
60
-15
-58
239
-315
89
142
-268
195
-185
121
4
-375
508
-290
-203
448
-384
77
92
-82
41
-244
409
-129
-295
528
-231
-234
278
-8
-206
0
270
-185
-94
230
-56
-71
-6
169
-163
-82
353
-346
15
290
-283
36
113
14
-164
153
132
-320
263
-7
-117
189
-108
89
46
-23
68
15
-63
-9
136
-138
1
111
-133
-27
93
16
-257
265
143
-497
433
102
-404
292
6
-85
-87
94
116
-326
251
72
-270
208
39
-143
-63
157
-66
-158
251
-61
-139
90
53
-135
-121
267
-139
-159
266
-68
-69
10
86
-12
-164
185
-64
-97
119
-57
-79
-23
142
-202
-31
220
-170
29
50
67
-150
33
203
-401
236
58
-223
253
-209
206
-65
-173
310
-264
72
57
-13
20
-37
173
-195
170
-31
-52
159
-214
218
-100
-26
122
-190
226
-161
-7
189
-275
199
9
-162
256
-146
4
179
-173
84
47
-115
57
36
-64
37
66
-185
103
66
-191
105
48
-125
-14
189
-130
-30
96
-49
3
-114
200
-201
-4
210
-351
263
-117
-125
263
-325
132
56
-130
49
-32
41
-109
124
-78
-52
180
-227
47
167
-160
-43
205
-150
-134
238
-136
-59
151
-31
-2
13
14
21
-38
16
102
-87
-24
102
-30
-22
-29
115
-65
-83
227
-123
-62
170
-59
-48
56
-41
-54
35
-10
13
-17
50
16
-28
31
14
74
-147
72
57
-242
161
35
-184
106
8
-66
-45
57
25
-164
155
-82
-107
194
-112
48
38
-67
115
-110
45
106
-195
114
15
-125
140
-98
37
-16
-89
202
-148
24
107
-73
-7
14
45
-118
85
9
-89
104
-51
-39
56
-94
66
-19
-19
58
-92
113
-142
98
57
-166
174
-133
25
51
-142
145
-46
-16
51
-32
43
-67
84
-100
62
44
-117
236
-189
29
198
-289
129
96
-166
77
-54
59
-18
-94
134
-75
-47
75
-80
70
-31
-40
156
-190
107
13
-118
143
-80
59
3
-46
41
-34
44
-37
-108
104
-34
-107
50
66
-121
8
117
-182
151
-76
19
65
-237
311
-254
120
128
-340
439
-332
57
194
-375
351
-207
2
216
-250
165
-45
20
-51
-41
201
-334
171
142
-329
309
-71
-151
267
-234
40
139
-189
173
-112
10
46
-99
181
-242
203
19
-199
297
-209
38
134
-141
2
140
-30
-199
356
-119
-276
463
-256
-105
319
-282
72
-14
-21
13
-62
179
-236
125
12
-178
297
-250
57
217
-378
279
29
-229
179
-9
-43
-126
299
-225
-105
432
-469
271
53
-221
303
-221
146
-3
-33
48
-23
79
-135
128
-24
-78
59
23
-93
16
115
-213
128
35
-150
64
87
-116
-23
234
-305
170
102
-331
334
-96
-87
167
-162
79
-3
-72
44
38
-33
-91
133
3
-149
150
22
-207
177
18
-229
177
2
-204
225
-57
-212
286
-197
-15
246
-246
176
-39
-31
76
-116
118
-144
135
-117
-41
239
-223
99
51
-57
27
65
-92
-26
162
-210
97
66
-129
44
40
-21
-85
158
-160
30
178
-283
127
63
-154
110
31
-99
35
130
-177
70
165
-308
199
77
-259
183
27
-65
35
60
-66
19
37
-66
140
-164
72
105
-261
240
-84
-96
139
-116
140
-148
54
191
-303
195
69
-253
181
-4
-110
66
40
-104
46
70
-152
95
-29
24
-23
-90
206
-212
31
114
-186
147
-85
54
89
-190
230
-35
-194
188
-14
-151
84
120
-159
77
67
-206
185
-60
-46
129
-150
146
-68
-68
111
-125
73
-15
-7
53
6
11
-27
111
-158
76
100
-236
219
-73
-56
142
-126
98
-81
39
0
-128
131
-116
75
-6
-63
94
-108
93
-77
123
-59
-107
315
-420
244
161
-497
451
-152
-209
285
-182
56
-85
88
-7
-125
244
-209
134
34
-172
212
-184
80
-11
-109
150
-138
38
-54
116
-115
-11
146
-225
238
-203
67
62
-191
320
-284
111
133
-253
200
-59
-17
40
-52
52
-34
-1
-19
110
-129
-53
246
-215
-9
216
-121
-79
226
-68
-224
404
-258
-141
473
-475
207
152
-348
385
-222
-24
157
-149
16
0
84
-250
302
-127
-186
435
-395
223
-29
-151
241
-252
219
-134
16
100
-167
151
-131
149
-104
-25
239
-290
150
85
-190
103
54
-99
-85
211
-97
-117
210
-73
-71
36
46
-46
-54
135
-33
-63
88
-22
-7
26
50
-61
-4
100
-132
83
-9
-103
131
-124
73
12
-148
194
-93
-35
67
8
-40
-17
136
-156
108
-50
-24
141
-223
244
-67
-142
207
-130
36
65
-54
-41
32
26
-77
23
37
-81
32
35
-74
92
-54
-6
98
-123
60
87
-172
119
31
-187
183
-70
-91
177
-140
-23
166
-234
116
122
-290
249
-54
-197
228
-78
-39
2
47
33
-190
235
-29
-227
258
-58
-229
233
7
-237
287
-92
-161
261
-209
69
63
-96
108
-120
160
-115
-5
109
-113
114
-125
168
-59
-63
209
-209
70
64
-93
-56
91
-2
-177
272
-163
-82
261
-250
82
55
-141
64
33
-60
-38
101
-113
20
101
-180
144
-73
-28
185
-295
263
-40
-191
361
-301
117
166
-304
189
-6
-77
75
-22
13
-18
2
1
5
30
-36
-36
130
-128
-12
109
-210
209
-130
-60
281
-319
152
192
-348
218
129
-377
273
18
-231
217
-91
5
43
-55
42
-61
40
-37
-38
78
-78
60
-20
17
22
-146
156
-93
-6
112
-203
219
-41
-170
315
-192
-37
245
-242
14
117
-99
-9
38
70
-102
29
117
-132
56
109
-153
24
113
-178
99
-29
-90
214
-206
70
167
-310
170
132
-324
232
25
-239
264
-80
-113
187
-101
-35
80
-126
91
-40
-101
188
-121
-56
202
-111
-89
180
-87
-67
72
17
-63
-17
163
-142
-11
165
-178
75
56
-153
121
-114
38
99
-185
169
-2
-89
33
46
-2
-151
197
-90
-166
242
-100
-92
94
8
-114
35
119
-142
14
118
-93
-32
188
-166
14
151
-256
231
-69
-163
229
-165
96
56
-172
221
-79
-134
227
-91
-118
157
-73
-28
100
-85
102
-93
47
58
-151
177
-144
80
58
-214
247
-154
7
100
-136
166
-206
140
18
-168
271
-233
44
201
-332
230
34
-314
371
-132
-227
318
-122
-168
262
-161
-64
177
-152
111
7
-98
154
-110
-95
247
-168
-145
328
-183
-169
403
-209
-121
236
-82
-114
127
38
-213
320
-182
-52
345
-451
331
-36
-311
504
-440
180
120
-295
376
-324
145
76
-243
243
-152
-4
106
-65
-45
55
53
-243
290
-86
-196
386
-354
158
72
-177
216
-196
198
-119
-54
238
-309
201
-19
-157
191
-110
-28
24
57
-117
7
-4
-60
93
-162
146
32
-211
196
4
-148
42
105
-73
-84
151
15
-68
38
128
-173
-74
246
-218
22
163
-62
-5
-136
227
-220
-85
314
-259
37
88
26
-111
-15
225
-215
134
4
-118
264
-390
200
200
-464
359
-3
-143
56
-88
246
-239
-42
394
-329
-85
400
-322
20
270
-227
134
-20
-91
155
-166
55
160
-273
128
106
-206
44
-6
59
-161
-15
347
-358
42
269
-354
113
-6
-33
111
-271
273
38
-383
472
-101
-246
404
-212
-28
215
-208
88
131
-225
50
114
-183
43
70
-6
-53
-5
186
-249
110
210
-341
224
102
-270
98
4
-77
42
-13
51
52
-95
61
35
-131
54
51
22
-63
39
81
-168
51
-48
35
-39
-110
340
-338
-19
359
-392
142
132
-161
46
-15
13
-109
157
-23
-97
165
-80
-58
-13
211
-192
-53
327
-367
140
114
-332
151
114
-142
-105
353
-188
-279
451
-259
-26
235
-219
152
15
-57
124
-70
-34
182
-139
-20
212
-306
312
-116
-336
695
-514
-40
467
-438
97
94
-28
-57
-2
152
-199
54
186
-211
-40
318
-140
-185
383
-215
-47
152
-252
221
-183
14
228
-283
101
-79
85
-35
-157
272
-212
-61
134
-18
-159
38
234
-370
210
115
-327
297
-158
33
56
-97
25
39
42
-244
261
-103
-96
205
-178
116
-73
-4
147
-276
114
125
-186
162
-17
-239
250
-144
-96
269
-254
330
-113
-233
556
-464
6
386
-383
180
-14
-35
158
-285
213
-34
-133
173
-168
298
-175
-163
477
-381
5
460
-332
-68
305
-317
144
109
-286
357
-248
3
168
-202
131
-100
10
13
-151
157
-32
-189
136
141
-170
-123
338
-320
15
348
-434
335
-5
-380
451
-290
-179
506
-445
41
430
-598
214
165
-428
400
-219
25
367
-492
310
58
-340
270
-171
93
-5
-155
421
-324
-93
532
-426
33
387
-447
220
124
-313
369
-251
21
224
-462
405
-132
-249
406
-367
38
203
-405
289
82
-444
505
-62
-309
430
-213
1
43
-186
396
-281
-118
447
-435
34
251
-340
135
130
-343
143
246
-519
329
100
-434
498
-165
-85
204
-49
-24
-128
266
-131
-213
349
-112
-267
343
-25
-368
343
-47
-339
369
-154
-97
269
-238
176
-7
-119
205
-179
174
38
-65
95
-192
231
-17
-212
336
-53
-305
282
-150
-173
336
-454
286
211
-659
654
-213
-243
526
-596
333
-68
-374
514
-382
87
211
-261
258
-47
-18
144
-49
107
-39
42
42
-56
-28
2
50
-316
174
162
-395
170
106
-198
86
103
-30
239
-194
-213
428
-344
-26
303
-276
100
62
63
-175
-102
255
-334
42
240
-402
358
300
-572
432
244
-603
353
70
-409
277
-52
-67
-52
-28
128
-436
350
-75
-397
698
-266
-13
340
-382
56
-90
-10
170
-52
-17
-33
151
-57
-139
239
128
34
88
168
52
-166
177
-24
-249
22
40
-125
-114
15
-249
-213
159
61
-83
349
-106
-311
422
-317
-170
551
-276
121
327
-296
124
-115
-91
101
-307
135
203
-47
-13
-98
-20
20
-289
6
283
-190
40
-57
-172
158
-351
92
491
-459
47
211
-368
91
35
-122
-134
-78
-157
-141
205
-107
-223
111
309
-11
-125
350
99
50
89
-154
177
88
-95
233
182
-286
-232
82
-6
-174
292
330
-148
262
352
103
349
373
120
86
109
-108
51
251
-189
-180
139
-351
-371
332
-57
-261
449
-71
-281
670
-17
-271
741
68
-575
178
245
-579
64
276
-888
-278
-28
-820
-265
34
-249
-235
219
185
-505
165
317
-9
448
-440
-672
285
28
-338
9
174
-193
-306
94
19
-238
44
-25
-138
94
-294
-397
-76
-303
-488
-194
244
-146
-331
605
356
-7
667
452
435
526
55
244
282
43
-13
57
135
-203
3
351
-75
-21
314
4
34
261
-170
34
276
-491
-335
163
-105
-71
49
81
111
223
262
233
669
330
-118
440
346
12
-32
-14
72
-348
-384
-86
-217
-403
-513
-307
-225
-541
-417
-160
-231
-234
-87
223
148
-310
-138
237
82
-63
56
-62
-281
-270
-364
-419
-227
-295
-529
-270
-11
-264
-100
386
173
-10
321
261
32
63
57
148
256
127
91
180
-41
-177
10
7
-138
-102
16
-224
-299
61
-21
-151
29
-54
-180
5
202
186
272
347
305
369
462
658
719
674
601
651
933
766
707
841
796
758
598
775
730
422
558
597
423
350
335
275
193
21
49
233
-14
-240
-44
-207
-502
-170
-140
-649
-701
-429
-590
-682
-349
-545
-739
-671
-878
-947
-1211
-1359
-1192
-1197
-1192
-1375
-1281
-1269
-1639
-1350
-1403
-1839
-1627
-1494
-1542
-1460
-1227
-1201
-1516
-1402
-1405
-2011
-2181
-2136
-2185
-1741
-1410
-1058
-521
-593
-472
-258
-356
-121
326
1642
3334
4725
6430
7400
7746
8156
8294
8455
8180
7363
6475
5817
5204
4113
3177
2126
97
-1921
-2952
-3988
-5276
-6024
-6583
-6746
-6601
-6267
-5660
-5469
-5066
-4570
-3964
-2454
-1227
-310
818
1659
2526
3572
4500
4953
5088
5107
4909
4817
4546
3799
2971
2059
928
-6
-676
-1573
-2506
-3101
-3571
-3934
-3970
-3972
-4118
-3933
-3399
-2812
-1878
-617
330
904
1541
2133
2154
1893
1912
1765
1244
798
509
-56
-1127
-2221
-3059
-4158
-5245
-5705
-6022
-5924
-5726
-5643
-4991
-4842
-4676
-4079
-4189
-4069
-3466
-3091
-2496
-1294
-79
1037
2098
2322
1911
1331
1027
1802
3893
6780
9500
11883
13051
12703
12458
12344
11818
10616
8908
7335
6156
5731
4869
2932
601
-2318
-5236
-7041
-7951
-8899
-9570
-9370
-8569
-7180
-5461
-4035
-3584
-3760
-3266
-1830
237
1786
2667
3916
4612
4888
5769
6230
5097
3069
2031
1536
789
325
-931
-2453
-3609
-5290
-5662
-5162
-5919
-6642
-6090
-5017
-4536
-3401
-1416
-535
139
2001
4416
6386
7542
7970
7991
7521
6939
6361
4619
2471
533
-1330
-2769
-4278
-5292
-6292
-7655
-7867
-7660
-7596
-6992
-5985
-4588
-3300
-2167
-415
1204
1465
1177
1371
1541
1230
726
877
1256
748
469
723
13
-1603
-2936
-3563
-3905
-4302
-4667
-4833
-5206
-5191
-3813
-2594
-2828
-4230
-5514
-5428
-4019
-682
4376
9622
13815
15946
17055
18081
18087
17586
16649
14611
12722
11249
9828
7783
4202
-171
-5199
-10056
-13060
-14414
-15042
-15499
-15432
-14044
-11478
-8712
-6348
-4411
-2794
-1027
1619
5065
7952
9621
10678
11157
11045
10994
10348
8206
5403
2649
282
-1450
-3237
-5495
-7925
-10272
-11829
-12247
-12141
-11830
-11576
-10702
-8572
-5396
-1528
1807
4547
6990
9080
10919
12681
14167
13866
12448
11162
9256
6433
3193
-270
-3471
-5695
-7294
-8393
-9399
-10232
-10511
-10542
-9725
-8549
-7203
-5562
-4385
-2851
-747
623
1222
1604
1360
789
690
1132
1890
2201
2063
2206
1942
868
-26
-1081
-2780
-4174
-4785
-5009
-5297
-5521
-5367
-5139
-5451
-5870
-5898
-5672
-4426
-1743
2658
8588
14483
19065
21169
21301
20710
19719
18883
16913
13323
9770
6636
4250
1994
-1489
-6088
-11155
-15194
-17193
-17351
-16230
-14985
-13756
-11469
-7912
-4087
-612
1654
2664
4198
6364
8843
11193
12059
11181
9355
8046
7021
5324
2742
-865
-4039
-5859
-7044
-8031
-9248
-11033
-12615
-12891
-11696
-9643
-7644
-5803
-3748
-1286
1831
4913
7093
8049
8066
8270
9202
10414
10652
9905
8926
6819
4254
2032
-605
-3225
-5612
-7063
-7503
-7950
-7942
-7787
-8079
-8070
-7260
-5949
-4081
-1902
26
1572
2555
3949
4957
4230
3396
3206
2721
1724
1596
2245
1830
431
-719
-1438
-2545
-3761
-4274
-4545
-5053
-5158
-4547
-4111
-4281
-4695
-5217
-5479
-4510
-2395
-462
593
1005
910
824
1906
4258
7641
11661
15125
16759
16249
14440
12354
11467
10939
8822
5748
2614
190
-2097
-5170
-8179
-10862
-13238
-14484
-13729
-11468
-9198
-7413
-5318
-2411
525
3554
6569
8235
8925
9515
10379
10773
9474
7421
5119
2488
172
-1793
-3259
-5033
-7869
-9932
-10625
-11041
-11251
-11131
-10239
-8983
-7364
-4462
-1434
744
2257
3498
5062
6680
8022
9161
9362
8083
6744
6162
5513
4464
3026
1564
386
-797
-1870
-3010
-4405
-5428
-6145
-6475
-5966
-5193
-4299
-3413
-2886
-2211
-1627
-959
515
1618
2028
3011
4307
4839
4275
3394
2623
1171
-384
-957
-1301
-2207
-3328
-3888
-3971
-4441
-4944
-5052
-5325
-5351
-4564
-3436
-2366
-1522
-1028
-906
-859
-592
-457
-304
568
1887
2987
3382
2869
1845
813
520
1571
3691
6539
9455
11419
12280
12060
10608
8594
6654
4501
1861
-493
-1532
-1899
-3159
-5205
-6936
-8266
-9352
-9563
-8360
-6334
-4447
-2355
521
3258
5238
6818
7731
7743
7335
7097
6951
5935
4021
2002
-158
-2304
-3931
-5223
-6634
-8317
-9491
-9401
-8741
-7941
-6913
-5745
-4257
-2492
-277
2253
3988
4656
5451
6372
6562
6446
5874
4636
3102
1645
707
-480
-1722
-2428
-3123
-3407
-3504
-3744
-3606
-3582
-3210
-2095
-1347
-589
225
782
1622
1821
1533
1454
770
406
832
814
718
799
894
719
-227
-694
-846
-1617
-2033
-1854
-1518
-1663
-1990
-1677
-1619
-2136
-2277
-1961
-1928
-2124
-1772
-1017
-838
-1320
-1765
-2145
-2500
-2394
-1924
-1649
-1423
-731
-67
-199
-788
-1234
-1485
-1062
960
4648
8877
12186
13739
13617
12409
10894
9683
8355
5854
2542
139
-1105
-2777
-5529
-8460
-10819
-12199
-11978
-10150
-7749
-5534
-3176
-205
3035
5887
8140
9700
10293
10111
9847
9459
8027
5285
2057
-946
-3605
-5750
-7152
-8186
-9447
-10488
-10204
-8732
-7384
-6485
-5136
-3201
-1300
857
3556
5737
6647
6952
7217
7042
6092
4701
3068
1123
-797
-2235
-3007
-3494
-4169
-4441
-4040
-3900
-4162
-4322
-4068
-3043
-1643
-293
1167
2213
2564
2739
2649
1991
1028
374
475
916
974
585
110
-244
-556
-819
-863
-640
-180
362
761
1054
1103
464
-579
-1183
-1413
-1914
-2397
-2251
-1964
-2122
-2135
-1617
-1459
-2149
-2859
-2945
-2627
-2100
-1372
-864
-989
-1389
-1569
-1558
-1575
-1939
-2718
-3437
-3511
-2432
65
3979
8723
12345
13340
12296
10519
9272
8731
7599
5632
3548
1522
-291
-2211
-4671
-7115
-8866
-9374
-8214
-5684
-2769
-558
827
2145
4111
6782
8945
9673
9347
8082
6241
4508
2412
-234
-2956
-5682
-7871
-8829
-8791
-8676
-9145
-9330
-8053
-5941
-4018
-2098
29
1677
2652
4060
6036
7057
6607
5748
4902
3368
1280
-278
-1637
-3804
-5901
-6370
-5320
-4224
-3555
-2556
-1696
-1460
-876
230
1521
2789
3598
4303
4698
4217
3451
2301
764
-526
-1871
-2803
-2856
-2783
-2755
-2795
-2498
-1516
-1031
-834
212
1282
1800
2486
3658
4247
3132
1531
679
-237
-1608
-2775
-3161
-3180
-3621
-3617
-2657
-2094
-2102
-1946
-1926
-2275
-2537
-2271
-1810
-1814
-2076
-2211
-2334
-2257
-1649
-827
-595
-1399
-2737
-3655
-3480
-1701
2089
7269
11873
14281
14384
12667
9946
7797
7016
6412
4689
2428
880
-74
-1636
-4214
-6834
-8473
-8768
-7345
-4295
-1211
404
1240
2690
4571
6113
7194
7440
6298
4553
3662
3271
1694
-1201
-4111
-6513
-8309
-8719
-7574
-6557
-6870
-6955
-5333
-3209
-1971
-1333
-610
363
1641
3655
5929
6579
5093
3206
2146
1553
759
-365
-1707
-3092
-3889
-3506
-2308
-1328
-1124
-1168
-719
260
1422
2218
2304
2218
2458
2663
2489
1672
45
-1567
-2368
-2619
-2716
-2910
-3181
-3228
-3088
-2426
-843
707
1425
1897
2704
3624
4054
3895
3446
2452
854
-639
-1767
-2935
-4174
-4972
-5090
-4728
-4064
-3368
-2876
-2457
-2037
-1704
-1370
-980
-613
-304
-16
112
-77
-351
-592
-801
-696
-546
-1037
-2219
-3530
-3938
-2654
555
5629
10790
13284
12676
10581
8545
7265
6681
6480
5698
3589
1329
-8
-1334
-3562
-6160
-7968
-8254
-6992
-4637
-2203
-744
-100
829
2563
4595
6130
6663
5954
4315
2939
2397
1546
-438
-2886
-4793
-5611
-5468
-4749
-4128
-4530
-5307
-5003
-3859
-2606
-1361
-305
631
1616
2695
3657
3755
2938
2094
1579
1202
840
272
-944
-2781
-3982
-3352
-1531
-36
598
745
735
821
1362
2107
2162
1368
617
437
361
-58
-649
-1297
-2145
-2974
-3296
-3106
-2848
-2730
-2411
-1361
412
2112
2999
3152
2899
2296
1728
1784
2055
1460
-19
-1314
-2027
-2740
-3660
-4366
-4723
-4791
-4206
-2808
-1335
-582
-494
-703
-1101
-1406
-1165
-576
-250
-295
-414
-555
-837
-1010
-806
-756
-1477
-2711
-3897
-4514
-3944
-1711
2395
7554
11624
13162
12519
10643
8719
7811
7715
7342
5993
3890
1878
100
-2122
-4616
-6515
-7659
-8013
-7119
-5227
-3467
-2302
-1107
610
2730
4857
6307
6470
5564
4496
3858
3346
2266
434
-1726
-3660
-4895
-5255
-5225
-5575
-6360
-6695
-6006
-4810
-3754
-2921
-2115
-1138
85
1605
3189
4172
4410
4289
3922
3385
2550
1113
-456
-1354
-1282
-352
741
1143
711
-210
-1070
-1316
-1054
-923
-1220
-1497
-1250
-916
-1072
-1316
-1424
-1766
-2194
-2303
-1957
-1267
-648
-211
290
930
1716
2398
2559
2381
2311
2275
2054
1751
1322
378
-995
-2136
-2812
-3328
-3835
-4278
-4553
-4383
-3540
-2239
-1015
-251
-38
-403
-1107
-1409
-868
-6
455
543
612
275
-776
-1698
-1915
-2088
-2864
-3920
-4422
-4222
-3432
-1016
3571
8591
11998
13076
12040
9877
8245
8356
9387
9146
6948
4179
1981
87
-2025
-4144
-5914
-7170
-7525
-6740
-5378
-4376
-3875
-3104
-1543
699
3074
4595
4833
4436
4214
4282
3900
2524
607
-1279
-2708
-3212
-2977
-2859
-3612
-4991
-5734
-5269
-4389
-3866
-3548
-2976
-2220
-1368
-59
1581
2822
3259
3113
2995
3061
2744
1879
1130
1055
1528
2113
2566
2605
1809
404
-793
-1470
-1992
-2679
-3351
-3605
-3499
-3319
-3011
-2681
-2603
-2483
-1940
-1079
-166
637
1205
1365
1345
1755
2504
2826
2467
1903
1557
1288
980
772
329
-687
-1741
-2253
-2311
-2302
-2525
-2965
-3320
-3175
-2371
-1362
-723
-627
-1061
-1917
-2588
-2386
-1605
-1145
-1055
-741
-306
-268
-561
-776
-871
-1117
-1654
-2285
-2583
-2315
-1028
1910
6233
10300
12223
11769
9921
8014
7240
7625
8054
7193
5080
2847
1029
-600
-2284
-3878
-5357
-6702
-7385
-6984
-5864
-4646
-3563
-2499
-1146
630
2295
3139
3297
3477
3829
3944
3629
2979
2026
938
177
-120
-470
-1383
-2635
-3626
-4148
-4352
-4450
-4661
-5026
-5197
-4821
-3955
-2869
-1703
-587
123
518
1057
1827
2466
2725
3212
4242
5296
5826
5681
5121
4085
2613
1115
-254
-1581
-2913
-3986
-4637
-5007
-5218
-5296
-5285
-5112
-4552
-3607
-2543
-1442
-256
808
1562
2214
3115
3905
3911
3354
2822
2589
2367
1893
1340
543
-505
-1482
-2143
-2386
-2582
-2875
-3092
-3087
-2667
-2031
-1424
-991
-1008
-1567
-2382
-2809
-2543
-1900
-1191
-499
71
323
233
44
-65
-177
-409
-900
-1564
-1853
-1393
-167
1928
4723
7245
8372
7821
6429
5570
5983
7001
7239
6062
4141
2654
1994
1479
599
-470
-1610
-2799
-3764
-4236
-4209
-3937
-3640
-3129
-2158
-1043
-443
-443
-407
70
614
743
548
473
695
1073
1535
2071
2355
1975
1000
-49
-679
-939
-1283
-1825
-2314
-2630
-2872
-3125
-3193
-3045
-2964
-2945
-2849
-2559
-1868
-1014
-316
520
1801
3299
4416
4826
4854
4802
4484
3702
2509
1202
85
-859
-1759
-2608
-3404
-4197
-4850
-5018
-4680
-4297
-4066
-3618
-2769
-1812
-986
-183
797
1806
2495
2804
2813
2570
2221
1832
1503
1360
1198
825
387
-17
-502
-1173
-1877
-2258
-2142
-1723
-1361
-1320
-1649
-2266
-2944
-3278
-3007
-2328
-1639
-1070
-485
45
244
117
-5
60
179
214
197
181
227
477
1042
1798
2457
2821
2887
2822
2917
3397
4122
4640
4662
4392
4256
4368
4438
4193
3738
3369
3103
2668
1962
1143
288
-613
-1374
-1754
-1877
-2107
-2543
-2999
-3348
-3573
-3663
-3660
-3624
-3470
-3006
-2229
-1377
-670
-179
156
438
762
1109
1331
1337
1200
995
679
280
-21
-175
-357
-696
-1167
-1689
-2108
-2197
-1882
-1308
-643
-6
443
594
600
702
874
905
715
415
103
-192
-423
-575
-739
-999
-1237
-1265
-1120
-1035
-1084
-1139
-1097
-943
-671
-349
-122
-27
68
273
511
628
563
406
300
325
483
637
619
414
179
93
195
398
560
543
289
-46
-369
-670
-988
-1316
-1425
-1350
-1212
-1040
-897
-826
-919
-1072
-1096
-904
-710
-661
-679
-776
-781
-600
-273
60
213
233
139
-94
-324
-339
-84
329
819
1444
2134
2674
2994
3153
3265
3376
3547
3735
3789
3776
3755
3763
3725
3393
2797
2127
1512
1045
620
154
-332
-831
-1177
-1425
-1709
-1945
-2138
-2252
-2312
-2381
-2327
-2145
-2054
-2099
-2040
-1790
-1553
-1437
-1330
-1138
-935
-795
-678
-553
-446
-343
-184
17
221
453
701
808
716
532
359
258
124
-103
-317
-430
-415
-485
-665
-742
-747
-683
-550
-369
-139
-48
-105
-124
-106
0
232
458
557
493
450
425
234
-48
-272
-370
-401
-402
-343
-263
-311
-453
-515
-438
-228
-164
-362
-619
-839
-938
-963
-1001
-1056
-1091
-1045
-848
-545
-268
-24
179
356
587
892
1121
1101
884
694
667
747
819
689
328
-201
-762
-1074
-1200
-1242
-1226
-1200
-1020
-725
-410
-167
-193
-379
-417
-147
443
1102
1587
1876
1989
2124
2396
2607
2642
2522
2455
2597
2692
2527
2162
1762
1493
1307
1109
907
639
342
130
-20
-143
-278
-488
-700
-840
-865
-766
-682
-729
-806
-872
-890
-780
-696
-698
-754
-871
-920
-898
-831
-765
-833
-1034
-1299
-1458
-1447
-1450
-1471
-1383
-1097
-727
-485
-318
-161
-21
163
410
664
759
715
668
623
617
598
551
503
354
217
178
82
-142
-497
-824
-953
-970
-936
-907
-974
-1088
-1177
-1127
-944
-806
-693
-630
-652
-680
-651
-508
-437
-497
-482
-417
-342
-245
-147
-57
-48
-27
218
595
874
919
773
694
735
821
988
1127
1142
1074
975
866
663
388
226
207
250
354
435
344
113
-185
-381
-396
-382
-344
-298
-335
-477
-636
-626
-500
-308
-18
281
630
954
1135
1250
1315
1386
1519
1643
1708
1673
1554
1418
1320
1219
1061
830
575
349
119
-15
-28
11
47
-34
-111
-101
-102
-136
-205
-253
-269
-274
-256
-261
-385
-639
-934
-1150
-1293
-1396
-1397
-1337
-1313
-1309
-1289
-1213
-1117
-1041
-879
-631
-458
-386
-311
-163
-28
53
179
324
388
394
425
512
567
488
345
213
87
42
48
13
-93
-222
-275
-310
-339
-409
-559
-748
-888
-840
-703
-601
-597
-656
-659
-634
-605
-553
-528
-563
-492
-282
-5
196
202
195
199
186
225
299
395
428
443
523
603
640
621
545
515
565
676
818
853
768
640
513
437
419
381
315
213
33
-81
-107
-158
-278
-406
-353
-218
-148
-98
-33
86
201
324
489
587
607
564
528
572
629
687
676
574
503
475
470
439
423
482
515
537
559
565
554
443
308
244
208
202
218
180
54
-125
-297
-443
-583
-656
-615
-539
-532
-631
-734
-806
-864
-847
-788
-722
-704
-748
-757
-721
-678
-628
-545
-488
-446
-350
-222
-79
-3
1
-15
-7
22
16
-3
-19
-47
-65
-46
-14
-52
-175
-294
-361
-373
-314
-244
-234
-251
-294
-320
-318
-340
-340
-309
-243
-148
-46
41
89
69
-75
-227
-259
-192
-89
-25
17
40
72
125
124
116
131
176
274
410
572
644
615
551
474
438
458
510
497
393
316
318
326
276
165
60
45
91
185
314
373
364
342
343
440
542
554
521
471
442
468
492
499
462
330
167
64
91
161
143
86
16
-24
-6
-1
-60
-165
-236
-227
-135
-52
-36
-57
-155
-255
-234
-171
-149
-132
-140
-159
-160
-120
-78
-151
-269
-347
-332
-254
-269
-291
-271
-303
-323
-318
-284
-262
-300
-310
-261
-219
-227
-249
-295
-364
-398
-377
-342
-352
-361
-379
-410
-452
-510
-521
-504
-446
-375
-331
-308
-310
-289
-295
-332
-298
-232
-168
-71
24
86
92
47
57
80
59
69
105
143
216
306
385
399
303
208
190
232
327
433
459
377
273
253
317
326
279
242
199
226
277
324
362
324
286
313
439
598
710
725
659
687
748
808
838
756
741
746
693
628
515
455
366
219
118
38
-31
-131
-242
-309
-330
-319
-319
-375
-469
-532
-568
-593
-594
-563
-494
-427
-376
-322
-297
-318
-329
-338
-329
-258
-222
-202
-182
-204
-205
-196
-193
-201
-264
-299
-257
-143
-61
-92
-115
-117
-118
-124
-141
-190
-162
-143
-178
-206
-298
-325
-360
-442
-435
-452
-470
-462
-445
-401
-406
-433
-485
-465
-339
-254
-172
-74
-48
0
24
86
157
119
108
157
335
490
448
303
123
-10
15
142
244
228
148
120
128
135
36
-78
-111
-67
81
160
202
157
80
70
78
239
375
420
468
581
674
748
768
764
875
931
959
928
880
884
868
884
875
756
631
532
448
434
366
279
169
54
-14
-94
-190
-304
-390
-386
-306
-323
-446
-538
-591
-583
-511
-460
-455
-467
-464
-440
-397
-340
-362
-524
-662
-641
-522
-421
-467
-540
-523
-490
-451
-448
-469
-492
-474
-414
-318
-175
-149
-160
-161
-214
-188
-123
-52
-31
-63
-60
-80
-131
-187
-169
-102
-157
-314
-461
-475
-345
-275
-291
-356
-435
-386
-300
-315
-336
-254
-109
45
120
56
-43
-153
-194
-97
50
178
154
15
-83
-157
-153
-141
-212
-230
-176
-40
196
301
243
183
152
194
335
560
770
907
1110
1301
1395
1483
1526
1573
1622
1630
1653
1643
1580
1452
1297
1212
1128
960
752
542
401
317
173
18
-101
-226
-334
-405
-426
-416
-458
-571
-712
-798
-811
-797
-747
-708
-740
-716
-637
-662
-684
-590
-503
-452
-407
-387
-310
-155
-121
-220
-263
-237
-237
-271
-327
-386
-397
-437
-519
-552
-531
-494
-489
-493
-531
-557
-524
-504
-441
-392
-363
-320
-328
-344
-332
-269
-215
-261
-296
-260
-228
-223
-293
-398
-399
-359
-334
-341
-438
-528
-547
-520
-409
-265
-185
-174
-193
-152
-36
77
100
-24
-164
-193
-177
-153
-131
-156
-200
-254
-322
-291
-177
-171
-269
-264
-19
442
964
1396
1748
2059
2297
2465
2652
2909
3141
3203
3102
2954
2790
2582
2272
1847
1427
1032
601
102
-411
-812
-1035
-1191
-1396
-1546
-1662
-1707
-1635
-1606
-1533
-1376
-1247
-1117
-876
-486
-63
233
338
347
400
508
527
400
189
-41
-188
-182
-62
11
-33
-256
-636
-862
-879
-817
-745
-743
-740
-738
-735
-684
-655
-561
-430
-370
-291
-237
-178
-74
-12
25
15
-59
-210
-352
-370
-298
-201
-304
-652
-1019
-1260
-1317
-1175
-990
-905
-885
-941
-979
-942
-854
-782
-824
-795
-584
-308
-98
-58
-155
-250
-292
-352
-384
-314
-233
-252
-375
-539
-590
-486
-405
-356
-229
14
244
284
280
452
884
1409
1875
2500
3275
3937
4318
4357
4327
4417
4519
4488
4247
3904
3463
2793
1941
1089
428
-70
-689
-1455
-2108
-2528
-2773
-2949
-3057
-2991
-2810
-2670
-2568
-2323
-1818
-1221
-739
-365
27
516
1003
1311
1447
1489
1431
1265
1070
957
910
696
132
-638
-1288
-1666
-1833
-1842
-1694
-1396
-1071
-948
-1033
-1056
-886
-610
-274
126
552
907
1102
1162
1184
1190
1047
689
336
225
267
206
-93
-562
-1033
-1413
-1723
-1959
-2110
-2221
-2293
-2269
-2110
-1821
-1528
-1369
-1278
-1083
-736
-335
-47
91
209
311
298
184
53
-15
-48
-191
-475
-788
-1078
-1389
-1720
-1940
-1966
-1911
-1900
-1885
-1737
-1386
-887
-358
123
600
1145
1763
2559
3724
5176
6464
7162
7198
6852
6550
6485
6436
6102
5390
4309
2979
1698
670
-176
-1035
-2089
-3298
-4290
-4797
-4912
-4791
-4494
-4062
-3549
-3069
-2619
-2014
-1196
-321
447
1062
1614
2156
2631
2926
2966
2772
2362
1741
1025
396
-128
-711
-1460
-2283
-2997
-3468
-3709
-3837
-3845
-3657
-3280
-2718
-1999
-1174
-271
535
1095
1534
2031
2647
3271
3668
3716
3432
2855
2111
1389
813
346
-132
-696
-1280
-1784
-2205
-2632
-3048
-3321
-3424
-3359
-3074
-2629
-2146
-1668
-1269
-961
-664
-381
-87
298
769
1215
1458
1400
1118
697
229
-142
-357
-526
-823
-1249
-1683
-2089
-2452
-2686
-2768
-2749
-2619
-2343
-2010
-1668
-1247
-783
-325
215
875
1696
2827
4263
5758
6936
7471
7397
7081
6868
6864
6818
6383
5469
4202
2792
1440
237
-822
-1775
-2781
-3844
-4654
-4993
-4970
-4789
-4482
-4028
-3345
-2540
-1768
-937
-31
954
1749
2283
2837
3347
3688
3769
3678
3466
2908
1954
778
-276
-1085
-1881
-2816
-3716
-4327
-4659
-4867
-5005
-4950
-4668
-4251
-3715
-2910
-1712
-272
1097
2208
3078
3740
4154
4337
4449
4598
4616
4196
3270
2135
1127
278
-611
-1629
-2615
-3379
-3867
-4111
-4152
-4077
-4013
-3974
-3776
-3213
-2310
-1344
-566
-23
373
684
950
1236
1611
2047
2377
2436
2193
1703
1019
292
-257
-639
-1055
-1612
-2249
-2837
-3233
-3428
-3565
-3751
-3875
-3714
-3258
-2484
-1523
-721
-253
-68
332
1210
2540
4267
6039
7488
8172
8030
7472
6937
6749
6714
6348
5414
4105
2735
1404
109
-1127
-2312
-3512
-4629
-5371
-5493
-5110
-4653
-4372
-4074
-3463
-2565
-1636
-735
288
1423
2413
3118
3690
4228
4537
4430
4062
3705
3319
2631
1579
421
-640
-1688
-2843
-3944
-4707
-5083
-5262
-5338
-5170
-4699
-4151
-3765
-3395
-2665
-1449
17
1444
2712
3739
4401
4635
4599
4606
4762
4754
4194
3094
1849
719
-389
-1517
-2524
-3315
-3879
-4279
-4522
-4517
-4352
-4217
-4043
-3584
-2700
-1576
-594
130
696
1131
1417
1603
1762
1909
2012
2028
1916
1679
1306
719
-65
-880
-1553
-2049
-2410
-2707
-3011
-3347
-3660
-3842
-3810
-3537
-3030
-2296
-1384
-482
166
525
835
1368
2241
3413
4764
6080
7047
7368
7018
6360
5855
5552
5115
4345
3385
2450
1521
483
-596
-1595
-2521
-3423
-4180
-4440
-4080
-3463
-2903
-2365
-1726
-1011
-403
67
642
1418
2149
2641
2971
3209
3169
2710
2107
1731
1523
1104
342
-499
-1212
-1908
-2683
-3383
-3796
-3940
-3986
-3895
-3453
-2733
-2149
-1887
-1691
-1300
-674
165
1199
2287
3169
3606
3548
3200
2831
2524
2220
1859
1370
683
-151
-972
-1696
-2317
-2796
-3073
-3167
-3117
-2929
-2653
-2390
-2153
-1853
-1422
-890
-317
205
595
845
1007
1085
1055
951
858
806
736
571
277
-114
-565
-1045
-1476
-1780
-1986
-2167
-2350
-2500
-2560
-2519
-2452
-2356
-2062
-1486
-802
-184
319
668
870
1077
1502
2249
3281
4381
5220
5594
5523
5133
4689
4414
4226
3887
3265
2479
1730
998
232
-488
-1191
-1938
-2567
-2849
-2696
-2228
-1706
-1338
-1129
-922
-618
-264
165
726
1274
1636
1837
1950
1874
1532
1072
731
572
418
73
-459
-1018
-1537
-2049
-2495
-2763
-2877
-2942
-2895
-2562
-2011
-1583
-1453
-1415
-1186
-723
-82
762
1726
2461
2662
2429
2113
1933
1842
1710
1474
1150
692
54
-626
-1162
-1552
-1895
-2102
-2062
-1910
-1855
-1892
-1930
-1898
-1738
-1508
-1177
-793
-376
-31
65
111
82
-60
-149
-73
199
324
232
-38
-484
-858
-1098
-1281
-1484
-1646
-1757
-1889
-1965
-1960
-1870
-1744
-1490
-1091
-698
-223
213
468
531
558
913
1517
2364
3369
4240
4814
4802
4381
3933
3715
3818
3839
3666
3328
2754
2062
1237
470
-119
-663
-1079
-1429
-1626
-1574
-1454
-1284
-1115
-908
-685
-598
-500
-231
173
556
802
930
950
869
736
637
619
635
534
232
-147
-485
-857
-1363
-1895
-2262
-2392
-2337
-2153
-1862
-1632
-1518
-1479
-1413
-1151
-754
-170
527
1193
1729
1918
1887
1741
1588
1511
1370
1246
1034
678
244
-262
-663
-1040
-1361
-1534
-1618
-1591
-1598
-1665
-1748
-1813
-1742
-1575
-1335
-1046
-731
-448
-274
-183
-167
-145
-136
-66
116
209
175
-71
-362
-578
-842
-1103
-1351
-1458
-1466
-1514
-1564
-1566
-1547
-1484
-1287
-970
-591
-351
-181
-50
67
377
838
1617
2542
3391
4074
4298
4298
4106
3890
3945
4010
4013
3667
3058
2524
1856
1168
528
-28
-508
-1054
-1466
-1641
-1609
-1519
-1476
-1339
-1090
-853
-677
-545
-384
-106
202
443
631
771
861
879
809
680
505
277
0
-291
-573
-872
-1223
-1594
-1891
-2032
-2002
-1878
-1733
-1590
-1446
-1305
-1167
-975
-641
-126
481
1051
1452
1609
1570
1465
1419
1415
1321
1085
788
500
233
-37
-329
-608
-930
-1190
-1328
-1391
-1403
-1561
-1717
-1729
-1605
-1395
-1304
-1180
-1030
-902
-726
-597
-380
-194
-118
-69
-63
-2
-66
-207
-272
-357
-472
-712
-942
-1079
-1206
-1305
-1396
-1400
-1324
-1221
-1034
-754
-466
-299
-277
-236
-20
361
886
1543
2299
3017
3535
3849
3944
3839
3753
3747
3754
3718
3471
3108
2659
2030
1430
887
434
13
-532
-949
-1198
-1340
-1397
-1475
-1452
-1378
-1297
-1217
-1160
-975
-771
-648
-491
-221
133
389
510
596
630
556
403
239
122
-46
-346
-678
-920
-1036
-1171
-1326
-1373
-1308
-1217
-1180
-1082
-912
-691
-382
-46
299
615
809
898
984
1071
1142
1126
984
833
602
360
210
42
-112
-318
-579
-834
-1104
-1228
-1286
-1348
-1364
-1423
-1415
-1310
-1177
-1045
-988
-965
-927
-769
-458
-174
-45
-88
-187
-244
-285
-277
-264
-279
-333
-465
-554
-588
-631
-741
-902
-984
-983
-894
-754
-650
-576
-530
-496
-454
-356
-147
195
635
1106
1549
1905
2157
2332
2466
2611
2765
2881
2969
2998
2962
2835
2554
2249
1993
1792
1616
1325
1009
717
443
225
-26
-233
-367
-510
-613
-693
-744
-784
-880
-984
-998
-903
-789
-701
-654
-639
-639
-687
-755
-786
-815
-906
-1008
-997
-876
-782
-792
-853
-871
-823
-743
-630
-485
-340
-229
-123
35
224
370
481
625
778
930
1029
1025
908
721
632
608
562
454
274
103
-102
-336
-542
-709
-838
-975
-1051
-1011
-932
-935
-1036
-1157
-1236
-1242
-1176
-1064
-983
-1000
-1093
-1175
-1188
-1110
-1044
-1014
-954
-859
-701
-601
-587
-607
-667
-642
-560
-486
-408
-358
-322
-263
-167
-82
-23
-12
5
168
461
819
1139
1399
1642
1853
2084
2316
2571
2849
3064
3233
3328
3347
3243
3000
2758
2594
2463
2228
1857
1467
1130
828
506
152
-195
-481
-709
-883
-1018
-1117
-1257
-1474
-1638
-1644
-1552
-1483
-1534
-1626
-1595
-1526
-1473
-1434
-1461
-1492
-1515
-1437
-1235
-1031
-914
-921
-910
-830
-698
-552
-421
-270
-109
75
302
530
685
767
849
1018
1197
1268
1245
1182
1163
1126
1073
1045
984
877
678
476
304
121
-84
-311
-448
-527
-624
-721
-854
-1006
-1113
-1218
-1254
-1236
-1284
-1308
-1344
-1370
-1345
-1339
-1325
-1313
-1295
-1253
-1159
-1037
-928
-834
-774
-716
-650
-598
-553
-480
-367
-214
-88
-28
5
11
55
120
253
494
765
1014
1168
1318
1505
1697
1900
2094
2334
2584
2763
2857
2844
2763
2708
2610
2471
2290
2016
1763
1518
1250
976
681
368
27
-230
-406
-542
-648
-789
-958
-1118
-1215
-1257
-1288
-1324
-1348
-1323
-1249
-1170
-1141
-1155
-1163
-1137
-1074
-990
-910
-849
-803
-752
-685
-632
-613
-634
-657
-601
-483
-340
-169
-34
27
95
211
379
584
707
692
650
627
626
678
709
662
578
478
371
264
139
-1
-150
-278
-346
-390
-425
-500
-660
-796
-832
-844
-867
-917
-1027
-1131
-1163
-1162
-1163
-1148
-1148
-1166
-1094
-962
-827
-710
-638
-587
-511
-433
-371
-268
-245
-232
-126
-14
107
112
84
123
191
295
392
496
571
670
830
1011
1201
1363
1518
1684
1885
2106
2277
2359
2377
2335
2286
2260
2199
2068
1838
1623
1435
1225
1030
775
477
181
-53
-187
-310
-479
-705
-885
-959
-990
-1027
-1059
-1080
-1124
-1117
-1045
-985
-961
-1011
-1038
-995
-880
-732
-698
-730
-770
-795
-779
-734
-684
-694
-736
-721
-637
-551
-480
-398
-262
-64
128
244
296
322
360
445
552
692
798
816
815
764
710
637
476
340
205
107
104
67
20
-88
-284
-440
-568
-663
-671
-671
-730
-792
-882
-1009
-1090
-1125
-1113
-1091
-1011
-886
-799
-737
-707
-660
-603
-512
-387
-329
-275
-223
-189
-179
-205
-194
-232
-289
-262
-192
-84
-37
-76
-97
-58
59
292
591
831
998
1135
1277
1462
1669
1875
2038
2122
2152
2157
2156
2151
2115
2007
1830
1638
1456
1243
1021
813
586
364
201
62
-54
-159
-352
-577
-668
-634
-592
-606
-654
-688
-724
-729
-672
-655
-660
-680
-769
-791
-767
-760
-788
-873
-919
-937
-956
-990
-1056
-1090
-1083
-1017
-873
-738
-607
-498
-440
-322
-202
-60
144
319
493
614
675
742
794
795
763
709
667
646
566
473
362
209
63
-126
-276
-386
-492
-574
-667
-745
-819
-887
-930
-956
-921
-881
-844
-799
-784
-712
-606
-495
-379
-352
-340
-279
-222
-155
-160
-193
-168
-203
-249
-279
-352
-391
-415
-412
-347
-252
-160
-124
-131
-126
-68
49
226
455
717
953
1076
1096
1102
1186
1387
1630
1801
1869
1839
1740
1656
1617
1570
1468
1302
1133
1030
972
880
707
499
350
277
264
280
265
179
65
-3
-18
-11
-48
-117
-175
-193
-188
-295
-464
-610
-690
-707
-733
-763
-869
-1025
-1134
-1191
-1167
-1129
-1122
-1102
-1050
-936
-805
-741
-711
-631
-502
-317
-114
43
183
315
432
497
512
488
424
421
452
476
453
347
210
30
-125
-249
-388
-489
-579
-644
-698
-794
-907
-993
-1030
-1016
-967
-896
-814
-753
-688
-610
-541
-496
-459
-373
-264
-175
-93
-59
-74
-60
-55
-53
-57
-102
-123
-151
-150
-103
-77
-24
-3
-12
17
95
218
331
432
508
565
679
839
992
1102
1127
1129
1176
1293
1436
1508
1487
1375
1275
1248
1260
1249
1158
1030
915
873
879
818
674
502
439
496
560
550
461
345
250
212
212
175
68
-48
-128
-200
-279
-411
-593
-740
-854
-923
-942
-1020
-1145
-1236
-1271
-1214
-1161
-1161
-1139
-1105
-1036
-881
-718
-587
-482
-407
-297
-165
-46
49
117
195
259
310
329
304
261
210
167
89
4
-74
-146
-219
-290
-345
-437
-539
-632
-682
-673
-664
-655
-672
-672
-626
-591
-573
-574
-563
-489
-408
-354
-329
-335
-315
-270
-215
-164
-168
-177
-155
-99
-45
-64
-106
-90
-37
14
59
59
26
64
186
323
410
430
422
409
409
440
500
592
687
737
750
732
692
694
767
917
1046
1061
1022
998
1017
1089
1163
1160
1094
1043
1063
1083
1048
987
882
822
813
749
671
568
484
417
307
196
64
-39
-117
-220
-361
-532
-663
-794
-896
-906
-892
-894
-976
-1053
-1058
-1018
-916
-834
-741
-615
-555
-533
-499
-450
-388
-296
-235
-252
-266
-249
-188
-132
-130
-196
-304
-341
-326
-277
-244
-271
-281
-324
-373
-401
-425
-418
-447
-508
-486
-390
-359
-421
-486
-514
-493
-431
-391
-361
-278
-218
-244
-291
-313
-295
-248
-169
-70
1
29
12
-51
-37
96
203
221
202
212
275
362
413
423
382
321
332
372
429
481
469
426
384
380
400
438
466
462
523
588
598
590
587
637
697
740
759
780
833
864
861
847
783
674
636
733
856
859
681
413
209
261
497
579
395
58
-178
-221
-187
-166
-226
-368
-554
-667
-605
-462
-389
-524
-773
-891
-792
-556
-414
-488
-604
-616
-567
-558
-567
-487
-360
-324
-395
-493
-471
-331
-266
-319
-372
-314
-214
-187
-253
-348
-344
-289
-269
-276
-292
-302
-324
-345
-316
-253
-219
-246
-302
-289
-193
-115
-129
-216
-264
-231
-156
-128
-186
-187
-134
-140
-185
-241
-246
-179
-109
-58
-42
-40
-12
33
74
130
193
234
272
317
351
366
346
303
290
324
390
447
457
428
375
361
370
394
429
429
444
452
453
472
483
483
440
433
460
463
503
557
603
627
597
523
452
455
559
680
703
628
492
361
306
325
379
388
326
205
104
87
57
-1
-115
-236
-231
-179
-157
-241
-406
-518
-533
-487
-460
-464
-501
-566
-627
-663
-641
-583
-563
-581
-584
-561
-530
-524
-553
-553
-518
-480
-470
-504
-513
-444
-374
-373
-415
-444
-436
-395
-317
-255
-253
-262
-258
-251
-203
-143
-134
-175
-208
-179
-101
-50
-91
-190
-225
-147
-60
-51
-84
-99
-84
-56
-34
-24
-26
12
82
138
171
170
192
215
260
300
290
293
303
389
508
532
489
421
397
449
551
640
623
531
469
465
496
518
471
407
400
415
412
376
333
307
303
313
312
290
273
289
308
282
238
227
223
216
242
257
212
141
92
96
133
151
136
94
51
42
44
17
-41
-102
-137
-135
-113
-108
-157
-254
-334
-350
-311
-281
-307
-360
-396
-439
-490
-492
-457
-418
-456
-535
-553
-544
-494
-434
-419
-465
-508
-464
-431
-378
-288
-263
-270
-266
-227
-167
-121
-127
-156
-129
-72
-11
17
-6
-64
-101
-48
-8
-12
-29
-78
-99
-117
-116
-93
-82
-111
-178
-163
-70
-7
7
-38
-85
-62
-21
15
70
104
113
113
109
155
238
289
287
266
271
316
375
428
446
411
357
325
338
387
419
396
339
292
259
235
232
254
255
193
146
148
175
191
146
105
83
81
118
112
112
101
61
61
44
55
64
76
102
57
44
46
53
84
93
91
57
55
69
74
106
88
17
-33
-39
-30
-1
-10
-83
-129
-148
-168
-167
-185
-241
-270
-267
-286
-294
-277
-281
-315
-359
-393
-360
-251
-221
-249
-277
-328
-330
-289
-203
-133
-99
-106
-156
-141
-106
-53
-32
-67
-53
-24
-15
-75
-127
-103
-88
-72
-99
-166
-169
-121
-89
-92
-125
-140
-118
-107
-103
-65
-18
15
22
-6
5
46
80
109
114
139
169
174
175
178
210
234
238
253
257
253
269
286
294
291
243
204
238
278
288
271
219
165
149
172
184
163
130
110
76
36
40
42
31
26
16
0
-14
4
10
-24
-28
-25
-26
-18
-18
-2
2
-3
7
1
-1
9
21
24
7
6
36
44
22
-26
-77
-65
-7
0
-35
-55
-72
-101
-123
-119
-85
-64
-89
-141
-152
-131
-106
-106
-146
-158
-147
-125
-100
-88
-68
-76
-113
-135
-120
-83
-65
-87
-116
-110
-98
-100
-130
-141
-101
-89
-103
-123
-136
-121
-122
-135
-142
-138
-108
-96
-105
-88
-63
-40
-24
-31
-22
1
36
53
28
53
92
86
55
30
77
105
119
141
93
69
92
102
128
160
165
175
172
149
150
154
161
165
138
122
137
127
101
78
37
34
58
86
78
38
48
59
33
12
27
48
66
76
62
88
100
64
51
44
68
99
92
49
9
38
73
56
32
17
33
59
61
65
40
11
-12
-58
-61
-28
-31
-59
-85
-97
-89
-95
-116
-97
-81
-102
-114
-118
-86
-28
-14
-51
-82
-64
-55
-58
-38
-43
-56
-69
-91
-108
-106
-90
-99
-112
-109
-92
-73
-80
-92
-104
-101
-97
-76
-51
-58
-51
-67
-74
-46
-51
-33
-11
-5
-10
-23
0
32
29
10
15
31
37
44
44
48
54
47
42
55
68
55
36
45
54
58
82
100
98
88
73
66
64
66
80
68
25
8
26
37
12
-9
-1
8
15
18
-14
-25
13
21
-14
-33
-13
4
5
12
13
1
-10
-13
2
21
33
47
50
31
21
25
38
63
83
85
77
66
73
87
79
71
66
52
60
86
78
52
31
14
33
57
47
12
-15
-8
13
-4
-52
-81
-76
-67
-72
-88
-88
-72
-87
-127
-140
-117
-99
-106
-117
-115
-107
-101
-114
-117
-96
-81
-78
-71
-54
-44
-28
-29
-42
-26
-22
4
14
-7
11
22
40
53
28
12
21
36
39
47
59
58
41
7
-6
18
51
42
3
-2
26
46
40
34
28
29
30
28
60
66
36
2
-29
-24
-17
13
27
-14
-33
-45
-44
-22
-11
-6
-15
-34
-23
1
14
14
-4
-15
-8
10
13
6
-11
-18
-12
-10
6
10
22
8
1
34
20
33
39
15
34
32
31
32
39
40
18
29
30
23
31
29
41
30
14
23
18
23
24
7
5
10
3
-9
-19
-16
-7
-12
-23
-42
-46
-36
-34
-28
-30
-37
-35
-38
-32
-16
0
0
0
0
0
0
0
0
0
0
0
0
0
0
0
0
0
0
0
0
0
0
0
0
0
0
0
0
0
0
0
0
0
0
0
0
0
0
0
0
0
0
0
0
0
0
0
0
0
0
0
0
0
0
0
0
0
0
0
0
0
0
0
0
0
0
0
0
0
0
0
0
0
0
0
0
0
0
0
0
0
0
0
0
0
0
0
0
0
0
0
0
0
0
0
0
0
0
0
0
0
0
0
0
0
0
0
0
0
0
0
0
0
0
0
0
0
0
0
0
0
0
0
0
0
0
0
0
0
0
0
0
0
0
0
0
0
0
0
0
0
0
0
0
0
0
0
0
0
0
0
0
0
0
0
0
0
0
0
0
0
0
0
0
0
0
0
0
0
0
0
0
0
0
0
0
0
0
0
0
0
0
0
0
0
0
0
0
0
0
0
0
0
0
0
0
0
0
0
0
0
0
0
0
0
0
0
0
0
0
0
0
0
0
0
0
0
0
0
0
0
0
0
0
0
0
0
0
0
0
0
0
0
0
0
0
0
0
0
0
0
0
0
0
0
0
0
0
0
0
0
0
0
0
0
0
0
0
0
0
0
0
0
0
0
0
0
0
0
0
0
0
0
0
0
0
0
0
0
0
0
0
0
0
0
0
0
0
0
0
0
0
0
0
0
0
0
0
0
0
0
0
0
0
0
0
0
0
0
0
0
0
0
0
0
0
0
0
0
0
0
0
0
0
0
0
0
0
0
0
0
0
0
0
0
0
0
0
0
0
0
0
0
0
0
0
0
0
0
0
0
0
0
0
0
0
0
0
0
0
0
0
0
0
0
0
0
0
0
0
0
0
0
0
0
0
0
0
0
0
0
0
0
0
0
0
0
0
0
0
0
0
0
0
0
0
0
0
0
0
