0
0
0
0
0
0
0
0
0
0
0
0
0
0
0
0
0
0
0
0
0
0
0
0
0
0
0
0
0
0
0
0
0
0
0
0
0
0
0
0
0
0
0
0
0
0
0
0
0
0
0
0
0
0
0
0
0
0
0
0
0
0
0
0
0
0
0
0
0
0
0
0
0
0
0
0
0
0
0
0
0
0
0
0
0
0
0
0
0
0
0
0
0
0
0
0
0
0
0
0
0
0
0
0
0
0
0
0
0
0
0
0
0
0
0
0
0
0
0
0
0
0
0
0
0
0
0
0
0
0
0
0
0
0
0
0
0
0
0
0
0
0
0
0
0
0
0
0
0
0
0
0
0
0
0
0
0
0
0
0
0
0
0
0
0
0
0
0
0
0
0
0
0
0
0
0
0
0
0
0
0
0
0
0
0
0
0
0
0
0
0
0
0
0
0
0
0
0
0
0
0
0
0
0
0
0
0
0
0
0
0
0
0
0
0
0
0
0
0
0
0
0
0
0
0
0
0
0
0
0
0
0
0
0
0
0
0
0
0
0
0
0
0
0
0
0
0
0
0
0
0
0
0
0
0
0
0
0
0
0
0
0
0
0
0
0
0
0
0
0
0
0
0
0
0
0
0
0
0
0
0
0
0
0
0
0
0
0
0
0
0
0
0
0
0
0
0
0
0
0
0
0
0
0
0
0
0
0
0
0
0
0
0
0
0
0
0
0
0
0
0
0
0
0
0
0
0
0
0
0
0
0
0
0
0
0
0
0
0
0
0
0
0
0
0
0
0
0
0
0
0
0
0
0
0
0
0
0
0
0
0
0
0
0
0
0
0
0
0
0
0
0
0
0
0
0
0
0
0
0
0
0
0
0
0
0
0
0
0
0
0
0
0
0
0
0
128
125
103
103
98
106
113
95
85
80
72
69
68
56
48
60
42
23
30
26
-1
-9
-11
-25
-27
-41
-68
-111
-114
-126
-154
-148
-151
-168
-181
-202
-210
-193
-198
-199
-187
-181
-180
-162
-150
-140
-142
-139
-144
-161
-157
-167
-181
-184
-193
-219
-210
-200
-226
-229
-220
-229
-237
-244
-267
-261
-266
-273
-231
-239
-260
-252
-252
-229
-221
-214
-184
-174
-156
-106
-65
-20
43
79
121
193
264
325
388
450
520
585
650
733
811
877
958
1034
1094
1158
1203
1218
1239
1250
1231
1189
1143
1097
1011
895
799
684
550
428
280
154
23
-148
-262
-390
-536
-631
-740
-849
-944
-1031
-1097
-1142
-1178
-1205
-1213
-1210
-1163
-1116
-1084
-997
-913
-833
-719
-639
-554
-470
-419
-345
-307
-290
-252
-235
-216
-207
-224
-232
-213
-206
-217
-219
-225
-234
-242
-243
-236
-262
-294
-303
-319
-352
-382
-427
-494
-539
-546
-566
-593
-586
-574
-566
-533
-476
-418
-347
-233
-102
26
192
395
592
820
1051
1304
1585
1825
2078
2307
2495
2710
2869
2950
2999
2992
2918
2838
2716
2496
2238
1949
1636
1346
1059
725
360
-1
-336
-645
-920
-1158
-1407
-1626
-1787
-1944
-2077
-2208
-2317
-2387
-2433
-2415
-2383
-2344
-2259
-2158
-2030
-1883
-1711
-1511
-1307
-1081
-847
-630
-432
-249
-76
98
279
458
625
770
892
1003
1120
1232
1321
1393
1457
1488
1464
1391
1275
1127
971
811
618
392
156
-93
-356
-603
-815
-997
-1140
-1232
-1269
-1267
-1234
-1192
-1156
-1122
-1065
-953
-794
-659
-566
-482
-395
-299
-227
-158
-62
32
154
266
380
509
552
588
647
657
688
690
623
561
482
359
229
122
5
-125
-228
-301
-359
-420
-456
-469
-485
-497
-495
-492
-481
-454
-414
-366
-293
-164
-1
197
396
589
814
1063
1361
1655
1958
2236
2443
2628
2710
2751
2750
2637
2504
2333
2147
1951
1674
1319
930
550
195
-109
-395
-668
-921
-1166
-1374
-1593
-1791
-1983
-2186
-2318
-2449
-2508
-2502
-2533
-2504
-2465
-2387
-2241
-2105
-1938
-1746
-1495
-1220
-935
-628
-371
-103
148
353
554
718
881
1060
1235
1383
1468
1496
1489
1463
1414
1333
1210
1077
954
848
738
580
368
130
-88
-262
-411
-560
-718
-859
-944
-1007
-1064
-1122
-1206
-1257
-1254
-1223
-1145
-1049
-963
-854
-735
-613
-472
-358
-235
-120
2
144
222
307
376
439
522
529
516
484
423
347
267
180
58
-23
-71
-152
-250
-339
-437
-556
-653
-715
-732
-691
-578
-401
-176
65
300
535
790
1078
1401
1745
2078
2365
2581
2737
2816
2812
2772
2682
2545
2404
2231
2015
1768
1457
1098
746
420
152
-72
-255
-461
-705
-889
-1085
-1257
-1400
-1583
-1691
-1796
-1894
-1915
-1954
-2007
-2080
-2092
-2007
-1951
-1863
-1719
-1568
-1396
-1207
-1016
-858
-734
-619
-465
-286
-119
62
263
461
664
869
1018
1093
1171
1324
1448
1508
1533
1511
1444
1288
1122
939
678
458
232
16
-195
-459
-691
-940
-1145
-1295
-1425
-1444
-1497
-1506
-1429
-1361
-1258
-1233
-1147
-993
-902
-732
-584
-460
-322
-234
-103
15
99
167
252
344
373
419
472
440
375
350
313
271
220
195
131
-31
-172
-306
-358
-407
-442
-393
-421
-447
-544
-690
-772
-892
-993
-906
-669
-408
-63
379
756
1040
1439
1777
2088
2520
2784
3034
3219
3330
3446
3474
3468
3228
2989
2787
2485
2219
1818
1393
1051
700
418
201
-85
-457
-850
-1207
-1526
-1844
-2063
-2226
-2415
-2531
-2556
-2560
-2615
-2717
-2719
-2634
-2581
-2462
-2253
-2051
-1846
-1604
-1337
-1131
-971
-784
-569
-373
-147
79
291
510
667
905
1115
1302
1442
1554
1787
1738
1780
1768
1498
1553
1356
1144
1028
608
419
137
-143
-311
-670
-850
-1103
-1193
-1140
-1283
-1255
-1412
-1485
-1385
-1417
-1228
-1190
-1076
-833
-761
-498
-484
-444
-290
-296
4
54
134
201
-47
22
-176
-220
-136
-266
-44
-109
-124
-183
-563
-720
-1121
-1288
-1179
-1139
-872
-714
-571
-701
-1104
-1376
-1720
-1815
-1406
-576
595
1900
3167
4376
5102
5500
5795
5455
5201
4905
4279
3992
3468
2835
2117
1273
592
-379
-1037
-1550
-2142
-2270
-2305
-2034
-1769
-1445
-853
-689
-424
-198
-307
-354
-567
-535
-282
-94
322
388
309
195
-398
-777
-1213
-1579
-1651
-1697
-1298
-1153
-1109
-959
-1062
-1051
-1173
-1035
-721
-619
-243
0
68
136
2
-119
-29
232
486
938
1318
1400
1438
1111
777
459
-140
-445
-655
-828
-871
-1074
-1158
-1220
-1283
-1223
-1145
-819
-572
-394
-47
33
165
381
385
508
586
528
447
425
395
253
353
317
267
533
510
514
429
20
-274
-623
-873
-1115
-1337
-1387
-1464
-1259
-1114
-939
-595
-626
-539
-606
-930
-985
-1227
-1256
-859
-692
-461
-274
-311
-266
-610
-1114
-1584
-1891
-1237
-28
1892
4113
5493
6523
6691
6164
5541
4384
3341
2234
1429
1280
1084
969
422
-186
-453
-939
-1249
-1325
-1118
-580
-164
379
908
900
570
-37
-451
-771
-1480
-2023
-2415
-2322
-1903
-1590
-1078
-941
-1015
-1101
-1322
-1314
-1354
-1265
-848
-223
554
839
687
523
288
152
244
457
682
823
1063
1281
1084
693
-103
-862
-987
-1068
-646
10
426
802
542
99
-350
-793
-1056
-1441
-1323
-1106
-1002
-663
-865
-987
-1053
-1362
-1106
-997
-663
-69
175
711
765
655
702
419
500
557
539
695
601
549
636
465
390
450
44
-130
-271
-768
-828
-1116
-1374
-1392
-1692
-1458
-1258
-1043
-557
-567
-424
-502
-915
-966
-1211
-1337
-1159
-1069
-814
-808
-858
-661
-692
-664
-873
-1020
-528
245
1908
4187
6395
7944
8026
7458
6487
5227
3913
2220
867
-89
-506
-441
-473
-428
-685
-813
-744
-865
-760
-670
-172
528
858
1113
735
73
-556
-1307
-1662
-2362
-3121
-3135
-2727
-1657
-668
36
542
231
-274
-790
-1105
-1131
-1384
-1340
-737
-127
95
145
360
555
516
449
488
661
895
897
895
870
312
-652
-1320
-1508
-1712
-1974
-1859
-1525
-1168
-389
238
1018
1992
1753
1399
1281
628
42
-335
-887
-1292
-1188
-1720
-1893
-1172
-1185
-520
628
687
1180
1804
1669
1970
1863
1186
947
430
-188
-604
-843
-866
-892
-657
-298
-237
-177
-286
-576
-134
-325
-964
-998
-1780
-1911
-1599
-1832
-1230
-1141
-1650
-1429
-1340
-1221
-876
-975
-771
-323
-388
-489
-493
-520
-693
-1056
-1308
-1487
-1291
-113
2257
5378
7829
8716
8547
7810
6562
4908
3140
1338
-444
-1370
-1463
-1489
-1235
-1092
-1061
-346
-128
-446
143
815
1314
1977
1922
1507
935
-78
-653
-952
-1754
-2734
-3245
-3004
-2229
-987
227
798
1267
1306
639
230
-495
-1506
-1652
-1678
-1504
-676
-308
-69
423
419
368
500
392
348
429
457
409
-2
-849
-1784
-2322
-2432
-2675
-2881
-2522
-2002
-1535
-925
-315
603
1719
2148
2241
2262
1521
825
597
-252
-1000
-1354
-2380
-2545
-1584
-1250
-511
538
689
1414
2298
2292
2575
2393
1462
857
195
-553
-1127
-1478
-1525
-1204
-806
-389
101
402
578
299
414
476
-280
-408
-1223
-1834
-1414
-2212
-1849
-1021
-1462
-833
-562
-829
-356
-298
-468
-430
-827
-1495
-1397
-938
-988
-1356
-2001
-2691
-2662
-1530
816
4306
7648
9454
9695
8879
7349
5420
3372
987
-1499
-2906
-3051
-2577
-1642
-889
-493
254
582
306
919
1963
2328
2512
2287
1559
1125
355
-817
-1393
-2114
-3362
-3731
-3241
-2465
-1061
66
862
1968
2363
1494
324
-684
-1898
-2361
-2434
-2577
-1606
-822
-580
92
564
414
56
386
703
894
1296
706
268
-86
-1494
-2132
-2306
-3086
-3264
-2596
-1897
-1050
-420
-554
287
1684
1789
1955
2175
1677
1364
1222
789
-191
-1223
-2227
-3080
-2231
-1097
-938
470
1382
978
2098
2430
1650
2047
1326
270
548
-199
-1071
-715
-1139
-1420
-576
-226
222
707
430
306
502
514
-314
-882
-1008
-1869
-1773
-1602
-2053
-1308
-1232
-1963
-1408
-1029
-1264
-484
-238
-859
-689
-1264
-1992
-1149
-907
-1691
-2048
-2789
-3621
-2903
-987
2195
6477
9558
10657
10410
8964
6432
3867
1571
-1452
-3579
-3920
-3417
-1834
-190
376
628
1310
1345
1394
2718
2990
2682
2968
2174
1684
1256
-758
-2139
-2713
-3564
-3794
-3342
-2707
-1713
-146
1145
2261
3081
2035
389
-613
-1845
-2809
-3194
-3559
-3118
-1762
-761
238
1106
833
413
466
754
1278
1308
943
819
243
-931
-1863
-2413
-2910
-3305
-3048
-2087
-1042
-489
-440
209
1666
2472
2584
2573
1792
809
414
-152
-743
-1470
-3010
-3558
-2613
-1797
-491
889
1184
1762
2334
2168
2260
1936
1073
509
-137
-626
-951
-1379
-1485
-1256
-533
304
769
1308
1380
1093
1181
629
-155
-751
-1939
-2450
-2124
-2096
-1734
-1199
-1413
-1345
-1257
-1445
-424
-86
-580
-314
-835
-1567
-1748
-2423
-3007
-3065
-3484
-3816
-3214
-1380
2301
6796
10392
11813
10820
8727
5989
3223
744
-2348
-4601
-4826
-3958
-1559
949
1421
1849
2400
1824
2381
3442
2928
2988
3310
2437
2169
1313
-1123
-2569
-3332
-4015
-3721
-3535
-3117
-1207
933
2341
3370
3551
2037
-239
-1904
-3260
-4036
-4147
-4472
-3780
-1815
-428
627
1342
1073
1032
1142
1024
1552
1512
603
513
46
-1365
-2288
-3490
-4087
-3242
-2990
-2078
57
709
772
1756
2458
2996
3222
1922
595
294
-46
-817
-1475
-1951
-3285
-3508
-1798
-1166
-23
1723
1456
1939
2853
2063
1952
1717
206
-177
-146
-1075
-1142
-1128
-1607
-394
610
1047
2068
1991
1246
501
180
-106
-559
-1245
-2482
-2311
-1944
-2260
-1667
-1145
-1292
-1303
-1251
-1318
-735
-522
-1039
-576
-382
-1440
-1967
-2344
-2910
-2402
-2704
-3633
-2382
-749
1456
6241
10064
11118
10466
7802
5054
3208
580
-2546
-4600
-4694
-3463
-1272
1425
2171
1905
2601
2341
2138
3082
2689
2368
2950
2189
1690
1378
-948
-2574
-2586
-3214
-3260
-2536
-2297
-912
1335
2546
3394
3263
1346
-464
-1863
-3313
-3994
-4365
-4426
-3162
-1388
-2
1090
1446
1214
1104
1149
1281
1277
670
-286
-803
-836
-1332
-2558
-3574
-4049
-3587
-2373
-1180
201
1039
1204
1865
3058
3466
2836
1397
-745
-1435
-1656
-1981
-1190
-1720
-2184
-1639
-1618
-298
915
891
1747
2413
1990
1844
1482
483
-47
-884
-1609
-1066
-1133
-910
-73
-4
919
1235
921
1141
441
137
-280
-697
-303
-968
-1554
-1638
-2039
-1535
-1042
-1675
-1401
-971
-1712
-1244
-724
-1086
-228
228
-334
-554
-1614
-3206
-3492
-3701
-4063
-2600
-328
2979
7522
10404
11191
9800
6650
3781
1702
22
-2225
-4247
-3996
-2316
-675
1025
1611
1226
2018
2174
1749
2897
2579
1775
2756
2486
1753
888
-1420
-2421
-2230
-2755
-3051
-2913
-2541
-834
1474
2782
3580
3216
1236
-744
-2472
-3951
-4618
-4708
-4208
-2755
-949
389
1166
1497
1544
1325
1115
1214
1213
748
190
-248
-964
-2234
-3641
-4332
-4138
-3274
-1991
-576
601
1488
2030
2127
2775
3140
2325
1074
211
-524
-1650
-1350
-1803
-2907
-1890
-1915
-1416
863
965
977
2637
2337
1852
2252
630
-158
-155
-1365
-1374
-895
-1295
-748
21
238
1087
993
706
596
40
-74
-1156
-1543
-1333
-2209
-1956
-1569
-1785
-805
-473
-1215
-358
-287
-1295
-441
-778
-1510
-488
-924
-856
27
-1787
-3280
-3248
-3936
-3248
-1125
1085
4948
8671
10759
11084
8431
5460
2618
158
-834
-3530
-4267
-2076
-1559
497
2385
969
1265
2323
961
1749
2615
555
1383
2564
1472
1052
-267
-2074
-2204
-1865
-2451
-2520
-2103
-1553
445
2660
3326
3013
2270
54
-1944
-2764
-4391
-4884
-3883
-3398
-1506
806
1033
1453
1906
1292
1569
1527
469
679
1009
403
126
-1069
-3222
-4447
-4918
-4309
-2559
-1066
-115
898
1967
2435
2346
2385
1964
636
248
-11
-1218
-717
-809
-2306
-1182
-920
-1894
-51
418
-97
1900
2015
1243
2593
1653
-177
335
-626
-1893
-1186
-1371
-975
557
684
712
721
264
116
-302
-663
-1219
-1417
-1089
-1681
-1819
-1693
-2038
-1281
-616
-886
-344
-451
-1465
-491
24
-597
-10
-334
-833
-210
-1104
-2887
-3511
-4324
-4586
-2096
1023
4538
9092
11616
11985
10705
7134
3215
409
-2012
-4405
-4834
-3256
-1589
466
2035
1722
1573
2053
1246
979
1630
962
1232
2304
1274
202
-588
-2251
-2349
-1877
-2616
-2515
-2004
-1578
442
2616
3372
3594
2692
455
-1211
-2639
-4633
-5346
-4889
-4073
-1819
191
960
1864
1745
1430
2201
1922
1507
1395
246
337
629
-1219
-2877
-4325
-5549
-4483
-2862
-1916
-381
1216
2199
3357
4405
4202
3662
2954
761
-843
-1402
-2893
-2739
-1722
-2663
-2259
-600
11
1033
1926
1449
1261
1283
660
250
-743
-1536
-1677
-1999
-1492
-1294
-967
24
143
796
770
-718
-602
-904
-1624
-598
-1192
-1527
-805
-2406
-2922
-2190
-2768
-2088
-680
-689
127
891
23
286
202
-1322
-1789
-2244
-2755
-1592
703
4066
8579
11853
11658
9154
6353
3206
736
-187
-2037
-4063
-3355
-1917
-595
1437
1376
527
1803
1748
894
2093
2001
884
903
-56
-1163
-1745
-3120
-3395
-2490
-2213
-1891
-1058
260
1962
3395
4196
3880
2484
452
-1799
-3342
-4269
-5160
-5438
-4404
-2203
-74
1098
1611
1929
2497
2732
2278
2190
1811
895
854
368
-1414
-3087
-4798
-5403
-3652
-1988
-767
1091
1652
1296
1136
5
-386
163
-273
-160
-478
-1732
-1159
-959
-1187
-91
-650
-496
1755
2149
2569
2799
793
319
360
-1047
-963
-841
-1401
-379
596
775
1428
1306
591
1078
1035
471
324
-370
-1100
-2005
-2506
-2642
-2056
-1151
-1993
-1515
-118
-696
-111
974
-403
-756
-354
-2052
-1916
-1198
-2336
-1634
-1060
-1779
-868
-664
-1800
-1660
-1586
-2062
-1278
630
3347
7313
11253
12206
9789
6527
3320
891
229
-1308
-3673
-2940
-822
1061
3469
2903
979
1413
817
208
1255
483
179
1075
-424
-1782
-2120
-3560
-3747
-2469
-1849
-912
300
675
1348
2487
2589
1731
502
-1247
-3104
-4225
-4350
-3892
-3378
-2996
-2102
-144
1402
1589
1589
1641
1818
2320
2609
2767
2230
1162
511
-1101
-3080
-4126
-5495
-5241
-3062
-1545
570
3203
4749
5158
4766
4002
2396
281
-1411
-3470
-4698
-3323
-3090
-3247
-1302
-1689
-1331
1536
1667
2504
4121
2720
2240
2083
54
-1230
-2705
-3942
-3269
-2228
-876
484
1518
2051
1119
619
264
-1199
-1043
-1398
-2960
-2169
-2263
-2790
-1618
-2418
-3108
-1820
-1710
-1313
309
-170
-551
848
518
309
1064
-188
-1568
-2004
-3038
-3362
-1738
1769
7086
11925
13908
12608
8716
4736
2124
611
-750
-3043
-3982
-2037
399
1795
1484
-742
-1189
1055
1442
2010
3382
1779
1728
2292
-559
-2405
-3769
-5398
-4529
-2945
-2176
-1471
-1152
-883
912
2622
3189
2841
1358
-318
-1873
-2649
-3674
-4717
-4951
-4636
-2451
-10
1047
914
922
1877
2631
3270
3450
2672
1712
1115
416
-677
-2155
-3715
-4535
-3921
-2379
-1065
280
1162
1832
3211
4455
4690
3791
1635
-1401
-2453
-2677
-3413
-2857
-2868
-2318
-479
433
888
1114
1285
1533
1391
1050
621
-217
-551
-427
-1235
-2239
-2325
-1766
-707
437
696
713
342
-233
-738
-1361
-844
-1459
-2086
-1288
-2490
-3274
-2866
-3645
-3150
-1281
-490
771
1517
-98
-698
-836
-1615
-1006
-623
-1022
-1133
-1813
-2401
-1317
1303
4819
8772
11906
12372
9870
6943
4916
3338
2079
-799
-3866
-3340
-799
606
1111
600
-784
1240
3673
2726
2793
2455
1250
1759
630
-2481
-3839
-4713
-5809
-4153
-2304
-2121
-1061
-226
-90
1523
2673
1787
1136
390
-1157
-1946
-2279
-3913
-5015
-4885
-4585
-2159
-13
291
941
1649
2526
3287
3263
2105
945
226
-675
-262
-370
-1901
-2432
-2516
-2066
-1047
-1009
-1069
117
1193
2014
3464
4349
4459
2892
632
-934
-2466
-2039
-2323
-3319
-1746
-1354
-602
1565
1032
781
1681
889
953
1511
-54
-565
-417
-1906
-2018
-1719
-2016
-1083
-154
375
302
-85
-330
-1131
-980
-630
-1483
-1081
-1301
-2998
-2958
-3630
-4284
-2733
-1746
-795
808
1008
389
599
-30
-540
202
-1
-708
-1493
-2570
-2863
-685
2397
5364
9127
10850
10292
8348
5786
4411
3573
2318
-436
-2428
-1098
389
723
362
-1872
-2265
532
1844
2387
3053
2427
2492
2323
7
-2327
-3610
-4037
-3383
-2271
-1348
-848
-921
-1555
-1597
-214
1124
1664
1253
-282
-1131
-1188
-2139
-3304
-4190
-4562
-2979
-820
220
682
655
603
1166
1784
1974
2035
1150
557
847
-78
-1500
-3851
-5591
-4599
-2689
-525
1730
3951
5275
5194
3797
2111
1028
-57
-1372
-2667
-2517
-1799
-1271
-1331
-2524
-3007
-2299
193
2838
3786
4004
3167
2150
1062
-1242
-3430
-4028
-3547
-2157
126
773
326
-100
-1500
-1560
-650
15
578
192
-405
-1362
-2650
-3988
-5154
-5440
-4472
-2472
-138
1734
1963
1224
-206
-1628
-1770
-1726
-1136
-609
-1095
-853
-534
-755
347
3044
7144
11155
12010
10004
7348
5625
4643
2728
665
-871
-1938
-1316
-389
-689
-1501
-2058
-1356
710
2719
3549
3778
3527
2403
1005
-788
-2639
-3607
-3790
-3309
-2601
-2278
-2148
-2295
-1997
-241
1532
2467
2534
1218
224
-313
-2026
-3447
-4031
-4516
-3958
-2860
-1822
-630
-214
251
1758
2739
2907
2763
2043
1611
1087
-529
-1849
-2620
-3285
-2989
-2820
-2920
-2049
-907
690
2527
3649
4781
5336
4169
2167
-67
-1598
-1590
-2302
-3811
-4317
-4247
-2503
-100
811
1876
2882
3281
3456
2085
269
-706
-1682
-1920
-1037
-457
-487
-683
-1308
-1631
-1500
-1424
-806
-216
664
1065
117
-940
-2950
-4299
-4507
-5047
-4539
-3377
-2062
-606
147
-172
-534
-546
-637
401
1678
1619
637
-1127
-2807
-2849
-1406
926
4423
7993
10089
10226
8400
5946
4765
4952
4999
3636
1421
302
409
102
-1213
-2806
-2970
-828
1624
2746
3137
2721
1639
807
-127
-1056
-1219
-1269
-1731
-1837
-2056
-2963
-3826
-4227
-3587
-1311
1416
2356
2128
903
-1016
-1699
-2560
-3228
-3047
-2706
-1935
-1350
-1217
-1985
-2648
-2735
-1913
625
3263
4466
4481
3813
2233
1006
-976
-3544
-3642
-3099
-1763
635
1313
1445
1116
-316
-326
750
2215
3560
2771
1468
69
-1225
-1599
-3089
-4301
-3178
-1026
1274
2983
2511
1465
963
-447
-962
-474
-147
506
546
-261
-1031
-1996
-3643
-4296
-3228
-1362
676
1277
333
-838
-2088
-3405
-4009
-3654
-2973
-1987
-1325
-1482
-2025
-2994
-3297
-2712
-1965
-703
788
2549
4047
4678
5738
7237
7911
7070
5056
4222
5477
6867
6396
3363
28
-1604
-1417
-93
309
113
-42
-395
395
1377
1491
1121
-110
-687
413
1172
662
-594
-2002
-1913
-645
-541
-1375
-2167
-2049
-573
404
607
42
-1601
-2619
-2777
-1915
-801
-1077
-1656
-1722
-944
-76
-286
-816
-822
-264
264
1120
1297
-105
-808
-1102
-1171
-272
-533
-1048
-336
-135
-306
126
253
56
365
952
1921
3057
2918
1017
-722
-1430
-1673
-1023
-430
-914
-1660
-1464
-1022
-890
-180
-30
309
1640
1839
1686
1832
609
-708
-859
-1265
-1017
36
-182
-459
-403
-1155
-1114
-299
-53
109
-346
-1280
-1674
-2374
-3414
-4178
-4360
-3322
-1994
-1488
-1403
-1417
-1499
-1421
-951
-526
-595
-502
-167
74
895
2147
3400
5104
6230
5737
4772
4157
4478
6061
6608
5033
3197
1650
763
765
150
-591
-483
-238
420
1209
1125
684
71
-549
-227
519
967
875
99
-828
-1468
-2062
-2766
-2889
-2306
-705
701
411
-972
-3128
-3957
-3324
-2325
-1128
-860
-560
-396
-657
-984
-1732
-1772
-940
316
1553
2074
1702
510
-596
-924
-950
-1125
-1072
-784
-227
389
526
999
1106
964
1173
1092
2249
3070
2230
599
-1861
-3239
-2764
-1355
-672
-850
-891
-724
-77
362
59
-350
-267
290
1264
1765
1683
1057
21
-294
-593
-555
-536
-781
-607
-506
108
34
-651
-1241
-2297
-2542
-2233
-1899
-1779
-2694
-3459
-3194
-2893
-2584
-1960
-1370
-385
439
609
414
-627
-1535
-1704
-1224
75
1454
3189
4831
5933
5989
4523
3890
4263
5163
5932
4767
3716
2847
1476
615
-637
-799
347
1110
1353
383
-565
-381
-361
-490
18
766
1444
1450
162
-1368
-2422
-3038
-2680
-1415
140
1352
1195
-157
-1524
-2790
-3531
-3147
-2312
-1267
-218
-167
-859
-1704
-2732
-2864
-1622
-112
1183
1726
1390
1069
365
-556
-555
-372
-513
-303
218
647
355
-322
-333
126
1161
1758
1453
1987
2129
1274
351
-1119
-1955
-1769
-1343
-842
-826
-1132
-1440
-1319
-604
-105
158
282
392
722
959
1193
871
199
-66
-231
-485
-1049
-1438
-1693
-1332
-571
-623
-363
-665
-1340
-1109
-1168
-980
-1089
-2091
-2381
-2023
-1763
-1773
-1913
-1678
-1092
-200
391
-206
-998
-1351
-1179
-1
1269
2566
4078
4906
4950
3929
2758
2894
4055
5508
5503
4028
3019
2335
1680
1070
300
-135
392
1254
1139
661
-157
-1103
-1133
-1193
-786
231
508
401
92
-366
-841
-1455
-1842
-1474
-436
426
562
-405
-1823
-2765
-2925
-2033
-1277
-1060
-1252
-1754
-1570
-1199
-1071
-1096
-970
-332
170
391
377
78
-110
252
827
736
-52
-666
-473
239
1017
1659
1843
1309
277
-442
-1
1306
2000
1066
-826
-1807
-1179
-254
-125
-775
-1621
-1715
-1076
-657
-362
-17
-51
-123
75
307
618
806
486
353
859
1125
308
-1142
-2177
-2251
-1258
-769
-1049
-1300
-2020
-2081
-1876
-1625
-908
-1159
-1289
-1361
-1595
-1241
-1806
-2186
-1920
-1742
-912
-819
-1281
-1304
-996
124
1444
3189
4793
5696
6482
5815
4684
4548
5215
6264
5533
3857
2636
1894
2213
1611
611
473
85
227
-77
-795
-749
-1113
-1172
-1096
-917
-365
-657
-842
-924
-656
-88
-390
-652
-1007
-816
-186
-336
-615
-1594
-2463
-2538
-2162
-1415
-1531
-1832
-2255
-2073
-867
-673
-709
-642
-506
-51
-40
-96
-161
-301
-57
538
746
432
-259
-929
-906
-313
701
1472
1786
1759
1152
807
1104
1312
823
213
408
856
907
298
-905
-1979
-2325
-1569
-594
-1
361
-187
-988
-1293
-809
124
563
1095
1018
491
323
-124
-528
-1083
-1241
-1091
-1011
-517
-676
-1154
-1662
-2422
-2579
-2154
-1463
-1427
-1932
-1921
-1824
-1763
-1545
-1330
-1166
-855
-266
148
4
-439
-795
-1029
-553
545
1822
3466
4730
4939
4134
3633
4404
5804
7271
7124
4921
2611
1364
1473
2009
2033
1434
340
-418
-1039
-1624
-1414
-1069
-1042
-825
-380
-181
-805
-1621
-1807
-1638
-1125
-723
-605
-466
-575
-690
-873
-887
-895
-1488
-1697
-1217
-583
-491
-1208
-1964
-2249
-1744
-1056
-918
-647
-637
-1103
-808
-160
522
903
628
481
-46
-371
115
501
741
1043
1331
1098
623
148
-69
962
2332
2352
942
-523
-1036
-833
-196
210
-502
-1581
-1906
-1764
-1098
-6
383
76
-284
-340
43
553
909
931
800
545
-10
-849
-1252
-1029
-997
-694
-548
-938
-1220
-1623
-1848
-1928
-1656
-1292
-1659
-2021
-2152
-2328
-2223
-1759
-1247
-888
-777
-900
-1041
-998
-581
-58
200
413
978
1960
3140
4078
4329
4240
4468
5128
6108
6833
6290
4801
3602
2825
2294
2064
1714
927
42
-779
-1512
-1832
-1564
-1155
-1123
-1029
-947
-1024
-963
-806
-341
-195
-471
-964
-1513
-1141
-568
-372
-497
-958
-1373
-1948
-1796
-1171
-959
-695
-838
-949
-863
-958
-1218
-1569
-1010
-408
-437
-474
-641
-451
109
614
702
329
-3
-461
-635
18
756
1139
1153
672
21
-317
51
1029
1792
2017
1383
156
-548
-827
-645
-393
-581
-978
-1594
-1487
-978
-775
-520
-246
320
623
510
373
-17
14
492
790
791
173
-765
-1654
-1819
-807
-77
-181
-846
-1938
-2543
-2178
-1305
-1192
-1708
-1870
-1998
-2116
-1979
-1692
-1489
-1223
-698
-319
-157
-99
-122
-27
452
1102
1511
2071
2858
3339
3371
3394
3924
4826
5882
6094
4829
3597
3259
3189
3001
2743
2131
1231
691
-3
-1122
-1474
-988
-918
-1126
-924
-958
-1325
-1128
-515
-338
-638
-1090
-1553
-1692
-1254
-733
-605
-635
-899
-1538
-1741
-1222
-910
-996
-972
-950
-884
-583
-604
-1081
-1206
-821
-534
-349
47
208
-132
-324
-227
-228
-91
264
463
628
875
865
578
467
623
757
1037
1289
766
-155
-467
-323
-153
101
-85
-997
-1805
-1875
-1647
-1132
-315
-155
-449
-361
-10
-55
123
847
1094
1023
816
695
184
-265
-141
-600
-718
-714
-1112
-1286
-1370
-1683
-2239
-1973
-1581
-1771
-1921
-1993
-1936
-1794
-1571
-1542
-1583
-1401
-1351
-1325
-705
89
204
177
619
1403
2525
3761
4402
4331
4241
4437
4988
5932
6331
5313
3870
3293
3406
3455
2971
1907
646
-293
-724
-800
-744
-725
-1088
-1865
-2293
-2161
-1888
-1558
-1061
-783
-868
-903
-1143
-1293
-858
-243
88
-52
-432
-1259
-1848
-1346
-645
-120
-247
-992
-1423
-1344
-783
-615
-571
-303
-427
-597
-732
-440
-183
-169
-5
-306
-525
-573
-652
-377
156
761
919
769
486
42
265
1245
2020
1754
528
-697
-807
247
1206
968
-329
-1498
-2008
-1612
-506
82
113
-323
-999
-1105
-720
-109
84
169
635
865
923
564
4
-475
-575
-191
-10
225
-211
-1095
-1698
-1829
-1315
-1352
-1607
-1951
-2185
-1935
-2015
-2060
-1835
-1609
-1541
-1282
-668
-337
-667
-1108
-1192
-951
-78
802
1531
2456
2984
2884
2732
3252
4223
5320
6124
5785
4484
3389
3177
3467
3765
3467
2163
629
-293
-599
-323
217
4
-1077
-1971
-2151
-1827
-1291
-785
-806
-1390
-1702
-1701
-1657
-1250
-662
-503
-738
-1160
-1604
-1674
-1436
-762
-248
-196
-485
-1222
-1360
-1160
-833
-369
-22
133
-284
-337
-186
25
182
125
302
81
-63
103
443
799
667
513
550
841
1258
1479
1266
582
-80
-449
-568
-579
-583
-853
-1280
-1538
-1909
-2101
-1854
-1174
-414
-215
-301
-718
-740
88
855
1345
1212
773
203
-245
261
752
786
539
117
-200
-706
-910
-1171
-1612
-1491
-1334
-1279
-1383
-1671
-1955
-2041
-1732
-1591
-1584
-1428
-1436
-1520
-1195
-774
-844
-1060
-1001
-584
190
1168
2123
2952
3486
3541
3426
3977
5358
6316
6039
5008
4034
3733
4093
4132
3327
2225
1113
252
-175
9
199
-188
-929
-1971
-2152
-1604
-1394
-1638
-1749
-1308
-1522
-2019
-2121
-1855
-1166
-751
-722
-1203
-1591
-1671
-1491
-537
60
-210
-1028
-1567
-1111
-696
-560
-558
-417
-184
-411
-563
-459
-125
54
69
236
215
-63
-508
-399
241
832
911
364
158
377
830
1452
1860
1679
480
-650
-532
151
470
92
-778
-1606
-1968
-1773
-1315
-742
-285
-445
-1020
-1065
-443
100
553
1112
1162
547
-45
-319
-125
591
1033
726
212
-227
-663
-844
-713
-537
-618
-1034
-1502
-1664
-1474
-1347
-1456
-1596
-1463
-1364
-1539
-1480
-1116
-774
-891
-1100
-1071
-1171
-1100
-713
26
787
1292
1777
1981
2307
2864
3372
4063
4760
5206
4641
3567
3321
3821
4439
4184
3092
1704
749
802
1125
1127
667
22
-882
-1483
-1207
-900
-916
-1193
-1418
-1638
-1952
-2020
-1919
-1615
-1271
-1287
-1682
-1978
-1852
-1619
-1353
-882
-629
-1127
-1806
-1848
-1152
-142
216
-184
-582
-677
-585
-423
150
667
575
203
-60
65
158
237
577
914
1097
980
710
577
565
675
942
1119
929
-4
-1095
-1244
-821
-549
-794
-1258
-1604
-1755
-1419
-1018
-747
-484
-314
-350
-391
72
588
625
578
634
552
415
440
572
654
510
86
-516
-906
-795
-596
-737
-1041
-1279
-1522
-1773
-1862
-1667
-1334
-1153
-1331
-1602
-1471
-1129
-995
-930
-664
-486
-629
-728
-356
398
1105
1704
2037
2340
2585
2729
3271
3872
4484
4545
3915
3301
2991
3333
3530
3250
2665
1917
1347
865
678
561
402
13
-788
-1346
-1343
-1196
-1281
-1256
-1184
-1616
-2215
-2292
-1898
-1418
-985
-916
-1319
-1692
-1647
-1230
-790
-563
-861
-1419
-1440
-1102
-691
-361
-197
-120
-288
-433
-393
-129
277
475
431
248
77
-20
116
627
1055
959
630
578
719
723
636
756
980
803
184
-579
-845
-491
-293
-408
-783
-1250
-1624
-1818
-1411
-793
-607
-809
-942
-808
-597
-269
63
239
326
349
197
-6
220
517
445
199
-73
-279
-610
-644
-193
-55
-360
-808
-1158
-1329
-1230
-890
-670
-680
-922
-1271
-1401
-1126
-723
-525
-478
-625
-895
-754
-21
715
1061
1244
1581
2050
2288
2290
2624
3501
4239
4205
3475
2760
2717
3130
3223
2796
2339
1972
1556
957
602
633
423
-64
-726
-1093
-1164
-1325
-1392
-1347
-1289
-1735
-2338
-2446
-2033
-1281
-1009
-1270
-1700
-1833
-1486
-1240
-1036
-837
-796
-1011
-1244
-924
-475
-316
-335
-184
190
56
-286
-141
349
764
746
519
320
241
468
933
1291
1181
708
383
495
813
995
776
349
176
-16
-340
-591
-708
-623
-692
-924
-1282
-1623
-1553
-1262
-942
-896
-983
-903
-851
-671
-472
-216
58
29
44
41
13
168
294
277
43
-151
-282
-409
-302
-200
-245
-359
-506
-748
-970
-935
-738
-560
-741
-1036
-1143
-1342
-1291
-907
-493
-396
-658
-754
-583
-38
620
1015
1406
1825
1989
1897
2001
2499
3128
3552
3652
3451
3121
2990
3033
2976
2895
2854
2518
1988
1442
1130
1114
922
630
135
-472
-863
-1018
-920
-1048
-1422
-1725
-1936
-2003
-1915
-1776
-1803
-1904
-1983
-2017
-1915
-1733
-1599
-1572
-1537
-1406
-1225
-1027
-896
-846
-704
-421
-165
-135
-233
-63
225
308
396
561
580
563
681
845
884
726
663
643
713
913
807
591
297
26
-1
-39
-194
-545
-794
-869
-986
-1081
-1181
-1252
-1258
-1184
-1109
-1075
-943
-706
-451
-285
-163
-33
112
255
274
294
435
539
448
410
558
525
365
192
171
311
307
165
-42
-123
-249
-442
-518
-587
-725
-908
-926
-948
-995
-984
-1013
-938
-787
-639
-645
-631
-357
-25
260
422
482
584
857
1247
1584
1904
2130
2261
2387
2569
2818
3000
3123
3057
2862
2665
2519
2522
2326
1991
1675
1299
975
572
223
-38
-346
-674
-1041
-1221
-1375
-1675
-1968
-2119
-2001
-1961
-2108
-2321
-2491
-2471
-2366
-2145
-1913
-1830
-1869
-1805
-1537
-1196
-905
-741
-657
-512
-75
358
549
610
645
877
1119
1294
1382
1393
1438
1462
1496
1379
1188
1039
870
761
687
558
254
-191
-604
-813
-826
-875
-1028
-1275
-1449
-1485
-1550
-1571
-1566
-1481
-1318
-1254
-1166
-1032
-911
-806
-711
-627
-561
-370
-171
-70
69
176
154
115
216
271
255
299
337
383
256
97
26
-36
-74
-143
-122
-123
-145
-185
-210
-124
-60
25
81
239
420
485
607
817
1163
1364
1380
1457
1621
1869
2052
2189
2270
2307
2338
2239
2187
2143
2086
1983
1773
1567
1220
888
619
416
287
73
-197
-494
-685
-876
-1022
-1141
-1329
-1513
-1660
-1610
-1594
-1636
-1738
-1925
-1986
-1880
-1643
-1552
-1547
-1482
-1420
-1314
-1129
-874
-662
-511
-359
-164
20
130
223
365
555
715
815
884
914
868
837
809
801
811
704
601
497
415
379
210
-40
-314
-519
-613
-654
-733
-929
-1092
-1129
-1133
-1168
-1163
-1076
-976
-886
-822
-716
-601
-556
-449
-312
-237
-157
-46
-11
65
246
285
303
361
411
430
397
466
414
270
165
74
54
-44
-79
-80
-194
-272
-297
-211
-144
-72
-4
-84
-60
9
100
261
379
489
520
525
589
767
1011
1185
1305
1392
1493
1624
1729
1741
1789
1883
1897
1808
1709
1572
1350
1172
966
831
716
495
270
24
-102
-227
-397
-601
-828
-871
-909
-1015
-1127
-1243
-1329
-1390
-1405
-1410
-1408
-1460
-1473
-1350
-1218
-1067
-914
-795
-739
-663
-448
-226
19
181
195
206
227
336
437
442
423
375
323
269
222
162
71
-31
-48
-9
-59
-203
-370
-490
-489
-480
-602
-795
-974
-1065
-1058
-1023
-1000
-1035
-1068
-1004
-878
-767
-630
-491
-411
-303
-184
-67
22
67
177
291
378
463
494
455
432
472
562
618
556
497
435
320
277
266
262
282
265
167
52
64
147
201
201
112
58
79
120
214
282
299
309
349
453
571
744
949
1066
1164
1271
1366
1394
1363
1417
1462
1452
1403
1259
1091
952
875
752
620
505
338
198
65
-67
-201
-297
-402
-518
-631
-777
-871
-1012
-1182
-1245
-1244
-1263
-1299
-1282
-1279
-1220
-1107
-1043
-935
-800
-670
-565
-491
-379
-231
-55
47
77
81
79
158
240
292
318
292
260
241
258
195
94
96
75
2
-95
-210
-334
-454
-505
-538
-634
-772
-890
-959
-992
-984
-955
-928
-901
-809
-706
-651
-583
-533
-416
-215
-78
-40
-37
4
78
168
290
395
414
381
418
508
591
648
651
602
516
465
486
493
489
418
271
180
184
269
266
192
152
98
94
112
176
221
209
274
343
418
501
538
598
716
869
945
983
1028
1054
1091
1115
1137
1137
1098
1047
977
941
877
745
640
519
376
272
180
54
-96
-218
-322
-431
-542
-647
-747
-814
-853
-934
-979
-1012
-1067
-1074
-1061
-979
-895
-836
-764
-719
-676
-608
-496
-410
-355
-297
-274
-261
-211
-156
-155
-167
-145
-135
-134
-93
-48
-59
-111
-155
-153
-130
-127
-165
-243
-298
-306
-322
-376
-452
-505
-514
-550
-625
-644
-642
-660
-637
-591
-524
-404
-320
-309
-238
-106
-25
15
55
99
179
257
296
340
382
400
452
534
602
648
645
604
576
562
549
520
457
374
303
275
282
279
244
210
200
201
205
243
293
295
263
255
295
348
387
418
441
475
567
638
690
748
770
809
846
830
854
868
838
799
740
720
649
587
487
390
342
265
170
40
-35
-121
-227
-301
-373
-485
-590
-647
-688
-742
-789
-857
-906
-895
-903
-882
-847
-861
-857
-813
-776
-744
-697
-650
-623
-643
-600
-549
-545
-481
-447
-425
-411
-404
-398
-319
-223
-200
-163
-158
-199
-199
-151
-180
-215
-220
-246
-297
-358
-353
-327
-321
-280
-255
-255
-238
-223
-196
-144
-33
48
44
54
93
132
202
276
328
375
400
425
464
504
538
567
570
574
585
567
559
545
525
504
474
459
417
390
374
332
321
301
265
259
249
236
235
217
189
221
250
230
215
196
181
204
281
328
358
384
434
460
481
513
524
524
546
557
502
457
402
353
345
365
308
251
225
174
163
141
77
8
-62
-102
-142
-220
-319
-420
-498
-571
-636
-712
-786
-820
-838
-861
-896
-904
-900
-890
-856
-837
-827
-837
-791
-734
-732
-711
-677
-617
-588
-558
-517
-519
-483
-418
-340
-290
-277
-244
-199
-130
-53
-24
-29
7
26
-1
14
25
27
46
44
32
-4
9
59
93
161
207
219
226
238
275
327
351
340
345
353
351
353
357
379
407
419
408
383
360
343
333
348
359
320
270
264
283
278
266
272
273
259
252
260
265
258
266
286
319
340
352
352
331
375
438
471
459
440
458
446
466
481
467
452
430
421
393
390
382
345
318
289
258
202
116
24
-33
-70
-141
-237
-312
-374
-451
-532
-603
-671
-729
-764
-792
-832
-875
-900
-899
-880
-865
-865
-874
-850
-797
-755
-744
-729
-682
-626
-578
-532
-483
-437
-388
-335
-280
-228
-191
-170
-148
-102
-48
-7
18
30
41
61
77
79
69
68
69
63
63
80
89
76
71
102
151
181
198
205
211
222
229
261
302
339
359
373
409
430
424
416
439
484
510
529
514
472
474
492
484
481
457
428
413
377
341
300
261
242
232
225
211
207
199
180
171
159
158
170
171
161
157
159
145
140
134
119
131
129
121
138
130
118
114
102
93
71
53
30
-15
-58
-97
-116
-148
-205
-244
-286
-344
-389
-442
-487
-511
-563
-621
-658
-698
-723
-718
-704
-699
-703
-691
-655
-618
-593
-577
-539
-482
-438
-391
-348
-294
-235
-184
-135
-100
-65
-28
7
38
44
46
58
67
69
84
102
106
117
138
145
137
145
161
164
160
169
174
183
197
201
203
195
204
229
256
276
267
254
251
260
285
291
279
258
252
264
277
283
276
279
288
284
275
271
268
264
273
259
232
203
167
174
181
164
155
131
92
81
88
72
48
29
28
22
5
-1
-20
-18
-12
-24
-39
-58
-64
-72
-73
-64
-83
-89
-82
-77
-67
-52
-31
-32
-38
-23
-25
-35
-24
-14
-31
-48
-69
-107
-140
-166
-194
-219
-225
-233
-267
-303
-324
-333
-331
-336
-343
-333
-345
-377
-382
-359
-338
-326
-313
-291
-265
-248
-211
-175
-167
-140
-112
-82
-49
-31
-14
-4
13
32
48
81
93
87
98
90
87
101
122
144
145
138
130
143
169
176
182
170
157
157
163
167
180
184
157
163
176
173
177
161
145
148
143
131
123
115
111
116
119
113
111
107
97
106
122
118
112
112
114
123
130
122
106
100
101
85
69
69
65
61
55
41
19
11
12
16
21
9
-2
-12
-17
-4
-24
-44
-45
-71
-87
-93
-107
-107
-109
-124
-135
-137
-138
-136
-123
-121
-118
-119
-129
-127
-119
-119
-127
-138
-127
-123
-147
-150
-143
-146
-152
-134
-108
-124
-137
-119
-97
-84
-78
-73
-67
-51
-46
-52
-52
-42
-30
-30
-25
-16
-9
-12
-11
-8
-12
-12
-14
-4
6
-1
-8
-5
9
22
37
53
60
66
65
59
67
77
81
91
103
90
82
98
108
118
119
107
108
107
100
101
109
109
102
89
89
90
88
97
92
80
79
63
44
46
46
27
15
12
5
6
1
-10
-14
-15
-24
-34
-36
-36
-36
-40
-25
-10
-21
-25
-19
-9
-11
-13
-3
0
2
4
5
8
11
11
11
14
22
19
11
21
27
23
28
42
34
14
6
-7
-9
-18
-34
-43
-62
-86
-107
-117
-131
-146
-160
-159
-168
-184
-175
-166
-155
-140
-129
-114
-97
-97
-99
-75
-68
-67
-64
-65
-65
-60
-41
-39
-35
-25
-18
-8
-4
16
27
30
38
32
42
52
67
83
89
103
109
120
125
127
130
137
156
142
134
129
128
133
125
126
120
108
95
99
94
87
97
83
78
63
42
40
20
8
14
-3
-23
-20
-18
-33
-36
-36
-43
-53
-68
-70
-68
-80
-81
-77
-81
-78
-74
-74
-56
-32
-20
-20
-16
-9
-10
-2
4
8
5
-7
-13
-6
7
16
23
17
15
3
-3
8
3
0
-4
-9
-21
-27
-23
-25
-23
-36
-48
-53
-50
-55
-60
-50
-58
-61
-59
-62
-62
-60
-53
-50
-45
-42
-27
-13
-16
-12
-7
-2
-2
-6
-3
-6
6
28
34
39
45
45
44
49
53
68
74
68
70
63
59
58
56
57
51
45
37
26
20
14
7
9
12
-10
-29
-42
-44
-36
-47
-45
-41
-53
-50
-46
-49
-51
-38
-32
-37
-35
-33
-26
-21
-18
-9
-6
-9
-9
1
1
1
14
16
16
17
18
23
26
34
44
56
55
60
77
80
88
102
97
86
72
66
60
51
50
48
44
36
30
15
13
4
-9
-7
-11
-13
-14
-26
-27
-33
-46
-45
-57
-60
-59
-55
-48
-49
-45
-46
-58
-59
-60
-69
-54
-54
-66
-64
-63
-70
-63
-49
-43
-35
-36
-27
-23
-24
-24
-24
-19
-15
-16
-3
-1
0
5
5
8
6
13
19
23
22
21
17
6
12
12
17
23
25
20
13
18
18
10
17
17
5
8
5
14
16
9
18
19
11
12
14
7
15
17
17
22
13
13
18
10
13
19
14
15
8
9
15
22
16
10
16
11
15
26
30
34
31
18
13
23
22
17
14
4
4
12
16
15
9
19
26
21
22
17
14
13
0
-4
-4
-15
-11
-8
-9
-14
-21
-25
-29
-28
-23
-14
-14
-14
-7
-2
-10
-14
-12
-10
-1
0
-10
-13
-17
-25
-28
-26
-22
-25
-25
-18
-27
-29
-26
-28
-27
-34
0
0
0
0
0
0
0
0
0
0
0
0
0
0
0
0
0
0
0
0
0
0
0
0
0
0
0
0
0
0
0
0
0
0
0
0
0
0
0
0
0
0
0
0
0
0
0
0
0
0
0
0
0
0
0
0
0
0
0
0
0
0
0
0
0
0
0
0
0
0
0
0
0
0
0
0
0
0
0
0
0
0
0
0
0
0
0
0
0
0
0
0
0
0
0
0
0
0
0
0
0
0
0
0
0
0
0
0
0
0
0
0
0
0
0
0
0
0
0
0
0
0
0
0
0
0
0
0
0
0
0
0
0
0
0
0
0
0
0
0
0
0
0
0
0
0
0
0
0
0
0
0
0
0
0
0
0
0
0
0
0
0
0
0
0
0
0
0
0
0
0
0
0
0
0
0
0
0
0
0
0
0
0
0
0
0
0
0
0
0
0
0
0
0
0
0
0
0
0
0
0
0
0
0
0
0
0
0
0
0
0
0
0
0
0
0
0
0
0
0
0
0
0
0
0
0
0
0
0
0
0
0
0
0
0
0
0
0
0
0
0
0
0
0
0
0
0
0
0
0
0
0
0
0
0
0
0
0
0
0
0
0
0
0
0
0
0
0
0
0
0
0
0
0
0
0
0
0
0
0
0
0
0
0
0
0
0
0
0
0
0
0
0
0
0
0
0
0
0
0
0
0
0
0
0
0
0
0
0
0
0
0
0
0
0
0
0
0
0
0
0
0
0
0
0
0
0
0
0
0
0
0
0
0
0
0
0
0
0
0
0
0
0
0
0
0
0
0
0
0
0
0
0
0
0
0
0
0
0
0
0
0
0
0
0
0
0
0
0
0
0
0
0
0
0
0
0
0
0
0
0
0
0
0
0
0
0
0
0
0
0
0
0
0
0
0
0
0
0
0
