0
0
0
0
0
0
0
0
0
0
0
0
0
0
0
0
0
0
0
0
0
0
0
0
0
0
0
0
0
0
0
0
0
0
0
0
0
0
0
0
0
0
0
0
0
0
0
0
0
0
0
0
0
0
0
0
0
0
0
0
0
0
0
0
0
0
0
0
0
0
0
0
0
0
0
0
0
0
0
0
0
0
0
0
0
0
0
0
0
0
0
0
0
0
0
0
0
0
0
0
0
0
0
0
0
0
0
0
0
0
0
0
0
0
0
0
0
0
0
0
0
0
0
0
0
0
0
0
0
0
0
0
0
0
0
0
0
0
0
0
0
0
0
0
0
0
0
0
0
0
0
0
0
0
0
0
0
0
0
0
0
0
0
0
0
0
0
0
0
0
0
0
0
0
0
0
0
0
0
0
0
0
0
0
0
0
0
0
0
0
0
0
0
0
0
0
0
0
0
0
0
0
0
0
0
0
0
0
0
0
0
0
0
0
0
0
0
0
0
0
0
0
0
0
0
0
0
0
0
0
0
0
0
0
0
0
0
0
0
0
0
0
0
0
0
0
0
0
0
0
0
0
0
0
0
0
0
0
0
0
0
0
0
0
0
0
0
0
0
0
0
0
0
0
0
0
0
0
0
0
0
0
0
0
0
0
0
0
0
0
0
0
0
0
0
0
0
0
0
0
0
0
0
0
0
0
0
0
0
0
0
0
0
0
0
0
0
0
0
0
0
0
0
0
0
0
0
0
0
0
0
0
0
0
0
0
0
0
0
0
0
0
0
0
0
0
0
0
0
0
0
0
0
0
0
0
0
0
0
0
0
0
0
0
0
0
0
0
0
0
0
0
0
0
0
0
0
0
0
0
0
0
0
0
0
0
0
0
0
0
0
0
0
0
0
0
-149
-106
1
9
-26
-41
6
24
-49
-8
60
9
-21
18
86
86
-3
-69
-23
31
-20
-14
69
71
-28
-57
-6
-24
-50
-35
45
135
70
-100
-144
-41
31
46
70
71
6
-81
-108
-17
93
70
-49
-94
36
96
-41
-79
-3
23
29
23
43
102
80
-26
-71
-14
13
-16
1
18
3
8
-22
-46
-2
25
48
36
-46
-89
-54
11
50
50
32
25
32
25
28
39
16
-43
-71
-56
-25
23
31
4
24
44
26
11
-14
-23
15
17
-28
-56
-60
-35
-2
19
40
40
0
-26
1
26
-1
-64
-66
2
33
27
13
30
51
25
5
-9
-19
-4
11
-1
-17
-14
-13
-23
-24
24
63
57
28
-54
-98
-57
9
50
3
-62
-62
-5
54
25
-20
-13
-4
2
18
20
-1
-26
-28
23
54
4
-44
-11
30
14
-6
7
29
17
4
12
6
-2
-13
-15
-1
-7
-2
19
16
4
-11
-21
17
61
20
-51
-45
6
19
-2
-13
-8
-4
-13
3
26
3
-5
7
-13
-34
-23
-2
13
33
23
-16
-2
34
14
-3
23
19
-7
-21
-22
-1
7
-3
9
6
-15
-11
5
11
18
22
15
-12
-9
37
40
-6
-16
-3
-1
7
-13
-15
14
-8
-37
-17
10
2
-11
-6
7
-2
-34
-42
-23
-5
14
25
25
17
-10
-25
-12
-21
-22
-9
-6
10
16
17
22
11
-5
-16
-24
-26
-27
-14
-12
-30
-22
-1
7
-7
-23
2
22
3
-11
-8
-13
-14
2
14
25
19
-3
-12
-9
-6
-1
5
6
-1
18
30
17
12
14
20
12
-5
-23
-17
17
18
-10
-17
-1
6
4
13
21
20
9
-1
0
7
15
-1
-7
9
-9
-20
-5
-6
-14
-14
-6
-6
-7
3
-4
-16
-25
-30
-14
3
1
9
33
24
-1
-9
-10
0
2
-13
-5
16
6
-1
16
13
-4
-3
-1
-3
3
4
-16
-33
-15
24
30
1
-15
-5
6
1
-14
-18
-11
-10
6
29
26
5
-10
-16
-16
-16
-6
7
13
24
31
27
22
9
-1
-15
-24
-2
20
4
-4
2
2
-5
-13
-8
10
-5
-39
-32
-4
2
5
14
5
-10
-12
-17
-17
-8
-1
0
-3
3
12
6
-8
-13
1
24
29
19
7
-6
-7
9
12
14
15
15
27
34
22
-8
-18
2
13
25
16
-17
-25
-12
-11
-17
-15
-1
22
13
2
8
7
-10
-21
-18
-24
-3
19
18
5
6
-1
-17
-8
-2
1
7
-7
-18
-11
-9
-1
12
11
-4
-14
-6
8
8
-2
-9
-1
-7
-8
4
-2
1
12
15
3
3
3
1
-2
-16
-2
3
-4
1
6
0
-1
-2
-6
-10
-7
9
11
11
14
7
-3
5
-2
-7
0
-9
-3
7
8
10
15
5
-6
-3
-8
-7
-3
-14
-17
-18
-28
-16
10
11
10
9
18
33
31
9
-14
-15
-16
-1
4
12
20
4
-1
1
-5
-19
-15
-3
-3
-12
-8
-19
-35
-12
11
-3
-14
1
8
5
-4
-12
-3
1
4
1
-4
0
6
22
7
-8
15
17
-3
-16
-14
-14
-3
19
21
10
6
7
9
14
9
2
16
14
-7
-8
4
4
-3
-8
-11
-3
3
10
17
-5
-19
-16
-8
-3
-11
-10
-6
-2
11
16
4
0
-1
-6
-4
0
3
0
-5
-4
-6
3
2
1
4
6
10
6
17
7
-3
4
4
1
-8
-8
5
11
3
-12
-13
0
-9
-1
12
-2
-9
8
13
2
0
-1
-7
-9
-7
-7
8
12
2
5
7
5
-2
-8
-3
-4
-6
-11
-8
-2
-7
-9
-1
16
10
6
9
3
-18
-29
-19
-28
-23
-2
5
-6
6
17
2
-2
-18
-35
-17
2
0
-4
-5
-3
-3
2
9
5
2
10
2
-4
3
-2
-2
2
9
17
17
22
27
28
28
17
22
20
0
5
9
-19
-26
1
2
8
11
8
9
-1
2
10
5
-5
-3
-5
-11
-8
16
17
19
10
-2
1
-13
-5
5
3
-15
-12
-13
-7
3
3
-2
-5
8
3
-10
2
14
2
0
-4
-12
-14
-20
-31
-15
-5
-11
0
6
-12
-35
-15
-24
-22
3
-4
-22
-21
-11
-19
-16
-17
-6
0
14
31
43
33
10
-3
-15
-16
-13
1
9
6
-2
-2
-1
-7
11
9
-6
-6
-1
3
0
-1
-7
2
17
12
11
20
22
19
19
8
-12
-3
16
18
22
27
15
10
10
-1
-3
-3
-1
-2
-7
-7
-13
-14
-5
0
6
0
-5
3
-2
-18
-15
-4
-5
-1
11
9
-3
-1
11
13
11
8
6
3
6
1
1
1
-7
8
13
4
10
24
22
17
29
25
-2
-4
4
-4
-15
-11
-4
-5
13
19
1
-1
-4
-15
-5
-7
-17
-25
-30
-29
-37
-36
-28
-17
-10
-12
-4
-5
-18
-17
-28
-25
-30
-38
-11
-6
-5
3
-8
-11
0
9
12
7
-1
-8
-5
-3
-4
-4
3
2
5
15
18
11
14
21
18
13
7
11
8
4
17
29
24
18
25
25
20
12
11
18
17
19
21
14
12
0
-2
4
4
7
11
15
3
-6
-4
-8
-12
-2
-2
-9
-3
-8
-22
-23
-9
-7
-1
4
4
3
0
0
-6
-3
-3
1
-4
-13
-4
5
0
4
5
8
0
-8
4
-8
-11
-6
-17
-18
-16
-18
-13
-12
-14
-11
-5
-2
-5
3
-1
-9
-6
-5
0
4
0
3
5
5
6
0
14
14
-4
3
0
-11
-2
3
2
5
12
17
8
1
-8
2
-1
-7
-2
-5
-6
-8
-13
-12
-1
-7
-11
-9
-10
-3
-6
-6
4
3
-6
-6
1
-4
-9
0
-4
-10
-7
-6
-6
4
9
8
12
15
17
15
11
11
11
12
19
14
9
10
8
4
6
1
1
4
2
9
0
1
1
-5
-2
-1
-11
-6
0
0
2
0
1
-6
-6
-3
-6
-10
-5
-2
-10
-7
-3
-1
-3
-3
7
9
3
4
5
0
-3
-2
-3
5
1
-5
6
-1
-6
5
4
1
-5
-1
1
-2
1
3
-5
-21
-19
-11
-19
-17
-13
-9
-9
-7
4
-6
-10
2
-3
-5
2
7
6
5
8
4
5
5
4
7
9
9
7
10
15
12
10
7
8
7
9
6
1
0
2
4
0
-3
-3
-4
-10
-16
-19
-16
-11
-15
-17
-16
-14
-5
0
-3
-3
-4
-1
6
2
-1
2
-4
-9
-2
5
9
12
12
11
7
6
9
11
6
5
5
-2
-1
0
1
3
5
6
4
5
3
2
-3
-8
-10
-8
-5
-7
-1
2
10
11
2
5
7
5
-1
9
7
-2
2
11
8
8
17
11
4
2
7
7
-4
-8
-4
-3
-8
-7
-9
-5
-7
-11
-3
-1
-11
-10
-2
-7
-8
-5
-9
-10
-13
-8
-2
-6
-2
1
1
2
0
6
4
-1
5
7
3
1
6
0
1
4
4
4
2
-2
-3
5
-4
0
9
-5
-4
-1
-8
-6
-1
-1
-2
1
3
-1
2
0
-3
0
0
-1
3
3
2
4
0
1
2
1
3
4
-3
-4
-4
-7
-7
0
1
1
3
5
8
3
-3
-2
0
-1
0
2
-1
2
2
-1
-1
-3
-1
-2
-4
0
3
4
3
0
-1
4
1
0
6
0
2
-2
-4
2
-5
-3
2
-3
0
-1
-2
1
-3
-2
-1
0
1
-5
0
-1
-4
1
2
-2
2
4
1
0
0
-1
-4
-5
4
4
-1
4
2
1
5
1
-2
-4
0
-5
-6
2
-1
-4
-1
-4
-5
0
-5
1
-3
-2
2
-1
2
0
3
2
1
-1
-6
-4
0
1
2
3
1
1
0
-1
3
0
-2
3
-3
-3
1
-1
3
3
0
4
2
3
5
2
2
2
-1
4
1
-1
-2
-4
-4
-6
-10
-8
-8
-15
-5
5
2
3
2
4
0
-3
-3
-3
-1
-3
0
-1
-2
3
6
3
6
8
5
7
-2
-2
3
0
0
-4
-7
-11
-11
-5
-10
-12
-1
9
7
7
9
7
10
12
14
15
14
13
14
10
9
7
6
7
4
6
-2
-5
-6
-9
-6
-5
0
2
4
5
-3
-6
-3
-3
-6
0
2
-1
-3
-3
9
9
5
11
6
6
9
-1
-1
3
-3
-8
-9
-10
-16
-18
-14
-14
-9
-8
-9
-5
0
0
1
-1
-4
0
1
-4
-2
-2
-3
-3
-5
-8
-6
1
2
4
20
10
3
9
9
1
-4
0
-4
-2
-6
-8
-5
-8
-10
-7
-7
-5
1
0
4
8
4
3
4
6
11
6
0
0
-9
-12
-7
-2
12
5
-5
-3
-1
-1
-10
-13
-14
-16
-8
-4
-10
-10
-11
-1
12
6
12
9
10
23
24
15
10
15
26
26
11
7
19
21
27
25
8
6
6
-13
-17
-13
-24
-8
1
-5
9
2
2
16
16
5
-8
-8
-6
-2
10
9
6
17
27
30
28
26
9
-7
-2
-6
-14
-25
-38
-26
-25
-42
-38
-22
-41
-27
5
-8
-13
-14
-10
12
13
-6
-7
-4
-14
-6
-5
-15
-8
8
9
13
23
12
-1
10
15
5
2
-10
-24
-11
-10
-17
-11
-16
-11
-8
0
9
0
7
1
-5
9
-2
-7
10
-5
-1
33
18
21
39
32
27
23
24
19
8
5
-2
2
3
-17
5
2
-20
3
11
10
16
25
41
37
27
36
34
12
8
14
4
-11
-17
1
16
22
36
45
41
33
27
23
16
6
36
30
5
30
15
6
13
-15
-15
-9
-29
-4
19
-5
-11
6
22
-5
-50
-81
-68
-35
-38
-55
-47
-25
-22
-11
11
15
20
31
23
5
25
53
11
-38
-33
-10
9
-7
-34
-12
-33
-76
-39
-45
-77
-41
-28
-36
-22
-33
-52
-31
-10
20
52
34
37
32
40
55
27
46
52
42
58
91
95
29
8
41
48
23
-20
-46
-39
-2
23
6
11
28
20
46
55
19
37
106
35
20
100
-89
-75
65
-119
-44
67
-82
-32
14
-121
-94
-35
-217
-267
-114
-133
-100
3
-141
-173
-99
-195
-121
39
-15
-28
188
231
22
-15
-30
-245
-276
-46
-173
-191
152
-17
-15
234
-13
39
191
-162
-90
273
62
14
372
482
561
516
70
-286
-322
-169
42
200
542
1162
1737
1755
781
-361
-555
-238
-12
-102
-966
-1607
-766
157
-376
-1486
-1778
-1011
-199
-268
-542
-94
665
818
334
186
534
555
127
-263
-88
677
1091
654
629
1260
1243
823
608
629
526
51
-101
136
416
206
-465
-649
-638
-1092
-1784
-1844
-1253
-1039
-1010
-911
-649
-274
-529
-826
-684
-706
-789
-608
-423
-266
96
281
152
43
97
163
75
-1
-98
-2
509
660
310
62
76
725
1338
498
-466
99
929
913
498
404
644
843
854
547
411
432
514
771
586
467
809
703
-52
-416
61
182
-37
122
233
127
-217
-402
-187
-77
-207
-338
35
444
300
-11
-394
-303
110
76
39
352
735
539
49
20
192
200
41
211
280
-372
-752
-512
-227
-138
-279
-422
-509
-785
-1095
-1067
-693
-493
-901
-1212
-926
-769
-1123
-1642
-1731
-1336
-1284
-1651
-1550
-961
-803
-1164
-1394
-1124
-652
-644
-772
-555
-231
-69
-259
-252
7
225
452
421
910
1501
1302
1228
1552
2268
2617
2371
2716
3391
3683
3545
3453
3624
3830
3834
3519
3462
3412
2868
2237
1832
1850
1659
1050
697
561
386
-191
-935
-1370
-1817
-2362
-2773
-2871
-2877
-3108
-3491
-3750
-3758
-3898
-4099
-4041
-3576
-2908
-2687
-2549
-2257
-2055
-1975
-1983
-1622
-1254
-1253
-1305
-1209
-807
-356
-156
-231
-379
-438
-574
-913
-1199
-1046
-575
-185
37
234
336
21
-565
-835
-729
-663
-663
-506
30
764
1139
1338
1593
1732
1770
1520
1513
2067
2384
2679
3177
3720
4207
4263
4130
3853
3793
3722
3046
2886
3164
3185
2989
2653
2676
2486
1900
1326
635
300
74
-386
-538
-346
-207
-342
-434
-336
-372
-704
-1041
-1033
-952
-1072
-1189
-962
-512
-398
-621
-569
-245
-267
-746
-1289
-1571
-1660
-1832
-2107
-2265
-2221
-2211
-2452
-2727
-2886
-3204
-3499
-3731
-3808
-3407
-3154
-3056
-2910
-3062
-3286
-3306
-3074
-2941
-2876
-2609
-2361
-2067
-1745
-1522
-1380
-1217
-1114
-1353
-1450
-1302
-1439
-1448
-1277
-1058
-627
-453
-503
-793
-1146
-968
-661
-124
959
2130
3183
4310
5763
7347
8466
9006
9390
9525
9242
9100
9232
9307
9261
9027
8716
8520
8184
7441
6231
4590
2868
1435
292
-878
-2074
-2981
-3728
-4505
-5287
-6041
-6568
-7129
-8026
-8649
-8713
-8555
-8335
-8167
-7854
-7165
-6347
-5523
-4650
-3800
-3049
-2425
-1668
-647
309
1074
1626
2278
3155
3818
4444
5059
5629
6016
5783
5782
6139
6138
5868
5252
4592
3866
2883
2033
1282
395
-766
-1674
-2304
-2984
-3444
-4104
-4656
-4894
-5277
-5366
-5464
-5688
-5794
-5931
-6000
-6052
-5848
-5702
-5614
-5106
-4678
-4233
-3725
-3310
-2799
-2447
-2029
-1629
-1431
-1198
-1053
-836
-599
-436
-226
-307
-689
-858
-631
-236
250
1160
2562
3838
4923
6135
7652
9448
10711
11263
11410
11535
11797
11496
10894
10486
10045
9386
8562
8050
7701
6893
5174
3073
1696
591
-809
-2530
-4351
-5668
-6715
-7640
-8164
-8363
-8641
-9273
-9913
-9907
-9407
-9265
-9329
-9124
-8363
-7283
-6585
-5504
-3968
-2875
-2158
-1594
-487
938
1874
2359
2841
3695
4448
5122
5836
6622
7273
7352
7498
7871
8190
7812
6869
6218
5332
4251
3196
2099
1095
-302
-1852
-2937
-3656
-4514
-5653
-6435
-6770
-6985
-7202
-7486
-7461
-7269
-7414
-7422
-6850
-6168
-5678
-5282
-4913
-4336
-3684
-3269
-2784
-2162
-1757
-1449
-1071
-722
-427
-268
-216
-134
-181
-426
-694
-947
-1263
-1546
-1579
-1257
-664
169
1549
3200
4617
6060
7592
9167
10511
11463
12310
12701
12797
12893
12845
12628
11805
10945
10294
9234
7933
6608
5612
4274
2326
831
-433
-1850
-3698
-5670
-6808
-7737
-8887
-9761
-10232
-10482
-10838
-11077
-10687
-9880
-9354
-9117
-8789
-8165
-7415
-6815
-5836
-4696
-3813
-2801
-1774
-496
857
1742
2389
3016
3852
4529
5135
6002
6692
7222
7518
7865
8306
8410
8319
7983
7639
7188
6465
5692
4604
3304
1813
224
-1240
-2547
-3755
-5128
-6041
-6562
-7033
-7223
-7504
-7771
-8035
-8148
-7957
-7610
-7313
-7237
-6764
-6075
-5473
-4730
-3902
-3119
-2393
-1741
-1217
-696
-349
-117
-6
17
66
-2
62
-93
-394
-617
-1027
-1083
-1013
-1007
-516
421
1685
2941
4266
5865
7388
8790
10091
11298
11992
12056
12211
12353
12042
11181
10320
9791
8761
7318
6168
5343
4234
2502
1042
13
-1196
-2731
-4321
-5390
-6367
-7671
-8890
-9652
-9954
-10422
-10774
-10419
-9638
-8800
-8249
-7659
-6877
-6156
-5477
-4966
-4302
-3465
-2867
-2310
-1503
-346
713
1451
2428
3542
4457
4990
5407
6082
6409
6627
6833
6812
7075
7111
6981
7051
7110
7131
6734
6132
5338
4113
2657
1050
-433
-2002
-3731
-5273
-6568
-7398
-7999
-8370
-8161
-7851
-7609
-7241
-6886
-6546
-6356
-6466
-6510
-6281
-5900
-5345
-4620
-3704
-2656
-1654
-770
-39
528
865
883
695
515
387
200
-193
-651
-950
-1150
-1387
-1603
-1475
-962
-232
648
1831
3263
4639
5940
7247
8821
10211
11055
11521
11872
12199
12085
11819
11173
10510
9809
8494
7390
6150
4875
3473
1763
439
-855
-2085
-3481
-4855
-5848
-6988
-8127
-9067
-9678
-9998
-10378
-10657
-10482
-9947
-9312
-8611
-7856
-7029
-6209
-5430
-4460
-3597
-2854
-1978
-1324
-556
345
1060
1847
2548
3412
4326
5009
5671
6371
6999
7129
7327
7611
7649
7626
7345
7033
6693
6187
5454
4839
4120
3000
1879
668
-428
-1779
-3351
-4651
-5780
-6761
-7731
-8266
-8396
-8471
-8394
-8051
-7427
-6838
-6503
-6300
-5938
-5581
-5272
-4806
-4340
-3766
-2998
-2265
-1507
-641
36
485
772
902
987
998
849
572
196
-260
-561
-724
-880
-954
-789
-176
575
1543
2943
4393
5837
7253
8819
10318
11192
11676
11918
12015
11730
11046
10478
9812
8885
7666
6557
5555
4319
3090
1655
396
-765
-2168
-3381
-4416
-5429
-6594
-7646
-8446
-9003
-9387
-9949
-10166
-9848
-9449
-9021
-8369
-7516
-6759
-6021
-5292
-4401
-3452
-2812
-2147
-1533
-759
95
801
1615
2366
3202
3939
4622
5355
6022
6440
6581
6890
6948
7005
7075
6836
6723
6400
6001
5528
4794
4150
3476
2618
1461
251
-803
-2135
-3637
-4921
-5950
-6882
-7796
-8327
-8418
-8354
-8148
-7737
-7210
-6763
-6416
-6036
-5648
-5379
-5110
-4739
-4301
-3766
-3231
-2515
-1666
-977
-315
260
841
1202
1166
1320
1466
1359
1075
673
452
20
-523
-634
-407
90
716
1732
3240
4704
6148
7758
9362
10569
11249
11715
11981
11881
11466
10834
10029
9044
7842
6727
5827
4749
3615
2480
1407
488
-587
-1596
-2649
-3875
-5158
-6440
-7440
-8402
-9294
-9933
-10370
-10448
-10237
-9770
-9071
-8280
-7517
-6597
-5528
-4714
-3969
-3167
-2433
-1862
-1450
-766
-4
609
1242
2017
2942
3570
4157
4901
5564
6204
6509
6773
7149
7182
6919
6586
6456
6131
5505
4919
4326
3735
2885
2038
1358
421
-808
-2018
-3081
-4109
-5235
-6510
-7346
-7832
-8302
-8532
-8370
-7744
-7357
-7093
-6411
-5663
-5125
-4907
-4646
-4086
-3621
-3260
-2671
-2031
-1426
-953
-380
517
1074
1358
1678
2020
2128
1893
1794
1553
934
192
-314
-393
-407
-245
379
1353
2380
3500
5031
6654
8026
9055
9954
10679
10900
10855
10591
10199
9400
8245
7261
6242
5267
4109
3065
2363
1336
333
-497
-1275
-2204
-3478
-4507
-5347
-6296
-7297
-8187
-8716
-9217
-9655
-9600
-9132
-8521
-7896
-7121
-6110
-5039
-4076
-3217
-2423
-1745
-1234
-835
-380
150
534
738
1120
1751
2449
3111
3808
4627
5211
5636
6075
6424
6651
6414
6110
5891
5406
5024
4465
3818
3262
2551
1937
1262
609
-199
-1232
-2258
-3303
-4209
-5225
-6148
-6837
-7473
-7863
-7990
-7850
-7479
-6879
-6152
-5484
-4855
-4173
-3533
-3132
-2867
-2539
-2107
-1732
-1412
-918
-272
269
623
1004
1485
1814
1887
1907
1873
1624
1084
481
58
-347
-701
-922
-837
-375
396
1339
2491
3983
5328
6668
7994
9110
10035
10366
10533
10488
9976
9086
7988
7054
5942
4728
3625
2756
2040
1135
386
-217
-757
-1402
-2371
-3229
-4080
-5031
-6028
-6991
-7647
-8310
-8853
-8910
-8595
-8049
-7405
-6585
-5605
-4653
-3767
-2823
-2006
-1485
-1013
-587
-304
-67
176
462
744
1000
1455
2030
2523
3114
3809
4455
4969
5343
5621
5715
5526
5218
4881
4430
3870
3229
2733
2196
1527
921
260
-368
-1189
-2030
-2712
-3534
-4363
-5184
-5761
-6112
-6474
-6674
-6661
-6403
-5976
-5398
-4671
-3983
-3438
-2886
-2304
-1833
-1461
-1143
-856
-611
-283
168
585
894
1106
1218
1285
1323
1276
1194
936
603
214
-256
-562
-895
-1027
-965
-768
-241
392
1244
2237
3324
4563
5844
7098
8197
8893
9187
9385
9242
8703
7852
6956
6152
5016
3933
3084
2327
1570
685
99
-358
-901
-1520
-2286
-2919
-3604
-4397
-5199
-5974
-6534
-7076
-7426
-7397
-7080
-6541
-5974
-5280
-4447
-3649
-2922
-2340
-1850
-1332
-952
-661
-397
-256
-57
91
343
813
1211
1767
2217
2643
3355
3845
4297
4607
4791
4972
4777
4685
4507
4064
3627
3002
2460
1870
1163
513
-259
-941
-1626
-2359
-2909
-3459
-4022
-4618
-5136
-5347
-5488
-5511
-5356
-5152
-4690
-4240
-3841
-3252
-2843
-2473
-2077
-1724
-1219
-901
-720
-539
-352
-9
275
448
558
581
591
596
588
545
335
42
-242
-539
-760
-995
-1125
-970
-682
-263
395
1204
2204
3339
4461
5708
6793
7666
8286
8615
8936
8810
8365
7600
6619
5804
4763
3812
2920
2087
1435
653
183
-199
-663
-1199
-2042
-2674
-3262
-3975
-4622
-5337
-5890
-6288
-6632
-6711
-6453
-6067
-5587
-5058
-4427
-3607
-2987
-2456
-1934
-1435
-915
-676
-405
-135
-24
100
138
440
864
1164
1562
2009
2643
3187
3525
4004
4342
4436
4446
4346
4218
3919
3365
2837
2276
1707
1133
474
-31
-601
-1188
-1733
-2344
-2731
-3187
-3649
-3932
-4205
-4288
-4397
-4428
-4223
-4016
-3678
-3385
-3045
-2558
-2214
-1815
-1443
-1200
-960
-811
-666
-489
-372
-305
-208
-192
-167
-62
-147
-174
-174
-236
-304
-501
-525
-644
-869
-943
-1025
-783
-477
-154
484
1182
2069
2992
3953
5129
6143
6907
7423
7827
8022
7823
7434
6802
6155
5422
4478
3635
2819
2132
1369
565
93
-314
-731
-1234
-1707
-2077
-2570
-3094
-3673
-4231
-4712
-5218
-5555
-5616
-5550
-5389
-5131
-4734
-4092
-3411
-2819
-2207
-1633
-1148
-758
-424
-93
144
251
311
445
658
797
925
1289
1791
2243
2612
2924
3345
3621
3738
3874
3794
3662
3329
2884
2586
2028
1459
911
282
-97
-544
-1108
-1524
-1938
-2254
-2623
-3084
-3297
-3493
-3651
-3734
-3689
-3442
-3389
-3267
-3000
-2806
-2546
-2328
-2043
-1682
-1479
-1320
-1101
-902
-698
-530
-429
-308
-219
-183
-146
-101
-70
-101
-129
-182
-319
-434
-517
-649
-820
-893
-808
-601
-264
285
985
1675
2428
3272
4287
5217
5804
6275
6608
6885
6899
6582
6208
5644
5066
4378
3671
3116
2427
1780
1162
681
370
-162
-687
-1147
-1550
-1897
-2526
-3094
-3551
-4087
-4511
-4907
-5005
-4952
-4962
-4766
-4452
-3901
-3359
-3007
-2480
-1910
-1393
-949
-677
-417
-154
-32
71
245
483
673
794
1096
1517
1902
2199
2472
2804
3119
3230
3219
3299
3181
2962
2660
2273
2016
1498
1020
645
146
-201
-710
-1168
-1423
-1796
-2127
-2497
-2700
-2752
-3027
-3181
-3182
-3113
-3091
-3202
-2958
-2676
-2614
-2475
-2232
-1859
-1676
-1555
-1198
-921
-796
-693
-494
-278
-229
-205
-87
-2
-57
-172
-195
-118
-183
-329
-304
-242
-222
-348
-398
-207
-100
153
547
1004
1551
2005
2699
3490
4152
4805
5275
5714
6037
6043
6030
5745
5293
4961
4342
3750
3160
2459
1843
1118
604
118
-419
-893
-1361
-1632
-1971
-2382
-2786
-3153
-3468
-3829
-4085
-4234
-4331
-4397
-4327
-4038
-3640
-3266
-2914
-2475
-1964
-1477
-1096
-766
-453
-183
41
239
448
615
678
750
1002
1311
1580
1729
1938
2297
2516
2691
2802
2945
2980
2726
2545
2362
2098
1638
1134
852
523
113
-322
-748
-1029
-1384
-1820
-1998
-2279
-2582
-2769
-2978
-2883
-2895
-2882
-2771
-2722
-2419
-2349
-2274
-2026
-1874
-1631
-1491
-1272
-994
-925
-731
-455
-258
-124
-75
60
151
59
-26
-52
-70
-174
-274
-218
-226
-382
-461
-444
-319
-182
-98
284
758
1116
1604
2157
2841
3467
3973
4577
4984
5259
5386
5345
5292
4975
4620
4239
3685
3137
2498
1966
1420
785
355
-78
-484
-825
-1238
-1565
-1901
-2336
-2669
-2977
-3301
-3525
-3760
-3938
-3958
-3900
-3760
-3544
-3227
-2837
-2478
-2105
-1698
-1332
-1032
-762
-447
-169
-7
165
306
386
503
624
790
989
1117
1336
1668
1889
2023
2188
2363
2468
2472
2428
2334
2143
1887
1618
1360
1053
684
323
-45
-406
-758
-1141
-1513
-1848
-2110
-2265
-2431
-2577
-2628
-2695
-2730
-2655
-2559
-2418
-2245
-2129
-1960
-1711
-1501
-1299
-1064
-845
-667
-465
-232
-80
-11
74
174
220
171
81
10
-81
-199
-282
-316
-360
-458
-497
-441
-371
-323
-201
65
418
812
1242
1783
2296
2805
3366
3903
4338
4520
4752
4932
4920
4742
4418
4195
3668
3075
2624
2065
1550
835
283
-58
-505
-774
-1117
-1364
-1507
-1891
-2096
-2295
-2515
-2686
-3001
-3013
-3082
-3158
-2997
-2979
-2709
-2442
-2272
-1937
-1665
-1369
-1165
-978
-673
-428
-301
-158
0
84
175
234
355
506
570
673
861
1117
1319
1461
1673
1863
1954
2023
2033
1997
1909
1700
1552
1418
1126
778
462
112
-251
-591
-927
-1304
-1686
-1921
-2134
-2268
-2365
-2528
-2520
-2486
-2346
-2195
-2099
-1892
-1767
-1588
-1354
-1135
-939
-809
-696
-511
-328
-233
-76
4
136
237
242
351
281
161
86
7
-41
-151
-302
-445
-522
-589
-601
-526
-413
-261
-7
329
711
1127
1554
2099
2680
3238
3647
3946
4269
4389
4436
4414
4256
4008
3588
3180
2747
2303
1817
1208
731
325
-48
-375
-716
-965
-1211
-1458
-1666
-1814
-1976
-2236
-2408
-2541
-2650
-2750
-2827
-2721
-2634
-2498
-2254
-2033
-1785
-1584
-1339
-1077
-860
-663
-500
-331
-223
-88
-34
-23
74
152
281
400
530
692
834
985
1182
1425
1608
1703
1752
1824
1813
1730
1603
1377
1162
882
608
290
-87
-349
-732
-1104
-1379
-1673
-1808
-1960
-2056
-2018
-2039
-1978
-1898
-1734
-1562
-1553
-1379
-1223
-1205
-1104
-991
-791
-665
-619
-354
-155
-84
26
180
382
420
416
457
363
208
39
-126
-228
-410
-597
-628
-746
-849
-878
-866
-717
-567
-335
-130
169
526
802
1320
1818
2257
2673
2995
3382
3666
3829
3929
3929
3844
3667
3424
3128
2767
2371
1927
1462
1115
770
352
23
-254
-512
-751
-1018
-1223
-1384
-1623
-1848
-2002
-2144
-2299
-2418
-2454
-2439
-2394
-2306
-2197
-2023
-1819
-1625
-1377
-1177
-1007
-750
-536
-427
-275
-172
-181
-123
-44
33
89
149
241
374
543
644
901
1116
1260
1479
1521
1648
1671
1534
1493
1329
1176
909
559
307
-57
-364
-680
-972
-1053
-1244
-1384
-1439
-1485
-1417
-1516
-1512
-1392
-1423
-1418
-1440
-1385
-1327
-1358
-1271
-1135
-961
-833
-724
-426
-178
-115
36
237
309
298
290
338
266
14
-136
-196
-318
-485
-588
-580
-659
-784
-755
-650
-541
-465
-321
-32
194
419
758
1153
1589
1928
2256
2665
2991
3258
3422
3503
3598
3479
3330
3216
2938
2653
2235
1829
1537
1133
793
495
240
-26
-304
-456
-660
-856
-1054
-1276
-1418
-1602
-1828
-1999
-2125
-2201
-2238
-2232
-2137
-2038
-1944
-1769
-1498
-1239
-1111
-915
-653
-522
-438
-335
-224
-220
-276
-155
-44
-3
72
162
366
531
672
904
1038
1180
1304
1352
1416
1359
1224
1051
885
734
451
200
10
-231
-440
-674
-890
-1009
-1145
-1228
-1241
-1269
-1337
-1450
-1424
-1350
-1383
-1371
-1305
-1196
-1154
-1112
-907
-788
-674
-521
-341
-110
-65
1
120
167
199
140
145
153
74
11
-80
-121
-163
-299
-303
-227
-303
-404
-444
-446
-409
-416
-376
-249
-155
8
239
488
822
1087
1387
1784
2099
2422
2669
2845
3005
3007
2972
2889
2752
2598
2321
2036
1762
1451
1154
895
723
518
282
98
-57
-156
-294
-491
-646
-779
-948
-1140
-1329
-1517
-1677
-1823
-1929
-1942
-1928
-1899
-1853
-1730
-1531
-1359
-1200
-1033
-819
-620
-500
-366
-212
-125
-58
64
182
279
310
360
504
629
731
798
869
920
942
964
918
817
653
463
270
43
-206
-482
-679
-809
-937
-1014
-1094
-1146
-1128
-1081
-1002
-949
-912
-894
-943
-925
-845
-860
-880
-863
-801
-687
-633
-522
-378
-306
-163
2
126
175
176
228
211
173
179
148
99
37
0
-37
-49
-63
-95
-57
-20
2
-15
-15
11
-3
2
41
92
131
215
351
469
587
764
1002
1236
1471
1714
1948
2103
2219
2312
2327
2334
2251
2086
1937
1741
1519
1289
1035
821
647
462
301
171
55
-70
-191
-309
-445
-571
-754
-960
-1136
-1319
-1489
-1660
-1761
-1779
-1766
-1682
-1560
-1413
-1207
-978
-766
-543
-299
-111
-25
90
206
224
254
241
231
238
176
204
202
156
184
179
214
247
262
265
178
173
133
7
-67
-192
-295
-443
-610
-643
-761
-845
-827
-876
-814
-773
-801
-757
-762
-723
-730
-764
-672
-710
-773
-717
-631
-550
-542
-462
-304
-249
-190
-69
18
41
35
72
118
124
151
176
198
226
200
210
253
231
200
195
223
198
118
118
118
59
18
16
27
39
124
244
344
496
645
828
1101
1335
1560
1736
1859
1977
2012
2064
2055
1927
1805
1612
1431
1245
990
787
573
379
230
72
-60
-188
-301
-407
-494
-574
-692
-819
-920
-999
-1094
-1171
-1192
-1171
-1137
-1070
-955
-834
-718
-560
-357
-194
-75
59
170
206
232
286
297
229
158
165
132
63
25
-23
-61
-120
-105
-107
-136
-113
-207
-263
-288
-355
-412
-549
-575
-583
-697
-733
-764
-759
-741
-787
-747
-680
-691
-721
-721
-675
-674
-725
-673
-607
-629
-616
-582
-507
-407
-342
-241
-150
-61
29
80
159
233
290
313
341
408
411
378
360
369
347
282
249
187
141
142
105
76
56
26
32
38
78
149
164
216
288
397
545
618
767
946
1070
1236
1356
1483
1597
1602
1622
1610
1525
1423
1280
1140
981
788
609
419
275
151
-23
-139
-203
-293
-374
-449
-501
-559
-651
-683
-710
-771
-774
-758
-742
-714
-700
-625
-506
-384
-222
-91
-4
67
117
174
203
186
181
147
87
64
41
0
-47
-62
-59
-91
-117
-169
-244
-267
-260
-324
-390
-415
-522
-547
-542
-594
-625
-738
-745
-744
-812
-771
-767
-757
-750
-768
-699
-680
-655
-591
-570
-529
-512
-464
-350
-310
-276
-205
-148
-80
-58
9
121
138
198
283
337
378
385
451
469
427
426
406
357
278
218
193
123
64
62
39
19
6
22
29
11
75
91
128
222
292
371
469
574
697
775
882
1019
1059
1115
1129
1161
1144
1052
1003
934
861
788
666
537
408
269
198
105
11
-36
-114
-166
-207
-232
-256
-335
-350
-346
-374
-371
-378
-373
-342
-294
-224
-189
-141
-99
-87
-53
-46
-52
-79
-81
-48
-78
-80
-87
-127
-152
-200
-228
-270
-334
-400
-454
-451
-462
-482
-469
-474
-466
-471
-486
-456
-474
-513
-551
-561
-542
-598
-629
-609
-567
-549
-552
-469
-444
-432
-337
-272
-229
-199
-164
-99
-91
-69
-12
-60
-43
7
39
118
117
199
261
273
395
404
409
442
387
392
364
305
295
236
236
242
198
199
138
128
154
120
138
124
152
215
210
275
315
326
404
456
524
580
587
636
660
684
705
661
635
584
510
457
369
295
221
151
125
85
63
41
18
38
10
-10
-14
-71
-83
-81
-89
-102
-140
-145
-130
-126
-118
-91
-77
-72
-61
-49
-44
-80
-104
-127
-146
-156
-233
-292
-316
-368
-392
-396
-401
-416
-441
-404
-373
-396
-377
-384
-396
-387
-396
-380
-390
-394
-381
-400
-375
-347
-350
-347
-341
-303
-275
-266
-234
-244
-241
-201
-191
-166
-148
-142
-108
-90
-49
-8
9
64
106
144
192
212
231
226
239
276
257
247
249
230
221
203
207
200
166
170
174
162
168
158
139
137
148
165
163
166
185
187
194
212
255
287
282
326
366
377
415
431
461
465
439
449
444
437
417
376
355
329
287
250
214
181
138
94
76
50
24
-8
-23
-19
-46
-57
-78
-113
-144
-174
-183
-233
-266
-262
-296
-315
-308
-301
-302
-323
-302
-278
-293
-272
-275
-262
-227
-231
-210
-212
-217
-185
-180
-184
-194
-210
-237
-256
-264
-277
-290
-307
-298
-292
-308
-310
-309
-309
-301
-289
-276
-288
-291
-263
-244
-216
-187
-151
-109
-93
-59
-13
8
22
50
81
105
128
151
173
184
200
222
235
255
268
282
282
266
280
274
255
261
251
246
248
235
231
235
222
205
194
182
167
143
145
155
147
138
137
154
147
167
191
190
215
213
246
280
271
308
314
299
321
321
325
306
281
284
250
224
201
161
144
92
43
40
15
-18
-36
-60
-89
-133
-165
-181
-224
-260
-290
-307
-304
-317
-304
-302
-332
-328
-310
-305
-304
-307
-290
-281
-290
-265
-260
-268
-251
-245
-234
-231
-222
-212
-203
-190
-203
-192
-187
-201
-184
-187
-206
-206
-196
-204
-206
-186
-186
-178
-152
-140
-139
-119
-93
-84
-61
-44
-42
-24
-3
26
41
56
79
98
126
148
160
188
204
202
229
241
235
244
234
228
231
225
222
214
223
220
211
221
212
203
193
184
185
170
152
138
128
120
112
115
129
130
131
148
142
154
169
172
180
181
199
190
181
192
186
184
174
179
174
140
131
127
110
87
65
51
30
10
-18
-39
-54
-86
-119
-144
-156
-165
-193
-213
-212
-229
-248
-257
-263
-264
-271
-269
-269
-262
-250
-251
-238
-227
-220
-207
-198
-187
-186
-186
-176
-185
-183
-173
-177
-166
-148
-152
-153
-142
-136
-139
-123
-113
-126
-128
-117
-103
-96
-91
-75
-60
-40
-32
-22
5
-3
-1
23
28
33
46
69
81
85
111
131
140
159
181
177
178
195
201
208
205
206
216
199
193
196
179
173
169
164
150
131
131
127
115
111
111
109
102
94
106
117
100
109
118
108
118
117
112
123
127
121
124
134
128
126
135
131
120
108
91
83
63
42
38
27
12
-7
-16
-25
-49
-57
-70
-100
-111
-112
-134
-143
-145
-160
-162
-172
-177
-175
-195
-182
-173
-182
-175
-177
-163
-141
-134
-130
-130
-127
-128
-114
-108
-120
-114
-112
-110
-116
-118
-106
-118
-113
-101
-113
-107
-111
-119
-110
-117
-104
-90
-93
-84
-79
-71
-62
-45
-44
-52
-36
-29
-28
-17
-2
13
21
36
57
70
79
92
97
94
100
103
102
108
117
127
123
120
124
117
111
115
115
111
97
93
87
76
83
76
70
71
67
75
71
71
70
66
77
70
62
72
84
93
97
102
94
94
105
106
108
104
107
110
98
102
95
88
0
0
0
0
0
0
0
0
0
0
0
0
0
0
0
0
0
0
0
0
0
0
0
0
0
0
0
0
0
0
0
0
0
0
0
0
0
0
0
0
0
0
0
0
0
0
0
0
0
0
0
0
0
0
0
0
0
0
0
0
0
0
0
0
0
0
0
0
0
0
0
0
0
0
0
0
0
0
0
0
0
0
0
0
0
0
0
0
0
0
0
0
0
0
0
0
0
0
0
0
0
0
0
0
0
0
0
0
0
0
0
0
0
0
0
0
0
0
0
0
0
0
0
0
0
0
0
0
0
0
0
0
0
0
0
0
0
0
0
0
0
0
0
0
0
0
0
0
0
0
0
0
0
0
0
0
0
0
0
0
0
0
0
0
0
0
0
0
0
0
0
0
0
0
0
0
0
0
0
0
0
0
0
0
0
0
0
0
0
0
0
0
0
0
0
0
0
0
0
0
0
0
0
0
0
0
0
0
0
0
0
0
0
0
0
0
0
0
0
0
0
0
0
0
0
0
0
0
0
0
0
0
0
0
0
0
0
0
0
0
0
0
0
0
0
0
0
0
0
0
0
0
0
0
0
0
0
0
0
0
0
0
0
0
0
0
0
0
0
0
0
0
0
0
0
0
0
0
0
0
0
0
0
0
0
0
0
0
0
0
0
0
0
0
0
0
0
0
0
0
0
0
0
0
0
0
0
0
0
0
0
0
0
0
0
0
0
0
0
0
0
0
0
0
0
0
0
0
0
0
0
0
0
0
0
0
0
0
0
0
0
0
0
0
0
0
0
0
0
0
0
0
0
0
0
0
0
0
0
0
0
0
0
0
0
0
0
0
0
0
0
0
0
0
0
0
0
0
0
0
0
0
0
0
0
0
0
0
0
0
0
0
0
0
0
0
0
0
0
0
