0
0
0
0
0
0
0
0
0
0
0
0
0
0
0
0
0
0
0
0
0
0
0
0
0
0
0
0
0
0
0
0
0
0
0
0
0
0
0
0
0
0
0
0
0
0
0
0
0
0
0
0
0
0
0
0
0
0
0
0
0
0
0
0
0
0
0
0
0
0
0
0
0
0
0
0
0
0
0
0
0
0
0
0
0
0
0
0
0
0
0
0
0
0
0
0
0
0
0
0
0
0
0
0
0
0
0
0
0
0
0
0
0
0
0
0
0
0
0
0
0
0
0
0
0
0
0
0
0
0
0
0
0
0
0
0
0
0
0
0
0
0
0
0
0
0
0
0
0
0
0
0
0
0
0
0
0
0
0
0
0
0
0
0
0
0
0
0
0
0
0
0
0
0
0
0
0
0
0
0
0
0
0
0
0
0
0
0
0
0
0
0
0
0
0
0
0
0
0
0
0
0
0
0
0
0
0
0
0
0
0
0
0
0
0
0
0
0
0
0
0
0
0
0
0
0
0
0
0
0
0
0
0
0
0
0
0
0
0
0
0
0
0
0
0
0
0
0
0
0
0
0
0
0
0
0
0
0
0
0
0
0
0
0
0
0
0
0
0
0
0
0
0
0
0
0
0
0
0
0
0
0
0
0
0
0
0
0
0
0
0
0
0
0
0
0
0
0
0
0
0
0
0
0
0
0
0
0
0
0
0
0
0
0
0
0
0
0
0
0
0
0
0
0
0
0
0
0
0
0
0
0
0
0
0
0
0
0
0
0
0
0
0
0
0
0
0
0
0
0
0
0
0
0
0
0
0
0
0
0
0
0
0
0
0
0
0
0
0
0
0
0
0
0
0
0
0
0
0
0
0
0
0
0
0
0
0
0
0
0
0
0
0
0
0
0
42
-180
73
212
119
208
-79
-144
2
-138
-65
190
159
96
71
-58
-170
-43
178
-60
11
94
-296
-8
239
50
22
-37
-133
-75
59
-33
150
262
-119
-37
-54
-310
-3
228
174
142
47
-164
-178
-45
-94
20
71
40
84
-58
-21
-110
-59
33
-228
74
99
-109
185
83
-188
-27
-2
-88
118
-71
-99
113
-10
31
-33
-115
-169
0
88
-34
264
40
-168
72
-125
-152
26
143
155
56
6
-29
24
-87
-104
-43
-65
59
110
170
38
-23
-28
-280
-79
48
-98
174
287
-134
-167
161
-129
-142
286
84
-107
-9
-13
-144
-6
205
22
56
10
-143
-16
106
76
-107
-63
-6
-74
50
189
20
-63
95
58
-86
-140
86
46
-68
163
83
-85
-55
71
-105
-101
184
-88
55
110
-257
-3
-1
-26
126
98
70
-55
-1
-119
-121
19
27
115
179
13
-243
86
-116
-270
354
-44
-148
251
-78
-117
75
-5
-164
87
8
-210
8
72
53
114
23
-142
-37
-136
98
156
-70
162
-41
-186
-27
-135
15
179
183
146
-137
-146
3
-230
39
375
-95
75
136
-157
107
35
-169
-60
-4
15
-103
112
311
-154
-51
195
-220
-84
128
-81
-19
65
-45
29
133
-252
105
142
-262
219
5
-267
39
36
-12
50
-70
-196
-70
158
25
48
144
-292
-133
-57
-83
150
121
324
29
-57
-9
-180
39
61
57
-5
28
31
-24
66
167
21
-191
148
-90
-275
200
206
-152
-94
207
-245
-205
162
12
-39
65
191
-182
-161
95
-206
-14
322
-11
-57
167
-122
-162
94
71
-75
3
179
-187
-121
105
83
40
-5
9
-314
-142
81
161
89
37
-67
-335
124
-21
-175
301
-14
-82
208
-58
-138
-11
-88
-89
7
68
68
63
114
27
-68
-75
86
-96
-45
149
-41
79
17
115
-70
-229
112
-74
-65
159
96
-23
-42
-144
-131
148
-44
255
209
-261
54
-143
-127
260
-207
-91
330
-210
127
297
-202
-3
27
-126
-183
182
120
-25
273
-109
-201
-40
-34
0
128
120
-20
-62
-206
73
133
43
44
141
-167
-236
250
-18
-120
178
74
-193
131
-35
-130
202
-91
-148
4
-85
-92
6
57
37
-127
-66
-49
-197
-43
0
21
95
-68
17
136
-164
-83
243
-106
-57
181
-195
58
138
-161
164
13
7
72
-95
153
-245
-170
255
-125
92
207
-151
49
-76
42
-18
-116
24
-13
94
-178
315
-9
-246
307
-42
-96
-26
171
-219
11
324
-231
107
98
-63
-153
111
98
-179
70
-119
142
21
48
182
-229
10
59
-68
60
124
-174
-112
98
-6
-32
84
133
-45
-125
-169
-57
105
-157
1
149
-120
114
73
-67
86
-108
-258
-23
-27
-64
144
87
106
99
-79
-37
-62
-142
161
191
-130
62
-60
-148
230
157
80
17
-2
-30
-64
44
-216
-24
239
-43
92
74
-121
-15
-7
29
-68
-115
-162
-171
166
76
18
58
2
-121
-227
202
-49
-60
118
-199
101
-72
-37
241
-5
-84
-21
-72
-220
148
142
-31
209
-36
-95
65
-1
71
161
-37
-137
97
-79
-196
139
101
-127
78
326
-144
-120
218
-219
-34
106
-256
22
149
-119
117
77
-318
-3
18
-54
156
83
120
-67
-182
-89
-128
-61
137
237
14
-65
57
-55
-121
-17
154
83
-147
174
27
-325
213
46
-67
154
-214
129
85
-195
92
-81
-8
-30
-235
155
128
-89
53
38
-149
-387
98
110
-88
237
28
36
-145
13
236
-67
14
88
37
-156
34
8
-157
64
30
127
206
63
-124
-39
-190
-48
252
-30
181
-44
-120
178
-164
-38
79
-78
18
-46
6
23
-225
43
58
-133
75
68
-16
-53
33
77
-63
-363
-129
183
-47
149
196
19
-234
-59
218
-66
151
19
-71
-31
-118
78
105
214
-102
37
92
-335
-13
127
24
-42
113
-96
-248
211
-40
278
124
-329
223
-274
-365
270
-19
-112
201
130
2
-202
180
-111
-261
429
-154
-17
-38
-224
248
208
315
-73
-66
-34
-271
184
123
-10
-124
-140
26
-208
241
244
-84
178
-61
-157
-156
-112
8
32
171
-10
187
-127
-148
292
-310
-20
202
-118
-111
35
70
-287
19
127
-92
56
41
-72
-36
30
-6
140
-64
-79
126
-59
170
188
-226
-189
-9
-244
184
361
-202
-93
-145
-7
-48
68
320
-263
50
87
-171
91
-94
216
191
-63
6
-266
-272
71
436
83
-92
122
-424
-220
513
182
-154
226
-29
-177
242
74
-146
-112
-13
50
108
5
33
-99
-60
233
-123
-208
-182
-195
93
109
366
155
-332
80
-77
-415
300
203
-447
178
36
-500
208
73
-52
364
97
-63
-134
-86
-165
82
149
-15
101
-310
149
156
-106
375
-86
-298
-118
60
213
48
134
12
-201
-105
-170
-36
-18
56
395
67
-26
71
-188
-45
-45
-48
54
61
255
-61
-17
-2
-359
115
263
-115
-95
214
-216
-115
458
-162
101
173
-423
118
42
-181
207
-155
-117
80
-51
220
105
-149
-86
-165
-73
206
64
-18
6
-46
120
-33
-214
135
99
-183
161
-137
-561
109
321
135
358
155
-390
-157
-238
-135
340
-73
128
293
-104
-31
-121
-482
-195
207
223
366
346
-133
-582
-202
193
-60
225
461
-386
-70
472
-246
-151
-110
-275
17
303
286
-41
-93
-249
-75
18
-270
133
126
-127
573
29
-310
264
-406
88
528
0
55
-113
-244
-282
-195
0
111
161
110
392
-34
-316
99
-111
99
-101
-24
206
-265
384
366
-250
-186
-396
-631
-262
60
29
365
472
299
202
57
-119
-366
-334
3
89
-242
-172
145
90
464
538
26
-122
-543
-321
239
-198
-285
-150
-284
173
559
401
260
-308
-305
262
115
29
13
-427
-269
258
157
183
-110
-498
-53
87
59
315
-101
-21
242
-21
354
13
-432
68
-73
-532
244
321
-357
684
583
-299
64
-180
-465
-150
91
39
-115
-179
-298
-208
233
397
81
676
587
-292
441
-27
-665
-123
-423
-346
-127
-92
184
501
223
-140
156
-370
-515
365
323
-99
44
128
-193
-162
129
-332
-227
469
-11
218
713
-381
-335
379
-265
-299
64
-495
-376
411
251
282
425
-329
-222
-53
-203
486
328
-149
342
155
-688
-364
-4
-349
-3
484
142
-288
69
53
-22
494
226
-236
-224
-132
-296
-43
242
-345
-146
205
-100
234
437
261
299
-81
-309
-220
-491
-327
270
449
63
74
148
-410
-133
90
-49
433
276
83
152
-39
-108
-175
111
-165
-568
-54
-175
-39
676
338
40
80
-211
-24
223
120
91
-344
-513
-111
-133
-138
11
106
258
195
199
21
-300
-101
65
-12
-71
-288
-276
-25
128
558
417
-151
-227
-396
-65
153
38
214
-62
-65
98
120
283
1
-203
25
65
-89
44
100
238
401
-123
32
13
-408
-20
213
134
-82
-3
-69
-180
136
253
302
256
139
-36
-386
-464
-502
-217
200
128
201
131
-38
-77
-90
42
-201
-483
-403
-232
-159
-162
91
3
-119
166
19
-41
-58
-161
-63
-198
-157
-146
-211
-94
256
436
46
70
33
-242
-196
36
223
-28
32
177
61
117
81
-20
-95
62
63
-232
-63
61
-110
74
240
96
121
229
-20
-247
-81
-96
-215
99
193
68
98
-56
99
186
-23
43
76
33
-196
-123
19
-278
-125
-42
-68
181
2
-103
-17
-126
-9
48
67
190
2
51
145
-83
25
-5
-301
-267
-72
94
0
19
147
92
96
122
252
110
-64
-23
61
-121
-290
-212
-242
-5
164
176
205
112
-58
-86
-34
-31
-148
-259
-110
-117
-94
-139
-70
178
146
139
179
152
117
70
18
97
54
-115
-14
-44
-272
-222
-175
-276
-211
-25
144
100
5
228
202
-118
-88
-41
-77
46
90
191
223
-30
14
194
59
5
62
56
117
100
26
90
-15
-131
-32
-29
11
88
64
90
144
46
9
24
-150
58
197
35
171
49
-32
-3
-172
-53
-77
-121
23
-39
-78
-160
-308
-334
-216
-166
-107
-24
-182
-126
-58
-117
76
69
25
81
3
134
132
-152
-38
32
-218
-168
-51
-69
-72
-84
60
103
-150
-188
-97
-258
-258
-63
-67
-90
66
68
52
224
114
39
115
-42
-116
-119
-90
-13
-6
157
290
336
486
549
601
614
543
507
406
415
447
504
534
370
401
249
156
400
297
307
416
312
298
226
206
179
42
-43
-81
-112
-265
-425
-536
-660
-824
-808
-594
-591
-681
-758
-737
-852
-1040
-1056
-1228
-1291
-1437
-1570
-1380
-1348
-1389
-1343
-1227
-1256
-1254
-1128
-1265
-1297
-1250
-1300
-1280
-1193
-1010
-855
-523
-245
-11
339
406
616
932
1174
1514
1941
2425
2919
3479
3760
3976
4274
4280
4114
3952
3698
3342
3035
2703
2462
2169
1838
1619
1253
919
504
102
-201
-664
-870
-975
-1212
-1229
-1110
-1090
-1050
-890
-880
-975
-980
-853
-850
-1150
-1207
-1152
-1231
-1439
-1597
-1623
-2152
-2610
-2784
-3087
-3243
-3301
-3253
-3112
-2900
-2704
-2593
-2534
-2510
-2614
-2765
-2875
-3159
-3220
-3085
-2986
-2798
-2554
-2213
-2140
-2117
-1851
-1929
-2291
-2341
-2228
-1990
-971
863
3339
6272
9093
11613
13690
15205
16211
16270
15010
12679
9644
6388
3366
636
-1797
-3906
-5699
-6999
-7658
-7880
-8064
-8309
-8459
-8386
-7768
-6470
-4950
-3336
-1217
1261
3640
5967
8069
9351
9696
9264
8271
7100
5600
3582
1589
-179
-1820
-3088
-4119
-4979
-5501
-6091
-6692
-6712
-6383
-5920
-5083
-4142
-3026
-1393
44
896
1890
2857
2972
2739
2858
2817
2433
2351
2571
2588
2361
1846
1016
-7
-1264
-2480
-3529
-4569
-5332
-5520
-5539
-5443
-4850
-4305
-3945
-3632
-3362
-2851
-2559
-2615
-2535
-2378
-2439
-2347
-1667
-933
-585
-91
795
1229
1267
1336
693
-605
-1858
-2647
-2717
-1931
11
2803
6033
9254
11996
14483
16136
16596
16384
14850
11788
8362
5040
1681
-1426
-3881
-5629
-6899
-7748
-8077
-8101
-8172
-8417
-8649
-8567
-7959
-6584
-4536
-2280
229
3072
5507
7212
8548
9127
8508
7128
5498
3881
2159
31
-1995
-3269
-4027
-4538
-4709
-4584
-4374
-4302
-4119
-3122
-1608
-646
50
1234
2429
3459
4482
4651
4042
3490
2331
525
-442
-708
-1453
-2239
-2157
-1530
-1243
-1573
-1899
-1871
-2184
-2881
-2881
-2456
-2767
-3157
-2751
-2346
-2454
-2729
-3207
-3914
-4578
-5088
-5450
-5815
-6129
-5913
-5234
-4442
-3083
-1353
-534
-385
221
605
-73
-1096
-1818
-2175
-1790
87
3811
8312
12099
15268
18192
20015
20462
19928
17675
13260
8031
3326
-548
-3636
-6087
-7938
-9170
-9842
-9499
-8056
-6898
-6744
-6766
-6764
-6537
-4795
-1780
904
3309
6060
8608
10419
11349
11152
9514
6179
2136
-821
-2896
-5454
-7943
-9373
-10274
-10693
-9990
-8606
-7274
-6222
-5160
-3283
-749
1648
3986
6137
7869
9749
11498
12024
11316
9767
6995
3238
-67
-2466
-4683
-6586
-7552
-7416
-6512
-5838
-5616
-5125
-4648
-4384
-3577
-2468
-1682
-910
16
1085
2114
2191
1194
-92
-1631
-3314
-4580
-5564
-6461
-7087
-7381
-6976
-5578
-3943
-2885
-2175
-1579
-1486
-1664
-1528
-1669
-2737
-3864
-3991
-3105
-1166
2390
7289
12179
16183
19257
21195
21769
21308
19799
16417
11172
5661
1248
-2227
-5238
-7520
-8934
-10087
-11150
-11234
-10075
-8917
-8585
-8315
-7080
-4619
-1362
1903
4877
7920
10671
12028
11996
11359
9662
5986
1314
-2206
-4127
-5977
-8482
-10352
-10605
-10230
-10107
-9405
-7676
-6122
-5434
-4562
-2395
754
3685
5862
7966
10288
11710
11468
10279
8623
5994
2390
-1188
-3666
-4773
-5386
-6232
-6372
-5005
-3690
-3869
-4124
-3027
-2002
-2261
-2100
-294
1239
1099
961
1960
2343
837
-1207
-2569
-3798
-5153
-5726
-5348
-4956
-4692
-3820
-2431
-1208
-322
-140
-1215
-2693
-3290
-3607
-4499
-4758
-3600
-2794
-3195
-2902
-1404
-677
-353
2504
7759
12420
15921
19112
20998
21187
21087
20578
17783
12284
5768
8
-4260
-7397
-9954
-11563
-12607
-13989
-13987
-11621
-9141
-7098
-5081
-3966
-2328
1432
5599
8774
11292
13032
13392
12149
9880
7385
3921
-1569
-6874
-9489
-11221
-13150
-13324
-12271
-11432
-10014
-7788
-5045
-2250
-645
395
2271
4234
5869
7835
9275
9362
9245
9065
7133
4017
1690
-807
-4417
-6754
-6712
-6284
-6125
-5050
-2985
-1230
-600
-277
408
642
716
1675
2202
1315
596
344
-637
-1931
-2818
-3758
-4993
-5746
-5150
-3777
-2741
-1724
-460
138
122
509
905
55
-1627
-2775
-3602
-4684
-4978
-4060
-3388
-3201
-2100
-714
-921
-1951
-2361
-2608
-2023
1436
7328
13083
17494
20800
22444
22211
21410
19531
14368
6686
-497
-5600
-8879
-11126
-12363
-12522
-12906
-13805
-12767
-8918
-5417
-4263
-3657
-2034
872
5192
9683
13041
15296
15775
13616
9813
5915
1672
-4204
-10529
-13974
-13959
-13088
-12504
-10772
-7671
-5452
-4917
-3778
-762
1867
2149
2074
3988
6732
8640
9715
9795
8653
6570
3751
739
-1887
-4146
-6412
-8816
-9751
-7517
-4477
-3445
-2157
1017
2801
2219
2720
4623
4610
2991
2849
3254
1724
-355
-1604
-3336
-5430
-6658
-7550
-8188
-7326
-5218
-3194
-1367
662
2551
3418
2835
2050
1958
839
-1663
-2855
-2657
-3724
-5140
-4134
-2606
-3312
-3826
-2330
-1660
-3067
-4543
-4858
-4191
-2207
2637
9845
16106
20380
22991
22600
20505
19244
16531
9962
2364
-3235
-7069
-9740
-11111
-11375
-11433
-12522
-13652
-11725
-7527
-5227
-4330
-1953
577
2892
7599
12911
15143
14983
13443
9859
5155
641
-3735
-8490
-13042
-14596
-12323
-9839
-8554
-6500
-4484
-4099
-4067
-2859
-308
2218
3070
3703
6562
9906
10793
10068
8570
5021
491
-3138
-5781
-6802
-6828
-7652
-7951
-6103
-3166
-594
1010
2419
4237
5066
4459
4677
6423
6592
4246
2701
1906
-828
-3940
-5179
-5563
-6712
-8493
-8460
-5926
-3910
-2793
-115
2851
3386
2756
2662
1902
327
-799
-1713
-2328
-2292
-2371
-2455
-2554
-3328
-4020
-4492
-5318
-5251
-3811
-2836
-3195
-3410
-2484
-1545
-450
3269
9444
14866
18213
20061
19991
17951
15576
13131
8795
2658
-2721
-6112
-8407
-10165
-11085
-11404
-11766
-11893
-10827
-8345
-5195
-2146
614
3396
6613
10150
13005
14030
13147
10950
7278
2073
-3067
-6795
-9797
-12363
-12781
-10559
-8103
-6817
-5496
-3796
-2906
-2743
-1731
386
2283
4200
6931
9182
10280
10644
9571
6766
2485
-2670
-6861
-9653
-11334
-10435
-7606
-5591
-4025
-1612
262
1257
3035
4831
5371
6081
7195
7377
7000
6380
4969
2448
-1288
-4606
-5943
-6747
-7929
-8255
-7606
-6601
-5046
-2915
-504
1611
2478
2158
1641
1364
1200
749
-163
-677
-497
-923
-1826
-1565
-1496
-3847
-6291
-6318
-5914
-6216
-5417
-3596
-2792
-3129
-2914
-1757
-289
2837
8781
14977
18932
21318
21987
19466
15459
12550
8863
2208
-4407
-7879
-9699
-11360
-12039
-11461
-10335
-9843
-10101
-8437
-3939
388
3389
6318
9006
11162
12760
12439
10219
8093
5322
-57
-5352
-7121
-7453
-9351
-10978
-9295
-6096
-5341
-6016
-4883
-2987
-2369
-1929
82
3346
6073
7640
8814
9414
8477
5770
2077
-1726
-5368
-8058
-9212
-9718
-9224
-6836
-4655
-3902
-2026
1141
2545
3105
5757
8511
9029
9323
9785
8124
4988
2397
-265
-3953
-7216
-8464
-8700
-9022
-8070
-5558
-3681
-2581
-583
1499
2339
2932
3759
3665
2277
662
-98
-598
-1875
-2740
-2618
-3494
-5001
-4797
-4193
-5384
-6545
-5694
-4550
-4191
-2561
131
581
-1030
-1620
-1145
-330
3153
9828
15816
18919
20258
19503
15877
11693
9014
5775
-294
-6412
-8731
-8861
-10076
-11022
-9341
-7284
-7890
-8565
-5275
-323
2437
4764
8259
10195
9763
9259
9143
8217
6020
2753
-1209
-5143
-7800
-8801
-9327
-9407
-7957
-6238
-6070
-6043
-4349
-2290
-1310
-348
1461
3510
5555
7358
8050
7429
5722
2868
-356
-2611
-3714
-4528
-5797
-7091
-6920
-5270
-4034
-3249
-905
2300
3828
4689
7091
9702
10635
9976
8210
6102
3798
733
-2166
-4223
-6590
-9053
-9653
-8155
-6474
-5699
-4800
-2699
-226
1283
2481
4186
4632
2868
991
106
-734
-2147
-3676
-4437
-5115
-6585
-6899
-5114
-4183
-5359
-5640
-4035
-3450
-3621
-1718
423
-21
-1292
-1042
568
2847
6867
13102
17891
18795
17978
15730
11240
7626
6170
2984
-2665
-6330
-6963
-7761
-9309
-9317
-6974
-5123
-6164
-6113
-1508
3189
5061
7153
9697
10011
8528
7252
6216
4612
2539
-233
-4106
-7477
-8606
-8591
-8996
-8734
-6630
-4861
-5480
-6001
-3640
-482
587
972
2936
5308
6200
6253
6479
5886
3343
100
-1745
-2365
-3049
-3636
-4127
-5319
-6028
-5027
-4417
-4753
-2585
1953
4689
6282
9766
12162
10096
7114
6429
5377
2371
-105
-1637
-4529
-8023
-9007
-7777
-7078
-6921
-5668
-3839
-2208
345
3507
4833
4256
3793
3032
926
-439
75
-729
-4308
-6988
-6999
-7350
-8582
-7371
-4312
-3685
-4794
-3451
-1053
-1564
-2552
-310
1888
906
281
2100
3347
4008
7470
12737
15866
16152
14293
10355
6552
5298
4763
1892
-1936
-3664
-4584
-6629
-7100
-4481
-2351
-3542
-6078
-5710
-2142
671
2935
7301
9677
6604
3483
3941
4495
3248
1545
-603
-3779
-6300
-6081
-4748
-4769
-5157
-5198
-6257
-7664
-6610
-2885
-131
118
821
3141
4825
4845
4766
5485
4594
1291
-603
-199
-225
-685
-1422
-3697
-5702
-5230
-4434
-4764
-3133
1053
3724
3958
5119
8250
9466
6355
3790
4799
4052
189
-1269
-785
-3686
-8281
-8359
-5285
-5065
-6252
-4322
-1351
-942
-1059
1444
3831
3101
2400
2790
1309
-846
-1532
-2228
-4121
-6252
-7088
-6975
-6847
-5197
-2430
-2160
-3948
-3815
-1863
-1190
-915
1884
4612
3098
519
1281
2613
2396
4616
10308
14213
13711
12080
10653
7273
3985
3913
3772
863
-1814
-2385
-2473
-3540
-5020
-5349
-5041
-6002
-6806
-4448
-479
2180
4706
7092
6468
3920
2314
1612
2066
3390
2786
20
-2089
-2763
-3458
-4988
-6103
-5852
-6523
-8525
-7694
-3885
-1670
-1367
-321
1190
1981
2539
3637
5170
5777
4265
2345
1994
1650
383
-352
-1217
-3042
-4387
-5012
-5000
-3455
-1358
221
1831
3292
4768
6283
5997
4784
4904
3740
177
-1046
494
-663
-4681
-6158
-4549
-4358
-5994
-5492
-2770
-2107
-3193
-1077
2785
2985
1470
1618
1206
-582
-1568
-1467
-1995
-4079
-5902
-5714
-4868
-4374
-2965
-1161
-1668
-3225
-2037
52
366
1686
4032
3630
1306
128
151
620
2562
6876
11031
11935
10776
9177
5979
2892
3799
5953
3975
666
687
882
-1897
-4263
-3996
-4011
-6208
-7959
-6112
-1891
719
1417
3276
4940
2757
-160
707
3254
4576
4617
3276
808
-1832
-3886
-5068
-5349
-4620
-4295
-5772
-6693
-4676
-2151
-2353
-3538
-2362
-367
287
1837
4974
6804
6060
4151
3315
3649
2656
592
-262
-1021
-2701
-3711
-4010
-3926
-2634
-1080
-499
-197
728
2293
3431
3581
3812
3691
1606
-452
537
1813
-731
-3701
-2441
-693
-2761
-4835
-3324
-2134
-4033
-4244
-169
2905
1687
-47
643
723
-2089
-3831
-2488
-1939
-3240
-3819
-3050
-2127
-2177
-2437
-2248
-2957
-3186
-877
1382
2151
3476
4405
2269
-1235
-2421
-1421
-240
2090
6648
10716
11737
10415
8035
5305
3400
3779
5620
5493
3438
2224
518
-2701
-4762
-5282
-6160
-7980
-8821
-6408
-2664
-282
1583
3101
2627
331
-716
1605
4762
6368
7016
5809
2322
-959
-2967
-3957
-3947
-4167
-4965
-5418
-5679
-5357
-4281
-4117
-4463
-3575
-2036
9
3348
6285
6550
5123
4095
3178
2196
2241
2394
1325
-328
-1430
-1461
-1807
-3379
-3909
-2999
-2667
-1964
401
2639
3307
2916
2106
1261
628
180
556
1450
457
-1564
-1301
-768
-2771
-4541
-4104
-3501
-3648
-2697
-97
1312
211
-621
-139
-597
-1983
-1829
-337
-34
-956
-1335
-1548
-2646
-3659
-3453
-2684
-2407
-2199
-893
920
1464
1181
1733
1948
182
-1387
-553
1163
2817
5848
9514
10899
9443
6814
4307
3137
4174
6053
6430
4913
2449
-387
-2737
-3777
-4435
-5840
-7058
-6986
-5936
-4089
-1575
459
1128
482
-795
-761
1774
4741
6209
7087
7134
4295
-191
-2736
-2952
-2771
-2519
-1844
-1810
-3441
-5634
-6376
-5687
-5266
-5138
-3782
-1356
776
2482
3890
4280
3591
2797
2515
2896
3856
4488
3960
2742
1498
68
-1705
-3097
-3050
-1909
-917
-49
984
1238
-30
-1965
-2881
-2548
-2018
-1014
516
762
-185
-417
-696
-2404
-3734
-3179
-2259
-1806
-582
1212
1614
329
-780
-751
-914
-2109
-2382
-635
458
-563
-1626
-2195
-3593
-5063
-4679
-2546
-957
-961
-835
142
583
480
1044
1592
615
-714
-313
1154
2708
5200
8461
10423
9601
6878
4445
3623
4955
7531
8235
5898
2842
215
-2335
-3756
-3748
-4222
-5663
-6509
-6123
-4758
-3005
-1747
-822
-572
-2018
-2619
286
3588
4855
6399
7676
5289
734
-1749
-1692
-1186
-815
212
891
-1206
-4904
-6335
-5604
-5401
-5461
-4422
-2882
-1733
-631
994
2400
2410
1476
1069
1946
3670
5058
5533
5332
4343
2337
137
-814
-355
46
-354
-564
-188
-632
-2448
-3844
-3994
-4317
-4755
-3294
-332
898
-285
-847
-371
-1483
-3204
-2618
-739
203
613
1471
2024
1042
-672
-1276
-1195
-1788
-1918
-413
772
-67
-1607
-2735
-4102
-5225
-4535
-2523
-1258
-1276
-1203
-569
-840
-1569
-179
1981
1611
370
1047
2344
3156
5323
9018
10937
9716
7541
5645
4334
4862
7016
8099
6072
2548
-141
-2571
-4480
-4367
-3910
-4823
-5990
-6523
-6096
-4634
-3002
-1642
-765
-1250
-2191
-810
2425
4674
6326
7579
5859
2072
-200
-348
567
1802
2687
2224
-610
-4345
-6095
-5909
-5703
-5744
-5159
-4166
-3623
-2986
-1410
15
43
-360
356
2054
3884
5680
6998
6906
5524
3798
2157
910
648
1160
1443
1204
651
-764
-3219
-5308
-5948
-5768
-5204
-3706
-1792
-1160
-1961
-2597
-2452
-2370
-2399
-1518
218
1506
1941
2291
2457
1400
-479
-1311
-679
-16
227
818
1105
-306
-2606
-3939
-4381
-4698
-4247
-2823
-1966
-2315
-2615
-2432
-2520
-2282
-539
1651
2401
2080
2129
2552
3047
4564
7450
10035
10528
8937
6546
4670
4377
5709
6702
5459
2660
15
-1939
-3136
-3046
-2380
-3368
-5746
-6882
-6289
-4910
-3154
-1608
-889
-1739
-3175
-2186
791
2955
4828
6772
6281
3283
927
559
1154
1994
2547
2267
826
-2063
-4712
-5180
-5075
-5568
-5349
-4764
-4509
-3903
-3099
-2420
-1664
-1066
-653
178
1924
4141
5701
6179
5983
5284
3836
2185
1903
3097
3682
2747
1551
502
-1364
-3716
-5088
-5413
-5517
-5105
-3907
-3088
-3366
-3733
-3519
-3362
-3283
-2308
-541
932
1966
2924
3203
2329
1315
1090
1100
833
826
1110
685
-659
-1957
-2918
-4079
-5073
-4948
-4187
-3967
-3880
-3122
-2652
-3156
-2975
-1048
917
1558
1778
2206
2460
3275
5756
8950
11031
11384
9767
6464
4022
4761
6927
7328
5854
3721
690
-2811
-4502
-3654
-2711
-3867
-6121
-7191
-6758
-5852
-4438
-2466
-1629
-2868
-3969
-2584
511
3456
5856
7316
6512
3735
1544
1489
2755
4249
5308
4860
2304
-1309
-4128
-5239
-5251
-5211
-5318
-5450
-5859
-6183
-5590
-4458
-3673
-3068
-2303
-1226
908
3932
6065
6651
6540
5675
4030
3318
4496
5945
6061
5083
3610
1442
-1415
-3734
-4541
-4802
-5458
-5480
-4511
-4354
-5432
-5975
-5770
-5936
-5675
-3702
-1084
685
1919
2997
3163
2336
1790
2252
2986
3279
3337
3277
2478
639
-1399
-2701
-3467
-4179
-4482
-4175
-4033
-4438
-4732
-4718
-4817
-4477
-2858
-824
252
633
1152
1800
2835
5144
8314
10624
11251
10269
8159
6657
7241
8817
9041
7297
4772
2024
-933
-2837
-2972
-2866
-4089
-6494
-8496
-8771
-7959
-6878
-5302
-4334
-5084
-5699
-4308
-1498
1935
5222
6928
6667
5203
3757
3925
5635
7134
7770
7236
4676
907
-2082
-3565
-4054
-4483
-5418
-6466
-7153
-7454
-7336
-6891
-6330
-5571
-4670
-3632
-1553
1560
3736
4513
5371
5880
4992
4352
5536
7380
8451
8409
6901
4266
1562
-881
-2575
-3002
-3153
-3698
-4314
-5400
-6861
-7803
-8337
-8554
-7735
-5932
-4034
-2342
-616
684
922
838
1527
2744
3730
4506
5307
5600
4799
3258
1625
121
-984
-1423
-1546
-1891
-2589
-3684
-5039
-6084
-6578
-6531
-5400
-3360
-1937
-1635
-1415
-882
-30
1974
5277
8550
10645
10973
9669
8567
9122
10311
10690
9871
7836
4940
2107
359
-283
-988
-2860
-5920
-8554
-9143
-8598
-8044
-6964
-6261
-7389
-8590
-7476
-4714
-1735
1461
4217
5205
4676
3929
4308
6212
8217
9219
9167
7626
4836
2045
190
-658
-1337
-2454
-3949
-5659
-6920
-7470
-7770
-7658
-7280
-7221
-6896
-5589
-3440
-935
1038
2021
2511
2838
3238
4617
6980
8880
9815
9946
8339
5360
3273
2383
1448
789
467
-1104
-3928
-6198
-7687
-8955
-9458
-9234
-8872
-8110
-6867
-5379
-3937
-3158
-2719
-1750
-293
1524
3689
5611
6719
6707
5544
3946
2925
2549
2189
1909
1871
1122
-890
-3035
-4290
-5127
-6115
-6511
-5487
-3987
-3577
-3886
-3549
-3041
-3135
-2106
1364
5496
8347
9592
9373
8348
7831
8613
10119
11181
10947
9046
6579
5213
4070
1511
-1385
-3458
-5368
-7013
-7437
-6545
-5692
-7061
-10079
-11120
-9536
-7829
-5934
-2409
1201
2436
1709
1366
2418
4065
5721
7539
9151
9523
8164
5924
4035
2831
1928
579
-1326
-2485
-2693
-3646
-5463
-6779
-7484
-8109
-8682
-8601
-7109
-4762
-2810
-1457
-567
-117
416
1362
2623
4729
7599
9118
8358
7282
6766
5612
3994
3183
2998
2502
1213
-941
-3041
-4205
-5559
-7692
-8714
-8142
-7585
-7133
-6146
-5201
-4685
-4118
-3275
-2385
-1030
1292
3447
4276
4465
4617
4261
3289
2421
2337
2727
2691
2203
1811
1131
-550
-2595
-3885
-4485
-4747
-4290
-3168
-2434
-2735
-3568
-4266
-4319
-2945
-92
3143
5854
7564
7821
6893
6160
6905
8500
9467
9848
9838
8617
6327
3891
1702
94
-1064
-2195
-2975
-3553
-4698
-5902
-6656
-7741
-8826
-8646
-7634
-6475
-4526
-1993
-398
-291
-659
-348
810
2462
4585
6875
8066
7249
5342
3847
3012
2625
2666
2525
1769
739
-661
-2590
-4179
-4831
-5388
-6441
-6863
-5877
-4701
-4151
-3439
-2602
-2687
-3267
-2703
-634
1875
4086
5744
6263
5277
3724
3031
3320
3892
4605
5006
4098
1986
-165
-1705
-2768
-3417
-3729
-4283
-5044
-5217
-4901
-4674
-4587
-4724
-4904
-4638
-3813
-2246
73
2097
2682
1979
1026
437
485
1550
3304
4535
4494
3457
1938
387
-630
-1104
-1486
-1632
-1568
-1915
-2394
-2441
-2564
-3116
-3746
-4209
-3968
-2403
185
2987
5291
6145
5049
3123
2290
3483
6197
9017
10395
9666
7337
4470
2170
1032
927
1328
1292
236
-1242
-2551
-3602
-4393
-5417
-6678
-7125
-6498
-5410
-3879
-1956
-781
-1331
-2665
-3147
-2260
-67
2797
4899
5604
5228
3917
2324
1646
2028
2606
2846
2653
2033
1209
232
-1122
-2523
-3397
-3999
-4550
-4459
-3618
-2722
-2308
-2682
-3499
-3703
-2938
-1770
-399
1358
2880
3191
2675
2328
2234
2345
2632
2692
2685
2946
2807
1742
547
-106
-744
-1644
-2334
-2748
-2898
-2831
-3216
-3875
-3824
-3606
-4045
-4078
-2989
-1853
-1156
-362
292
513
890
1458
1710
1971
2412
2316
1809
1725
1741
1338
1011
672
-322
-1381
-1819
-2165
-2451
-2065
-1436
-1155
-1096
-1585
-2644
-2936
-1806
-135
1575
3287
4431
4619
4135
3608
3831
4780
5407
5424
5527
5577
4808
3492
2443
1616
527
-680
-1402
-1447
-1217
-1197
-1788
-3112
-4462
-5076
-5159
-4837
-3585
-1733
-605
-589
-857
-934
-744
-53
824
1626
2860
4050
3972
3140
2635
2092
1224
615
572
991
1323
803
-370
-1441
-2406
-3453
-3980
-3548
-2869
-2534
-2365
-2379
-2507
-2375
-2014
-1599
-1118
-369
733
1645
2170
2659
2727
2012
1189
957
1410
2055
2196
1806
1236
349
-905
-1894
-2231
-2264
-2207
-2089
-2206
-2416
-2235
-2056
-2350
-2481
-2051
-1479
-793
144
1034
1584
1648
1221
742
840
1363
1608
1678
1882
1688
997
451
56
-512
-1024
-1269
-1539
-1901
-1987
-1893
-1997
-2144
-2142
-2089
-2032
-2033
-1838
-1025
-100
419
1103
2021
2437
2507
2731
2944
3183
3774
4447
4605
4361
4200
3924
3185
2374
2002
1862
1399
798
548
316
-102
-401
-893
-1685
-2124
-2184
-2236
-1964
-1205
-641
-760
-1327
-1932
-2131
-1715
-1008
-258
398
607
322
-207
-665
-667
-336
-153
-137
-91
12
94
7
-245
-517
-786
-1019
-1017
-606
79
614
707
382
-188
-637
-693
-390
275
1011
1243
999
511
-177
-613
-580
-464
-322
-105
-197
-612
-876
-913
-1020
-1253
-1465
-1509
-1340
-1075
-743
-334
-244
-675
-1123
-1235
-1047
-413
536
1130
1148
948
585
144
43
247
551
978
1217
1062
799
445
-93
-554
-735
-686
-496
-209
-15
-202
-671
-1182
-1727
-1973
-1514
-761
-253
77
130
-371
-1027
-1198
-850
-134
876
1733
2019
1841
1374
915
1002
1575
2243
2922
3260
3091
2838
2562
2243
2186
2170
1868
1679
1795
1765
1498
1195
650
-156
-845
-1268
-1257
-799
-513
-758
-1326
-2051
-2682
-2827
-2413
-1805
-1374
-1170
-1237
-1499
-1493
-1136
-796
-528
-329
-220
90
523
632
645
873
822
437
452
766
801
791
875
624
173
-89
-330
-574
-524
-338
-305
-378
-545
-798
-972
-1072
-1131
-960
-666
-635
-760
-691
-563
-614
-673
-604
-580
-622
-508
-239
-53
-20
-95
-330
-644
-730
-474
-109
152
290
277
102
-95
-158
-24
272
572
721
724
686
645
617
704
801
699
604
631
496
373
488
411
40
-286
-582
-819
-820
-694
-525
-398
-586
-893
-957
-987
-993
-651
-252
-105
66
297
391
487
711
952
1082
1168
1395
1663
1768
1858
1972
1831
1533
1419
1410
1303
1230
1285
1172
717
265
67
-46
-94
-69
-211
-486
-666
-813
-932
-833
-656
-735
-970
-1087
-1072
-929
-698
-528
-441
-466
-616
-679
-586
-456
-326
-213
-120
-48
-17
-32
-124
-181
-98
-59
-44
162
330
249
165
141
11
-80
29
155
152
140
186
147
-53
-208
-204
-287
-496
-601
-618
-586
-487
-483
-611
-778
-938
-1015
-994
-878
-627
-413
-395
-408
-336
-292
-324
-288
-175
-111
-14
172
344
435
377
235
158
98
92
282
536
647
584
414
230
146
175
190
225
346
343
262
261
174
30
-24
-147
-231
-60
134
166
148
168
69
-62
21
92
126
233
367
482
486
455
431
381
340
434
543
575
668
643
533
471
420
419
358
290
251
219
279
270
186
129
45
-77
-184
-190
-115
-34
-54
-102
-53
-101
-208
-158
-95
-90
23
159
137
33
-31
-71
-120
-109
-42
22
8
-121
-209
-182
-198
-253
-299
-427
-506
-534
-568
-532
-482
-418
-417
-501
-581
-576
-485
-412
-282
-193
-186
-203
-222
-184
-172
-120
-78
-112
-122
-129
-108
-134
-198
-223
-259
-324
-409
-344
-212
-173
-75
3
-75
-181
-210
-195
-111
65
228
293
262
238
156
55
34
52
124
180
204
198
165
76
-89
-145
-96
-62
41
180
213
185
135
115
154
182
259
391
516
540
547
642
568
422
457
472
408
421
498
424
269
235
117
-35
-30
-55
-120
-105
-79
-104
-151
-172
-169
-168
-163
-140
-93
-18
54
112
165
191
201
189
234
302
275
292
317
233
183
190
188
85
-33
-66
-146
-176
-152
-122
-139
-279
-348
-388
-414
-340
-225
-147
-197
-203
-161
-204
-198
-133
-124
-97
-50
-107
-101
-56
-160
-198
-143
-246
-317
-243
-319
-375
-245
-249
-363
-323
-312
-347
-248
-165
-127
-74
8
0
22
44
-33
126
57
-46
178
151
78
136
150
35
-71
-74
-127
-91
-37
-16
-5
-104
-160
-138
-176
-142
14
89
145
201
166
152
148
136
226
326
331
349
349
247
230
316
261
212
261
136
63
198
154
78
118
-28
-121
-60
-137
-60
120
-6
-49
59
-101
-160
29
54
123
251
145
85
81
-21
63
217
163
155
149
30
9
-4
-45
45
67
-138
-73
36
-223
-48
103
-151
-27
9
-124
-10
138
140
56
191
145
-57
88
88
27
127
107
57
-31
-188
-198
-180
-238
-57
-17
-278
-217
-204
-423
-265
-110
-231
-227
-178
-91
-87
33
201
-111
-108
96
-53
70
281
169
-24
8
-29
-180
-27
70
38
-46
-40
-3
-237
-104
37
-126
-82
44
-5
-162
96
54
-191
145
118
-96
68
177
47
66
225
46
-49
-8
-49
41
70
97
73
-96
-96
-66
-66
-115
-65
99
-95
21
262
-105
-29
102
-252
-36
277
176
213
313
148
38
146
58
68
106
91
208
9
27
91
-316
-282
-50
-202
-151
133
49
-147
-91
-167
-264
-166
-12
70
95
225
142
81
155
-70
-25
142
51
176
246
161
67
-85
-45
-171
-281
97
71
-119
131
35
-238
-156
-102
-135
-23
60
102
153
46
-28
34
-64
-77
138
11
2
171
-110
-90
35
-215
-152
9
-101
-61
73
-61
-103
-77
-192
-105
-58
-88
90
99
-23
55
79
-24
-4
69
5
59
183
128
220
115
-115
-64
-83
-64
-20
111
143
-116
-137
-146
-282
-257
-92
45
-32
-33
77
-50
-137
13
35
-30
45
172
220
159
174
218
-3
-86
84
-43
127
282
-38
167
140
-277
-75
47
-246
-95
190
-45
-31
41
-160
-135
-99
-4
116
29
57
257
72
-84
126
-26
-161
139
124
-121
155
95
-239
19
8
-256
-134
28
-156
-120
14
-129
-35
-64
-64
-48
-107
86
90
118
148
10
45
40
-72
101
181
7
137
83
-100
48
-67
-158
91
9
-98
103
-16
-181
6
27
-98
-38
12
-25
-9
48
127
74
-25
12
44
0
-3
117
85
15
53
25
-111
-62
100
-183
-79
91
-144
62
128
-131
-160
78
-156
-161
309
11
-46
150
41
67
50
-12
45
-7
24
295
88
-7
63
-124
-120
63
105
-83
13
-131
-179
64
-77
-39
-40
-123
-294
-170
194
24
187
229
-129
-134
-155
-42
140
203
171
136
87
-75
12
-79
6
88
-224
63
65
-242
3
13
-199
-92
-44
-148
-74
-95
-15
163
55
42
8
-219
-179
4
59
186
158
86
129
-205
-181
72
-122
97
184
40
32
-105
-74
-49
2
-71
-27
-44
-25
233
55
196
69
-198
48
-67
31
187
172
216
72
-23
-44
-100
-140
15
196
103
33
66
-35
-116
-119
-72
-6
-99
-94
-56
-112
39
75
41
-64
-174
14
-96
76
246
4
133
-27
-170
80
80
-69
161
205
-81
126
46
-106
12
-83
-1
-9
-119
23
39
-190
-15
101
-213
12
130
-169
70
200
-59
65
165
-75
22
138
-11
80
62
12
71
4
54
31
17
32
-87
-87
-124
-163
4
94
11
-15
-117
-203
-89
-123
-85
199
145
6
139
-2
-240
-73
38
-35
55
131
76
27
-21
-93
-71
2
3
63
160
36
-160
53
32
-294
-35
43
-129
51
173
71
-60
38
21
-143
-12
103
22
141
217
-9
25
-16
-246
-17
119
-45
53
86
-53
-18
14
-43
-150
-80
30
-54
78
135
-45
-136
-135
-32
75
135
2
61
346
37
-132
185
-63
-201
90
41
40
27
-31
100
-5
-144
-147
-48
38
34
263
90
-231
-40
-14
-32
18
40
89
120
118
26
95
-24
-90
86
-18
-50
21
103
89
1
18
-125
-133
-100
-91
183
52
-116
109
-104
-291
-10
-8
-145
20
67
-84
-52
7
-71
-23
67
-11
8
41
-104
7
234
76
-70
-14
-117
-145
60
154
164
94
-48
-11
-70
-233
-60
128
31
29
91
-59
-161
-51
25
-35
59
72
-7
113
9
-58
59
-12
-203
11
88
-236
113
135
-71
8
-102
18
-188
-136
213
90
-39
2
50
-71
-78
134
232
5
51
191
17
-13
-83
-4
76
-30
120
285
-38
-124
64
-219
-134
-9
-34
97
20
44
20
-48
-245
-197
11
12
270
222
91
34
-291
-204
60
12
159
348
-8
-73
123
-232
-84
172
-193
59
300
-17
56
36
-311
-191
-20
-125
66
149
0
53
11
-89
-49
-80
-126
21
226
154
36
158
-120
-331
58
72
45
178
57
75
-92
-136
79
-93
-95
92
58
-37
-128
-167
-69
0
-83
105
97
-191
-23
95
15
-37
37
42
-210
-25
124
29
80
-62
-4
-11
-132
35
36
77
-11
-68
146
-112
-188
74
-89
-74
235
97
-120
-54
-101
53
77
26
199
-126
-172
24
18
177
102
28
86
70
-46
-14
78
-82
-37
96
49
-14
8
28
-104
-93
-23
-10
54
61
101
67
23
-50
-143
-54
-41
21
97
113
121
-90
-106
-26
-171
-33
172
-7
-51
75
-19
-137
-93
39
-6
-115
49
157
-19
-80
4
-26
-98
-66
67
32
-28
49
66
28
-27
64
53
-38
78
26
39
109
-46
-32
17
-78
-82
56
67
-43
79
60
-135
-53
-22
-74
11
23
89
75
-222
-19
160
-235
-37
167
-188
-62
177
-46
-35
129
-86
-115
98
-20
-110
120
16
-63
210
-83
-201
158
-51
-88
227
45
-35
79
-112
-86
23
-1
55
80
2
-82
52
33
-37
21
-17
-18
-71
85
114
-108
65
14
-180
97
100
-103
117
115
-54
79
-31
39
57
-202
145
21
-217
159
45
-102
-8
26
-122
-151
77
-40
-2
78
-130
1
-27
-207
77
84
-123
46
11
-162
44
85
-105
116
155
-131
69
130
-138
53
193
-55
-4
120
-2
7
-17
23
112
-63
16
96
-157
-80
72
-52
-110
-8
91
-52
-43
147
-23
-103
7
-52
-46
-8
-11
18
53
-24
-139
-16
34
-7
98
110
-3
-70
18
-12
-41
77
-10
46
27
-61
114
-100
-116
128
-27
-14
91
55
-66
-47
22
-22
-7
-138
-19
63
-66
88
116
-76
-117
69
9
-22
144
-8
-7
92
-11
-53
-50
-18
-63
-76
89
63
-64
33
3
-92
60
71
-75
-60
18
86
31
-19
39
-76
-118
27
31
60
46
-77
75
40
-213
14
174
-102
-54
135
-72
-46
15
-54
42
-74
35
120
6
63
10
104
53
-74
69
-15
-62
-15
-62
-7
57
49
-20
-28
-7
-24
67
16
-152
-18
98
16
94
37
-121
-84
-15
54
-6
17
41
-103
-39
108
88
-98
-50
87
-75
0
112
-25
-42
-35
-15
42
60
10
-59
30
-8
-51
51
-42
-21
14
16
136
-16
-49
24
-82
-13
14
-30
35
41
14
-42
-32
22
-77
3
146
-37
-44
21
-123
-36
49
24
0
-68
64
-4
-60
118
-47
-62
16
-34
84
-45
35
190
-98
-67
52
-47
-68
19
80
-115
1
78
-76
89
-1
-102
50
77
-151
-90
150
-92
-38
171
112
-125
-136
153
-81
-121
98
52
-86
-122
176
63
-136
69
14
-35
45
49
-5
-38
-79
-91
88
-36
-87
114
3
33
57
-48
-46
-127
-20
125
64
109
43
-67
-40
-142
-60
34
-74
131
201
-17
-47
-72
-145
-61
129
23
30
128
-97
-19
2
-46
-24
51
170
-90
58
116
-121
16
-11
-12
89
-9
-43
146
-9
-145
110
-71
-128
206
26
-97
88
-120
-50
101
-82
101
61
-135
-40
52
46
-61
79
106
-92
-51
-21
-56
-41
13
145
-27
-88
49
-46
28
-4
6
4
-188
24
78
-54
56
-12
-15
24
-61
38
63
-44
-17
43
54
-4
-21
109
29
-105
26
36
-82
-13
108
48
-33
-10
-46
-67
-22
44
77
-68
-30
41
-122
12
47
-98
75
30
-40
105
2
-109
-34
68
-20
-4
72
-83
-61
10
-17
3
-40
-63
-34
15
43
-24
49
24
-52
22
-83
16
75
-65
81
57
-87
31
-32
-95
92
96
-6
73
60
-147
15
38
-123
90
70
17
39
-42
58
-35
-27
128
-79
-32
90
-4
26
78
-2
-83
-20
12
81
78
-78
-47
-11
-49
40
70
66
33
-34
-35
-97
-33
14
-56
57
-11
-34
92
-65
-59
36
48
26
-83
65
37
-94
41
54
-31
-63
76
10
-145
74
15
-141
-3
-24
-83
-1
37
-22
-10
-18
-118
30
61
-37
141
34
-73
19
-64
63
55
-86
35
17
-17
33
17
-10
-51
36
80
-34
12
31
-113
10
80
-130
-1
59
-103
62
99
-66
-2
42
-71
20
118
18
16
26
-38
-24
20
-53
-11
37
-2
57
-45
-31
22
-71
42
34
-40
-21
-71
38
46
-133
17
97
-91
36
94
30
77
-73
61
99
-166
27
91
-77
-14
109
11
-163
10
63
-27
32
4
-36
-90
-37
38
-40
4
28
-6
12
-48
-27
34
51
32
16
95
33
-1
44
66
-31
-131
102
-16
-95
114
-30
5
-32
-127
73
-24
-145
83
57
-115
-7
-47
-91
-28
0
143
52
-43
-11
-22
106
-21
-45
164
-53
-82
136
0
-128
-18
71
-6
-51
36
52
-36
-73
33
16
-119
6
9
-13
136
-59
-16
75
-171
57
166
-36
-37
32
76
-145
0
179
-97
-48
3
36
-19
-118
75
34
-120
-51
154
25
-141
89
68
-57
-10
71
130
-65
-114
138
34
-177
30
136
-69
-51
148
22
-158
-43
40
-17
-60
14
84
-60
-106
28
21
-15
-17
73
121
-85
-3
67
-69
-32
-24
109
35
-67
123
50
-75
-9
79
-28
-27
104
33
-21
-49
21
28
-60
2
-2
-33
-25
29
41
-46
17
-21
-39
89
-84
-73
103
-22
42
79
-59
-47
-86
10
38
-27
36
-143
-88
12
-56
-29
-58
11
-145
-32
152
-26
18
-67
75
40
-183
155
-16
-94
137
-11
64
36
-51
-37
6
47
-44
39
33
-31
46
111
-14
-107
36
-46
-49
104
31
5
45
-14
3
39
-62
20
93
-46
39
108
-55
-34
32
-1
51
40
-17
55
19
-87
6
45
-89
12
111
-103
23
60
-116
43
-16
-74
42
18
25
55
89
-30
-92
70
16
-63
36
68
-62
-30
72
6
-55
-42
75
-18
-74
42
20
-44
-63
34
48
-21
-57
5
32
-45
55
4
-50
62
-43
-3
49
-32
3
21
14
-42
-35
-50
-53
16
4
54
52
-60
0
6
-85
59
25
-93
43
15
-65
31
-7
-15
21
-34
-3
-4
-14
5
8
-10
-38
21
41
2
48
29
-9
-55
27
26
-68
41
-17
28
31
-71
101
58
-92
-27
62
12
-57
74
24
-74
55
30
6
-15
-21
6
11
45
-41
17
33
-103
29
121
-25
-57
54
42
-57
4
38
-100
-76
60
31
-10
33
27
4
29
8
-13
-7
-30
0
0
0
0
0
0
0
0
0
0
0
0
0
0
0
0
0
0
0
0
0
0
0
0
0
0
0
0
0
0
0
0
0
0
0
0
0
0
0
0
0
0
0
0
0
0
0
0
0
0
0
0
0
0
0
0
0
0
0
0
0
0
0
0
0
0
0
0
0
0
0
0
0
0
0
0
0
0
0
0
0
0
0
0
0
0
0
0
0
0
0
0
0
0
0
0
0
0
0
0
0
0
0
0
0
0
0
0
0
0
0
0
0
0
0
0
0
0
0
0
0
0
0
0
0
0
0
0
0
0
0
0
0
0
0
0
0
0
0
0
0
0
0
0
0
0
0
0
0
0
0
0
0
0
0
0
0
0
0
0
0
0
0
0
0
0
0
0
0
0
0
0
0
0
0
0
0
0
0
0
0
0
0
0
0
0
0
0
0
0
0
0
0
0
0
0
0
0
0
0
0
0
0
0
0
0
0
0
0
0
0
0
0
0
0
0
0
0
0
0
0
0
0
0
0
0
0
0
0
0
0
0
0
0
0
0
0
0
0
0
0
0
0
0
0
0
0
0
0
0
0
0
0
0
0
0
0
0
0
0
0
0
0
0
0
0
0
0
0
0
0
0
0
0
0
0
0
0
0
0
0
0
0
0
0
0
0
0
0
0
0
0
0
0
0
0
0
0
0
0
0
0
0
0
0
0
0
0
0
0
0
0
0
0
0
0
0
0
0
0
0
0
0
0
0
0
0
0
0
0
0
0
0
0
0
0
0
0
0
0
0
0
0
0
0
0
0
0
0
0
0
0
0
0
0
0
0
0
0
0
0
0
0
0
0
0
0
0
0
0
0
0
0
0
0
0
0
0
0
0
0
0
0
0
0
0
0
0
0
0
0
0
0
0
0
0
0
0
0
0
