0
0
0
0
0
0
0
0
0
0
0
0
0
0
0
0
0
0
0
0
0
0
0
0
0
0
0
0
0
0
0
0
0
0
0
0
0
0
0
0
0
0
0
0
0
0
0
0
0
0
0
0
0
0
0
0
0
0
0
0
0
0
0
0
0
0
0
0
0
0
0
0
0
0
0
0
0
0
0
0
0
0
0
0
0
0
0
0
0
0
0
0
0
0
0
0
0
0
0
0
0
0
0
0
0
0
0
0
0
0
0
0
0
0
0
0
0
0
0
0
0
0
0
0
0
0
0
0
0
0
0
0
0
0
0
0
0
0
0
0
0
0
0
0
0
0
0
0
0
0
0
0
0
0
0
0
0
0
0
0
0
0
0
0
0
0
0
0
0
0
0
0
0
0
0
0
0
0
0
0
0
0
0
0
0
0
0
0
0
0
0
0
0
0
0
0
0
0
0
0
0
0
0
0
0
0
0
0
0
0
0
0
0
0
0
0
0
0
0
0
0
0
0
0
0
0
0
0
0
0
0
0
0
0
0
0
0
0
0
0
0
0
0
0
0
0
0
0
0
0
0
0
0
0
0
0
0
0
0
0
0
0
0
0
0
0
0
0
0
0
0
0
0
0
0
0
0
0
0
0
0
0
0
0
0
0
0
0
0
0
0
0
0
0
0
0
0
0
0
0
0
0
0
0
0
0
0
0
0
0
0
0
0
0
0
0
0
0
0
0
0
0
0
0
0
0
0
0
0
0
0
0
0
0
0
0
0
0
0
0
0
0
0
0
0
0
0
0
0
0
0
0
0
0
0
0
0
0
0
0
0
0
0
0
0
0
0
0
0
0
0
0
0
0
0
0
0
0
0
0
0
0
0
0
0
0
0
0
0
0
0
0
0
0
0
0
163
133
113
107
72
61
39
8
-13
-47
-56
-68
-105
-116
-138
-169
-184
-209
-210
-190
-194
-210
-225
-225
-218
-207
-183
-192
-209
-191
-187
-169
-120
-113
-87
-74
-76
-21
14
52
107
168
226
239
255
284
331
388
451
484
416
359
357
343
308
254
176
91
33
-28
-104
-179
-247
-292
-331
-351
-383
-419
-399
-371
-323
-248
-216
-189
-113
2
100
153
194
241
272
300
359
407
408
361
292
252
243
191
120
44
-35
-91
-169
-236
-285
-314
-346
-371
-361
-400
-387
-331
-300
-237
-187
-146
-104
-61
5
74
127
150
138
136
163
180
180
180
154
98
70
56
18
-5
-25
-56
-68
-76
-87
-91
-87
-83
-63
-40
-28
-26
-10
33
63
104
142
143
150
168
203
234
227
214
186
163
153
148
134
78
35
25
12
-22
-71
-73
-84
-108
-94
-114
-137
-145
-139
-104
-90
-91
-93
-98
-82
-58
-38
-19
9
10
-5
1
4
32
54
32
10
21
15
-20
-15
-20
-39
-35
-46
-63
-76
-65
-56
-75
-79
-83
-102
-103
-79
-50
-34
-44
-36
-20
-24
-3
35
63
73
52
38
56
88
108
98
82
86
95
107
107
97
68
38
27
39
58
45
23
-4
7
24
1
-15
-9
2
-18
-27
-14
-25
-29
-28
-40
-32
-29
-33
-39
-16
25
9
-3
-18
-31
-23
-18
21
13
-14
-41
-66
-28
-9
-25
-27
-16
-20
-34
-23
-2
-10
-7
-9
-18
-19
-33
-14
-8
12
19
-5
-2
-4
17
38
41
37
9
-18
-28
-23
-12
-2
-10
-26
-29
-24
-14
8
11
-5
3
3
18
36
30
51
64
74
60
17
23
25
39
53
35
7
-14
-7
19
35
13
-4
-31
-37
-11
9
12
-16
-41
-45
-37
-32
-3
33
38
16
-13
-24
-29
6
32
35
31
-13
-41
-33
7
16
-2
-11
-63
-72
-19
22
31
25
11
-9
-2
44
74
67
68
48
15
26
21
3
45
81
35
6
-11
-37
-4
22
9
-20
-39
-38
-53
-6
24
-23
-12
-41
-96
-66
-53
-57
-62
-101
-196
-230
-176
-181
-187
-195
-266
-303
-252
-190
-205
-200
-183
-211
-170
-89
-41
25
170
287
285
232
226
331
558
769
708
471
357
437
559
572
454
213
40
58
62
-41
-153
-262
-385
-402
-333
-372
-498
-518
-454
-378
-304
-321
-332
-230
-47
91
133
168
163
128
217
406
507
479
331
197
257
346
336
232
121
23
-87
-112
-124
-174
-250
-325
-331
-356
-400
-410
-377
-284
-220
-210
-244
-221
-114
-54
61
213
203
115
41
94
262
324
269
131
40
96
165
208
148
-7
-102
-82
37
51
-82
-168
-178
-89
-38
-123
-209
-225
-111
8
3
-37
-95
-86
16
122
187
164
102
68
103
186
213
140
58
50
72
62
24
-27
-67
-81
-56
-51
-109
-171
-184
-141
-49
11
-85
-201
-221
-143
-31
27
64
-18
-94
-25
47
100
141
148
92
132
192
146
170
191
178
181
176
127
19
9
52
67
55
-35
-131
-157
-80
-26
-43
-66
-168
-181
-65
-28
-48
-69
-95
-94
-59
-36
-21
32
81
58
15
33
75
103
120
103
62
32
55
107
102
22
-54
-54
-22
-29
-63
-84
-102
-106
-94
-101
-114
-134
-119
-95
-88
-63
-102
-126
-90
-48
-23
-95
-132
-96
-68
-25
-9
-34
-68
-24
38
37
91
108
76
86
122
170
145
145
184
143
90
63
43
67
109
82
33
31
36
35
96
126
67
44
35
46
60
38
16
-7
13
3
1
44
27
93
154
47
-31
26
99
141
232
154
-72
-24
120
125
131
91
-72
-132
67
160
56
67
17
-139
-114
-76
-144
-181
-174
-270
-378
-329
-455
-527
-338
-434
-604
-571
-638
-746
-587
-436
-642
-694
-532
-606
-566
-303
-340
-474
-357
-262
-219
-21
233
365
561
865
895
809
1060
1374
1576
1863
1841
1439
1226
1365
1453
1302
1084
627
217
157
43
-223
-511
-725
-935
-1052
-971
-1007
-1200
-1262
-1157
-1059
-949
-801
-737
-635
-320
-13
98
203
304
316
456
791
903
819
740
474
328
466
525
291
43
-52
-350
-553
-501
-604
-741
-773
-769
-881
-961
-823
-732
-569
-359
-317
-324
-235
7
184
365
573
493
344
454
670
832
1022
1057
692
293
308
414
487
575
256
-265
-553
-462
-280
-319
-386
-576
-757
-627
-465
-494
-448
-300
-194
4
138
103
160
383
599
856
869
570
496
560
820
1085
992
622
221
284
355
407
590
157
-451
-634
-616
-694
-839
-892
-1270
-1464
-1244
-1537
-1698
-1458
-1582
-1588
-1283
-1246
-1527
-1370
-833
-764
-444
72
-252
-373
402
1126
1470
1998
2201
1596
1699
2519
2918
3185
3232
2626
1791
1801
2135
1780
1514
1049
21
-405
-350
-700
-1234
-1307
-1488
-2080
-1966
-1758
-2200
-2152
-1626
-1348
-1318
-1117
-923
-986
-336
576
693
741
851
610
748
1510
1809
1440
1116
750
384
528
747
325
-258
-542
-882
-1203
-1289
-1335
-1582
-1682
-1464
-1570
-1688
-1550
-1463
-1043
-568
-309
-257
-295
93
486
896
1330
1376
1254
1180
1687
2009
1702
1613
1196
710
861
980
530
-13
-72
-393
-847
-598
-784
-1506
-1362
-821
-880
-956
-663
-1055
-1388
-421
199
68
294
399
25
161
886
826
653
1040
662
298
740
637
-16
50
238
-436
-554
-379
-1165
-1320
-761
-1076
-1570
-1294
-1414
-1888
-1217
-666
-1207
-1183
-831
-1298
-1194
-177
104
231
1153
1324
512
732
1803
2413
3207
3825
2879
1908
2561
3249
3130
3117
2619
1281
800
1171
689
-80
-319
-995
-1874
-1577
-1350
-2416
-2818
-2466
-2664
-2588
-1985
-2058
-2555
-1832
-864
-848
-391
133
-205
-16
1233
1842
1546
1727
1590
1125
1683
2125
1552
975
889
550
287
669
559
-123
-234
-127
-308
-343
-420
-481
-471
-480
-539
-845
-921
-1067
-914
-394
-467
-535
-815
-1154
-859
-444
-234
-445
-597
-966
-1261
-842
-816
-866
-956
-1272
-1658
-1746
-1306
-1697
-1748
-1224
-1423
-1660
-1510
-1418
-1741
-1126
-266
-560
-572
-240
-515
-273
1311
2297
2393
3127
3390
2691
3251
4851
5295
5318
5470
4360
3223
3836
4348
3499
2789
2013
386
-411
-215
-1025
-2132
-2158
-2546
-3598
-3708
-3558
-4217
-4218
-3299
-3169
-3295
-2582
-2290
-2249
-775
694
589
744
1605
1596
1763
3094
3594
2873
2679
2625
1994
2071
2649
2022
934
599
-60
-1130
-1238
-1192
-2034
-2468
-2357
-3050
-3709
-3189
-2680
-2673
-2141
-1521
-1716
-1662
-713
-20
507
1679
2245
1620
1476
2095
2400
2660
3066
2630
1520
1084
1105
711
488
344
-728
-1719
-1543
-1482
-1991
-1919
-1740
-2305
-2383
-1594
-1396
-1482
-838
-466
-566
-17
349
-216
-178
551
476
171
342
-129
-893
-582
-158
-635
-944
-999
-1693
-2140
-1701
-1492
-1414
-552
302
619
1135
1515
1446
2159
3682
4600
4840
4695
3847
3357
4218
4987
4531
3578
2351
971
512
660
-16
-1121
-1808
-2671
-3375
-3018
-2828
-3621
-3957
-3527
-3299
-2936
-2263
-2093
-1948
-948
-15
227
686
1200
1162
1518
2555
2890
2366
1941
1518
1218
1538
1662
765
-157
-467
-895
-1223
-961
-1089
-2159
-2409
-1900
-1983
-1745
-1312
-1241
-1062
-229
521
519
968
1427
1560
2012
2452
2453
1783
1370
1509
1426
1432
1227
66
-699
-679
-1371
-1871
-1646
-2324
-3119
-2981
-2931
-2896
-2400
-2192
-2042
-1514
-1187
-891
-718
-439
-143
-200
12
164
323
404
553
671
576
850
492
64
-109
-483
-719
-897
-886
-1038
-505
537
1028
1659
2193
2073
2311
3506
4489
5066
5371
4713
3885
3980
4427
4046
3031
2095
884
-162
-193
-861
-2709
-3451
-3536
-4323
-4268
-3694
-4619
-5516
-4656
-3774
-3456
-2435
-1794
-2030
-949
912
1223
1393
2700
2965
2419
3418
4414
3483
2769
2768
1942
1582
1832
792
-658
-787
-1202
-2478
-2664
-2552
-3176
-3562
-2863
-2581
-3237
-2548
-1733
-1675
-715
276
324
670
1901
2771
3057
3588
3775
3088
2953
3315
3125
2624
1682
566
-360
-754
-1172
-2041
-2461
-3071
-3800
-4059
-3968
-3589
-3666
-3481
-2930
-2696
-2284
-1841
-1292
-962
-733
-180
23
296
659
719
796
993
1045
667
580
769
448
108
79
-391
-992
-349
903
1441
1767
2265
2092
1761
3003
4634
5221
5267
4441
3188
3120
4534
4801
3141
2011
891
-380
-404
-241
-1291
-2896
-3540
-4175
-4686
-3897
-4072
-5156
-4911
-3847
-3512
-3332
-2401
-2230
-1796
299
1476
1063
1475
2487
2476
2868
4160
4057
2783
2629
2448
1649
1867
1707
186
-803
-402
-1048
-2263
-1986
-2310
-3066
-2810
-2153
-2498
-3019
-1790
-1101
-925
382
962
1126
2164
3035
3013
3052
3705
3557
2590
2256
2089
1362
488
182
-369
-1648
-2412
-3095
-3613
-3627
-3998
-4506
-4929
-4734
-4149
-3632
-2775
-2313
-1972
-1380
-876
-364
-132
188
256
409
1195
1236
929
1211
1453
1294
1594
2159
1381
326
384
304
-116
297
817
764
1366
2242
2046
1771
2529
3426
4143
5241
5318
3630
2775
4028
4634
3357
2427
1613
28
-491
24
-864
-2740
-3280
-3911
-4856
-4024
-3403
-4690
-5750
-4581
-3434
-3647
-2456
-1531
-2262
-1236
969
1441
1224
2303
2530
1770
3191
4610
3526
2315
2352
2030
1664
2210
1325
-604
-659
-603
-1959
-2064
-1506
-2395
-3319
-2871
-2287
-2911
-2759
-1697
-1078
-86
646
478
587
1593
2112
2428
3589
3664
2130
1209
1356
1539
1568
960
-66
-1172
-1832
-2016
-2433
-2237
-2572
-3407
-3608
-3550
-2930
-2871
-2715
-2303
-2282
-1581
-1475
-1524
-1010
-608
-309
-369
396
547
-181
484
1097
923
789
1189
1063
57
243
802
263
-34
775
1300
1315
2250
3311
2918
2273
3029
4325
5347
5846
4864
3313
3405
4323
3816
2577
1803
534
-1003
-1057
-578
-1775
-3523
-4017
-4272
-4601
-3882
-3694
-5276
-5730
-4092
-3319
-3305
-2186
-1729
-2076
-439
1484
1292
1462
2453
2089
2024
3774
4555
3219
2395
2593
2199
2065
2370
1080
-352
-155
-566
-1661
-1455
-1330
-2444
-2671
-1787
-1870
-2427
-2109
-1695
-1021
536
1086
800
1171
1370
1405
2288
3689
3165
1397
1078
1016
602
686
550
-642
-1719
-1923
-2242
-2467
-2381
-3062
-4210
-4122
-3360
-3124
-2946
-2382
-2314
-2615
-1789
-975
-732
-645
-625
-315
-81
445
392
69
565
842
924
1218
1697
1169
154
741
1167
634
577
814
1351
2194
3080
3562
3221
2726
2864
4061
5554
5676
4265
2930
2965
3751
3705
2580
1234
-250
-1388
-1101
-526
-1673
-3661
-4594
-4673
-4217
-3134
-3052
-4667
-5359
-4057
-2998
-2447
-1410
-1235
-1613
-255
1502
1637
1753
2422
2060
1886
3558
4328
2552
1349
1596
1436
1457
1682
639
-578
-881
-1315
-1702
-1182
-1225
-2586
-2765
-1571
-1594
-2169
-1560
-756
-152
758
1208
965
677
1030
1685
2650
3489
2043
227
229
683
1002
735
-446
-1798
-2319
-2360
-2372
-2141
-2345
-3410
-4289
-3640
-2393
-2247
-2555
-2043
-1638
-1655
-1177
-700
-448
-449
-314
17
267
676
451
276
765
1050
1084
792
756
891
812
828
511
231
71
419
1703
2697
3117
2981
2431
2248
3136
4823
5780
5708
4588
2872
2891
4328
4164
2442
1186
243
-732
-838
-497
-1689
-3695
-3875
-3823
-4335
-3506
-3388
-5116
-5635
-3909
-3025
-3309
-2395
-1903
-1994
-515
909
697
942
2180
1868
1532
3461
4244
2241
1209
2267
2359
1981
1911
623
-147
-113
-763
-1265
-586
-569
-2190
-2229
-1173
-1522
-2154
-1378
-403
-368
414
788
108
347
988
1289
1969
2684
1669
-188
-217
816
810
224
-409
-1572
-2328
-2188
-2093
-2027
-2009
-2828
-3839
-3324
-2141
-2108
-2369
-2035
-1711
-1822
-1537
-952
-704
-608
-638
-145
148
263
400
114
525
1141
1334
1059
917
759
479
1086
1462
1058
287
623
1888
2636
3613
3967
3130
2495
3460
5058
5716
5951
4745
2773
2951
4360
4029
2102
1153
378
-969
-752
-568
-2415
-4105
-4042
-3952
-4350
-3591
-3710
-5787
-5988
-3968
-3039
-2898
-2169
-2459
-2576
-505
1004
838
1322
2498
1847
1323
3543
4407
2659
1757
2090
1942
1545
1696
1062
-136
-298
-559
-1454
-1373
-1210
-1944
-2162
-1517
-1274
-1917
-1569
-602
-490
154
876
803
709
672
782
1481
2621
2235
167
-348
432
612
441
-253
-1077
-1993
-2234
-1660
-1653
-1705
-2617
-3692
-3408
-2635
-2012
-2487
-2476
-1911
-2176
-1757
-1044
-492
-571
-797
-11
179
390
678
446
563
804
1306
1172
1011
1318
757
759
1579
1176
168
1030
2567
2512
2834
3799
2851
1784
3140
4317
4556
5256
4241
2163
2116
3629
3576
1913
1370
-66
-1644
-574
-190
-1925
-3307
-3158
-3764
-4281
-2663
-2947
-4629
-4377
-3408
-3043
-2845
-1840
-1973
-1963
251
933
526
1370
1705
779
1095
3089
3558
2361
1351
750
751
1599
1847
619
-289
-668
-1508
-1428
-305
-560
-1800
-1915
-1553
-1512
-1061
-331
56
261
285
225
643
1191
1322
1602
2047
1795
1017
315
-10
239
459
-113
-962
-1387
-2137
-2905
-2250
-1190
-1797
-3081
-3387
-3133
-2601
-2254
-1959
-1936
-2224
-1887
-1502
-624
-221
-474
-22
-231
-237
252
449
553
477
952
724
515
1050
512
335
965
1334
648
91
1231
1825
2587
4092
3808
2402
2194
3453
4812
5931
5792
3433
1799
3149
4488
3575
2386
1312
-401
-963
-180
-648
-2135
-2804
-3587
-4452
-3618
-2691
-3973
-5202
-4298
-3291
-3109
-2485
-2173
-2571
-1632
165
532
660
1634
1533
831
1822
3276
3059
2028
1500
1466
1812
1969
1255
457
220
-379
-1065
-733
-589
-1698
-2333
-1737
-1748
-2127
-1521
-1009
-1095
-363
446
228
648
957
423
1013
2654
2834
1137
725
652
132
856
803
-199
-1101
-1403
-1613
-1927
-935
-1449
-3318
-3199
-2578
-2341
-2364
-2216
-1931
-2559
-2210
-1337
-1222
-830
-984
-847
-86
183
355
80
129
398
458
1072
955
793
659
149
849
1245
759
271
805
1991
2183
2881
3340
2485
2090
2756
3933
4892
5216
3962
2193
2569
3977
3629
2337
1613
476
-411
136
53
-1544
-2462
-2727
-3579
-3412
-2187
-2766
-4506
-4347
-3028
-2522
-2166
-1800
-2190
-2024
-632
183
606
1680
1466
-13
579
2681
3042
2124
1667
1270
973
1375
1443
728
286
-215
-1105
-998
-359
-956
-1896
-1686
-1241
-1714
-2068
-1381
-648
-180
373
298
-154
71
641
1302
2334
2785
1392
-363
114
1490
1368
709
300
-732
-1615
-1486
-1008
-757
-1229
-2386
-3540
-2960
-1599
-2240
-2633
-1982
-2016
-2066
-1829
-959
-700
-722
-256
-629
189
608
-455
-154
783
1180
267
177
803
204
497
1127
1056
270
-394
-145
418
1579
1808
1797
2532
2264
1743
1781
2919
4162
4614
4765
3263
2115
2830
3290
3083
2584
1678
424
-76
26
-515
-1042
-1188
-2115
-3150
-2694
-2221
-2984
-3348
-2960
-3140
-3160
-2183
-1857
-2171
-1383
-452
-306
375
882
-275
-812
925
2403
2066
1193
622
296
821
1742
1556
598
61
-466
-1022
67
611
-955
-1756
-1207
-746
-1362
-1182
-382
-477
56
143
-279
26
508
665
934
2141
2169
1
-1037
434
1460
959
549
-320
-1558
-1408
-587
-552
-903
-1410
-2511
-2880
-1851
-1323
-2006
-2194
-1670
-1931
-1725
-1226
-1190
-785
-589
-539
-502
468
230
-1189
-240
950
931
389
620
495
-151
895
1379
942
344
-233
-78
796
1853
1809
1630
2040
1935
1408
1842
3008
3753
4317
4166
2868
1937
2282
2912
3077
2613
1375
144
-87
50
-542
-1010
-1033
-1981
-3053
-2711
-2083
-2362
-2997
-3356
-3292
-2782
-2026
-1555
-1510
-1290
-837
-463
114
562
206
-145
563
1638
1880
1393
834
563
815
1252
1222
724
130
-282
-233
78
-70
-838
-1154
-733
-921
-1422
-995
-361
-473
-481
-130
-180
-311
158
1027
1376
1722
1153
-681
-543
1107
1586
536
201
244
-1418
-1392
124
-17
-851
-1472
-1819
-2216
-1655
-1306
-2431
-2057
-1377
-2099
-2118
-1121
-849
-1802
-1142
242
40
84
-304
-846
119
1336
1115
58
527
727
205
933
1377
929
-138
-501
381
1049
1316
1052
1183
2071
1980
1215
1660
2792
3570
4182
3822
2388
1651
2255
2890
3014
2588
1062
-246
-68
280
63
-283
-1031
-2193
-2659
-1716
-1083
-2049
-2748
-2881
-3330
-2558
-1118
-1163
-1647
-1474
-1251
-933
-210
302
-162
-536
452
1443
1369
1100
743
391
817
1373
1091
591
345
-109
-283
129
-75
-1011
-1064
-316
-477
-1112
-976
-603
-695
-526
96
261
-97
-150
564
1075
1346
892
-272
-129
657
1245
858
89
-22
-880
-992
-7
397
-301
-1527
-1796
-1839
-1486
-959
-1670
-1941
-1876
-2220
-1682
-1063
-958
-1492
-1299
39
22
48
-176
-640
290
800
823
289
320
494
22
996
1698
825
-364
-306
445
733
1094
981
872
1333
1551
1289
1364
2123
3010
3477
3218
2381
1562
1901
2935
3205
2467
1083
58
499
1245
738
-51
-598
-1200
-1895
-1446
-646
-1671
-2441
-2699
-2797
-2095
-1483
-1300
-1913
-1752
-956
-846
-535
-192
-362
-504
221
976
1053
931
413
-19
727
1739
1402
674
541
281
-20
131
108
-299
-407
-528
-1172
-1537
-1091
-611
-518
-482
-590
-905
-841
-161
567
1023
1022
226
-571
32
1366
1576
805
101
-318
-396
99
683
418
-374
-1118
-1442
-1038
-692
-898
-1422
-1725
-1746
-1817
-1452
-1204
-1482
-1503
-998
-285
-302
-573
-528
-443
164
605
344
-18
51
347
312
741
1235
606
-277
-282
414
663
566
611
683
1101
1569
1577
1181
1445
2468
3165
3357
2737
1658
1375
2404
3210
2475
1329
434
183
748
1139
673
-342
-878
-1335
-1561
-684
-525
-1697
-2603
-2461
-1964
-1722
-1178
-1178
-1597
-1320
-1026
-736
-451
-250
-472
-576
600
1156
551
-39
-47
609
1056
1224
699
138
218
16
81
422
184
-603
-1030
-762
-794
-792
-416
-387
-698
-769
-514
-451
-104
473
642
720
577
78
-304
254
1313
1462
604
-312
-639
-339
352
619
52
-919
-1510
-1444
-977
-636
-831
-1434
-2005
-1693
-1290
-926
-830
-1190
-908
-798
-493
-413
-153
173
-356
-25
90
92
74
138
553
278
506
373
-106
-135
-56
166
174
208
34
285
1304
1812
1255
819
1403
2467
3449
3660
2593
1098
1206
2724
3449
2700
1404
297
100
917
1166
560
-479
-1140
-1470
-1276
-335
-963
-2118
-2650
-2252
-1457
-1255
-985
-1935
-2130
-1208
-797
-466
-438
-351
-758
-240
999
1020
597
175
27
519
1415
1246
173
64
487
263
101
441
82
-582
-454
-394
-867
-867
-508
-542
-475
-303
-550
-615
-67
301
353
736
844
138
-332
50
741
1270
922
-286
-978
-575
278
642
265
-617
-1522
-1644
-867
-444
-807
-1154
-1637
-1623
-1105
-605
-458
-837
-450
-465
-662
-160
-57
10
-204
-135
-82
-454
-93
426
412
-12
-138
103
45
-164
-25
110
-238
-418
-127
387
1056
1519
1348
865
881
1814
3333
4183
3284
1252
511
2119
3682
3203
1895
952
163
137
836
1044
450
-525
-1652
-1927
-982
-634
-1339
-2030
-2011
-2265
-2423
-1371
-1426
-1879
-1381
-951
-992
-1061
-77
155
-183
431
750
645
425
316
597
1150
1368
674
-92
66
488
436
347
66
-434
-700
-856
-891
-607
-182
-99
-415
-654
-745
-550
337
863
182
-321
83
492
627
560
146
42
632
697
-161
-521
-197
-188
-261
-198
-801
-1582
-1309
-598
-376
-463
-842
-1355
-1101
-262
81
-150
-488
-719
-714
-139
149
-166
-197
-521
-793
-513
-125
177
-126
-562
-774
-498
-32
-253
-243
-91
-524
-970
-470
737
901
896
1342
893
537
1186
2413
3584
3908
2689
901
1166
3187
4060
3160
2041
935
55
659
1652
1307
278
-726
-1624
-1650
-861
-687
-1559
-2172
-2010
-2047
-2191
-1837
-1630
-1619
-1134
-886
-1291
-1029
-79
12
-443
-171
353
403
344
406
614
951
751
33
96
912
808
-126
-198
335
54
-447
-165
-47
-536
-489
-77
-334
-679
-408
-98
92
184
-265
-528
312
1017
337
-304
117
418
240
217
231
-175
-411
-122
-271
-447
-214
-427
-704
-462
-116
-292
-590
-294
-222
-438
-308
-171
-318
-620
-359
-66
-348
-529
-653
-491
-489
-736
-507
-407
-524
-897
-890
-401
-609
-655
-526
-523
-539
-788
-274
143
162
385
745
1495
1542
1170
1323
2214
3095
2916
2440
1924
1783
2451
3312
3403
2235
787
272
938
1752
1565
229
-960
-1279
-1228
-701
-311
-875
-1976
-2406
-1823
-1241
-978
-1136
-1576
-1598
-1404
-1135
-537
5
-273
-1025
-801
81
428
317
105
32
73
304
498
347
268
226
220
269
219
-22
-321
-32
218
-47
-271
-401
-439
-484
-159
221
-187
-629
-509
15
507
474
-169
-804
-188
730
482
7
-109
-336
-523
63
574
-39
-383
-94
-50
-81
-53
-45
-179
-26
166
-306
-381
-81
-106
-105
-166
-310
-600
-523
-297
-551
-549
-533
-644
-733
-953
-1045
-950
-440
-294
-871
-1011
-609
-415
-662
-698
-365
-228
-6
433
764
1015
997
725
1022
2153
2944
2549
1714
1371
1705
2698
3419
2688
1208
530
1264
2318
2162
941
-348
-678
-163
354
516
-338
-1462
-1853
-1514
-868
-835
-1161
-1676
-1874
-1432
-1184
-1017
-882
-750
-860
-1078
-615
-182
-245
-352
-180
18
-25
119
246
300
401
317
270
250
275
128
51
536
485
-168
-443
-133
260
238
191
-211
-541
-184
67
296
570
473
-473
-785
504
1019
583
165
-368
-598
-21
905
591
-362
-595
-539
-164
297
253
-375
-974
-440
-75
-521
-528
-522
-489
-637
-730
-463
-650
-684
-668
-642
-675
-818
-466
-415
-677
-802
-557
-158
-203
-431
-675
-687
-584
-614
-494
-179
67
240
689
1085
958
568
775
1927
3031
3107
1793
517
1010
2620
3783
2985
974
-294
97
1860
2469
1124
-602
-1324
-660
194
745
268
-1258
-1993
-1537
-532
-167
-714
-1348
-1766
-1296
-623
-429
-189
-122
-367
-880
-559
555
725
280
-64
-121
-15
97
419
337
183
42
-235
111
212
-183
-503
-305
29
-663
-880
-290
-267
-692
-824
-507
-556
-435
-309
-331
256
430
-172
-634
151
1203
953
454
38
-287
214
1121
1342
339
-651
-682
-148
713
768
-323
-1096
-830
-231
-186
-295
-448
-813
-793
-520
-177
-74
-401
-559
-460
-228
-279
-354
-100
-239
-485
-544
-348
-143
-335
-385
-542
-665
-617
-549
-480
-817
-937
-810
-707
-569
-458
9
388
315
161
283
850
1770
2415
1977
1286
1475
2098
2429
2453
2328
1798
1391
1534
1529
1462
1466
1032
189
-226
224
492
77
-487
-1022
-1302
-1080
-749
-912
-1145
-1299
-1586
-1451
-788
-317
-856
-1326
-855
-233
-100
-536
-559
-303
-87
17
-146
-130
-260
-295
-107
215
346
-113
-389
-290
11
206
260
200
-239
-410
-128
338
551
255
37
36
348
553
363
373
597
674
240
-11
238
416
515
266
-138
-328
-225
-128
-324
-345
-511
-879
-824
-477
-268
-480
-685
-674
-586
-175
66
-56
-155
-165
-60
-51
7
7
-80
-45
-219
-284
-142
-80
-428
-818
-460
-199
-446
-835
-1010
-916
-889
-720
-708
-912
-989
-805
-258
293
348
-24
100
982
1751
1770
1399
1354
1731
2236
2490
2230
1760
1608
1807
1994
1778
1196
815
836
858
624
285
-113
-453
-446
-272
-456
-925
-1192
-1252
-1135
-1101
-1197
-1206
-1188
-1059
-1172
-1209
-862
-465
-252
-418
-510
-572
-508
-73
518
792
177
-457
-343
395
1110
1000
232
-483
-436
355
1069
927
23
-714
-526
270
635
210
-346
-460
-350
-280
-276
-142
-40
-215
-366
-392
-224
-125
-72
202
156
-259
-596
-325
338
459
147
-254
-359
25
459
678
348
-46
8
300
646
624
311
31
9
226
244
92
40
-9
-259
-534
-630
-570
-521
-467
-663
-1184
-1382
-1167
-693
-631
-1163
-1518
-1516
-1280
-1128
-1086
-1055
-960
-841
-702
-415
-75
174
262
725
1376
1762
1774
1578
1855
2338
2844
2980
2576
2183
2044
2397
2639
2287
1620
1192
1114
932
785
671
255
-330
-679
-844
-1038
-1133
-1217
-1524
-1888
-2041
-2023
-1840
-1587
-1679
-2029
-2026
-1554
-1087
-986
-1030
-925
-686
-392
-66
123
160
289
553
843
839
721
810
1136
1491
1306
1023
1006
1231
1358
1132
983
728
474
274
272
344
95
-225
-562
-636
-634
-713
-902
-1081
-982
-1093
-1155
-1056
-1118
-1171
-998
-733
-762
-763
-492
-250
-152
-105
-83
-9
352
669
589
424
459
631
804
1009
907
566
478
590
729
612
486
309
107
153
57
-1
-101
-301
-445
-461
-326
-520
-742
-816
-965
-1094
-1108
-1017
-1001
-1035
-1173
-1379
-1394
-1128
-793
-682
-706
-690
-497
-74
325
460
512
814
1261
1534
1489
1409
1711
2214
2391
2061
1779
1707
1731
1992
1966
1492
894
666
791
731
538
72
-395
-495
-420
-490
-808
-998
-1138
-1238
-1170
-1130
-1208
-1230
-1099
-1054
-1091
-981
-779
-654
-545
-445
-398
-328
-167
27
122
296
417
278
200
362
654
720
549
395
315
495
699
631
410
292
366
317
269
291
210
64
-132
-269
-373
-273
-134
-266
-564
-828
-831
-703
-497
-478
-760
-1034
-1081
-806
-480
-278
-452
-749
-653
-267
170
215
-37
-167
-23
401
665
633
445
325
529
789
940
867
591
458
468
619
690
545
364
152
98
84
21
58
32
-128
-384
-514
-519
-499
-383
-424
-572
-686
-761
-709
-554
-400
-538
-754
-756
-695
-566
-460
-402
-488
-637
-583
-397
-104
20
-37
-61
-28
212
502
763
832
739
867
1010
1195
1384
1440
1466
1362
1282
1221
1279
1375
1224
1032
865
675
446
421
487
317
-14
-343
-401
-335
-335
-497
-762
-860
-805
-650
-645
-798
-922
-958
-756
-535
-539
-679
-731
-540
-325
-235
-234
-287
-245
-110
9
35
-27
-27
33
102
170
117
-7
4
146
230
115
-52
-71
-13
51
57
-45
-132
-184
-141
-98
-165
-222
-285
-270
-231
-211
-228
-368
-423
-341
-208
-172
-254
-265
-192
-93
16
68
20
19
152
274
289
258
260
351
518
564
458
346
363
496
553
497
343
212
245
293
260
149
34
5
65
135
10
-219
-323
-214
-75
-156
-330
-422
-333
-223
-256
-319
-295
-220
-226
-192
-215
-256
-112
-46
-124
-170
-82
23
26
60
89
82
152
221
225
242
275
282
255
263
321
338
298
259
263
190
166
211
155
83
11
-26
-87
-101
-51
-92
-132
-164
-181
-194
-152
-112
-209
-284
-278
-209
-131
-119
-187
-251
-148
9
92
64
-45
-81
25
215
299
230
103
112
293
403
431
354
246
232
292
410
319
129
46
39
129
145
93
-70
-228
-164
-96
-83
-172
-323
-389
-375
-240
-224
-357
-466
-452
-354
-325
-296
-315
-354
-360
-309
-167
-140
-187
-189
-129
-13
87
112
57
47
97
194
269
193
96
74
154
253
219
101
-5
19
116
102
18
-55
-61
-97
-131
-78
-125
-187
-187
-165
-186
-162
-131
-227
-213
-121
-106
-138
-125
-86
-29
80
142
91
96
213
308
369
397
361
325
398
497
487
435
410
375
368
392
372
314
232
154
110
88
117
122
22
-88
-153
-163
-108
-102
-163
-246
-344
-338
-266
-234
-247
-309
-337
-321
-295
-226
-193
-203
-189
-143
-118
-139
-76
-52
-40
-1
30
58
58
72
18
52
153
126
30
16
69
52
27
24
-49
-83
-47
-44
-80
-115
-155
-198
-153
-98
-134
-201
-222
-168
-87
-88
-161
-156
-65
-6
-14
-58
-76
-18
92
163
137
91
129
200
260
311
280
220
253
289
273
292
295
254
217
236
260
201
166
158
157
166
99
17
1
22
24
21
4
-72
-130
-119
-78
-58
-94
-155
-188
-161
-120
-117
-131
-126
-128
-147
-154
-116
-71
-70
-105
-124
-97
-53
-12
-22
-65
-89
-65
14
31
-16
-65
-74
-31
11
41
1
-45
-27
-36
-29
3
-20
-78
-88
-56
-43
-51
-83
-110
-81
-44
-63
-91
-81
-50
-22
-38
-79
-56
8
31
10
-12
-6
24
61
85
71
46
53
57
72
116
148
121
78
104
150
173
162
120
123
142
137
130
138
96
52
100
111
70
55
43
22
29
58
59
36
8
-15
-5
42
71
27
-31
-33
-2
26
32
4
-28
-48
-40
4
41
26
-31
-50
-33
-13
30
48
10
-45
-49
-9
22
21
-22
-66
-66
-47
-61
-83
-78
-74
-101
-141
-155
-128
-111
-119
-120
-135
-162
-149
-123
-119
-122
-134
-137
-100
-81
-100
-85
-48
-34
-30
-9
3
5
17
33
48
52
63
66
77
99
97
97
89
99
105
85
96
92
72
77
74
44
29
56
43
-15
-30
-15
16
50
19
-53
-67
-24
13
44
32
-34
-64
-19
40
47
4
-22
3
32
45
57
45
18
21
56
78
58
18
14
52
89
81
39
19
22
39
46
39
9
0
14
-5
-2
0
-14
-19
-18
0
-17
-33
-20
-13
-11
-16
-14
-13
-16
-6
6
9
-3
-10
0
15
9
-10
-7
17
21
-7
-13
8
11
-11
-38
-44
-24
-24
-39
-35
-46
-83
-77
-42
-36
-54
-72
-87
-77
-47
-35
-40
-54
-56
-48
-41
-26
-19
-10
-25
-31
-14
-15
-5
-6
-9
-8
0
0
0
0
0
0
0
0
0
0
0
0
0
0
0
0
0
0
0
0
0
0
0
0
0
0
0
0
0
0
0
0
0
0
0
0
0
0
0
0
0
0
0
0
0
0
0
0
0
0
0
0
0
0
0
0
0
0
0
0
0
0
0
0
0
0
0
0
0
0
0
0
0
0
0
0
0
0
0
0
0
0
0
0
0
0
0
0
0
0
0
0
0
0
0
0
0
0
0
0
0
0
0
0
0
0
0
0
0
0
0
0
0
0
0
0
0
0
0
0
0
0
0
0
0
0
0
0
0
0
0
0
0
0
0
0
0
0
0
0
0
0
0
0
0
0
0
0
0
0
0
0
0
0
0
0
0
0
0
0
0
0
0
0
0
0
0
0
0
0
0
0
0
0
0
0
0
0
0
0
0
0
0
0
0
0
0
0
0
0
0
0
0
0
0
0
0
0
0
0
0
0
0
0
0
0
0
0
0
0
0
0
0
0
0
0
0
0
0
0
0
0
0
0
0
0
0
0
0
0
0
0
0
0
0
0
0
0
0
0
0
0
0
0
0
0
0
0
0
0
0
0
0
0
0
0
0
0
0
0
0
0
0
0
0
0
0
0
0
0
0
0
0
0
0
0
0
0
0
0
0
0
0
0
0
0
0
0
0
0
0
0
0
0
0
0
0
0
0
0
0
0
0
0
0
0
0
0
0
0
0
0
0
0
0
0
0
0
0
0
0
0
0
0
0
0
0
0
0
0
0
0
0
0
0
0
0
0
0
0
0
0
0
0
0
0
0
0
0
0
0
0
0
0
0
0
0
0
0
0
0
0
0
0
0
0
0
0
0
0
0
0
0
0
0
0
0
0
0
0
0
0
0
0
0
0
0
0
0
0
0
0
0
0
0
0
0
0
0
0
