0
0
0
0
0
0
0
0
0
0
0
0
0
0
0
0
0
0
0
0
0
0
0
0
0
0
0
0
0
0
0
0
0
0
0
0
0
0
0
0
0
0
0
0
0
0
0
0
0
0
0
0
0
0
0
0
0
0
0
0
0
0
0
0
0
0
0
0
0
0
0
0
0
0
0
0
0
0
0
0
0
0
0
0
0
0
0
0
0
0
0
0
0
0
0
0
0
0
0
0
0
0
0
0
0
0
0
0
0
0
0
0
0
0
0
0
0
0
0
0
0
0
0
0
0
0
0
0
0
0
0
0
0
0
0
0
0
0
0
0
0
0
0
0
0
0
0
0
0
0
0
0
0
0
0
0
0
0
0
0
0
0
0
0
0
0
0
0
0
0
0
0
0
0
0
0
0
0
0
0
0
0
0
0
0
0
0
0
0
0
0
0
0
0
0
0
0
0
0
0
0
0
0
0
0
0
0
0
0
0
0
0
0
0
0
0
0
0
0
0
0
0
0
0
0
0
0
0
0
0
0
0
0
0
0
0
0
0
0
0
0
0
0
0
0
0
0
0
0
0
0
0
0
0
0
0
0
0
0
0
0
0
0
0
0
0
0
0
0
0
0
0
0
0
0
0
0
0
0
0
0
0
0
0
0
0
0
0
0
0
0
0
0
0
0
0
0
0
0
0
0
0
0
0
0
0
0
0
0
0
0
0
0
0
0
0
0
0
0
0
0
0
0
0
0
0
0
0
0
0
0
0
0
0
0
0
0
0
0
0
0
0
0
0
0
0
0
0
0
0
0
0
0
0
0
0
0
0
0
0
0
0
0
0
0
0
0
0
0
0
0
0
0
0
0
0
0
0
0
0
0
0
0
0
0
0
0
0
0
0
0
0
0
0
0
0
-153
-46
-7
29
-55
-174
-204
-369
-352
-134
147
641
1090
1301
1312
965
489
140
-272
-382
-483
-601
-583
-744
-748
-709
-695
-512
-439
-388
-157
-193
-94
26
-136
-43
17
176
629
980
1260
1374
1159
839
459
149
-81
-279
-395
-627
-744
-835
-893
-788
-750
-608
-407
-150
171
452
659
540
348
166
-80
-24
9
82
158
81
135
111
159
237
217
106
117
-144
-213
-255
-551
-462
-390
-214
2
193
216
327
195
161
157
4
280
209
298
361
19
-132
-347
-531
-399
-331
-251
23
80
297
384
278
192
-33
-174
-260
-215
-292
-239
-221
-172
-10
186
384
519
509
410
244
2
-117
-220
-283
-418
-323
-158
1
315
309
296
199
-120
-189
-340
-383
-219
-280
-133
21
47
321
310
288
320
94
77
79
59
67
-64
-83
-325
-421
-205
-262
-56
134
44
108
55
22
98
28
-42
-17
-108
-35
85
44
128
30
-41
55
131
157
255
110
-227
-253
-407
-206
-165
-310
180
93
82
370
154
129
31
-168
-112
-130
34
253
63
145
81
-228
85
-86
-324
50
-218
-283
125
-274
11
138
-266
235
-60
26
114
-281
171
247
24
408
299
159
355
-116
-58
-270
-427
110
10
73
431
-171
-164
-48
-477
154
-163
-87
287
-313
219
102
-214
216
-284
-250
250
-59
352
227
-207
52
-60
-29
25
17
-27
13
24
-76
50
-152
211
235
-39
67
-372
-66
-189
-57
261
30
24
-82
-47
-6
108
58
188
2
-56
248
-67
-9
29
-424
-81
-261
-343
549
11
199
65
-389
237
-232
288
234
-181
266
-68
6
29
-242
20
-207
-21
206
-434
195
190
-1
579
-22
-106
-160
-241
90
14
18
88
-52
-329
-2
-76
-209
355
66
-98
289
-200
-99
-64
-234
-24
-168
-67
-18
40
133
264
162
163
43
-88
-79
-72
310
-47
471
386
-478
163
-528
-702
128
-564
255
215
-191
814
-508
85
427
-371
344
-385
-234
-164
-751
153
-15
-266
360
1
74
205
369
311
104
53
-282
-28
-269
270
551
55
250
-287
-519
-290
-169
532
369
11
466
-433
-255
189
-488
-29
-158
-19
447
156
431
104
-679
-125
-297
-590
464
-49
-122
298
-702
5
-76
-571
470
-172
59
758
355
845
561
-143
-292
-447
-556
189
531
538
444
-365
-8
-404
-578
195
-379
-193
360
-307
129
-213
-347
325
-266
407
573
-220
-8
99
138
-66
-53
18
-236
-133
46
336
-32
-1
373
205
119
557
-61
-671
-307
-280
-358
58
334
169
531
348
61
-346
-695
-567
-644
12
142
378
625
168
449
-216
-683
311
-49
-450
456
28
144
143
-109
-329
-878
-205
351
747
692
556
-321
-272
109
267
697
-411
-468
-1151
-1293
-84
-334
389
871
-48
354
21
-319
200
-200
321
191
-81
472
407
224
-268
-147
-331
-894
-313
261
660
859
877
398
-721
-1365
-655
-51
295
728
223
-418
-582
-79
72
-22
-71
175
-5
283
288
-386
-168
-220
-73
466
563
375
-3
-2
121
-639
448
299
-230
549
-86
-147
-447
-393
-12
-511
-215
387
-362
164
191
-275
166
-531
243
336
-65
797
73
-299
-287
-438
87
-272
211
476
-259
510
122
13
576
-168
213
-265
-404
376
-120
836
98
-788
133
-658
131
23
-197
367
-953
-323
557
-508
524
597
-514
-107
-628
6
241
109
885
252
-601
284
-130
-206
250
-481
-226
-599
-84
173
235
290
404
23
10
-139
-829
-41
-385
245
497
120
426
-46
-50
16
-240
-345
-59
-363
137
495
47
583
98
-6
-267
-554
-81
-240
37
133
44
-16
-139
60
501
-259
-94
721
-452
351
695
62
-121
121
71
-874
-193
-582
-444
61
234
166
279
-111
-37
63
-330
117
-544
123
-187
366
676
-152
801
-260
-623
529
-512
-526
115
-187
52
395
-25
-199
-251
-117
116
56
795
88
105
162
-555
-150
304
-141
330
-93
-163
-175
-771
750
358
-357
361
293
186
802
9
423
-343
-924
335
-419
-136
50
-590
398
509
-218
32
-626
-377
-62
415
748
-133
111
-707
-262
552
110
189
567
-329
-470
-171
-21
375
-334
522
9
-42
-427
-280
-78
-316
905
33
-103
117
-480
39
-12
-792
-130
-996
-204
479
252
1169
113
-347
233
53
-296
919
-48
402
-105
-621
719
-307
-201
217
662
-442
-141
197
126
-188
91
513
-755
17
-425
-544
-362
-604
476
600
118
656
-261
-936
116
-238
-96
526
-23
263
296
372
1052
566
191
-717
-1062
-768
-442
403
639
71
-16
-305
-867
-124
-605
-57
563
353
621
507
-78
280
-3
-172
468
-833
-128
-100
170
-4
189
412
-207
372
598
924
-591
-417
-581
-318
117
366
742
-521
-263
-525
-619
-152
-286
-840
188
318
330
793
-481
-367
-347
49
504
497
-154
-229
-110
108
877
328
221
25
-382
-214
206
-123
410
575
-112
-1
-458
81
450
115
283
427
-1111
-779
433
153
-13
-649
-576
-679
-296
872
646
139
-263
-436
332
14
273
429
-377
66
2
-13
-17
152
471
-627
54
450
-645
-78
599
451
568
337
-227
-288
-929
-490
-507
-858
489
-225
541
1170
43
213
-883
-635
61
-1085
483
1371
-156
969
-5
-27
95
-1314
-13
161
-239
536
734
599
595
-760
-319
-791
-692
221
-241
811
-131
-119
626
-343
-62
118
-437
-914
-441
270
660
304
1111
730
-588
120
10
-408
-473
41
-31
723
765
-10
326
-894
-840
209
-761
52
760
-260
877
1086
-253
-81
-741
-966
-478
-377
19
64
717
400
-178
-80
-265
-577
-58
332
812
703
-624
225
349
-437
5
-94
316
-372
-324
545
-625
-326
297
-102
431
649
-198
-212
-49
-541
-256
-39
341
440
-53
75
-193
1
-550
-56
416
-618
103
17
-113
407
86
-492
-515
-752
36
765
173
674
97
-900
-1155
-82
307
44
315
1
44
-564
-169
489
225
-26
-144
-379
-369
-357
-173
-28
319
828
389
720
471
-314
-1015
-824
24
-23
129
640
943
412
264
-1
-752
-796
-523
215
387
92
438
23
97
469
-550
-70
-466
-1079
-507
-370
329
788
760
64
42
-578
-641
251
49
18
-44
-107
-41
531
1191
437
-292
-386
-493
-347
-178
346
423
64
431
698
199
-238
-443
-549
-265
-68
427
953
367
-219
-10
-317
-779
-647
-460
110
312
259
844
64
-497
-173
-672
-191
-189
202
-240
-755
241
-85
78
196
158
-200
-765
-127
587
576
806
648
36
-347
-162
438
293
165
168
-42
-121
537
262
406
515
-285
-133
-380
-97
-291
-322
197
110
56
-78
-379
-497
-390
-804
-150
12
-29
370
235
183
-205
153
1
-421
47
-448
-599
105
275
554
724
679
252
-586
-828
-682
-416
461
1185
692
-99
-556
-563
60
47
-333
-400
-639
-111
709
708
486
-350
-605
288
-192
-489
158
-620
-755
305
637
879
498
-114
-191
-1092
-1209
156
379
157
641
457
-73
4
-4
-672
-769
-104
158
376
755
1110
888
338
100
-218
-631
-661
150
481
704
797
336
737
55
-581
44
-547
-822
257
615
681
999
101
-422
-603
-1028
-171
52
-307
-67
238
731
314
-256
-48
-928
-1366
-388
-72
135
104
194
533
-222
-281
119
-467
-797
-361
122
196
401
623
410
-88
-333
-215
-655
-743
-266
-218
-66
-18
273
24
-790
-173
-417
-1383
-848
-568
-647
-520
0
345
-423
-506
-116
-545
-653
-140
80
289
888
1176
1219
857
269
261
290
625
1371
1555
1518
1495
1254
1295
1421
1200
863
733
872
842
903
1150
881
707
796
496
394
314
-227
-483
-399
-209
-147
-366
-179
-198
-838
-792
-699
-1376
-1301
-775
-888
-729
-545
-774
-615
-603
-1272
-1427
-1426
-1962
-1644
-904
-459
-366
-849
-1255
-1387
-1551
-1856
-1444
-1607
-2173
-1467
-1448
-1484
-1297
-1776
-1960
-2316
-2318
-1940
-2027
-1827
-1586
-1506
-893
-667
-797
-550
-639
-464
132
643
1546
2173
2550
3480
4264
4514
4549
4595
4811
5066
5694
6537
6754
6555
6343
6151
5746
4990
4628
4403
3715
3574
3732
3139
2642
2335
1383
270
-717
-1747
-2347
-2392
-2357
-2501
-2862
-3432
-4003
-4346
-4436
-4371
-4419
-4500
-4276
-4096
-4056
-3687
-3239
-3026
-2973
-3012
-2777
-2453
-2431
-2031
-1198
-846
-848
-729
-888
-1390
-1733
-1753
-1750
-1953
-2040
-2038
-2271
-2726
-3250
-3852
-4339
-4389
-4455
-4248
-3669
-3420
-3443
-3363
-3054
-3123
-2693
-1697
-1361
-633
35
883
2599
3809
5486
6751
6751
7203
7490
8171
9761
11195
12328
12509
11669
10761
10022
9410
9245
8895
7845
6702
5683
4462
3182
2074
766
-806
-2511
-3933
-5164
-5943
-6192
-6468
-6282
-6773
-7438
-7438
-7892
-7498
-6447
-5628
-4596
-3902
-3334
-2521
-1852
-1131
-257
571
1413
1737
1859
2352
2656
3012
3255
3117
2805
1923
1251
918
398
9
-503
-998
-1628
-2559
-3180
-3569
-4115
-4345
-4416
-5012
-5230
-5238
-5449
-5242
-5081
-5014
-5111
-5198
-4785
-4486
-4264
-3890
-3428
-3040
-2970
-2502
-2052
-2043
-1470
-606
189
987
1695
2451
2847
3188
3808
4363
5174
6151
7267
8141
8353
8577
8661
9007
9363
9490
9924
9464
8751
8337
7610
6660
5520
4691
3756
2479
1284
123
-1240
-2386
-3185
-4015
-4945
-6122
-6822
-7349
-7662
-7117
-6865
-6741
-6462
-6370
-5859
-5009
-3873
-2368
-1069
-1
777
1474
2504
3381
4385
5267
5476
5715
5924
5953
5682
5221
5002
4469
3777
3052
1901
657
-463
-1234
-2151
-3390
-4534
-5870
-6881
-7414
-7953
-8397
-8924
-9354
-9396
-9505
-9490
-8990
-8483
-7991
-7532
-7120
-6551
-5976
-5267
-4399
-3532
-2803
-2137
-1380
-662
31
889
1832
2633
3399
4073
4816
5919
7208
8360
9270
9866
9961
10210
10533
10963
11709
11860
11503
10909
10243
9328
8468
7843
6661
5383
4034
2503
1040
-364
-1677
-2781
-3612
-4780
-5864
-6610
-7487
-7983
-7978
-8004
-8051
-7803
-7353
-6625
-5556
-4514
-3558
-2685
-1862
-870
424
1821
2987
4070
4996
5735
6325
6704
6812
6512
6432
6328
5993
5603
4718
3671
2401
1020
-243
-1632
-2924
-4032
-5010
-6006
-7083
-8034
-8792
-9634
-10192
-10357
-10650
-10732
-10617
-10381
-10091
-9966
-9423
-8874
-8321
-7285
-6499
-5834
-5130
-4414
-3343
-1936
-626
308
1023
1454
2254
3620
5248
6900
8218
9313
10055
10893
11739
12426
13176
13675
13925
14048
13934
13186
12596
12143
11035
9897
8579
6912
5310
3798
2279
750
-918
-2637
-4351
-6086
-7370
-8469
-9367
-9833
-10268
-10459
-10537
-10408
-9788
-9117
-8330
-7290
-6126
-5032
-3805
-2196
-653
910
2428
3715
4809
5551
6516
7628
8499
9243
9507
9477
9250
8750
8264
7457
6159
4723
3367
2115
948
-310
-1866
-3630
-5383
-6778
-7769
-8711
-9837
-10938
-11752
-12257
-12456
-12486
-12465
-12525
-12365
-11945
-11467
-10627
-9858
-9064
-8008
-7196
-6161
-4860
-3443
-1882
-664
374
1050
1642
3011
5001
7302
9514
11021
11694
12049
12477
13400
14763
16151
17168
17097
16262
15159
14075
13125
12363
11478
9805
7813
5748
3719
1798
159
-1311
-3203
-5191
-7120
-8777
-10223
-11229
-11642
-11968
-12309
-12662
-12475
-11830
-10886
-9645
-8514
-7532
-6459
-4799
-2914
-871
1386
3166
4649
5861
6663
7452
8639
10358
11996
13017
13002
11957
10690
9646
9112
8752
7770
6288
4535
2486
404
-1504
-3308
-4863
-6249
-7810
-9303
-10926
-12467
-13474
-14284
-14613
-14723
-14946
-15025
-14897
-14624
-14148
-13116
-11910
-10748
-9595
-8283
-6970
-5808
-4374
-3126
-1771
-201
1297
2787
3793
4702
5992
7697
9793
11769
12998
13536
13601
13807
14808
15976
17057
17532
16666
14965
13212
11990
11388
11133
10318
8346
5765
3090
843
-697
-1604
-2529
-4177
-6049
-7940
-9741
-10794
-11058
-10977
-11147
-11463
-11502
-11170
-10337
-9207
-8042
-7063
-6216
-4933
-3174
-1372
466
2234
3491
4263
4974
5962
7319
8984
10660
11455
10983
9930
8983
8550
8745
8919
8103
6394
4351
2314
643
-664
-1651
-2868
-4470
-5974
-7491
-9002
-10442
-11538
-12185
-12633
-12713
-12617
-12812
-13258
-13458
-13146
-12385
-11147
-9668
-8533
-7816
-7124
-6362
-5377
-3971
-2297
-666
586
1339
1819
2343
3236
4732
6644
8499
9914
10777
11216
11427
11794
12729
14036
15085
15365
14658
13232
11858
11148
11014
10852
10108
8664
6545
4019
1837
503
-301
-1106
-2188
-3953
-6223
-8220
-9511
-9934
-9933
-9847
-9829
-10254
-10694
-10748
-10198
-8923
-7460
-6026
-4981
-4305
-3406
-2257
-783
913
2737
4493
5793
6673
7167
7411
8085
9442
10642
11198
10747
9369
7995
7088
6968
6979
6126
4450
2183
-241
-2055
-2945
-3461
-4500
-6288
-8208
-10041
-11359
-11903
-12042
-12044
-12326
-12546
-12902
-13238
-12825
-11896
-10621
-9525
-8542
-7651
-6858
-5738
-4500
-3173
-1884
-635
507
1395
2176
2858
3592
4472
5486
6554
7619
8558
9141
9390
9648
10134
10743
11356
11823
11902
11397
10676
10060
9416
8829
8516
8194
7150
5535
3755
2099
1033
389
-44
-890
-2534
-4245
-5693
-6786
-7184
-6913
-6683
-7014
-7643
-8299
-8668
-8292
-7082
-5650
-4609
-4082
-4057
-3879
-3073
-1624
292
1901
3055
3675
3732
4179
5242
6242
6983
7537
7568
7162
6825
6403
5712
4865
4192
3723
2923
1740
329
-1253
-2946
-4204
-4739
-5430
-6372
-7304
-8515
-9738
-10308
-10145
-10014
-10223
-10333
-10268
-10098
-9373
-8193
-7386
-6959
-6229
-5112
-3889
-2609
-1560
-993
-722
-109
1079
2360
3437
3950
4062
3962
3728
4043
4979
6249
7426
8013
7673
6536
5846
6581
8436
10323
10994
9753
7314
5756
6397
8263
9595
9422
7262
3968
1850
1892
2936
3636
3069
844
-2151
-4289
-4659
-3955
-3545
-3874
-4883
-6581
-7975
-7952
-7050
-6119
-5373
-4909
-5003
-5519
-5447
-4651
-3439
-1781
-154
988
1245
920
918
1572
3112
5238
6838
7004
5569
3804
3170
3865
5391
6191
5281
3186
591
-1159
-1377
-760
-253
-893
-2870
-5356
-7215
-7742
-7147
-6296
-6124
-6876
-8229
-9313
-9438
-8604
-7091
-5796
-5256
-5459
-5971
-5763
-4629
-2823
-1141
-500
-635
-1148
-1156
-258
1097
2261
2318
1834
1378
1405
2236
3160
4095
4529
4564
5059
5629
5897
6285
7277
8328
9019
9632
9582
8586
8042
8759
9693
9859
9106
7532
5448
3872
3753
4295
3847
2068
-364
-2787
-4299
-4337
-3828
-4302
-5949
-7705
-8842
-9139
-8417
-7220
-6714
-7142
-7609
-7491
-6896
-5942
-4658
-3477
-2673
-1862
-934
-99
724
1473
2234
3322
4557
5586
6046
5700
5019
4681
5132
6155
6592
5717
3904
1997
784
505
794
682
-640
-2662
-4526
-5740
-5778
-5152
-5255
-6295
-7482
-8294
-8470
-7851
-6791
-6150
-6171
-6291
-6093
-5531
-4551
-3300
-2183
-1624
-1571
-1532
-1507
-1029
109
1282
1873
1347
688
487
813
1966
3164
3869
3721
3466
3925
4582
5545
6611
7255
7565
8015
8658
8598
8156
8221
8564
8870
8967
8516
6943
5005
4121
3856
3578
3059
1772
-516
-3122
-4187
-3821
-3968
-4712
-5761
-7298
-8597
-8647
-7601
-6943
-6975
-7049
-7209
-7107
-6246
-4903
-3923
-3496
-2984
-2244
-1346
-151
1075
1871
2357
2817
3272
3997
5056
5915
6060
5517
4868
4594
4842
5568
5849
4704
2792
1255
476
506
723
-27
-1907
-3892
-5145
-5538
-5342
-5255
-6017
-7328
-8081
-7863
-7243
-6814
-6645
-6539
-6211
-5416
-4347
-3685
-3577
-3334
-2584
-1561
-787
-475
-563
-672
-120
1030
1944
1744
964
654
1059
2277
3346
3559
3260
2994
3797
5446
6692
6960
6696
6996
7882
8937
9736
9396
8465
8141
8767
9587
9058
7227
5307
4106
3824
3829
3364
1725
-821
-2894
-3675
-3499
-3543
-4556
-6235
-7794
-8417
-8072
-7681
-7683
-7735
-7725
-7735
-7553
-6985
-6328
-5704
-4897
-3889
-3138
-2902
-2672
-2129
-900
785
2047
2550
2411
2654
3590
4695
5897
6674
6753
6285
5688
5434
5330
5611
5957
5176
3441
1761
770
139
-404
-506
-1189
-2993
-4731
-5590
-5551
-5285
-5403
-6026
-6749
-6867
-6492
-6192
-5996
-5604
-5089
-4631
-4032
-3341
-2983
-2869
-2480
-1718
-969
-564
-466
-598
-526
-21
471
571
327
337
757
1556
2415
2620
2576
2785
3572
4901
6111
6978
7146
7061
7610
8522
9371
9788
9832
9593
8796
8277
8252
7676
6379
5078
4326
3551
2320
979
-568
-2047
-3125
-3800
-4157
-4847
-5892
-7032
-8025
-8332
-8049
-7542
-7502
-7854
-7928
-8024
-8005
-7232
-5905
-4989
-4755
-4605
-4181
-3537
-2609
-1340
-287
499
1185
1856
2891
3822
4370
4709
5108
6031
6841
6954
6483
5641
4990
4822
5237
5474
4193
1910
375
150
223
-198
-1048
-2317
-3851
-4963
-4945
-4427
-4540
-5334
-6250
-6537
-6236
-5682
-5092
-4914
-4775
-4411
-3914
-3413
-2947
-2069
-1267
-1053
-1041
-836
-416
-245
54
651
724
238
-54
530
1419
1760
1626
1288
1276
1976
3443
5014
5300
4462
4178
5124
6823
8527
9237
8482
6892
6205
7609
9551
9822
8065
5651
4146
3782
4283
4579
3274
710
-1744
-2722
-2451
-2369
-3040
-4607
-6318
-7170
-7140
-6777
-6847
-7134
-7416
-7970
-8126
-7513
-6728
-6140
-5654
-5297
-5314
-5383
-4540
-2961
-1539
-665
-568
-835
-591
963
3197
4691
5084
4242
3114
3569
5911
8070
7941
6159
4222
3151
4019
6061
6636
4213
639
-1150
-694
851
1376
-713
-3889
-5750
-5521
-4299
-3532
-3923
-5793
-7462
-6894
-5133
-4299
-4505
-4619
-4364
-3879
-2814
-1660
-1454
-1623
-1244
-458
231
505
539
241
95
470
506
208
136
316
539
509
268
-18
-116
685
1978
2837
3206
2783
2426
3167
4968
6909
7352
6691
5779
5331
6573
8570
9045
7386
5432
4687
4632
4918
5283
4311
1906
84
-222
13
-213
-1038
-2383
-3845
-4382
-4269
-4773
-5473
-5481
-5551
-6224
-6605
-6415
-6406
-6434
-5743
-4862
-4863
-5288
-5128
-4285
-3135
-2074
-1638
-1709
-1458
-763
341
1541
2344
2399
2210
3135
4215
4567
4704
4935
5195
4887
4806
4733
3883
3418
3577
3250
2034
872
88
-793
-1084
-654
-1312
-3242
-4261
-3971
-3730
-3701
-3465
-3812
-4950
-5076
-3653
-2555
-2692
-3189
-3419
-3171
-2089
-716
-449
-1250
-1724
-1465
-818
69
502
-112
-1011
-1120
-588
-261
-252
-265
-388
-389
-90
13
-231
-282
492
1831
2620
2436
1890
1901
3144
4910
5987
6143
5350
4507
4747
6394
8230
7588
5522
4625
4536
4751
5074
5163
3792
1342
468
567
523
568
-146
-1784
-3378
-3526
-3132
-3766
-4039
-3732
-4642
-6097
-6089
-5161
-5062
-5316
-4739
-4747
-5600
-5463
-4451
-3266
-2741
-2742
-2748
-2866
-1806
-414
400
1180
984
561
768
2026
3700
4061
4129
3581
2514
2840
4201
5487
5303
4113
2736
1085
1481
3729
4299
2515
34
-1396
-1637
-736
1213
749
-2210
-3977
-4086
-3158
-1787
-960
-2196
-4646
-4725
-3053
-2220
-2033
-2118
-2879
-3750
-3094
-1484
-1320
-2068
-2154
-1956
-1810
-1430
-950
-1226
-1694
-1123
-538
-850
-1372
-1308
-716
-139
285
178
-635
-1069
-92
1800
2982
2385
1192
1196
2589
4478
5763
5962
4781
3257
3838
6336
8127
7426
5174
3870
4102
5024
5709
5418
4058
1968
595
955
1820
1604
178
-1407
-2416
-2777
-2650
-2543
-2844
-3376
-4063
-4940
-5252
-4485
-3707
-3902
-4408
-4564
-4808
-4873
-3874
-2535
-2296
-3019
-3541
-3358
-2462
-1066
-53
-134
-583
-550
-222
750
2142
2856
2561
2097
2514
2843
3001
3822
4445
4318
3472
2790
2897
3244
3427
2961
2031
1322
483
-101
475
791
-573
-2402
-2648
-2103
-2403
-2324
-2240
-3555
-4749
-4235
-2900
-2657
-3000
-3274
-4254
-4388
-2893
-1812
-2113
-2665
-2416
-2315
-2268
-1121
-423
-992
-1288
-825
-441
-408
-137
22
-198
115
744
729
459
571
780
1018
1506
1853
1619
1641
2228
2411
2527
3153
3682
3504
3542
4171
4088
3848
4352
4820
4421
3832
3955
3794
3391
3545
3378
2458
1726
1731
1452
649
511
374
-676
-1437
-1202
-1067
-1924
-2632
-2509
-2692
-3159
-3337
-3345
-3431
-3594
-3447
-3265
-3285
-3266
-3249
-2866
-2183
-1938
-1951
-1951
-1785
-1193
-516
19
74
-23
302
622
1117
1692
1835
1622
1704
2430
2535
2245
2593
2583
2211
2263
2560
2327
1319
830
916
773
404
-365
-936
-1244
-1652
-1887
-2238
-2447
-2631
-3151
-3252
-2885
-2715
-3264
-3707
-2932
-2097
-2191
-2486
-2263
-1958
-1862
-1116
-166
-305
-997
-869
-114
466
747
626
298
179
657
1231
1134
714
339
438
1053
1467
1165
373
35
518
1305
1670
1295
676
645
1384
2033
2187
2100
1809
1823
2513
3265
3049
1988
1720
2624
3460
3135
1882
1133
1116
1565
2246
1921
562
-581
-644
183
734
320
-815
-1786
-1632
-760
-403
-858
-1738
-2326
-2068
-1199
-637
-1255
-2084
-2017
-1503
-947
-598
-589
-1209
-1913
-1316
-224
35
-400
-865
-865
-695
-387
46
164
-322
-887
-404
355
340
-13
-257
-140
38
420
713
233
-125
-223
-127
390
564
153
-569
-864
-461
-229
-430
-765
-1037
-1166
-1298
-1121
-734
-892
-1227
-1140
-825
-787
-833
-466
-302
-388
-127
182
132
287
965
1166
662
539
1065
1238
1211
1510
1141
400
445
1008
1170
566
15
-255
-459
-187
-44
-462
-950
-1266
-1163
-883
-772
-1040
-1657
-1853
-1377
-878
-787
-712
-731
-928
-642
-27
572
841
968
1037
715
1285
2381
2546
2514
2649
2592
2309
2723
3747
3461
2595
2655
2759
2475
2630
3062
2302
1043
1040
1387
1133
827
563
-237
-1178
-1084
-723
-1129
-1567
-2002
-2635
-2964
-2713
-2434
-2843
-3221
-3278
-3395
-3243
-2967
-2916
-2992
-2828
-2504
-2357
-2234
-1945
-1514
-1013
-435
-134
-345
-352
445
1463
1901
1820
1546
1188
1388
2668
3643
3058
1785
1318
1787
2287
2772
2635
1279
85
284
1192
1251
570
-166
-1028
-1226
-475
-266
-1162
-1740
-1741
-1974
-1840
-1213
-1387
-2287
-2181
-1197
-1225
-1646
-1248
-1089
-1206
-697
-52
-389
-1052
-367
367
207
441
448
-266
-419
655
1407
557
-132
-34
-83
209
756
792
20
-729
-552
-275
176
561
-201
-994
-902
-407
-270
-10
556
43
-663
-198
862
1329
1229
1486
1408
1268
2072
2989
3169
2734
2560
2643
2866
3559
3707
2913
2148
2146
2329
2121
1974
1361
249
-248
-111
-287
-923
-1414
-1943
-2565
-2702
-2560
-2823
-3265
-3357
-3374
-3500
-3362
-3071
-3002
-2790
-2299
-2002
-1842
-1530
-1067
-498
74
476
609
668
1085
1675
2132
2582
2525
1943
1850
2424
2809
2613
2053
1431
916
854
1345
1144
286
-554
-1135
-998
-915
-924
-1473
-2443
-2631
-2643
-2370
-2026
-2331
-2981
-3105
-2316
-1927
-1979
-1683
-1558
-1793
-1550
-471
44
-449
-407
195
481
680
1142
1317
866
1070
1669
1565
1503
1453
1284
1238
1345
1481
999
603
614
509
589
488
-63
-571
-466
-52
-199
-405
-558
-982
-922
-190
367
-66
-673
-447
-26
545
1241
1271
611
245
1025
2063
2483
2400
1766
1258
1605
2441
2954
2642
1890
1357
1282
1813
2352
1926
924
243
151
401
493
201
-515
-1307
-1437
-1207
-1260
-1456
-1895
-2334
-2416
-2272
-2024
-2176
-2408
-2306
-2215
-1938
-1706
-1645
-1522
-1426
-1141
-764
-433
-282
-379
-105
418
590
542
676
872
801
866
1203
1214
811
550
730
998
872
445
169
59
-66
-92
-43
-259
-765
-1036
-853
-707
-866
-1043
-1152
-1271
-1226
-1046
-988
-1023
-1007
-909
-772
-646
-550
-468
-278
-7
61
-28
17
233
590
825
733
580
571
786
1165
1347
1076
761
741
904
1275
1355
948
475
309
759
1018
741
455
48
-80
191
368
285
-108
-409
-416
-183
44
-216
-501
-435
-393
-397
-304
-270
-437
-522
-263
-21
-197
-367
-191
54
243
212
167
224
168
274
591
848
554
120
323
709
852
687
536
447
188
271
719
766
234
-164
-90
71
151
205
28
-407
-582
-327
-66
-57
-202
-372
-508
-464
-166
122
76
-158
-233
-134
25
216
330
204
-78
-193
1
264
323
84
-302
-441
-281
-207
-191
-156
-540
-1076
-962
-500
-445
-772
-1055
-1185
-1172
-886
-639
-860
-1120
-1055
-966
-678
-328
-323
-545
-586
-71
224
105
231
346
269
298
674
855
618
569
660
675
670
768
770
471
363
455
329
201
314
376
4
-306
-116
4
-97
-128
-174
-473
-688
-315
44
-65
-356
-489
-389
-142
313
466
155
-114
-3
399
664
773
652
357
318
613
861
794
659
562
395
325
485
558
345
146
93
21
-60
-46
-36
-92
-199
-299
-362
-327
-182
-202
-291
-282
-317
-309
-180
37
53
-82
54
186
203
268
394
546
491
509
558
484
608
711
711
664
456
266
282
473
540
260
-78
-269
-279
-154
-187
-357
-677
-975
-952
-777
-655
-887
-1194
-1162
-1068
-981
-959
-951
-971
-1071
-917
-725
-713
-689
-547
-411
-428
-307
-203
-208
-28
141
95
-21
72
218
317
417
295
132
188
300
336
346
313
153
-50
91
322
159
17
29
-9
-89
-14
140
5
-115
51
130
-15
19
202
239
294
390
342
266
475
667
636
665
621
519
566
776
869
712
563
418
425
653
639
329
182
206
72
0
113
4
-345
-445
-263
-352
-556
-515
-555
-638
-600
-511
-592
-774
-572
-309
-327
-398
-465
-377
-161
109
244
6
-139
89
360
493
556
408
140
226
584
728
557
307
133
170
422
512
271
44
-81
-194
-53
223
86
-415
-556
-323
-315
-326
-198
-273
-593
-649
-315
-179
-204
-220
-370
-421
-228
-9
11
-42
-47
-120
-143
93
317
214
-7
-72
6
116
211
203
55
-56
-58
0
118
159
-9
-186
-173
-79
-79
-118
-93
-117
-238
-254
-147
-115
-116
-78
-112
-167
-104
12
71
86
82
5
-53
121
323
228
92
168
213
157
249
396
261
75
231
361
184
117
205
127
70
193
150
-91
-103
41
-8
-65
-33
-218
-368
-121
55
-161
-329
-294
-289
-240
-48
22
-206
-377
-230
-76
-29
60
-23
-242
-147
138
143
29
116
173
39
81
318
304
134
143
216
167
147
222
257
221
187
154
107
178
189
141
135
99
64
4
113
88
-54
-29
-62
-45
-67
-61
-109
-221
-103
-81
-170
-147
-98
-149
-160
-51
-15
-120
-136
14
13
-49
-5
11
-12
47
131
37
-48
46
152
94
23
101
18
-97
60
144
3
-122
-138
-70
-39
-27
-66
-224
-263
-238
-97
83
-123
-383
-332
-139
-76
-49
40
-138
-382
-176
197
222
48
-86
-140
-49
145
305
208
0
-52
-5
164
334
293
73
-67
71
213
196
149
77
-23
-70
-6
73
77
-45
-156
-67
28
5
-50
-78
-110
-145
-53
13
-56
-98
-103
-90
-13
51
-24
-87
-22
5
17
56
40
-11
-14
79
137
87
33
-2
-12
122
235
109
20
52
45
89
186
201
3
-108
51
95
87
100
6
-35
-16
43
93
44
-13
-72
-46
58
24
-22
-21
-55
-43
-28
-2
-23
-48
-50
-131
-104
-2
-32
-142
-121
-54
-116
-97
-39
-107
-176
-76
17
-94
-129
-44
-70
-64
45
10
-107
-39
75
-1
-29
143
101
-112
1
201
114
28
101
91
14
101
214
107
24
86
71
50
113
129
-16
-143
10
112
13
4
-55
-161
-112
5
21
-87
-123
-144
-213
-99
68
-24
-157
-118
-101
-139
-12
175
32
-160
-65
38
37
90
195
62
-85
33
141
150
149
161
12
-57
138
174
51
57
42
-68
-58
62
105
-72
-137
-79
-94
-23
-36
-109
-117
-135
-127
-115
-41
-8
-110
-118
-37
13
-7
-22
8
5
19
60
91
105
104
88
73
101
161
180
77
45
107
61
35
93
85
-44
-104
-3
12
-22
6
-31
-118
-92
17
-24
-113
-97
-57
-106
-85
-8
-35
-64
-49
13
8
-28
12
8
-18
36
77
43
10
63
104
76
57
48
68
77
53
62
45
25
20
21
65
30
-34
-10
-15
-42
-34
-8
-34
-87
-89
-87
-35
-26
-70
-44
-51
-68
-37
-23
-52
-42
19
-10
-49
1
21
-19
-11
25
-11
-14
7
-31
16
67
37
13
-12
27
48
21
54
54
10
-20
10
64
63
45
8
-19
-20
12
66
56
-6
-69
-68
12
57
46
10
-95
-159
-34
100
59
-52
-95
-103
-75
47
89
-44
-112
0
0
0
0
0
0
0
0
0
0
0
0
0
0
0
0
0
0
0
0
0
0
0
0
0
0
0
0
0
0
0
0
0
0
0
0
0
0
0
0
0
0
0
0
0
0
0
0
0
0
0
0
0
0
0
0
0
0
0
0
0
0
0
0
0
0
0
0
0
0
0
0
0
0
0
0
0
0
0
0
0
0
0
0
0
0
0
0
0
0
0
0
0
0
0
0
0
0
0
0
0
0
0
0
0
0
0
0
0
0
0
0
0
0
0
0
0
0
0
0
0
0
0
0
0
0
0
0
0
0
0
0
0
0
0
0
0
0
0
0
0
0
0
0
0
0
0
0
0
0
0
0
0
0
0
0
0
0
0
0
0
0
0
0
0
0
0
0
0
0
0
0
0
0
0
0
0
0
0
0
0
0
0
0
0
0
0
0
0
0
0
0
0
0
0
0
0
0
0
0
0
0
0
0
0
0
0
0
0
0
0
0
0
0
0
0
0
0
0
0
0
0
0
0
0
0
0
0
0
0
0
0
0
0
0
0
0
0
0
0
0
0
0
0
0
0
0
0
0
0
0
0
0
0
0
0
0
0
0
0
0
0
0
0
0
0
0
0
0
0
0
0
0
0
0
0
0
0
0
0
0
0
0
0
0
0
0
0
0
0
0
0
0
0
0
0
0
0
0
0
0
0
0
0
0
0
0
0
0
0
0
0
0
0
0
0
0
0
0
0
0
0
0
0
0
0
0
0
0
0
0
0
0
0
0
0
0
0
0
0
0
0
0
0
0
0
0
0
0
0
0
0
0
0
0
0
0
0
0
0
0
0
0
0
0
0
0
0
0
0
0
0
0
0
0
0
0
0
0
0
0
0
0
0
0
0
0
0
0
0
0
0
0
0
0
0
0
0
0
0
