0
0
0
0
0
0
0
0
0
0
0
0
0
0
0
0
0
0
0
0
0
0
0
0
0
0
0
0
0
0
0
0
0
0
0
0
0
0
0
0
0
0
0
0
0
0
0
0
0
0
0
0
0
0
0
0
0
0
0
0
0
0
0
0
0
0
0
0
0
0
0
0
0
0
0
0
0
0
0
0
0
0
0
0
0
0
0
0
0
0
0
0
0
0
0
0
0
0
0
0
0
0
0
0
0
0
0
0
0
0
0
0
0
0
0
0
0
0
0
0
0
0
0
0
0
0
0
0
0
0
0
0
0
0
0
0
0
0
0
0
0
0
0
0
0
0
0
0
0
0
0
0
0
0
0
0
0
0
0
0
0
0
0
0
0
0
0
0
0
0
0
0
0
0
0
0
0
0
0
0
0
0
0
0
0
0
0
0
0
0
0
0
0
0
0
0
0
0
0
0
0
0
0
0
0
0
0
0
0
0
0
0
0
0
0
0
0
0
0
0
0
0
0
0
0
0
0
0
0
0
0
0
0
0
0
0
0
0
0
0
0
0
0
0
0
0
0
0
0
0
0
0
0
0
0
0
0
0
0
0
0
0
0
0
0
0
0
0
0
0
0
0
0
0
0
0
0
0
0
0
0
0
0
0
0
0
0
0
0
0
0
0
0
0
0
0
0
0
0
0
0
0
0
0
0
0
0
0
0
0
0
0
0
0
0
0
0
0
0
0
0
0
0
0
0
0
0
0
0
0
0
0
0
0
0
0
0
0
0
0
0
0
0
0
0
0
0
0
0
0
0
0
0
0
0
0
0
0
0
0
0
0
0
0
0
0
0
0
0
0
0
0
0
0
0
0
0
0
0
0
0
0
0
0
0
0
0
0
0
0
0
0
0
0
0
0
171
-147
-144
186
-34
-230
117
84
-206
-24
152
-104
-163
150
55
-307
74
195
-344
-30
235
-247
-190
186
-64
-280
67
69
-259
-48
127
-184
-144
126
-60
-158
90
24
-188
-25
57
-150
-76
75
-66
-177
33
3
-204
29
34
-119
-75
9
-26
-102
26
44
-36
-66
41
24
-140
52
124
-148
3
215
-102
-92
261
-8
-178
244
148
-191
169
274
-133
17
313
7
-144
265
125
-179
165
196
-138
12
274
-111
-67
363
-93
-160
344
51
-157
199
180
-103
30
206
-86
23
133
-91
145
52
-95
124
56
-2
20
143
114
-142
158
144
-176
217
29
-84
284
-71
-95
208
100
-252
47
386
-400
-148
549
-275
-276
418
-73
-329
195
69
-327
128
48
-362
118
-27
-366
67
-98
-333
-35
-111
-324
-202
-44
-361
-291
8
-499
-291
-25
-572
-230
-98
-456
-318
-207
-177
-397
-264
10
-285
-299
-42
-31
-269
-189
88
-117
-257
81
138
-182
83
338
0
113
353
95
183
337
109
319
301
-19
349
300
-49
374
224
-110
398
138
-122
374
247
-119
198
536
-196
-15
670
-300
-65
737
-357
-147
863
-383
-239
882
-257
-268
657
39
-201
599
179
-119
768
202
-106
795
450
-300
650
882
-336
403
1003
-82
42
919
301
-139
457
550
1
-240
843
243
-839
726
367
-995
213
471
-924
-320
293
-788
-303
-370
-440
-345
-839
-64
-599
-753
-312
-667
-560
-571
-628
-428
-655
-674
-310
-582
-842
-322
-175
-974
-429
259
-908
-737
317
-386
-884
99
232
-967
-178
484
-855
-66
338
-607
71
-23
-252
57
-91
-10
-63
225
-211
-139
776
-492
-96
969
-563
63
852
-158
346
538
127
434
214
165
672
264
-30
866
466
-333
922
690
-349
968
527
-321
934
294
-62
741
261
175
339
218
206
260
148
167
580
56
-19
949
121
-292
912
259
-149
655
382
168
248
424
472
152
326
576
482
-260
618
1247
-955
545
1765
-1005
39
1697
-617
-535
1190
-2
-629
521
184
-364
-184
-55
80
-949
-129
-75
-1140
-236
-370
-1070
-678
-412
-1097
-1089
-597
-850
-1316
-909
-467
-1252
-1307
-241
-905
-1624
-295
-453
-1551
-495
-250
-1015
-714
-332
-296
-864
-344
135
-629
-338
240
-181
-405
516
-162
-460
831
-200
-355
859
197
-298
415
568
158
-38
668
665
-86
217
807
537
-138
772
865
-209
513
980
-159
213
1055
-49
-113
945
477
-699
850
900
-938
912
554
-502
715
100
202
721
-514
499
1161
-1175
955
1379
-1424
1049
1293
-875
756
1130
-370
464
919
4
836
174
441
1435
-651
1085
1296
-568
899
869
341
237
587
886
-144
238
1166
-305
-139
1043
-407
-257
811
-320
-288
298
-568
-5
-321
-920
432
-867
-1340
602
-1090
-1581
299
-978
-1515
-300
-693
-1483
-768
-386
-1542
-814
-285
-1724
-491
-538
-1385
-430
-947
-805
-411
-993
-974
60
-854
-1146
525
-722
-1057
710
-558
-1054
667
-214
-986
492
560
-1194
381
1279
-1318
218
1140
-859
245
586
-57
467
-37
478
745
-668
567
1142
-807
701
1079
-676
407
993
132
60
856
448
-66
619
666
255
296
655
470
187
685
533
-1
589
356
329
655
236
588
263
341
363
262
479
-85
600
422
-97
801
438
-299
744
548
-443
797
241
32
649
239
604
-75
962
377
-432
1481
319
-517
868
1191
-690
237
2047
-988
68
1583
-811
242
617
-133
111
28
434
-162
-614
772
-618
-675
771
-621
-696
-125
-216
-1158
-408
-361
-1499
-280
-1082
-1555
-246
-1128
-1460
-466
-876
-1868
-905
-514
-1604
-1299
-79
-1242
-1806
500
-1437
-1637
774
-1404
-1249
434
-667
-1192
427
330
-1509
491
686
-1480
585
600
-860
525
307
-107
534
-164
577
209
-160
878
-30
426
391
164
447
311
470
290
496
287
241
222
505
116
-20
628
323
7
244
621
-323
506
621
-453
1040
253
-729
1246
357
-853
1291
505
-515
1062
184
484
-87
48
1254
-1070
688
880
-699
948
473
-162
624
865
-37
665
1370
312
637
1328
655
455
1161
837
638
809
576
709
349
598
495
316
-54
-12
578
-1367
547
861
-1848
944
561
-1871
182
644
-1567
-352
789
-1444
-510
641
-1176
-507
219
-1228
-521
-345
-1159
-559
-955
-854
-584
-793
-702
-919
-761
-1288
-800
-453
-1564
-190
-498
-1876
-120
-1060
-1830
-312
-1029
-807
-234
-550
-832
-743
-57
-1079
-225
429
-1407
85
365
-1025
510
354
-702
278
100
-541
450
438
-421
801
584
-604
1174
349
-434
1476
184
369
1469
73
566
833
-215
494
843
-271
421
826
-291
707
861
76
659
466
236
92
567
508
-21
849
428
-26
554
347
-89
447
309
82
550
-193
625
327
-320
1412
114
-46
1717
111
149
2323
418
61
2732
51
-91
2772
-83
127
2118
173
-96
1489
615
-775
1361
413
-1033
1139
-212
-999
626
-382
-1020
740
-592
-1417
579
-798
-1414
198
-403
-1424
-197
-462
-956
-325
-570
-221
-1259
-162
-295
-1618
403
-689
-1117
-242
-667
-1005
-1096
-537
-802
-1185
-861
41
-1170
-1333
243
-1569
-1485
288
-1288
-1104
184
-1460
-823
-79
-1298
-548
-528
-589
-477
-549
217
-622
-600
597
-559
-561
814
-347
-267
726
94
277
314
270
351
105
521
543
91
1061
634
-76
1547
-104
-71
1545
-534
225
1261
-169
357
1175
44
481
814
-198
893
313
-150
1017
342
200
577
323
-371
529
-241
-251
879
-816
739
565
-83
1023
169
774
405
871
1182
121
2070
1059
200
2344
1026
543
2177
632
536
1565
409
679
1200
624
-34
994
163
-505
572
-946
-84
-178
-1306
503
-1190
-987
7
-1393
-346
-1089
-860
-309
-1386
-84
-527
-1021
-151
-764
-531
-446
-662
-485
-518
-502
-583
-42
-751
-711
615
-1314
-616
1110
-1996
-935
619
-2039
-1084
-321
-1331
-1065
-1080
-478
-500
-1245
-651
-402
-1316
-1098
-215
-1078
-1196
134
-886
-1063
149
-1181
-736
3
-795
197
-61
-292
305
-126
254
323
159
407
98
349
623
168
715
948
224
918
973
141
730
626
211
920
838
316
871
548
-287
1248
700
-674
1548
5
-928
1800
-215
-509
1368
-211
-379
839
-289
-794
1001
-221
-257
1943
-355
824
1818
-151
1882
1083
1069
1799
1483
1894
1146
2336
1142
1020
2587
313
1062
1817
183
964
1339
149
121
582
-425
-591
395
-819
-1602
299
-1327
-1969
342
-1722
-2004
86
-1258
-2106
60
-474
-2477
174
-109
-2325
203
-131
-1124
465
-114
-495
-71
-359
-392
-178
-278
-420
-622
-527
-284
-536
-1056
-219
-1054
-1717
-95
-1166
-1392
-366
-1018
-1399
-848
-842
-1781
-962
-500
-2002
-840
160
-1644
-705
406
-1413
-957
145
-573
-390
170
197
-87
-309
215
290
147
609
342
210
547
314
590
1170
662
346
1198
832
182
950
978
259
356
1122
309
-143
1213
22
-105
1435
-156
215
1151
-37
235
628
-49
-317
57
-450
90
749
-28
932
1529
-189
1211
2146
107
1597
2647
649
1709
2693
1139
1853
1862
1404
1874
1112
1425
2122
749
489
2320
101
-848
1854
-767
-1533
495
-635
-1462
-956
-36
-1973
-1541
-551
-2254
-1164
-1322
-1279
-399
-1363
-1259
-802
-745
-1827
-452
560
-1941
-51
736
-1535
-354
433
-673
-416
340
234
-584
8
-71
-1176
-316
-490
-1013
-610
-685
-537
-820
-732
-685
-1596
-1783
-1672
-1394
-1311
-755
-506
-1329
-857
-1300
-1451
-116
-844
-633
200
-794
-693
240
-120
-440
609
-20
-671
510
-419
-87
796
-87
1070
570
-343
711
44
-43
1243
1213
960
1419
827
617
588
240
919
497
305
761
331
-113
254
430
-584
-64
130
-1008
-111
332
70
989
892
963
930
479
2019
1654
1403
3349
2379
1674
2968
2883
2130
2630
2970
2051
2031
2479
1999
1298
1611
1252
-103
454
-95
-1149
-507
-662
-840
-1284
-1016
-1505
-2896
-1119
-1918
-2826
-532
-2012
-1967
-936
-1879
-1229
-1307
-1596
-406
-602
-987
330
-431
-297
383
-219
79
111
-188
-335
626
-123
-131
841
-829
-486
-254
-1631
-597
-369
-1261
-581
-557
-1342
-922
-920
-1503
-1332
-1572
-1479
-1469
-1094
-831
-1740
-1298
-1006
-1107
-679
-284
-111
-953
-625
-57
-664
-210
306
8
-135
256
372
-5
641
897
270
764
991
292
796
1389
526
497
919
217
-44
54
46
151
-10
331
743
88
-220
-112
-1089
-1167
-282
-388
683
1798
1237
1268
908
516
1461
2273
2922
3747
3999
3146
3195
4143
3324
3024
3891
3274
2364
3128
3816
2039
1564
2101
-4
-211
527
-260
-513
-1149
-1493
-1851
-2426
-2586
-2665
-3014
-3462
-2484
-2438
-3039
-1981
-2460
-3168
-1961
-1892
-1811
-1076
-600
-69
-616
349
900
-414
395
1175
682
492
1361
1469
586
1041
1265
32
-727
341
-211
-1370
55
-65
-2175
-1374
-252
-2431
-2182
-1372
-2658
-2033
-1795
-1833
-1119
-1332
-2147
-2176
-1425
-1173
-1285
-659
203
-816
-944
-42
-919
-448
331
-447
24
605
275
770
804
143
452
888
779
1118
1548
703
358
722
155
126
424
157
-21
293
648
413
411
28
-1513
-1805
-988
-1211
-214
1566
1286
713
772
765
763
1827
4011
4834
4210
4161
4738
4370
4032
5119
5187
4637
4649
3650
3759
4389
2507
1524
1947
833
468
368
-618
-834
-2487
-3357
-2229
-3344
-4101
-3248
-3699
-4777
-4446
-3279
-3979
-4684
-3401
-3091
-3570
-2863
-2194
-2227
-2131
-1542
-458
355
233
389
878
556
896
2186
2660
2784
2823
2069
1683
1646
885
1141
1698
875
608
79
-1245
-1555
-1391
-1492
-1927
-1670
-1261
-2138
-2666
-2400
-2209
-2712
-3363
-2044
-680
-1710
-2446
-1408
-1360
-2392
-1491
-46
-222
-470
-323
-277
-222
-198
-60
585
768
-40
455
1088
-13
-163
784
608
-257
339
1303
195
-419
296
-181
-137
977
1028
510
-568
-1613
-1811
-1785
-362
2063
3301
2901
1380
394
1014
1864
3900
6383
5811
4524
3901
4012
4832
4757
5543
5906
4610
3896
3958
3815
2729
1677
1485
1295
540
120
-316
-1756
-2583
-2509
-3023
-3410
-3291
-4037
-4712
-4541
-4556
-4336
-4096
-4367
-4074
-3896
-4410
-3788
-3210
-3125
-2248
-2017
-1349
45
139
-313
177
1095
1161
1589
2878
3872
3792
2849
2753
2404
1542
2318
3219
3164
2206
104
-838
-847
-1012
-843
-884
-1050
-2277
-3274
-3020
-3184
-3550
-3634
-2984
-2543
-2240
-2224
-2778
-2695
-3107
-3007
-1484
-238
-516
-1208
-838
-893
-1353
-377
999
587
612
1498
1239
704
265
396
-48
-464
711
1030
596
313
-585
-1002
-663
-114
1418
2190
664
-780
-1481
-2165
-1648
759
3386
4165
2907
1186
509
1181
3393
6398
7591
5740
3948
4560
5160
4918
5976
6832
5292
4025
3952
4093
3799
2093
1232
1272
860
400
-534
-1545
-2341
-2719
-2659
-2611
-3318
-4464
-4840
-5202
-5386
-4363
-3586
-4759
-5973
-5233
-4527
-4827
-4303
-2957
-2737
-3451
-2922
-1248
-726
-1065
-867
-488
435
1588
2244
3118
3674
3072
2555
3036
4062
4586
4042
3928
3816
2717
1217
198
1298
1780
77
-865
-675
-1336
-3278
-3713
-2476
-2237
-3499
-4136
-3292
-3308
-4259
-4109
-3143
-2888
-3048
-3025
-2334
-1842
-2181
-2016
-1865
-843
433
-42
-579
203
850
-55
-34
995
483
-626
-141
789
235
-650
-954
-151
-157
-664
872
1740
473
-1223
-1576
-673
-194
141
2720
5158
3576
1379
1072
2260
4248
6651
8454
6788
3910
3926
5745
6126
6171
7283
6371
3629
2698
3784
4034
2698
1485
1242
1131
65
-1552
-2389
-2259
-2366
-2394
-2103
-2988
-4553
-5186
-5162
-4556
-3464
-3453
-4425
-5589
-5644
-4391
-4208
-4291
-3410
-2772
-3406
-3929
-2384
-827
-561
-1035
-1631
-1290
-271
1415
2469
2840
3736
3143
1834
2066
3751
5220
4941
4837
4722
2524
454
1170
2506
2216
1062
-68
-364
-1230
-3340
-3542
-1569
-1702
-3573
-3704
-3248
-3710
-4440
-3834
-3135
-3564
-3050
-2368
-2547
-3054
-3173
-2717
-1923
-367
373
-612
-1067
-256
194
366
875
1156
249
-831
-135
535
213
-456
-823
260
539
62
634
586
-164
-945
-839
33
-61
770
3796
5156
2860
1273
1930
2833
4893
7921
8434
5215
3142
4320
6037
6547
6487
7048
5680
2902
2386
3611
3945
2480
1218
1202
835
-546
-1810
-2392
-2227
-1974
-1871
-2098
-3477
-4439
-4853
-5024
-4095
-3180
-2663
-3721
-5698
-5505
-4406
-3776
-3390
-3661
-4160
-4188
-3123
-1732
-1065
-1242
-2222
-2863
-1652
586
1485
1386
1862
2537
2377
1807
2158
3466
4439
4865
5676
4964
1832
-129
1539
4285
3789
1617
920
-73
-1884
-2211
-1160
-416
-993
-3004
-4027
-3315
-3446
-4329
-3830
-2856
-2765
-2676
-2945
-3674
-4182
-3930
-2615
-1415
-650
-852
-2269
-2474
-682
384
260
339
-46
-450
-248
222
465
-118
-734
-680
-212
89
522
1169
860
-375
-1067
-735
-714
-701
1176
3990
4948
3299
867
32
2179
6342
9382
9047
5801
2648
2944
5686
7189
7720
7951
5600
2247
1728
3431
4423
3720
2451
1205
341
-342
-1708
-2494
-2114
-1304
-706
-1858
-3890
-4799
-4761
-4158
-3231
-2661
-3066
-4555
-6215
-6066
-4132
-3151
-3909
-4543
-4075
-3798
-3578
-2363
-1756
-2112
-2458
-2285
-1139
-182
193
326
985
2417
2425
1630
1863
2885
4157
4981
5703
4572
1711
1388
3245
4534
3847
1764
377
-67
-488
-1136
-517
231
-1163
-2679
-2771
-2525
-2902
-3570
-3581
-3068
-2972
-3188
-3341
-3774
-3972
-3438
-2669
-2069
-1723
-1750
-2014
-1822
-917
-210
-289
-389
-76
82
-148
-358
-133
170
-100
-433
-262
-5
287
681
879
502
-602
-1205
-846
-499
902
3676
4932
3507
1013
-463
1106
5264
8679
8754
5748
2660
2422
4549
6704
7598
7108
5719
3702
1948
2197
3594
3853
3092
1891
539
-362
-1348
-2195
-1641
-394
-102
-1363
-3500
-4737
-4146
-2856
-2441
-2940
-3483
-4178
-5189
-5363
-4085
-2899
-3327
-4501
-4673
-3856
-3140
-2656
-2183
-2163
-2468
-2184
-1526
-1309
-1044
28
1236
1675
1791
1887
1638
1575
2722
4818
6138
5288
2985
1572
2184
4161
5011
3656
1981
572
-170
-91
238
315
-270
-1532
-2789
-2565
-2317
-2812
-2942
-3153
-3321
-3157
-3185
-3967
-4193
-3651
-3164
-2490
-2299
-2325
-2266
-2207
-1892
-1296
-676
-671
-823
-692
-735
-806
-522
-469
-675
-236
276
-151
-549
220
1009
583
-288
-795
-1090
-788
915
3412
4875
4215
2016
219
980
4470
7968
8608
6316
3561
2739
4090
6177
7473
7480
6366
4201
2161
1845
2801
3730
3592
2135
780
-190
-1468
-2149
-1820
-993
-419
-1593
-3655
-4346
-4101
-3758
-3315
-2840
-2819
-3790
-4768
-5145
-4659
-3568
-3538
-4034
-4145
-4036
-3384
-2872
-2544
-2246
-2384
-2308
-1696
-1047
-480
300
895
1229
1424
1469
1839
2411
3239
4274
5007
4436
3006
2668
3453
4586
4657
3189
1827
1259
907
499
461
557
-268
-1732
-2272
-2168
-2376
-2687
-2799
-2900
-3371
-3397
-3276
-3612
-3662
-3531
-3329
-3130
-2927
-2767
-2735
-2384
-1922
-1657
-1528
-1254
-761
-461
-621
-1009
-1008
-1010
-1104
-392
277
-63
-665
-379
487
119
-723
-636
-284
423
1787
3793
4648
3299
1828
1452
2871
5798
8519
8519
5315
3035
4012
6090
6819
6775
7023
6153
3697
1762
2095
3501
3823
2754
1395
160
-1258
-2139
-2074
-1594
-859
-906
-2944
-5216
-5405
-4101
-3087
-2907
-2982
-3357
-4325
-5031
-4702
-3795
-3175
-3235
-3628
-3752
-3464
-2975
-2664
-2379
-2030
-1951
-1755
-1232
-477
163
417
555
1055
1518
1445
1979
2866
3573
4021
3967
3601
2581
2607
3887
4443
3712
2364
1705
1569
1163
314
-26
155
-411
-1587
-2146
-2157
-2579
-2781
-2718
-2615
-2834
-3351
-3458
-3417
-3180
-3215
-2945
-2501
-2601
-2299
-2040
-2201
-2068
-1448
-1221
-1277
-1017
-862
-1041
-1084
-765
-956
-1158
-890
-495
-391
-548
6
278
-224
-832
-1078
-746
-152
1557
3733
4643
3613
1526
1023
2584
5727
8849
8830
6374
4079
3715
5186
6696
7773
8045
6912
4281
1770
1553
2716
3767
3795
2412
568
-1469
-2915
-2834
-1996
-1172
-1100
-2510
-4707
-5932
-5423
-4247
-3532
-3328
-3532
-4299
-5140
-5243
-4554
-3705
-3437
-3620
-3616
-3199
-2693
-2267
-1969
-1957
-1754
-1329
-438
368
571
945
1026
1301
1593
1704
2349
2945
3823
4282
3948
3330
2501
2501
3488
4365
3779
2004
790
555
335
94
341
194
-937
-2096
-2519
-2669
-2766
-2514
-2306
-2650
-3166
-3308
-3256
-3144
-2929
-2649
-2504
-2518
-2368
-1943
-1787
-2009
-1682
-1337
-1282
-1116
-716
-385
-1160
-1563
-1343
-1399
-1211
-1014
-640
-737
-820
-119
88
-535
-1230
-1206
-778
-163
1473
3791
4782
3537
1771
1515
3375
6521
9139
9237
6772
4445
4319
5521
6585
7544
8139
6967
4112
1857
1627
2576
3448
3567
2394
130
-1947
-2977
-3152
-2616
-1585
-1376
-3032
-5266
-6052
-5403
-4651
-4204
-3723
-3466
-3869
-4547
-4759
-4344
-3697
-3268
-3100
-2834
-2278
-1662
-1335
-1364
-1444
-1268
-673
246
1021
1321
1125
829
1049
1585
2076
2779
3526
3953
3884
3176
2444
2190
2374
3162
3621
2547
881
119
161
157
-60
-250
-677
-1519
-2382
-2769
-2594
-2511
-2667
-2559
-2596
-2938
-2918
-2762
-2742
-2549
-2271
-2115
-2120
-2010
-1530
-1222
-1383
-1430
-1157
-966
-969
-876
-775
-1157
-1692
-1583
-1171
-1181
-1273
-1072
-1013
-992
-410
32
-645
-1594
-1627
-1063
-178
1634
3896
4746
3485
1676
1309
3061
6147
8753
9100
7174
4937
4168
4819
6017
7350
8248
7504
4844
2003
1008
1884
2965
3062
2163
526
-1544
-3192
-3600
-2911
-2092
-2145
-3280
-4920
-5771
-5252
-4515
-4336
-4449
-4270
-3946
-4057
-4119
-3818
-3553
-3453
-3363
-2860
-1879
-1039
-579
-698
-1202
-1144
-473
585
1442
1614
1561
1270
1174
1502
2004
2775
3290
3533
3436
2916
2450
2022
2039
2372
2506
2215
1293
449
-165
-688
-1019
-1200
-1113
-1317
-1939
-2431
-2705
-2753
-2698
-2556
-2337
-2493
-2584
-2263
-2022
-2008
-2318
-2343
-1935
-1484
-894
-672
-781
-961
-1148
-1098
-1032
-771
-440
-461
-726
-1126
-1295
-1202
-1070
-969
-957
-735
-369
-237
-541
-1244
-1836
-1807
-785
1184
3345
4557
3981
2117
824
1768
4760
7874
9075
7910
5676
4086
4109
5331
6823
7729
7230
5332
2877
1369
1458
2265
2695
2048
630
-974
-2286
-2895
-2879
-2580
-2734
-3566
-4435
-4915
-4818
-4257
-3978
-4218
-4347
-4034
-3549
-3314
-3264
-3085
-2990
-3064
-2795
-1942
-961
-364
-138
-204
-539
-622
-45
809
1416
1698
1939
2073
1795
1584
1867
2243
2612
3087
3223
2654
1711
1134
1241
1563
1537
1058
381
-210
-712
-1200
-1570
-1677
-1614
-1661
-1876
-2091
-2221
-2315
-2426
-2517
-2469
-2171
-1673
-1384
-1606
-1991
-2053
-1718
-1258
-944
-662
-271
-224
-700
-1039
-871
-471
-155
-191
-420
-575
-844
-1019
-887
-954
-1154
-945
-397
160
295
-312
-1520
-2745
-2783
-942
1821
3916
4368
3150
1040
-420
587
3950
7294
8726
7886
5394
3032
2759
4676
6945
7765
6828
4903
2848
1471
1444
2388
2811
2021
761
-483
-1662
-2220
-2100
-2279
-3046
-3601
-3651
-3663
-3767
-3768
-3884
-4265
-4366
-3884
-3274
-2786
-2369
-2319
-2870
-3481
-3197
-1906
-583
80
134
-209
-640
-790
-506
129
871
1504
1872
1798
1458
1330
1492
1652
1791
2125
2536
2521
1910
1183
766
718
923
1031
818
383
-261
-1061
-1705
-1931
-1770
-1559
-1564
-1770
-2025
-2133
-2100
-2120
-2109
-1856
-1416
-1060
-1141
-1658
-2006
-1760
-1149
-546
-175
-155
-417
-744
-872
-652
-300
-120
-120
-135
-83
-20
-97
-466
-1045
-1408
-1148
-372
359
568
182
-628
-1606
-2297
-2151
-1096
312
1471
2066
2061
1575
900
699
1732
3933
6032
6567
5423
3895
3243
3921
5381
6314
5991
4880
3730
2849
2399
2350
2431
2334
1759
885
-44
-906
-1582
-2021
-2125
-2193
-2455
-2830
-3234
-3484
-3520
-3488
-3590
-3748
-3579
-2959
-2309
-2070
-2357
-2818
-2934
-2475
-1441
-391
164
197
-168
-684
-1136
-1006
-113
914
1537
1547
1122
637
404
566
1118
1860
2224
2131
1632
876
570
802
1245
1402
974
342
-162
-333
-389
-627
-929
-1229
-1492
-1680
-1629
-1346
-1319
-1621
-1898
-2042
-2069
-1939
-1485
-1061
-1097
-1311
-1416
-1321
-1177
-921
-511
-189
-12
-64
-218
-371
-332
4
392
590
408
176
63
4
-51
-160
-193
-392
-660
-616
-319
-71
-356
-1044
-1751
-2147
-1873
-1102
-82
853
1449
1586
1205
866
1290
2698
4354
5252
5151
4498
4044
4295
5089
5664
5468
4615
3579
2874
2834
3286
3494
2903
1708
454
-540
-1074
-1188
-1096
-1123
-1526
-2150
-3052
-4018
-4335
-3838
-3166
-2971
-3116
-3348
-3508
-3415
-3023
-2491
-2173
-2070
-1840
-1406
-1030
-713
-411
-246
-154
-182
-123
143
384
686
1016
1334
1600
1481
1196
1070
1122
1425
1747
1880
1682
1194
826
708
738
599
248
-35
-342
-708
-1075
-1494
-1846
-1854
-1557
-1403
-1550
-1873
-2166
-2220
-2116
-1997
-1855
-1562
-1255
-1175
-1270
-1367
-1253
-1026
-653
-30
463
581
362
58
-123
-79
394
1044
1342
1114
654
252
-85
-225
-26
205
31
-489
-858
-709
-283
-180
-643
-1493
-2206
-2307
-1819
-1010
-130
678
1191
1399
1349
1274
1682
2576
3756
4642
4911
4731
4286
4324
4870
5196
4936
4162
3348
2876
2847
2901
2622
1914
1011
253
-442
-1083
-1588
-1902
-1954
-2053
-2318
-2794
-3479
-3883
-3904
-3489
-2898
-2637
-2542
-2643
-2649
-2413
-2106
-1636
-1326
-1020
-633
-180
315
504
494
331
234
352
598
898
1035
1069
1127
1243
1302
1177
964
859
985
1235
1388
1199
660
108
-88
56
121
-225
-881
-1456
-1704
-1698
-1626
-1637
-1814
-2092
-2223
-2101
-1878
-1683
-1535
-1504
-1601
-1650
-1504
-1231
-904
-501
-125
28
-62
-172
-30
314
587
729
736
579
482
619
859
1010
945
689
342
9
-153
-223
-491
-919
-1122
-952
-653
-537
-775
-1374
-2079
-2449
-2247
-1621
-838
-51
599
1070
1333
1493
1822
2293
2978
3848
4508
4757
4783
4950
5206
5316
5106
4496
3707
3052
2865
3011
2850
2135
1187
303
-473
-1050
-1503
-1969
-2360
-2692
-2918
-3031
-3178
-3404
-3637
-3684
-3545
-3221
-2651
-2184
-1979
-1775
-1479
-1079
-733
-576
-376
-40
499
1081
1314
1254
1041
804
675
756
1117
1487
1610
1506
1261
928
616
477
476
421
339
283
72
-250
-483
-634
-801
-1101
-1465
-1712
-1911
-2139
-2314
-2391
-2332
-2270
-2216
-2088
-1990
-1804
-1583
-1418
-1197
-961
-621
-210
64
198
241
317
517
727
922
1031
1013
1009
967
999
1054
909
564
280
364
539
655
604
252
-283
-846
-1183
-1343
-1460
-1599
-1567
-1353
-1337
-1466
-1709
-2087
-2433
-2459
-2071
-1459
-567
621
1788
2529
2728
2585
2522
2978
3999
5198
5949
5952
5575
5315
5299
5366
5161
4403
3239
2166
1708
1821
1832
1298
285
-1000
-2219
-2979
-3268
-3452
-3648
-3726
-3740
-3853
-3992
-3993
-3808
-3425
-2910
-2361
-1949
-1619
-1083
-327
383
651
553
457
648
1272
2037
2478
2193
1439
904
888
1336
1845
1892
1404
787
333
132
5
-138
-188
-334
-508
-697
-1077
-1446
-1623
-1524
-1444
-1678
-2065
-2450
-2575
-2452
-2277
-2194
-2319
-2434
-2243
-1662
-1141
-898
-766
-711
-536
-176
306
640
709
824
1147
1565
1796
1708
1398
1099
1024
1134
1194
1068
826
516
180
-97
-205
-177
-168
-298
-598
-984
-1273
-1359
-1384
-1554
-1942
-2302
-2357
-2058
-1498
-1069
-1095
-1693
-2478
-2769
-2373
-1382
-97
1214
2361
3165
3624
3787
3893
4246
4920
5710
6229
6255
5986
5829
5846
5707
5072
3897
2469
1309
812
817
736
162
-836
-1933
-2894
-3632
-4156
-4507
-4682
-4608
-4341
-4096
-3971
-3875
-3598
-3093
-2395
-1670
-1206
-855
-390
288
1003
1513
1868
2045
2169
2357
2511
2490
2203
1844
1638
1665
1817
1814
1466
879
333
-76
-488
-1043
-1631
-1966
-1903
-1635
-1550
-1892
-2530
-3001
-2920
-2424
-2046
-2127
-2530
-2846
-2743
-2207
-1565
-1220
-1214
-1256
-1085
-649
-45
566
1030
1297
1399
1387
1234
1130
1277
1634
2023
2117
1949
1639
1322
1146
1023
896
593
121
-306
-529
-578
-611
-788
-1133
-1472
-1712
-1694
-1584
-1632
-1929
-2426
-2774
-2909
-2777
-2451
-2084
-1720
-1428
-1164
-1025
-968
-1002
-1015
-729
-191
664
1989
3585
5003
5852
5979
5637
5356
5563
6283
6895
6780
6096
5324
4781
4518
4190
3365
1987
405
-770
-1259
-1479
-1813
-2349
-3034
-3745
-4416
-4903
-5274
-5495
-5346
-4940
-4422
-3974
-3574
-2974
-2189
-1273
-532
-180
149
661
1329
2123
2805
3063
2938
2809
2890
3099
3146
2835
2259
1697
1372
1263
1199
987
495
-158
-740
-1377
-2237
-3216
-3953
-4192
-3994
-3469
-3032
-2949
-3060
-3037
-2638
-2192
-1995
-2012
-2012
-1683
-975
-99
555
664
344
163
413
811
1162
1463
1665
1810
1983
2087
1991
1679
1320
1161
1169
1145
1046
814
396
61
-40
-155
-394
-685
-1025
-1304
-1418
-1459
-1534
-1656
-1687
-1569
-1507
-1564
-1666
-1808
-2022
-2174
-2228
-2245
-2107
-1721
-1062
-434
-39
40
-307
-655
-685
-372
328
1383
2674
4110
5392
6108
6253
5969
5622
5527
5781
6085
5983
5524
4921
4498
4101
3361
2235
779
-724
-2011
-2753
-3005
-3185
-3390
-3584
-3832
-4277
-4809
-5173
-5269
-5098
-4720
-4132
-3436
-2630
-1625
-553
374
930
1245
1494
1737
2136
2646
3133
3360
3365
3375
3368
3285
3072
2552
1690
729
-219
-928
-1280
-1404
-1349
-1396
-1713
-2341
-3189
-4000
-4657
-5016
-4993
-4607
-3907
-2985
-1995
-1124
-603
-436
-441
-369
6
503
993
1449
1884
2319
2604
2700
2444
1850
1215
746
532
479
493
525
550
542
445
203
-178
-585
-855
-932
-926
-878
-757
-631
-607
-698
-837
-986
-1133
-1205
-1190
-1186
-1140
-991
-738
-491
-468
-638
-962
-1289
-1424
-1513
-1612
-1740
-1728
-1329
-692
25
537
615
418
161
138
507
1340
2681
4185
5407
6133
6424
6493
6518
6536
6363
5764
4811
3904
3353
3111
2839
2211
1131
-257
-1670
-2856
-3728
-4367
-4873
-5237
-5401
-5338
-5094
-4765
-4458
-4222
-3978
-3579
-2940
-2109
-1176
-173
908
2006
2956
3585
3844
3830
3698
3540
3357
3122
2860
2636
2455
2202
1703
871
-188
-1244
-2137
-2847
-3402
-3787
-3905
-3669
-3231
-2946
-3034
-3430
-3891
-4117
-3960
-3538
-2996
-2222
-1045
414
1777
2704
3097
3111
2968
2762
2444
2019
1637
1474
1550
1653
1510
1009
272
-454
-1005
-1372
-1591
-1729
-1733
-1485
-1093
-699
-388
-164
35
272
424
392
276
22
-141
-6
261
591
731
544
213
-139
-464
-710
-854
-1049
-1264
-1391
-1506
-1648
-1800
-1951
-2168
-2359
-2431
-2365
-1998
-1479
-861
-172
268
433
475
560
895
1690
2889
4203
5324
6093
6627
7102
7587
7700
7166
6020
4505
3233
2370
1687
1015
267
-613
-1581
-2465
-3280
-4039
-4730
-5339
-5667
-5642
-5420
-5036
-4490
-3870
-3083
-2079
-1047
-192
445
989
1592
2243
2859
3391
3784
4101
4362
4467
4153
3380
2555
1793
1039
264
-472
-1157
-1820
-2327
-2853
-3559
-4372
-4996
-5012
-4489
-3863
-3376
-3081
-3024
-2857
-2387
-1750
-1150
-731
-233
412
1173
2059
2851
3390
3619
3601
3400
3008
2439
1775
1103
396
-328
-913
-1276
-1533
-1741
-1891
-2086
-2313
-2364
-2160
-1832
-1452
-1023
-611
-156
546
1441
2159
2498
2521
2280
1866
1533
1412
1313
1072
753
462
271
190
84
-236
-771
-1375
-1927
-2364
-2671
-2904
-3094
-3173
-3068
-2788
-2419
-2072
-1784
-1494
-1151
-838
-617
-374
-76
144
282
453
826
1633
2950
4487
5731
6449
6859
7090
7126
6989
6468
5401
4073
2842
1927
1348
832
158
-700
-1703
-2686
-3425
-3926
-4362
-4822
-5202
-5365
-5190
-4588
-3651
-2612
-1659
-784
2
747
1460
2089
2585
2793
2889
3051
3320
3718
4060
4159
3740
2854
1815
758
-209
-1037
-1785
-2595
-3417
-3999
-4255
-4319
-4327
-4322
-4331
-4237
-3869
-3254
-2588
-1978
-1372
-758
-177
391
954
1503
2029
2533
2919
3064
2986
2837
2707
2509
2122
1444
577
-372
-1199
-1694
-1944
-2065
-2253
-2375
-2385
-2281
-1894
-1370
-887
-590
-270
136
559
1119
1763
2374
2711
2892
2969
2860
2598
2100
1425
576
-144
-486
-558
-549
-627
-809
-1124
-1462
-1655
-1802
-2123
-2575
-3017
-3315
-3367
-3129
-2641
-2228
-1924
-1643
-1349
-973
-637
-358
-267
-394
-594
-770
-727
-322
544
1826
3281
4620
5714
6652
7481
8061
8107
7434
6145
4671
3443
2522
1754
1031
236
-626
-1348
-1866
-2297
-2790
-3458
-4219
-4920
-5388
-5416
-5010
-4329
-3439
-2371
-1145
147
1309
2251
2872
3053
2967
2918
3034
3264
3476
3544
3373
2956
2382
1676
796
-222
-1310
-2428
-3479
-4333
-4907
-5226
-5388
-5392
-5181
-4711
-3917
-2934
-2037
-1353
-894
-487
71
686
1207
1571
1819
2156
2655
3141
3460
3516
3313
2957
2449
1747
891
-52
-971
-1731
-2291
-2608
-2702
-2654
-2459
-2170
-1849
-1452
-1075
-812
-529
-173
226
767
1433
2052
2572
3005
3290
3331
3077
2592
1938
1152
412
-138
-583
-987
-1271
-1437
-1575
-1692
-1769
-1887
-2125
-2399
-2578
-2683
-2771
-2778
-2628
-2361
-2069
-1756
-1464
-1345
-1373
-1325
-1148
-944
-739
-496
-280
-257
-319
-219
-49
244
969
2053
3268
4502
5555
6350
6982
7491
7702
7356
6444
5196
3926
2854
1893
937
86
-715
-1531
-2165
-2475
-2735
-3260
-3872
-4388
-4759
-4803
-4432
-3903
-3265
-2292
-1164
88
1391
2395
3053
3343
3399
3355
3228
3046
2727
2320
1918
1501
1030
488
-177
-930
-1723
-2620
-3520
-4362
-5168
-5706
-5849
-5627
-5009
-4173
-3192
-1991
-797
234
1035
1522
1808
1891
1852
1824
1645
1508
1715
2066
2349
2506
2508
2356
1938
1299
559
-431
-1505
-2340
-2823
-2960
-2839
-2439
-1939
-1388
-758
-194
259
498
621
777
1069
1551
2030
2410
2648
2818
3090
3298
3180
2654
1779
757
-284
-1183
-1836
-2375
-2766
-2961
-2971
-2806
-2659
-2496
-2331
-2287
-2314
-2436
-2510
-2520
-2423
-2071
-1640
-1136
-673
-308
-48
-2
-30
-211
-502
-769
-975
-995
-893
-657
-335
48
562
1148
1839
2630
3502
4297
4946
5564
6066
6464
6686
6678
6343
5582
4634
3599
2516
1410
298
-797
-1811
-2626
-3175
-3486
-3643
-3619
-3545
-3440
-3324
-3167
-2822
-2407
-1858
-1170
-394
317
952
1717
2334
2645
2792
2859
2727
2360
1994
1557
909
172
-491
-1119
-1761
-2308
-2798
-3298
-3758
-4096
-4313
-4426
-4294
-3956
-3450
-2702
-1769
-790
77
818
1327
1579
1702
1713
1564
1292
1172
1228
1318
1416
1548
1699
1736
1677
1456
962
286
-383
-967
-1524
-1934
-2012
-1803
-1416
-847
-105
588
1057
1398
1641
1648
1496
1350
1206
1150
1272
1439
1492
1410
1248
991
578
27
-633
-1388
-2123
-2712
-3111
-3308
-3338
-3228
-2946
-2536
-2071
-1594
-1238
-1075
-1045
-1089
-1100
-1013
-893
-762
-625
-474
-297
-166
-146
-234
-376
-503
-615
-692
-720
-729
-591
-160
441
1106
1925
2889
3876
4810
5643
6296
6648
6732
6691
6423
5829
5076
4229
3278
2300
1323
356
-618
-1554
-2285
-2836
-3307
-3640
-3846
-3969
-3991
-3899
-3631
-3192
-2617
-1887
-1109
-396
326
1045
1629
2079
2392
2467
2334
2129
1860
1473
976
433
-144
-775
-1412
-1984
-2493
-2975
-3406
-3773
-4074
-4241
-4177
-3885
-3435
-2851
-2145
-1381
-618
89
686
1158
1524
1765
1870
1875
1855
1877
1962
2056
2095
2103
2111
2078
1931
1596
1028
281
-478
-1129
-1596
-1883
-1983
-1885
-1621
-1150
-550
60
574
878
994
977
938
871
752
663
599
543
538
573
553
445
292
8
-439
-929
-1403
-1886
-2262
-2436
-2502
-2474
-2337
-2082
-1801
-1541
-1221
-1001
-881
-810
-751
-667
-643
-585
-532
-550
-576
-529
-449
-411
-396
-364
-289
-277
-223
-81
144
580
1200
2021
2908
3776
4646
5482
6259
6882
7223
7207
6861
6188
5312
4332
3260
2125
952
-114
-1063
-1903
-2587
-3136
-3614
-4035
-4339
-4528
-4587
-4488
-4194
-3774
-3252
-2553
-1787
-984
-148
682
1420
1963
2417
2721
2819
2745
2461
2059
1497
842
175
-531
-1169
-1788
-2363
-2878
-3337
-3598
-3719
-3730
-3643
-3468
-3186
-2810
-2245
-1552
-852
-180
457
1091
1606
2013
2333
2466
2506
2455
2424
2395
2253
2136
1903
1627
1302
893
524
30
-475
-997
-1466
-1775
-2041
-2141
-2112
-1911
-1550
-1096
-514
-2
431
803
1072
1241
1276
1259
1144
970
830
714
582
364
161
-40
-253
-483
-781
-1126
-1541
-1912
-2194
-2371
-2410
-2363
-2257
-2092
-1825
-1485
-1151
-890
-696
-556
-483
-443
-375
-311
-318
-340
-308
-221
-162
-41
122
208
316
446
735
1167
1748
2502
3278
4070
4776
5487
6198
6750
6955
6738
6179
5320
4404
3429
2354
1135
-142
-1202
-2096
-2738
-3170
-3535
-3867
-4151
-4253
-4252
-4215
-4146
-4030
-3784
-3339
-2725
-2005
-1190
-325
553
1414
2155
2688
3040
3250
3234
2961
2482
1838
1086
331
-364
-1048
-1736
-2378
-2884
-3169
-3251
-3244
-3228
-3144
-2925
-2590
-2173
-1659
-1089
-575
-69
445
973
1425
1760
2076
2262
2378
2438
2377
2224
1930
1664
1391
1025
639
152
-320
-786
-1194
-1501
-1818
-2023
-2151
-2082
-1815
-1444
-967
-534
-35
422
823
1156
1327
1429
1403
1313
1103
847
651
418
198
7
-204
-488
-762
-926
-1091
-1348
-1538
-1726
-1928
-1961
-1861
-1621
-1484
-1413
-1190
-1014
-884
-705
-529
-509
-533
-420
-280
-179
-139
-125
-113
-97
-77
-65
-74
-72
-25
86
334
689
1221
1964
2863
3783
4606
5406
6082
6556
6775
6672
6205
5385
4436
3410
2271
1050
-171
-1271
-2242
-2983
-3478
-3853
-4137
-4339
-4376
-4308
-4204
-4048
-3864
-3596
-3192
-2612
-1932
-1261
-563
269
1161
1948
2618
3130
3445
3501
3369
3071
2489
1704
838
31
-739
-1463
-2065
-2558
-2895
-3066
-3034
-2936
-2770
-2454
-2096
-1749
-1370
-880
-447
-130
234
613
926
1220
1562
1833
1966
2050
2104
2022
1800
1562
1315
929
379
-171
-667
-1132
-1547
-1802
-1929
-1990
-1897
-1690
-1378
-1014
-571
-151
139
431
670
848
892
940
967
868
772
647
570
400
259
170
-53
-275
-532
-751
-998
-1208
-1279
-1405
-1520
-1514
-1394
-1290
-1188
-1015
-859
-793
-745
-657
-609
-588
-529
-434
-390
-397
-391
-378
-371
-342
-285
-257
-290
-286
-131
132
469
957
1629
2429
3248
4105
4983
5731
6270
6628
6673
6234
5551
4734
3639
2322
988
-201
-1357
-2410
-3123
-3572
-3916
-4118
-4100
-3987
-3882
-3701
-3454
-3335
-3234
-2925
-2468
-2029
-1556
-857
-87
676
1522
2401
3112
3510
3763
3840
3620
3123
2415
1555
519
-473
-1300
-2015
-2587
-2931
-3018
-3007
-2865
-2496
-2072
-1699
-1356
-1007
-683
-477
-298
-119
41
250
459
718
973
1205
1469
1674
1798
1730
1512
1208
765
243
-298
-793
-1284
-1705
-1926
-1972
-1899
-1700
-1376
-984
-540
-121
240
507
688
799
830
867
807
683
592
505
445
340
243
110
-96
-202
-309
-482
-735
-985
-1097
-1191
-1214
-1199
-1197
-1152
-1100
-962
-816
-721
-654
-656
-641
-622
-587
-527
-513
-528
-534
-501
-485
-475
-434
-355
-327
-293
-72
179
469
946
1624
2363
3018
3798
4607
5241
5760
6126
6195
5860
5280
4570
3606
2372
1103
-51
-1157
-2201
-3000
-3523
-3917
-4136
-4069
-3859
-3671
-3436
-3114
-2838
-2627
-2345
-1973
-1638
-1268
-746
-124
499
1146
1884
2537
3024
3391
3621
3621
3284
2760
2081
1250
376
-495
-1281
-2012
-2573
-2846
-2923
-2823
-2592
-2259
-1873
-1463
-974
-521
-202
22
202
374
513
628
717
754
795
858
881
860
765
633
466
176
-125
-449
-837
-1141
-1414
-1576
-1585
-1562
-1463
-1288
-982
-592
-221
122
395
596
723
873
943
878
790
655
502
348
301
224
5
-145
-251
-385
-535
-662
-809
-977
-1066
-1117
-1123
-1156
-1171
-1055
-965
-866
-726
-633
-591
-533
-422
-379
-379
-420
-490
-510
-479
-417
-408
-347
-231
-130
69
359
723
1172
1688
2270
2864
3417
4000
4579
4991
5228
5261
5017
4571
4005
3244
2312
1249
163
-801
-1676
-2394
-2937
-3332
-3599
-3678
-3579
-3440
-3199
-2957
-2715
-2407
-2080
-1769
-1480
-1142
-755
-219
328
816
1355
1899
2403
2804
3105
3200
3096
2788
2325
1820
1140
352
-427
-1137
-1764
-2227
-2499
-2647
-2604
-2449
-2145
-1675
-1154
-655
-230
159
437
591
744
829
739
617
509
405
294
149
30
-117
-257
-323
-399
-530
-696
-819
-947
-1048
-1044
-1049
-1063
-1031
-899
-695
-489
-239
-35
151
362
562
733
813
860
850
818
757
638
477
252
34
-219
-450
-651
-871
-1022
-1138
-1185
-1235
-1274
-1192
-1117
-1029
-917
-806
-697
-659
-619
-566
-528
-529
-516
-496
-586
-614
-530
-438
-331
-197
-2
238
516
888
1352
1784
2229
2750
3246
3670
4073
4390
4517
4510
4365
4066
3581
2936
2242
1449
622
-181
-915
-1534
-2091
-2485
-2694
-2845
-2890
-2794
-2687
-2556
-2393
-2238
-2068
-1883
-1689
-1488
-1205
-899
-544
-41
449
932
1450
1888
2204
2457
2592
2517
2312
1968
1480
972
423
-208
-762
-1245
-1650
-1831
-1877
-1791
-1552
-1234
-878
-487
-71
262
514
649
639
584
431
157
-110
-371
-681
-881
-921
-954
-904
-765
-610
-427
-278
-168
-121
-148
-251
-400
-541
-729
-871
-924
-958
-873
-684
-476
-174
237
592
873
1136
1293
1369
1363
1251
1023
645
251
-135
-497
-797
-1062
-1270
-1418
-1473
-1451
-1385
-1235
-1053
-936
-860
-769
-746
-747
-718
-704
-738
-819
-788
-697
-611
-446
-279
-73
162
418
743
1044
1359
1718
2123
2489
2809
3146
3403
3644
3862
3914
3814
3605
3277
2829
2320
1742
1104
449
-176
-716
-1188
-1606
-1909
-2078
-2185
-2225
-2202
-2176
-2158
-2071
-1957
-1853
-1740
-1687
-1544
-1298
-1070
-743
-377
-45
339
761
1181
1533
1771
1940
1973
1900
1765
1476
1127
723
312
-14
-321
-597
-776
-810
-820
-747
-569
-442
-347
-247
-137
-152
-233
-334
-549
-760
-943
-1069
-1143
-1207
-1174
-1049
-890
-650
-354
-148
24
194
290
342
269
122
-25
-218
-393
-527
-601
-646
-607
-438
-216
23
228
466
668
795
897
895
803
640
476
289
38
-202
-406
-621
-823
-943
-1038
-1116
-1174
-1189
-1173
-1181
-1154
-1142
-1116
-1064
-1025
-957
-910
-850
-741
-597
-409
-223
12
292
594
971
1367
1770
2158
2558
2964
3262
3507
3678
3708
3619
3451
3197
2784
2301
1808
1243
668
131
-344
-801
-1200
-1431
-1622
-1758
-1773
-1777
-1762
-1712
-1643
-1619
-1609
-1582
-1603
-1572
-1494
-1431
-1305
-1080
-808
-501
-105
291
627
978
1293
1466
1559
1620
1593
1480
1317
1139
957
740
554
456
350
226
164
97
-9
-85
-202
-414
-638
-851
-1070
-1296
-1518
-1692
-1809
-1882
-1851
-1734
-1590
-1364
-1068
-789
-484
-162
72
244
405
492
514
519
499
423
365
339
282
283
289
277
309
326
332
318
279
206
104
34
-52
-148
-240
-316
-352
-414
-448
-444
-432
-435
-482
-494
-517
-528
-531
-582
-611
-645
-690
-697
-728
-778
-777
-788
-780
-711
-578
-429
-200
116
458
862
1300
1726
2117
2491
2782
2973
3101
3135
3045
2871
2624
2281
1887
1481
1049
620
221
-169
-528
-792
-979
-1140
-1265
-1315
-1337
-1347
-1321
-1296
-1289
-1310
-1293
-1272
-1253
-1199
-1134
-1042
-956
-773
-550
-365
-169
76
258
399
572
678
755
796
803
773
749
684
623
582
499
420
355
298
194
121
29
-67
-184
-325
-418
-562
-732
-863
-962
-1084
-1150
-1149
-1158
-1119
-1011
-854
-710
-574
-385
-249
-123
44
148
224
310
357
408
487
517
530
565
589
621
634
618
559
470
411
303
150
42
-76
-246
-369
-451
-549
-609
-622
-610
-593
-550
-494
-445
-376
-321
-250
-176
-158
-117
-63
-79
-86
-72
-80
-74
-62
-68
-81
-70
-27
18
95
195
309
475
658
841
1041
1221
1369
1502
1598
1618
1603
1506
1344
1186
971
737
491
239
31
-133
-260
-378
-477
-549
-592
-611
-623
-641
-665
-682
-690
-674
-655
-628
-595
-557
-490
-418
-332
-247
-168
-87
-25
32
96
153
197
233
258
276
302
311
283
248
218
158
77
22
-53
-162
-241
-323
-433
-489
-530
-609
-657
-674
-690
-665
-613
-566
-509
-453
-395
-330
-273
-202
-146
-138
-85
-34
-26
12
57
80
111
155
196
242
286
318
369
414
432
449
467
472
442
409
393
325
229
188
121
-2
-53
-86
-195
-259
-256
-303
-346
-305
-291
-307
-280
-242
-226
-216
-178
-161
-134
-94
-55
-6
3
52
118
148
214
252
282
343
377
413
474
505
543
604
651
680
681
657
613
561
501
402
282
178
86
-4
-79
-122
-158
-193
-177
-154
-165
-158
-148
-159
-160
-184
-225
-250
-292
-321
-315
-316
-313
-292
-251
-188
-120
-52
26
101
164
218
253
248
219
190
140
58
-23
-96
-189
-278
-330
-381
-435
-471
-493
-518
-525
-511
-507
-507
-489
-453
-431
-400
-364
-314
-240
-190
-118
-55
-5
50
86
131
136
138
153
139
122
103
86
61
37
28
34
39
55
74
101
138
178
222
245
261
273
285
295
281
283
276
256
231
216
221
186
156
147
125
102
79
62
32
-2
-5
-14
-25
-22
-16
-21
-26
-15
23
54
55
77
113
131
146
166
187
185
210
247
234
230
249
240
199
175
149
97
60
37
1
-24
-43
-57
-34
6
21
51
63
44
53
46
25
-6
-54
-100
-157
-206
-232
-264
-308
-327
-325
-315
-333
-327
-268
-264
-252
-187
-166
-179
-168
-147
-160
-175
-156
-158
-192
-176
-141
-148
-127
-114
-129
-139
-164
-164
-166
-206
-210
-214
-241
-234
-196
-165
-145
-76
-16
14
82
137
164
192
218
241
231
220
217
180
139
126
102
75
77
81
85
99
118
149
171
195
219
217
215
222
213
205
204
185
175
193
206
205
224
260
278
281
282
264
218
182
150
100
49
17
-17
-58
-74
-67
-73
-78
-61
-64
-64
-50
-66
-58
-53
-73
-56
-57
-58
-36
-40
-39
-28
-34
-39
-39
-34
-38
-53
-50
-47
-55
-61
-62
-66
-84
-93
-96
-125
-133
-136
-151
-137
-133
-126
-120
-119
-90
-81
-77
-55
-60
-58
-42
-46
-67
-81
-97
-127
-140
-153
-159
-170
-190
-175
-167
-155
-99
-64
-40
-2
5
25
41
33
53
47
14
-1
-15
-39
-71
-67
-56
-82
-64
-31
-24
-25
9
36
11
37
73
63
69
121
122
114
163
202
167
168
232
216
186
205
213
193
168
171
176
116
111
134
74
60
75
64
61
62
76
85
97
132
156
142
164
166
128
137
119
93
77
57
53
24
2
-5
-16
-42
-76
-79
-108
-142
-153
-188
-231
-269
-251
-236
-242
-207
-203
-203
-159
-123
-70
-34
-31
-6
-3
-11
14
21
-1
-25
-22
-25
-54
-59
-56
-63
-71
-65
-54
-53
-37
-34
-50
-48
-24
-9
8
32
27
12
19
23
2
1
1
-9
-28
-27
-16
-44
-40
-33
-35
-28
-25
7
5
0
3
-8
7
14
15
10
-9
-17
-8
-5
-17
-32
-38
-42
-54
-56
-49
-54
-56
-24
-20
-37
-13
-11
-20
-13
8
39
44
80
98
113
167
174
205
213
194
206
180
188
178
155
147
106
103
99
87
85
83
78
66
67
65
56
44
43
35
30
40
52
52
57
49
27
46
37
24
24
-7
2
-4
-21
-23
-56
-82
-88
-102
-123
-121
-131
-153
-153
-154
-156
-143
-132
-127
-126
-127
-110
-102
-86
-68
-64
-62
-61
-45
-61
-59
-30
-33
-28
-45
-52
-46
-59
-46
-43
-52
-46
-43
-44
-35
-17
-6
-8
-7
-2
4
15
25
26
22
19
25
31
29
30
29
19
7
10
15
10
6
13
-2
-21
1
6
-1
14
17
13
9
15
16
0
5
2
-1
13
6
-9
-21
-16
-13
-29
-14
-10
-27
-18
-5
10
14
13
22
24
35
67
88
92
100
112
116
114
125
134
117
111
111
99
89
80
91
80
68
87
74
56
66
66
46
43
42
28
18
22
24
9
9
7
-9
-16
-24
-23
-32
-42
-45
-49
-55
-65
-63
-63
-71
-67
-69
-77
-74
-71
-63
-57
-69
-72
-69
-74
-88
-85
-59
-63
0
0
0
0
0
0
0
0
0
0
0
0
0
0
0
0
0
0
0
0
0
0
0
0
0
0
0
0
0
0
0
0
0
0
0
0
0
0
0
0
0
0
0
0
0
0
0
0
0
0
0
0
0
0
0
0
0
0
0
0
0
0
0
0
0
0
0
0
0
0
0
0
0
0
0
0
0
0
0
0
0
0
0
0
0
0
0
0
0
0
0
0
0
0
0
0
0
0
0
0
0
0
0
0
0
0
0
0
0
0
0
0
0
0
0
0
0
0
0
0
0
0
0
0
0
0
0
0
0
0
0
0
0
0
0
0
0
0
0
0
0
0
0
0
0
0
0
0
0
0
0
0
0
0
0
0
0
0
0
0
0
0
0
0
0
0
0
0
0
0
0
0
0
0
0
0
0
0
0
0
0
0
0
0
0
0
0
0
0
0
0
0
0
0
0
0
0
0
0
0
0
0
0
0
0
0
0
0
0
0
0
0
0
0
0
0
0
0
0
0
0
0
0
0
0
0
0
0
0
0
0
0
0
0
0
0
0
0
0
0
0
0
0
0
0
0
0
0
0
0
0
0
0
0
0
0
0
0
0
0
0
0
0
0
0
0
0
0
0
0
0
0
0
0
0
0
0
0
0
0
0
0
0
0
0
0
0
0
0
0
0
0
0
0
0
0
0
0
0
0
0
0
0
0
0
0
0
0
0
0
0
0
0
0
0
0
0
0
0
0
0
0
0
0
0
0
0
0
0
0
0
0
0
0
0
0
0
0
0
0
0
0
0
0
0
0
0
0
0
0
0
0
0
0
0
0
0
0
0
0
0
0
0
0
0
0
0
0
0
0
0
0
0
0
0
0
0
0
0
0
0
0
0
0
0
0
0
0
0
0
0
0
0
0
0
0
0
0
0
0
