0
0
0
0
0
0
0
0
0
0
0
0
0
0
0
0
0
0
0
0
0
0
0
0
0
0
0
0
0
0
0
0
0
0
0
0
0
0
0
0
0
0
0
0
0
0
0
0
0
0
0
0
0
0
0
0
0
0
0
0
0
0
0
0
0
0
0
0
0
0
0
0
0
0
0
0
0
0
0
0
0
0
0
0
0
0
0
0
0
0
0
0
0
0
0
0
0
0
0
0
0
0
0
0
0
0
0
0
0
0
0
0
0
0
0
0
0
0
0
0
0
0
0
0
0
0
0
0
0
0
0
0
0
0
0
0
0
0
0
0
0
0
0
0
0
0
0
0
0
0
0
0
0
0
0
0
0
0
0
0
0
0
0
0
0
0
0
0
0
0
0
0
0
0
0
0
0
0
0
0
0
0
0
0
0
0
0
0
0
0
0
0
0
0
0
0
0
0
0
0
0
0
0
0
0
0
0
0
0
0
0
0
0
0
0
0
0
0
0
0
0
0
0
0
0
0
0
0
0
0
0
0
0
0
0
0
0
0
0
0
0
0
0
0
0
0
0
0
0
0
0
0
0
0
0
0
0
0
0
0
0
0
0
0
0
0
0
0
0
0
0
0
0
0
0
0
0
0
0
0
0
0
0
0
0
0
0
0
0
0
0
0
0
0
0
0
0
0
0
0
0
0
0
0
0
0
0
0
0
0
0
0
0
0
0
0
0
0
0
0
0
0
0
0
0
0
0
0
0
0
0
0
0
0
0
0
0
0
0
0
0
0
0
0
0
0
0
0
0
0
0
0
0
0
0
0
0
0
0
0
0
0
0
0
0
0
0
0
0
0
0
0
0
0
0
0
0
0
0
0
0
0
0
0
0
0
0
0
0
0
0
0
0
0
0
0
-1
-78
34
26
-65
24
20
-56
41
-13
-90
78
-5
-79
33
68
38
-52
17
136
-41
-122
155
15
-164
66
62
-58
-41
118
71
-123
2
117
-80
-144
101
-9
-136
114
17
-123
21
120
-60
-135
184
-14
-222
183
136
-275
-11
301
-159
-221
170
33
-208
-86
120
-76
-158
110
22
-25
70
-43
-42
101
15
-190
72
214
-176
-133
232
42
-211
49
153
-16
-118
15
151
-51
-104
93
130
-49
-41
80
59
-25
-95
124
101
-194
-27
185
-39
-147
115
67
-116
40
13
-134
22
34
-208
-7
205
-152
-141
212
32
-300
68
263
-203
-112
197
61
-147
-7
163
-113
-46
179
-136
-30
220
-191
-112
341
-52
-282
220
192
-279
-145
305
34
-294
207
277
-226
-60
219
-39
-134
23
29
4
33
13
-50
58
106
-244
-113
325
-148
-245
296
217
-180
-62
253
-14
-136
-34
114
61
-134
128
121
44
-25
-73
98
-30
-107
-42
29
51
-19
-72
43
106
-102
-114
30
35
-90
-119
58
154
-123
-90
235
-39
-263
-11
75
-136
-94
101
81
-84
-30
69
-97
-80
-50
-27
62
-78
-22
106
15
-20
2
74
-14
-100
74
115
-60
25
209
-9
-23
119
-35
2
5
-101
51
69
-68
72
91
-42
40
16
-63
-33
52
-40
-136
100
-21
-276
92
174
-268
-96
271
15
-230
-7
185
-97
-191
129
91
-82
-20
-17
40
-3
-211
17
135
-150
-83
106
114
-88
-154
231
144
-283
10
326
-92
-260
215
244
-200
-94
315
59
-275
102
210
-163
-85
230
87
-133
95
75
-139
27
12
-84
37
70
-43
-37
122
-24
-96
65
-15
-16
1
-22
39
23
4
-31
14
55
-86
-85
121
59
-89
42
52
-62
-96
-4
106
-134
-102
221
-70
-134
157
-35
-132
-13
44
-85
-162
133
94
-209
-1
254
-196
-154
335
-149
-142
246
-68
-80
57
70
-129
-73
123
-239
28
174
-196
53
197
-3
-236
71
196
-283
-32
174
-4
-126
-68
311
-6
-286
128
242
-186
-272
383
136
-392
166
325
-150
-215
183
139
-264
-77
170
-6
-125
66
75
-26
-21
-153
91
101
-174
-27
149
181
-257
-85
399
-161
-274
177
164
-178
-184
188
146
-111
-91
299
127
-360
99
195
-124
-58
50
73
-36
131
-50
-144
248
-72
-306
234
284
-334
-105
415
-41
-363
135
273
-246
-146
227
-7
-183
25
-10
-164
143
-59
-361
319
101
-554
247
359
-428
-23
294
-85
-139
-58
214
43
-235
302
107
-242
139
-62
-135
125
-45
-52
147
22
-116
56
12
-87
-30
-32
122
-77
-108
286
-81
-154
295
-57
-267
195
115
-278
97
246
-62
40
75
140
-30
-180
108
-45
-76
67
-27
81
69
-165
-20
171
-142
-178
176
114
-181
32
258
-85
-171
129
68
-154
86
-26
-219
306
-66
-309
394
4
-379
17
213
-113
-346
237
239
-261
-156
282
75
-402
74
227
-75
-99
124
243
-156
-45
127
-93
19
31
-79
76
32
-29
27
-80
163
-79
-266
423
-87
-398
340
145
-277
-72
449
-127
-349
340
-36
-104
-86
132
199
-279
94
53
62
-63
-237
317
-91
-189
214
-32
-10
-2
-92
44
80
-166
-103
218
-32
-238
43
309
-138
-313
394
17
-405
245
164
-264
13
190
-177
-99
218
-161
-244
213
-17
-389
151
277
-418
-52
423
-171
-212
229
187
-209
-69
386
-74
-118
350
-83
-90
249
-35
-105
170
139
-154
91
274
-94
-148
270
195
-473
103
429
-359
-213
197
148
-329
-101
356
-119
-188
7
82
-96
-218
167
153
-201
-30
175
-195
-120
167
-94
-169
80
134
-286
-32
383
-295
-137
372
44
-193
-63
289
4
-216
62
145
-57
-334
146
258
-356
-48
396
-115
-202
269
46
-141
29
113
56
-145
148
186
-260
125
64
-235
316
-80
-220
295
55
-194
-14
381
-159
-316
245
79
-126
-157
287
70
-242
115
-31
176
-135
-396
386
18
-440
301
233
-348
-15
196
-128
-73
53
-83
61
-10
-88
99
-43
-52
7
1
-183
-16
189
-274
97
184
-189
131
-15
-56
-82
-139
171
-113
-8
368
-189
-253
300
61
-363
9
407
-58
-323
270
266
-348
-35
342
-101
-52
60
-77
254
-167
-266
470
-210
-255
444
-302
-111
232
-268
132
77
17
137
-100
195
-18
-107
178
-64
-102
77
-7
-48
22
-41
41
-52
-107
34
96
-106
-151
201
-20
-71
-147
139
291
-583
70
391
-388
-131
292
97
-221
52
123
44
-32
-145
202
88
-349
119
190
-212
16
98
108
-391
160
210
-582
507
10
-424
382
3
-151
-132
317
-100
-321
520
-171
-173
129
-22
10
-150
289
-202
-64
334
-308
43
214
18
-75
271
53
-293
284
-233
-17
187
-236
222
38
8
-211
154
190
-578
297
268
-277
-10
236
37
-376
311
-17
-207
253
-341
31
180
-184
-117
190
237
-331
36
253
-267
-232
203
-58
-197
220
-83
-21
170
-231
-165
267
-110
-188
241
-33
107
-122
-12
223
-389
159
13
-242
274
-192
-91
320
-205
-122
384
-259
-168
361
-118
-91
70
169
83
-375
240
314
-372
93
196
-120
37
-174
44
349
-442
-92
503
-334
-153
203
100
-139
-275
575
-180
-366
618
-334
-315
446
28
-332
232
250
-503
172
286
-413
178
216
-164
122
-53
53
45
-189
321
-188
-306
519
-11
-394
229
261
-356
34
301
-373
87
281
-379
-32
348
-66
-362
300
372
-679
33
585
-425
-245
208
196
-298
-196
483
-249
-199
383
-60
-146
181
83
-510
300
451
-921
260
752
-777
-337
748
-86
-619
300
446
-240
-585
752
422
-1323
615
887
-1271
122
888
-707
-185
727
-219
-419
478
284
-912
207
1109
-1168
-316
1371
-658
-871
939
345
-937
-37
708
-265
-836
471
650
-1069
134
976
-943
-93
825
-649
-338
866
-126
-718
539
424
-512
-362
766
193
-1123
673
703
-998
9
711
-168
-462
423
311
-562
-11
549
-180
-339
610
-76
-606
624
37
-536
328
274
-279
-272
509
190
-685
271
584
-728
-29
841
-772
-290
917
-520
-417
838
-4
-886
432
709
-1064
-21
1098
-673
-638
815
131
-818
228
436
-401
-151
283
37
-169
79
-38
116
-46
-191
154
-31
123
-286
-4
483
-287
-10
361
-86
-236
105
165
-69
8
204
-190
-88
197
-130
-23
278
-42
-407
89
325
-4
-545
566
576
-1309
411
859
-922
-293
784
89
-844
494
450
-711
-184
704
-248
-894
1172
-86
-1223
992
375
-1047
115
964
-683
-627
911
57
-748
171
980
-766
-625
1377
-496
-960
1167
192
-1240
607
751
-1129
68
1004
-624
-653
921
86
-1178
550
936
-1049
-172
1362
-663
-1130
1374
211
-1544
830
1050
-1263
-154
1255
-490
-928
866
309
-1104
480
706
-946
243
746
-644
-248
718
189
-1215
707
1057
-1568
244
926
-369
-662
305
828
-1172
-46
832
-490
7
222
9
-61
-9
-36
-204
148
-82
-137
179
77
-76
-59
106
-125
116
-150
-137
537
-447
-287
713
-168
-466
517
98
-822
510
361
-843
618
125
-615
409
274
-360
-190
615
-105
-492
327
499
-724
-75
1037
-786
-49
196
-360
618
-636
32
607
-705
220
-10
-43
401
-670
163
586
-494
-334
506
115
-458
120
93
2
-141
-314
402
122
-224
34
15
119
-126
-176
102
73
-9
114
-248
583
-72
-1006
1171
-4
-821
393
353
-196
-467
677
44
-81
-121
-62
493
-868
234
480
-669
222
341
-279
-234
439
-114
-557
518
232
-892
615
715
-1362
489
967
-1230
-74
835
-420
-432
294
443
-397
-556
960
22
-1066
861
118
-936
730
141
-402
445
138
-192
-80
260
-38
-305
166
62
-73
66
33
-119
241
-303
-282
809
-683
-160
930
-576
-124
803
-49
-637
575
-35
-620
404
-55
-66
-8
64
-41
-37
183
-259
155
284
-221
-268
356
107
-634
256
439
-517
-282
400
130
-377
169
256
-208
-17
408
-361
-252
997
-1111
119
1029
-1219
291
437
-375
-124
327
90
-147
120
-110
210
-203
39
482
-663
-24
727
-623
-190
521
44
-687
161
1040
-1444
317
1355
-1615
270
1531
-1311
-793
2011
-840
-1442
1504
190
-1259
9
1516
-1048
-869
1393
-678
-546
613
-98
-302
574
-295
-352
928
-620
-29
697
-724
101
319
-669
272
211
-289
147
-25
419
-788
130
942
-1174
462
766
-941
63
876
-820
-304
1067
-836
-66
618
-464
205
-27
87
37
-245
466
-397
-150
852
-625
-173
1011
-547
-546
900
-107
-721
445
72
-162
-300
531
201
-1059
1098
-343
-771
973
-403
-129
276
187
-245
-153
391
-253
-204
20
305
-290
-337
872
-423
-405
891
-482
-512
591
-358
-406
709
-228
-277
717
-150
-464
226
448
-580
-502
1068
-223
-913
1051
371
-1129
596
518
-759
91
20
155
-108
-23
353
-174
325
-232
-183
403
-274
-324
267
155
-492
307
252
-335
72
-132
29
-82
-126
363
-171
172
242
-318
241
-20
-110
11
-34
-105
-47
89
-232
196
-50
-425
477
143
-769
447
550
-623
26
455
-5
-455
176
258
-424
40
114
210
-153
-121
454
-363
81
-55
-368
683
-341
-256
620
-349
-241
159
-48
53
-84
-51
366
-358
207
387
-718
961
-324
-923
995
-301
-615
389
510
-470
-19
641
-297
-192
187
-38
-171
5
119
180
-250
16
584
-606
-308
744
-317
-615
501
518
-958
201
1011
-1148
51
691
-638
158
243
-73
-162
264
138
-477
415
212
-537
-301
643
-369
-834
1040
-322
-491
874
-276
-362
673
-485
-590
1071
-577
-299
899
-554
-210
221
-57
9
-3
55
338
-90
-312
290
296
-230
-351
820
-91
-892
870
-131
-526
206
-120
361
-422
77
459
-526
62
217
-263
-58
191
-244
39
165
-173
198
-82
289
-19
-243
389
-542
313
-40
-721
1022
-281
-459
893
-148
-307
172
-41
-374
-13
115
-36
29
31
58
-332
162
-135
-80
382
-549
551
44
-915
805
-109
-686
582
160
-453
-126
284
-341
-213
604
-14
-15
414
-232
-228
-148
341
35
-466
963
-315
-484
778
-464
-419
176
252
-293
-146
588
-199
-57
157
-521
620
2
-974
943
298
-1128
395
932
-803
-360
883
-121
-535
-10
603
-399
-496
1077
-552
16
1208
-1152
-13
957
-1252
-484
1547
-325
-861
1446
-393
-867
564
-215
-178
16
604
-599
-306
1230
-903
-191
874
-168
-333
-291
715
-337
-549
698
-77
-149
51
47
-195
285
-245
-304
519
-728
311
250
-104
401
-373
-30
-24
34
-367
-46
805
-281
-736
712
391
-1231
332
1153
-962
-301
1092
-488
-725
928
-159
-545
1069
-525
-633
1040
-378
-554
661
160
-415
185
333
-358
-247
331
-73
-467
538
-96
-560
919
-395
-466
748
-348
35
-56
144
294
-839
228
620
-613
-186
754
-229
-315
413
-331
-79
517
-270
-83
579
-182
-479
353
378
-730
315
683
-794
461
-128
-572
930
-724
-92
763
-617
-132
447
-80
-718
888
42
-1039
1131
-309
-678
677
-367
-194
-17
199
25
-543
568
154
-666
243
353
-492
-112
581
-366
-231
628
-287
-189
344
-57
-139
219
182
-806
427
780
-1407
615
1070
-1421
262
856
-915
-11
690
-604
-95
462
5
-362
-17
871
-960
-41
1193
-1278
275
753
-720
0
320
159
-684
277
561
-699
194
563
-306
-407
693
70
-537
580
-194
-62
123
-524
531
97
-397
365
44
-142
-47
202
88
-253
292
-58
-220
194
31
-53
-20
185
-216
17
374
-235
-149
305
-141
-494
227
172
-557
-116
463
-435
-557
564
-164
-576
514
78
-485
210
154
-379
298
108
-446
278
140
-87
70
353
75
-241
218
227
29
-245
267
83
-255
343
63
98
46
-286
310
122
-539
261
259
-414
-59
298
20
-403
8
425
-339
-491
707
-90
-687
746
308
-441
120
283
-410
-240
486
-297
-201
456
-57
-236
113
335
-199
-367
423
68
-496
124
140
-174
-206
205
373
-666
-49
552
-599
-88
326
-73
-64
-39
215
-313
-10
260
-524
136
290
-327
-167
327
120
-636
152
411
-480
-161
384
102
-413
171
415
-206
82
54
36
350
-56
11
152
-29
56
41
-34
246
209
-468
419
395
-531
239
473
49
-205
219
346
-412
-319
453
65
-381
226
214
-449
29
282
-452
-30
207
-414
-166
282
-145
-286
182
-91
-230
100
-43
197
-120
-143
651
-214
-372
584
359
-396
123
655
-247
-358
470
310
-395
221
370
-322
-133
137
-213
-272
219
-232
-598
31
291
-724
-421
679
-539
-757
306
151
-625
-169
442
-272
-238
215
-72
-206
34
72
-19
209
71
-154
231
60
-176
74
17
-66
-16
10
-49
-25
-65
-276
43
198
-382
-186
271
-347
-214
497
-201
-326
440
-187
-356
515
160
-239
445
476
-218
370
879
-71
109
854
373
-9
497
771
110
253
906
411
80
438
436
259
244
362
239
62
192
-73
-86
122
-65
-223
105
290
-274
-221
133
-173
-347
-117
131
-256
-506
31
-4
-484
-192
-1
-561
-592
-382
-577
-861
-834
-784
-1297
-1124
-885
-1491
-1420
-1148
-1551
-1665
-1260
-1336
-1729
-1395
-995
-1412
-1499
-1004
-1072
-1119
-594
-202
-44
231
582
855
1286
1827
2020
2365
3106
3237
3405
4071
4022
3771
4049
3964
3700
3869
3291
2789
2923
2048
1526
1450
687
105
-253
-531
-1125
-1489
-1532
-2056
-2083
-2138
-2197
-1951
-2100
-1948
-2010
-1887
-1520
-1645
-1492
-1127
-1027
-989
-1038
-955
-830
-1256
-1216
-1135
-1442
-1552
-1651
-1647
-2086
-2358
-2314
-2859
-3171
-2829
-3066
-3321
-2783
-3024
-3216
-2501
-2291
-2078
-1442
-953
-819
-240
922
1839
2988
4263
5299
5602
5837
6851
7185
7247
7580
7601
7131
6324
6046
5175
3815
2715
1378
492
-586
-1483
-1999
-3132
-4109
-4630
-5075
-5315
-5143
-5652
-5783
-4753
-4753
-4334
-2971
-2604
-2272
-1186
-152
510
1495
2289
2481
3133
3476
3592
4278
4309
4103
4214
4048
3924
3446
2772
2591
1795
888
735
-69
-1164
-1674
-2389
-3157
-3293
-3365
-3490
-3466
-3391
-3001
-2767
-2469
-2045
-1784
-1006
-411
-187
41
80
-9
-498
-516
-406
-943
-1230
-1393
-1617
-2146
-2470
-2496
-2968
-3217
-3304
-3229
-3103
-3094
-2874
-2398
-1909
-1978
-1670
-1483
-1743
-1025
-197
1081
2946
4253
5540
6364
6571
6978
7818
8717
9416
9952
9666
8878
8090
7098
5817
4412
2895
1200
-186
-1292
-2418
-3948
-5327
-6594
-7822
-7675
-7320
-7483
-7611
-7647
-7380
-6952
-5639
-4199
-3333
-2157
-1085
-41
1220
2220
2821
3395
4525
5658
6738
7836
7927
7255
6351
5767
5603
5047
4529
3755
2253
937
-104
-1241
-2502
-3589
-4337
-4905
-4975
-4515
-4379
-4418
-4285
-4388
-4087
-3501
-3106
-2722
-2511
-2289
-2224
-2169
-2185
-2589
-2949
-3166
-3139
-3029
-3193
-3198
-3082
-3312
-3237
-3022
-3253
-3486
-3699
-3526
-2791
-1742
-452
1003
2727
4261
5754
7148
8091
9130
10050
11270
12325
12154
11834
10978
9448
8345
7304
5730
3854
2295
577
-1251
-2337
-3484
-5222
-6517
-7319
-7912
-8029
-8147
-8235
-8040
-7525
-6798
-5578
-4044
-3116
-2105
-1107
-189
987
1901
2874
3667
4189
4606
4906
4914
4425
4013
3470
2713
2286
2077
1838
1458
1076
753
-24
-843
-673
-608
-1041
-707
-519
-810
-742
-583
-367
-370
-458
-472
-419
-31
-144
-492
-684
-1325
-1768
-1885
-2112
-2558
-3497
-4372
-4905
-5167
-5294
-5644
-5770
-6025
-6274
-5971
-5373
-4490
-4079
-3392
-2323
-1907
-1372
-819
-580
-74
1047
1902
2982
4918
6159
7256
8522
9213
9289
9148
9878
10429
10413
10410
9499
7998
6491
5361
4342
2983
1643
-70
-1880
-3112
-4083
-5138
-5792
-6586
-7405
-7259
-7087
-6997
-6881
-6576
-6137
-5474
-4052
-2400
-904
-209
571
1484
2065
3059
4189
4918
4938
5306
5496
5141
4907
4264
3502
2700
2090
1412
900
487
-572
-1247
-1309
-1138
-1255
-1239
-749
-1306
-1704
-1011
-776
-840
-707
-518
-706
-1182
-1111
-946
-1133
-1079
-1057
-1348
-1470
-1775
-2209
-2631
-3178
-3600
-3954
-4189
-4689
-5082
-5344
-5655
-5626
-5590
-5017
-4433
-4042
-3323
-2907
-2373
-1794
-1247
-811
-530
265
1033
2372
4269
5957
7721
8669
8918
9075
9579
10592
11440
11761
10918
9409
7816
6398
5596
4701
3262
1645
89
-1635
-3100
-3806
-4604
-5991
-7002
-7060
-6917
-6952
-6946
-6839
-6718
-6449
-5468
-3803
-2055
-713
-32
583
1573
2459
3331
4477
4981
4788
4919
5095
4706
3934
3361
2667
1634
1085
774
186
-932
-2033
-2642
-3302
-3154
-2322
-1803
-1549
-1769
-1882
-1626
-1068
-146
922
1557
976
506
536
493
405
254
344
-516
-1409
-1575
-2272
-2784
-3067
-3586
-3862
-3817
-4051
-4563
-5197
-5506
-5435
-5602
-5143
-4285
-3845
-3782
-3543
-2693
-2234
-1982
-1291
-494
-240
-219
726
1627
2239
3490
5189
7136
8280
8507
8501
8564
9232
10174
11019
11187
10117
8254
6595
5610
4851
3782
2348
1088
-674
-2647
-3447
-4118
-5113
-6086
-6646
-6667
-7181
-7538
-7500
-7278
-6477
-5415
-4122
-3068
-2015
-1105
-373
975
2149
2855
3327
3795
4066
4056
4276
4007
3376
3203
2963
2384
1892
1235
189
-774
-1434
-1936
-2377
-2619
-2831
-3278
-3560
-3001
-1837
-756
112
825
1245
1501
2174
2530
2584
2999
2912
2326
1615
1160
348
-1056
-1884
-2238
-2662
-3589
-3994
-4023
-4827
-5501
-5792
-5689
-5706
-6064
-6072
-5810
-5534
-5472
-4740
-3701
-3371
-2789
-2281
-2006
-1284
-584
-230
-97
423
1179
1914
3415
5645
7538
8304
8518
8681
8856
9621
10947
12120
11944
10545
8923
7454
6597
5713
4676
3457
1501
-800
-2679
-3242
-3483
-4613
-6043
-6969
-7536
-8082
-8050
-7295
-6456
-6318
-6261
-5602
-4313
-2647
-1726
-607
715
1000
1570
2888
4064
4436
4340
4379
4024
3654
3539
3430
3012
1647
326
-235
-530
-1006
-1608
-1909
-2749
-3687
-3712
-3467
-2937
-2171
-1198
-394
109
813
1195
1463
2064
2657
2857
2980
2989
2283
1121
277
-113
-1081
-1928
-2204
-2780
-3394
-3777
-3773
-4434
-5325
-5316
-5284
-5313
-5419
-5091
-4737
-5192
-4975
-3934
-2954
-2611
-2108
-755
-189
44
775
1207
831
279
738
1498
2459
4182
5888
6951
7432
7485
7060
7188
8688
10214
10410
9962
9312
7577
5885
5493
5060
3812
2428
1242
-281
-1861
-2508
-2749
-4062
-5847
-6331
-6559
-6982
-6753
-6469
-6303
-6566
-6524
-5414
-4111
-2848
-1811
-907
-37
501
1406
2663
3226
3368
3571
3553
3386
3311
3517
3410
2319
1188
550
-148
-773
-765
-602
-1470
-2749
-2981
-2774
-3174
-3175
-2188
-1530
-1244
-700
320
1538
1741
1463
1626
2188
2793
2579
2479
2383
1001
-342
-836
-834
-886
-1433
-1966
-2804
-3995
-4710
-4761
-4171
-3684
-4142
-4713
-4760
-4797
-4629
-3975
-3150
-2542
-2502
-2501
-1872
-834
2
415
818
1286
1097
228
138
593
902
2150
4047
5826
6873
6843
6419
6315
7020
8071
9384
10369
9777
8054
6268
5329
5023
4228
3190
2482
1155
-1040
-2540
-2844
-3226
-4368
-5331
-5586
-6050
-7097
-7687
-7307
-6884
-6909
-6463
-5080
-3905
-3346
-2411
-1034
-162
351
1330
2615
3565
3791
3940
4214
4023
3528
3130
3230
2895
1980
1557
1024
161
-629
-1146
-1599
-2113
-2342
-2621
-2686
-2005
-1315
-1265
-1174
-588
-207
-241
16
740
1205
1260
1461
1648
1187
400
121
152
-81
-290
-290
-659
-1420
-1921
-2188
-2565
-2869
-3117
-3643
-4120
-4101
-4031
-4120
-3740
-3027
-2942
-3231
-2768
-1742
-1056
-514
229
556
300
189
384
409
377
734
1199
1602
2552
3814
4466
4848
5399
5483
5386
6097
7081
7378
7197
6863
6085
4972
4274
4145
3761
2777
1704
501
-799
-1768
-2311
-2687
-3257
-3757
-4312
-5200
-5932
-6121
-5721
-5214
-4716
-4197
-4042
-3956
-3325
-2159
-1114
-371
407
1052
1405
1784
2645
3566
3690
3212
3027
3222
2850
2288
2349
2187
1391
473
9
-284
-1055
-1572
-1600
-1738
-2069
-2131
-1598
-1291
-1407
-1344
-990
-879
-1103
-735
-126
159
308
270
-11
-320
-166
46
81
193
-97
-761
-1063
-979
-1186
-1490
-1516
-1818
-2536
-2972
-2680
-2255
-1987
-1457
-989
-943
-1181
-1090
-458
24
431
978
1398
1381
840
544
680
756
656
521
333
-139
-373
-233
43
600
1069
1346
1610
1997
2432
2734
3138
3731
4025
3867
3749
3689
3617
3355
3118
3148
2723
1957
1218
803
669
230
-262
-845
-1586
-2382
-3027
-2996
-2846
-2952
-3153
-3328
-3282
-3210
-2900
-2246
-1443
-839
-549
-80
368
612
841
1193
1486
1304
1153
1445
1596
1225
781
677
479
-56
-252
-30
-260
-803
-945
-865
-962
-1118
-949
-884
-1132
-1038
-802
-682
-596
-544
-442
-279
78
314
276
273
200
-10
-103
131
324
148
-206
-584
-937
-1278
-1281
-1069
-1036
-1108
-1255
-1228
-1207
-1133
-688
-199
3
-130
-62
37
13
281
654
796
515
313
268
53
17
267
388
105
-167
-150
-140
-169
56
275
98
-132
-92
81
335
696
950
1094
1075
1068
1363
1671
1939
2118
2156
1978
1768
1919
1874
1549
1315
965
542
394
461
363
129
-129
-423
-648
-657
-408
-162
-156
-251
-312
-451
-574
-417
-138
-131
-359
-504
-587
-712
-667
-446
-480
-894
-1249
-1319
-1294
-1184
-878
-622
-643
-741
-709
-610
-446
-164
113
298
457
586
585
547
648
819
939
1072
1217
1125
726
379
265
154
53
141
109
-345
-865
-1024
-1028
-1162
-1119
-931
-1075
-1345
-1309
-1155
-1116
-1074
-884
-757
-935
-845
-553
-607
-525
-312
-265
-286
-154
81
58
60
180
221
313
492
597
633
608
410
331
458
490
486
653
688
505
443
525
665
675
741
845
771
719
587
596
768
711
579
562
637
619
505
440
394
217
-12
106
259
112
-18
-38
-133
-439
-508
-334
-399
-538
-635
-616
-622
-723
-643
-542
-536
-464
-361
-373
-328
-136
-29
42
243
415
386
337
464
640
701
764
939
954
742
633
646
608
511
473
512
423
135
-73
-218
-464
-551
-510
-487
-564
-720
-842
-1062
-1020
-763
-716
-733
-745
-732
-707
-516
-220
-153
-290
-535
-693
-655
-449
-96
225
341
270
96
-67
-134
-257
-409
-358
-195
-45
203
431
454
355
161
-105
-248
-173
30
254
502
778
890
753
660
649
486
245
200
325
421
546
743
862
704
344
88
-91
-221
-252
-213
-165
-209
-267
-306
-377
-483
-655
-823
-897
-885
-787
-655
-521
-393
-359
-337
-272
-245
-267
-289
-184
-9
165
389
611
722
643
520
446
355
404
570
743
876
876
797
641
507
427
281
206
201
132
54
29
42
-2
-79
-141
-253
-399
-455
-347
-220
-126
-59
-166
-369
-458
-438
-379
-298
-195
-129
-233
-345
-335
-391
-482
-488
-394
-326
-310
-198
-129
-155
-191
-215
-166
-147
-105
76
196
242
319
406
484
532
607
635
544
523
610
722
746
707
685
499
279
259
294
274
196
103
-72
-287
-360
-351
-307
-308
-367
-384
-451
-548
-602
-609
-552
-504
-432
-304
-230
-222
-242
-238
-218
-196
-80
59
123
116
56
4
-53
-77
-33
-8
26
56
41
42
54
28
-7
24
33
17
73
130
200
278
296
291
260
237
217
194
276
369
333
268
254
199
80
21
44
-16
-129
-108
-70
-113
-196
-275
-318
-435
-528
-486
-450
-474
-487
-453
-448
-458
-401
-335
-297
-221
-104
-37
8
69
130
182
228
321
447
514
539
559
559
513
466
513
581
557
526
521
471
373
259
196
116
-38
-104
-74
-81
-98
-83
-138
-261
-350
-379
-360
-317
-256
-217
-177
-117
-128
-112
-86
-136
-138
-125
-115
-72
-27
-13
-75
-107
-76
-104
-108
-48
-43
-140
-199
-128
-122
-163
-70
-8
-76
-96
-4
52
69
142
177
132
83
72
108
168
230
288
291
225
163
136
115
79
47
17
-33
-87
-93
-80
-98
-117
-136
-148
-161
-169
-175
-205
-218
-220
-178
-114
-73
-49
-79
-96
-108
-82
12
59
80
60
33
51
83
161
217
167
98
66
70
113
185
225
165
89
49
34
103
145
125
102
22
-20
12
43
67
73
35
-63
-107
-88
-67
-33
-34
-43
-86
-110
-62
-35
-30
-66
-97
-75
-33
45
94
81
22
-66
-90
-61
4
62
30
-19
-66
-85
-49
-23
-3
-52
-123
-100
-58
-12
36
36
-17
-63
-56
6
75
120
154
140
84
57
67
79
61
63
91
50
14
31
-4
-42
-57
-89
-97
-95
-81
-81
-86
-53
-34
-43
-56
-21
-2
-17
15
70
93
82
85
102
71
44
91
109
89
84
66
42
5
-2
7
-20
-53
-68
-49
-68
-81
-46
-46
-60
-40
-7
21
30
7
-25
-30
-27
-6
51
89
62
19
0
-26
-45
-31
-28
-59
-95
-113
-103
-80
-75
-78
-85
-99
-83
-40
-2
41
59
22
-10
12
46
64
89
101
70
57
91
114
103
67
16
-24
-34
6
70
88
39
-39
-101
-112
-65
-7
19
-3
-52
-65
-47
-24
1
3
-17
-22
-13
22
63
70
63
37
-2
-3
28
67
95
103
80
49
27
29
54
48
44
32
-7
-3
5
12
24
-5
-35
-57
-52
-41
-46
-22
-43
-81
-66
-65
-51
-34
-32
-25
-42
-32
-15
-17
-4
-4
28
63
64
95
89
46
29
40
61
71
80
61
26
5
-19
-13
-18
-57
-70
-78
-96
-88
-76
-84
-83
-69
-55
-41
-31
-21
-15
-2
26
52
67
68
49
43
57
70
83
89
66
23
-2
-9
-20
-28
-36
-61
-92
-102
-96
-86
-74
-70
-59
-52
-65
-48
-20
-18
-1
23
43
59
61
69
66
67
60
65
90
80
58
55
59
40
27
38
25
13
5
-27
-52
-49
-40
-46
-41
-32
-57
-71
-61
-40
-7
-2
-7
-9
-37
-35
-12
13
28
15
13
8
-5
10
27
21
19
25
23
21
40
60
36
31
40
13
16
26
21
6
-15
-19
-19
-7
-7
-29
-36
-61
-64
-40
-28
-15
-10
-14
-34
-37
-15
-17
-7
13
28
35
24
40
61
46
38
39
28
3
-13
8
13
4
-8
-6
-9
-33
-20
-8
-22
-23
-15
-12
-4
23
30
30
47
47
53
79
78
68
76
61
33
40
44
29
34
47
21
-21
-38
-46
-67
-62
-42
-65
-93
-91
-90
-83
-68
-59
-63
-73
-56
-54
-35
-6
-1
0
-8
1
4
5
24
24
22
32
32
18
4
9
1
-3
16
20
7
9
2
8
33
42
43
35
21
25
33
27
25
20
12
3
-1
10
0
-16
-21
-14
-16
-12
-19
-35
-25
-55
-45
-5
-10
-16
-23
-39
-27
-13
5
16
17
29
10
9
7
-3
4
11
15
22
26
16
5
-6
-6
15
22
11
15
13
3
20
32
20
8
9
0
-2
23
26
18
16
10
9
-2
-6
1
5
1
-10
-24
-23
-15
-19
-11
-16
-17
-13
-20
-20
-16
-12
-12
-12
-3
-3
-17
-24
-27
-37
-26
-11
-9
0
0
-17
-20
-17
-13
5
0
-17
-21
-26
-16
5
30
41
35
27
15
32
42
28
35
17
-5
4
-2
0
14
7
-6
-2
4
15
21
14
14
8
1
-6
5
18
11
7
-1
3
15
7
8
3
-14
-23
-26
-17
-11
-12
-16
-28
-33
-36
-40
-29
-17
-11
-25
-31
-25
-26
-15
0
4
-7
-12
7
19
25
34
30
22
13
18
20
18
37
37
26
26
28
17
9
20
18
10
15
7
3
0
0
5
2
-1
-5
0
7
4
10
20
12
-2
-10
-22
-22
-8
-12
-22
-22
-33
-49
-48
-34
-29
-33
-36
-42
-52
-50
-26
-8
-4
7
16
19
23
27
31
23
29
26
15
27
31
35
31
29
34
24
18
24
22
16
19
19
23
21
21
29
16
12
13
8
4
9
0
-16
-16
-27
-30
-32
-41
-37
-40
-40
-43
-47
-42
-45
-40
-37
-44
-47
-46
-37
-25
-16
1
17
22
21
27
31
30
30
29
26
20
10
13
28
38
38
32
27
20
11
12
18
14
8
8
-2
-7
-3
3
14
21
19
6
-8
-22
-27
-23
-14
-9
-15
-14
-20
-21
-3
3
6
-5
-24
-34
-42
-44
-27
-11
-10
-3
-8
-9
-3
0
10
18
23
16
22
32
32
38
33
36
30
17
19
22
14
10
11
-2
-14
-16
-21
-30
-30
-23
-24
-23
-14
-15
-21
-23
-30
-21
-21
-33
-19
-5
-6
-10
1
0
-4
13
8
-3
-11
-22
-25
-20
-11
-4
8
-9
-21
-8
-15
-17
-12
-13
-3
-3
4
39
65
80
93
92
85
64
48
43
18
-12
-1
-5
-32
-13
4
-22
-34
-7
-17
-55
-31
-17
-35
-46
-26
0
-20
-12
29
10
-30
-9
7
-31
-39
-5
-10
-50
-25
27
7
17
75
71
38
45
48
0
-37
-55
-82
-99
-90
-23
46
86
130
160
131
58
33
1
-110
-157
-117
-90
-43
86
208
228
220
162
-7
-200
-325
-384
-385
-317
-182
-3
119
224
345
354
261
170
102
-33
-161
-142
-80
-70
-27
92
133
60
24
12
-53
-114
-93
-62
-107
-115
-44
-17
-33
43
134
138
155
160
85
-32
-147
-212
-238
-232
-167
-17
121
188
255
279
199
68
-18
-89
-213
-246
-147
-66
-22
83
194
124
-8
-36
-85
-190
-179
-21
80
87
164
245
161
36
13
-37
-143
-158
-77
-28
-37
17
122
109
49
94
93
-38
-102
-65
-100
-189
-179
-125
-138
-82
131
329
418
512
590
464
179
-91
-326
-594
-766
-705
-586
-452
-199
96
255
293
356
306
154
97
83
71
78
119
159
119
49
-7
-78
-156
-169
-119
-55
3
82
181
164
105
68
-66
-179
-225
-241
-203
-131
2
53
41
83
70
61
79
93
127
116
82
45
-5
-69
-116
-80
-43
-32
14
104
159
138
133
68
-65
-169
-253
-262
-254
-189
-35
53
91
132
144
107
61
65
72
39
74
137
113
103
116
37
-56
-64
-84
-140
-110
-47
-58
-45
19
17
-12
4
5
-11
4
12
-15
-28
-37
-61
-49
-36
-41
32
132
124
140
167
87
-28
-111
-147
-233
-257
-149
-77
-30
56
135
107
44
27
-19
-98
-106
-41
-9
27
70
118
96
42
49
5
-16
-11
26
64
33
53
67
22
9
74
81
16
42
47
-27
-61
-85
-124
-117
-118
-119
-29
51
58
97
128
22
-89
-123
-157
-198
-118
67
159
267
394
361
210
54
-37
-163
-297
-313
-268
-251
-207
-91
-32
-58
-55
8
-38
-102
45
115
83
162
211
175
92
54
50
-41
-63
16
40
21
27
54
20
-60
-61
3
-64
-159
-34
10
-125
-4
152
-64
-130
132
38
-157
47
181
-9
-19
223
69
-111
85
75
-80
34
185
96
98
195
114
-41
-83
-162
-298
-133
-139
-211
22
38
-64
38
166
-34
-122
93
-25
-182
35
134
-23
72
203
55
-20
70
46
-169
-69
114
-118
-54
198
-1
-65
132
37
-170
-75
22
-209
-172
50
-119
-163
121
152
-83
138
329
-8
16
209
-23
-243
-23
11
-247
-103
54
-69
-69
148
143
72
43
10
82
-76
33
16
-202
35
-64
-161
79
-57
-179
238
294
-248
21
403
-327
-226
604
7
-365
315
224
-440
-166
244
-343
-337
104
73
-93
10
405
9
-8
294
-118
-52
-44
-169
6
72
-40
-130
257
37
-348
480
347
-569
250
669
-541
-206
801
-347
-760
398
-15
-683
39
345
-131
-18
343
255
-57
-268
8
-56
-528
55
397
-206
-45
484
264
-511
78
480
-614
-545
619
192
-648
409
718
-240
-536
552
223
-1139
97
683
-408
-333
876
183
-595
534
8
-461
-176
130
-11
-545
321
500
-54
82
479
-17
-640
-68
125
-497
-173
666
46
-366
275
-58
-364
-229
58
201
-27
173
129
193
-187
-423
96
-246
-411
103
314
61
373
618
-8
123
-116
-465
-4
-290
-72
270
-54
235
284
-306
29
781
-497
-648
1219
-298
-1130
1365
419
-1424
717
861
-1509
-30
738
-977
-177
595
-87
21
793
59
20
38
-793
474
-883
-846
1269
-715
-378
1059
371
-367
-471
644
51
-905
81
1238
-267
-1402
1336
550
-1645
91
1211
-119
-1265
991
942
-1626
-328
1225
-16
-1015
909
1445
-1387
-919
1657
-636
-1706
1199
791
-1114
30
1829
-901
-1179
1786
-859
-1047
1357
-390
-740
884
-205
-672
978
-336
-815
1017
-346
-1261
1215
506
-1771
966
1169
-1567
308
912
-685
-478
312
190
-337
200
-65
177
-74
-134
671
-803
23
527
-573
211
752
-6
-928
801
369
-1284
576
670
-476
-344
517
656
-752
-382
889
9
-938
640
674
-1184
-45
812
-162
-506
321
270
-460
-174
-406
766
50
-1213
1550
881
-2153
5
1836
-1797
-927
2588
-460
-1595
1298
762
-1775
-327
1581
-869
-765
1365
118
-762
-44
483
-149
-743
489
790
-656
-446
785
-146
-633
458
364
-196
-54
259
90
-244
-53
340
-208
-477
395
448
-515
-289
878
-760
-987
1279
-455
-876
1074
159
-487
248
419
-296
-652
211
679
-99
-558
709
687
-1423
49
1608
-1087
-1146
1663
527
-2458
756
2178
-2167
-14
1926
-1128
-1035
706
508
-1047
81
1300
-701
-543
1115
-479
-899
1225
-257
-712
1262
137
-545
-279
451
-204
-988
1421
-301
-868
1631
-1076
-819
1304
-544
-935
541
952
-803
-730
696
147
-868
-68
1108
429
-1151
-376
1771
-1359
-1552
2152
-73
-1431
1232
890
-1346
305
485
-968
155
582
94
-661
740
403
-1484
570
1064
-1338
-323
1856
-1050
-989
1889
-238
-1192
680
873
-1104
-680
1333
-394
-1253
1245
450
-962
305
356
34
-860
563
949
-1270
261
1069
-888
-1247
1344
-71
-1667
1845
458
-1288
504
-13
-321
-87
326
416
-62
6
92
-353
172
-151
-904
1171
424
-1319
962
571
-1210
331
59
381
-266
-745
1597
-670
-1217
1087
123
-538
50
447
-251
-461
149
310
363
-563
-7
537
-726
-167
393
65
-114
-243
382
256
-676
-24
682
-621
-191
1014
-478
-429
966
-905
-817
1741
-261
-917
1059
-43
-671
44
550
201
-818
-20
754
-406
-334
676
124
-773
-223
714
-442
8
1015
-957
152
1092
-1478
-511
1466
-524
-1076
1233
682
-1133
-344
1012
228
-1045
288
1169
-1242
-1089
1358
90
-729
250
707
-172
-1220
824
149
-1034
897
46
-255
375
-406
256
111
-675
638
287
-862
495
538
-1188
-62
1727
-810
-824
1997
-448
-1826
918
924
-1307
-221
1397
-271
-715
122
465
-85
-901
603
378
-784
547
-124
-376
1268
-521
-949
1192
-68
-1518
671
1202
-1034
190
944
-651
-569
279
-484
67
928
-585
182
573
-496
-721
223
529
-572
365
506
-423
366
-491
-785
1085
209
-1225
793
981
-1342
-432
1109
113
-1248
330
1256
-1009
-416
908
63
-565
-119
805
-464
-361
651
-414
152
38
-328
486
-119
-251
140
151
-329
273
273
-958
910
-64
-1097
1207
-281
-452
512
-274
-56
298
-208
-187
559
-195
-177
102
339
253
-1115
678
635
-1644
240
1386
-787
-910
1900
-686
-1255
1510
-650
-520
76
699
-397
-415
1573
-1188
-54
599
-884
308
-182
574
-64
-895
1193
65
-1062
887
835
-1696
174
1624
-1745
175
1452
-1089
-161
601
-76
-698
4
449
-449
149
696
-395
-320
337
-574
384
196
-442
961
-260
-732
600
357
-1246
51
1289
-812
-382
632
188
-581
-367
738
110
-614
-105
475
-233
-295
348
108
104
-314
-188
283
-315
-145
522
-40
-211
796
-407
-449
1095
-883
-516
897
10
-343
-23
1005
-937
-439
1575
-1215
-121
1256
-1166
88
943
-674
-69
535
-143
-348
45
440
-234
-708
420
687
-695
-144
925
-466
-451
433
-178
-159
-272
436
282
-702
811
-137
-968
969
144
-1214
669
849
-1171
216
750
-126
-840
-24
1372
-1546
-462
1846
-735
-1105
1015
740
-1198
-206
1164
-270
-1441
952
864
-1637
213
808
-261
-432
-157
688
-179
-796
951
606
-1280
816
358
-1366
827
-44
-300
537
-453
507
-308
-372
1263
-731
-398
1425
-847
-555
1096
-596
-142
605
-453
319
57
-432
279
-203
-39
-101
318
114
-77
335
-396
53
-410
266
74
-503
812
-405
-204
442
-137
-311
8
333
-314
-199
282
469
-769
0
1023
-1007
-397
933
-311
-731
457
518
-502
-198
832
-301
-725
542
226
-407
349
63
-521
646
-296
-484
1023
-326
-664
430
366
-472
-614
1095
91
-1312
936
674
-1225
228
721
-834
164
559
-650
264
440
-701
-7
750
-648
-171
946
-881
-102
818
-642
24
482
106
-864
384
662
-1605
1053
722
-1322
670
366
-534
206
418
-512
21
317
-253
145
12
285
-307
-307
713
-453
-220
716
0
-810
608
695
-1523
601
856
-1050
-289
978
-49
-1500
1189
270
-1159
533
223
61
-463
333
224
-679
273
62
-136
141
353
-353
-95
360
-433
57
35
310
-224
-299
608
-499
52
280
56
-118
-89
440
-601
425
150
-284
143
-115
425
-668
430
357
-877
658
189
-307
-53
378
33
-1328
1142
718
-1621
795
661
-973
-281
899
16
-1064
667
360
-802
150
618
-486
-445
715
-141
-571
449
256
-808
106
891
-690
-380
1219
-583
-1193
1272
78
-1158
707
680
-732
-411
913
113
-1279
696
821
-1290
417
580
-575
-133
461
161
-853
696
408
-1001
433
689
-484
-545
854
308
-1156
431
843
-913
-448
1082
-84
-812
470
384
-689
-188
826
-549
-174
545
-266
175
-542
357
458
-1022
451
647
-870
-296
1189
-626
-870
1457
-328
-1035
829
274
-541
-101
746
2
-1344
971
845
-1963
571
1572
-1641
-257
1645
-818
-1012
1280
253
-1406
759
1267
-1452
-386
1613
-863
-1074
1718
-152
-1438
1278
91
-1056
562
230
-666
10
880
-530
-326
786
-276
-729
184
812
-531
-604
989
105
-951
354
597
-338
-602
391
728
-1207
330
968
-1039
14
325
176
-524
170
778
-724
-148
475
238
-764
270
612
-876
288
380
-202
1
1
136
-61
-72
66
84
-49
-153
122
123
-281
25
180
-75
-84
57
156
-207
48
123
-380
312
163
-435
371
-48
-399
325
-20
-99
197
-266
261
78
-668
541
29
-433
401
-101
-44
-50
-104
241
-273
173
225
-409
397
26
-495
244
516
-515
-251
920
-445
-391
260
283
-66
-722
899
10
-1000
619
315
-487
98
358
-489
71
362
-523
148
-28
-37
102
-337
510
-142
-266
152
-85
350
-473
239
518
-956
136
551
-549
-175
842
-198
-670
756
-375
-522
603
-42
-128
-218
509
-24
-792
835
-163
-643
619
111
-214
68
438
-293
-530
604
211
-711
392
511
-834
217
499
-389
-78
332
-13
-308
446
-286
-262
562
-459
-41
395
1
7
-483
304
264
-650
148
605
-385
-584
758
141
-779
345
565
-815
-201
1054
-605
-510
920
-219
-673
483
237
-386
64
70
193
-189
-408
798
-159
-818
910
34
-830
550
359
-875
-31
1102
-826
-451
1209
-524
-684
511
374
-585
-301
744
-141
-324
360
12
-5
-284
-73
375
-409
43
213
-420
499
8
-559
541
-104
-420
370
352
-214
-152
333
-260
-254
335
90
-444
300
224
-767
525
140
-524
428
15
-190
72
369
-233
-332
312
220
-375
-112
791
-463
-530
684
-234
-326
419
-22
15
162
-123
-111
221
-25
-320
182
-52
276
-297
-488
1046
-359
-768
536
452
-465
-591
1009
-97
-1215
853
665
-1085
262
891
-1019
-192
1000
-447
-619
747
165
-748
112
703
-112
-887
619
426
-799
498
97
-449
197
79
-212
49
329
-239
-171
148
261
-136
-363
643
117
-807
552
538
-809
160
552
-457
-3
567
-584
-229
1009
-619
-735
1172
-13
-1224
1081
318
-1274
864
89
-617
236
192
-22
-481
550
114
-597
292
261
-223
-204
241
116
-136
-204
218
104
-405
177
149
-389
204
346
-613
94
496
-304
-245
136
446
-253
-548
598
234
-703
81
358
65
-135
-273
532
61
-692
313
342
-138
-228
39
409
-463
-81
422
-408
172
173
-424
157
157
-124
15
-168
58
376
-532
-142
825
-558
-383
678
-198
-118
-31
-96
526
-416
-369
849
-292
-476
597
-231
-110
273
-421
350
-29
-276
530
-539
143
610
-715
-81
755
-317
-287
451
-93
-128
-307
384
110
-583
662
-153
-454
626
-165
-474
542
98
-530
251
196
-110
-96
-74
109
168
-45
-226
119
313
-489
-192
921
-650
-407
1062
-628
-437
806
-337
-459
478
136
-308
-131
230
180
-551
-17
818
-570
-362
786
-369
-235
232
11
-137
-44
233
-198
94
93
-197
97
91
-165
128
152
-433
212
341
-874
159
951
-815
-437
1121
-220
-900
717
356
-789
142
682
-497
-284
875
-336
-550
740
-87
-401
232
266
-20
-427
286
314
-718
179
695
-746
-22
608
-489
97
189
-116
-48
-253
394
71
-578
414
439
-776
-28
738
-267
-465
508
319
-793
248
576
-792
116
502
-378
-125
197
66
-291
25
276
-133
-25
106
3
-171
-55
175
60
-120
-29
398
-280
-440
703
-158
-711
798
357
-1032
289
896
-906
-376
953
-251
-754
501
543
-853
-223
1007
-457
-552
760
-10
-639
222
298
-344
-85
420
57
-511
284
283
-435
-48
164
242
-177
-325
542
-66
-634
485
117
-375
166
66
133
-178
-202
290
-152
-74
212
-89
117
117
-308
90
254
-502
246
295
-481
209
85
-129
-133
215
74
-447
429
-5
-367
239
112
-108
-437
574
247
-896
435
499
-532
-452
849
197
-1127
752
493
-738
55
370
37
-587
180
444
-313
-190
321
204
-459
19
460
-31
-717
493
648
-1244
303
943
-873
-160
778
-9
-700
245
700
-685
-444
881
35
-961
577
761
-1143
-4
969
-571
-433
524
300
-598
-269
874
-258
-719
672
77
-441
85
214
89
-259
-107
322
78
-513
351
330
-717
326
264
-402
85
95
75
-167
-22
217
-44
-248
103
317
-313
-168
220
257
-348
-221
719
-254
-603
434
360
-577
-222
764
-27
-825
427
759
-1004
-298
1275
-501
-953
954
391
-989
-12
903
-525
-703
959
4
-1002
615
578
-893
-161
899
-146
-847
586
759
-965
-388
1023
-85
-763
414
434
-335
-92
152
80
-57
-72
87
-38
96
97
-189
8
166
79
-344
-177
689
-95
-801
612
552
-1006
14
1011
-467
-540
593
202
-468
13
386
-277
-176
291
-80
-30
-57
-65
147
-112
-61
138
-98
-85
131
-151
144
-89
-114
500
-469
-67
484
-460
26
238
-162
52
-73
-21
46
-14
-108
-110
304
-114
-107
149
-223
156
73
-189
40
221
26
-378
61
391
-229
-423
452
283
-504
-216
398
250
-710
79
835
-487
-391
590
34
-505
238
347
-515
166
470
-452
85
275
-290
63
186
-186
169
199
-522
345
364
-704
171
398
-212
-296
57
440
-261
-399
620
47
-581
405
183
-401
186
131
-203
33
141
-102
-182
184
28
-102
-23
32
146
-102
-162
124
165
-328
74
198
-270
57
14
69
-299
111
374
-744
321
463
-680
58
398
-61
-365
92
361
-231
-252
251
66
-253
87
4
-25
53
12
32
-298
445
150
-791
584
440
-734
-77
667
-83
-619
248
496
-217
-585
505
478
-892
135
684
-482
-122
363
-95
-286
300
192
-611
301
512
-729
-67
697
-332
-583
614
338
-803
207
654
-498
-292
402
111
-450
85
470
-472
-8
447
-438
22
193
-241
113
52
-114
41
11
51
-175
-105
454
-331
-288
508
-22
-369
112
403
-405
-147
454
-190
-214
221
77
-286
133
189
-311
95
229
-95
-79
124
-34
-9
126
-294
124
349
-360
-108
402
-12
-262
-30
368
45
-493
339
247
-405
60
150
1
-159
-6
274
-158
-241
331
-73
-320
422
-166
-343
421
-33
-240
2
89
54
-235
49
232
-196
-59
103
-120
74
26
-231
172
250
-395
-71
508
-144
-539
433
331
-651
124
481
-237
-307
213
150
-244
-85
31
178
-205
-173
421
-211
-266
452
-163
-208
303
-155
-52
59
-103
65
-84
18
162
-273
-45
356
-197
-255
254
332
-392
-259
722
-189
-442
309
238
-80
-393
253
247
-262
-135
87
186
-119
-126
126
229
-235
-128
390
-220
-205
343
-149
-137
375
-266
-193
394
-144
-325
146
462
-307
-463
747
78
-816
363
554
-553
-330
610
198
-778
48
826
-470
-519
580
153
-454
54
260
-187
-19
206
-232
-111
593
-415
-525
862
100
-1023
358
824
-799
-339
557
248
-480
-297
737
-96
-528
327
66
111
-117
-416
641
167
-823
167
703
-415
-445
548
53
-314
131
87
-28
18
-4
-174
267
116
-551
306
404
-546
-45
300
24
-152
-365
504
184
-742
344
321
-293
-109
35
365
-257
-291
290
150
-358
-75
345
-207
-69
17
115
-19
-34
-54
-125
500
-383
-315
571
5
-450
6
554
-208
-355
228
377
-275
-414
570
45
-355
56
287
51
-284
60
112
137
-243
-60
266
-59
-65
-137
197
166
-333
-147
530
23
-641
308
510
-468
-417
560
318
-760
122
698
-394
-326
354
215
-420
89
247
-445
349
-10
-464
459
-27
-255
-9
279
-20
-422
292
171
-123
-240
88
342
-164
-412
231
489
-584
-46
312
-15
66
-555
345
486
-781
-65
667
-221
-461
242
428
-430
-297
577
-225
-322
269
-17
-128
88
158
-251
-36
409
-178
-363
465
198
-583
183
370
-230
-102
24
187
10
-218
-27
218
173
-582
73
830
-653
-486
853
-70
-573
278
171
-27
-28
-116
155
102
-4
-275
64
532
-482
-150
542
-61
-94
-260
238
391
-510
-222
625
104
-768
206
633
-423
-362
396
185
-471
190
175
-449
411
-47
-504
462
224
-553
-200
798
-56
-1012
595
718
-966
-239
1021
-322
-639
626
117
-432
59
256
-183
8
156
-306
164
196
-311
-13
122
138
-196
-275
654
-113
-700
502
377
-611
-175
719
-169
-653
476
357
-650
0
561
-384
-138
387
-97
-150
103
275
-394
-92
593
-370
-235
446
-34
-291
100
227
-178
-209
270
63
-228
87
89
-155
-34
65
-23
-112
-7
213
-235
-52
442
-431
-120
520
-325
-49
169
-63
14
-156
261
-108
-259
361
-91
-194
177
5
-25
-64
-5
156
-98
-164
216
67
-265
209
99
-271
247
91
-306
176
176
-241
-51
181
107
-197
-248
469
75
-670
369
477
-519
-177
421
168
-433
-110
468
-197
-272
199
143
-146
-116
201
-49
-47
92
-43
-124
233
51
-456
362
277
-430
-90
371
119
-472
28
439
-181
-382
332
146
-415
216
53
-316
324
30
-300
79
175
8
-322
34
447
-243
-524
672
174
-885
414
573
-662
-245
754
-142
-597
460
291
-438
-238
488
168
-617
185
448
-307
-226
204
217
-209
-95
38
192
31
-348
184
149
-72
-69
-11
126
41
-60
-252
216
263
-368
-193
343
219
-359
-204
337
293
-437
-343
729
259
-942
76
1001
-540
-616
648
149
-445
-15
290
1
-190
55
-7
-51
163
-40
-193
122
311
-297
-307
540
-34
-503
325
190
-279
32
199
-124
-124
270
-101
-291
316
144
-377
-56
396
-22
-472
152
359
-233
-268
156
301
-285
-311
346
225
-404
-27
346
-243
-16
175
-215
92
153
-208
-19
87
113
-144
-194
431
-10
-343
28
352
53
-593
317
374
-408
-14
158
111
-14
-236
102
280
-150
-210
98
313
-237
-371
538
155
-587
69
485
-175
-418
293
287
-473
-51
441
-176
-311
277
161
-458
213
325
-495
77
213
-14
-123
-134
274
-69
-286
42
400
-235
-396
556
12
-313
129
35
94
-297
80
249
-316
228
-21
-237
230
11
-30
-47
-48
218
61
-324
66
412
-272
-367
358
405
-523
-295
588
122
-338
-409
444
699
-1002
-395
1301
-185
-1183
692
616
-746
-57
371
-81
-169
243
-28
-363
423
201
-516
63
377
46
-501
-84
751
-168
-622
229
558
-244
-723
514
569
-742
-183
586
-40
-319
92
209
-325
118
304
-579
92
447
-428
-216
374
234
-415
-266
507
74
-472
12
238
106
-163
-232
287
-16
-152
29
-90
208
-58
-180
207
57
-54
-162
68
297
-223
-209
317
180
-328
-34
290
-131
-31
87
-129
76
49
-14
-144
26
254
-71
-250
159
473
-477
-376
744
10
-809
300
767
-624
-577
848
230
-928
115
903
-474
-667
800
234
-865
160
736
-486
-517
696
228
-842
114
844
-648
-538
897
32
-784
192
662
-279
-652
440
598
-610
-472
843
183
-974
266
702
-528
-407
527
266
-484
-78
482
-206
-271
221
81
-60
-270
394
138
-612
295
463
-349
-369
499
287
-667
69
582
-198
-361
172
361
-91
-333
55
447
-167
-397
178
259
-126
-390
258
352
-312
-194
358
-24
-318
335
-87
-331
478
87
-545
76
568
-122
-735
483
694
-823
-305
758
-20
-539
54
282
143
-427
-129
567
-183
-347
142
137
-17
-194
94
126
-150
-46
98
-3
-193
207
124
-372
146
335
-323
-321
506
124
-621
191
389
-223
-250
74
223
-13
-357
85
462
-452
-64
395
-198
12
-44
130
21
-146
229
-153
-69
199
0
-84
-124
195
160
-339
-157
350
158
-450
-94
577
-75
-570
195
499
-310
-393
375
212
-305
-209
291
204
-368
16
269
-79
-63
42
53
-52
-10
162
-93
-140
260
-63
-271
211
169
-175
-113
196
56
-129
-38
91
168
-260
-82
419
-169
-336
417
153
-525
107
416
-331
-223
396
26
-371
117
261
-247
-173
300
48
-273
14
225
-61
-215
150
34
-138
105
-30
-61
124
-34
-100
113
-32
-7
98
-183
40
114
-169
-13
59
25
-30
-92
24
144
-49
-220
247
107
-254
-73
197
149
-290
-70
256
77
-222
-133
296
125
-394
-115
383
78
-426
-28
458
-100
-428
138
388
-135
-344
101
331
-101
-381
212
256
-282
-94
170
11
-94
48
-4
29
90
-99
37
187
57
-186
-43
336
57
-400
2
542
-178
-516
432
322
-466
-62
382
-151
-249
219
53
-183
24
90
-171
-116
172
-138
-166
199
-29
-223
90
242
-262
-159
458
-109
-332
348
107
-296
73
269
-166
-224
307
64
-297
22
142
27
-169
-62
122
37
3
-94
33
142
18
-113
-53
139
54
-114
-142
220
172
-330
36
330
5
-216
19
397
-83
-317
226
254
-72
-289
71
437
-201
-393
302
251
-319
-157
234
51
-190
-38
99
-65
-10
67
-165
-34
169
6
-224
-56
307
-25
-422
55
428
-288
-425
412
212
-423
-151
381
82
-389
-23
257
-32
-218
-3
101
-34
-38
-97
-4
213
-18
-203
64
195
7
-172
-77
238
131
-338
-120
395
33
-443
49
423
-126
-372
183
367
-217
-301
224
265
-218
-234
322
71
-254
133
62
-149
127
127
-290
-2
354
-126
-379
169
415
-297
-319
401
278
-420
-230
527
30
-445
142
237
-117
-128
52
79
27
-88
-95
127
44
-92
-24
23
84
-29
-84
41
88
-75
-138
119
24
-72
65
-55
27
112
-53
-130
123
193
-299
-17
338
-203
-171
193
92
-143
-87
152
20
-97
40
31
-83
32
107
-120
-13
150
-35
-71
22
79
4
-82
-19
113
30
-205
42
224
-128
-184
145
158
-135
-139
142
148
-161
-99
173
36
-83
-54
-9
142
-33
-147
127
23
-71
61
-121
33
187
-191
-88
214
53
-239
-111
291
-2
-291
37
235
23
-289
34
328
-157
-250
244
145
-269
-1
185
-90
-50
59
20
-76
-33
140
-74
-102
188
2
-184
109
126
-128
-57
74
75
-64
-96
96
50
-100
-17
63
41
-21
-41
32
58
-59
-36
99
-10
-43
-13
7
91
-45
-42
92
-44
51
18
-181
138
134
-254
-58
229
-8
-207
-43
257
-5
-319
167
235
-217
-101
162
20
-120
-21
89
46
-89
-78
99
75
-104
-67
120
79
-147
-10
131
-78
-15
59
-113
30
95
-108
-25
41
11
29
-111
3
160
-78
-94
138
73
-151
-35
161
-34
-118
58
36
-30
-6
13
11
-25
42
-9
-56
44
23
-20
-91
22
150
-45
-141
90
159
-98
-121
98
132
-110
-154
152
80
-201
-2
122
-34
-33
23
22
-18
-18
37
11
-76
-4
75
-49
-54
57
-3
-63
24
47
-30
7
72
-28
-42
36
64
-40
-154
148
134
-252
-58
258
-17
-253
73
157
-53
-47
-15
16
46
-3
-44
-28
59
59
-82
-75
109
74
-138
-52
130
14
-107
8
40
-20
-21
-6
35
16
-54
-40
100
14
-155
30
137
-51
-107
17
75
-1
-100
-35
125
65
-121
-55
122
74
-109
-103
79
107
-65
-128
47
118
-47
-100
50
99
-25
-60
4
51
34
-61
-37
42
36
-12
-90
30
121
-92
-111
98
91
-113
-110
150
79
-160
-9
112
-21
-63
-22
-7
35
28
-70
-61
74
87
-88
-94
139
66
-126
-10
51
4
-37
-48
65
27
-69
10
26
-12
7
3
-29
17
29
-33
22
26
-24
-5
17
39
-27
-51
35
45
-42
-40
48
21
-37
-35
21
58
-38
-81
28
68
-40
-76
33
57
-42
-59
22
21
-28
-17
32
-17
-6
35
-48
5
47
-43
-29
67
-7
-53
84
10
-59
53
35
-34
-34
40
62
-67
-25
74
-8
-5
12
-11
44
53
-39
-38
61
66
-46
-62
54
68
-33
-61
26
17
-27
-7
-10
-15
-9
31
-18
-69
57
40
-67
-26
34
25
-49
-26
19
-25
-1
3
-55
-12
47
-43
-43
54
-21
-27
47
-12
-46
23
50
-13
-32
6
32
46
-11
-56
25
54
-7
-25
33
28
7
15
-18
-4
19
31
-37
-37
60
12
-66
14
47
-40
-5
26
-41
-21
56
28
-75
-58
55
49
0
0
0
0
0
0
0
0
0
0
0
0
0
0
0
0
0
0
0
0
0
0
0
0
0
0
0
0
0
0
0
0
0
0
0
0
0
0
0
0
0
0
0
0
0
0
0
0
0
0
0
0
0
0
0
0
0
0
0
0
0
0
0
0
0
0
0
0
0
0
0
0
0
0
0
0
0
0
0
0
0
0
0
0
0
0
0
0
0
0
0
0
0
0
0
0
0
0
0
0
0
0
0
0
0
0
0
0
0
0
0
0
0
0
0
0
0
0
0
0
0
0
0
0
0
0
0
0
0
0
0
0
0
0
0
0
0
0
0
0
0
0
0
0
0
0
0
0
0
0
0
0
0
0
0
0
0
0
0
0
0
0
0
0
0
0
0
0
0
0
0
0
0
0
0
0
0
0
0
0
0
0
0
0
0
0
0
0
0
0
0
0
0
0
0
0
0
0
0
0
0
0
0
0
0
0
0
0
0
0
0
0
0
0
0
0
0
0
0
0
0
0
0
0
0
0
0
0
0
0
0
0
0
0
0
0
0
0
0
0
0
0
0
0
0
0
0
0
0
0
0
0
0
0
0
0
0
0
0
0
0
0
0
0
0
0
0
0
0
0
0
0
0
0
0
0
0
0
0
0
0
0
0
0
0
0
0
0
0
0
0
0
0
0
0
0
0
0
0
0
0
0
0
0
0
0
0
0
0
0
0
0
0
0
0
0
0
0
0
0
0
0
0
0
0
0
0
0
0
0
0
0
0
0
0
0
0
0
0
0
0
0
0
0
0
0
0
0
0
0
0
0
0
0
0
0
0
0
0
0
0
0
0
0
0
0
0
0
0
0
0
0
0
0
0
0
0
0
0
0
0
0
0
0
0
0
0
0
0
0
0
0
0
0
0
0
0
0
0
0
