0
0
0
0
0
0
0
0
0
0
0
0
0
0
0
0
0
0
0
0
0
0
0
0
0
0
0
0
0
0
0
0
0
0
0
0
0
0
0
0
0
0
0
0
0
0
0
0
0
0
0
0
0
0
0
0
0
0
0
0
0
0
0
0
0
0
0
0
0
0
0
0
0
0
0
0
0
0
0
0
0
0
0
0
0
0
0
0
0
0
0
0
0
0
0
0
0
0
0
0
0
0
0
0
0
0
0
0
0
0
0
0
0
0
0
0
0
0
0
0
0
0
0
0
0
0
0
0
0
0
0
0
0
0
0
0
0
0
0
0
0
0
0
0
0
0
0
0
0
0
0
0
0
0
0
0
0
0
0
0
0
0
0
0
0
0
0
0
0
0
0
0
0
0
0
0
0
0
0
0
0
0
0
0
0
0
0
0
0
0
0
0
0
0
0
0
0
0
0
0
0
0
0
0
0
0
0
0
0
0
0
0
0
0
0
0
0
0
0
0
0
0
0
0
0
0
0
0
0
0
0
0
0
0
0
0
0
0
0
0
0
0
0
0
0
0
0
0
0
0
0
0
0
0
0
0
0
0
0
0
0
0
0
0
0
0
0
0
0
0
0
0
0
0
0
0
0
0
0
0
0
0
0
0
0
0
0
0
0
0
0
0
0
0
0
0
0
0
0
0
0
0
0
0
0
0
0
0
0
0
0
0
0
0
0
0
0
0
0
0
0
0
0
0
0
0
0
0
0
0
0
0
0
0
0
0
0
0
0
0
0
0
0
0
0
0
0
0
0
0
0
0
0
0
0
0
0
0
0
0
0
0
0
0
0
0
0
0
0
0
0
0
0
0
0
0
0
0
0
0
0
0
0
0
0
0
0
0
0
0
0
0
0
0
0
0
-213
517
-41
-476
361
246
-303
-276
148
274
-525
-261
715
8
-721
266
754
-272
-527
740
783
-620
-243
1028
266
-1046
63
1142
-279
-858
358
842
-379
-936
616
470
-1475
-617
1234
244
-856
252
912
-756
-1508
216
610
-385
-12
970
146
-1169
-317
512
-128
-422
156
275
-328
-170
625
971
730
39
-703
-563
325
672
840
1600
1578
-49
-1286
-764
-209
-539
-149
793
194
-1144
-1231
-823
-1038
-1379
-389
318
-1029
-958
402
-96
-883
-144
807
60
-961
-263
610
-45
-503
1074
1614
-24
-456
527
705
-304
30
1388
1019
118
37
514
212
-533
12
448
324
20
-198
18
-161
3
22
-408
-304
-253
-344
-568
-109
670
373
-395
-125
724
134
0
1120
1025
41
-85
462
524
-38
-154
959
724
-533
-338
-47
114
-362
-510
370
-115
-636
-518
-250
-70
-628
-359
48
40
-56
-203
205
248
-5
-409
-261
212
-30
34
584
940
224
-367
-48
-197
-468
-102
411
334
69
275
431
-100
-470
-667
-859
-630
-280
381
390
-93
-347
-547
-557
-677
-462
21
405
29
-343
-78
-133
-242
-420
195
702
-26
-454
-371
-99
26
146
387
323
-273
-822
-375
1
-325
-457
-209
-171
-454
-286
50
70
-170
-463
-350
-404
-185
409
407
414
518
489
399
354
563
727
723
759
928
925
919
1182
1342
1170
792
587
445
198
334
735
945
1001
682
350
413
219
-64
-52
97
488
593
325
539
718
221
-273
-378
-67
30
-187
94
251
-387
-1061
-866
-587
-1022
-1269
-1017
-736
-882
-1139
-893
-716
-1025
-1332
-1241
-1101
-1273
-1417
-1157
-786
-764
-907
-863
-720
-783
-1001
-1082
-992
-828
-822
-930
-804
-564
-465
-553
-637
-776
-1093
-1421
-1466
-1362
-1726
-1721
-1158
-1264
-1587
-1472
-1312
-1471
-1474
-960
-424
-119
193
1049
2309
3177
3725
4488
5228
5587
5850
6213
6531
6562
6403
6476
6610
6298
5550
4944
4619
3890
2713
1818
1341
538
-520
-1121
-1525
-2140
-2911
-3322
-3533
-3817
-3956
-4269
-4352
-4116
-4049
-3729
-2994
-2324
-1942
-1568
-1016
-495
-302
-233
-11
139
17
-132
38
312
155
-247
-126
8
-453
-934
-1109
-1122
-1647
-2116
-1842
-1967
-2268
-2247
-2036
-1721
-1934
-2020
-2027
-2289
-2420
-2537
-2142
-1536
-1209
-1174
-1154
-1152
-1496
-1719
-1797
-1753
-2148
-2613
-2350
-2148
-1995
-1764
-1305
-936
-1310
-1646
-1743
-1873
-1935
-1651
-632
596
1715
3079
4588
5913
7100
8118
8987
9695
9614
9426
9787
10050
10088
9932
9760
9634
9094
7980
7006
5975
4335
2549
1031
-9
-1326
-2695
-3577
-4361
-5145
-6055
-6519
-7006
-7969
-8761
-9195
-9136
-9097
-8769
-7867
-7086
-6340
-5487
-4215
-3021
-2355
-1537
-465
699
1540
2435
3492
4178
4766
5031
5426
5872
5623
5256
4981
4584
3616
2253
1296
594
-177
-1088
-1714
-2132
-2865
-3602
-4031
-4109
-4508
-5295
-5529
-5371
-5339
-5552
-5423
-4783
-4542
-4494
-4031
-3390
-3038
-3004
-2745
-2392
-2268
-2042
-1626
-1176
-975
-926
-715
-616
-604
-436
-250
-241
-309
-409
-485
-499
-749
-777
-426
70
938
2029
3188
4136
5222
6881
8630
10116
10997
11170
11303
11609
11536
11421
11202
10491
9773
9011
8260
7412
6312
5203
3815
2210
771
-659
-2411
-4286
-5744
-6749
-7742
-8585
-9100
-9527
-9868
-10136
-10089
-9775
-9480
-9190
-8739
-8210
-7421
-6180
-5181
-4030
-2641
-1194
146
1161
2648
3977
5007
5674
6276
7285
7620
7561
7508
7709
7635
6840
6062
5400
4515
2952
1412
264
-912
-2352
-3660
-4178
-4928
-6103
-6725
-6817
-7003
-7579
-7747
-7351
-7098
-6885
-6568
-6181
-5703
-5173
-4620
-4015
-3197
-2258
-1662
-1359
-755
-206
-67
-76
236
666
543
349
377
679
465
-203
-180
-318
-982
-1651
-1772
-1495
-1286
-622
879
2757
4139
5627
7568
9456
11108
12231
13123
13564
13269
12784
12647
12470
11488
10495
9979
9297
8194
7017
6157
4751
2657
792
-780
-2554
-4787
-6708
-8112
-9373
-10552
-11383
-11621
-11721
-11801
-11983
-11831
-11168
-10713
-10300
-9743
-8817
-7704
-6795
-5484
-3873
-2673
-1687
-444
1070
2525
3725
4677
5561
6621
7497
8152
8861
9465
9806
9631
9328
9203
8755
7693
6172
4704
3173
1342
-311
-1683
-3140
-4672
-5741
-6334
-7004
-7703
-8077
-8261
-8531
-8587
-8313
-8132
-8111
-7892
-7345
-6873
-6322
-5456
-4576
-3768
-2920
-1735
-670
6
535
924
1321
1432
1434
1401
1189
1003
559
171
-105
-489
-882
-1331
-1267
-891
-447
389
1499
2888
4395
6171
8013
9753
11502
12737
13461
13914
14315
14276
13644
13052
12239
11012
9599
8550
7721
6369
4914
3314
1614
-77
-1930
-3418
-5198
-7417
-9160
-10461
-11756
-12735
-13029
-13292
-13433
-13208
-12568
-11555
-10745
-9895
-8878
-7778
-6769
-5886
-4734
-3584
-2448
-1317
-176
1037
2059
3215
4188
4942
5924
6791
7462
8061
8715
9104
9352
9522
9527
9419
8794
8095
7282
6116
4607
2835
1191
-506
-2130
-3539
-4662
-5600
-6505
-7295
-7849
-8083
-8273
-8486
-8609
-8419
-8214
-8154
-7872
-7444
-6901
-6441
-5789
-4849
-4111
-3172
-2103
-1052
128
1006
1577
1952
2222
2150
1746
1383
960
412
-345
-828
-1056
-1402
-1665
-1519
-832
-175
715
2084
3570
4943
6305
8097
9812
11095
12162
13061
13519
13494
13339
13032
12308
11190
10219
9311
8135
6798
5525
4246
2558
920
-591
-2303
-4043
-5958
-7666
-8992
-10251
-11248
-12013
-12570
-12913
-13046
-12754
-12102
-11224
-10323
-9435
-8401
-7254
-6024
-4932
-3848
-2738
-1802
-802
284
1439
2443
3411
4155
4853
5975
6692
7413
8042
8523
9121
9117
9156
9167
8835
8203
7465
6794
5854
4670
3229
2081
881
-767
-2286
-3464
-4657
-6060
-7017
-7645
-8207
-8696
-9072
-9027
-8753
-8528
-8174
-7578
-7132
-6730
-6275
-5703
-4999
-4540
-3914
-2979
-2011
-1080
-189
763
1491
1822
1949
1968
1796
1448
1064
687
218
-427
-1073
-1507
-1680
-1644
-1286
-375
915
2259
3678
5349
7197
8805
10157
11458
12418
12800
12859
12839
12659
12070
11142
10375
9498
8330
7176
5922
4732
3395
1825
325
-1149
-2717
-4541
-6255
-7665
-8928
-10179
-11335
-12018
-12336
-12481
-12293
-11720
-10921
-9966
-9082
-8067
-6872
-5862
-4932
-4092
-3110
-2127
-1273
-437
432
1508
2355
3151
4043
4951
5843
6491
7183
7849
8409
8645
8552
8551
8499
8179
7605
7095
6634
5783
4685
3723
2656
1220
-346
-1815
-3119
-4397
-5681
-6791
-7717
-8462
-9088
-9483
-9372
-8978
-8516
-7934
-7271
-6534
-5871
-5390
-4869
-4446
-4224
-3837
-3350
-2678
-1857
-1116
-265
466
1141
1772
2069
2136
1905
1482
887
193
-457
-1151
-1642
-1935
-1946
-1553
-874
199
1463
3005
4746
6530
8433
10080
11502
12562
13070
13256
13123
12610
11855
10931
9853
8862
7757
6591
5439
4241
3181
1891
522
-749
-2044
-3432
-5086
-6561
-7802
-9180
-10419
-11205
-11604
-11720
-11616
-11166
-10312
-9403
-8530
-7520
-6413
-5311
-4387
-3571
-2641
-1761
-1163
-632
101
796
1345
1891
2667
3543
4191
4886
5593
6288
6839
7093
7399
7595
7596
7406
7141
6907
6490
5989
5394
4642
3846
2856
1591
333
-959
-2260
-3589
-5030
-6256
-7380
-8307
-9004
-9443
-9415
-9214
-8783
-8122
-7353
-6568
-5890
-5270
-4725
-4259
-3967
-3744
-3383
-2926
-2430
-1716
-937
-134
676
1226
1824
2262
2404
2403
2038
1528
872
83
-624
-1181
-1477
-1421
-943
-140
999
2399
3971
5755
7573
9383
10932
12058
12792
13049
13005
12493
11625
10599
9356
8083
6708
5433
4339
3300
2345
1395
543
-342
-1408
-2557
-3805
-5158
-6525
-7896
-9132
-10095
-10884
-11390
-11511
-11295
-10740
-9912
-8910
-7723
-6461
-5324
-4300
-3370
-2532
-1907
-1372
-911
-494
30
373
865
1566
2227
3038
3824
4658
5545
6314
6990
7610
8084
8273
8317
8230
7986
7583
7034
6352
5514
4574
3521
2277
933
-369
-1707
-3105
-4502
-5651
-6634
-7673
-8514
-9118
-9384
-9524
-9540
-9127
-8587
-8043
-7522
-6816
-5917
-5199
-4555
-3869
-3156
-2508
-1906
-1118
-245
482
1168
1851
2380
2776
2980
2971
2863
2572
2107
1505
878
315
-253
-617
-665
-434
8
691
1782
3110
4561
6127
7744
9199
10301
11060
11557
11724
11388
10709
9751
8562
7188
5771
4503
3291
2239
1291
435
-303
-1025
-1754
-2613
-3537
-4550
-5643
-6711
-7761
-8737
-9550
-10123
-10454
-10478
-10146
-9472
-8558
-7500
-6294
-4982
-3685
-2510
-1464
-560
169
601
920
1246
1467
1675
1908
2373
2886
3340
4007
4774
5578
6261
6892
7537
7908
8024
7927
7729
7363
6568
5562
4508
3296
1946
525
-765
-2006
-3353
-4521
-5539
-6439
-7218
-7988
-8509
-8844
-9045
-9043
-8951
-8593
-8138
-7699
-7115
-6415
-5618
-4873
-4041
-3059
-2108
-1276
-498
401
1236
1918
2481
3031
3474
3548
3506
3460
3258
2769
2160
1672
1100
351
-315
-678
-862
-959
-731
-74
871
1885
3099
4624
6154
7535
8700
9687
10377
10561
10399
9957
9249
8259
7086
5965
4825
3631
2552
1639
755
-88
-765
-1375
-2098
-2921
-3741
-4594
-5485
-6346
-7162
-7864
-8415
-8865
-9084
-8961
-8625
-8086
-7299
-6331
-5219
-4090
-3016
-1937
-974
-241
302
682
905
1008
1066
1179
1356
1590
1919
2331
2909
3594
4291
5031
5778
6485
6915
7122
7238
7080
6638
5959
5155
4166
2899
1560
284
-956
-2226
-3426
-4436
-5315
-6154
-6914
-7425
-7773
-8034
-8076
-7877
-7519
-7186
-6803
-6209
-5552
-4867
-4169
-3395
-2557
-1826
-1048
-232
587
1428
2070
2682
3317
3697
3847
3823
3662
3365
2856
2211
1534
816
5
-796
-1392
-1736
-1993
-2093
-1767
-1089
-235
758
2089
3594
4969
6300
7496
8562
9210
9419
9494
9183
8533
7663
6717
5751
4625
3543
2627
1844
1105
397
-166
-616
-1181
-1892
-2538
-3202
-4043
-4976
-5871
-6699
-7442
-8036
-8374
-8404
-8186
-7727
-7007
-6087
-5049
-3998
-3033
-2169
-1427
-849
-416
-106
100
269
414
540
759
1098
1469
1926
2558
3276
3996
4738
5468
6098
6576
6880
7006
6906
6507
5864
5036
4019
2862
1592
271
-1002
-2272
-3489
-4497
-5344
-6071
-6624
-7002
-7191
-7238
-7188
-6966
-6613
-6238
-5815
-5284
-4669
-4072
-3457
-2730
-1968
-1200
-381
456
1276
2034
2641
3130
3521
3688
3589
3332
2962
2419
1736
980
193
-585
-1378
-2095
-2625
-2940
-3068
-2976
-2583
-1933
-1031
19
1264
2735
4151
5495
6701
7717
8527
8982
9215
9214
8882
8291
7547
6794
5893
4880
3958
3108
2275
1410
685
72
-660
-1434
-2174
-2856
-3593
-4427
-5196
-5919
-6561
-7111
-7496
-7619
-7586
-7352
-6942
-6348
-5588
-4814
-3960
-3130
-2355
-1585
-982
-493
-70
292
539
672
902
1143
1358
1683
2171
2776
3330
3947
4677
5336
5842
6207
6508
6559
6291
5851
5206
4412
3411
2242
1085
-136
-1423
-2707
-3816
-4740
-5603
-6191
-6515
-6658
-6623
-6448
-6078
-5627
-5156
-4689
-4226
-3775
-3391
-2955
-2436
-1900
-1357
-801
-198
478
1085
1662
2213
2586
2829
2856
2699
2395
1922
1310
560
-197
-990
-1774
-2446
-2985
-3311
-3407
-3316
-2987
-2301
-1406
-341
841
2132
3499
4708
5866
6944
7772
8319
8642
8820
8692
8245
7661
7008
6232
5342
4467
3668
2837
1987
1272
682
122
-549
-1280
-1925
-2592
-3402
-4172
-4788
-5449
-6085
-6567
-6808
-6874
-6880
-6610
-6118
-5497
-4821
-4143
-3337
-2602
-1986
-1323
-768
-365
-17
195
388
579
721
938
1171
1502
1952
2464
3033
3625
4297
4892
5350
5702
5897
5889
5579
5117
4497
3600
2524
1341
164
-1053
-2295
-3393
-4353
-5117
-5722
-6124
-6234
-6194
-5975
-5611
-5120
-4571
-4131
-3669
-3222
-2829
-2470
-2145
-1740
-1337
-910
-389
221
873
1481
1980
2396
2728
2834
2758
2502
2121
1589
837
81
-678
-1433
-2151
-2766
-3157
-3386
-3450
-3286
-2849
-2163
-1318
-342
787
2001
3171
4303
5418
6420
7157
7627
7931
8051
7918
7537
7024
6461
5785
5007
4247
3550
2862
2122
1443
931
383
-289
-905
-1494
-2116
-2809
-3513
-4056
-4628
-5187
-5532
-5741
-5812
-5765
-5525
-5104
-4660
-4131
-3553
-2959
-2384
-1902
-1425
-1036
-722
-441
-282
-107
44
190
430
654
969
1389
1871
2390
2894
3476
4012
4417
4718
4907
4924
4707
4325
3798
3111
2226
1187
176
-787
-1798
-2756
-3503
-4126
-4665
-5008
-5106
-5049
-4924
-4687
-4312
-3902
-3525
-3173
-2811
-2436
-2097
-1800
-1480
-1108
-744
-412
-12
472
927
1284
1589
1853
1996
1990
1868
1684
1337
806
223
-335
-891
-1499
-2002
-2381
-2649
-2778
-2777
-2461
-1968
-1368
-539
399
1487
2553
3585
4677
5586
6363
6887
7188
7414
7303
7043
6666
6115
5557
4824
4123
3482
2779
2190
1587
1062
618
101
-407
-918
-1406
-1915
-2491
-3048
-3578
-4132
-4630
-4983
-5211
-5331
-5346
-5212
-4934
-4570
-4125
-3625
-3080
-2519
-1997
-1533
-1139
-819
-559
-351
-185
-37
113
278
481
787
1214
1690
2152
2636
3153
3614
3978
4278
4473
4466
4240
3894
3442
2773
1928
1038
113
-862
-1846
-2740
-3451
-4025
-4477
-4679
-4632
-4497
-4300
-3955
-3522
-3137
-2800
-2471
-2157
-1879
-1682
-1499
-1247
-1015
-815
-516
-130
255
612
985
1370
1650
1762
1746
1659
1454
1070
607
145
-395
-1003
-1537
-1971
-2307
-2575
-2654
-2506
-2261
-1780
-1100
-305
614
1588
2611
3582
4529
5374
5992
6437
6692
6807
6730
6410
5985
5494
4904
4270
3659
3072
2485
1898
1385
927
455
-28
-550
-1012
-1474
-2045
-2589
-3167
-3725
-4223
-4725
-5042
-5240
-5359
-5302
-5099
-4725
-4262
-3746
-3116
-2497
-1910
-1373
-916
-468
-185
3
196
301
427
528
681
989
1308
1683
2101
2515
2965
3376
3726
4057
4281
4323
4185
3920
3560
3015
2290
1485
654
-225
-1137
-1970
-2659
-3268
-3771
-4074
-4220
-4222
-4123
-3915
-3609
-3314
-2981
-2703
-2463
-2243
-2143
-2011
-1862
-1708
-1511
-1274
-908
-488
-32
383
742
1095
1315
1459
1510
1425
1256
941
600
203
-280
-745
-1216
-1610
-1959
-2202
-2257
-2200
-1934
-1467
-820
-43
787
1744
2696
3604
4462
5182
5777
6120
6324
6424
6288
5980
5553
5122
4560
3943
3417
2870
2331
1749
1264
819
315
-183
-678
-1110
-1628
-2179
-2690
-3225
-3738
-4218
-4579
-4800
-4956
-5025
-4899
-4598
-4214
-3740
-3163
-2561
-2005
-1459
-913
-440
-113
152
373
521
605
645
776
885
1009
1257
1525
1830
2116
2473
2865
3170
3442
3608
3678
3610
3380
3096
2658
2075
1397
647
-69
-871
-1654
-2303
-2919
-3365
-3714
-3928
-3975
-3928
-3729
-3532
-3250
-2953
-2746
-2510
-2268
-2015
-1857
-1723
-1543
-1356
-1153
-934
-641
-337
-52
263
586
840
1023
1112
1151
1084
829
551
220
-169
-609
-1046
-1396
-1755
-1991
-2079
-2014
-1748
-1332
-705
40
891
1846
2774
3711
4587
5302
5862
6231
6421
6417
6193
5827
5357
4777
4130
3498
2905
2328
1748
1247
825
377
-15
-411
-854
-1259
-1709
-2176
-2684
-3224
-3696
-4150
-4464
-4664
-4804
-4743
-4548
-4210
-3753
-3241
-2634
-2062
-1513
-938
-462
-94
207
438
582
680
714
674
657
674
764
902
1110
1410
1727
2119
2497
2830
3127
3299
3416
3402
3234
2981
2592
2060
1412
702
-10
-774
-1530
-2158
-2716
-3157
-3456
-3612
-3625
-3576
-3420
-3221
-2983
-2726
-2526
-2355
-2211
-2072
-1970
-1859
-1706
-1516
-1308
-1021
-608
-248
98
481
807
1068
1244
1328
1298
1156
953
669
315
-63
-536
-1006
-1413
-1779
-1994
-2128
-2066
-1771
-1381
-740
20
807
1704
2595
3481
4256
4880
5391
5710
5876
5848
5653
5342
4924
4460
3949
3421
2910
2375
1856
1415
987
562
124
-298
-697
-1177
-1614
-2058
-2550
-3024
-3460
-3762
-4050
-4254
-4294
-4242
-4080
-3809
-3406
-2950
-2507
-2039
-1542
-1086
-702
-380
-109
92
183
222
247
254
245
267
381
552
752
1042
1409
1766
2122
2451
2777
3003
3086
3159
3073
2860
2562
2131
1646
1059
444
-199
-856
-1459
-2023
-2495
-2879
-3147
-3291
-3342
-3301
-3193
-3034
-2845
-2643
-2456
-2282
-2115
-1947
-1776
-1611
-1427
-1190
-896
-561
-205
159
524
876
1163
1354
1465
1476
1334
1081
788
452
32
-419
-830
-1202
-1545
-1805
-1927
-1932
-1797
-1508
-1065
-510
107
829
1586
2337
3033
3650
4197
4577
4862
5017
5027
4919
4665
4387
4071
3695
3253
2731
2261
1823
1348
897
485
117
-244
-641
-989
-1346
-1742
-2130
-2537
-2886
-3184
-3435
-3603
-3684
-3643
-3511
-3306
-3013
-2668
-2306
-1904
-1488
-1139
-878
-634
-368
-145
-7
110
255
379
449
551
746
956
1117
1297
1554
1819
2021
2213
2435
2602
2615
2528
2419
2232
1893
1471
1055
596
44
-538
-1048
-1524
-1969
-2332
-2584
-2730
-2850
-2884
-2849
-2767
-2652
-2546
-2362
-2177
-2008
-1851
-1672
-1387
-1108
-852
-573
-236
89
317
579
864
1033
1124
1130
1078
974
735
497
271
-13
-314
-642
-893
-1132
-1380
-1520
-1587
-1556
-1486
-1313
-953
-550
-74
509
1167
1812
2425
3047
3617
4119
4453
4666
4822
4860
4742
4499
4264
3892
3405
2902
2344
1831
1268
709
244
-195
-597
-989
-1249
-1489
-1804
-2068
-2329
-2559
-2848
-3116
-3236
-3358
-3416
-3393
-3264
-3017
-2756
-2451
-2060
-1662
-1302
-918
-548
-217
55
248
460
646
753
853
951
1076
1181
1220
1319
1467
1580
1720
1887
2066
2193
2217
2245
2255
2129
1922
1657
1310
872
347
-174
-686
-1216
-1727
-2176
-2504
-2761
-2987
-3064
-2992
-2888
-2736
-2523
-2280
-2022
-1805
-1586
-1365
-1189
-1051
-927
-757
-581
-392
-178
70
342
545
734
885
974
996
897
765
562
291
18
-281
-548
-814
-1102
-1324
-1504
-1597
-1570
-1470
-1234
-900
-503
6
566
1189
1819
2393
2957
3438
3791
4047
4249
4339
4295
4200
3997
3717
3360
2944
2537
2083
1640
1188
782
421
36
-288
-574
-875
-1197
-1460
-1740
-2050
-2315
-2579
-2764
-2904
-3004
-3030
-2963
-2798
-2609
-2373
-2066
-1730
-1389
-1032
-700
-407
-167
33
211
343
446
516
595
651
717
838
917
1047
1232
1366
1482
1611
1719
1776
1810
1796
1707
1561
1348
1088
785
432
59
-323
-729
-1094
-1422
-1725
-1960
-2119
-2229
-2265
-2217
-2150
-2019
-1870
-1721
-1538
-1414
-1305
-1183
-1057
-922
-813
-661
-490
-314
-100
95
283
434
554
639
659
655
588
472
320
136
-56
-276
-478
-675
-875
-1032
-1170
-1268
-1265
-1197
-1070
-829
-523
-175
245
724
1232
1749
2229
2686
3109
3447
3742
3926
4004
4021
3908
3703
3400
3026
2632
2199
1752
1328
904
472
104
-219
-528
-790
-1052
-1328
-1572
-1790
-2016
-2226
-2385
-2503
-2585
-2620
-2599
-2531
-2405
-2226
-2005
-1752
-1478
-1203
-926
-655
-402
-164
50
220
331
410
474
538
598
645
696
776
874
972
1078
1196
1327
1455
1539
1573
1565
1504
1370
1198
990
710
389
72
-251
-616
-938
-1198
-1445
-1638
-1785
-1871
-1915
-1927
-1884
-1834
-1726
-1598
-1484
-1355
-1243
-1111
-983
-858
-724
-601
-453
-302
-151
12
147
290
417
502
566
556
517
400
245
66
-126
-312
-492
-636
-770
-857
-959
-1002
-972
-897
-764
-579
-350
-50
316
692
1116
1551
1967
2380
2742
3044
3295
3460
3529
3524
3427
3224
2954
2652
2303
1915
1524
1134
738
371
38
-269
-536
-778
-1002
-1186
-1353
-1520
-1681
-1833
-1974
-2100
-2192
-2207
-2199
-2138
-2003
-1848
-1662
-1426
-1194
-961
-717
-504
-271
-65
89
187
268
342
367
390
459
513
539
605
676
774
889
993
1092
1178
1200
1196
1185
1099
980
833
661
416
131
-126
-413
-651
-889
-1121
-1277
-1420
-1507
-1555
-1556
-1521
-1474
-1412
-1341
-1226
-1135
-1052
-954
-886
-776
-654
-531
-404
-267
-87
58
179
291
370
429
469
459
405
330
207
93
-29
-171
-323
-472
-570
-681
-765
-785
-780
-723
-620
-465
-268
-43
214
513
853
1209
1569
1912
2218
2469
2689
2861
2930
2920
2850
2699
2469
2199
1888
1536
1187
839
514
231
-26
-261
-463
-608
-758
-879
-985
-1132
-1228
-1331
-1435
-1475
-1509
-1522
-1499
-1445
-1382
-1295
-1168
-1038
-882
-726
-573
-410
-276
-151
-72
9
100
121
165
184
180
234
248
276
319
334
379
438
514
606
695
765
816
840
802
718
586
426
245
26
-201
-448
-693
-927
-1129
-1261
-1338
-1343
-1324
-1252
-1151
-1064
-918
-824
-786
-712
-663
-650
-626
-586
-545
-462
-353
-250
-131
-1
124
234
329
411
455
459
433
372
267
152
36
-86
-212
-343
-461
-547
-602
-634
-614
-532
-428
-297
-111
108
321
545
780
1003
1239
1470
1682
1851
2001
2125
2189
2207
2155
2075
1961
1802
1601
1352
1115
873
610
360
148
-55
-225
-359
-525
-653
-748
-843
-908
-959
-1000
-1023
-1029
-1005
-955
-916
-866
-807
-753
-678
-614
-573
-536
-505
-461
-427
-398
-364
-321
-258
-207
-154
-70
-16
43
142
218
307
399
447
501
511
483
467
418
356
282
182
69
-43
-146
-239
-323
-391
-444
-503
-528
-535
-565
-588
-625
-664
-699
-746
-778
-809
-822
-804
-781
-724
-645
-546
-422
-297
-154
-37
68
169
208
231
232
195
162
114
63
22
-22
-43
-52
-70
-77
-77
-71
-35
-24
-14
17
35
44
61
107
154
215
314
405
517
660
789
921
1059
1188
1303
1395
1463
1490
1497
1460
1370
1269
1119
968
823
646
491
345
199
91
-8
-101
-140
-150
-150
-153
-186
-212
-257
-305
-343
-425
-502
-572
-653
-721
-776
-818
-838
-838
-812
-748
-666
-547
-409
-294
-173
-72
4
63
107
133
95
46
6
-81
-161
-224
-275
-292
-296
-280
-230
-151
-87
-46
10
35
13
-17
-75
-163
-271
-389
-523
-642
-703
-733
-738
-689
-618
-531
-418
-315
-201
-85
-13
56
102
95
82
57
0
-51
-105
-163
-197
-191
-149
-97
-39
41
129
212
282
323
334
322
289
234
161
92
19
-34
-45
-35
15
91
178
278
393
530
629
699
764
797
793
764
721
652
560
472
404
331
276
252
234
238
262
279
294
327
333
341
355
325
302
262
199
172
140
108
76
41
31
26
34
43
43
42
9
-20
-51
-112
-177
-249
-310
-385
-467
-526
-590
-628
-665
-695
-705
-710
-696
-672
-627
-578
-533
-477
-410
-347
-282
-212
-159
-117
-98
-88
-95
-117
-121
-120
-114
-111
-101
-76
-59
-42
-33
-11
21
34
44
71
78
68
61
43
31
24
7
-6
-17
-38
-62
-74
-85
-101
-88
-79
-77
-65
-54
-37
-43
-44
-47
-78
-90
-102
-118
-117
-112
-103
-79
-56
-21
62
158
247
344
448
552
634
696
736
752
735
689
644
582
495
381
290
221
141
107
84
70
82
92
108
137
155
178
207
205
209
206
215
219
192
189
169
151
144
122
126
113
82
52
6
-57
-147
-239
-340
-459
-555
-648
-734
-767
-798
-808
-770
-731
-671
-601
-539
-443
-367
-302
-215
-137
-59
19
92
160
213
260
294
322
323
305
286
237
195
153
89
50
11
-14
-12
-19
-13
-4
-6
-3
-20
-32
-45
-82
-104
-121
-149
-155
-152
-169
-160
-136
-138
-117
-87
-64
-51
-63
-61
-71
-90
-110
-128
-145
-161
-157
-159
-145
-115
-67
-6
64
160
233
303
366
399
417
413
408
375
343
316
268
241
219
190
162
127
104
82
62
42
11
-11
-40
-64
-65
-82
-85
-54
-38
-23
13
41
63
81
92
102
98
100
104
98
81
60
44
11
-26
-49
-90
-142
-169
-195
-237
-235
-238
-241
-219
-218
-201
-176
-156
-129
-96
-63
-38
4
47
96
136
158
193
206
203
206
199
184
172
148
118
93
64
51
48
34
21
18
1
-11
-17
-34
-42
-49
-54
-60
-74
-72
-77
-87
-102
-134
-145
-162
-197
-211
-221
-235
-229
-224
-209
-184
-181
-170
-135
-116
-99
-80
-70
-54
-32
-22
-19
-1
23
40
62
92
128
162
180
206
242
248
236
232
210
179
152
100
57
31
-1
-17
-29
-43
-42
-35
-32
-24
-16
-13
6
9
3
21
22
29
43
46
46
38
42
39
17
13
1
-12
-4
-17
-29
-23
-30
-27
-31
-33
-45
-60
-61
-74
-82
-84
-78
-62
-47
-20
20
56
90
129
161
191
211
217
213
202
202
181
147
114
77
47
21
4
-17
-29
-25
-23
-25
-12
3
-2
-9
-5
-15
-42
-57
-76
-107
-129
-148
-160
-163
-145
-123
-100
-65
-64
-51
-20
-33
-45
-55
-78
-112
-152
-165
-175
-194
-197
-188
-167
-148
-116
-68
-27
15
58
78
87
98
103
102
92
79
77
69
62
57
48
49
51
57
49
48
58
45
39
24
3
3
1
-6
-18
-14
-6
-12
-16
-6
18
14
20
43
35
33
24
10
0
-19
-25
-37
-43
-49
-53
-49
-59
-59
-55
-55
-45
-56
-50
-24
-20
-10
16
45
77
114
150
178
208
231
229
217
208
187
159
128
89
69
51
36
33
20
1
-20
-25
-49
-75
-78
-95
-104
-106
-103
-87
-79
-69
-57
-40
-23
-19
-16
8
17
14
18
13
21
6
-11
-8
-27
-35
-54
-82
-96
-110
-125
-140
-142
-121
-99
-84
-62
-43
-30
-22
-5
20
41
56
59
69
85
94
95
88
84
67
53
46
20
11
16
14
13
9
-2
-3
2
-6
-6
-2
-27
-50
-61
-70
-78
-71
-58
-64
-63
-46
-36
-36
-36
-31
-26
-39
-47
-56
-72
-75
-83
-86
-84
-98
-92
-71
-74
-78
-50
-10
20
48
72
91
108
132
161
183
207
215
210
218
218
210
200
182
160
140
107
77
55
24
-11
-38
-56
-81
-98
-98
-117
-128
-126
-126
-120
-111
-103
-104
-99
-79
-64
-50
-33
-11
19
35
35
64
83
83
95
87
71
60
38
10
-21
-36
-43
-65
-85
-101
-98
-96
-95
-79
-66
-57
-46
-37
-23
-2
15
24
37
48
46
48
52
42
34
38
34
29
25
27
21
12
11
14
7
2
4
-4
-30
-41
-46
-68
-71
-69
-66
-56
-59
-37
-18
-14
0
1
7
8
6
13
8
0
0
0
0
0
0
0
0
0
0
0
0
0
0
0
0
0
0
0
0
0
0
0
0
0
0
0
0
0
0
0
0
0
0
0
0
0
0
0
0
0
0
0
0
0
0
0
0
0
0
0
0
0
0
0
0
0
0
0
0
0
0
0
0
0
0
0
0
0
0
0
0
0
0
0
0
0
0
0
0
0
0
0
0
0
0
0
0
0
0
0
0
0
0
0
0
0
0
0
0
0
0
0
0
0
0
0
0
0
0
0
0
0
0
0
0
0
0
0
0
0
0
0
0
0
0
0
0
0
0
0
0
0
0
0
0
0
0
0
0
0
0
0
0
0
0
0
0
0
0
0
0
0
0
0
0
0
0
0
0
0
0
0
0
0
0
0
0
0
0
0
0
0
0
0
0
0
0
0
0
0
0
0
0
0
0
0
0
0
0
0
0
0
0
0
0
0
0
0
0
0
0
0
0
0
0
0
0
0
0
0
0
0
0
0
0
0
0
0
0
0
0
0
0
0
0
0
0
0
0
0
0
0
0
0
0
0
0
0
0
0
0
0
0
0
0
0
0
0
0
0
0
0
0
0
0
0
0
0
0
0
0
0
0
0
0
0
0
0
0
0
0
0
0
0
0
0
0
0
0
0
0
0
0
0
0
0
0
0
0
0
0
0
0
0
0
0
0
0
0
0
0
0
0
0
0
0
0
0
0
0
0
0
0
0
0
0
0
0
0
0
0
0
0
0
0
0
0
0
0
0
0
0
0
0
0
0
0
0
0
0
0
0
0
0
0
0
0
0
0
0
0
0
0
0
0
0
0
0
0
0
0
0
0
0
0
0
0
0
0
0
0
0
0
0
0
0
0
0
0
0
0
0
0
0
0
0
0
0
0
0
0
0
0
0
0
0
0
0
0
