0
0
0
0
0
0
0
0
0
0
0
0
0
0
0
0
0
0
0
0
0
0
0
0
0
0
0
0
0
0
0
0
0
0
0
0
0
0
0
0
0
0
0
0
0
0
0
0
0
0
0
0
0
0
0
0
0
0
0
0
0
0
0
0
0
0
0
0
0
0
0
0
0
0
0
0
0
0
0
0
0
0
0
0
0
0
0
0
0
0
0
0
0
0
0
0
0
0
0
0
0
0
0
0
0
0
0
0
0
0
0
0
0
0
0
0
0
0
0
0
0
0
0
0
0
0
0
0
0
0
0
0
0
0
0
0
0
0
0
0
0
0
0
0
0
0
0
0
0
0
0
0
0
0
0
0
0
0
0
0
0
0
0
0
0
0
0
0
0
0
0
0
0
0
0
0
0
0
0
0
0
0
0
0
0
0
0
0
0
0
0
0
0
0
0
0
0
0
0
0
0
0
0
0
0
0
0
0
0
0
0
0
0
0
0
0
0
0
0
0
0
0
0
0
0
0
0
0
0
0
0
0
0
0
0
0
0
0
0
0
0
0
0
0
0
0
0
0
0
0
0
0
0
0
0
0
0
0
0
0
0
0
0
0
0
0
0
0
0
0
0
0
0
0
0
0
0
0
0
0
0
0
0
0
0
0
0
0
0
0
0
0
0
0
0
0
0
0
0
0
0
0
0
0
0
0
0
0
0
0
0
0
0
0
0
0
0
0
0
0
0
0
0
0
0
0
0
0
0
0
0
0
0
0
0
0
0
0
0
0
0
0
0
0
0
0
0
0
0
0
0
0
0
0
0
0
0
0
0
0
0
0
0
0
0
0
0
0
0
0
0
0
0
0
0
0
0
0
0
0
0
0
0
0
0
0
0
0
0
0
0
0
0
0
0
0
-69
124
34
-154
21
179
-46
-145
146
150
-124
-67
135
90
-114
-83
149
84
-150
-21
177
0
-110
72
101
-59
-73
49
57
-49
-63
55
57
-49
9
120
66
-80
54
164
-146
-67
147
-63
-111
51
13
-116
36
61
-93
-15
44
-47
-88
64
6
-146
34
88
-75
-75
79
15
-145
12
75
-151
-52
177
-109
-237
209
95
-370
27
347
-179
-268
244
183
-242
-134
244
96
-270
-11
276
-108
-205
181
34
-128
76
11
-1
122
18
-120
72
221
-108
-156
256
167
-309
5
368
-205
-250
328
110
-339
31
357
-185
-308
335
123
-413
126
308
-348
-92
338
-194
-258
245
58
-254
31
186
-79
-135
114
94
-142
14
124
-69
-8
59
-56
-4
125
-86
-199
260
132
-461
60
519
-353
-441
613
161
-708
190
550
-412
-275
472
3
-408
264
212
-453
96
448
-487
-198
678
-351
-384
740
-211
-530
587
79
-573
289
341
-475
35
380
-241
-104
252
-79
-235
206
101
-323
76
263
-193
-153
198
63
-196
16
178
-121
-139
168
60
-226
6
285
-132
-228
250
-15
-254
159
58
-172
108
128
-221
-40
273
-105
-260
236
206
-417
-19
561
-308
-423
640
145
-714
355
632
-745
-134
853
-410
-528
703
50
-663
397
362
-572
22
365
-237
-119
232
-54
-125
153
-87
-136
96
-14
-141
-107
174
-114
-237
327
-69
-127
208
-134
34
159
-104
-26
267
-47
-255
327
110
-280
81
194
-40
-175
41
201
-114
-187
167
20
-168
84
-7
-104
75
-22
-107
81
15
-164
72
112
-56
7
-8
124
41
-233
130
296
-250
-194
371
-28
-299
229
69
-284
77
228
-226
-85
395
-171
-302
481
-21
-393
352
29
-296
130
14
-149
30
85
-122
-6
117
-202
-51
197
-58
-228
34
269
-157
-210
304
40
-256
82
221
-161
-231
303
21
-323
158
163
-116
-62
164
-22
-130
134
-46
-45
86
26
-57
-114
182
104
-306
-19
279
-140
-179
112
33
72
-31
-238
226
276
-409
-25
441
-186
-346
309
354
-389
-89
558
1
-436
203
505
-404
-257
508
-146
-281
213
-19
-139
27
0
-133
-6
121
-228
-134
392
-214
-385
545
-79
-460
343
143
-334
-30
430
-246
-328
417
-4
-325
31
402
-175
-422
479
100
-467
101
308
-39
-240
86
414
-163
-397
399
256
-411
-109
399
181
-496
-51
557
-267
-375
357
214
-295
-177
280
7
-266
-21
126
208
-274
-276
603
-110
-720
558
304
-683
197
489
-382
-195
462
-20
-421
287
232
-416
53
319
-65
-165
-134
236
124
-386
110
305
-260
-76
238
-32
-135
90
179
-209
-64
333
-237
-63
307
-218
-121
172
67
-233
109
245
-580
253
557
-797
28
695
-371
-417
356
366
-536
-82
595
-410
-149
412
-197
-78
158
-104
-55
220
-105
-206
413
-23
-611
434
407
-739
111
527
-240
-178
-102
252
176
-362
-54
288
77
-436
157
394
-578
142
309
-455
86
239
-47
-283
131
232
-470
138
251
-342
72
215
-60
-385
258
292
-393
81
81
154
-270
-35
416
-584
251
344
-464
130
212
-89
-162
307
-93
-377
642
-131
-567
671
20
-459
195
106
-26
-51
60
-5
-47
181
-212
-89
323
-204
-51
143
-200
188
38
-318
197
195
-240
-27
245
-160
-97
191
-309
16
436
-404
-163
556
-251
-301
371
76
-334
22
352
-258
-84
133
-21
58
-355
376
194
-653
344
403
-516
-236
706
-127
-666
631
13
-360
234
-36
37
-112
186
-38
-258
386
-68
-428
282
344
-590
85
428
-264
-159
71
370
-455
-138
572
-236
-248
195
243
-297
-92
271
51
-72
-209
250
5
-309
198
227
-203
-317
526
-31
-604
561
-72
-334
315
-192
-64
162
20
-237
35
299
-367
43
399
-367
-153
398
-119
-304
314
180
-274
-156
279
171
-461
71
412
-196
-100
-40
177
20
-294
177
196
-210
-199
362
63
-303
39
190
69
-386
-69
406
49
-412
41
473
-248
-329
137
362
-88
-422
289
242
-244
-198
243
129
-352
167
166
-258
326
-142
-377
920
-311
-779
1011
27
-841
415
533
-623
-265
704
-214
-267
206
-382
499
-171
-563
670
-344
-44
-79
-214
724
-485
-170
355
-6
-57
-496
586
91
-587
320
139
-144
-213
405
94
-549
424
456
-668
-21
837
-579
-356
764
-101
-637
453
483
-919
275
476
-525
144
13
204
-66
-44
156
-143
203
-241
-19
88
60
19
-467
588
101
-963
462
443
-750
18
512
-297
-265
134
238
-138
-586
632
469
-938
238
706
-574
-307
551
-30
-458
285
198
-323
39
131
-131
112
-29
-339
333
101
-363
214
172
-196
-507
390
553
-863
-163
769
-113
-659
386
416
-651
31
619
-194
-253
411
-239
41
399
-658
312
568
-555
-94
437
20
-566
124
520
-514
-121
560
-164
-184
74
-86
20
-7
263
-4
-310
213
-118
25
78
-354
456
7
-305
306
-225
165
24
-4
242
-224
229
-104
-182
361
131
-515
2
369
-370
72
-1
-6
-155
-185
386
-430
-63
340
-60
-187
-114
110
-14
153
-175
97
165
-413
-37
100
109
-172
165
62
-160
177
-141
214
-431
162
279
-678
844
-375
-348
731
-671
19
487
-160
-421
551
274
-733
340
77
-229
337
-109
52
361
-223
-118
230
-34
-170
-63
209
116
-286
39
312
-176
-239
320
161
-388
29
362
-209
-545
508
358
-928
673
369
-945
563
-111
-112
29
-155
546
-400
216
-118
-128
434
-587
371
104
-273
70
-183
116
-149
315
79
-224
-57
-168
48
-43
-19
-228
648
-150
-938
975
-5
-794
588
213
-556
351
-69
-473
724
-408
-249
630
25
-564
-211
1079
-875
-607
1297
-690
-241
335
-127
417
-531
-114
736
-271
-723
499
515
-605
-33
603
-411
-113
432
-594
754
27
-951
921
-292
-369
460
53
-246
-402
691
43
-273
55
-242
699
-591
-510
1142
-148
-523
200
605
-366
-630
1163
-207
-1115
829
-38
-663
658
285
-503
144
331
-798
323
769
-1144
275
717
-990
57
438
-338
4
329
-105
-314
245
-57
-176
341
-87
51
195
-190
214
102
-596
-176
720
-377
-580
1042
-433
-802
863
-229
-332
460
-30
-19
221
21
-483
218
433
-885
61
738
-497
-153
255
161
-196
-543
439
159
-381
440
197
-176
108
-59
-133
-28
165
182
-362
20
109
-354
83
83
242
129
-180
214
206
-328
-395
594
43
-515
545
243
-359
-347
231
56
-723
468
200
-468
608
-411
-21
857
-982
-98
1022
-310
-691
330
677
-972
-402
1006
-430
-578
398
294
-320
-13
366
-483
605
333
-1053
956
316
-1098
553
346
-581
-150
245
-105
-258
179
-257
116
516
-736
268
629
-1073
656
984
-1309
268
1127
-1302
-176
1315
-1266
-627
1293
-659
-348
884
-184
105
388
-319
-53
228
-181
-54
110
233
-69
-589
435
107
-332
59
-204
273
-486
-66
881
-332
-464
930
805
-1470
204
1371
-1548
-99
733
-705
320
41
-198
386
-52
-335
150
121
-390
250
95
97
432
-646
85
850
-830
-354
939
-682
-724
776
243
-802
83
900
-440
-133
816
-39
-643
172
225
-320
457
-543
-33
755
-1181
351
747
-1041
194
611
-189
92
-209
-571
723
394
-771
727
342
-1339
-105
904
-442
-1013
934
702
-1209
196
1210
-538
-834
474
452
-412
-282
750
288
-832
151
290
-489
311
396
-310
66
493
-645
20
861
-1363
438
1595
-1428
-124
1448
-818
-1454
765
534
-745
331
442
-204
-306
-19
66
-111
275
-39
45
655
-733
-636
1329
-411
-1367
907
652
-438
-467
355
648
-885
-181
258
-277
398
-270
-15
510
-61
-481
-234
273
-191
107
317
200
-90
-257
481
-633
-797
938
262
-600
289
265
-109
421
-272
-328
879
-332
-951
487
355
-605
-258
367
629
213
-908
529
798
-1323
-54
810
-340
-328
610
482
-679
-82
408
-116
-149
-82
44
-229
-192
-27
-112
472
292
-207
303
257
-468
-447
287
310
-407
-183
358
-87
-29
61
-535
80
604
-294
-373
655
148
-615
406
544
-371
-379
395
282
-835
-289
738
49
-681
-161
691
87
-684
128
597
210
-611
-573
969
204
-1324
201
1083
-727
-1173
738
738
-627
-541
99
760
-133
-970
589
705
-669
-351
824
545
-835
-486
416
-66
-349
-127
134
365
-104
-424
489
529
-564
-336
147
-195
-363
-40
437
29
-512
13
427
38
-240
20
49
-74
95
139
112
2
-36
299
235
-277
-194
93
-179
-209
198
152
-60
-147
-206
237
119
-490
313
504
-481
-180
-111
-221
305
-213
-270
587
270
-227
310
233
-345
-260
-8
237
71
25
290
38
-341
-297
54
-212
-441
-43
-61
-46
175
180
164
-317
-446
176
39
93
384
-258
-141
60
-317
244
483
136
293
321
-110
-280
-32
-83
-112
-167
47
539
-40
-384
55
63
-118
34
262
153
21
-298
-17
750
187
-183
377
247
0
114
3
-85
126
20
-95
219
-17
-107
449
-15
-634
120
313
-523
-300
172
-183
-256
-82
50
209
-147
-280
371
230
-548
-294
-5
-643
-788
-312
-415
-728
-624
-607
-885
-989
-768
-554
-582
-732
-701
-352
-80
-279
-383
-36
-11
-259
50
360
190
309
611
550
743
1204
1199
1219
1481
1487
1562
1767
1715
1718
1697
1549
1698
1494
1375
1730
1262
1077
1446
970
678
895
681
246
321
495
68
-10
141
-279
-380
-448
-924
-903
-1116
-1720
-1556
-1459
-1646
-1755
-1798
-1348
-1613
-1903
-1303
-1396
-1606
-1395
-1399
-1662
-1783
-1475
-1548
-1823
-1598
-1673
-1905
-1727
-1711
-1968
-2335
-2372
-2508
-2737
-2526
-2829
-2774
-2416
-2748
-2919
-2774
-2349
-2367
-2264
-1592
-1471
-1003
27
1468
3413
5462
7839
9139
9697
10616
10830
11354
11978
11514
10672
9554
8488
6841
4834
3296
1004
-1132
-2784
-4447
-5235
-6151
-7122
-8132
-8745
-8028
-8024
-7595
-6086
-5407
-4602
-3580
-2527
-1241
-239
543
1746
3350
4374
5378
6168
6152
6138
5462
4899
4628
2976
1710
854
-871
-2239
-3071
-3673
-4958
-5884
-5470
-5553
-5192
-4415
-4096
-3057
-2277
-1799
-221
1136
1122
1249
1966
1965
1613
1896
1854
1041
519
119
-331
-711
-1627
-2604
-3179
-3774
-4007
-3751
-3702
-4009
-4444
-4552
-4551
-4708
-4439
-3950
-3450
-2551
-1656
-1409
-760
-16
-298
85
598
657
1169
1129
1364
2508
4193
6352
8572
10762
11009
10040
10350
10622
11224
11981
11044
9804
8436
6657
4968
3046
694
-1998
-4023
-5903
-6953
-6667
-7121
-8050
-9231
-9749
-8727
-7825
-7180
-6197
-5103
-4240
-3354
-1718
405
1799
2209
2757
3941
5159
5747
5975
6239
5976
5183
4719
4690
4138
2881
1445
-5
-937
-1586
-2177
-2872
-3753
-4172
-4371
-4215
-4404
-4405
-3146
-2866
-2384
-484
141
-143
-258
-424
-64
548
1184
1066
-92
-1002
-2054
-2344
-2189
-3399
-4273
-4968
-5855
-5768
-5037
-4197
-4281
-5102
-5383
-5224
-4782
-3878
-3082
-2453
-1631
-1023
-439
667
1450
739
-535
-844
-420
554
2584
5391
8217
10339
11095
10726
10298
10139
10327
11341
12333
11865
10391
8988
7330
5060
2823
896
-968
-2612
-3809
-4589
-5254
-6098
-7040
-7720
-7770
-7274
-6566
-6002
-5655
-5027
-3936
-2971
-1914
-384
859
1850
2874
4302
5420
4904
4428
4350
4102
4042
3733
3901
3464
1983
839
-425
-936
-1158
-1888
-2087
-2231
-2405
-2976
-3726
-4022
-4266
-3707
-2649
-1697
-291
127
-810
-1054
-1205
-1233
-328
403
786
111
-904
-1237
-1849
-2786
-4157
-5057
-5462
-5847
-5265
-4616
-3916
-4015
-5486
-5475
-4768
-4583
-3792
-2866
-1935
-1203
-1075
-931
-385
-111
-886
-2016
-2196
-1580
-821
755
3502
6672
9642
11938
13136
12999
12598
13223
14711
15716
14971
13395
11626
9556
7062
4186
1694
-563
-2800
-5765
-7763
-7920
-8764
-9638
-10181
-10201
-9377
-8951
-8340
-7082
-5690
-4729
-3938
-2125
396
2000
2703
3726
5529
6972
6752
6275
6134
5317
4185
2827
1384
658
-526
-2581
-3599
-3890
-4007
-4061
-4299
-4274
-4115
-4129
-4561
-3668
-2077
-1398
-388
607
1924
2718
1986
1438
1171
1014
1255
1782
1871
794
-498
-1154
-1570
-2190
-3327
-4486
-4565
-4772
-5355
-4208
-2836
-2793
-3834
-4741
-3623
-2344
-1912
-1460
-593
-117
-1172
-1648
-828
10
-187
-720
25
467
-69
-903
-2235
-3620
-5018
-5846
-4597
-1733
1412
5158
8565
10161
10366
9890
11096
14449
17562
18263
16413
14554
12652
10269
7058
3840
2083
-62
-2600
-5251
-6749
-7480
-10050
-12620
-13749
-12510
-10140
-9190
-8310
-7160
-6159
-5464
-4357
-1057
2348
3831
4754
6397
8276
8350
6959
6353
6467
5844
4339
3425
2930
987
-2038
-4216
-5577
-6317
-6059
-5876
-5804
-5979
-5731
-4927
-5258
-4848
-2939
-650
985
2265
4341
4903
3602
2460
2428
2722
3104
3900
3921
2246
-277
-1311
-2081
-3564
-4819
-5526
-5596
-6386
-6576
-5888
-5797
-6390
-7503
-7203
-5352
-3850
-2891
-1828
-1075
-1293
-1764
-980
818
1742
1635
1591
2062
2088
192
-2526
-3450
-2708
-1676
601
4784
8866
10385
9490
8458
9133
11388
14015
16148
16341
14492
11892
9647
7438
4781
2717
83
-2935
-4758
-5290
-5021
-6629
-9749
-12181
-12765
-10850
-8791
-7013
-5462
-5124
-5709
-6336
-4008
84
2479
3215
3823
5615
6885
6743
6329
6363
6098
4841
3577
2974
2496
680
-1666
-3687
-4406
-3712
-4038
-4490
-4683
-4694
-4511
-5196
-4463
-2297
-533
209
535
2458
3685
2759
1418
1067
1834
1897
1929
2537
2140
16
-1999
-2309
-1981
-2546
-3848
-3879
-3927
-4940
-5439
-4905
-4101
-5427
-6570
-5068
-2916
-1705
-1804
-1217
-670
-1663
-2110
-1137
799
1399
603
684
1015
1003
30
-1531
-2846
-3926
-3790
-2218
696
4317
7330
9149
9565
9067
9149
11328
14842
17175
16592
14038
11614
9477
7290
4682
2591
1359
-738
-3172
-5279
-6536
-7956
-10792
-12678
-12668
-10811
-8711
-7895
-7223
-7025
-6886
-6307
-4448
-672
2142
3295
4044
5444
6911
6557
6089
6290
6442
5992
4541
3652
2451
113
-2334
-4263
-4465
-4271
-4564
-4597
-5037
-5034
-5131
-5751
-5046
-3386
-1065
771
1870
3336
3634
2949
2297
2165
2730
3089
3379
3452
2336
444
-959
-1745
-2391
-3331
-3572
-3674
-4982
-5929
-6018
-5253
-5086
-5703
-5181
-4149
-3126
-2910
-2621
-1363
-715
-750
-484
511
1185
845
395
483
696
475
-203
-1180
-1956
-2321
-2419
-1936
3
3421
6859
8911
9447
9376
9773
11379
13645
15217
15087
13274
10759
8676
6991
5002
3102
899
-1528
-3887
-5930
-7087
-8588
-9993
-11338
-12112
-10874
-9180
-7951
-7806
-7904
-7359
-6540
-4455
-1331
1408
3040
4119
5583
6744
6589
6492
6959
6970
6133
4670
4076
3107
715
-1510
-3333
-3893
-4112
-4286
-3625
-3961
-4471
-4980
-5026
-3736
-2284
31
1747
2450
2523
1824
1669
1735
2474
3167
3186
3003
2154
766
-736
-1243
-1083
-1639
-2623
-2854
-2814
-4007
-5649
-5787
-4739
-4575
-5126
-4526
-3153
-2986
-3898
-3819
-2479
-1631
-1767
-1451
-270
332
-226
-600
77
711
143
-1311
-2638
-3431
-3735
-3405
-1846
1274
4891
7641
9050
9402
9223
9659
11815
14957
16526
15312
13218
11185
9199
7007
4945
3621
1377
-1322
-3783
-5704
-6816
-8577
-10200
-11205
-11353
-10439
-9381
-8403
-8042
-8055
-7733
-6522
-3847
-412
1998
2973
3996
5427
6068
5706
5740
6601
7007
6324
5277
4308
2841
645
-1470
-2680
-3039
-3222
-3581
-4046
-4413
-4670
-4952
-4619
-3118
-1021
573
1528
2289
2572
1827
868
1374
2377
2773
2626
2226
1519
-652
-2268
-2275
-1876
-1876
-2915
-3394
-3689
-4767
-5750
-5620
-4171
-3525
-4237
-4349
-3281
-2800
-3498
-3314
-1529
-297
-674
-759
221
579
-311
-837
-54
812
735
228
-268
-1423
-3376
-4910
-4885
-3259
-526
2874
6262
8643
9132
8135
7866
10164
13877
16378
16625
15019
12336
9293
6615
4858
4129
3507
1601
-1837
-5408
-7470
-8840
-10084
-10951
-10864
-9619
-9427
-9810
-9499
-8434
-7436
-7522
-5883
-2042
1233
2663
3471
5084
5756
5019
5126
6826
8384
8325
7051
5420
3647
1646
105
-677
-1476
-2258
-2470
-2993
-4675
-5994
-5757
-5128
-4886
-3730
-1382
-101
277
939
1514
1919
1587
1694
2408
2622
2856
2009
564
-563
-1606
-1522
-1305
-1378
-1710
-3122
-4163
-4716
-4734
-3588
-2469
-1745
-2232
-3127
-3440
-4022
-3525
-1959
-415
-26
-888
-1122
-1136
-892
-378
-20
534
269
-593
-1351
-1852
-2353
-3820
-5029
-4589
-2704
376
3602
6328
7826
7442
6991
8152
11383
15148
16769
15882
13211
10187
7949
6524
5865
5224
3613
707
-2953
-6044
-7728
-8538
-8882
-8930
-8596
-8385
-9325
-10399
-10561
-9640
-8354
-7092
-4694
-1609
675
1258
1264
2381
3654
4386
5697
7780
8851
8095
6808
5504
3808
2255
1471
1083
869
588
-670
-2855
-4780
-5337
-5143
-4864
-3859
-2682
-2078
-2183
-1943
-700
114
157
119
753
1645
1794
1711
1560
608
-916
-1605
-959
-293
-576
-1053
-1766
-3014
-3713
-3245
-2011
-1759
-2669
-3514
-4393
-4764
-4387
-3202
-1476
-822
-1291
-1916
-1822
-789
103
933
1563
1147
277
-464
-233
508
227
-1118
-2956
-3929
-4106
-3399
-881
2361
4831
5986
6558
7012
7786
9224
11292
12827
12989
12246
10267
8381
6973
6357
5996
4272
2060
-1194
-4021
-5548
-6161
-5416
-5453
-6251
-7865
-9705
-9917
-9489
-8244
-6689
-5714
-4732
-4173
-3494
-2402
-882
1464
3338
4172
4797
5653
6287
6256
6048
5853
5002
3518
2329
1579
724
-400
-1510
-2460
-3399
-4114
-4344
-4408
-4455
-4035
-3167
-2422
-1668
-591
81
-65
-24
743
1458
1888
2455
2528
1449
398
725
1677
1846
1303
698
-345
-1970
-3068
-2858
-1967
-1693
-2345
-3451
-4524
-5228
-5283
-4494
-2962
-1529
-1452
-1760
-1515
-732
104
420
1259
1616
1307
960
425
568
559
408
56
-938
-2119
-3437
-4042
-3680
-2839
-1498
459
2469
3719
3911
4073
4935
6106
7646
9119
10000
9541
8221
7479
6979
6531
6003
5292
4021
1761
-85
-976
-1376
-1914
-2956
-3720
-4513
-5505
-6233
-6305
-5687
-5572
-5574
-4588
-3120
-2163
-1644
-610
505
708
736
1670
2754
3018
2971
3108
2388
747
-188
-512
-579
-498
-773
-1161
-2063
-2935
-3150
-3159
-2744
-2462
-2116
-1493
-859
-151
-54
163
595
845
1123
1324
1945
2167
1494
815
738
1099
1300
1174
579
-380
-1571
-2558
-2757
-2450
-2268
-2538
-3111
-3654
-3989
-4150
-3838
-2717
-1222
-176
293
709
1115
1194
1174
1624
2488
3011
2801
2291
1898
1397
717
338
280
-68
-898
-1708
-2142
-2158
-1799
-1505
-1502
-1549
-1795
-2280
-2210
-1358
-407
373
966
1706
2654
3227
3722
4709
5623
5466
4896
4974
5308
5367
4883
4335
3667
2255
1196
1034
945
620
191
-219
-794
-1331
-1529
-1591
-1380
-1241
-1501
-1781
-2097
-2191
-2022
-1838
-1338
-804
-884
-1491
-1899
-1988
-2143
-1941
-1114
-506
-831
-1538
-1840
-1892
-1862
-1322
-394
138
165
162
214
159
182
460
763
847
819
823
784
638
372
233
284
318
288
-46
-459
-634
-744
-786
-730
-556
-681
-1105
-1249
-1371
-1311
-854
-452
-154
-149
-356
-473
-607
-658
-580
-476
-370
-362
-456
-498
-529
-714
-975
-1025
-661
-102
306
512
508
300
113
111
446
1107
1553
1555
1430
1324
1382
1615
1782
1884
1820
1422
1029
1023
1277
1326
1003
714
677
628
369
30
-171
-415
-798
-797
-329
-11
-136
-524
-962
-1252
-1167
-644
9
361
238
-312
-873
-975
-599
-24
357
307
-20
-245
-442
-368
177
532
490
280
332
570
806
1086
1100
957
573
201
211
416
559
315
121
120
101
93
46
102
-35
-332
-425
-340
-143
-202
-471
-706
-866
-905
-991
-858
-492
-336
-417
-539
-460
-370
-450
-339
-38
-59
-383
-457
-365
-499
-656
-545
-441
-574
-670
-756
-785
-714
-587
-389
-413
-377
-230
-186
-218
-52
461
563
399
555
924
1009
738
795
1031
1095
1007
1009
1157
965
591
456
536
597
478
297
279
316
158
-13
12
20
-221
-473
-446
-319
-302
-368
-379
-349
-385
-380
-260
-152
-244
-366
-479
-674
-587
-454
-495
-527
-612
-751
-927
-728
-263
-82
-60
-101
-108
-143
-100
214
447
581
559
376
304
309
494
770
1040
1170
951
674
581
615
634
627
657
557
247
-28
-41
47
-56
-358
-528
-460
-458
-423
-209
12
-61
-422
-543
-491
-401
-214
-34
116
-53
-301
-290
-159
-5
-16
32
165
132
14
-54
123
266
244
246
184
190
130
69
229
292
318
363
407
426
341
377
451
590
680
506
363
201
2
-140
-210
-126
-132
-345
-567
-679
-897
-1179
-1137
-904
-767
-674
-452
-292
-463
-674
-667
-440
-194
-53
98
120
-77
-356
-492
-385
-223
-118
-53
-26
-81
-263
-450
-447
-379
-361
-294
-146
-34
-102
-73
148
322
369
370
516
686
748
810
948
1120
1142
1044
978
867
636
400
298
330
303
263
315
223
10
-252
-450
-413
-347
-290
-207
-172
-223
-378
-371
-249
-248
-343
-422
-351
-352
-441
-410
-386
-456
-622
-668
-598
-556
-406
-280
-185
-115
-95
38
125
187
338
492
625
775
1056
1219
1155
1111
1054
983
988
1081
1214
1104
708
301
-44
-277
-435
-473
-383
-481
-745
-985
-1069
-1016
-996
-877
-650
-593
-661
-624
-455
-233
-99
-56
46
212
287
172
66
73
81
67
171
403
431
169
-112
-183
-176
-210
-141
-47
-97
-237
-231
-133
-107
-71
-12
-22
-103
-98
-34
1
32
69
56
-39
-43
23
86
95
33
5
-7
56
126
202
316
289
196
160
244
335
305
372
439
330
182
104
133
62
-98
-171
-285
-417
-504
-556
-577
-642
-669
-614
-560
-552
-566
-514
-384
-255
-166
-59
79
252
449
587
711
820
841
797
771
880
966
861
665
470
292
95
-23
-54
-153
-351
-533
-592
-603
-585
-567
-606
-620
-569
-442
-301
-153
22
81
37
60
182
318
401
462
534
515
416
332
245
164
80
7
-10
-47
-133
-283
-461
-527
-491
-421
-328
-232
-195
-261
-322
-256
-71
102
229
374
416
278
151
207
321
353
392
420
353
175
-31
-95
-71
-51
-32
-9
-1
-75
-179
-248
-219
-111
-91
-88
-29
-29
-84
-110
-43
12
-72
-191
-208
-184
-196
-195
-183
-214
-314
-401
-338
-184
-72
-57
-107
-132
-103
54
312
510
584
489
347
338
453
621
697
601
411
237
152
108
70
1
-147
-269
-357
-416
-387
-340
-398
-561
-643
-591
-481
-281
-59
49
-20
-138
-100
65
255
423
508
451
305
226
262
320
301
218
107
-32
-78
-28
-13
-41
-99
-180
-293
-337
-211
-116
-138
-196
-278
-310
-247
-52
157
193
145
81
40
50
110
262
316
210
73
-58
-103
-56
28
115
119
52
-17
-52
17
110
146
136
52
-10
-28
-29
29
34
-21
-92
-145
-132
-82
7
12
-68
-159
-258
-254
-198
-99
-25
-96
-147
-126
-15
104
148
201
204
154
104
122
251
332
315
270
213
146
61
45
109
64
-92
-203
-228
-237
-273
-258
-184
-182
-277
-344
-249
-84
-5
17
-16
-72
-46
44
140
214
276
295
254
212
211
224
208
185
143
63
8
-14
-9
-24
-74
-114
-157
-172
-181
-222
-281
-328
-337
-274
-155
-48
21
5
-43
-75
-74
7
124
206
200
140
52
-38
-37
16
63
110
118
74
42
36
38
30
24
46
66
96
123
126
89
19
-28
-53
-22
41
82
88
9
-91
-147
-175
-168
-129
-95
-107
-180
-248
-247
-200
-140
-83
-10
56
55
40
82
133
178
215
207
167
112
92
121
160
206
194
128
44
-35
-32
-8
-13
-31
-103
-169
-183
-173
-129
-91
-80
-75
-73
-48
-12
40
97
118
128
108
103
146
150
123
65
18
46
81
96
63
-11
-86
-134
-133
-111
-81
-96
-176
-244
-266
-230
-157
-58
31
18
-54
-55
18
102
140
108
62
30
6
9
35
53
26
-26
-40
-35
-31
-2
11
26
38
21
51
65
28
-14
-32
4
36
50
66
57
-19
-102
-112
-57
10
50
79
48
-25
-95
-116
-62
-17
4
10
4
-14
-36
-35
-5
18
13
13
-6
-16
-14
-13
5
15
46
77
85
98
108
96
66
39
21
15
21
43
67
16
-57
-89
-113
-92
-33
22
12
-52
-97
-122
-95
-27
24
2
-68
-90
-60
-25
25
89
109
70
24
21
33
53
84
68
33
21
40
51
28
-8
-65
-78
-17
69
139
93
-22
-101
-141
-112
-7
110
108
-16
-129
-185
-155
-80
27
118
88
6
-29
-6
41
79
121
122
68
33
2
-13
-6
-25
-62
-83
-80
-75
-85
-78
-72
-96
-108
-57
10
45
53
39
-9
-72
-79
-10
50
66
70
63
15
-56
-60
-2
51
63
47
32
5
-21
5
64
92
58
2
-35
-36
-19
12
57
62
4
-73
-98
-68
-26
0
13
11
-7
-33
-35
1
21
-6
-32
-14
35
57
50
43
11
-51
-68
-17
37
44
18
-24
-62
-73
-57
-20
16
10
-28
-39
-23
7
38
39
10
-7
2
19
54
90
90
56
28
25
35
41
54
66
42
8
21
51
54
48
41
22
-5
-17
-21
-30
-51
-80
-106
-129
-123
-95
-65
-48
-52
-55
-69
-56
-4
41
50
30
13
-8
-28
-22
16
59
61
28
-14
-49
-58
-29
41
98
102
61
9
-35
-34
15
76
113
97
37
-20
-66
-87
-52
-18
-18
-20
-41
-74
-84
-86
-77
-58
-58
-39
-3
17
31
36
45
65
75
93
115
119
103
68
45
32
18
22
9
-15
-51
-103
-121
-118
-120
-108
-98
-106
-107
-82
-37
-4
11
17
23
24
30
76
123
125
117
93
69
72
82
91
87
63
43
34
30
30
15
-16
-52
-82
-87
-72
-48
-30
-35
-50
-74
-79
-60
-25
14
34
35
17
0
8
10
-4
-22
-23
-12
-13
-13
-23
-45
-61
-55
-36
2
41
47
20
-7
-13
-5
33
84
103
103
83
51
21
3
13
28
22
4
-11
-24
-44
-61
-74
-89
-104
-112
-111
-104
-83
-43
-1
21
27
28
39
65
91
116
141
137
100
66
58
65
63
50
26
-13
-67
-106
-111
-102
-99
-104
-101
-86
-74
-65
-57
-41
-29
-19
13
41
59
64
54
57
68
72
77
75
57
40
40
44
35
24
14
-6
-21
-24
-19
-1
7
-9
-38
-55
-46
-41
-19
22
34
30
13
7
24
24
17
18
4
-17
-35
-39
-30
-28
-54
-90
-100
-95
-84
-53
-10
14
-1
-15
8
39
62
81
84
71
46
20
28
60
62
40
23
-14
-48
-45
-31
-30
-39
-62
-89
-104
-108
-103
-88
-58
-33
-29
-13
30
66
86
105
115
126
140
140
131
122
103
79
60
53
43
18
-2
-27
-73
-90
-78
-77
-76
-67
-58
-62
-86
-97
-89
-89
-83
-58
-33
-26
-27
5
36
54
70
64
65
60
27
12
15
18
11
8
7
-1
-12
-13
0
0
-5
4
13
15
21
37
46
33
14
14
15
4
-5
0
5
-5
-15
-12
-5
-7
-27
-47
-49
-44
-35
-17
9
37
35
32
36
45
55
49
52
42
17
-11
-41
-52
-67
-52
-30
-44
-56
-80
-110
-126
-131
-108
-73
-51
-26
-6
-22
-27
4
25
37
68
98
108
106
108
120
110
81
68
61
45
35
34
36
34
31
27
17
6
-10
-42
-70
-78
-71
-65
-54
-35
-24
-31
-25
-7
1
-7
-26
-20
-13
-6
25
41
38
2
-23
-24
-29
1
24
40
33
2
7
-15
-24
2
-5
0
7
14
8
0
20
11
5
13
13
-5
-30
-28
-38
-60
-52
-38
-37
-19
20
49
66
75
73
53
-3
-57
-50
-38
-43
-11
26
28
9
6
26
-14
-69
-69
-55
7
97
209
314
292
188
20
-191
-368
-465
-478
-459
-376
-221
-77
87
243
328
382
366
297
209
93
34
-22
-61
-37
-50
-10
18
-3
2
-34
-51
-90
-80
-40
-65
-11
9
19
39
14
46
4
-46
-34
-54
-76
-108
-65
-20
-42
14
83
99
44
0
15
-79
-137
-77
-51
-17
13
87
144
79
49
32
-28
-78
-62
5
0
60
197
230
266
293
267
177
0
-132
-258
-404
-459
-484
-473
-414
-319
-150
43
256
458
596
683
638
510
360
150
-77
-241
-284
-329
-357
-258
-198
-226
-267
-291
-341
-388
-301
-162
30
314
577
774
832
747
528
196
-185
-513
-661
-716
-734
-561
-305
-134
56
232
292
260
201
178
108
79
153
181
182
201
223
161
9
-61
-105
-213
-296
-263
-152
-122
-50
131
187
168
204
167
28
-81
-148
-237
-305
-276
-176
-97
-24
90
180
183
152
145
83
0
-18
-36
-12
51
117
159
132
75
-26
-136
-206
-259
-224
-147
-70
62
129
150
171
88
23
-48
-102
-79
-100
-40
29
21
53
93
81
37
49
30
-35
-37
-26
-53
-83
-48
-15
-29
-1
38
23
32
41
4
4
5
-31
-45
-45
-48
-28
11
58
87
79
67
69
68
4
-47
-28
-45
-49
-6
65
109
114
136
91
28
8
-18
-43
-55
-30
-40
-75
-43
-34
-71
-40
-40
-60
-55
-54
-6
-55
-59
20
-62
-75
0
-27
-82
-41
28
-68
-65
71
-13
-53
74
72
10
47
126
80
-10
88
105
-65
-37
62
-23
-70
46
111
4
35
162
72
-5
19
20
-36
-106
10
47
-108
-47
72
-89
-166
4
-34
-164
-58
-1
-139
-83
116
-10
-39
117
10
-8
30
10
45
-29
-45
-49
-79
-65
-65
51
55
-49
59
77
-121
-47
75
-16
46
176
245
179
148
226
96
-23
-58
-89
-146
-243
-109
-70
-180
13
40
-37
155
97
69
204
73
65
119
-11
-73
-32
37
-99
-157
67
-62
-167
16
-30
-62
-103
-58
84
-198
-63
253
-91
-63
156
122
-116
-123
330
-137
-244
401
51
-198
129
203
-204
-255
248
-127
-378
323
177
-235
216
338
-73
-76
350
120
-239
257
243
-203
-74
85
-93
-277
-23
-11
-287
-124
-52
-104
-98
-84
5
-3
30
-7
57
79
-125
72
139
-56
7
28
-21
-131
-125
17
-49
-63
70
97
-58
-42
177
13
-96
202
129
-123
85
172
-76
-49
84
-55
-117
43
31
-104
4
100
-40
-39
81
3
-42
102
68
-82
13
118
-71
-172
97
37
-200
85
165
-246
-69
247
-204
-105
246
-38
-156
136
88
-318
13
37
-134
5
21
188
-147
48
129
-164
61
41
99
-90
-13
143
-33
85
19
88
34
-166
40
33
-74
138
134
32
119
-87
-56
108
-129
7
72
-36
-16
-112
70
13
-133
-15
104
-99
-350
99
96
-368
-54
351
-219
-251
432
48
-230
139
344
-127
-119
401
-187
-68
284
-256
-37
153
-236
-69
205
-13
-123
69
316
-234
-312
631
-133
-436
553
23
-184
-75
9
376
-638
-206
787
-385
-426
491
367
-591
-166
815
-415
-396
400
135
-55
-474
363
435
-683
79
446
-255
-61
-185
98
288
-797
5
573
-532
-316
426
515
-384
-332
881
23
-915
427
728
-676
-240
748
-231
-566
312
269
-203
-92
160
79
-162
-271
167
323
-66
-15
374
137
-510
98
277
-395
-151
325
161
-431
-129
567
-175
-779
404
403
-975
-205
1047
-341
-711
920
259
-690
72
350
-272
-404
240
314
-203
25
512
-301
-201
293
-367
-48
159
-11
-47
216
265
-396
162
258
-526
-131
479
2
-301
477
238
-472
-39
181
-200
-289
142
461
-237
-97
487
-285
-199
8
-51
-41
-45
309
-186
51
294
-363
206
58
-405
309
-200
-414
252
176
-15
-135
363
162
-752
224
171
-672
335
156
-268
211
185
-30
219
136
-98
198
-227
-359
480
-28
-260
688
-34
-329
101
-416
16
-12
-385
481
208
-190
91
262
37
-445
101
190
-302
-278
216
82
-389
160
422
-246
-223
163
181
-447
-315
861
-502
-274
982
-564
-38
550
-613
-400
411
28
-646
645
570
-578
109
544
-306
-537
508
243
-430
22
374
-64
-459
-121
487
5
-414
545
392
-527
-408
92
193
-442
41
623
135
94
-206
252
-151
-914
549
145
-668
418
496
-232
-206
321
-169
-29
-123
-473
588
-345
-321
678
-275
-145
137
136
72
-234
195
83
-480
14
549
-30
-335
108
464
-120
-620
537
215
-922
332
309
-625
301
456
-176
132
198
-32
47
-278
-217
410
288
-459
182
409
-661
-13
-120
-97
476
-414
186
496
-366
-131
463
-290
-534
682
164
-553
195
598
-388
-731
377
-118
-275
669
-7
-110
431
-239
-529
-48
168
-171
-116
545
297
-248
-60
84
-307
-337
416
265
-439
350
774
-928
-759
1262
-68
-1316
878
995
-1209
-123
1304
-930
-852
1419
12
-1094
906
883
-1197
-508
978
-455
-721
830
100
-278
72
4
122
-697
334
646
-849
143
583
-284
-307
412
-107
-744
707
-25
-652
1023
79
-667
109
143
302
-586
-47
853
-589
-226
449
45
-402
58
544
-768
195
752
-701
-40
512
-514
-390
1030
-402
-842
1349
-229
-877
741
326
-405
-575
728
394
-1024
358
438
-619
-50
371
133
-146
3
260
-380
-221
367
-100
63
-31
30
-69
-191
625
-351
-253
609
-647
-174
395
-186
-49
217
257
-369
-8
318
-189
-403
365
195
-455
157
434
-116
-275
517
-359
-212
425
-347
-243
96
364
-126
-366
529
190
-676
29
796
-462
-779
995
134
-916
694
732
-1004
-433
1182
-516
-1206
1271
488
-1328
196
962
-597
-860
967
730
-1422
-11
1504
-904
-750
1140
20
-740
-73
577
-26
-628
481
312
-476
-217
385
282
-605
388
372
-525
212
-171
255
236
-535
240
-64
-83
59
-92
356
-173
-120
403
-297
-335
496
51
-572
262
459
-330
101
319
-291
-183
386
211
-773
301
460
-902
505
365
-514
333
46
-275
-97
31
76
-21
-258
242
624
-698
-283
1029
-643
-685
1068
-432
-662
894
-154
-408
595
58
-554
13
148
-331
440
262
-1095
579
1224
-1465
-296
1561
-840
-770
1066
-171
-657
558
248
-467
128
235
-109
-17
-175
214
58
-596
321
406
-405
39
340
-90
-386
61
83
-281
148
369
-259
-107
64
-354
718
-153
-1059
1129
341
-1066
343
609
-176
-412
283
143
-497
285
55
-188
296
-187
12
23
-179
425
-264
-519
631
381
-578
63
699
-425
-330
441
-267
-125
280
112
-51
-170
170
52
89
-47
-463
353
196
-507
92
444
83
-504
110
349
-451
-7
22
222
139
-607
221
254
-191
-157
134
341
-526
-220
405
334
-469
-475
958
-56
-1089
722
607
-1096
392
598
-849
55
571
-207
-497
585
212
-736
374
262
-92
-62
-217
478
-64
-392
70
207
98
-413
155
359
-299
-23
80
-20
-229
-48
519
-297
-255
518
-108
-223
207
2
-221
53
182
-289
-106
463
-198
-490
594
548
-985
-37
1070
-842
-302
945
-193
-475
266
415
-602
-424
539
66
-542
-17
758
-440
-541
806
19
-739
226
727
-694
-247
811
-360
-527
434
456
-759
135
672
-833
216
507
-445
-66
221
393
-398
-208
762
-411
-459
616
-3
-601
551
315
-1019
518
773
-1017
31
854
-621
-333
631
-64
-396
213
271
-633
-105
843
-419
-372
368
-266
230
144
-494
359
361
-429
-22
268
-172
122
91
-465
78
329
-384
-318
649
98
-690
236
610
-300
-414
664
-122
-708
604
311
-522
-132
311
191
-299
-666
656
546
-1226
479
588
-831
413
268
-285
11
145
14
-374
-95
431
182
-681
235
852
-794
-313
748
-295
-253
262
32
-104
-58
287
-29
-259
248
-108
-241
290
-46
87
132
-293
215
8
-72
198
-381
12
391
-308
-69
485
-348
-151
287
-277
194
8
-98
266
-91
-306
102
514
-584
-186
907
-522
-435
599
-136
-187
6
222
97
-472
253
-43
-207
551
-323
-181
452
-104
-200
-36
397
-295
-280
805
-618
-447
1052
-111
-959
448
895
-1012
-573
1374
-50
-1094
534
512
-434
-123
273
30
-348
-7
347
-144
-482
200
564
-310
-434
295
292
-86
-303
92
165
119
193
-674
96
772
-660
-336
413
154
-222
-291
499
-95
-307
273
-157
161
-228
63
464
-689
297
318
-633
132
68
151
36
-515
410
389
-674
138
486
-437
43
326
-531
-178
650
-46
-577
282
687
-465
-662
823
81
-770
523
45
-402
218
255
-123
-406
604
-304
-566
1038
-139
-601
400
459
-565
-429
872
123
-850
82
975
-778
-726
1334
-61
-941
419
472
-515
-268
581
8
-389
201
104
-328
131
326
-328
-109
396
-70
-487
324
615
-836
-331
1135
-233
-1218
1020
745
-1633
315
1025
-551
-483
321
548
-552
-243
358
347
-524
-179
754
-703
128
413
-437
306
-53
-183
289
-91
-399
361
244
-729
587
344
-1012
593
534
-739
-202
731
133
-1087
320
931
-721
-499
648
421
-589
-165
375
-48
-78
-222
196
272
-182
-268
180
420
-395
-486
182
681
-481
-609
838
-71
-261
69
77
321
-626
-12
876
-380
-1002
1031
522
-1538
532
865
-1064
-93
1017
-619
-587
1015
-55
-771
477
620
-1140
105
1219
-1196
37
1052
-564
-452
394
124
-634
374
90
-181
345
-455
251
287
-483
278
266
-554
262
348
-503
-55
392
114
-761
558
311
-1072
681
318
-531
-44
345
29
-458
322
279
-382
-33
547
-498
-253
765
-308
-484
467
355
-630
46
599
-512
-157
521
-267
-432
567
102
-537
387
128
-268
-26
59
182
-331
4
335
-252
-209
270
48
-80
94
-336
130
476
-453
-442
732
178
-890
297
637
-546
-185
420
16
-356
26
451
-465
60
387
-478
351
27
-337
184
41
32
-606
323
783
-867
-119
884
-61
-876
323
809
-889
-234
968
-238
-624
361
404
-410
-419
473
410
-628
-174
636
-108
-265
58
86
99
-140
-53
126
-93
-74
386
-443
-192
707
-397
-253
413
46
-270
18
116
-162
272
-409
-32
668
-703
290
335
-637
263
195
-193
-157
204
59
-72
-51
112
111
-408
382
41
-552
481
100
-254
-27
185
-124
-276
710
-386
-348
650
-311
-372
472
154
-780
333
620
-661
-167
494
-92
-286
69
45
152
-152
-189
494
-254
-204
322
-175
170
-156
-92
439
-240
-207
212
60
-213
-108
286
-4
-257
132
265
-21
-481
138
698
-703
-351
883
-323
-246
329
-278
234
-153
-9
235
-285
266
-134
282
-15
-465
638
-48
-460
215
347
-306
-178
277
63
-173
-446
707
155
-837
328
507
-369
-589
799
216
-936
309
575
-389
-500
593
311
-756
82
754
-343
-610
674
19
-589
321
92
-160
-61
216
22
-99
225
-394
11
490
-428
-346
872
-122
-858
776
104
-631
343
167
-439
-32
454
-308
-247
388
-54
-74
48
-188
119
235
-284
-90
285
-93
-195
207
97
-97
-20
-21
169
-35
-333
243
235
-531
-7
655
-305
-608
585
375
-625
-109
540
84
-653
84
773
-641
-384
816
-149
-421
103
253
0
-362
226
-52
-136
450
-404
-34
570
-419
-103
438
-251
-290
201
166
-166
-163
206
110
-74
-195
-7
221
-118
41
-85
90
220
-356
176
207
-347
106
245
-318
98
225
-305
235
-46
-50
179
-355
394
-17
-573
418
197
-538
108
500
-451
-313
572
110
-515
-31
466
-188
-274
311
18
-35
-57
-59
242
-168
-256
461
6
-500
293
106
-139
96
-125
17
191
-116
-170
394
-196
-331
462
-123
-173
191
7
-59
-10
55
-117
35
187
-182
-199
343
-21
-444
508
79
-634
399
133
-355
151
119
-37
-220
199
220
-543
122
474
-401
-257
397
111
-391
50
286
-261
-41
274
-177
-98
202
10
-97
-176
164
299
-416
-114
401
-122
-30
103
-133
124
-17
11
81
-221
373
21
-647
448
365
-631
104
454
-329
-166
137
71
2
-141
297
-147
-528
744
164
-775
170
490
-14
-519
64
562
-294
-345
668
-249
-490
679
-73
-515
79
541
-359
-521
798
-141
-613
553
-111
-306
348
44
-232
-236
581
-4
-717
545
210
-516
130
221
-110
-126
146
89
-363
92
391
-252
-227
189
287
-300
-281
496
-34
-200
-81
75
277
-231
-123
167
167
-443
96
532
-476
-191
395
352
-801
-169
1294
-743
-778
1092
9
-843
287
641
-435
-564
633
260
-608
157
347
-147
-198
36
337
-274
-240
483
-109
-118
9
-142
549
-260
-620
729
211
-837
206
777
-679
-322
703
53
-465
-235
639
24
-735
221
566
-342
-384
372
230
-165
-472
399
447
-872
149
525
-432
-34
164
30
-155
-137
277
82
-254
-72
243
130
-379
61
456
-418
-125
331
-158
22
-7
48
153
-226
132
103
-292
87
141
6
-174
-90
456
-109
-586
445
338
-509
-186
514
358
-958
-20
1119
-429
-824
553
467
-445
-200
183
164
-225
-86
83
40
-75
-255
310
205
-411
-37
338
57
-352
-66
325
50
-220
-142
350
93
-478
110
385
-233
-135
187
-172
79
270
-403
-121
558
-93
-515
293
375
-441
-242
599
24
-727
269
737
-523
-539
735
168
-571
-11
237
153
-191
-334
191
597
-509
-581
966
12
-800
373
404
-334
-147
228
100
-189
-131
395
-69
-340
220
0
178
-202
-264
488
-321
37
84
-376
393
228
-575
-234
950
-327
-874
730
456
-708
-260
702
-16
-455
94
356
-282
-246
700
-377
-478
742
-138
-439
218
283
-97
-321
170
176
-110
-54
64
-25
2
153
-167
-82
228
2
-31
18
-145
16
454
-315
-527
824
-24
-742
521
239
-363
-79
108
346
-301
-236
486
-157
-257
50
489
-343
-511
866
-243
-404
397
-350
214
292
-621
252
254
-330
124
226
-198
-229
456
-67
-482
341
116
-107
-239
-50
641
-342
-643
635
500
-796
-212
750
25
-489
-224
711
29
-802
475
390
-557
-32
444
-286
-101
179
-204
259
-18
-343
213
322
-302
-257
393
-81
-108
216
-285
-9
409
-102
-513
177
717
-541
-550
827
46
-524
31
315
105
-441
66
267
-29
-151
-127
348
-44
-390
235
208
-191
-266
313
290
-431
-174
243
273
-436
-199
554
-87
-407
209
175
-302
133
76
-106
139
-176
69
308
-313
-152
415
-119
-167
160
-64
98
-157
15
201
-268
114
204
-248
-136
398
-63
-356
280
41
-146
-67
121
215
-264
-57
339
-201
-282
466
36
-521
309
415
-398
-242
298
357
-463
-417
811
150
-881
171
886
-482
-749
595
555
-707
-459
925
103
-798
179
405
58
-450
-223
778
-131
-697
514
347
-589
16
513
-234
-364
218
371
-201
-475
337
402
-338
-326
239
302
-344
-211
385
117
-511
24
513
-318
-253
156
242
-115
-259
409
-203
-92
298
-353
195
122
-478
415
308
-713
260
481
-523
126
182
-156
142
-106
92
96
-209
50
199
-282
-36
524
-557
-170
671
-254
-399
19
465
-200
-508
523
42
-413
196
208
-138
-137
-1
199
221
-527
-155
912
-268
-845
670
526
-771
-270
813
44
-816
259
497
-384
-75
193
-88
47
-53
-47
169
-92
-54
-86
329
-86
-452
367
135
-164
-321
480
165
-706
507
157
-471
318
65
-201
218
-86
78
210
-479
129
610
-436
-354
453
157
-190
-210
18
427
-230
-477
598
-65
-437
461
-232
-110
331
-324
-76
78
127
108
-333
21
298
-132
-157
121
-66
6
191
-102
-88
12
133
49
-233
64
132
25
-46
-75
189
3
-220
31
317
-191
-394
422
233
-412
-161
338
70
-418
64
303
-214
-80
242
-250
-49
290
-325
22
408
-321
-141
273
-27
31
-261
128
392
-487
-1
465
-222
-266
256
144
-190
-91
231
49
-184
154
-103
-36
196
-181
-97
258
-15
-437
487
236
-852
290
628
-462
-371
376
321
-369
-186
324
21
-189
115
9
-86
179
-73
-155
240
143
-341
-33
372
-121
-301
283
279
-525
13
598
-416
-321
520
16
-313
115
-18
76
90
-242
57
199
-108
-227
169
27
-114
24
-94
160
-97
-11
31
-169
323
-7
-338
125
204
-172
-58
119
-29
-40
49
20
-219
132
182
-218
-44
145
25
-85
31
-158
168
170
-485
287
242
-404
155
0
-63
201
-196
-122
318
-17
-342
296
107
-343
194
68
-40
-35
-197
371
92
-488
120
262
-35
-69
-248
204
426
-460
-301
615
62
-555
116
341
-162
-158
80
97
-56
-122
78
69
-124
-101
194
113
-347
-18
394
-30
-329
-39
309
132
-348
-160
420
87
-406
4
247
-22
-99
-39
53
139
-20
-153
-3
198
-22
-303
149
288
-300
-140
390
-81
-350
172
234
-113
-208
156
108
-57
-105
-13
283
-255
70
167
-321
389
-104
-424
494
182
-543
-50
517
-37
-345
-24
239
95
-318
-20
242
-44
-176
92
99
-104
-116
154
171
-388
98
344
-275
-121
238
94
-336
-60
466
-149
-432
300
305
-394
-221
547
16
-621
332
430
-543
-72
429
-41
-273
-103
397
118
-502
20
464
-67
-404
156
179
-274
95
146
-214
57
85
-44
17
-141
65
109
-117
-117
219
6
-248
286
-105
-252
418
-61
-514
307
410
-401
-256
342
129
-206
-181
53
316
-88
-303
197
162
-168
-77
72
60
1
-18
-146
104
276
-284
-109
284
-112
-34
80
-136
66
109
-143
-62
115
40
22
-115
-117
297
114
-399
-52
391
-145
-269
196
52
-14
43
-34
-9
-1
-51
66
58
-201
104
133
-178
29
-17
-100
154
78
-241
-13
323
-75
-277
175
109
-130
32
-92
19
239
-105
-267
150
200
-150
-40
52
-32
110
25
-244
-50
380
-57
-499
181
409
-21
-583
148
747
-347
-647
295
759
-410
-727
438
586
-443
-404
305
187
-114
-238
89
184
-158
-35
158
-51
-143
17
221
-51
-426
218
497
-359
-361
320
298
-194
-359
145
403
-171
-451
300
432
-392
-235
277
201
-191
-308
267
259
-223
-157
110
126
-45
-193
43
221
-202
-59
218
-65
-178
-71
319
38
-567
158
620
-308
-506
276
392
-247
-329
222
206
-36
-293
69
431
-324
-198
297
161
-241
-312
447
175
-421
-67
239
192
-312
-168
438
51
-389
16
402
-90
-333
104
194
-16
-142
-123
406
130
-615
238
383
-275
-127
81
171
-116
-151
153
30
-141
48
5
-15
130
-91
-65
100
-56
-21
108
-203
29
180
-97
2
-183
22
317
-147
-251
250
196
-232
-48
148
-57
0
152
-85
-98
132
8
-102
-20
13
-92
129
142
-369
52
391
-185
-217
20
230
122
-352
-83
324
60
-263
-104
193
57
-265
-18
284
-84
-144
124
109
-55
-92
-13
173
51
-371
257
257
-448
-1
205
45
-223
-80
389
-43
-247
141
141
-135
-119
112
87
-147
-119
57
73
9
-192
-99
258
168
-237
-244
318
345
-434
-272
489
62
-418
-31
363
100
-513
26
607
-196
-476
299
548
-237
-474
353
409
-286
-392
226
435
-354
-387
463
256
-527
-186
620
76
-619
95
469
-142
-311
12
87
41
-127
-155
194
32
-98
41
-85
58
59
-46
54
4
-81
-85
120
143
-241
-258
264
255
-408
-290
472
246
-482
-97
463
-11
-293
90
208
-117
-180
155
98
-140
-127
45
159
-12
-108
-27
170
166
-213
-194
349
201
-439
-81
462
17
-493
41
528
-188
-455
262
377
-219
-297
246
302
-213
-248
290
218
-326
-152
282
101
-205
-110
210
223
-274
-259
411
146
-532
-14
479
-103
-415
77
334
-109
-405
151
459
-237
-440
303
391
-345
-342
268
260
-120
-357
62
531
-237
-521
401
322
-473
-234
526
153
-644
-13
683
-116
-625
121
466
-38
-415
-44
472
76
-336
-73
277
221
-284
-234
341
175
-353
-71
282
-51
-202
54
167
-10
-130
70
157
-87
-125
88
33
-118
-12
63
-57
-85
67
77
-58
-46
37
71
30
-25
-13
29
-5
-26
-34
-140
41
139
-147
-156
159
203
-225
-130
287
21
-217
64
212
-162
-180
188
-20
-206
74
59
-56
28
-55
61
94
-143
41
149
-52
-62
2
13
53
-67
-145
35
108
-2
-89
-45
100
217
-131
-278
336
220
-362
-120
340
111
-391
-52
398
-27
-307
115
281
-102
-189
136
167
-132
-115
164
88
-104
7
10
-14
109
-125
-170
288
126
-343
-41
355
-20
-355
62
270
-76
-251
-16
145
-90
-158
-25
46
-15
-73
80
-37
-74
158
-7
-119
90
105
-64
-76
65
68
-61
-84
7
53
-6
-77
12
127
-39
-76
166
133
-146
-46
222
31
-155
-75
144
124
-256
-115
274
98
-296
-31
345
-27
-267
52
239
-51
-204
82
187
-134
-208
112
106
-106
-150
112
173
-156
12
157
-103
-8
202
-48
-247
97
166
-153
-129
25
58
2
-28
-1
-6
121
126
-93
-98
124
145
-165
-203
136
87
-263
-146
183
64
-224
-114
194
124
-167
-112
143
118
-60
-46
-11
-47
51
34
-141
-49
98
-18
-20
69
-61
7
184
15
-144
20
239
26
-314
4
345
-85
-320
129
215
-79
-45
6
-3
135
32
-209
-35
262
-10
-295
75
198
-136
-72
79
-19
-9
40
26
-25
-10
56
-28
-56
91
34
-172
51
137
-125
-58
35
67
-29
-103
69
56
-21
-41
-20
75
74
-94
-66
121
52
-62
-74
42
73
-67
-61
66
34
-118
-10
96
59
-32
-211
119
298
-268
-235
263
137
-178
-152
73
173
-26
-236
-15
243
-10
-198
41
166
-20
-136
69
149
-121
-108
136
83
-101
-99
110
96
-143
-32
176
-59
-183
168
152
-204
-120
159
140
-111
-217
60
251
-53
-214
33
162
86
-128
-178
116
222
-41
-257
-27
294
44
-285
-92
215
139
-184
-190
188
279
-159
-293
159
266
-117
-198
50
161
-22
-188
-17
109
43
-78
-102
116
83
-105
-8
72
-21
-53
46
25
-28
22
-8
-36
11
33
-25
-25
50
-14
-34
67
32
-74
-79
63
113
-74
-141
30
121
-16
-151
-51
175
141
-179
-153
233
151
-200
-125
111
139
-86
-235
85
242
-116
-185
110
123
-57
-62
-30
43
129
-64
-161
104
193
-90
-233
85
272
-107
-280
126
300
-72
-299
104
333
-120
-283
94
236
-66
-216
33
168
-20
-193
15
206
-35
-183
43
156
-45
-135
2
135
34
-147
-23
135
-9
-80
24
13
4
19
-12
5
7
0
-14
-11
35
-36
-52
44
52
-62
-34
75
13
-22
-37
-13
90
41
-120
-34
172
40
-185
-56
178
84
-172
-123
101
170
-69
-224
73
234
-40
-186
8
118
58
-104
-109
120
95
-106
-70
94
62
-57
-52
44
43
-69
-66
21
38
-26
-87
3
76
-24
-62
3
40
23
-52
-34
108
7
-113
52
93
-57
-58
55
46
-45
-57
48
21
-82
-7
44
-30
-11
8
-51
23
46
-75
-53
72
53
-82
-68
90
25
-103
4
66
-19
-30
-19
21
53
-30
-14
55
9
-25
9
43
-1
-49
31
82
-46
-57
100
58
-76
-6
85
11
-50
-7
51
37
-79
-71
117
62
-167
-59
165
51
-143
-65
117
95
-101
-130
54
122
-43
-132
16
101
6
-65
-9
43
19
3
-42
-42
57
55
-73
-71
67
49
-98
-69
83
21
-102
-34
83
74
-83
-80
99
82
-86
-62
76
20
-64
-4
40
-16
-22
65
14
-75
7
79
-3
-61
33
51
-32
-3
3
-32
7
13
-8
-9
-26
23
56
-55
-42
78
29
-63
-47
42
66
-43
-84
30
88
13
-60
-41
72
96
-46
-100
33
121
-1
-119
-18
82
22
-51
-57
16
82
10
-55
0
0
0
0
0
0
0
0
0
0
0
0
0
0
0
0
0
0
0
0
0
0
0
0
0
0
0
0
0
0
0
0
0
0
0
0
0
0
0
0
0
0
0
0
0
0
0
0
0
0
0
0
0
0
0
0
0
0
0
0
0
0
0
0
0
0
0
0
0
0
0
0
0
0
0
0
0
0
0
0
0
0
0
0
0
0
0
0
0
0
0
0
0
0
0
0
0
0
0
0
0
0
0
0
0
0
0
0
0
0
0
0
0
0
0
0
0
0
0
0
0
0
0
0
0
0
0
0
0
0
0
0
0
0
0
0
0
0
0
0
0
0
0
0
0
0
0
0
0
0
0
0
0
0
0
0
0
0
0
0
0
0
0
0
0
0
0
0
0
0
0
0
0
0
0
0
0
0
0
0
0
0
0
0
0
0
0
0
0
0
0
0
0
0
0
0
0
0
0
0
0
0
0
0
0
0
0
0
0
0
0
0
0
0
0
0
0
0
0
0
0
0
0
0
0
0
0
0
0
0
0
0
0
0
0
0
0
0
0
0
0
0
0
0
0
0
0
0
0
0
0
0
0
0
0
0
0
0
0
0
0
0
0
0
0
0
0
0
0
0
0
0
0
0
0
0
0
0
0
0
0
0
0
0
0
0
0
0
0
0
0
0
0
0
0
0
0
0
0
0
0
0
0
0
0
0
0
0
0
0
0
0
0
0
0
0
0
0
0
0
0
0
0
0
0
0
0
0
0
0
0
0
0
0
0
0
0
0
0
0
0
0
0
0
0
0
0
0
0
0
0
0
0
0
0
0
0
0
0
0
0
0
0
0
0
0
0
0
0
0
0
0
0
0
0
0
0
0
0
0
0
0
0
0
0
0
0
0
0
0
0
0
0
0
0
0
0
0
0
0
