0
0
0
0
0
0
0
0
0
0
0
0
0
0
0
0
0
0
0
0
0
0
0
0
0
0
0
0
0
0
0
0
0
0
0
0
0
0
0
0
0
0
0
0
0
0
0
0
0
0
0
0
0
0
0
0
0
0
0
0
0
0
0
0
0
0
0
0
0
0
0
0
0
0
0
0
0
0
0
0
0
0
0
0
0
0
0
0
0
0
0
0
0
0
0
0
0
0
0
0
0
0
0
0
0
0
0
0
0
0
0
0
0
0
0
0
0
0
0
0
0
0
0
0
0
0
0
0
0
0
0
0
0
0
0
0
0
0
0
0
0
0
0
0
0
0
0
0
0
0
0
0
0
0
0
0
0
0
0
0
0
0
0
0
0
0
0
0
0
0
0
0
0
0
0
0
0
0
0
0
0
0
0
0
0
0
0
0
0
0
0
0
0
0
0
0
0
0
0
0
0
0
0
0
0
0
0
0
0
0
0
0
0
0
0
0
0
0
0
0
0
0
0
0
0
0
0
0
0
0
0
0
0
0
0
0
0
0
0
0
0
0
0
0
0
0
0
0
0
0
0
0
0
0
0
0
0
0
0
0
0
0
0
0
0
0
0
0
0
0
0
0
0
0
0
0
0
0
0
0
0
0
0
0
0
0
0
0
0
0
0
0
0
0
0
0
0
0
0
0
0
0
0
0
0
0
0
0
0
0
0
0
0
0
0
0
0
0
0
0
0
0
0
0
0
0
0
0
0
0
0
0
0
0
0
0
0
0
0
0
0
0
0
0
0
0
0
0
0
0
0
0
0
0
0
0
0
0
0
0
0
0
0
0
0
0
0
0
0
0
0
0
0
0
0
0
0
0
0
0
0
0
0
0
0
0
0
0
0
0
0
0
0
0
0
0
-32
16
3
25
104
58
-77
-93
-243
-391
-221
-198
-59
177
132
175
105
64
90
-99
-151
-383
-696
-388
202
778
1517
1754
1001
14
-640
-796
-444
301
750
-24
-938
-1234
-1335
-799
-69
70
-490
-977
-668
-103
787
1956
2033
963
143
-393
-525
120
380
261
-151
-768
-513
-231
167
326
53
-27
-496
-441
-79
-93
79
372
190
-148
-364
-455
-118
302
638
495
278
248
267
529
417
-217
-597
-548
-125
56
-93
-246
-1052
-1062
-310
-18
169
163
16
-6
118
418
408
133
-51
-375
-447
-55
479
637
470
130
-225
-438
-18
463
406
326
-124
-143
50
305
528
105
-173
-399
-406
-250
-87
-246
-414
-77
58
180
82
-80
175
-151
-253
276
157
-57
146
366
-83
-230
280
-94
-415
-70
-223
-422
-375
-73
160
-53
235
35
-104
106
126
347
462
287
-144
-75
-98
128
257
373
322
-345
-216
-65
-155
-173
-150
-114
89
82
217
229
-343
-270
-169
26
142
-152
161
2
-346
-97
-147
-61
-45
271
503
-143
82
312
-264
33
263
-132
-139
-128
125
119
-154
163
-28
38
343
69
-51
-183
-118
148
250
191
107
-499
-549
100
-192
-89
-203
-689
-320
111
744
720
132
-120
-331
-195
86
348
304
82
42
75
71
-260
-66
-183
-497
-73
20
282
213
32
-12
-376
-300
-14
56
71
242
-264
-351
-4
227
414
231
714
22
-493
-4
-295
-112
-52
179
320
-43
-41
-307
-402
-597
-113
520
112
399
344
80
-6
268
296
-270
-305
-477
-239
-73
311
672
222
-182
-56
122
-281
-58
123
-131
-54
357
80
-401
122
-4
43
-183
-477
-147
-263
29
414
786
283
393
930
-34
-415
-484
-994
-586
232
513
711
475
-175
-578
-412
-529
-135
323
300
361
318
115
9
270
-2
-108
-233
-572
-537
-30
183
298
425
-38
-273
-4
364
124
-164
-485
-595
-12
196
337
150
-434
-487
-202
145
276
-29
187
50
134
543
335
266
-2
87
-47
-50
-274
-352
-192
-463
-66
-229
-547
-179
37
166
383
272
-22
57
250
580
525
22
5
-387
-263
122
-207
-164
-310
-124
-54
61
237
-206
-309
-16
181
267
676
281
-175
-69
-254
72
-76
-34
168
48
262
375
-132
-423
-2
-489
-209
418
62
-104
58
-23
-136
357
530
-29
-359
1
-198
-71
517
278
-114
-129
-226
-159
-4
-337
-404
-335
12
397
768
481
-60
-121
-87
-26
-99
-81
-299
-4
242
400
353
-380
-540
-335
-257
-4
184
-72
-255
371
791
134
-156
-399
-699
-133
53
275
570
60
75
539
376
-73
-454
-704
-482
-196
177
546
167
-7
11
-170
-193
-374
-398
-315
113
670
443
321
341
147
188
153
6
-483
-637
60
298
414
412
-384
-774
-638
-160
427
16
-313
-159
-449
129
950
408
-22
49
-213
140
279
-7
54
-343
88
393
8
45
-144
-543
-290
13
-141
-171
155
358
86
271
-42
-258
-237
107
797
417
130
-76
-539
-734
-77
303
-82
-269
-263
82
15
53
332
-356
-628
62
-214
166
423
-345
182
312
273
673
33
-453
-510
-499
-68
344
663
309
221
260
-276
-319
-298
-132
-154
-21
325
175
-1
387
532
-18
-17
-425
-899
-137
16
245
722
-37
-21
112
-459
-63
-121
-501
22
-211
-60
435
44
181
266
4
-146
-8
-116
-318
68
292
374
441
663
-18
-422
-153
-759
-207
324
18
87
215
170
-321
-160
36
-242
61
388
111
-54
328
85
-185
178
-126
-458
-121
346
228
-143
-15
-319
-517
-150
-153
-190
-57
-43
250
607
220
-134
-230
-106
152
83
210
-122
-231
408
356
148
221
-430
-1077
-446
425
483
242
401
105
-284
160
120
-431
-587
-231
-489
-247
516
27
260
531
504
384
-258
-164
-498
-276
335
-53
25
-330
-775
-29
288
105
53
71
194
163
470
604
91
-58
-177
-315
-154
-101
-134
-131
158
273
182
-408
14
-175
-605
771
306
-154
407
-225
-498
-29
-180
190
73
-318
-122
-442
-20
448
558
672
356
-161
-458
-414
-80
-218
7
260
61
112
127
185
-403
-319
-293
-325
-34
-30
382
111
271
381
-353
-68
0
-171
-134
-48
354
108
51
427
69
-250
52
111
-49
-269
-167
-211
-438
191
396
330
629
107
-359
-531
-574
-508
-148
514
467
686
525
358
65
-677
-403
-447
-622
103
613
274
105
76
-215
155
157
39
-54
-432
-460
-450
152
32
169
389
298
315
-695
-723
-498
-322
406
698
533
403
223
288
556
-76
-630
-777
-818
-130
220
701
870
-181
-243
-239
-197
-19
-468
200
263
-403
182
838
-263
-541
857
553
-353
-515
-343
-1018
-279
916
540
341
25
-369
55
-51
-760
-520
-890
-163
447
675
1206
271
-387
103
-239
-325
143
-396
384
75
332
620
-532
-140
-302
-480
58
333
-275
13
544
59
301
553
-221
-344
-244
-506
-74
-181
244
-41
138
223
15
611
-350
-465
-655
-958
36
746
814
1090
546
-473
-633
-705
-1056
-375
277
571
978
628
570
-241
-627
-374
-182
-117
-419
39
58
265
556
689
58
-401
-528
-428
-123
-159
395
30
259
455
448
228
-138
12
-979
-584
-228
-591
537
609
662
287
81
46
-1194
-211
-1
-505
533
488
141
96
154
-121
-224
-10
-555
-263
345
381
310
282
287
-480
-376
78
-146
204
156
154
302
-321
-379
-52
-313
-87
241
-227
-283
71
204
491
790
419
-335
-442
-545
-648
116
226
-412
-15
565
91
108
502
-240
-584
-238
98
185
-138
480
675
186
141
-438
-538
-851
-865
392
532
777
786
-94
-109
-30
287
-27
-82
86
-1391
-742
365
-104
666
1149
796
187
-33
-313
-1236
-843
-17
281
416
336
185
-193
-40
324
-21
-805
-657
-124
-269
778
1250
260
-86
11
-87
-608
58
202
-829
-264
113
-357
54
804
838
547
71
-379
-784
-1027
-201
-15
65
716
218
450
624
5
7
-644
-756
-213
-265
-135
416
784
295
7
-26
-273
-373
-78
257
-263
-278
102
173
616
143
-453
2
-16
-397
-330
-90
11
179
631
597
2
-320
-111
164
-30
-206
-171
-426
-405
409
758
80
-159
-50
-193
135
86
-111
242
161
248
157
-280
-490
-636
10
194
-180
178
32
-371
85
75
-161
183
521
843
279
-73
-406
-871
-204
75
455
-89
-580
135
-115
63
164
194
330
-160
101
33
-559
-468
-91
167
291
480
425
-167
-105
165
-359
-290
-59
-264
-154
139
230
164
-25
-19
133
-220
166
500
59
-280
-334
126
82
156
659
-73
-563
195
-58
-305
121
-273
-320
217
-173
-8
303
-99
406
341
-63
-556
-836
-280
-78
455
565
96
123
160
111
-90
-258
-346
-152
194
250
143
-264
-52
160
31
189
-62
-88
-233
48
441
-234
-237
35
-85
121
415
204
-300
-172
-123
-513
-403
131
63
330
991
476
-230
-230
-400
-744
-175
350
52
-290
126
494
87
3
178
348
-105
-262
457
-152
-772
-167
-230
19
301
306
498
-370
-381
0
-198
-32
-355
91
959
410
120
152
-329
-921
-681
241
224
-71
159
611
168
89
576
-338
-651
-308
-11
23
-132
449
-191
-428
397
17
93
400
-47
-54
359
408
-283
-861
-302
241
52
632
457
-764
-416
76
89
-93
-72
334
-40
101
225
-373
-478
-222
315
783
407
132
72
-734
-347
127
-345
322
378
12
76
-130
24
-379
-444
63
-75
117
84
-292
-97
202
276
394
6
-410
61
-136
-219
162
-248
-380
-160
305
498
193
412
-143
-1012
-4
195
-227
758
360
2
471
2
-488
-894
-276
78
-49
696
241
-198
-104
100
465
-152
-157
-272
-487
-197
37
415
32
231
427
148
-111
-622
-174
-73
-101
333
284
85
-256
43
472
70
-284
-280
-359
-498
46
691
549
194
263
156
-623
-632
-740
-626
595
762
316
451
293
-732
-284
422
-207
-314
26
0
-112
244
377
22
292
582
-189
-291
-626
-801
-17
149
676
901
273
-137
-132
-60
-402
-127
100
-493
-90
286
389
785
178
-95
-97
-577
-540
-505
-244
423
1015
886
81
-63
-728
-1204
-104
260
81
17
61
143
127
395
-28
-237
52
178
107
-466
-507
-416
126
714
462
147
-578
-456
10
-14
33
110
-314
-149
13
-414
239
-59
-75
505
187
24
-548
-482
243
382
349
169
-229
-243
-59
47
502
300
57
-81
-865
-321
251
110
749
454
-172
-134
-398
-499
-285
-99
204
387
211
304
118
-173
27
-124
68
97
-323
-150
-39
208
367
464
482
-141
-439
-670
-687
-358
207
549
282
452
43
-238
-121
-259
-125
-162
427
72
-549
225
63
129
700
203
-80
-367
-798
-356
25
254
591
273
9
191
82
-5
97
-35
-448
-306
-240
-222
311
-28
301
729
313
161
-473
-984
-707
-92
596
468
541
570
-207
89
152
-493
-592
-472
-123
112
110
461
524
-17
233
255
-434
-774
-816
-480
-323
278
585
209
291
48
-52
-63
-389
-509
-136
32
46
684
313
200
174
-80
-150
-495
-212
-395
160
586
45
650
506
-52
102
-477
-704
-485
-527
127
866
547
531
302
-733
-594
-275
-293
-103
118
244
271
420
354
282
-335
-233
-47
-515
-148
-170
79
381
609
671
-94
-286
-487
-391
121
353
303
34
6
-25
108
206
122
43
-286
-363
-246
-473
-261
124
359
856
446
-208
-488
-865
-551
-147
325
425
-81
339
357
57
147
-353
-435
-598
-402
475
182
197
723
594
499
-222
-861
-643
-905
-297
919
773
668
746
309
-311
-747
-757
-548
-217
104
530
774
807
429
172
343
-402
-892
-816
-902
-247
429
982
1459
840
-30
-485
-1093
-1338
-840
-296
356
869
913
923
581
-139
-867
-987
-881
-599
101
392
573
636
487
644
236
-428
-731
-1327
-1041
-138
173
873
1039
302
86
-303
-739
-662
-568
-232
93
371
886
748
193
11
-393
-560
-407
-633
-110
105
283
956
668
370
-272
-760
-486
-237
-43
309
466
322
402
234
194
29
-379
33
260
332
527
275
169
-80
-90
164
-86
-193
-136
-233
-139
232
301
87
-213
-235
-206
-380
-36
-170
-379
-148
-236
-93
182
57
-4
-74
-240
-308
-287
-98
-36
206
177
-9
135
76
-139
-102
-59
-368
-359
-19
260
473
444
146
-198
-396
-347
-102
104
246
74
126
148
-78
255
113
118
286
-139
-160
-304
-185
401
579
632
569
103
-263
-388
-333
-77
204
625
413
249
331
122
303
126
-106
-350
-372
-6
108
533
566
599
532
-160
-397
-561
-553
-72
395
586
412
221
-128
-411
-218
-98
1
-11
-361
-399
-186
78
415
350
51
-485
-925
-707
-801
-702
-112
-46
93
-6
-554
-861
-1186
-1335
-828
-396
-437
-360
-462
-592
-473
-422
-367
-637
-798
-613
-260
300
291
345
586
317
220
106
21
311
773
1357
1649
1299
895
810
677
871
998
957
1164
1038
1126
1297
1111
1042
957
839
609
506
588
544
637
771
888
907
701
385
58
26
194
641
929
640
516
300
-254
-452
-338
-437
-606
-574
-637
-799
-762
-885
-1107
-995
-1252
-1603
-1645
-1695
-1616
-1482
-1112
-1163
-1628
-1720
-1857
-2087
-2018
-1844
-1894
-1815
-1794
-1858
-2004
-2288
-2278
-2430
-2398
-2268
-2439
-2407
-2204
-1692
-1028
-681
-702
-647
-777
-789
252
1335
2441
3582
3983
4217
4076
4104
4503
4745
5762
6568
6474
6281
5843
5367
4829
4398
4264
3691
2690
1914
1412
817
299
-66
-577
-1520
-2604
-3191
-3747
-3889
-3463
-2858
-2206
-2362
-2704
-2958
-3091
-2708
-1795
-790
-342
83
97
17
277
618
1080
1276
1380
1065
646
443
434
676
794
568
-104
-664
-1362
-1887
-1925
-1980
-1819
-1887
-2225
-2761
-3251
-3269
-3273
-2986
-2756
-2996
-3210
-3508
-3627
-3467
-3265
-3207
-3321
-3452
-3602
-3448
-3170
-2904
-2685
-2621
-2433
-2179
-1669
-1064
-520
102
490
887
1439
2013
2794
4127
5758
6820
7437
7568
7195
7208
7829
8866
9752
9977
9481
8503
7608
6915
6496
5917
4885
3831
2562
1238
-29
-1152
-1878
-2654
-3286
-4154
-5695
-7088
-7993
-8086
-7285
-6315
-5799
-5964
-6372
-6297
-5719
-4629
-3299
-2317
-1491
-765
216
1320
2148
2952
3463
3934
4295
4317
4424
4461
4587
5068
5254
4638
3543
2158
798
131
113
211
-38
-872
-2052
-3108
-3868
-4238
-4375
-4528
-4688
-4858
-4817
-4686
-4672
-4625
-4503
-4245
-4020
-3829
-3774
-3917
-3584
-2855
-2098
-1516
-1658
-2021
-2277
-2485
-2141
-1680
-1336
-937
-759
-605
-368
-209
-204
26
478
768
1340
2209
3156
4126
4878
5273
5229
5116
5517
6436
7350
7874
7834
7362
6665
6365
6551
6345
5823
5098
4207
3425
2823
2061
878
-137
-1086
-1768
-2088
-2779
-3816
-4871
-5375
-5350
-5172
-5024
-5168
-5303
-5047
-4296
-3420
-2867
-2643
-2522
-1933
-810
431
1554
2071
2256
2532
2690
3148
3600
3805
4237
4466
4329
3804
2858
1981
1516
1378
1311
777
-473
-1742
-2747
-3330
-3501
-3595
-3735
-4289
-4908
-5257
-5397
-5217
-4835
-4326
-3800
-3451
-3350
-3344
-3260
-3015
-2677
-2123
-1539
-1372
-1486
-1733
-1805
-1645
-1401
-1254
-1651
-2347
-2986
-3148
-2662
-1962
-1207
-919
-1128
-1445
-1749
-1447
-571
816
2797
4756
6078
6548
6371
5889
5994
7255
9169
10922
11764
11278
9995
9089
8663
8577
8346
7176
5592
4098
2984
2354
1640
422
-1201
-2852
-4338
-5419
-6206
-6861
-7080
-7016
-6843
-6835
-7269
-7879
-8023
-7243
-5908
-4433
-3632
-3531
-3250
-2665
-1477
-105
887
1582
2125
2659
3064
3400
3569
3910
4567
5109
5430
5029
3820
2741
2442
2627
2747
2401
1461
121
-1111
-1776
-2175
-2801
-3613
-4303
-4780
-4936
-4963
-5153
-5379
-5615
-5504
-4970
-4320
-3793
-3343
-2687
-2267
-1963
-1545
-1451
-1365
-1027
-667
-486
-514
-576
-705
-1000
-1249
-1527
-2062
-2579
-2725
-2388
-1939
-1786
-1630
-1441
-1522
-1435
-901
-234
909
3038
5560
7258
7348
6166
5215
6003
8663
11666
12945
11778
9480
7980
8084
8947
9012
7529
5147
3348
3092
3513
2812
499
-2307
-4305
-5056
-5101
-5347
-6246
-7243
-7446
-7074
-7082
-7755
-8685
-8941
-7642
-5376
-3626
-3100
-3650
-4260
-3744
-2296
-720
640
1410
1762
2243
2564
2566
2710
3195
4215
5534
6053
5275
3797
2519
2345
3334
4212
3876
2402
477
-965
-1185
-646
-750
-2128
-3875
-4796
-4779
-4426
-4177
-4415
-5331
-6150
-5690
-4206
-3260
-3207
-3126
-2967
-2854
-2056
-774
-228
-505
-651
-264
135
167
155
85
-422
-887
-905
-1139
-1925
-2689
-2917
-2655
-2276
-1820
-1433
-1761
-2414
-2401
-1829
-649
1742
4861
7250
7712
6443
5052
5155
7620
11760
14749
14314
11341
8615
8163
9650
10835
9936
7145
4239
3032
3263
2902
936
-1987
-4694
-6059
-6111
-6158
-6967
-8301
-9536
-10074
-10100
-10112
-9921
-9339
-8501
-7475
-6478
-5641
-4773
-3817
-2820
-1699
-342
1195
2568
3490
3899
3757
3410
3693
4883
6335
7292
7384
6500
4711
2803
1949
2244
3061
3846
3605
1744
-966
-2990
-3358
-3001
-3228
-3791
-4306
-4693
-4661
-4667
-5364
-6450
-6939
-5964
-3936
-2127
-1300
-1519
-2011
-1770
-852
76
874
1606
1898
1600
1291
1100
570
-37
-155
-213
-857
-1479
-1415
-1742
-3228
-4701
-5268
-4965
-3731
-2115
-1493
-2664
-4497
-4961
-3623
-1210
1989
5318
7171
6604
4857
4281
6013
9842
14335
16385
14167
10069
8083
9459
11940
12613
10803
7709
4793
3349
3256
2452
-91
-2833
-4352
-5016
-5659
-6529
-7723
-9390
-11041
-11725
-11272
-10357
-9478
-8692
-8104
-7746
-7234
-6353
-5482
-4768
-3624
-1592
886
2848
3620
3321
2783
2791
3477
4607
5977
7256
7930
7624
6158
3664
1294
798
2463
4455
4906
3446
586
-2572
-4227
-3585
-2205
-1925
-2597
-3377
-4309
-5244
-5440
-5090
-5014
-4883
-3980
-2808
-2095
-1542
-996
-986
-1115
-436
713
1664
2551
3075
2461
1129
576
945
1048
884
703
-280
-1597
-2023
-2082
-3007
-4668
-5586
-5102
-4213
-3429
-2927
-3634
-5093
-5424
-4195
-2471
-750
1540
4438
6431
6222
4501
3303
4790
9636
15129
16966
14062
9518
7186
8423
11170
12398
11385
9117
6328
3776
2208
1312
214
-1290
-2877
-4547
-6217
-7150
-7354
-8273
-10252
-11469
-10924
-9714
-8685
-7892
-7808
-8380
-8305
-6850
-4883
-3446
-2377
-1136
42
969
1947
2915
3478
3684
4086
4924
5754
6345
6778
6715
5765
4002
2303
2052
3380
4782
4713
2652
-548
-3115
-3643
-2161
-550
-892
-2826
-4428
-5304
-6036
-5987
-4692
-3533
-3595
-3967
-3710
-3253
-2767
-1626
-327
-39
-43
878
1886
1956
1771
1917
1839
1374
1250
1471
1103
123
-682
-1395
-2282
-2731
-2656
-3115
-4409
-5437
-5542
-5164
-4662
-4205
-4270
-4807
-4900
-3930
-2173
-351
1149
2539
3782
4446
4659
5264
7055
9909
12629
13829
12697
9915
7946
8552
10719
12447
12785
11161
7235
2732
590
1454
3276
3675
1546
-2384
-6048
-7569
-7115
-6728
-7328
-7987
-8440
-9207
-9911
-9788
-9026
-8279
-7409
-6187
-5453
-5481
-5043
-3682
-2274
-1022
433
1595
1905
1891
2352
3390
4510
5302
5838
6043
5519
4421
3514
3374
3862
4437
4842
4465
2306
-830
-2403
-1419
478
1240
72
-2736
-5672
-6486
-4872
-2801
-1739
-2138
-4078
-6187
-6253
-4071
-1742
-622
-395
-1020
-2228
-2339
-677
982
1314
1078
815
214
-21
721
1074
95
-936
-1052
-937
-992
-909
-1325
-3056
-4695
-4286
-2689
-1922
-2085
-2657
-3724
-4398
-3325
-1077
472
835
1281
2559
3714
3946
4046
5036
7008
9648
11999
12051
9026
5780
6019
9407
12422
12853
10580
6292
2110
883
2996
5562
5572
2694
-1318
-4574
-5784
-4986
-3985
-4259
-5445
-6959
-8660
-9710
-9300
-8017
-6898
-6323
-6361
-6813
-7010
-6654
-5916
-4472
-2149
-153
225
-588
-1203
-804
719
2894
4658
5347
5321
4889
3984
3249
3695
5087
6281
6670
5948
3823
1191
-55
783
2503
3324
1983
-1211
-3983
-4494
-3485
-2464
-1851
-2300
-4502
-6787
-6628
-4508
-2812
-2282
-2628
-3912
-4995
-4001
-1616
-249
-213
-424
-1011
-1817
-1251
610
1324
188
-845
-790
-442
-181
-117
-974
-2510
-3041
-1980
-736
-480
-1118
-2271
-3438
-3643
-2284
-156
1159
1048
587
1095
2396
3370
3833
4672
6452
8749
10237
9405
6640
5004
6768
10213
12092
11352
8546
4561
1643
2288
5687
7981
6636
2313
-2580
-5197
-4135
-1363
-364
-2179
-5130
-7781
-9579
-9457
-7316
-5432
-5537
-6841
-7931
-8261
-7747
-6424
-4755
-3371
-2452
-2094
-2247
-2237
-1518
-151
1449
2705
3381
3566
3360
3029
2968
3546
4641
5527
5743
5281
4187
2747
1641
1699
3009
4277
3798
1105
-2071
-3170
-1948
-452
5
-651
-2647
-5503
-6932
-5333
-2371
-889
-1867
-4397
-6377
-5725
-2988
-997
-969
-1802
-2804
-3604
-2878
-577
931
251
-1225
-1869
-1497
-547
183
-271
-1498
-1919
-1171
-267
21
-551
-1781
-2593
-1798
197
1605
1331
-246
-1620
-1072
1147
3042
3872
4269
4252
3531
2951
3883
6272
8615
9227
7288
4404
3736
6057
8585
8577
6562
4426
2565
1567
2612
4410
4311
1935
-981
-2810
-2898
-1680
-1056
-2496
-4494
-5107
-5150
-5724
-6010
-5360
-4754
-5033
-5458
-5213
-4793
-4787
-4770
-4027
-2592
-1412
-1404
-2254
-2482
-1152
834
1915
1732
1146
1079
1793
2874
3776
4201
3986
3272
2833
3291
4124
4275
3451
2369
2019
2434
2385
1198
22
-202
-385
-1243
-1870
-1890
-2358
-3457
-4130
-4173
-4157
-4087
-4083
-4511
-4617
-3817
-3440
-4113
-4085
-2823
-2243
-2644
-2230
-1112
-920
-1301
-1043
-542
-118
810
1413
471
-564
140
1310
1207
634
555
328
-165
43
967
1438
750
-571
-1312
-665
957
2393
2929
2571
1517
324
368
2833
6711
8859
7028
2662
113
2371
7471
10410
8918
5201
2080
779
2007
5197
7242
5518
1241
-2283
-2986
-1122
1023
923
-1521
-3992
-4881
-4860
-4799
-4439
-3885
-4061
-5101
-5769
-5242
-4620
-4987
-5169
-3844
-2109
-1772
-2758
-3504
-2963
-1306
547
1380
788
31
571
2095
3124
3088
2587
2284
2666
3849
5047
5050
3426
1360
956
2833
4857
4319
1477
-780
-1109
-666
-178
160
-747
-3078
-4953
-4976
-3809
-2810
-3049
-4838
-6558
-5907
-3526
-2290
-2723
-3182
-3448
-3620
-2327
21
709
-461
-1083
-435
783
2340
3051
1481
-533
23
2136
2927
2495
1785
182
-1459
-819
1454
2433
1423
-260
-1816
-2344
-996
785
755
-500
-845
-93
672
1130
1207
746
436
1299
3338
5329
5449
3012
337
846
4500
7594
7363
4352
798
-895
786
4549
6747
5161
1083
-2378
-2741
32
3036
2995
-83
-3163
-4035
-2949
-1176
-236
-1120
-2964
-4090
-3967
-3001
-1947
-1835
-2850
-3576
-2898
-1740
-1461
-1799
-1732
-1236
-923
-694
-297
-177
-231
411
1498
1738
849
-52
113
1405
2969
3353
1653
-817
-1400
635
3009
3219
1210
-1304
-2685
-2059
-7
1378
440
-2248
-4384
-4091
-1789
222
18
-2128
-3870
-3322
-1386
-88
95
-469
-1539
-2126
-1174
545
1314
780
-226
-988
-762
610
1585
864
-435
-705
-340
-242
21
391
-345
-1671
-1804
-1118
-1063
-1325
-1224
-1289
-1636
-1597
-1400
-1581
-1583
-806
446
1503
1712
872
-70
497
2925
5536
6383
4934
2401
1373
3422
6606
7714
6328
4186
2404
1741
3040
5178
5436
3182
555
-598
-182
874
1147
-159
-1916
-2507
-2194
-2115
-2255
-2304
-2707
-3417
-3552
-2991
-2518
-2488
-2603
-2528
-2151
-1795
-1911
-2164
-1704
-592
97
-167
-843
-1286
-1117
-52
1368
1724
482
-1195
-1623
-408
1463
2562
1622
-815
-2387
-1119
1887
3186
1651
-845
-2247
-1784
120
1987
1882
-276
-2459
-2835
-1184
1174
1997
183
-2141
-2554
-1231
292
918
730
-336
-1682
-1684
-382
604
607
214
-607
-1317
-837
252
608
54
-316
-364
-704
-955
-621
-245
-444
-704
-688
-978
-1691
-1861
-1431
-1162
-820
-676
-1194
-1819
-2039
-1522
-634
-143
-27
-45
-65
63
385
805
1439
2457
3224
3221
2723
2233
2477
3799
5393
5696
4372
2938
2583
3084
3975
4912
4566
2636
979
706
1549
2433
2289
1061
-432
-1010
-524
92
231
-255
-1253
-1943
-1659
-970
-809
-1313
-2055
-2660
-2740
-2206
-1776
-2091
-2640
-2821
-2861
-2872
-2602
-2206
-2226
-2503
-2475
-2198
-2163
-2293
-1910
-1366
-937
-432
-342
-681
-690
208
1366
1938
1838
1402
1281
1643
2358
2875
2796
2365
1576
1084
1537
2179
1850
675
8
-30
-47
-87
-261
-802
-1519
-1746
-1725
-1613
-1304
-1592
-2390
-2565
-1856
-1300
-1349
-1468
-1528
-1607
-1269
-476
-66
-13
63
-77
-333
-127
580
874
679
453
-117
-728
-681
-178
53
-104
-243
-816
-1675
-1635
-1008
-627
-430
-282
-431
-939
-910
-139
603
1339
1936
1750
1078
1226
2555
3664
3938
3830
3346
2958
3487
4678
5135
4361
3471
2938
2813
3441
4136
3627
1928
694
591
852
1193
1131
64
-1474
-2189
-1846
-1504
-1534
-1969
-3006
-3960
-3967
-3366
-3258
-3621
-3798
-4114
-4376
-4020
-3483
-3217
-3217
-3020
-2649
-2380
-2052
-1745
-1275
-657
-54
483
649
550
609
1369
2566
3113
2663
2086
2310
2927
3239
3297
3120
2437
1707
1740
2019
1765
1150
318
-524
-761
-359
-410
-1285
-1859
-2074
-2467
-2515
-2058
-1769
-2143
-2394
-2154
-2110
-1887
-1275
-899
-931
-709
-149
-162
-262
343
844
686
688
1021
850
483
530
578
428
392
241
-400
-1062
-1189
-1048
-1094
-1305
-1731
-2377
-2659
-2343
-1949
-1663
-1374
-1397
-1685
-1354
-245
720
1226
1613
1712
1654
2348
3726
4677
4699
4353
4041
3960
4720
5868
6142
5174
3865
3240
3291
3780
4104
3365
1726
371
78
356
415
-114
-1262
-2502
-2962
-2576
-2270
-2679
-3593
-4413
-4580
-3961
-3291
-3310
-3968
-4451
-4151
-3351
-2565
-2266
-2250
-2148
-1845
-1185
-525
-265
-297
-2
725
1243
1347
1369
1422
1548
2071
2676
2694
2001
1550
1978
2400
2398
2001
1246
538
381
819
949
546
-181
-1104
-1423
-1015
-703
-1031
-1487
-1618
-1856
-1875
-1554
-1544
-1680
-1514
-1162
-1134
-1190
-934
-832
-720
-212
232
146
-155
45
518
670
723
739
435
235
564
742
328
-53
-150
-306
-444
-355
-499
-1131
-1555
-1479
-1387
-1368
-1388
-1646
-1947
-1915
-1570
-1204
-928
-700
-660
-679
-260
498
1091
1536
1974
2087
1966
2372
3269
3799
3890
3939
3797
3628
3827
4139
3987
3503
3275
2998
2567
2393
2089
1333
699
664
530
-42
-543
-1155
-1781
-1877
-1661
-1832
-2543
-3091
-3348
-3373
-2885
-2457
-2788
-3459
-3518
-2996
-2425
-1873
-1614
-1879
-2123
-1672
-747
-82
85
4
-81
91
680
1391
1757
1661
1436
1310
1476
1961
2339
2199
1710
1468
1331
1189
1201
1201
1001
398
-104
-278
-462
-665
-784
-923
-1380
-1676
-1577
-1712
-1978
-1833
-1671
-1944
-1974
-1544
-1440
-1650
-1440
-1001
-940
-823
-332
-154
-322
-66
437
565
611
835
850
734
949
1225
1129
1056
1039
724
466
622
744
319
-66
-178
-543
-782
-604
-624
-1139
-1403
-1235
-1421
-1700
-1441
-1215
-1426
-1349
-819
-679
-938
-603
191
602
893
1265
1357
1319
1857
2838
3185
3054
3066
3000
2977
3366
3839
3662
3065
2821
2690
2517
2435
2052
1398
842
589
359
-91
-426
-983
-1689
-1793
-1710
-2013
-2395
-2631
-2941
-3103
-2866
-2654
-2748
-2842
-2648
-2409
-2243
-1913
-1523
-1348
-1061
-492
-52
126
174
355
723
1327
1939
1912
1503
1355
1597
2087
2581
2609
1816
947
846
1209
1450
1320
634
-396
-902
-729
-556
-673
-1138
-1789
-2219
-2166
-1945
-1920
-2003
-2289
-2387
-2105
-2011
-1825
-1410
-1285
-1257
-891
-478
-399
-157
377
648
669
702
893
1034
1104
1405
1490
1142
948
1112
1147
932
914
747
217
89
255
165
-88
-369
-659
-958
-934
-689
-788
-1030
-1198
-1405
-1428
-1052
-690
-750
-875
-842
-777
-484
78
490
553
490
551
824
1269
1799
2119
1997
1727
1701
1951
2369
2658
2448
1867
1487
1571
1841
1960
1737
1112
433
242
509
646
348
-220
-791
-1092
-976
-746
-865
-1260
-1540
-1624
-1546
-1315
-1200
-1340
-1429
-1252
-933
-661
-547
-589
-608
-305
176
391
444
524
461
493
907
1183
991
891
1015
814
530
724
856
494
153
92
-17
-311
-459
-378
-538
-868
-936
-1104
-1342
-1233
-1092
-1190
-1305
-1234
-1326
-1472
-1152
-806
-842
-923
-775
-739
-782
-458
-140
-109
-165
-184
-176
-145
181
538
498
270
116
108
173
459
797
622
174
-61
-33
188
517
680
330
-196
-311
-48
303
519
364
-104
-418
-273
79
368
425
34
-468
-479
-31
295
364
263
-136
-413
-177
259
488
401
178
18
55
348
629
632
544
537
529
554
736
909
810
717
774
715
683
755
725
614
567
597
498
374
367
303
156
125
220
123
-25
-52
-143
-220
-101
49
-109
-257
-254
-335
-258
33
164
-85
-293
-225
-156
-18
195
195
-74
-293
-266
-59
188
230
-73
-424
-418
-211
-137
-145
-229
-524
-766
-643
-374
-342
-637
-940
-889
-629
-550
-653
-767
-911
-975
-760
-526
-581
-723
-818
-857
-587
-232
-329
-576
-439
-217
-191
-73
97
-9
-122
109
341
304
238
261
280
356
517
549
378
268
355
442
429
403
291
90
53
216
316
216
-5
-167
-130
3
39
20
6
-103
-219
-107
94
101
5
2
54
79
125
258
352
306
295
373
366
335
472
612
528
390
379
397
459
593
566
355
217
229
319
437
427
212
-28
-74
108
307
271
51
-124
-155
-34
190
311
166
-91
-173
-51
139
306
293
49
-134
-43
153
268
289
176
-37
-130
-13
147
220
171
-55
-317
-321
-134
-70
-114
-157
-361
-649
-624
-347
-269
-388
-427
-560
-821
-759
-417
-280
-430
-534
-592
-703
-534
-168
-93
-316
-465
-416
-390
-231
142
99
-311
-368
-159
-97
-10
192
60
-300
-319
-138
-21
60
74
-85
-341
-314
-38
85
22
-42
-110
-236
-178
76
176
90
-36
-76
-19
105
259
252
180
208
194
188
351
482
391
312
366
405
398
406
422
431
424
369
302
303
310
267
270
264
165
106
108
71
91
181
120
-5
-22
-24
-20
50
170
111
-121
-154
-32
34
108
205
144
-74
-102
65
204
313
221
21
54
139
139
193
306
243
31
31
76
64
126
168
111
-11
-38
-119
-164
31
126
-23
-227
-291
-254
-222
-112
-72
-239
-402
-445
-375
-211
-121
-194
-341
-406
-342
-257
-147
-103
-247
-348
-311
-227
-179
-152
-151
-259
-273
-212
-220
-200
-125
-113
-173
-148
-144
-157
-114
-89
-46
-24
-75
-146
-101
7
27
-3
1
25
7
4
50
146
176
132
103
88
127
165
219
262
201
129
93
69
158
339
320
142
46
95
153
201
311
240
72
8
13
99
234
274
89
-57
11
60
59
184
220
13
-83
11
44
24
162
217
3
-105
-25
34
67
196
169
-84
-91
48
39
59
148
74
-114
-61
113
92
84
124
-9
-110
55
227
95
-12
51
-53
-82
105
189
56
-109
-99
-88
-47
97
67
-82
-150
-156
-125
-49
9
-88
-229
-234
-202
-195
-141
-109
-178
-257
-258
-219
-208
-153
-80
-112
-189
-227
-211
-174
-62
42
-74
-214
-218
-168
-75
51
88
-42
-148
-113
-19
87
129
50
-83
-109
6
104
100
81
77
-33
-87
79
168
105
59
42
26
7
90
155
68
62
101
85
77
119
152
53
32
127
131
116
98
75
1
-31
139
194
79
29
-20
-54
59
228
144
-58
-65
-70
-63
109
200
10
-176
-109
-43
-21
95
94
-82
-112
-37
-50
8
97
67
-34
-47
22
-22
-44
59
104
45
-12
-53
-55
50
156
151
63
-53
-116
-65
96
215
117
-89
-177
-123
-16
121
180
10
-229
-246
-117
-3
96
72
-161
-342
-230
-32
22
34
-2
-201
-305
-121
63
65
5
-65
-151
-149
-41
94
138
36
-49
-90
-65
43
110
114
50
-6
-2
13
64
140
132
18
-17
48
47
22
62
92
18
-29
0
5
31
32
8
10
-15
-44
-50
-6
16
-11
-10
-15
-3
8
23
84
61
28
49
42
44
57
65
59
40
9
-11
18
37
32
10
-20
-12
2
-26
-41
-15
-18
-52
-51
-38
-73
-96
-39
-22
-74
-69
-49
-72
-39
37
4
-37
-12
-22
-25
36
78
3
-21
23
2
17
20
10
-13
-42
-30
-34
7
30
-24
-42
1
12
-6
18
22
-26
-68
-42
16
16
-13
-30
-51
-53
-16
22
35
7
-21
-32
-3
59
65
47
28
19
13
30
102
103
55
28
41
82
70
81
116
71
19
41
62
45
31
29
-4
-45
-11
0
0
0
0
0
0
0
0
0
0
0
0
0
0
0
0
0
0
0
0
0
0
0
0
0
0
0
0
0
0
0
0
0
0
0
0
0
0
0
0
0
0
0
0
0
0
0
0
0
0
0
0
0
0
0
0
0
0
0
0
0
0
0
0
0
0
0
0
0
0
0
0
0
0
0
0
0
0
0
0
0
0
0
0
0
0
0
0
0
0
0
0
0
0
0
0
0
0
0
0
0
0
0
0
0
0
0
0
0
0
0
0
0
0
0
0
0
0
0
0
0
0
0
0
0
0
0
0
0
0
0
0
0
0
0
0
0
0
0
0
0
0
0
0
0
0
0
0
0
0
0
0
0
0
0
0
0
0
0
0
0
0
0
0
0
0
0
0
0
0
0
0
0
0
0
0
0
0
0
0
0
0
0
0
0
0
0
0
0
0
0
0
0
0
0
0
0
0
0
0
0
0
0
0
0
0
0
0
0
0
0
0
0
0
0
0
0
0
0
0
0
0
0
0
0
0
0
0
0
0
0
0
0
0
0
0
0
0
0
0
0
0
0
0
0
0
0
0
0
0
0
0
0
0
0
0
0
0
0
0
0
0
0
0
0
0
0
0
0
0
0
0
0
0
0
0
0
0
0
0
0
0
0
0
0
0
0
0
0
0
0
0
0
0
0
0
0
0
0
0
0
0
0
0
0
0
0
0
0
0
0
0
0
0
0
0
0
0
0
0
0
0
0
0
0
0
0
0
0
0
0
0
0
0
0
0
0
0
0
0
0
0
0
0
0
0
0
0
0
0
0
0
0
0
0
0
0
0
0
0
0
0
0
0
0
0
0
0
0
0
0
0
0
0
0
0
0
0
0
0
0
0
0
0
0
0
0
0
0
0
0
0
0
0
0
0
0
0
0
0
