0
0
0
0
0
0
0
0
0
0
0
0
0
0
0
0
0
0
0
0
0
0
0
0
0
0
0
0
0
0
0
0
0
0
0
0
0
0
0
0
0
0
0
0
0
0
0
0
0
0
0
0
0
0
0
0
0
0
0
0
0
0
0
0
0
0
0
0
0
0
0
0
0
0
0
0
0
0
0
0
0
0
0
0
0
0
0
0
0
0
0
0
0
0
0
0
0
0
0
0
0
0
0
0
0
0
0
0
0
0
0
0
0
0
0
0
0
0
0
0
0
0
0
0
0
0
0
0
0
0
0
0
0
0
0
0
0
0
0
0
0
0
0
0
0
0
0
0
0
0
0
0
0
0
0
0
0
0
0
0
0
0
0
0
0
0
0
0
0
0
0
0
0
0
0
0
0
0
0
0
0
0
0
0
0
0
0
0
0
0
0
0
0
0
0
0
0
0
0
0
0
0
0
0
0
0
0
0
0
0
0
0
0
0
0
0
0
0
0
0
0
0
0
0
0
0
0
0
0
0
0
0
0
0
0
0
0
0
0
0
0
0
0
0
0
0
0
0
0
0
0
0
0
0
0
0
0
0
0
0
0
0
0
0
0
0
0
0
0
0
0
0
0
0
0
0
0
0
0
0
0
0
0
0
0
0
0
0
0
0
0
0
0
0
0
0
0
0
0
0
0
0
0
0
0
0
0
0
0
0
0
0
0
0
0
0
0
0
0
0
0
0
0
0
0
0
0
0
0
0
0
0
0
0
0
0
0
0
0
0
0
0
0
0
0
0
0
0
0
0
0
0
0
0
0
0
0
0
0
0
0
0
0
0
0
0
0
0
0
0
0
0
0
0
0
0
0
0
0
0
0
0
0
0
0
0
0
0
0
0
0
0
0
0
0
0
125
131
113
121
120
100
75
61
61
44
21
24
-18
-39
-46
-71
-65
-80
-87
-99
-108
-112
-141
-140
-146
-166
-168
-177
-188
-183
-180
-171
-145
-128
-114
-100
-87
-82
-91
-95
-101
-111
-122
-147
-166
-176
-204
-231
-247
-274
-291
-298
-322
-332
-354
-369
-373
-389
-413
-442
-431
-445
-441
-402
-378
-315
-276
-216
-137
-73
40
137
216
325
443
545
629
731
861
958
1022
1118
1204
1265
1340
1398
1426
1446
1434
1393
1356
1290
1173
1044
912
763
590
404
222
51
-119
-289
-436
-564
-685
-784
-858
-924
-988
-1033
-1067
-1093
-1092
-1068
-1038
-995
-932
-866
-798
-722
-640
-568
-505
-453
-419
-401
-405
-426
-444
-472
-526
-581
-640
-697
-726
-779
-827
-857
-897
-903
-919
-924
-918
-919
-861
-831
-793
-709
-630
-530
-436
-305
-177
-84
52
185
304
421
551
687
817
1004
1212
1440
1696
1989
2285
2534
2778
3012
3207
3306
3317
3274
3105
2882
2617
2244
1880
1501
1069
689
327
-19
-311
-594
-874
-1121
-1345
-1580
-1779
-1988
-2180
-2291
-2406
-2450
-2438
-2406
-2284
-2098
-1865
-1597
-1269
-932
-668
-404
-131
79
202
284
375
411
382
345
283
225
189
169
153
114
94
54
-4
-56
-142
-240
-348
-452
-537
-620
-685
-714
-683
-629
-564
-440
-279
-124
33
224
392
543
717
888
1056
1183
1274
1326
1362
1384
1319
1229
1089
882
664
415
154
-120
-354
-553
-767
-924
-1020
-1101
-1131
-1121
-1079
-1012
-977
-926
-867
-802
-744
-714
-627
-562
-515
-457
-443
-387
-316
-296
-263
-236
-252
-285
-361
-456
-525
-590
-666
-746
-822
-879
-885
-850
-744
-542
-258
118
536
1070
1654
2232
2826
3380
3874
4207
4431
4527
4423
4184
3838
3421
2904
2379
1883
1372
891
455
88
-289
-663
-970
-1323
-1728
-2107
-2502
-2886
-3224
-3522
-3687
-3749
-3742
-3573
-3268
-2894
-2415
-1914
-1459
-961
-508
-165
110
304
474
548
560
624
634
678
768
861
1001
1117
1219
1246
1232
1220
1145
1019
850
689
492
299
161
9
-94
-195
-326
-439
-573
-736
-875
-974
-1116
-1234
-1313
-1356
-1305
-1278
-1184
-1015
-829
-609
-447
-242
-79
16
143
205
280
370
465
568
640
774
875
940
1000
993
964
864
669
426
145
-167
-493
-779
-1037
-1243
-1375
-1480
-1541
-1524
-1468
-1414
-1343
-1216
-1068
-955
-812
-604
-388
-120
242
658
1154
1719
2259
2788
3292
3754
4097
4265
4317
4203
3971
3593
3086
2541
1939
1336
745
251
-177
-551
-825
-1143
-1405
-1595
-1825
-2041
-2241
-2386
-2532
-2684
-2746
-2768
-2709
-2548
-2337
-2032
-1646
-1235
-854
-514
-203
73
303
461
585
657
678
669
637
668
684
692
723
732
775
798
788
782
765
730
678
641
585
504
425
334
229
142
23
-103
-209
-348
-496
-646
-760
-859
-942
-992
-1036
-992
-948
-926
-865
-815
-739
-658
-613
-565
-519
-498
-493
-496
-484
-463
-459
-446
-420
-410
-430
-453
-463
-498
-562
-624
-698
-770
-839
-923
-980
-994
-985
-933
-837
-701
-504
-277
-41
228
508
787
1097
1415
1747
2113
2486
2845
3192
3505
3797
4067
4250
4311
4227
4012
3678
3225
2666
2031
1384
727
69
-542
-1020
-1406
-1786
-2088
-2319
-2455
-2538
-2671
-2765
-2815
-2823
-2788
-2723
-2580
-2364
-2061
-1723
-1375
-949
-481
-65
282
602
846
1015
1106
1101
1119
1107
1054
1006
909
825
733
626
491
323
166
12
-153
-313
-441
-545
-616
-674
-679
-610
-509
-414
-308
-191
-124
-53
-41
-46
-24
-54
-62
-108
-147
-166
-196
-192
-198
-174
-168
-175
-194
-247
-302
-372
-422
-452
-472
-479
-481
-469
-438
-393
-348
-313
-298
-312
-357
-414
-488
-602
-715
-829
-934
-975
-1001
-1033
-1016
-992
-949
-848
-766
-698
-604
-501
-370
-205
-14
207
472
821
1244
1708
2218
2747
3241
3700
4128
4460
4628
4630
4499
4229
3826
3322
2740
2099
1427
768
160
-382
-867
-1299
-1670
-1979
-2246
-2495
-2730
-2936
-3090
-3188
-3233
-3225
-3135
-2942
-2666
-2307
-1886
-1434
-960
-463
16
382
690
955
1128
1214
1248
1243
1179
1127
1026
934
861
735
644
496
342
199
21
-167
-357
-488
-617
-687
-688
-636
-579
-467
-265
-145
-46
31
86
161
186
164
147
144
144
174
198
237
241
193
152
61
-13
-138
-326
-464
-615
-767
-847
-865
-866
-843
-807
-764
-723
-721
-738
-764
-800
-834
-892
-978
-1028
-1041
-1034
-996
-951
-902
-837
-794
-780
-760
-759
-741
-669
-587
-448
-299
-128
152
490
938
1439
1964
2584
3198
3786
4315
4745
5100
5290
5306
5124
4717
4190
3554
2833
2076
1337
647
-26
-624
-1109
-1521
-1914
-2260
-2558
-2819
-2992
-3179
-3316
-3384
-3404
-3300
-3134
-2856
-2489
-2026
-1489
-988
-436
71
517
906
1123
1281
1387
1353
1251
1084
890
704
427
130
-135
-388
-605
-846
-1042
-1171
-1302
-1358
-1387
-1390
-1274
-1157
-1046
-869
-611
-242
122
492
920
1325
1725
2068
2329
2516
2571
2521
2361
2105
1772
1345
872
370
-148
-651
-1126
-1575
-1932
-2166
-2335
-2407
-2438
-2385
-2195
-1995
-1767
-1547
-1306
-1009
-766
-568
-397
-248
-125
-79
-95
-153
-217
-270
-355
-454
-484
-537
-671
-769
-835
-863
-921
-1024
-1083
-1079
-1001
-880
-602
-202
326
982
1670
2518
3386
4285
5075
5618
6135
6414
6418
6139
5573
4898
4054
3099
2057
992
72
-763
-1544
-2169
-2594
-2903
-3156
-3371
-3498
-3518
-3524
-3488
-3412
-3220
-2889
-2523
-2058
-1519
-886
-247
338
929
1415
1800
2038
2107
2046
1826
1535
1178
738
220
-281
-726
-1172
-1531
-1845
-2056
-2220
-2434
-2524
-2523
-2430
-2351
-2214
-1900
-1522
-1046
-555
-2
621
1177
1632
2022
2372
2659
2846
2890
2958
2990
2935
2778
2464
2190
1820
1262
556
-274
-1079
-1918
-2719
-3390
-3866
-4073
-4044
-3778
-3355
-2698
-1886
-1090
-309
311
817
1144
1254
1207
977
707
374
34
-284
-593
-832
-1037
-1198
-1313
-1421
-1584
-1777
-1981
-2169
-2355
-2533
-2580
-2572
-2466
-2158
-1673
-957
-67
1017
2272
3657
5142
6475
7630
8559
9163
9455
9251
8600
7583
6280
4800
3138
1526
-59
-1523
-2732
-3781
-4492
-4955
-5178
-5254
-5337
-5233
-5055
-4778
-4434
-4038
-3454
-2740
-1888
-994
-28
988
1896
2674
3254
3679
3917
3817
3444
2874
2172
1386
447
-545
-1409
-2164
-2823
-3340
-3703
-3848
-3775
-3697
-3497
-3130
-2708
-2170
-1679
-1113
-409
272
970
1629
2306
2972
3484
3814
4042
4204
4212
4051
3695
3210
2639
1888
1013
95
-831
-1763
-2703
-3603
-4329
-4797
-5097
-5190
-5032
-4590
-3881
-3008
-1923
-776
348
1463
2485
3397
4040
4452
4568
4288
3775
3018
2057
947
-271
-1439
-2497
-3427
-4177
-4670
-4965
-5004
-4809
-4554
-4159
-3685
-3135
-2662
-2297
-1848
-1434
-1007
-616
-154
497
1307
2376
3553
4905
6433
7892
9066
9854
10385
10536
10112
9019
7368
5407
3217
951
-1328
-3327
-4886
-6064
-6771
-7027
-6610
-5814
-4888
-3921
-3058
-2011
-1151
-502
69
506
1031
1459
1843
2274
2724
3155
3376
3358
3183
2872
2195
1148
-146
-1521
-2742
-3930
-4931
-5674
-6037
-5985
-5760
-5147
-4322
-3263
-2201
-1331
-404
411
1217
1741
2100
2417
2693
3015
3172
3374
3388
3275
2939
2368
1831
1145
493
-220
-791
-1103
-1304
-1297
-1217
-1006
-760
-574
-473
-570
-751
-990
-1246
-1460
-1531
-1450
-1166
-646
-136
578
1337
1962
2477
2667
2713
2404
1792
886
-259
-1351
-2468
-3437
-4307
-4862
-5099
-5137
-4907
-4482
-3816
-3159
-2506
-1844
-1149
-566
-173
172
482
842
998
1158
1416
1764
2363
3019
3866
4934
6019
6955
7689
8188
8468
8234
7363
6076
4314
2380
312
-1702
-3424
-4893
-5810
-6330
-6413
-5898
-4932
-3736
-2511
-1307
-168
866
1607
2105
2413
2584
2625
2463
2321
2185
2044
1767
1255
735
168
-467
-1262
-2223
-3111
-3926
-4556
-4957
-5084
-4823
-4360
-3667
-2754
-1654
-413
669
1603
2335
2859
3193
3236
3149
2867
2460
1922
1277
734
274
43
-112
-219
-238
-257
-242
-365
-509
-638
-859
-1259
-1840
-2274
-2431
-2408
-2315
-2117
-1677
-1069
-447
153
782
1403
1887
2128
2236
2354
2397
2313
2022
1647
1305
846
301
-451
-1259
-1969
-2756
-3417
-3893
-4172
-4161
-4000
-3699
-3119
-2305
-1487
-713
-71
372
648
631
444
183
-93
-298
-468
-443
-339
-138
255
808
1657
2692
3848
5028
6064
6905
7537
7917
7970
7556
6530
5064
3274
1342
-568
-2416
-3919
-5103
-5862
-6086
-5849
-5007
-3902
-2674
-1387
-186
965
1814
2530
2916
2943
2804
2325
1898
1444
845
259
-362
-1022
-1580
-2057
-2540
-2888
-3299
-3509
-3517
-3383
-3010
-2603
-1932
-1235
-496
332
1075
1790
2302
2483
2530
2508
2232
1935
1279
487
-191
-1041
-1600
-2089
-2304
-2195
-1979
-1491
-962
-234
485
1097
1598
1816
1837
1557
1069
457
-148
-685
-1158
-1526
-1825
-1812
-1688
-1412
-947
-564
14
441
791
1233
1562
1818
1775
1593
1202
709
-28
-1053
-1943
-2888
-3569
-4020
-4303
-4170
-3824
-3230
-2453
-1580
-698
26
492
732
776
640
342
-83
-440
-617
-572
-392
-183
33
356
901
1711
2752
3940
5267
6407
7258
7863
8329
8585
8162
6978
5053
3000
825
-1471
-3493
-5350
-6464
-7028
-7050
-6296
-4991
-3309
-1644
-60
1348
2715
3596
3865
3696
3155
2615
1828
1028
252
-410
-932
-1567
-2088
-2604
-2937
-3250
-3590
-3697
-3655
-3299
-2808
-2240
-1428
-478
596
1537
2281
2941
3208
3202
2779
1945
1225
273
-653
-1467
-2386
-2853
-3347
-3656
-3398
-2963
-1903
-827
112
1386
2503
3503
4097
4334
4303
3647
2618
1259
-151
-1410
-2662
-3801
-4553
-4796
-4506
-3784
-2815
-1481
-44
1217
2221
3011
3669
4059
3875
3213
2366
1110
-122
-1508
-2947
-3980
-4926
-5409
-5702
-5436
-4510
-3488
-2205
-1069
127
1153
1639
1789
1554
1076
359
-446
-1301
-1922
-2044
-1866
-1391
-735
3
691
1319
2110
3084
4260
5438
6517
7420
8046
8645
8892
8781
8111
6273
4025
1331
-1467
-3708
-5991
-7589
-8376
-8520
-7656
-6050
-3763
-1352
803
2571
3973
5020
5443
5144
4228
3038
1688
416
-765
-1684
-2265
-2816
-3200
-3524
-3625
-3491
-3384
-3204
-3043
-2667
-1997
-1145
-162
724
1631
2354
2784
2999
2970
2619
1952
940
-404
-1305
-2212
-2880
-3248
-3919
-3870
-3796
-3422
-2475
-1390
255
1801
3292
4592
5545
6001
6057
5450
4016
2223
-201
-2466
-4473
-6017
-6934
-7436
-7031
-6086
-4400
-2144
169
2355
4188
5590
6547
6849
6356
5499
3887
1940
-75
-2362
-4053
-5616
-6809
-7206
-7383
-6678
-5297
-3757
-1997
-342
1239
2413
3044
3194
2707
1825
622
-677
-1815
-2756
-3264
-3229
-2785
-2052
-1104
-175
583
1175
1815
2719
3900
5409
6895
8147
9156
9788
10199
10037
8976
6892
3836
479
-2843
-5767
-8095
-9741
-10314
-9840
-8366
-6002
-3030
101
2867
5087
6489
7122
7210
6661
5345
3556
1655
-246
-1602
-2613
-3337
-3543
-3845
-3990
-4042
-4078
-3901
-3826
-3580
-3166
-2386
-1057
293
1573
2676
3427
3905
3774
3156
2249
750
-795
-2239
-3452
-3972
-4198
-4182
-3829
-3375
-2652
-1587
-683
570
2141
3416
4876
5864
6391
6649
6157
5242
3580
1235
-1391
-4086
-6355
-8019
-9017
-9034
-8279
-6746
-4264
-1491
1603
4501
6791
8465
8921
8574
7389
5377
2970
225
-2577
-5107
-7117
-8412
-8874
-8710
-7760
-6196
-4298
-2111
-109
1656
2981
3879
4323
3904
2843
1453
-193
-1885
-3200
-3890
-4005
-3642
-2751
-1629
-425
822
1549
1791
1805
1948
2376
3168
4645
6455
8359
9821
10584
11118
11001
9648
6839
2803
-1520
-5408
-8772
-11277
-12188
-11538
-9699
-7080
-3918
1
3795
6529
8006
8294
8080
7220
5472
3409
1366
-424
-1989
-3282
-3770
-3779
-3839
-4207
-4956
-5067
-4860
-4862
-4568
-4061
-2998
-1482
186
1916
3597
4912
5268
4918
3985
2641
1035
-965
-3054
-4744
-5549
-5615
-5240
-4411
-3225
-1942
-637
435
1228
2412
3420
4060
4704
4887
5579
6107
5351
4334
2549
158
-2348
-5215
-7659
-9275
-9866
-9330
-7780
-5006
-1224
2554
5755
8162
9811
10444
9264
7039
4133
751
-2169
-4992
-7071
-7895
-8188
-7704
-6827
-5629
-3736
-2280
-1222
142
1183
2055
2705
2696
2596
2017
996
24
-1238
-2262
-3136
-3810
-3824
-3458
-2519
-1207
121
1342
2271
2910
3553
4385
5040
5709
6697
7733
8414
8601
8505
7933
6682
4700
2016
-912
-3727
-6315
-8331
-9170
-8837
-7497
-5422
-3204
-464
2524
5007
6853
7614
7507
6818
5364
3587
1845
-95
-1666
-2982
-4396
-4975
-5206
-5301
-5185
-5246
-4690
-3935
-3202
-2028
-896
407
1672
2586
3564
4057
3784
3079
1855
375
-1126
-2559
-3863
-4948
-5068
-4678
-4125
-2858
-1916
-938
91
593
1460
2112
2923
3873
4245
4625
4963
5205
4841
3750
2271
-37
-2874
-5390
-7551
-8899
-9031
-8204
-6127
-3488
-369
3196
6023
8136
9278
9078
7785
5605
2810
-190
-2795
-4844
-6280
-7153
-7242
-6498
-5540
-4397
-3249
-2056
-818
-16
942
1819
2353
2875
2827
2526
1677
207
-1051
-2639
-4002
-4822
-5326
-5037
-4257
-2777
-646
1451
3085
4172
4771
5161
5358
5244
5699
6540
7476
7936
7486
7332
7151
6223
4137
1087
-1949
-4856
-7326
-8935
-9349
-8373
-6427
-4092
-1342
2031
5404
7714
8482
8214
7359
5817
3661
1327
-826
-2755
-4367
-5427
-5809
-5624
-5128
-4646
-4350
-3944
-3162
-2209
-1330
-504
449
1563
2662
3692
4350
4217
3421
2041
266
-1548
-3438
-5053
-6177
-6797
-6185
-4703
-3129
-1176
538
1666
2606
2805
2741
3107
3302
3521
3825
3931
4252
4306
3590
2429
658
-1725
-4429
-7051
-8862
-9531
-8967
-7240
-4524
-1047
2504
5657
8057
9201
9133
7777
5288
2546
-358
-2966
-4796
-6299
-6955
-6759
-6195
-5054
-3655
-2536
-1291
-143
424
1250
1715
2018
2676
2565
2219
1532
283
-942
-2336
-3834
-4972
-5675
-5753
-4827
-3386
-1297
853
2470
4021
4750
5163
5555
5381
5628
6053
6357
7134
7403
7322
7337
6420
4925
2574
-622
-3598
-6382
-8239
-8783
-8306
-6549
-3766
-828
2058
4943
7148
8349
8219
6833
5041
3027
774
-1306
-3052
-4257
-4867
-5295
-5253
-4767
-4112
-3618
-3489
-3076
-2359
-1448
-659
324
1579
2490
3517
3965
3690
2964
1310
-461
-2244
-4172
-5510
-6280
-6527
-5786
-4254
-2279
-113
1624
2726
3213
3219
2985
2635
2457
2631
3050
3486
3687
3610
3267
2360
611
-1817
-4406
-6596
-8054
-8577
-7920
-6010
-3212
-116
2835
5433
7403
8264
7798
6143
3721
1089
-1540
-3789
-5056
-5492
-5460
-4994
-4200
-3127
-2013
-1332
-974
-615
-359
-224
-23
444
1122
1711
2030
1909
1161
-110
-1648
-3342
-4625
-5343
-5619
-4788
-3331
-1529
867
2829
4331
5366
5512
5501
5351
5095
5300
5696
6172
6690
6904
6791
6252
4833
2463
-332
-3323
-5928
-7530
-8170
-7538
-5745
-3126
-210
2533
5226
7123
7889
7571
6124
4240
2089
-102
-1815
-3219
-4245
-4755
-4996
-4696
-4241
-3919
-3478
-3329
-2987
-2202
-1359
-397
715
1853
2795
3605
3966
3637
2525
712
-1240
-3140
-4887
-6099
-6479
-6183
-4911
-2842
-721
1380
2959
3769
3885
3305
2682
2219
1796
2033
2521
2831
3222
2961
2497
1577
-418
-2584
-5065
-7181
-8020
-7832
-6796
-4769
-1891
1266
4212
6390
7802
8015
6920
4947
2321
-191
-2708
-4487
-5113
-5539
-5107
-4328
-3638
-2513
-1828
-1233
-674
-494
55
557
913
1583
2094
2206
2012
1398
351
-1221
-3158
-4719
-5704
-6101
-5598
-4373
-2630
-604
1334
3031
4208
4567
4508
4361
4301
5062
6074
6916
7735
7959
8057
7598
6132
3900
687
-2656
-5710
-7977
-8886
-8474
-6640
-3963
-755
2410
5122
7203
8024
7981
6760
4684
2596
229
-1643
-3020
-4170
-4785
-5045
-4861
-4572
-4460
-4272
-3934
-3578
-2968
-1941
-679
898
2536
3958
5003
5243
4741
3398
1066
-1399
-3792
-6119
-7389
-7639
-7095
-5455
-3210
-573
1911
3473
4441
4434
3435
2419
1354
627
696
1257
2505
3686
3976
3713
2541
793
-1024
-3347
-5726
-7482
-8125
-7389
-5565
-3020
38
2810
4756
6122
6500
6226
5202
3359
1383
-834
-2229
-3046
-3907
-4039
-4106
-4093
-3673
-3238
-2581
-1879
-1190
-197
669
1388
2181
2482
2520
2408
1734
759
-818
-2464
-3810
-5195
-5905
-5999
-5377
-4145
-2406
43
2236
3974
5055
5270
4855
3886
2962
2481
2841
4061
5571
6799
7680
8319
8050
6867
4555
1289
-1889
-5066
-7264
-7932
-7304
-5221
-2615
147
2762
4845
6263
6611
5800
4143
2312
420
-1268
-2266
-2817
-3226
-3506
-3581
-3531
-3569
-3766
-3940
-4046
-3896
-3018
-1576
-90
1545
3233
4337
4820
4616
3551
1884
-521
-3250
-5303
-6697
-7171
-6420
-5132
-3088
-548
1481
3036
3675
3250
2266
804
-507
-846
-260
1246
3401
5022
6055
5996
4517
2658
-112
-3326
-6118
-8490
-9124
-8148
-6093
-2886
57
2864
5375
6238
6688
6351
4620
2756
592
-1172
-2399
-3390
-3613
-3810
-3967
-3765
-3432
-2830
-2317
-1673
-587
70
711
1665
1945
1961
1895
1412
838
-214
-1500
-2481
-3699
-4779
-5121
-5138
-4723
-3600
-1999
-321
1107
2419
3367
3405
3002
2852
3027
3967
5689
7313
8497
9245
9549
9268
8122
5724
2312
-1518
-5287
-7421
-8006
-7820
-6116
-3724
-1040
1839
4082
5807
6326
5825
4815
3112
1612
287
-901
-1706
-2414
-2958
-3376
-3829
-4252
-4650
-4996
-4917
-4420
-3302
-1786
-90
1823
3443
4738
5159
4790
3501
1577
-578
-3291
-5256
-6795
-7404
-6646
-5720
-4021
-2041
-239
1534
2685
2993
2898
2350
1338
619
37
-102
807
2595
4793
6181
5959
4375
2100
-161
-2184
-4167
-6117
-7576
-7723
-6229
-3682
-910
1469
3311
4442
4786
4925
4682
3647
2232
458
-1135
-1892
-2365
-2744
-3122
-3848
-4157
-3928
-3717
-2971
-1911
-875
-12
756
1902
2420
2501
2283
1327
521
-779
-2497
-3822
-5261
-6016
-5742
-5270
-4012
-2245
-548
1071
2302
3620
4124
3773
3383
2967
3448
4822
6727
8338
9252
9437
9005
8272
6213
3502
305
-3534
-6360
-7997
-8148
-6557
-4185
-1636
818
2913
4533
5647
5656
4818
3586
2102
1042
21
-670
-1091
-1919
-2910
-4108
-4857
-5285
-5604
-5467
-5032
-3930
-2150
-185
1673
3365
4487
4988
4568
3260
1817
-491
-2908
-4730
-6400
-6734
-6348
-5488
-3700
-2205
-369
1440
2178
2666
2381
1559
870
183
229
842
1858
3535
5204
6055
5935
4327
1748
-599
-3105
-4997
-6450
-7341
-6770
-5491
-3187
-789
1381
3300
4281
4741
4402
3697
2886
1992
896
-189
-1025
-1952
-2261
-2769
-3359
-3486
-3893
-3596
-3217
-2540
-1087
-235
811
1621
1888
2167
1985
1568
613
-721
-2159
-3721
-4944
-5527
-5611
-5262
-4171
-2637
-780
1124
2609
3639
3861
3607
3230
2827
2984
3875
5361
7034
8490
9328
9388
8546
6864
4600
1282
-2066
-4790
-6746
-6849
-5990
-4398
-1947
322
2265
3793
4581
4610
4087
3100
2045
1261
571
118
-341
-1142
-2016
-2893
-3862
-4733
-5158
-5329
-5313
-4525
-3178
-1466
540
2267
3623
4264
4212
3484
1692
-309
-2276
-4036
-4989
-5591
-5400
-4459
-3300
-1812
-533
667
1482
1625
1427
717
356
202
75
946
2104
3493
5190
5937
5702
4457
2224
-131
-2470
-4287
-5413
-6168
-5960
-4867
-3223
-1188
713
2254
3160
3417
3428
3281
2907
2252
1409
501
-632
-1663
-2275
-2906
-3529
-4002
-4294
-4004
-3336
-2389
-1112
-85
755
1516
1910
2053
1737
992
159
-1128
-2603
-3736
-4566
-4673
-4316
-3761
-2702
-1619
-483
648
1532
2360
2606
2327
2150
2301
3025
4411
6256
7884
8796
9052
8653
7848
6402
3970
1130
-1739
-3832
-4976
-5268
-4323
-3000
-1457
-119
811
1911
2462
2587
2521
2170
1893
1562
1160
974
642
-296
-1379
-2675
-4013
-4899
-5719
-5995
-5438
-4470
-2887
-1065
678
2344
3193
3487
3393
2360
1084
-320
-1883
-2976
-3830
-4253
-3974
-3549
-2769
-1825
-1122
-248
175
316
371
33
3
-45
416
1678
3172
5017
6230
6389
5644
3900
1610
-612
-2652
-4410
-5476
-5967
-5588
-4258
-2543
-763
682
1727
2417
2774
2994
2971
2754
2437
1703
838
-52
-1152
-2003
-2794
-3639
-4093
-4283
-4076
-3351
-2360
-1034
86
854
1713
1917
1692
1332
528
-212
-1404
-2641
-3543
-4598
-4833
-4659
-4227
-2962
-1751
-625
347
1106
1973
2553
2715
2510
2577
3335
4660
6558
8164
9040
9227
8601
7636
6188
4029
1560
-1137
-3361
-4613
-4953
-4135
-2898
-1568
-151
733
1462
1897
1867
1870
1634
1412
1276
1070
1060
579
-303
-1213
-2473
-3714
-4877
-5551
-5368
-4973
-4094
-2650
-1201
353
1861
2766
3094
2895
1943
645
-575
-1653
-2668
-3471
-3657
-3524
-3056
-2309
-1738
-1044
-490
-317
-267
-518
-617
-396
-15
991
2417
4055
5661
6598
6625
5596
3832
1563
-886
-2884
-4475
-5569
-5847
-5302
-4195
-2815
-1193
389
1324
1992
2460
2486
2805
2755
2378
2046
1204
185
-1106
-2057
-2868
-3830
-4115
-4268
-4034
-3319
-2437
-1182
-106
872
1543
1609
1694
1538
950
223
-753
-1920
-3130
-4051
-4472
-4714
-4313
-3295
-2339
-906
471
1388
2265
2666
2888
2988
3419
4398
5448
6928
8070
8675
8904
8167
7035
5244
2754
474
-1666
-3198
-3815
-4046
-3533
-2350
-1319
-168
747
1029
1160
951
1045
1228
1047
1225
1075
776
461
-406
-1201
-2239
-3451
-4321
-4850
-4810
-4427
-3471
-2078
-831
432
1543
2180
2474
2268
1384
399
-614
-1676
-2451
-2984
-3058
-2902
-2596
-1969
-1385
-888
-668
-752
-865
-913
-792
-493
318
1547
2813
4280
5598
6288
5884
4552
2933
776
-1200
-2760
-4156
-4703
-4945
-4550
-3504
-2538
-1111
-155
472
1315
1552
2004
2433
2409
2486
2095
1392
561
-554
-1613
-2598
-3359
-3737
-3798
-3464
-2910
-2183
-1238
-439
461
1069
1080
1282
1218
865
365
-665
-1786
-3024
-3981
-4350
-4334
-3673
-2889
-1947
-596
447
1280
1783
1848
1988
2174
2975
4332
5648
7195
8284
8711
8878
8124
6781
5100
2751
555
-1257
-2446
-2869
-3118
-2568
-1632
-962
-242
21
220
366
82
38
225
493
818
1010
987
574
-83
-798
-1671
-2510
-3216
-3767
-3837
-3552
-2923
-1953
-1140
-330
426
802
1089
984
430
-68
-795
-1439
-1634
-1841
-1864
-1715
-1531
-1009
-596
-498
-505
-803
-1145
-1471
-1732
-1421
-819
220
1830
3546
5213
5870
5564
4632
2849
1367
-41
-1498
-2317
-3214
-3621
-3587
-3429
-2479
-1869
-1377
-690
-412
342
827
1056
1595
1584
1771
1681
1050
836
28
-977
-1582
-2299
-2546
-2688
-2675
-2062
-1465
-640
-19
294
705
630
570
420
-37
-580
-1483
-2321
-2894
-3136
-3145
-2877
-2224
-1562
-875
-242
225
627
758
690
804
1015
1560
2494
3556
4904
5811
6253
6473
6158
6047
5507
4446
3654
2538
1822
1388
1042
1139
827
617
274
-391
-605
-982
-1385
-1568
-1853
-1576
-1229
-1199
-831
-928
-1020
-1106
-1612
-1557
-1845
-2082
-1914
-1881
-1393
-1178
-992
-543
-492
-428
-521
-820
-1108
-1707
-1979
-1924
-1967
-1513
-1151
-906
-197
202
510
700
295
-89
-580
-1030
-1029
-997
-697
-130
541
1468
2093
2310
2142
1535
1019
521
305
394
160
103
67
85
433
190
-144
-473
-984
-1010
-1200
-1203
-891
-827
-402
-89
159
519
405
252
31
-234
-306
-491
-627
-592
-475
-195
-51
-120
-159
-327
-454
-555
-768
-1016
-1506
-1983
-2191
-2155
-2015
-1948
-1775
-1506
-1263
-1118
-1010
-785
-715
-803
-823
-837
-560
-208
184
1025
1889
2755
3292
3504
3973
4061
4134
4327
4317
4485
4202
4104
4418
4448
4575
4233
3807
3426
2594
2128
1611
1002
513
-209
-575
-765
-951
-996
-1306
-1573
-1775
-2172
-2357
-2552
-2924
-3089
-3130
-3060
-2906
-2826
-2753
-2839
-2916
-2827
-2845
-2743
-2666
-2749
-2502
-2161
-1741
-1095
-555
-87
179
411
630
457
332
267
183
358
648
1143
1659
2060
2263
2104
1940
1754
1543
1472
1433
1328
1082
956
944
892
891
714
307
-311
-968
-1266
-1478
-1581
-1556
-1672
-1511
-1390
-1352
-1017
-1027
-1045
-1005
-1226
-1133
-1157
-1128
-823
-721
-429
-285
-231
-148
-404
-353
-446
-827
-913
-1176
-1299
-1208
-1159
-951
-871
-806
-591
-505
-395
-252
-389
-446
-429
-417
-98
185
560
1039
1527
2188
2638
2889
3159
3351
3380
3490
3718
3862
3939
3924
3923
4059
4177
3966
3577
3148
2517
1877
1441
1043
575
175
-264
-502
-608
-861
-932
-1208
-1519
-1691
-2116
-2235
-2293
-2513
-2464
-2467
-2305
-2168
-2422
-2409
-2433
-2637
-2702
-2873
-2871
-2855
-2755
-2280
-1959
-1603
-1277
-1069
-649
-516
-411
-181
-263
-289
-312
-161
297
590
1044
1581
1874
2106
2060
1784
1533
1432
1636
1928
2006
1853
1583
1355
1312
1196
818
383
-319
-1069
-1320
-1370
-1268
-1151
-1231
-1111
-1071
-995
-873
-1044
-1022
-1314
-1630
-1489
-1527
-1313
-1120
-991
-638
-623
-471
-407
-655
-634
-805
-977
-915
-953
-857
-747
-649
-556
-544
-492
-530
-522
-504
-502
-448
-453
-335
-205
80
545
942
1526
1945
2185
2499
2481
2587
2913
3089
3387
3538
3691
3911
3863
4048
4102
3861
3722
3276
2804
2330
1732
1366
893
504
243
-86
-200
-492
-820
-1035
-1422
-1635
-1888
-2190
-2258
-2467
-2536
-2500
-2627
-2540
-2607
-2640
-2471
-2456
-2318
-2357
-2377
-2244
-2181
-1906
-1714
-1450
-1140
-987
-697
-499
-329
-231
-312
-251
-178
32
405
731
1219
1573
1741
1910
1735
1576
1622
1554
1628
1632
1435
1391
1263
1275
1331
927
625
132
-503
-681
-1105
-1290
-1252
-1415
-1101
-1142
-1236
-1098
-1430
-1317
-1359
-1631
-1565
-1833
-1688
-1344
-1174
-831
-845
-822
-669
-647
-547
-568
-620
-737
-866
-781
-753
-784
-787
-792
-684
-507
-344
-172
-34
19
30
29
51
116
244
510
957
1561
2168
2626
2918
3042
3020
3002
3141
3395
3603
3667
3567
3377
3273
3343
3452
3300
2825
2180
1464
870
492
250
6
-339
-665
-803
-878
-937
-1030
-1309
-1511
-1789
-2052
-2079
-2254
-2183
-2080
-2023
-1751
-1834
-1864
-1845
-1951
-1769
-1796
-1899
-1828
-1899
-1618
-1214
-998
-610
-485
-364
-128
-176
-142
-259
-389
-187
-19
338
806
1004
1210
1341
1389
1520
1435
1355
1267
1097
1123
1106
1158
1181
980
754
424
124
-185
-563
-798
-1085
-1363
-1376
-1358
-1343
-1244
-1329
-1457
-1473
-1524
-1467
-1406
-1350
-1286
-1247
-1038
-881
-700
-555
-514
-409
-380
-305
-309
-355
-329
-425
-529
-581
-585
-563
-555
-496
-433
-492
-535
-554
-416
-41
165
293
292
200
328
624
1272
1888
2148
2217
2044
2142
2603
3084
3503
3497
3253
3071
3075
3371
3484
3357
2991
2386
2036
1828
1662
1400
866
411
-57
-401
-520
-702
-770
-919
-1108
-1184
-1396
-1579
-1773
-1923
-1932
-1998
-2057
-2089
-2082
-1964
-1878
-1872
-1865
-1917
-1897
-1836
-1784
-1669
-1644
-1511
-1300
-1038
-750
-709
-635
-551
-426
-135
-48
38
139
90
268
488
613
793
855
986
1090
1013
1101
1116
1122
1255
1114
1021
895
723
806
765
695
450
28
-84
-156
-197
-170
-345
-497
-593
-656
-535
-586
-684
-669
-721
-586
-587
-651
-532
-530
-359
-218
-270
-306
-487
-554
-540
-594
-648
-816
-926
-905
-783
-645
-670
-778
-866
-894
-899
-883
-856
-852
-837
-798
-715
-641
-566
-449
-360
-276
-200
-229
-167
154
602
1136
1647
1958
2129
2326
2708
3210
3589
3799
3845
3773
3785
3887
3944
3847
3525
3094
2695
2352
2037
1642
1175
691
250
-46
-274
-528
-805
-1088
-1317
-1462
-1616
-1774
-1899
-2052
-2149
-2275
-2372
-2485
-2618
-2548
-2552
-2476
-2361
-2355
-2200
-2035
-1809
-1588
-1456
-1334
-1183
-1003
-761
-535
-409
-215
-158
-83
57
96
314
500
710
974
1021
1098
1132
1102
1270
1326
1263
1171
947
891
865
852
865
695
540
294
118
53
-196
-398
-576
-789
-855
-921
-1005
-965
-932
-828
-713
-612
-458
-486
-428
-343
-390
-385
-519
-556
-520
-566
-480
-486
-463
-393
-382
-310
-366
-408
-375
-361
-318
-265
-258
-251
-201
-189
-69
-49
-124
-128
-227
-196
-217
-291
-202
-179
-39
206
382
733
1016
1184
1433
1488
1611
1799
1948
2232
2328
2399
2474
2462
2585
2654
2566
2358
2039
1794
1603
1359
1198
996
794
686
567
511
327
103
-109
-351
-560
-887
-1127
-1338
-1550
-1600
-1680
-1800
-1920
-1996
-2013
-1965
-1904
-1923
-1900
-1840
-1724
-1601
-1492
-1345
-1304
-1165
-1020
-928
-787
-778
-682
-535
-361
-119
63
220
335
452
606
734
856
969
956
1001
967
884
948
896
964
872
601
458
187
84
-50
-228
-345
-606
-641
-707
-759
-672
-768
-704
-674
-701
-632
-761
-757
-686
-692
-629
-667
-647
-553
-486
-340
-313
-378
-355
-347
-247
-96
-70
-39
-63
7
171
222
330
308
254
213
100
143
24
-11
105
103
182
113
17
5
31
198
310
449
549
597
772
899
1059
1225
1309
1447
1536
1582
1634
1628
1648
1742
1828
1852
1818
1751
1641
1494
1422
1393
1297
1208
1113
956
751
507
269
71
-123
-323
-500
-690
-854
-942
-1006
-1090
-1215
-1315
-1435
-1484
-1502
-1552
-1518
-1584
-1535
-1472
-1513
-1402
-1361
-1293
-1208
-1197
-1164
-1134
-1061
-959
-778
-600
-481
-393
-330
-236
-111
40
199
342
430
452
453
530
647
723
739
661
479
291
204
141
152
108
-4
-32
-112
-149
-209
-255
-313
-450
-461
-601
-723
-767
-831
-667
-592
-557
-533
-649
-633
-595
-498
-400
-376
-310
-278
-124
12
102
235
281
333
351
367
411
385
387
446
488
451
415
396
422
489
472
458
306
130
69
-17
25
85
136
215
311
387
398
529
660
818
975
957
969
970
1010
1218
1329
1386
1445
1355
1342
1366
1354
1309
1149
1063
960
841
742
576
441
307
191
96
-38
-225
-355
-428
-514
-567
-712
-860
-916
-963
-965
-1015
-1082
-1123
-1137
-1076
-1042
-1004
-952
-941
-858
-776
-791
-797
-745
-665
-564
-509
-513
-513
-505
-404
-224
-36
111
119
122
97
53
107
82
57
31
-5
-17
-98
-114
-115
-82
-44
-112
-158
-267
-357
-400
-488
-532
-646
-772
-806
-805
-757
-717
-693
-696
-707
-658
-629
-599
-534
-453
-337
-212
-82
44
130
228
272
288
354
353
384
430
443
519
521
539
568
554
571
465
391
380
339
395
338
250
194
71
85
133
199
279
271
294
264
277
390
499
629
679
716
767
823
982
1119
1153
1120
1064
1016
982
984
980
907
801
731
703
694
677
584
443
310
220
122
0
-69
-117
-153
-218
-298
-379
-462
-467
-495
-550
-610
-682
-674
-666
-659
-678
-747
-762
-794
-792
-728
-707
-685
-664
-605
-530
-523
-487
-437
-360
-242
-167
-95
-96
-115
-53
-81
-102
-124
-216
-153
-115
-129
-96
-219
-278
-265
-316
-303
-393
-516
-590
-675
-715
-752
-753
-736
-713
-701
-721
-717
-697
-631
-542
-472
-450
-411
-324
-230
-93
-5
8
-2
25
156
247
276
304
322
387
441
506
553
556
582
584
584
558
481
427
395
421
435
423
376
283
295
307
278
251
194
193
248
327
391
402
392
469
573
657
745
726
731
741
721
787
784
768
759
701
683
631
617
594
529
515
442
382
337
304
322
227
153
109
-11
-63
-88
-141
-214
-274
-274
-298
-320
-347
-430
-436
-443
-481
-482
-539
-546
-496
-466
-381
-392
-414
-375
-407
-343
-268
-276
-288
-351
-342
-351
-388
-352
-390
-417
-430
-453
-420
-415
-433
-458
-465
-470
-518
-571
-628
-658
-618
-636
-677
-677
-723
-710
-676
-649
-584
-608
-605
-546
-497
-408
-320
-232
-165
-92
-23
28
130
185
192
218
217
257
314
337
382
411
417
454
493
512
548
546
525
540
514
520
549
529
517
502
512
497
455
414
342
319
254
219
293
313
353
391
362
352
382
448
489
489
443
396
408
426
460
446
376
335
303
280
285
291
259
208
181
195
179
135
133
143
113
50
-9
-50
-35
-16
-12
-10
-69
-69
-35
-51
-40
-75
-120
-123
-119
-74
-98
-177
-204
-206
-192
-153
-149
-221
-289
-342
-392
-415
-459
-505
-555
-635
-665
-664
-686
-631
-592
-587
-548
-598
-597
-548
-534
-485
-466
-447
-452
-469
-406
-379
-376
-338
-320
-317
-294
-263
-248
-228
-204
-173
-130
-97
-69
-49
-21
50
95
77
73
78
72
99
147
176
189
187
206
243
264
293
332
344
354
412
450
474
510
501
496
478
472
493
469
447
409
362
356
323
265
270
283
261
263
225
187
181
196
252
250
214
199
197
201
204
220
200
162
153
137
144
129
93
105
88
114
139
95
124
132
111
130
115
79
60
60
65
68
40
45
49
9
-9
-58
-86
-93
-130
-141
-162
-181
-176
-180
-185
-192
-235
-268
-291
-321
-320
-362
-413
-439
-483
-461
-439
-441
-393
-406
-414
-360
-366
-359
-346
-376
-362
-358
-351
-320
-330
-317
-314
-333
-300
-300
-291
-263
-280
-250
-223
-229
-167
-117
-71
-35
-48
8
2
-7
73
59
75
105
90
145
181
223
259
270
294
275
280
324
333
337
358
367
361
377
400
403
401
383
355
331
321
320
318
312
300
296
289
285
303
300
277
270
247
220
224
219
201
172
114
69
55
50
44
27
2
-15
-18
-27
-48
-52
-30
-14
-1
7
-10
-24
-37
-37
-30
-43
-55
-79
-69
-58
-80
-82
-109
-124
-119
-119
-137
-186
-187
-181
-185
-169
-170
-167
-181
-182
-171
-183
-184
-206
-219
-213
-210
-205
-222
-221
-197
-179
-155
-147
-159
-152
-159
-149
-131
-148
-127
-127
-150
-138
-143
-139
-139
-137
-128
-144
-137
-145
-169
-145
-114
-75
-43
-69
-80
-66
-45
9
18
5
-5
-32
9
44
67
85
71
93
102
127
154
164
192
197
211
210
215
223
224
243
249
248
239
226
229
228
216
223
215
222
240
221
226
228
231
237
241
256
236
228
221
195
177
165
156
137
113
89
61
30
16
-6
-32
-50
-67
-76
-85
-83
-103
-101
-110
-130
-122
-157
-152
-153
-172
-148
-150
-164
-163
-140
-142
-150
-129
-143
-148
-154
-156
-150
-163
-157
-156
-150
-146
-161
-149
-148
-152
-137
-138
-150
-135
-113
-93
-58
-54
-45
-27
-18
-8
-7
11
7
7
30
26
33
36
29
20
23
33
17
24
2
-13
-21
-26
22
13
18
21
-6
2
-8
9
1
-23
-21
-18
-11
-5
23
36
30
27
38
71
86
85
88
83
68
80
99
94
86
82
76
71
72
89
102
91
85
91
88
95
128
159
161
148
146
146
149
158
162
152
135
124
125
128
124
121
122
113
89
64
50
38
22
5
-8
-22
-33
-38
-36
-43
-63
-92
-119
-136
-148
-162
-168
-175
-188
-206
-208
-185
-181
-174
-159
-168
-158
-148
-150
-131
-129
-137
-125
-116
-111
-97
-87
-85
-87
-68
-63
-64
-34
-20
-8
3
-1
9
19
20
39
48
29
36
42
29
16
33
48
33
45
57
51
50
47
64
65
51
51
40
29
34
31
29
23
3
-14
-29
-32
-35
-31
-31
-65
-67
-50
-46
-26
-13
-7
-7
-9
14
18
16
36
33
28
32
28
26
30
52
62
49
38
45
59
57
75
87
72
87
97
103
108
99
110
103
112
117
91
86
77
73
85
84
86
80
63
61
60
52
39
25
35
35
22
12
-6
-7
1
-4
-36
-57
-59
-61
-58
-66
-77
-91
-85
-82
-99
-95
-92
-89
-80
-93
-93
-87
-87
-74
-79
-90
-91
-90
-79
-76
-86
-89
-85
-76
-69
-70
-67
-48
-40
-48
-50
-45
-39
-24
-7
-8
-15
-4
10
15
19
16
13
20
21
23
23
22
44
38
25
41
50
53
52
39
35
36
29
22
19
2
-17
-8
15
14
-2
2
-3
-5
4
2
-2
-12
-18
-19
-16
-4
-2
1
6
2
3
12
12
4
11
14
13
23
32
42
52
62
75
73
73
79
74
77
86
84
84
75
54
54
62
64
74
67
55
61
62
62
76
75
57
46
40
41
45
33
31
21
-3
-11
-10
-8
-18
-22
-16
-37
-48
-45
0
0
0
0
0
0
0
0
0
0
0
0
0
0
0
0
0
0
0
0
0
0
0
0
0
0
0
0
0
0
0
0
0
0
0
0
0
0
0
0
0
0
0
0
0
0
0
0
0
0
0
0
0
0
0
0
0
0
0
0
0
0
0
0
0
0
0
0
0
0
0
0
0
0
0
0
0
0
0
0
0
0
0
0
0
0
0
0
0
0
0
0
0
0
0
0
0
0
0
0
0
0
0
0
0
0
0
0
0
0
0
0
0
0
0
0
0
0
0
0
0
0
0
0
0
0
0
0
0
0
0
0
0
0
0
0
0
0
0
0
0
0
0
0
0
0
0
0
0
0
0
0
0
0
0
0
0
0
0
0
0
0
0
0
0
0
0
0
0
0
0
0
0
0
0
0
0
0
0
0
0
0
0
0
0
0
0
0
0
0
0
0
0
0
0
0
0
0
0
0
0
0
0
0
0
0
0
0
0
0
0
0
0
0
0
0
0
0
0
0
0
0
0
0
0
0
0
0
0
0
0
0
0
0
0
0
0
0
0
0
0
0
0
0
0
0
0
0
0
0
0
0
0
0
0
0
0
0
0
0
0
0
0
0
0
0
0
0
0
0
0
0
0
0
0
0
0
0
0
0
0
0
0
0
0
0
0
0
0
0
0
0
0
0
0
0
0
0
0
0
0
0
0
0
0
0
0
0
0
0
0
0
0
0
0
0
0
0
0
0
0
0
0
0
0
0
0
0
0
0
0
0
0
0
0
0
0
0
0
0
0
0
0
0
0
0
0
0
0
0
0
0
0
0
0
0
0
0
0
0
0
0
0
0
0
0
0
0
0
0
0
0
0
0
0
0
0
0
0
0
0
0
0
0
0
0
0
0
0
0
0
0
0
0
0
0
0
0
0
0
