0
0
0
0
0
0
0
0
0
0
0
0
0
0
0
0
0
0
0
0
0
0
0
0
0
0
0
0
0
0
0
0
0
0
0
0
0
0
0
0
0
0
0
0
0
0
0
0
0
0
0
0
0
0
0
0
0
0
0
0
0
0
0
0
0
0
0
0
0
0
0
0
0
0
0
0
0
0
0
0
0
0
0
0
0
0
0
0
0
0
0
0
0
0
0
0
0
0
0
0
0
0
0
0
0
0
0
0
0
0
0
0
0
0
0
0
0
0
0
0
0
0
0
0
0
0
0
0
0
0
0
0
0
0
0
0
0
0
0
0
0
0
0
0
0
0
0
0
0
0
0
0
0
0
0
0
0
0
0
0
0
0
0
0
0
0
0
0
0
0
0
0
0
0
0
0
0
0
0
0
0
0
0
0
0
0
0
0
0
0
0
0
0
0
0
0
0
0
0
0
0
0
0
0
0
0
0
0
0
0
0
0
0
0
0
0
0
0
0
0
0
0
0
0
0
0
0
0
0
0
0
0
0
0
0
0
0
0
0
0
0
0
0
0
0
0
0
0
0
0
0
0
0
0
0
0
0
0
0
0
0
0
0
0
0
0
0
0
0
0
0
0
0
0
0
0
0
0
0
0
0
0
0
0
0
0
0
0
0
0
0
0
0
0
0
0
0
0
0
0
0
0
0
0
0
0
0
0
0
0
0
0
0
0
0
0
0
0
0
0
0
0
0
0
0
0
0
0
0
0
0
0
0
0
0
0
0
0
0
0
0
0
0
0
0
0
0
0
0
0
0
0
0
0
0
0
0
0
0
0
0
0
0
0
0
0
0
0
0
0
0
0
0
0
0
0
0
0
0
0
0
0
0
0
0
0
0
0
0
0
0
0
0
0
0
0
-81
-110
-117
-128
-139
-122
-110
-122
-130
-124
-100
-50
-16
-5
24
65
125
190
233
263
285
309
361
399
371
362
357
315
298
259
212
172
123
91
47
-6
-63
-137
-170
-154
-121
-116
-165
-189
-191
-173
-104
-69
-70
-59
-28
37
74
59
39
38
30
28
34
-12
-92
-150
-206
-290
-365
-406
-432
-471
-500
-518
-566
-593
-568
-516
-436
-344
-236
-171
-140
-73
14
161
357
595
801
848
821
725
679
863
1123
1258
1140
798
491
434
540
519
332
80
-144
-246
-349
-531
-668
-763
-851
-844
-731
-629
-667
-856
-931
-692
-349
-105
-36
-118
-125
21
232
417
496
448
342
347
477
583
516
293
118
125
228
244
105
-103
-265
-318
-274
-207
-210
-304
-419
-464
-413
-311
-206
-127
-68
8
85
116
68
30
139
380
542
450
177
-6
37
196
280
157
-34
-112
-116
-72
-97
-235
-334
-341
-245
-88
-4
-92
-260
-312
-187
49
178
111
-4
-35
73
210
250
215
124
60
105
224
304
202
-23
-130
-41
116
122
-37
-166
-191
-122
-60
-70
-80
-144
-224
-214
-184
-122
-64
-82
-93
-46
-6
-62
-122
-76
38
175
209
103
-29
-81
2
144
243
227
131
53
32
89
142
141
127
132
195
230
192
117
50
85
194
281
275
119
-75
-109
-13
59
59
-5
-98
-146
-143
-124
-115
-162
-215
-190
-110
-31
-61
-179
-243
-142
52
126
62
-59
-136
-71
45
92
70
7
-70
-52
43
63
2
-83
-136
-126
-50
21
-30
-133
-204
-201
-82
0
-36
-110
-156
-137
-49
29
8
-64
-152
-172
-65
0
-91
-217
-298
-296
-179
-87
-137
-225
-241
-195
-152
-133
-94
-31
13
65
159
271
351
392
468
635
825
925
890
796
788
854
884
836
697
547
462
392
325
252
117
-3
-59
-131
-184
-222
-338
-417
-378
-347
-338
-339
-381
-402
-383
-305
-208
-231
-305
-339
-364
-374
-357
-394
-494
-625
-776
-836
-888
-991
-1068
-1109
-1063
-1039
-1065
-1122
-1205
-1114
-888
-709
-555
-410
-310
-262
-214
-15
400
894
1343
1665
1793
1739
1654
1759
2143
2633
2882
2620
1955
1357
1190
1343
1399
1108
561
22
-356
-634
-937
-1245
-1436
-1498
-1506
-1482
-1478
-1579
-1743
-1725
-1332
-716
-241
-112
-227
-273
-16
444
882
1152
1147
929
797
926
1124
1070
707
332
231
296
221
-84
-465
-715
-747
-682
-667
-743
-910
-1105
-1228
-1173
-901
-622
-564
-605
-533
-340
-134
-40
16
244
526
542
301
85
110
341
536
507
347
248
235
210
187
207
192
135
65
-36
-84
-61
-80
-90
20
177
228
134
15
22
214
494
617
544
518
571
567
598
741
791
624
398
277
272
287
161
-150
-417
-470
-486
-610
-755
-883
-1066
-1282
-1400
-1363
-1289
-1297
-1343
-1372
-1401
-1445
-1467
-1382
-1124
-772
-512
-491
-679
-851
-761
-316
402
1162
1723
1975
1908
1662
1567
1995
3052
4160
4365
3417
2118
1509
1814
2260
2190
1658
899
83
-678
-1270
-1529
-1556
-1696
-1995
-2106
-1941
-2014
-2582
-3011
-2703
-1815
-925
-535
-646
-851
-856
-538
130
902
1282
1037
601
564
890
1086
904
574
461
597
615
288
-156
-422
-497
-465
-379
-304
-330
-566
-971
-1149
-705
72
497
383
156
260
642
889
897
1031
1473
1781
1490
870
509
516
646
668
416
-15
-432
-909
-1354
-1368
-1055
-1037
-1499
-1950
-1974
-1761
-1668
-1699
-1675
-1497
-1291
-1262
-1301
-1221
-1031
-739
-393
-132
-28
-114
-266
-119
444
944
836
308
38
332
1025
1750
2179
2299
2177
1758
1432
1925
3096
3903
3625
2419
1168
923
1679
2223
1812
910
61
-617
-1066
-1281
-1320
-1223
-1286
-1789
-2328
-2344
-2089
-2122
-2280
-1989
-1261
-699
-681
-942
-966
-564
78
737
1233
1298
871
457
588
1089
1383
1218
737
269
105
145
43
-199
-349
-466
-732
-1023
-1105
-1001
-890
-879
-872
-603
-80
189
-17
-45
589
1320
1519
1334
1143
1191
1545
1790
1592
1396
1409
1009
210
-126
46
-52
-618
-1234
-1603
-1658
-1643
-1917
-2319
-2365
-2093
-1950
-2006
-1988
-1854
-1770
-1716
-1513
-1186
-999
-1045
-1066
-781
-320
-87
-191
-308
-117
344
714
674
344
146
231
515
1144
2060
2679
2656
2222
1801
1790
2419
3523
4295
3882
2465
1172
1072
2049
2726
2271
1131
-24
-671
-784
-888
-1106
-1214
-1398
-1922
-2381
-2207
-1862
-2053
-2380
-2223
-1580
-871
-718
-1090
-1146
-537
237
744
1047
1101
697
309
642
1389
1691
1267
441
-176
-139
244
386
149
-319
-856
-1238
-1236
-913
-626
-575
-736
-879
-513
235
491
289
560
1248
1517
1303
1036
975
1404
2031
1775
641
-61
-40
-1
3
-118
-812
-1605
-1891
-2058
-2197
-1897
-1675
-2127
-2589
-2394
-2001
-1885
-1783
-1571
-1425
-1133
-705
-676
-837
-593
-242
-136
-36
113
94
-17
203
833
1325
1160
348
-319
47
1051
1791
2290
2639
2544
2091
1694
1817
2820
4270
4916
4009
2197
1020
1359
2535
3150
2538
1188
-180
-1139
-1618
-1639
-1322
-1267
-1845
-2900
-3464
-3030
-2669
-2874
-3019
-2597
-1724
-929
-837
-1506
-1657
-589
686
1477
1860
1477
393
-82
676
1736
2167
1794
769
-221
-201
364
347
-113
-337
-416
-861
-1204
-1215
-1302
-1190
-1021
-1025
-539
500
791
31
-243
574
1538
2000
1903
1440
1466
2062
1871
761
349
750
672
393
59
-968
-1798
-1534
-1170
-1607
-1732
-1368
-1968
-2837
-2553
-1795
-1598
-1751
-1918
-2103
-1772
-1217
-1302
-1568
-1317
-750
-563
-696
-685
-663
-527
-111
433
865
629
-237
-637
34
1114
1780
2008
2259
2585
2752
2622
2277
2692
4168
5383
5192
3477
1619
1459
3004
4143
3469
1812
6
-1306
-1529
-1215
-1001
-924
-1473
-3077
-4228
-3471
-2264
-2229
-2589
-2578
-2420
-1932
-1327
-1376
-1573
-734
613
1227
1490
1646
907
181
943
2229
2678
2367
1256
-322
-686
487
1137
528
12
-307
-1070
-1575
-1531
-1517
-1244
-745
-911
-1082
-216
262
-635
-840
649
1870
1933
1529
568
-38
1265
2537
1420
142
492
420
-341
-161
-186
-1167
-1223
-790
-1633
-2151
-1382
-1733
-3051
-2669
-1551
-1725
-1990
-1878
-2493
-2593
-1286
-680
-1217
-1190
-1063
-1553
-1307
-384
-289
-491
-119
41
53
604
652
-92
199
1559
2133
2009
2352
2960
3407
3622
3359
3275
4338
5620
5521
4126
2556
1949
2878
4111
3791
2005
32
-1364
-1668
-1103
-976
-1568
-2141
-3148
-4523
-4371
-2930
-2580
-3054
-2831
-2545
-2441
-1674
-1244
-1752
-1049
1112
1969
1491
1668
1479
298
743
2642
2972
2092
1229
-385
-1266
138
979
-218
-785
-540
-1514
-2445
-1942
-1737
-2010
-1329
-1095
-2063
-1619
-65
-383
-952
930
2731
2527
2352
2228
1305
1927
4086
4021
2031
1283
881
-325
5
1231
-71
-2209
-2225
-2374
-3582
-3120
-2116
-3086
-3615
-2381
-2376
-3301
-2491
-1705
-2213
-1444
-167
-1062
-2086
-1369
-883
-717
527
977
-362
-850
-353
-459
399
1818
805
-848
-375
178
-156
846
2685
3157
3188
3492
2504
1805
3972
6435
6719
6057
4344
1822
2030
4870
5341
2780
753
-543
-1928
-1924
-1273
-1818
-2433
-2909
-4515
-5239
-3503
-2686
-4107
-4266
-2871
-2212
-1562
-1082
-1956
-1475
1270
2653
2146
2292
2275
796
1039
3576
4437
3019
1380
-560
-1530
632
1736
-285
-1487
-1847
-2909
-3173
-1720
-1409
-2602
-2237
-2003
-2781
-1581
-59
-799
-597
1581
2126
1330
1615
2258
3263
5602
6109
2600
67
1511
3039
3090
2723
-36
-3641
-3292
-1663
-2498
-3356
-3030
-4010
-5855
-4821
-3164
-3836
-3476
-2049
-2020
-2033
-922
-762
-1716
-782
885
1071
857
760
-178
-1101
488
1896
1463
1340
356
-1048
-656
1124
1062
-709
-1000
-563
334
2028
2928
2743
2774
2849
2817
3696
5620
7395
6439
3853
2749
3444
4510
4277
3017
1313
168
-230
-1261
-2697
-3519
-2920
-2673
-4425
-5315
-4852
-5256
-5234
-3493
-2096
-2929
-3491
-2580
-2134
-174
2344
2193
1667
2459
2500
1295
2525
5096
4677
2626
1454
910
172
597
1232
-148
-1096
-1018
-2316
-3340
-2448
-2519
-3274
-2160
-1580
-2969
-3075
-1293
-215
432
1659
1622
497
1701
3389
3067
3853
4542
2546
1088
2144
2419
840
749
447
-2216
-3350
-2437
-3092
-4413
-3607
-3571
-5144
-4107
-2501
-3381
-3469
-1240
-169
-1160
-847
-314
-1043
-230
1334
1699
1316
938
618
56
534
1303
947
799
529
-508
-815
111
47
-1460
-1418
-370
24
483
1301
2051
1943
2245
3034
3727
4989
6346
6889
5332
3578
3214
3836
4776
4043
2070
526
-215
-1572
-2847
-2879
-2773
-3036
-4868
-6257
-5042
-4071
-4642
-4575
-3740
-3642
-3101
-1684
-963
-752
311
1722
2286
2971
3505
2318
1843
4070
5600
4418
2649
1127
-193
207
1784
1397
-672
-1524
-2220
-3395
-2662
-1518
-2646
-3653
-2880
-3033
-2908
-1010
-151
-510
-194
1186
1452
1944
3631
2668
1898
3591
3612
1519
744
1315
225
146
1268
-1192
-3944
-3302
-2454
-3548
-3342
-2117
-4359
-5590
-3340
-2325
-1807
-738
-900
-2422
-1728
1134
694
-590
616
1267
831
1063
1468
257
-21
1078
484
625
1339
204
-1212
-813
808
-73
-1354
-304
-19
-355
772
2692
2984
2219
2131
2413
4203
6906
7520
5401
2783
1955
3240
4782
4350
2446
434
-1077
-1550
-1638
-2085
-2598
-3046
-4308
-5391
-4577
-3813
-4482
-4789
-3341
-2394
-2843
-1781
-836
-1364
-342
1718
2451
2821
3260
1576
58
2729
5700
4533
2214
964
-61
116
1148
813
-509
-890
-1229
-2818
-3118
-1867
-2719
-3893
-2261
-1294
-2263
-2019
-711
-476
-147
1776
2375
1704
2327
2035
1666
3782
4735
1860
-532
526
1005
652
1381
-332
-3638
-3970
-2152
-2185
-3018
-2409
-3978
-5875
-3618
-1414
-1921
-2046
-1193
-1725
-1690
536
502
-1105
46
1948
1519
763
1413
575
-484
1003
1812
1117
530
36
-909
-1057
668
425
-1327
-649
231
-384
361
2757
3051
1842
1668
1869
3461
6233
7354
5290
2497
2649
4075
4805
4536
2743
243
-1017
-382
-446
-1360
-2195
-3166
-4208
-4833
-3845
-3020
-3705
-4679
-4138
-2811
-2707
-2332
-1526
-1015
-170
1004
1579
1452
2134
1760
412
2062
4647
4388
2110
541
159
128
1213
1903
303
-1423
-1858
-2667
-2668
-1438
-2002
-3162
-2632
-1844
-2663
-2773
-970
-151
-7
1063
1882
963
1006
2503
2597
3494
4794
2559
-901
-511
1885
1975
1347
268
-2710
-4148
-2309
-1026
-2044
-2475
-2824
-5122
-4976
-1849
-1303
-2287
-1631
-1138
-1895
-1301
450
-124
-663
1037
1549
1037
840
19
-735
396
2648
2305
394
-303
-988
-918
902
1774
186
-1304
-1319
-976
170
2309
3324
2282
1297
1238
1674
3741
6302
6625
5071
3116
1757
2564
4763
4836
2545
844
221
-723
-1650
-1868
-1895
-1682
-2174
-3848
-4477
-3757
-3759
-4177
-2942
-2011
-2720
-2486
-1858
-1627
-556
1226
1891
1155
1506
1524
180
1424
3995
3807
1952
636
77
-43
921
1380
-31
-530
-873
-2619
-3120
-1738
-1445
-2406
-1683
-1633
-3238
-2534
-440
-48
38
1585
1609
383
1334
2093
1819
3674
5046
1667
-1803
-319
2002
1832
1297
-87
-3393
-4011
-1084
-748
-2468
-2159
-2711
-5414
-4662
-1302
-1710
-3033
-1873
-1313
-1874
-950
265
-935
-833
1423
1720
1022
1010
384
-665
659
2833
2295
1020
-222
-1758
-953
1536
1902
-426
-1746
-1102
-848
131
2309
2929
1844
815
528
1633
4148
6282
6010
4001
2645
2397
3327
4926
4487
2096
880
683
-128
-922
-1353
-1520
-1515
-1889
-3216
-4043
-3519
-3808
-4019
-2772
-1990
-2806
-3066
-2097
-2068
-768
1516
1377
681
584
-39
-233
2260
4859
3356
1092
747
-71
-184
1697
2217
349
-870
-1154
-2257
-2330
-1291
-1604
-1997
-1168
-1470
-3539
-2506
533
45
-665
933
1295
242
1352
2750
1501
1756
3287
1760
-72
1005
1546
-82
38
978
-1272
-2610
-690
-884
-2450
-2331
-2597
-3969
-3722
-1549
-1862
-3180
-2101
-1716
-1978
-765
249
-465
-729
534
535
195
866
689
408
974
1257
642
454
403
-670
55
1925
1359
-724
-1981
-1341
-281
1001
2334
1663
620
899
1338
1310
3054
5762
6134
5366
3766
1528
1532
4560
6205
3965
1837
386
-1299
-1102
411
568
-605
-1573
-3536
-4978
-3229
-1889
-3037
-3787
-2965
-2929
-3277
-1981
-1530
-1673
-310
707
329
35
543
-96
-53
2934
4191
2078
14
-372
69
1359
3151
1952
-884
-1762
-1775
-1707
-635
571
-571
-2629
-3212
-2998
-1678
521
784
-1165
-1409
232
454
669
2593
2706
751
1002
2036
774
176
1727
1801
324
132
-445
-2415
-1938
386
-370
-2433
-2636
-3040
-4104
-2978
-545
-1210
-2903
-2321
-2015
-2106
-771
367
-375
-868
27
180
-211
352
1156
1019
609
494
211
216
143
174
1237
1780
374
-1752
-1938
-525
558
1556
1579
735
674
836
679
1692
4598
6182
5368
4241
2421
1258
3113
5819
5069
2302
1371
193
-1020
174
1415
460
-1274
-2187
-3553
-3886
-2221
-2640
-4000
-3233
-2661
-3698
-3572
-1845
-1805
-1508
606
639
-614
-144
316
-470
1148
4480
3359
37
-434
82
948
3016
3349
324
-1815
-870
-932
-937
1193
339
-2959
-3335
-2116
-2449
-1705
904
485
-1786
-1284
-164
-434
1214
3718
2328
-36
220
-72
-572
2073
3818
1323
-975
-1113
-1545
-1462
969
1602
-1542
-3114
-2695
-3291
-3042
-800
-203
-2324
-2555
-1835
-2696
-1761
151
244
-161
162
-375
-1419
-206
1150
1031
1170
748
-827
-1307
-25
635
1028
1968
896
-1515
-1866
-360
148
140
1477
1535
429
893
1108
928
2243
4269
5034
5182
5392
2654
-35
2798
6867
5949
2690
1136
-940
-1871
792
2240
234
-1612
-2550
-4666
-4231
-771
-1149
-4236
-4316
-3233
-3599
-2813
-1510
-2362
-2313
116
524
-1079
-425
509
-508
826
4091
3275
-15
-644
330
1591
3465
3091
-183
-1885
-980
-417
357
1710
231
-2923
-3207
-1700
-873
274
764
-952
-2041
-898
-156
-314
1434
3161
1539
-29
600
434
-467
1506
3547
1403
-777
-1305
-2471
-1814
1622
2183
-1496
-3220
-2811
-3916
-3031
654
490
-2813
-3507
-2653
-2540
-1235
940
101
-1406
-305
-159
-1228
-345
1161
794
343
635
-300
-724
47
359
898
1496
857
-1236
-1954
-123
1193
1381
1416
1323
1053
1066
1030
1068
2990
4876
5137
4800
3309
1750
1940
4517
6239
4115
1660
303
-609
-316
702
1086
-82
-2047
-4056
-4322
-2027
-868
-2975
-4733
-4189
-3895
-3407
-1841
-2021
-3239
-1830
-71
-615
-861
-423
-753
-143
2704
3569
867
-236
520
940
2422
3716
1862
-1097
-1076
310
1020
1805
1066
-1373
-2595
-1411
-686
-366
1260
476
-1941
-1971
-731
-285
606
2590
1976
-436
-419
218
-471
687
2758
1402
-827
-957
-1489
-2317
-45
2440
381
-2644
-2642
-2619
-3186
-789
951
-1244
-2885
-2486
-2437
-2181
-31
811
-1058
-1302
-448
-1277
-1346
310
864
418
273
-593
-1370
-247
1011
728
777
1142
-265
-1456
-285
843
1027
1787
1941
1119
1366
1785
1185
1927
4197
5120
4655
3988
2379
1059
2986
5979
5105
1815
371
-18
-411
738
1690
193
-1869
-3272
-3951
-2524
-548
-1920
-4970
-5242
-3735
-2952
-1962
-1496
-3055
-3334
-1346
-228
-420
-498
-421
-793
565
2857
2245
252
-183
700
1833
3295
2871
-208
-1349
198
1552
1600
988
-48
-1580
-1165
192
305
866
623
-1218
-1728
-183
461
-495
286
1178
110
147
542
-621
-765
1349
1791
-62
-255
-826
-2716
-1382
1804
1381
-1772
-2434
-2183
-2960
-809
1420
-813
-3122
-2180
-1718
-2453
-458
966
-1193
-1832
-433
-461
-974
180
601
-1023
-691
219
-918
-862
616
639
-39
815
621
-1214
-758
1088
1493
1059
1448
1618
1026
1561
2438
2778
3854
4881
4115
2753
2565
3205
3898
4133
3494
2052
745
565
1022
944
440
-177
-1562
-3085
-2854
-1396
-1433
-3002
-3731
-3824
-4282
-3459
-1487
-1447
-3101
-3395
-2232
-1167
-261
-152
-1327
-1282
830
1629
488
301
916
741
1080
2446
2321
528
-167
453
1220
2132
1701
-489
-1032
562
734
-177
627
1250
-526
-1503
15
645
-135
153
450
-201
143
380
-1325
-1522
1052
1391
-928
-1182
-497
-1786
-1603
1084
1162
-1334
-1995
-1726
-2070
-776
824
-520
-2051
-1116
-802
-1667
-593
672
-641
-1520
-473
-560
-1388
-631
-35
-558
-274
-38
-1062
-949
550
725
290
700
-60
-1606
-674
1365
1499
1206
1509
1012
891
2331
3009
2441
3062
4256
3907
3120
2906
2560
3021
4422
4160
2094
907
920
844
1044
1470
459
-1671
-2759
-2540
-1713
-853
-1444
-3439
-4556
-4003
-2868
-1896
-1637
-2543
-3509
-2950
-1557
-896
-855
-1037
-1334
-784
621
1094
215
-331
197
1068
1788
1904
1012
84
331
1326
2049
1924
765
-362
-79
874
1064
834
767
338
-280
-112
352
42
-264
251
564
79
-664
-1350
-1221
193
1034
-255
-1822
-1753
-1161
-875
58
648
-958
-2793
-2168
-498
164
107
-560
-1655
-1685
-610
-142
-431
-557
-836
-1362
-1073
-248
-287
-927
-922
-209
309
-83
-962
-1060
-262
339
575
632
-195
-1319
-865
747
1576
1439
878
271
862
2554
2960
1910
1962
3130
3555
3695
3739
2374
1292
2807
4446
3644
2078
1013
6
290
2062
2125
-248
-1984
-2271
-2038
-779
247
-1428
-4009
-4162
-2746
-1791
-1207
-1501
-3075
-3626
-2153
-1059
-1174
-1216
-1451
-1827
-782
755
355
-1065
-1080
138
1201
1573
936
-228
-426
434
1352
2167
2118
533
-564
323
1404
1406
1297
1209
496
126
673
720
245
503
745
230
-105
-325
-1038
-1125
40
566
-444
-1294
-1554
-1920
-1235
456
477
-1301
-2178
-1760
-1304
-466
525
-82
-1588
-1657
-802
-510
-269
-18
-660
-1376
-1017
-483
-544
-565
-474
-591
-581
-627
-1038
-1004
-316
68
64
-19
-584
-1046
-242
975
1137
761
790
1070
1515
2073
2152
1989
2485
3223
3417
3371
2997
2047
2008
3540
4219
2721
1176
936
1053
1298
1794
1293
-397
-1472
-1304
-696
-65
-264
-1895
-3271
-2827
-1687
-1244
-1383
-1961
-2744
-2709
-1778
-1137
-1176
-1484
-1753
-1457
-592
-184
-670
-1138
-738
248
815
506
-58
-244
-70
487
1381
1740
925
53
300
840
908
1146
1345
863
492
739
769
407
446
774
729
591
282
-708
-1193
-213
724
386
-557
-1356
-1773
-1285
-2
428
-614
-1602
-1802
-1489
-548
248
-213
-1230
-1479
-999
-474
-154
-240
-853
-1219
-787
-444
-651
-625
-499
-862
-978
-581
-615
-868
-547
-283
-544
-528
-279
-552
-588
299
673
-98
-241
773
1495
1586
1514
1165
1021
1840
3085
3719
3164
1529
477
1888
4347
4516
2399
733
493
1067
2112
2755
1830
-161
-1407
-1101
103
997
320
-1579
-2513
-1775
-860
-671
-1057
-1871
-2546
-2207
-1240
-950
-1379
-1686
-1756
-1541
-932
-552
-860
-1324
-1141
-249
394
47
-602
-543
83
681
973
706
119
36
442
636
796
1080
693
-69
272
1151
989
505
680
557
-51
275
978
577
-55
-71
-256
-181
532
169
-951
-1117
-379
-53
-439
-495
-1043
-1544
-719
-41
-303
-844
-970
-1113
-997
-147
34
-726
-1253
-1022
-553
-384
-516
-694
-762
-997
-1263
-916
-162
-155
-914
-1185
-705
-303
-278
-289
-238
-284
-446
-261
544
1175
1005
643
754
1153
1480
1918
2697
3116
2361
1170
1168
2603
3799
3344
1928
1004
954
1511
2275
2399
1402
34
-655
-335
657
1189
204
-1448
-1932
-1109
-348
-378
-971
-1634
-1857
-1619
-1294
-1043
-923
-1308
-1970
-1898
-995
-521
-1017
-1288
-854
-402
-529
-908
-695
12
524
-6
-604
-160
384
387
305
949
1033
-18
-231
626
1144
905
835
821
517
455
382
365
1083
1620
564
-626
-192
646
704
495
105
-676
-934
-183
398
35
-591
-1165
-1253
-392
120
-508
-1294
-1185
-672
-740
-739
-694
-1139
-1381
-1042
-444
-619
-1213
-1231
-1077
-809
-598
-494
-712
-1311
-1404
-777
58
184
-306
-694
-791
-306
514
923
589
212
540
1085
1220
1229
1343
1531
2003
2342
1930
1372
1620
2363
2858
2733
1827
843
927
1998
2485
1749
576
-200
-8
613
827
521
-158
-911
-1361
-817
131
-141
-1173
-1599
-1455
-1263
-984
-672
-905
-1409
-1600
-1560
-1151
-529
-551
-1343
-1569
-996
-816
-669
-202
-304
-940
-994
-351
-28
105
298
53
-316
-120
483
645
567
577
278
296
794
943
773
761
826
642
675
1012
972
708
528
452
472
617
654
115
-228
39
191
150
-68
-495
-764
-546
-347
-637
-817
-773
-854
-1076
-1172
-985
-816
-753
-1003
-1417
-1257
-789
-665
-815
-911
-1025
-1088
-746
-379
-304
-411
-687
-772
-285
342
196
-450
-339
363
499
266
393
623
729
804
752
812
1216
1520
1484
1330
1092
963
1425
2156
2029
1034
520
992
1603
1743
1287
470
198
672
1045
894
507
110
-194
-42
293
271
-42
-347
-462
-448
-202
-123
-577
-807
-619
-568
-651
-722
-867
-989
-921
-793
-863
-1019
-1044
-1080
-997
-612
-523
-995
-1327
-1087
-537
-106
-242
-808
-953
-386
219
296
65
-138
-211
160
786
973
759
562
371
473
1164
1575
1159
563
351
616
1020
1292
1032
148
-203
208
494
416
191
-45
-460
-700
-600
-431
-214
-364
-988
-1372
-972
-407
-466
-818
-920
-936
-946
-666
-480
-530
-489
-489
-524
-465
-325
-405
-515
-48
200
-272
-520
-200
-36
-183
-63
-73
-315
-185
-26
-111
-67
139
32
-110
184
343
207
328
652
740
701
726
707
808
1051
1137
1175
1358
1270
876
907
1282
1408
1277
1017
718
693
1015
1072
756
501
324
346
512
560
283
-160
-132
131
111
-110
-410
-578
-552
-399
-420
-779
-1003
-973
-908
-912
-1026
-1204
-1344
-1292
-1033
-890
-1143
-1407
-1317
-1002
-700
-733
-889
-710
-486
-402
-167
81
78
25
145
386
608
750
728
555
645
974
1080
931
844
933
833
688
817
886
688
349
212
306
285
156
17
-58
-127
-273
-433
-479
-353
-372
-466
-558
-739
-695
-610
-616
-549
-510
-682
-929
-699
-383
-487
-598
-652
-664
-512
-430
-556
-602
-385
-292
-385
-280
-194
-411
-438
-26
197
31
-88
-89
30
356
554
377
240
380
491
630
941
980
696
668
928
1117
1214
1190
997
870
998
1195
1210
1043
834
730
826
961
861
576
358
313
427
484
205
-191
-266
-102
-40
-157
-393
-646
-701
-516
-386
-498
-722
-940
-999
-754
-534
-727
-1026
-971
-694
-513
-484
-583
-683
-540
-196
-4
-110
-267
-248
-78
169
359
245
-35
-62
154
358
465
397
204
108
157
244
306
291
176
76
129
218
161
71
93
110
14
-66
-8
12
-105
-191
-234
-296
-275
-227
-299
-401
-441
-474
-455
-337
-343
-555
-647
-534
-446
-387
-349
-439
-505
-449
-411
-323
-174
-197
-272
-168
-62
-72
-20
125
176
119
105
112
156
364
518
349
172
281
459
574
667
622
410
355
583
800
879
777
486
332
595
945
859
564
439
393
452
575
512
261
58
94
190
139
-1
-209
-307
-174
-45
-117
-338
-459
-434
-320
-182
-258
-478
-527
-396
-287
-226
-189
-277
-348
-214
-4
49
-89
-208
-105
134
237
124
-54
-136
-39
165
262
142
-29
-94
-63
67
216
161
-58
-85
41
37
-6
22
37
-44
-72
-6
-48
-127
-154
-141
-108
-99
-204
-396
-362
-217
-244
-333
-385
-414
-469
-412
-297
-371
-462
-477
-460
-387
-297
-284
-388
-404
-279
-151
-84
-128
-221
-168
44
134
69
56
100
129
191
282
278
218
207
225
314
439
384
214
196
324
406
385
371
372
296
323
459
448
372
351
364
367
383
403
290
184
238
330
330
237
83
-32
27
160
174
44
-112
-178
-131
2
47
-71
-155
-131
-86
-25
27
14
-31
-71
-56
12
47
14
-18
6
21
21
73
74
-25
-53
22
-23
-133
-107
-95
-193
-240
-174
-201
-308
-256
-177
-215
-275
-268
-255
-282
-204
-119
-214
-312
-270
-195
-140
-123
-191
-268
-253
-181
-153
-165
-200
-307
-339
-206
-110
-150
-252
-321
-280
-98
31
-53
-159
-160
-79
44
181
225
97
4
119
321
406
365
318
293
311
360
396
413
377
315
303
335
350
328
303
262
224
243
232
205
222
214
158
84
74
123
131
91
28
-49
-81
-32
30
11
-96
-188
-210
-178
-105
-65
-133
-245
-263
-212
-182
-162
-156
-170
-218
-210
-121
-120
-140
-83
-69
-79
-34
-6
-32
-36
16
64
33
-27
-34
-23
9
50
38
-30
-79
-64
-42
-36
-28
-33
-77
-112
-61
-31
-48
-33
-30
-40
-32
-15
-9
2
41
41
-20
-13
31
10
36
89
9
-81
-24
39
21
12
11
-37
-68
-17
49
60
28
-15
-8
63
88
51
54
80
107
138
122
76
73
149
208
176
149
101
57
139
217
174
105
64
28
31
94
100
27
-13
-11
-36
-32
22
13
-62
-94
-69
-57
-61
-44
-56
-103
-106
-99
-106
-92
-110
-146
-143
-146
-153
-127
-102
-133
-169
-145
-120
-149
-121
-26
-63
-128
-59
-25
-57
-18
30
-16
-25
47
64
42
64
71
17
27
86
62
10
43
63
-13
-22
22
-15
-33
18
37
-10
-38
-15
-15
-16
27
25
-30
-15
28
14
29
88
81
31
63
94
58
103
160
82
-21
2
41
29
74
79
-26
-84
2
100
104
69
-3
-53
-28
46
84
39
-7
-32
-24
21
68
82
45
31
47
50
53
40
23
33
43
49
2
-51
-37
-24
11
50
-5
-116
-131
-45
-6
-22
-56
-108
-145
-104
-23
-26
-55
-69
-106
-80
-1
-5
-56
-50
-19
-25
-26
8
-19
-63
-17
15
-21
-47
-22
15
11
-10
-12
-16
19
96
109
40
-9
31
67
91
160
118
5
0
76
118
100
72
13
-35
10
62
26
-21
-38
-63
-52
-18
-48
-93
-77
-30
-22
-42
-54
-64
-56
6
57
7
-50
-32
-10
27
81
45
-77
-95
-8
33
42
7
-58
-106
-79
6
16
-43
-84
-75
-54
-26
6
-11
-60
-43
34
38
-7
-2
21
36
83
115
40
-15
27
69
90
94
38
-38
-29
36
50
20
-10
-45
-54
-5
24
-18
-55
-45
-33
-23
1
-16
-67
-52
10
18
-13
-11
-21
-44
-9
38
24
-29
-21
2
-9
3
9
-7
-19
-2
17
3
-9
-7
21
34
38
46
27
23
52
94
105
62
36
33
46
86
104
74
26
9
32
58
54
34
10
-11
-18
-8
3
-6
-24
-30
-28
-27
-17
0
-7
-5
-2
-18
-22
-20
-10
-6
-3
-4
-37
-64
-29
3
-15
-27
-46
-78
-72
-40
-22
-39
-67
-76
-75
-53
-29
-37
-43
-28
-20
-21
-13
-1
5
12
13
8
7
5
10
33
49
34
9
20
41
56
65
42
10
16
42
41
21
25
15
-15
1
26
9
-12
-15
-20
-32
-19
-5
-23
-32
-27
-36
-42
-27
-34
-60
-42
-25
-40
-45
-42
-39
-33
-13
2
-20
-26
0
12
16
24
20
9
11
31
60
68
47
31
34
53
69
73
61
28
24
55
61
44
33
17
10
33
62
48
13
15
40
44
49
59
33
19
46
59
52
34
15
14
23
31
25
-6
-31
-17
11
6
-22
-47
-70
-68
-34
-26
-63
-94
-91
-82
-65
-34
-42
-77
-76
-53
-32
-22
-21
-30
-37
-12
0
-12
-22
-12
7
10
-5
-15
-16
-11
7
22
7
-21
-37
-11
26
26
2
-21
-35
-12
20
18
6
-3
-10
0
0
0
0
0
0
0
0
0
0
0
0
0
0
0
0
0
0
0
0
0
0
0
0
0
0
0
0
0
0
0
0
0
0
0
0
0
0
0
0
0
0
0
0
0
0
0
0
0
0
0
0
0
0
0
0
0
0
0
0
0
0
0
0
0
0
0
0
0
0
0
0
0
0
0
0
0
0
0
0
0
0
0
0
0
0
0
0
0
0
0
0
0
0
0
0
0
0
0
0
0
0
0
0
0
0
0
0
0
0
0
0
0
0
0
0
0
0
0
0
0
0
0
0
0
0
0
0
0
0
0
0
0
0
0
0
0
0
0
0
0
0
0
0
0
0
0
0
0
0
0
0
0
0
0
0
0
0
0
0
0
0
0
0
0
0
0
0
0
0
0
0
0
0
0
0
0
0
0
0
0
0
0
0
0
0
0
0
0
0
0
0
0
0
0
0
0
0
0
0
0
0
0
0
0
0
0
0
0
0
0
0
0
0
0
0
0
0
0
0
0
0
0
0
0
0
0
0
0
0
0
0
0
0
0
0
0
0
0
0
0
0
0
0
0
0
0
0
0
0
0
0
0
0
0
0
0
0
0
0
0
0
0
0
0
0
0
0
0
0
0
0
0
0
0
0
0
0
0
0
0
0
0
0
0
0
0
0
0
0
0
0
0
0
0
0
0
0
0
0
0
0
0
0
0
0
0
0
0
0
0
0
0
0
0
0
0
0
0
0
0
0
0
0
0
0
0
0
0
0
0
0
0
0
0
0
0
0
0
0
0
0
0
0
0
0
0
0
0
0
0
0
0
0
0
0
0
0
0
0
0
0
0
0
0
0
0
0
0
0
0
0
0
0
0
0
0
0
0
0
0
0
0
0
0
0
0
0
0
0
0
0
0
0
0
0
0
0
0
0
