0
0
0
0
0
0
0
0
0
0
0
0
0
0
0
0
0
0
0
0
0
0
0
0
0
0
0
0
0
0
0
0
0
0
0
0
0
0
0
0
0
0
0
0
0
0
0
0
0
0
0
0
0
0
0
0
0
0
0
0
0
0
0
0
0
0
0
0
0
0
0
0
0
0
0
0
0
0
0
0
0
0
0
0
0
0
0
0
0
0
0
0
0
0
0
0
0
0
0
0
0
0
0
0
0
0
0
0
0
0
0
0
0
0
0
0
0
0
0
0
0
0
0
0
0
0
0
0
0
0
0
0
0
0
0
0
0
0
0
0
0
0
0
0
0
0
0
0
0
0
0
0
0
0
0
0
0
0
0
0
0
0
0
0
0
0
0
0
0
0
0
0
0
0
0
0
0
0
0
0
0
0
0
0
0
0
0
0
0
0
0
0
0
0
0
0
0
0
0
0
0
0
0
0
0
0
0
0
0
0
0
0
0
0
0
0
0
0
0
0
0
0
0
0
0
0
0
0
0
0
0
0
0
0
0
0
0
0
0
0
0
0
0
0
0
0
0
0
0
0
0
0
0
0
0
0
0
0
0
0
0
0
0
0
0
0
0
0
0
0
0
0
0
0
0
0
0
0
0
0
0
0
0
0
0
0
0
0
0
0
0
0
0
0
0
0
0
0
0
0
0
0
0
0
0
0
0
0
0
0
0
0
0
0
0
0
0
0
0
0
0
0
0
0
0
0
0
0
0
0
0
0
0
0
0
0
0
0
0
0
0
0
0
0
0
0
0
0
0
0
0
0
0
0
0
0
0
0
0
0
0
0
0
0
0
0
0
0
0
0
0
0
0
0
0
0
0
0
0
0
0
0
0
0
0
0
0
0
0
0
0
0
0
0
0
0
-180
-217
-210
-210
-212
-202
-199
-209
-202
-183
-214
-187
-129
-142
-124
-100
-91
-79
-82
-48
-22
-31
-23
-22
0
12
-6
28
12
5
56
37
39
59
41
44
67
75
63
79
104
101
123
137
117
136
135
114
160
175
182
225
221
213
236
213
206
227
204
199
199
225
231
213
227
217
256
199
190
257
147
174
227
143
165
204
184
125
117
153
77
85
159
82
99
119
72
84
65
85
31
20
87
0
10
48
-22
-23
0
-29
-113
-120
-99
-215
-219
-163
-260
-245
-222
-320
-321
-323
-377
-372
-394
-424
-405
-485
-478
-422
-512
-475
-445
-493
-463
-445
-431
-443
-428
-394
-390
-361
-324
-305
-320
-231
-181
-253
-148
-99
-125
-40
-28
0
22
4
75
52
0
114
57
38
154
112
98
154
147
90
161
191
127
221
193
168
248
210
293
277
210
299
217
197
320
225
202
295
205
275
314
169
368
320
174
418
281
201
415
316
255
368
405
316
339
458
331
336
448
344
410
512
371
453
461
336
502
440
317
360
457
292
160
511
224
55
385
89
7
183
33
-72
-37
-90
-231
-238
-222
-391
-394
-324
-530
-503
-496
-631
-604
-685
-647
-699
-825
-629
-714
-859
-676
-738
-810
-733
-713
-761
-730
-629
-689
-605
-530
-602
-512
-391
-443
-488
-332
-321
-383
-259
-188
-118
-153
-172
72
-22
-223
105
88
-224
29
78
-78
55
113
212
146
200
332
198
345
318
220
377
341
220
341
416
230
369
434
323
342
322
493
357
292
585
361
331
516
350
461
360
364
618
170
321
546
99
386
401
114
315
240
176
231
201
144
131
319
154
148
376
94
244
254
155
411
104
317
461
145
346
439
343
278
544
457
254
602
418
234
537
441
214
429
412
125
328
363
-31
106
185
-269
-225
-120
-393
-539
-390
-407
-822
-694
-640
-1013
-880
-957
-985
-945
-1242
-1019
-1054
-1232
-1087
-1158
-1178
-995
-998
-982
-867
-771
-833
-790
-434
-765
-623
-291
-509
-401
-249
-196
-234
77
-98
-29
338
-103
39
365
-56
-60
291
23
-14
144
93
18
153
231
-40
396
271
-74
492
267
133
355
369
321
166
542
368
140
619
381
224
576
511
275
539
660
262
611
670
317
693
548
503
599
505
578
389
697
325
309
887
36
228
897
-29
20
870
-67
25
706
34
56
501
293
-206
632
342
-369
741
268
-110
536
338
178
259
673
346
115
923
315
130
732
177
392
309
91
503
48
254
344
188
44
6
236
-490
-120
-86
-751
-363
-551
-778
-684
-767
-788
-1147
-966
-890
-1586
-750
-1148
-1670
-571
-1559
-1117
-962
-1458
-715
-1486
-689
-1044
-1279
-324
-1312
-661
-596
-851
-368
-602
-288
-308
-333
-5
-133
48
145
-184
306
111
-59
398
-41
158
209
96
214
119
352
100
360
383
6
619
284
190
707
164
474
641
170
554
494
367
482
485
492
382
463
414
469
277
330
492
269
440
226
458
566
85
365
597
256
130
719
301
-159
692
413
-33
680
474
-88
644
555
-41
610
694
194
343
995
449
181
1129
632
116
872
808
90
545
839
167
364
785
64
320
517
-242
422
42
-242
463
-340
108
180
-431
326
-212
-341
218
-331
-439
153
-496
-457
9
-707
-332
-436
-529
-618
-609
-339
-1040
-527
-409
-1214
-576
-616
-1197
-766
-768
-946
-1056
-805
-816
-1219
-720
-1034
-1063
-714
-1138
-787
-1106
-953
-498
-1140
-660
-405
-999
-414
-245
-523
-233
-408
81
-351
-94
429
-553
341
315
-372
397
248
16
285
153
562
441
249
799
471
541
618
455
845
351
734
745
419
896
340
928
517
119
1206
80
141
988
-204
274
646
24
6
173
581
-430
221
755
-658
337
696
-626
248
745
-580
459
569
-357
781
279
182
786
450
663
680
1120
657
864
1447
481
1238
1186
704
1316
834
949
1187
438
803
813
-62
557
107
-168
255
-404
2
-600
-300
253
-1290
-105
-125
-1537
-311
-345
-1127
-836
-176
-790
-1095
-5
-811
-1025
-280
-757
-760
-380
-499
-711
-332
-372
-628
-192
-349
-645
-410
-434
-501
-600
-522
-226
-758
-732
-180
-1167
-1102
-282
-1229
-971
-290
-1197
-1102
-544
-1216
-1126
-379
-1010
-993
-358
-829
-832
-459
-260
-477
-445
120
-475
-161
386
-321
415
503
-209
441
560
291
723
793
650
826
491
861
1206
307
853
1337
-1
793
1243
-481
952
953
-535
723
519
-12
125
701
331
-436
565
82
-159
364
160
125
124
183
-70
320
412
-42
445
696
377
452
992
938
634
1232
1352
1085
1447
1312
1329
1559
1208
1378
1406
1237
1364
855
1048
1219
196
506
652
-40
170
-361
-20
-17
-1097
165
-305
-1548
-332
-729
-1669
-622
-634
-1717
-846
-731
-1626
-1056
-454
-888
-1147
-139
-584
-1122
-81
-309
-455
-18
-223
-173
1
-438
-422
80
-410
-746
31
-593
-1291
-64
-897
-1352
-37
-933
-1253
-729
-855
-1415
-1455
-245
-1179
-1376
-275
-1566
-1277
-720
-1349
-642
-712
-912
-557
-631
-429
-298
-373
-177
79
-114
-125
472
382
-113
498
814
64
488
982
372
548
1005
730
354
938
895
264
985
804
336
545
690
469
11
953
523
-280
710
318
-103
305
322
184
-38
200
148
14
413
319
170
577
877
470
650
1529
1119
1041
1612
1559
1844
1812
1871
2099
1737
1766
1929
1875
1535
1290
1329
997
757
646
455
338
337
43
-611
-180
-129
-1311
-703
-332
-1531
-1418
-1032
-1272
-1824
-1803
-970
-1361
-1672
-1039
-859
-1293
-1405
-560
-834
-727
238
-567
-179
271
-505
-102
288
201
-266
121
616
-293
-857
-422
-444
-1125
-991
-378
-549
-1486
-836
-902
-1621
-765
-1037
-643
-990
-1125
-740
-1610
-822
-1205
-1379
-891
-1132
-948
-1342
-972
-1007
-997
-300
-439
-327
42
59
-371
28
672
-182
137
1161
501
364
635
321
238
331
829
941
666
774
399
365
631
117
170
474
459
208
-194
317
-253
-1134
104
227
-664
-238
339
-117
-540
350
701
799
1318
1322
1777
2115
2121
2411
2830
2987
2713
3169
3603
3144
3167
2793
2509
2901
2083
2274
2308
1356
1124
371
786
148
-769
212
-404
-1203
-1096
-921
-1618
-1993
-1328
-2009
-2210
-1844
-2344
-2650
-2636
-2312
-2287
-2241
-1625
-1635
-1785
-1317
-801
-782
-693
240
12
-96
910
497
672
1034
852
1237
781
929
812
-156
332
264
-305
66
-359
-900
-1165
-1201
-1087
-1739
-1447
-1624
-1873
-1687
-2247
-1674
-2096
-1966
-1642
-2403
-1364
-1577
-1893
-1068
-1103
-1099
-930
-347
-214
-570
-141
297
197
107
360
1008
796
428
889
485
336
828
768
936
1095
721
247
546
533
3
894
839
-417
-60
82
-151
176
154
-112
-934
-952
-404
-735
-149
747
781
611
784
1377
1411
1964
3232
3435
3373
3603
3458
3499
3798
4354
4308
3792
4119
3195
2673
3581
2758
1750
1936
1877
518
-130
330
-193
-862
-1123
-751
-1574
-3024
-2379
-2402
-3148
-3378
-2944
-2871
-4100
-3194
-3049
-3752
-2882
-3107
-2432
-2056
-2367
-1436
-953
-1158
-840
207
443
218
939
1969
1228
1110
2070
1332
1138
1495
1807
1399
825
1493
963
-150
182
706
-441
-1098
-394
-1020
-1997
-1794
-2056
-3005
-2724
-2288
-2641
-2661
-2450
-3022
-3260
-2183
-2028
-2113
-1650
-1376
-1365
-1697
-644
261
-310
-123
873
1007
306
666
1285
649
491
1728
2015
693
842
1450
445
390
1148
967
14
-362
311
-95
-316
434
190
-242
-1095
-1529
-776
-912
-707
952
1694
523
-82
769
1216
1958
3904
4950
4058
2980
3248
4408
4780
5083
5698
4888
4122
3823
3655
3979
3012
2401
2856
2436
1481
345
-174
-804
-1048
-69
-232
-1310
-2618
-3509
-3836
-3753
-2580
-2926
-4029
-4158
-4797
-4738
-4022
-3652
-3757
-3719
-3080
-3194
-2747
-1673
-1867
-1646
-90
71
-180
1004
1116
936
2085
2952
2637
2043
2271
2163
2541
3417
2747
2270
1145
613
719
795
770
-318
-873
-1514
-1758
-2150
-2352
-2759
-3635
-3528
-2968
-2653
-3525
-3881
-3472
-3597
-2656
-1827
-1999
-2858
-2424
-1848
-1170
242
260
190
-201
553
1161
944
1413
1307
959
810
1246
1873
1271
875
899
788
833
636
109
164
230
-59
525
432
-1024
-2241
-1596
-722
-553
136
1500
883
-843
-779
427
2129
3689
4719
4562
2982
2138
3830
5836
6232
6118
5808
4805
3672
3565
4736
4882
3891
3263
3031
2305
891
70
-541
-419
-327
-393
-586
-2793
-3860
-3532
-3419
-3191
-3044
-3399
-4963
-5538
-4837
-4435
-4621
-4436
-4031
-4176
-4060
-3529
-3051
-3223
-2596
-1839
-1313
18
392
584
1060
1609
2918
3514
2525
2425
3289
3116
3629
4312
3777
2262
1066
2063
2335
1319
799
-139
-610
-1117
-1902
-1581
-2044
-3731
-4166
-3257
-2965
-3595
-4569
-5100
-4270
-3444
-3288
-2826
-2509
-3053
-3304
-1685
213
-20
-900
-417
194
339
989
1668
1654
855
63
958
2400
1697
579
1057
763
-258
647
1857
1020
-261
-259
239
-475
-1715
-1430
-576
-278
515
1832
1865
-331
-1711
806
4071
5229
5779
4797
2425
1681
3657
6786
7477
6305
5391
4204
3678
4086
4907
4868
3667
3453
3340
2269
781
-210
108
260
700
864
-1473
-3853
-4209
-3510
-2663
-2387
-2894
-4254
-6138
-6366
-4517
-3686
-4738
-5446
-4938
-4448
-4458
-4074
-3508
-3620
-3519
-2384
-1324
-801
-228
446
943
1374
2214
2990
2748
2694
4002
4744
4470
4045
3236
2504
2174
2983
3687
2115
-125
-723
-299
-616
-1085
-1268
-2131
-3517
-4283
-3689
-3000
-3610
-4743
-5110
-4581
-3817
-4112
-4487
-3526
-3024
-3040
-2268
-1071
-847
-1326
-717
383
904
926
1042
1311
1182
826
1296
2239
1832
1078
1001
766
162
116
1379
1570
170
-24
154
-1274
-2672
-1874
226
700
329
1470
1352
-1034
-1851
723
4344
6051
5782
4284
2166
1416
3907
7584
8891
7686
5800
4426
3071
3015
5223
6685
5675
4061
3208
1457
-355
292
1572
1615
1316
525
-2092
-4783
-4372
-2373
-2439
-3638
-4001
-4915
-6795
-7409
-5784
-4458
-5305
-6335
-5673
-5013
-5461
-5155
-4148
-3635
-3413
-2725
-1852
-1878
-1235
423
1414
2298
2996
2990
2610
3052
4951
6194
5679
4618
4497
4057
2972
3783
4905
3655
918
-19
797
-14
-1639
-1798
-1401
-2649
-4652
-4908
-3920
-4102
-5355
-5586
-5000
-4750
-5407
-5471
-4067
-3519
-3758
-3400
-2440
-1450
-1304
-963
77
295
423
1517
2218
1842
1236
1467
2208
2466
2417
1845
968
641
848
1678
1918
961
342
-82
-1095
-2158
-1715
129
990
1182
1454
595
-1135
-1713
931
4862
6542
5779
3286
1162
1818
4512
7288
8386
7312
5357
3105
1985
3465
5761
6537
5291
3885
2558
506
-383
669
2301
2356
1098
-89
-1819
-3593
-3638
-1786
-1302
-2986
-3791
-4263
-5901
-6859
-5569
-4193
-4946
-6125
-5955
-5408
-5693
-5709
-4817
-3996
-3533
-3544
-3220
-2682
-2145
-891
524
1905
2361
1940
1625
2217
4590
6580
6532
5192
3588
2946
3596
4976
5664
4204
2049
954
480
184
-337
-340
-501
-2315
-4052
-4402
-3877
-4213
-5051
-4633
-4454
-5243
-5977
-5604
-4336
-3980
-4087
-3449
-2391
-1881
-2100
-1637
-623
24
876
1649
1430
849
1021
1401
1358
1858
2802
2196
195
-447
893
1965
1658
1286
1160
-118
-2127
-2492
-683
1204
1677
1594
1527
230
-1431
-691
2674
5933
6554
5312
3321
1602
2581
5610
7917
8105
6740
4895
2491
1628
3960
6515
6594
4776
2922
1362
5
224
1628
2251
1639
550
-946
-2852
-3553
-2567
-1533
-2037
-3207
-3789
-4788
-5887
-5988
-4876
-4176
-4973
-5572
-5745
-5768
-5583
-4807
-3859
-3800
-3636
-3579
-4073
-3747
-1863
-121
64
691
2272
2331
846
1137
3877
5750
5654
4976
4274
3164
2748
4549
5951
4690
2511
1440
958
-297
-720
224
113
-1821
-3603
-3697
-3387
-3968
-4551
-4385
-4278
-4725
-5131
-4564
-3849
-4226
-4596
-3856
-2269
-1534
-1829
-1710
-1377
-685
510
1491
1442
623
430
758
1176
2098
2940
2072
-4
-608
433
1434
1722
1753
1424
-138
-1937
-2771
-1709
1117
3133
3247
1958
-188
-2056
-1228
3355
7902
8427
5440
1963
654
2659
6497
8892
8509
6614
4148
1661
1390
4335
7004
6203
3708
2143
736
-916
-628
1419
2089
814
-322
-1316
-2974
-3659
-2404
-1396
-2119
-2736
-2902
-4138
-5830
-5849
-4102
-3507
-4243
-4678
-4750
-5142
-5776
-4999
-3584
-2790
-2684
-3136
-3519
-3563
-2373
-642
440
1376
2136
1752
532
1053
3511
5197
5355
5165
4465
2720
2338
4103
5152
4186
2605
1907
791
-894
-889
361
383
-1739
-3485
-3159
-2846
-4003
-4754
-4011
-3801
-4784
-4981
-3614
-3494
-5001
-4898
-3230
-1934
-1645
-1568
-1719
-2229
-1250
578
1226
745
220
191
-96
268
1796
2426
1263
-411
-615
317
939
1349
1478
539
-1565
-2975
-2117
-125
1496
2738
3208
1774
-694
-1545
706
5124
8867
8885
5085
1308
1240
4486
7888
9255
8537
6290
2996
636
1880
5693
7420
5207
2226
877
-12
-886
-230
1360
1396
-170
-1607
-2774
-3809
-3626
-2519
-2282
-2903
-3183
-3626
-4997
-5896
-5025
-3709
-3646
-4249
-4257
-4236
-4893
-5070
-3909
-2735
-2484
-2367
-2310
-2610
-2496
-1646
-709
340
1589
2148
1532
1301
2760
4160
4615
4366
3808
3972
4003
4028
3850
2901
2528
2064
1602
954
-532
-667
-287
-1314
-3097
-3470
-1707
-2166
-4778
-5094
-4123
-4238
-5036
-3962
-2159
-3393
-5194
-4748
-2733
-1041
-1248
-1443
-1524
-1737
-468
749
1136
913
434
139
-380
637
2187
1410
-245
-678
-151
67
363
1472
1708
-463
-3333
-3767
-1425
1105
2458
3300
2790
-89
-2502
-831
3918
7893
9085
7376
3674
945
2226
6399
9389
9543
7928
4973
1408
291
3286
6919
6980
4069
1284
-383
-1414
-1214
363
1439
649
-1093
-2606
-3620
-3964
-3430
-2581
-2508
-2943
-3651
-4700
-5294
-5156
-4277
-3571
-3503
-3543
-3874
-4028
-4055
-3883
-3060
-2140
-1345
-1487
-2091
-1762
-804
-152
-241
563
2009
2186
1725
2274
4124
4778
3650
2557
2689
4165
5202
4726
2662
659
401
1018
1523
922
-407
-1448
-2525
-3473
-3838
-2826
-1653
-2983
-4979
-4929
-4055
-4247
-4661
-3142
-1522
-2877
-4687
-3847
-1543
-323
-860
-982
-424
-256
137
796
1347
1051
65
-361
368
1556
1980
866
-974
-1411
-715
4
337
812
953
-1190
-3693
-3787
-1323
1118
1975
2511
2157
304
-1503
-474
3429
7078
8819
8180
5260
2183
2303
5687
8752
9598
8927
6580
2427
-226
1661
5506
6639
4652
2101
-46
-1828
-2333
-1149
159
419
-153
-1925
-4259
-5299
-4438
-3250
-3607
-4022
-3585
-4096
-5585
-6418
-5243
-3690
-3758
-3890
-3288
-2855
-3382
-4239
-3447
-1720
-697
-650
-1044
-627
-134
-303
-65
1300
3262
3595
2506
2618
3792
4452
3711
2948
3657
4185
3825
3055
2000
892
142
739
1160
-297
-1842
-2132
-2579
-4039
-4431
-2675
-1655
-3261
-4963
-4923
-4321
-4306
-3672
-1718
-1169
-2556
-3673
-3067
-1251
94
534
-167
-673
271
1213
1166
1038
1289
771
-367
-203
1258
1449
-85
-1414
-1263
-387
11
429
438
-612
-2746
-4275
-3103
-319
2498
3609
2836
833
-1610
-1487
1977
6941
10088
9024
5504
2484
2516
5290
7904
9397
9528
7434
3503
669
1609
4295
5186
4074
2494
831
-1220
-2810
-2586
-1093
-311
-850
-1966
-3266
-4464
-4835
-4449
-4167
-3915
-3343
-3247
-4136
-4969
-4909
-4297
-3640
-3041
-2345
-1631
-1556
-2479
-3229
-2505
-781
353
412
420
861
1159
769
465
1139
2101
2439
2735
3615
4249
3547
1017
-478
1397
4366
4879
1990
-350
-1110
-1525
-1216
-952
-513
-721
-2115
-4074
-5265
-4072
-2340
-2079
-2727
-3229
-3241
-3443
-4031
-3021
-997
-464
-1499
-2353
-898
318
-106
-191
-182
614
1569
1664
1447
531
95
158
-445
308
1838
1454
-597
-2610
-1939
-416
-365
99
209
-1406
-4207
-5349
-2780
653
2746
3558
2595
-124
-2025
-285
4188
8052
9696
9014
5838
2468
2671
6362
9438
9600
8332
6499
3511
941
1497
4154
5128
3386
1082
-418
-1548
-2473
-2758
-2348
-1652
-1486
-2547
-4252
-5188
-5038
-4841
-5146
-5184
-4260
-3227
-3442
-4503
-4845
-4201
-3458
-2704
-1578
-513
-330
-1259
-2262
-1732
140
1139
750
899
2057
2264
989
497
1573
2528
2473
2635
3753
4178
2383
-44
-425
1049
2879
2969
1178
-898
-2294
-1821
-1577
-2164
-2256
-2009
-1942
-3679
-5192
-3979
-1894
-1930
-3360
-3445
-2267
-1932
-2699
-2055
-948
-556
-690
-1045
-85
688
505
-33
-147
917
1943
2169
1301
62
-305
-144
-164
335
1389
1103
-917
-2486
-1974
-518
303
352
-439
-2319
-4385
-4568
-2130
1104
3070
3238
1790
-601
-1904
-11
4560
8489
9402
7797
4987
2968
3499
6352
9104
9012
7238
5581
3503
1590
1250
2849
3752
2077
491
60
-673
-2317
-3678
-3155
-2030
-1742
-2297
-3529
-4642
-5089
-5101
-5190
-5114
-3931
-2337
-2425
-3737
-4293
-3543
-2643
-2266
-1078
346
701
27
-706
-435
75
666
1461
2172
2666
2431
1609
828
640
1047
1563
2200
3194
3340
1693
-855
-2233
-1090
1024
2196
1132
-1347
-2730
-2657
-2218
-2613
-2769
-1824
-1806
-3178
-4097
-2906
-1281
-1915
-3163
-2894
-1588
-790
-1098
-1034
-582
-486
-304
26
806
1258
744
351
341
768
1307
1527
1593
991
331
94
64
410
473
258
-409
-1426
-1724
-1171
-164
202
-267
-1372
-3389
-4788
-3772
-1143
609
835
747
498
-444
-1113
120
3213
6497
8090
7118
4416
2502
3500
6367
8120
7696
6532
5493
4032
2649
2746
3970
4488
3292
1303
187
-195
-1062
-2014
-2072
-1621
-1777
-2971
-4249
-4531
-4146
-4077
-4540
-4713
-4060
-3382
-3420
-3676
-3496
-3231
-3219
-2661
-1469
-799
-700
-528
-342
-332
-428
-91
882
1774
2297
2378
1982
1891
2052
1595
1024
1350
2326
2981
2893
2252
1024
-297
-338
841
1352
409
-725
-1134
-1552
-2418
-2898
-2895
-3476
-4404
-4102
-2789
-2492
-3579
-4403
-4271
-3846
-3239
-2096
-977
-857
-1557
-1830
-968
403
1237
1418
1659
2198
2496
2374
2268
2258
2105
2154
2806
3476
3324
2535
1848
1412
918
488
558
847
456
-766
-2068
-2835
-2797
-1899
-987
-1396
-3141
-4950
-6046
-6324
-5356
-2892
-235
656
-436
-2011
-2618
-1567
945
3908
5960
6221
5382
4970
5472
6416
7272
7740
7947
7898
7417
6912
6700
6335
5568
4658
3813
2989
2018
1141
554
-360
-1686
-2643
-3299
-4221
-5149
-5339
-5055
-5558
-6694
-6995
-6379
-5860
-5832
-5928
-5744
-5334
-4704
-3871
-3175
-2528
-1816
-1436
-1376
-1153
-282
1209
2439
2860
2843
2762
2779
3009
3444
4007
4552
4962
5069
4550
3413
2300
2088
2947
3587
2567
384
-1355
-2058
-2140
-2227
-2857
-4135
-5596
-6390
-6006
-5017
-4435
-4549
-4976
-5117
-4672
-3861
-2905
-1923
-1164
-671
-234
257
924
1525
1786
2021
2518
3278
3994
4292
3992
3413
2849
2453
2494
2539
2419
1913
1016
319
18
318
404
-335
-1554
-2788
-3196
-2868
-2151
-1549
-1730
-2603
-4045
-5129
-5011
-4336
-3810
-3503
-3001
-2234
-1470
-581
338
949
1261
1810
3204
5171
6625
6943
6551
6271
6594
7324
7806
7618
7050
6510
5940
5317
4920
4629
3916
2715
1460
571
-160
-864
-1480
-2305
-3270
-4245
-4925
-5347
-5672
-5566
-5320
-5267
-5454
-5543
-5322
-5025
-4417
-3659
-3133
-2670
-2211
-1620
-926
-640
-305
439
944
1175
1294
1693
2329
2572
2802
2931
2657
2372
2234
2124
1891
2068
2447
2241
1616
852
411
39
-427
-609
-966
-1579
-2257
-2742
-2880
-3200
-3702
-4117
-4313
-3836
-2928
-2305
-2207
-2465
-2421
-2088
-1589
-616
336
853
915
952
1257
1487
1841
2409
2730
2730
2483
1945
1360
1044
1194
1528
1250
240
-726
-1003
-671
-135
36
-272
-909
-1614
-1611
-1136
-864
-1043
-1465
-1456
-1256
-1325
-1629
-1881
-1932
-1904
-1703
-1614
-1907
-2190
-2044
-1512
-774
239
1399
2215
2368
2259
2461
3069
3970
4891
5568
5658
5295
5281
5683
5975
5616
4692
3883
3396
3530
3854
3417
2380
1115
100
-598
-1247
-1541
-1744
-2227
-2888
-3485
-3695
-3728
-3757
-3752
-3928
-4054
-3674
-3071
-2665
-2283
-1849
-1587
-1509
-1382
-1122
-949
-791
-383
31
34
-158
-157
-50
-37
-51
461
1191
1263
921
580
363
90
59
706
1422
1656
1209
471
56
166
653
881
580
-104
-990
-1539
-1372
-935
-913
-1590
-2383
-2678
-2555
-1837
-944
-573
-821
-1531
-1732
-1166
-535
-26
249
389
410
294
442
721
741
560
517
694
781
608
422
471
522
471
500
503
339
53
-88
77
195
53
-135
-309
-526
-602
-426
-266
-426
-741
-926
-1161
-1582
-1890
-1919
-1921
-2043
-2151
-2198
-2213
-2173
-1665
-617
459
1161
1313
1371
1627
2276
3511
4715
5322
5184
4820
4850
5211
5661
5843
5454
4627
3927
3695
3777
3710
3013
1808
637
-103
-410
-761
-1472
-2300
-2915
-3208
-3307
-3443
-3652
-3871
-3989
-3987
-3995
-3749
-3300
-3023
-2742
-2495
-2209
-1921
-1889
-1598
-1118
-708
-236
-34
37
49
190
715
1010
1265
1619
1733
1767
1582
1356
957
490
774
1407
1852
1727
1014
319
-181
-90
417
698
459
-469
-1335
-1592
-1451
-1266
-1449
-1801
-2172
-2514
-2510
-2184
-1821
-1753
-1825
-1611
-1348
-1308
-1194
-847
-442
-113
164
486
747
908
1162
1363
1258
1034
986
1110
1282
1454
1491
1171
541
-19
-139
215
649
672
178
-498
-913
-878
-669
-701
-961
-1131
-1143
-1214
-1475
-1803
-2021
-1984
-1684
-1455
-1608
-2032
-2386
-2284
-1609
-529
718
1608
1872
1970
2219
2673
3425
4369
5238
5650
5601
5628
5808
5959
6085
5871
5089
3954
3010
2736
2795
2648
2109
1007
-314
-1280
-1839
-2224
-2758
-3399
-3826
-4077
-4143
-4063
-4092
-4122
-3985
-3792
-3535
-3200
-2746
-2157
-1692
-1240
-760
-428
-204
-38
153
215
325
499
567
702
748
851
980
1022
1162
1169
1054
801
348
92
151
388
800
1122
1050
622
37
-273
-223
-144
-103
-317
-825
-1395
-1801
-1814
-1739
-1790
-2030
-2323
-2393
-2451
-2268
-1779
-1391
-1082
-822
-417
113
328
552
917
1159
1464
1469
1263
1152
1017
1183
1433
1430
1289
1087
909
861
795
635
386
-239
-741
-797
-642
-382
-457
-870
-1443
-1903
-1996
-1895
-1792
-1747
-1727
-1857
-2043
-2080
-2000
-1808
-1613
-1572
-1705
-1924
-2048
-1798
-1041
102
1352
2380
2938
3114
3314
3774
4427
5184
5829
6058
5999
6094
6369
6485
6219
5593
4654
3535
2667
2244
1899
1343
590
-236
-958
-1655
-2466
-3250
-3881
-4224
-4203
-4002
-3881
-3921
-3949
-3732
-3327
-2821
-2298
-1993
-1798
-1584
-1227
-681
-122
536
916
874
812
727
788
846
801
780
505
326
384
466
642
631
370
-144
-824
-1308
-1496
-1318
-805
-357
-302
-610
-1051
-1279
-1207
-978
-837
-937
-1151
-1372
-1200
-800
-617
-600
-878
-1045
-986
-983
-731
-369
40
487
661
779
776
712
905
1198
1624
1881
1729
1369
983
929
1089
1322
1270
730
261
-23
-48
50
-94
-536
-1185
-1624
-1667
-1587
-1561
-1673
-2043
-2436
-2649
-2606
-2453
-2299
-1933
-1605
-1495
-1697
-1903
-1748
-1471
-950
-484
-451
-731
-1121
-1156
-633
276
1463
2827
3925
4525
4776
4845
5059
5580
6257
6833
6895
6430
5988
5735
5727
5618
4829
3586
2129
890
103
-442
-724
-1104
-1603
-2130
-2916
-3713
-4478
-4924
-4835
-4616
-4420
-4388
-4260
-3673
-2715
-1525
-575
-266
-469
-668
-353
442
1346
1981
2041
1732
1580
1680
1787
1586
1022
327
-406
-873
-884
-845
-853
-710
-622
-864
-1581
-2536
-3243
-3475
-3088
-2389
-1997
-1855
-1506
-805
81
601
362
-354
-1035
-1037
-357
442
959
1075
1108
1123
1162
989
440
-52
-359
-137
433
835
1109
1228
1382
1597
1565
1238
736
263
143
381
680
814
587
71
-369
-531
-633
-964
-1491
-2070
-2590
-2853
-2767
-2503
-2243
-2058
-2016
-2187
-2547
-2996
-3389
-3510
-3212
-2538
-1667
-846
-225
214
480
533
296
-178
-546
-514
-14
861
1914
3150
4607
5939
6757
6910
6523
6116
6122
6446
6726
6565
5964
5542
5557
5470
4803
3489
1763
146
-1013
-1768
-2388
-3031
-3480
-3568
-3630
-3991
-4544
-4971
-5008
-4672
-4302
-4231
-4289
-3832
-2526
-815
603
1325
1367
1137
1125
1396
1606
1614
1672
1936
2267
2469
2434
2110
1530
744
-334
-1693
-2920
-3530
-3456
-3000
-2538
-2337
-2506
-2888
-3152
-3279
-3424
-3571
-3592
-3269
-2473
-1291
238
1701
2438
2523
2193
1757
1518
1344
1393
1471
1362
1417
1678
2109
2107
1438
555
-531
-1327
-1696
-1662
-1232
-735
50
745
1099
1178
1028
854
427
-77
-567
-1003
-1156
-1016
-675
-489
-478
-502
-652
-1076
-1802
-2637
-3383
-3842
-3790
-3388
-3083
-2814
-2448
-2228
-2263
-2512
-2718
-2601
-2206
-1558
-757
-89
452
903
1276
1693
1951
1878
1816
2255
3505
5379
7200
8361
8738
8751
8854
8986
8696
7614
5904
4259
3272
2858
2488
1881
1121
287
-650
-1728
-2984
-4354
-5521
-6196
-6487
-6611
-6439
-5712
-4577
-3472
-2657
-2174
-1961
-1748
-1216
-373
513
1355
2269
3208
3931
4321
4380
4066
3419
2623
1836
1043
301
-218
-684
-1310
-1926
-2460
-3008
-3643
-4453
-5159
-5373
-5086
-4493
-3917
-3490
-2986
-2247
-1382
-719
-561
-746
-829
-387
652
1653
2344
2893
3470
4146
4336
3948
3080
1881
1020
342
-391
-1136
-1760
-1790
-1552
-1422
-1237
-1166
-991
-555
-121
338
595
851
1365
1805
2149
2094
1692
1304
772
262
-368
-1140
-1781
-2287
-2479
-2588
-2548
-2392
-2556
-2876
-3239
-3507
-3743
-4033
-4242
-4452
-4410
-3812
-2839
-1969
-1404
-815
36
1042
1996
2558
2492
2122
1913
2079
2450
2727
3323
4784
6762
8374
8994
8828
8641
8773
8783
7871
5825
3530
2003
1438
1164
481
-445
-1204
-1855
-2464
-3099
-3894
-4668
-5283
-5836
-6164
-5987
-5271
-4144
-2858
-1700
-612
467
1350
1971
2435
2742
2904
3030
2974
2969
3206
3403
3379
2904
2131
1170
203
-731
-1820
-2685
-3500
-4302
-4955
-5605
-5845
-5715
-5450
-5052
-4605
-3884
-2836
-1900
-1318
-1035
-718
-53
501
599
520
549
1128
2109
2895
3145
2965
3054
3224
2968
2254
1057
-24
-738
-1113
-1214
-1447
-1519
-1444
-1453
-1367
-1230
-847
-490
-278
206
731
1535
2488
2999
3308
3272
2965
2564
1777
852
-178
-1126
-1772
-2365
-2766
-2972
-2755
-2298
-2432
-2935
-3390
-3693
-3725
-3710
-4045
-4499
-4580
-4073
-2984
-1985
-1168
-359
218
698
918
1179
1691
2115
2452
2140
1411
1197
1464
1979
2573
3337
4494
5888
7018
7658
8014
8387
8838
8537
7103
5108
3429
2456
1422
239
-853
-1704
-1857
-2005
-2484
-2923
-3316
-3709
-4508
-5406
-5681
-5291
-4601
-4079
-3402
-2002
-233
1333
2436
3086
3750
4237
4213
3879
3292
2852
2443
1851
1133
429
149
-81
-602
-1415
-2278
-2893
-3628
-4751
-6031
-6911
-7089
-6760
-6195
-5440
-4320
-2925
-1531
-361
586
1440
1961
1838
1072
214
-29
443
1027
1381
1829
2569
3674
4364
4255
3699
2840
2108
775
-972
-2212
-2798
-2674
-2759
-2845
-2392
-1513
-398
218
324
290
409
712
929
1060
1304
1693
2080
2365
2556
2722
2489
1611
501
-469
-1125
-1672
-2468
-3315
-3773
-3668
-3091
-2468
-2194
-2240
-2355
-2405
-2490
-2652
-2838
-3001
-3031
-2840
-2380
-1669
-958
-359
326
1052
1748
2347
2473
2060
1540
1223
1023
925
1078
1935
3626
5492
6905
7786
8743
9912
10781
10269
8319
6263
4434
3059
1505
-322
-1559
-2469
-2924
-3310
-3642
-3585
-3673
-4205
-5193
-5739
-5349
-4870
-4877
-4968
-4375
-2817
-924
487
1439
2324
3453
4610
5076
5016
4844
4395
3488
2329
1389
765
178
-860
-1907
-2550
-2863
-2977
-3706
-4565
-5155
-5420
-5390
-5773
-6007
-5840
-5097
-3826
-2754
-1683
-557
701
2029
2790
2841
2551
2253
2061
1939
1694
1474
1550
2029
2612
2700
2777
3025
3162
2779
1526
397
-592
-1491
-2312
-3301
-3668
-3540
-2957
-2124
-1389
-456
457
1161
1644
1989
2191
2165
1794
1240
993
962
733
110
-633
-1028
-1068
-1195
-1668
-2263
-2539
-2432
-2368
-2511
-2729
-2758
-2419
-2138
-2179
-2269
-2263
-2124
-1957
-1866
-1516
-903
-464
-311
-193
259
1032
1654
1805
1542
1183
975
848
742
741
1004
1853
3160
4454
5590
6704
7942
9143
9814
9508
8544
7308
5933
4512
2736
914
-777
-2281
-3340
-4118
-4432
-4526
-4680
-4735
-4651
-4345
-4080
-4155
-4378
-4224
-3570
-2739
-2077
-1639
-934
310
1735
2932
3777
4355
4718
4664
4152
3516
2820
1768
372
-902
-1751
-2306
-2832
-3485
-4168
-4587
-4665
-4656
-4682
-4623
-4379
-3962
-3443
-2899
-2362
-1766
-1080
-302
452
1018
1303
1379
1585
1989
2396
2577
2596
2751
3001
3104
2900
2680
2439
2190
1590
824
350
-257
-671
-1203
-1528
-1591
-1717
-1938
-2183
-2049
-1739
-1225
-803
-225
238
667
1095
1247
1654
1757
1465
670
-73
-476
-910
-1365
-1971
-2167
-2076
-1673
-1210
-982
-758
-581
-441
-623
-978
-1227
-1605
-2028
-2414
-2549
-2383
-2104
-1745
-1449
-1097
-610
-70
319
448
411
422
477
418
309
224
278
498
1138
2180
3413
4586
5630
6741
7872
8988
9589
9593
8892
7868
6690
5278
3512
1301
-773
-2461
-3502
-4232
-4764
-5251
-5537
-5423
-4995
-4369
-4100
-4122
-4265
-4166
-3614
-3156
-2790
-2471
-1825
-611
656
1901
2899
3666
4207
4621
4751
4340
3757
2752
1561
520
-491
-1391
-2342
-3211
-3819
-4168
-4312
-4316
-4248
-4104
-3806
-3355
-2799
-2249
-1757
-1410
-1186
-845
-318
93
121
-6
160
754
1476
2012
2316
2541
2831
3130
3289
3221
2942
2453
1791
1145
721
362
-287
-1144
-1817
-2055
-1968
-1858
-1902
-1948
-1724
-1241
-739
-411
-81
146
212
298
342
450
372
191
77
-53
32
38
-95
-204
-178
14
45
-72
-203
-305
-369
-496
-778
-1192
-1624
-1987
-2195
-2257
-2265
-2313
-2352
-2231
-1910
-1464
-1021
-659
-349
-102
100
286
487
644
667
626
761
1142
1599
2173
2911
3939
5063
6020
6955
7699
8344
8682
8440
7749
6649
5488
4102
2344
503
-1247
-2681
-3832
-4695
-5256
-5595
-5704
-5580
-5242
-4810
-4347
-3925
-3576
-3286
-2956
-2487
-2126
-1739
-1224
-538
300
1076
1916
2534
3168
3845
4269
4430
4100
3575
2812
1998
1073
-94
-1254
-2387
-3172
-3764
-3995
-3997
-3945
-3672
-3365
-2824
-2288
-1814
-1432
-1276
-1106
-904
-654
-498
-455
-402
-245
73
457
895
1300
1747
2263
2678
2983
3045
2850
2426
1825
1250
598
-184
-1055
-1822
-2197
-2309
-2333
-2287
-2079
-1642
-1046
-378
145
419
616
744
777
868
873
685
447
204
78
83
91
134
121
81
181
284
296
260
71
-182
-367
-608
-912
-1346
-1799
-2076
-2171
-2144
-2209
-2253
-2196
-2001
-1684
-1369
-1005
-777
-622
-483
-333
-97
160
483
701
871
1157
1613
2156
2598
3102
3725
4381
5014
5517
6001
6492
6715
6629
6298
5664
4873
3934
2769
1521
185
-1125
-2258
-3305
-4197
-4798
-5150
-5328
-5315
-5123
-4768
-4249
-3617
-2999
-2559
-2107
-1568
-1137
-691
-319
4
471
917
1460
2067
2588
3093
3411
3553
3586
3475
3183
2645
1853
957
101
-730
-1481
-2265
-2951
-3380
-3620
-3612
-3506
-3271
-2878
-2482
-2130
-1824
-1518
-1343
-1330
-1299
-1241
-1232
-1147
-867
-493
-85
420
997
1517
1985
2396
2609
2626
2509
2198
1694
1097
499
-101
-730
-1215
-1547
-1873
-1931
-1598
-1223
-894
-391
78
420
744
900
948
822
615
484
265
78
33
88
173
310
529
715
817
892
941
854
678
398
7
-408
-846
-1369
-1840
-2141
-2392
-2494
-2560
-2526
-2271
-1960
-1593
-1324
-1046
-727
-430
-137
16
147
270
431
626
782
973
1196
1520
1976
2536
3141
3726
4255
4710
5163
5572
5738
5569
5211
4729
4079
3306
2422
1340
171
-871
-1769
-2572
-3233
-3678
-4038
-4285
-4281
-4076
-3804
-3601
-3310
-2930
-2526
-2087
-1709
-1306
-973
-638
-140
328
725
1137
1578
2002
2422
2850
3167
3290
3260
3123
2840
2422
1873
1188
425
-323
-1029
-1732
-2386
-2879
-3202
-3393
-3442
-3364
-3240
-3097
-2800
-2348
-1967
-1696
-1487
-1325
-1117
-818
-488
-178
63
315
680
1067
1442
1689
1771
1804
1777
1708
1440
1055
657
137
-303
-634
-905
-1129
-1299
-1340
-1256
-1062
-837
-596
-354
-111
189
509
769
930
1032
1118
1179
1218
1245
1219
1114
998
920
851
766
670
540
345
120
-77
-266
-522
-854
-1178
-1443
-1683
-1911
-2057
-2164
-2253
-2212
-2008
-1713
-1459
-1216
-914
-588
-298
-27
256
382
518
716
788
842
900
1083
1365
1670
2113
2565
2979
3460
4019
4495
4747
4842
4793
4514
4086
3565
2859
1972
971
22
-801
-1642
-2411
-2959
-3390
-3662
-3695
-3613
-3451
-3201
-2882
-2534
-2216
-1934
-1674
-1455
-1315
-1108
-823
-528
-222
113
583
1044
1560
2071
2433
2741
2897
2931
2739
2414
1989
1373
754
87
-602
-1281
-1881
-2347
-2728
-2926
-2960
-2911
-2781
-2519
-2180
-1837
-1492
-1166
-890
-677
-487
-313
-207
-110
37
106
181
264
291
368
342
377
480
439
423
411
349
295
222
90
-34
-230
-425
-479
-527
-538
-496
-354
-182
48
373
639
892
1078
1285
1414
1392
1395
1254
1037
797
565
402
158
-49
-201
-318
-338
-363
-357
-381
-453
-468
-537
-648
-818
-1077
-1284
-1479
-1707
-1836
-1867
-1866
-1767
-1586
-1344
-1071
-786
-430
-102
208
475
640
837
997
1179
1418
1620
1851
2118
2483
2850
3239
3712
4088
4412
4594
4633
4563
4255
3839
3251
2504
1627
695
-177
-1104
-1920
-2597
-3128
-3500
-3725
-3732
-3671
-3486
-3217
-2891
-2513
-2212
-1854
-1577
-1354
-1045
-833
-632
-423
-194
92
366
700
1055
1402
1685
1881
2040
2097
2033
1850
1557
1144
639
111
-395
-855
-1243
-1564
-1826
-1996
-2020
-1905
-1742
-1527
-1331
-1118
-853
-684
-541
-504
-512
-520
-581
-653
-782
-828
-852
-811
-706
-615
-421
-258
-79
116
271
394
434
479
495
445
352
252
152
63
42
50
115
217
345
536
681
833
956
996
1036
1006
880
721
585
412
220
49
-109
-223
-348
-389
-390
-446
-437
-460
-551
-657
-783
-872
-978
-1100
-1223
-1358
-1456
-1493
-1462
-1401
-1295
-1129
-917
-612
-264
83
437
799
1172
1519
1848
2237
2637
2950
3249
3544
3734
3882
4058
4174
4124
3960
3721
3372
2956
2437
1843
1186
431
-275
-937
-1578
-2126
-2582
-2961
-3238
-3377
-3403
-3308
-3114
-2857
-2557
-2265
-1960
-1617
-1301
-1046
-807
-586
-415
-227
-16
194
385
590
832
1014
1170
1312
1411
1459
1392
1277
1119
920
677
385
97
-210
-480
-669
-854
-1028
-1154
-1237
-1274
-1310
-1351
-1360
-1386
-1450
-1458
-1486
-1545
-1589
-1574
-1496
-1450
-1337
-1209
-1058
-881
-656
-389
-173
41
277
473
600
702
765
810
806
824
823
769
669
596
602
554
545
581
576
577
597
606
604
533
487
405
284
181
61
-70
-225
-348
-464
-605
-720
-783
-850
-891
-917
-914
-871
-842
-855
-833
-835
-833
-736
-663
-567
-453
-322
-144
73
351
678
1026
1404
1833
2247
2663
3060
3395
3664
3862
4014
4004
3856
3644
3304
2899
2427
1872
1295
716
164
-347
-825
-1257
-1649
-1968
-2178
-2325
-2391
-2398
-2411
-2361
-2224
-2038
-1820
-1635
-1458
-1268
-1084
-852
-609
-438
-275
-104
45
200
361
507
623
707
790
863
898
892
847
771
676
553
391
199
1
-191
-351
-518
-706
-882
-1029
-1145
-1253
-1303
-1353
-1436
-1477
-1515
-1506
-1480
-1456
-1403
-1362
-1273
-1134
-958
-791
-679
-520
-361
-210
-17
161
307
409
509
617
691
739
757
758
733
705
703
689
652
615
585
536
473
409
329
225
117
12
-99
-199
-275
-337
-404
-481
-543
-562
-561
-567
-570
-557
-552
-542
-493
-447
-449
-459
-445
-398
-308
-198
-94
39
213
427
670
924
1186
1467
1755
2018
2267
2458
2611
2745
2793
2799
2716
2546
2351
2092
1798
1450
1058
661
287
-52
-334
-579
-805
-997
-1153
-1221
-1279
-1325
-1300
-1290
-1248
-1177
-1122
-1070
-1001
-920
-838
-745
-661
-547
-406
-259
-93
103
287
465
629
759
881
944
970
953
847
730
565
357
134
-121
-322
-557
-808
-1001
-1188
-1327
-1426
-1469
-1497
-1512
-1501
-1479
-1404
-1346
-1271
-1173
-1116
-1038
-932
-833
-751
-670
-570
-458
-347
-227
-120
-11
113
213
313
383
439
466
481
524
552
569
538
523
532
476
433
412
338
254
196
133
44
-56
-139
-205
-296
-370
-405
-434
-442
-430
-428
-417
-402
-369
-296
-248
-213
-119
-63
-13
57
88
133
161
214
299
353
444
572
695
838
1035
1208
1345
1492
1637
1763
1842
1874
1841
1761
1628
1472
1317
1083
844
611
353
147
-47
-219
-336
-424
-469
-493
-503
-488
-474
-449
-426
-441
-479
-506
-514
-517
-518
-517
-523
-523
-479
-397
-316
-228
-111
14
123
226
316
369
415
467
483
456
423
381
306
224
134
16
-117
-249
-388
-527
-640
-745
-872
-975
-1031
-1085
-1133
-1162
-1180
-1172
-1161
-1127
-1047
-991
-931
-840
-766
-660
-531
-411
-292
-188
-92
-10
68
130
169
227
275
289
310
323
329
337
361
387
369
335
292
255
236
192
124
28
-60
-128
-183
-224
-275
-297
-308
-309
-301
-294
-270
-245
-204
-163
-119
-66
-14
35
96
152
170
236
301
351
439
515
591
662
723
785
843
898
973
1042
1075
1095
1088
1062
1030
966
867
762
640
527
434
318
215
106
-5
-74
-135
-189
-225
-241
-227
-216
-215
-202
-190
-195
-181
-164
-141
-111
-114
-110
-99
-79
-39
-32
-26
-11
-4
8
9
-10
-32
-36
-34
-28
-27
-46
-77
-116
-134
-152
-189
-243
-284
-325
-372
-389
-412
-414
-408
-425
-420
-417
-424
-410
-394
-404
-415
-409
-402
-388
-384
-384
-375
-386
-392
-381
-359
-345
-346
-319
-281
-243
-203
-167
-114
-68
-17
40
86
122
135
147
155
143
122
103
105
104
108
126
116
105
90
72
70
64
61
59
35
7
2
-6
-15
-12
-28
-19
10
31
54
42
38
68
97
132
165
191
217
255
299
355
394
408
436
467
490
512
524
536
535
508
481
453
416
390
355
299
256
212
161
135
96
54
45
27
33
45
28
17
4
-16
-33
-48
-69
-84
-100
-111
-111
-126
-152
-169
-162
-165
-159
-141
-128
-119
-123
-105
-110
-120
-101
-95
-87
-89
-104
-124
-150
-170
-175
-185
-205
-208
-207
-213
-203
-190
-184
-181
-172
-152
-130
-111
-92
-93
-107
-114
-130
-135
-126
-148
-169
-182
-207
-207
-201
-203
-189
-188
-180
-146
-135
-130
-115
-116
-106
-94
-79
-48
-38
-43
-26
-20
-29
-20
-3
-2
-2
19
47
63
79
93
102
134
171
182
189
179
148
135
117
86
77
49
9
7
12
11
17
20
35
48
61
89
108
111
108
121
122
106
99
103
104
97
95
89
100
98
100
142
127
131
160
154
173
172
152
154
137
125
124
104
82
67
46
35
24
13
8
-1
-5
-7
-5
-8
-26
-33
-35
-52
-79
-105
-117
-111
-107
-104
-96
-89
-89
-91
-57
-36
-58
-34
-31
-59
-62
-56
-40
-49
-38
-34
-68
-70
-41
-60
-62
-39
0
0
0
0
0
0
0
0
0
0
0
0
0
0
0
0
0
0
0
0
0
0
0
0
0
0
0
0
0
0
0
0
0
0
0
0
0
0
0
0
0
0
0
0
0
0
0
0
0
0
0
0
0
0
0
0
0
0
0
0
0
0
0
0
0
0
0
0
0
0
0
0
0
0
0
0
0
0
0
0
0
0
0
0
0
0
0
0
0
0
0
0
0
0
0
0
0
0
0
0
0
0
0
0
0
0
0
0
0
0
0
0
0
0
0
0
0
0
0
0
0
0
0
0
0
0
0
0
0
0
0
0
0
0
0
0
0
0
0
0
0
0
0
0
0
0
0
0
0
0
0
0
0
0
0
0
0
0
0
0
0
0
0
0
0
0
0
0
0
0
0
0
0
0
0
0
0
0
0
0
0
0
0
0
0
0
0
0
0
0
0
0
0
0
0
0
0
0
0
0
0
0
0
0
0
0
0
0
0
0
0
0
0
0
0
0
0
0
0
0
0
0
0
0
0
0
0
0
0
0
0
0
0
0
0
0
0
0
0
0
0
0
0
0
0
0
0
0
0
0
0
0
0
0
0
0
0
0
0
0
0
0
0
0
0
0
0
0
0
0
0
0
0
0
0
0
0
0
0
0
0
0
0
0
0
0
0
0
0
0
0
0
0
0
0
0
0
0
0
0
0
0
0
0
0
0
0
0
0
0
0
0
0
0
0
0
0
0
0
0
0
0
0
0
0
0
0
0
0
0
0
0
0
0
0
0
0
0
0
0
0
0
0
0
0
0
0
0
0
0
0
0
0
0
0
0
0
0
0
0
0
0
0
0
0
0
0
0
0
0
0
0
0
0
0
0
0
0
0
0
0
0
0
0
0
0
0
0
0
0
0
0
0
0
0
0
0
0
0
0
