0
0
0
0
0
0
0
0
0
0
0
0
0
0
0
0
0
0
0
0
0
0
0
0
0
0
0
0
0
0
0
0
0
0
0
0
0
0
0
0
0
0
0
0
0
0
0
0
0
0
0
0
0
0
0
0
0
0
0
0
0
0
0
0
0
0
0
0
0
0
0
0
0
0
0
0
0
0
0
0
0
0
0
0
0
0
0
0
0
0
0
0
0
0
0
0
0
0
0
0
0
0
0
0
0
0
0
0
0
0
0
0
0
0
0
0
0
0
0
0
0
0
0
0
0
0
0
0
0
0
0
0
0
0
0
0
0
0
0
0
0
0
0
0
0
0
0
0
0
0
0
0
0
0
0
0
0
0
0
0
0
0
0
0
0
0
0
0
0
0
0
0
0
0
0
0
0
0
0
0
0
0
0
0
0
0
0
0
0
0
0
0
0
0
0
0
0
0
-14
-116
-74
44
275
33
-29
84
-122
-37
-168
-42
-52
80
116
-92
173
35
-216
134
51
-242
-39
-120
-7
167
41
77
8
47
-17
-122
16
-42
93
55
78
127
-176
-15
1
-33
21
-151
31
55
-93
-103
101
-16
-7
251
-359
132
124
-243
228
-61
37
-44
-140
79
-7
83
-28
-94
83
-149
-19
123
76
89
-304
58
128
-105
159
-129
-91
72
174
-71
5
224
-213
184
-31
-173
154
-92
26
-140
147
169
-253
173
4
-120
190
-197
-104
213
76
54
-85
-36
7
33
25
-196
63
48
-218
-116
7
69
-73
59
-125
-11
112
-247
177
35
28
-66
-73
473
-259
-131
435
-128
-94
104
-169
17
282
-69
-299
-1
75
-91
1
205
45
-80
82
42
-103
60
80
-150
219
72
-154
99
180
-43
-196
58
-52
136
-165
-320
108
46
246
-193
-193
242
-92
-138
-65
-11
-25
25
55
-57
74
-51
69
227
-317
49
309
-30
42
-34
163
6
-131
-144
-139
154
25
116
-168
-79
311
-174
-125
251
15
-300
-11
-142
55
146
-39
281
51
20
-95
167
-48
-295
144
-185
45
201
-119
208
-128
-356
249
77
-42
95
-24
-202
-101
335
31
-67
33
-34
-28
21
270
-261
-79
153
-109
29
-206
-124
-123
229
167
-56
186
-258
-17
-80
-21
181
-454
103
49
35
353
-60
197
-116
46
35
-3
1
-301
277
0
-131
14
-177
-81
-53
110
54
-21
277
-102
-229
167
-27
-215
20
153
-53
-108
91
19
-91
233
-121
-311
312
-258
-238
397
-203
105
371
-224
-144
-65
-176
-77
49
-224
-148
273
13
61
141
176
2
-357
59
13
-76
42
86
305
241
-23
11
227
1
-350
-316
73
67
153
320
-302
-216
-225
-401
76
-159
-79
86
-86
212
463
171
-110
79
123
171
47
-217
142
332
162
173
-173
-134
-69
-227
111
-28
-246
85
76
-203
223
86
-179
159
-55
-32
48
-154
-90
21
86
78
176
54
-285
-159
-99
-2
354
151
-146
-88
-49
-12
77
-20
-89
15
-136
-22
79
-331
-335
142
462
109
-140
66
-182
-298
-186
317
332
15
150
-209
149
122
-297
52
139
-2
-130
100
93
-66
-119
96
150
-357
-303
-110
50
165
-183
49
212
-238
-60
127
45
212
170
44
204
203
-54
98
142
-259
-162
171
-52
-147
274
243
-173
-185
81
338
-60
-317
355
59
-80
136
-126
129
-84
-264
-261
-307
-41
33
44
-18
-148
-197
44
262
-98
-19
107
-205
-121
-283
-111
305
-314
-560
-97
-33
116
137
-249
231
727
-66
-174
283
-140
54
329
-76
72
3
141
193
-439
-208
439
347
253
223
29
331
72
-219
59
95
51
-184
-279
-348
-78
241
145
189
29
28
88
56
53
-18
103
-76
-368
-112
313
-125
-397
312
150
6
308
-57
-1
274
286
-6
-112
110
-157
-192
-97
-223
-366
-69
341
-55
143
194
-364
-73
-221
-373
155
196
-34
20
-28
-343
-92
-8
-83
100
-16
67
-76
-135
-100
-315
-214
-250
-289
-16
48
-456
-464
58
-3
353
421
-113
274
289
-106
217
142
-156
254
-20
-261
145
41
264
355
86
74
132
196
-214
-134
203
0
-176
-300
97
124
-64
106
-98
173
405
58
67
316
460
320
236
292
-44
-281
-427
-405
70
-33
-101
117
-158
-102
64
-136
-69
192
15
-177
83
142
112
275
181
7
16
-286
-389
-15
106
218
133
-67
-154
-191
111
45
-141
-32
-417
-189
-76
-447
-199
-497
-338
-193
-178
32
-444
-58
74
-212
-8
-440
-627
-90
-133
-485
-578
-401
-167
-388
-291
-7
146
113
-222
198
359
184
388
-20
250
550
270
799
795
572
643
550
545
291
490
555
459
811
764
926
909
831
995
685
807
843
594
770
805
541
424
473
476
426
228
222
167
255
363
95
131
-112
-191
-159
-465
-339
-534
-830
-982
-1284
-1297
-1443
-1660
-1655
-1641
-1862
-2185
-2105
-2320
-2721
-2545
-2567
-2497
-2299
-2566
-2461
-2237
-2205
-2245
-2429
-1842
-1427
-1536
-1030
-808
-653
-409
-403
-183
-112
136
357
672
1449
1784
2210
2821
3201
4122
4955
5507
6164
6372
6764
6846
6509
6246
5323
4764
4086
2871
1946
663
-299
-987
-1869
-2482
-2873
-2905
-3087
-3169
-2772
-2599
-2488
-2391
-2326
-2106
-2051
-2050
-2030
-2007
-1728
-1615
-1582
-1023
-643
-258
385
733
1286
1824
2196
2357
2292
2319
2212
2112
1853
1575
1413
916
219
-324
-731
-1101
-1253
-1373
-1571
-1842
-2010
-2097
-2253
-2149
-2214
-2321
-2214
-2231
-2167
-2087
-1939
-1971
-2128
-2073
-2350
-2537
-2534
-2794
-2978
-3271
-3350
-3298
-3639
-3812
-3799
-3639
-3572
-3516
-3080
-2904
-2573
-2023
-1562
-706
107
716
1436
2526
3818
4912
6099
7476
8817
9926
10893
11764
12431
12805
12583
11941
11085
9821
8218
6453
4624
2768
1061
-627
-2369
-3567
-4524
-5460
-5976
-6341
-6433
-6435
-6355
-6103
-6049
-5781
-5609
-5347
-4995
-5074
-4860
-4440
-4144
-3737
-3124
-2412
-1581
-742
98
1045
1990
2864
3538
3950
4479
4743
4607
4602
4348
3984
3640
3203
2701
2234
1741
1171
918
542
167
-37
-457
-772
-996
-1257
-1728
-2216
-2487
-2784
-3097
-3341
-3417
-3410
-3369
-3316
-3328
-3324
-3355
-3597
-3917
-4027
-4103
-4360
-4650
-4765
-4769
-4783
-4740
-4558
-4271
-3920
-3476
-2975
-2366
-1850
-1467
-1084
-778
-366
17
451
1005
1572
2497
3601
4749
6063
7680
9534
11174
12692
14042
14940
15362
15188
14541
13538
12033
10032
7874
5501
2876
473
-1880
-4053
-5798
-7170
-8045
-8753
-9088
-8858
-8453
-7998
-7603
-7261
-6762
-6182
-5877
-5656
-5288
-4979
-4660
-4251
-3791
-3076
-2142
-1268
-259
1119
2585
3735
4842
5966
6676
7266
7520
7276
6990
6408
5523
4380
3100
2036
988
-3
-896
-1581
-1785
-1827
-1850
-1772
-1456
-1019
-851
-770
-795
-1067
-1347
-1763
-2389
-2957
-3508
-4006
-4314
-4564
-4649
-4538
-4460
-4391
-4252
-4065
-3882
-3824
-3899
-4016
-4155
-4264
-4398
-4561
-4579
-4440
-4284
-4027
-3533
-3041
-2548
-2041
-1580
-1106
-575
120
672
1340
2369
3523
4829
6192
7862
9743
11672
13586
15036
16310
17522
18027
17804
17098
15685
13718
11294
8430
5424
2375
-717
-3804
-6509
-8775
-10522
-11774
-12798
-13092
-12845
-12327
-11532
-10878
-10015
-8812
-7601
-6569
-5729
-4748
-3906
-3292
-2571
-1830
-913
-3
771
1821
3058
4266
5248
6234
7279
7861
8299
8384
7842
7208
6278
5037
3578
1829
128
-1569
-3208
-4488
-5496
-6003
-6184
-6114
-5543
-4698
-3459
-2207
-916
325
1353
2224
2611
2707
2649
2231
1622
954
7
-610
-1300
-1990
-2391
-2878
-2914
-3057
-3152
-3186
-3409
-3598
-3779
-4023
-4577
-4900
-5278
-5681
-5956
-6239
-6133
-5817
-5413
-4715
-3887
-2900
-1784
-899
43
915
1659
2443
3124
4023
4988
5973
7209
8537
10122
11797
13499
15196
16496
17479
18017
17974
17235
15654
13624
11143
8105
4637
923
-2552
-5886
-9038
-11743
-13826
-15198
-16170
-16577
-16384
-15469
-14207
-12785
-11205
-9444
-7432
-5584
-3872
-2455
-1113
57
1048
1865
2566
3302
3883
4517
5149
5976
6770
7313
7608
7711
7681
7471
6823
5837
4822
3444
2030
335
-1546
-3210
-4886
-6356
-7480
-8077
-8219
-7859
-7158
-5939
-4090
-2202
-143
1832
3740
5603
6871
7533
7710
7334
6476
5122
3173
1263
-731
-2876
-4632
-6135
-7275
-8155
-8810
-9183
-9302
-9148
-8880
-8671
-8438
-7964
-7451
-6814
-6224
-5574
-4682
-3851
-2934
-2173
-1326
-346
573
1630
2577
3786
5176
6464
7980
9715
11718
13676
15468
17344
18905
19937
20456
20400
19711
18198
15986
13252
9995
6313
2374
-1654
-5566
-9160
-12345
-15049
-17058
-18201
-18691
-18729
-18105
-16706
-14856
-12906
-10904
-8845
-6793
-4862
-3177
-1751
-417
896
2065
3069
4008
4990
5982
6912
7747
8531
9222
9676
9823
9634
9254
8535
7474
6078
4386
2631
571
-1609
-3892
-6023
-7777
-9346
-10429
-11124
-11132
-10497
-9372
-7668
-5534
-2945
-305
2373
4876
7154
9109
10369
10896
10840
10229
8864
7042
4697
2313
-194
-2711
-4940
-7094
-8871
-10254
-11222
-11982
-12109
-11866
-11562
-11088
-10481
-9565
-8610
-7632
-6597
-5467
-4387
-3249
-2051
-962
87
1117
2030
2921
3986
5078
6286
7690
9283
11088
13040
15017
16927
18618
19880
20617
20803
20388
19184
17194
14526
11274
7597
3470
-872
-5132
-9086
-12635
-15726
-18057
-19606
-20309
-20264
-19682
-18328
-16251
-13851
-11355
-8769
-6228
-3775
-1592
274
1762
2946
4068
4931
5630
6265
6998
7571
7999
8353
8710
9006
8936
8526
7881
7266
6260
5014
3394
1557
-205
-2241
-4387
-6546
-8430
-10058
-11236
-11992
-12094
-11390
-10233
-8524
-6246
-3467
-400
2701
5568
8169
10498
12308
13296
13436
13047
12123
10415
8012
5262
2410
-521
-3500
-6295
-8683
-10689
-12347
-13580
-14301
-14479
-14247
-13730
-12945
-11921
-10627
-9138
-7757
-6458
-5014
-3513
-2090
-787
371
1505
2624
3562
4444
5381
6234
7088
8031
9125
10454
11818
13085
14426
15811
17082
18023
18361
18266
17635
16340
14312
11419
8115
4463
522
-3380
-7278
-10773
-13732
-16217
-18069
-19090
-19180
-18695
-17692
-16089
-13740
-11065
-8342
-5912
-3523
-1063
1017
2854
4180
5255
6078
6718
7068
7116
7267
7208
7064
6788
6532
6317
5914
5324
4521
3734
2945
1904
406
-1178
-2817
-4382
-6152
-7990
-9406
-10408
-10998
-11163
-10629
-9475
-7650
-5396
-2623
535
3810
6940
9670
12197
14198
15407
15653
14951
13676
11760
9074
5885
2310
-1240
-4737
-8091
-10901
-13299
-14966
-16032
-16523
-16406
-15782
-14785
-13629
-12294
-10631
-8725
-6993
-5513
-4105
-2484
-864
444
1519
2570
3610
4517
5207
5715
6216
6776
7343
7946
8790
9897
11017
12109
13406
14962
16328
17158
17365
17094
16384
14978
12827
9902
6583
3108
-535
-4246
-7928
-11180
-13939
-16083
-17487
-18051
-17796
-17076
-15822
-13909
-11339
-8632
-6173
-3880
-1668
508
2274
3563
4357
4878
5349
5558
5604
5510
5435
5337
5061
4894
4819
4720
4403
3856
3358
2852
2124
1005
-490
-1962
-3442
-5001
-6650
-8242
-9366
-10127
-10334
-10109
-9236
-7734
-5721
-3197
-332
2967
6177
9222
11903
14298
16101
16987
16950
15918
14159
11586
8397
4626
607
-3405
-7132
-10470
-13457
-15788
-17341
-18134
-18289
-17692
-16415
-14760
-12986
-10983
-8835
-6700
-4702
-3148
-1714
-314
1011
2072
2669
3330
4008
4543
4868
4952
5113
5286
5457
5752
6327
7209
8317
9610
10962
12668
14421
15690
16366
16437
16180
15277
13625
11066
7952
4933
1645
-1845
-5431
-8610
-11193
-13351
-14992
-16006
-16041
-15597
-14669
-13284
-11463
-9114
-6931
-4985
-3175
-1281
488
1746
2546
3076
3662
4181
4409
4419
4466
4588
4694
4561
4392
4342
4208
3936
3319
2800
2266
1397
124
-1424
-2682
-3986
-5407
-6961
-8286
-9017
-9287
-9067
-8531
-7183
-5151
-2708
14
2937
6258
9349
11969
14010
15576
16683
16782
15772
13834
11323
8245
4443
140
-4169
-8064
-11509
-14570
-16976
-18363
-18836
-18577
-17716
-16291
-14261
-11998
-9938
-8009
-5982
-4029
-2364
-1136
-65
1060
2123
2923
3341
3691
4115
4522
4515
4263
4103
4218
4417
4639
5149
6062
7291
8551
9919
11547
13365
14797
15506
15709
15666
15114
13612
11279
8520
5708
2719
-544
-3918
-6932
-9401
-11533
-13224
-14386
-14710
-14526
-13948
-13043
-11516
-9528
-7693
-6090
-4637
-2867
-1211
193
1047
1656
2536
3337
3941
4141
4495
4981
5292
5553
5519
5623
5496
5102
4462
3620
2931
1705
188
-1638
-3246
-4529
-5969
-7353
-8701
-9293
-9384
-9103
-8402
-7293
-5358
-2954
-161
2789
5983
9244
11943
14034
15604
16665
16721
15497
13313
10617
7461
3582
-821
-5166
-9016
-12358
-15186
-17343
-18603
-18860
-18353
-17370
-15904
-13817
-11348
-8949
-6770
-4649
-2539
-749
419
1160
1958
2898
3573
3778
3806
4010
4305
4290
3905
3575
3623
3825
3938
4150
4760
5713
6799
7980
9299
10922
12518
13679
14294
14533
14563
13835
12193
9764
7145
4607
1652
-1502
-4626
-7240
-9268
-11186
-12822
-13678
-13811
-13549
-12965
-12064
-10463
-8719
-7189
-5757
-4406
-2693
-1165
-31
735
1506
2621
3500
4107
4514
5042
5631
5949
6016
5934
5799
5486
4855
3836
2873
1780
437
-1280
-3054
-4530
-5872
-7082
-8561
-9382
-9708
-9346
-8583
-7611
-5840
-3594
-861
1918
4842
7761
10768
13177
14986
16191
16569
16258
14666
12232
9061
5591
1699
-2557
-6828
-10666
-13689
-16118
-17912
-19041
-19088
-18114
-16478
-14526
-12285
-9597
-6797
-4272
-2173
-390
1266
2540
3164
3429
3732
4040
4123
3819
3375
3213
3181
2922
2439
2103
2188
2569
2945
3318
4054
5125
6347
7517
8736
10290
11732
12744
13119
13098
13041
12407
10985
8811
6449
4305
1836
-1014
-4096
-6706
-8545
-10325
-11937
-13134
-13567
-13265
-12865
-12272
-11236
-9716
-8107
-6720
-5282
-3613
-1760
-148
1027
2123
3426
4801
5793
6264
6562
7040
7448
7336
6739
6009
5433
4623
3362
1876
438
-862
-2452
-4165
-5690
-6725
-7457
-8348
-8851
-8745
-7978
-6768
-5578
-4135
-2024
631
3354
5787
7957
10427
12745
14241
14824
14519
13906
12527
10019
6856
3310
-316
-4014
-7747
-11103
-13730
-15608
-16845
-17532
-17324
-16228
-14530
-12512
-10480
-8073
-5482
-3027
-1131
202
1528
2667
3559
3827
3730
3806
3904
3820
3368
3078
2960
2808
2577
2184
2091
2262
2451
2712
3176
4015
5136
6242
7297
8519
9846
11021
11741
11978
11971
11600
10781
9280
7255
5053
2631
156
-2567
-5229
-7631
-9750
-11379
-12727
-13456
-13653
-13356
-12592
-11563
-10103
-8460
-6643
-4891
-3178
-1289
485
2137
3489
4584
5650
6594
7219
7443
7418
7156
6815
6268
5427
4529
3474
2408
1217
-141
-1514
-2996
-4322
-5627
-6813
-7708
-8466
-8764
-8641
-8120
-7033
-5570
-3716
-1494
889
3475
6079
8459
10647
12422
13731
14508
14446
13648
12223
10127
7434
4112
322
-3548
-7272
-10702
-13770
-16244
-17802
-18429
-18165
-17139
-15503
-13184
-10409
-7591
-4857
-2295
0
1896
3202
3996
4449
4669
4599
4141
3597
3206
2924
2627
2250
1874
1753
1840
1812
1830
1989
2446
3176
3837
4554
5414
6628
8043
9263
10282
10987
11524
11763
11437
10562
9110
7331
5276
2831
119
-2731
-5383
-7735
-9891
-11639
-12857
-13415
-13465
-13189
-12360
-10974
-9145
-7258
-5510
-3675
-1751
162
1739
2866
3779
4635
5451
6033
6291
6377
6461
6499
6346
5974
5424
4749
3885
2799
1582
248
-1222
-2850
-4585
-6066
-7231
-8205
-8838
-9197
-9030
-8175
-6967
-5398
-3556
-1447
1026
3587
6070
8266
10160
11797
13017
13727
13709
12939
11572
9704
7301
4356
914
-2793
-6374
-9739
-12673
-15149
-16983
-17898
-17928
-17034
-15457
-13286
-10618
-7661
-4690
-1895
638
2656
4255
5199
5583
5707
5363
4765
3962
3074
2391
1776
1176
578
46
-222
-271
-213
-156
-38
510
1359
2225
3206
4304
5699
7392
9018
10417
11486
12366
12978
13030
12482
11159
9345
7293
4710
1706
-1434
-4468
-7199
-9675
-11782
-13261
-14018
-14136
-13813
-13043
-11683
-9931
-8024
-6134
-4353
-2469
-520
1200
2638
3799
4785
5768
6629
7194
7497
7636
7713
7684
7376
6770
5908
4826
3570
2059
288
-1575
-3479
-5352
-6989
-8419
-9485
-10074
-10315
-10058
-9236
-7845
-6043
-3964
-1792
506
3136
5684
7998
9851
11168
12337
13061
13086
12321
10863
9126
7085
4524
1431
-1981
-5248
-8223
-10976
-13421
-15469
-16659
-16823
-16198
-14911
-13049
-10479
-7494
-4501
-1594
1003
3133
4873
5964
6207
6081
5635
4796
3728
2531
1534
807
283
-244
-870
-1289
-1378
-1301
-1290
-1266
-958
-263
741
1890
3171
4747
6681
8744
10647
12255
13548
14511
14977
14709
13590
11724
9329
6519
3348
-97
-3567
-6811
-9673
-12094
-13956
-15086
-15532
-15258
-14454
-13159
-11407
-9371
-7193
-5176
-3101
-1153
802
2667
3992
5155
6111
7102
7967
8543
8871
8906
8940
8730
8287
7402
6137
4524
2611
683
-1573
-3883
-6181
-8340
-10044
-11338
-12218
-12583
-12334
-11455
-9904
-7922
-5427
-2747
-59
2717
5229
7695
9831
11391
12493
13113
13346
13169
12334
10831
8996
6750
4189
1194
-2082
-5290
-8546
-11295
-13573
-15509
-16531
-16541
-15688
-14101
-11848
-9122
-6093
-2996
-211
2155
4079
5373
5999
6065
5593
4785
3804
2608
1366
265
-695
-1399
-1819
-2135
-2302
-2222
-2001
-1637
-1157
-643
101
1202
2529
4016
5695
7616
9772
11893
13614
14782
15409
15496
14972
13677
11476
8573
5395
2035
-1619
-5330
-8745
-11711
-14081
-15677
-16493
-16599
-15988
-14727
-12967
-10817
-8441
-6081
-3855
-1750
242
2108
3803
5244
6410
7396
8311
9176
9864
10249
10303
10050
9530
8690
7431
5691
3462
983
-1465
-3900
-6366
-8839
-11179
-12922
-13873
-14215
-13923
-13008
-11484
-9252
-6496
-3479
-399
2564
5307
7670
9654
11273
12382
13048
13185
12712
12025
11164
9859
8129
6000
3612
1090
-1565
-4410
-7530
-10529
-12816
-14546
-15691
-15755
-15047
-13769
-11731
-9014
-6025
-3102
-220
2133
3926
5351
6147
6210
5415
4352
3253
1888
654
-357
-1254
-1858
-1977
-1825
-1727
-1625
-1377
-1159
-1053
-677
28
798
1735
2955
4400
6236
8494
10752
12589
13837
14631
15087
14960
13975
12001
9124
5774
2322
-1246
-4957
-8556
-11848
-14465
-16073
-16719
-16596
-15894
-14486
-12592
-10276
-7407
-4587
-2194
-108
1748
3363
4843
6157
7089
7613
8005
8482
8938
9514
9822
9394
8587
7736
6758
5341
3418
799
-2203
-4958
-7454
-9713
-11799
-13507
-14589
-14850
-14119
-12655
-10663
-8200
-5421
-2500
616
3813
6548
8551
10006
11064
11727
12087
12069
11449
10490
9583
8626
7489
6221
4648
2648
388
-1987
-4496
-7241
-9868
-12099
-14010
-15113
-15212
-14511
-13012
-10925
-8243
-5210
-2250
629
3094
4855
5849
6132
5929
5165
3952
2689
1367
-15
-1051
-1712
-2084
-2061
-1853
-1525
-1235
-1041
-734
-600
-535
-210
367
1219
2292
3756
5550
7612
9908
11980
13554
14515
14966
14760
13733
11856
8919
5324
1460
-2519
-6331
-9737
-12693
-14966
-16173
-16338
-15525
-13981
-11891
-9583
-6955
-4132
-1729
291
1880
3025
3743
4326
4866
5338
5774
6337
6819
7225
7788
8182
8172
7705
6914
5685
4080
2133
-314
-3108
-5881
-8433
-10643
-12431
-13591
-13976
-13592
-12371
-10643
-8196
-5404
-2457
547
3129
5346
7068
8300
8933
9260
9211
8989
8748
8499
8273
7857
7503
7119
6424
5512
4366
2546
104
-2626
-5501
-8569
-11534
-13726
-15167
-15729
-15095
-13610
-11467
-8657
-5342
-2026
961
3593
5463
6510
6887
6506
5493
3962
2233
532
-1059
-2190
-2848
-3191
-3178
-2803
-2148
-1567
-1300
-1078
-895
-870
-688
-250
310
1041
2130
3711
5750
8277
11065
13447
15163
16198
16392
15807
14259
11614
7988
3649
-644
-4801
-8702
-11770
-14210
-15769
-16027
-15344
-13779
-11406
-8735
-6176
-3848
-1655
-27
825
1505
1858
1768
1915
2387
2920
3715
4964
6287
7435
8531
9334
9480
9037
8219
6764
4588
1992
-1106
-4566
-7739
-10271
-12291
-13799
-14437
-14203
-13146
-11196
-8636
-5784
-2927
-185
2275
4268
5911
6977
7361
7329
6870
6449
6411
6415
6761
7337
7593
7758
7817
7505
6745
5452
3494
767
-2310
-5273
-8252
-11156
-13311
-14616
-15218
-14587
-12765
-10361
-7405
-4040
-890
1695
3818
5432
6301
6301
5593
4258
2384
631
-791
-1979
-2735
-3078
-3072
-2811
-2189
-1307
-643
-274
-195
-447
-933
-1474
-1562
-1161
-405
884
2612
4719
7307
10249
13198
15500
16681
17151
16368
14565
11983
8496
4408
-186
-4428
-8357
-11636
-13646
-14504
-14368
-13318
-11709
-9749
-7512
-5265
-3265
-1716
-613
-156
-193
-326
-430
-299
355
1413
2696
4346
6241
8057
9789
11224
11717
11155
9675
7225
4019
759
-2411
-5807
-8993
-11526
-13439
-14464
-14257
-13049
-11075
-8760
-6135
-3830
-1743
494
2381
3830
4520
4735
4474
4084
3925
3955
4214
4821
5688
6663
7893
8976
9761
10112
9778
8444
6248
3516
193
-3431
-6787
-9876
-12703
-14350
-14894
-14727
-13494
-11107
-8343
-5248
-1702
1288
3231
4560
5286
4981
4218
3261
1810
128
-1054
-1784
-2249
-2191
-1732
-1225
-980
-706
-483
-518
-728
-913
-1533
-2649
-3494
-3747
-3292
-2062
169
2879
5511
8464
11580
14207
16224
17574
17728
16406
14100
10809
6707
2523
-1307
-4786
-7916
-10262
-11830
-12500
-11873
-10356
-8650
-6914
-5347
-4404
-3886
-3398
-2903
-2693
-2670
-2658
-2844
-2656
-1498
475
2849
5427
7906
9662
10822
11629
11633
10737
9122
6603
3180
-494
-3997
-7151
-9579
-11133
-11856
-11987
-11440
-10103
-8327
-6210
-4052
-2205
-762
144
558
618
566
603
819
1320
2081
3008
4238
5873
7642
9385
11014
12024
12049
11284
9861
7719
5046
2167
-931
-4293
-7306
-9629
-11567
-12780
-12783
-12042
-10894
-9101
-6880
-4774
-2767
-576
1122
1983
2759
3179
2854
2347
1897
1195
403
65
-168
-578
-761
-659
-811
-1164
-1305
-1613
-2245
-2862
-3292
-3964
-4459
-4255
-3694
-2701
-1049
1255
3796
6564
9504
12248
14383
15974
16683
16152
14583
12079
8837
5247
1684
-1506
-4270
-6623
-8195
-9210
-9550
-9211
-8310
-7235
-6281
-5517
-5139
-5197
-5402
-5385
-5319
-5081
-4438
-3490
-2291
-479
2042
4789
7528
10051
11811
12562
12419
11414
9478
6923
4003
769
-2439
-5307
-7646
-9325
-10063
-9996
-9491
-8372
-6967
-5702
-4579
-3667
-3029
-2665
-2350
-2028
-1845
-1470
-644
409
1792
3550
5341
7092
8674
9889
10522
10711
10423
9477
8027
6223
4037
1548
-672
-2802
-4688
-6186
-7207
-7989
-8599
-8584
-8344
-7926
-7089
-5837
-4701
-3516
-2144
-945
-17
1096
2152
2762
3185
3361
3194
2605
2051
1348
413
-568
-1387
-2230
-3043
-3557
-4016
-4352
-4659
-4781
-4907
-4888
-4548
-3814
-2508
-613
1711
4229
6810
9158
11412
13358
14733
15461
15403
14345
12369
9775
6710
3489
438
-2146
-4538
-6556
-7994
-8927
-9335
-9082
-8393
-7655
-6883
-6289
-6007
-5869
-5616
-5294
-4742
-3764
-2512
-959
1001
3175
5379
7510
9344
10535
10959
10662
9527
7568
5125
2513
-202
-2692
-4795
-6458
-7572
-8063
-7958
-7516
-6662
-5632
-4658
-3847
-3154
-2863
-2817
-2681
-2574
-2420
-1903
-978
78
1492
3189
4837
6275
7701
8820
9311
9296
8726
7625
6105
4493
2657
824
-903
-2301
-3361
-4299
-4981
-5470
-5770
-6020
-5960
-5740
-5402
-4957
-4294
-3504
-2744
-1700
-433
819
1893
2813
3437
3568
3341
2998
2252
1106
-17
-1277
-2628
-3786
-4716
-5442
-5816
-5669
-5364
-5022
-4584
-4263
-3980
-3497
-2533
-1143
591
2789
5062
7309
9514
11616
13324
14465
15081
14710
13423
11414
8775
5701
2592
-380
-3002
-5147
-6662
-7609
-8235
-8353
-8017
-7393
-6602
-5760
-5051
-4604
-4399
-4146
-3882
-3474
-2585
-1460
-105
1529
3236
4823
6235
7524
8320
8508
8176
7130
5394
3321
1172
-1003
-2921
-4285
-5160
-5745
-5929
-5691
-5419
-5050
-4373
-3837
-3629
-3473
-3570
-4006
-4351
-4412
-4254
-3653
-2372
-701
1151
3165
5038
6372
7275
7858
7816
7415
6776
5716
4416
3053
1819
735
52
-273
-488
-633
-827
-1292
-1929
-2542
-3300
-3937
-4324
-4569
-4748
-4529
-4029
-3441
-2508
-1195
137
1270
2364
3015
3012
2730
2199
1061
-307
-1510
-2850
-4183
-5007
-5397
-5499
-5130
-4408
-3729
-3150
-2591
-2258
-2192
-2006
-1610
-1024
84
1679
3459
5440
7564
9591
11318
12644
13444
13419
12489
10777
8291
5315
2283
-521
-2798
-4473
-5611
-6161
-6216
-5932
-5376
-4707
-4098
-3665
-3486
-3591
-4007
-4522
-4811
-4799
-4425
-3525
-2121
-410
1472
3409
5114
6362
7164
7496
7208
6309
4980
3337
1498
-257
-1723
-2885
-3660
-3913
-3754
-3444
-3096
-2781
-2677
-2851
-3204
-3717
-4405
-5083
-5514
-5660
-5467
-4726
-3346
-1502
586
2737
4618
5951
6773
7120
6878
6161
5254
4224
3201
2515
2089
1679
1553
1776
1876
1768
1575
939
-307
-1761
-3261
-4928
-6417
-7204
-7356
-6991
-5870
-4215
-2472
-581
1328
2756
3662
4240
4309
3804
3012
1935
489
-917
-2033
-3001
-3726
-4073
-4171
-4078
-3776
-3433
-3280
-3311
-3460
-3805
-4208
-4438
-4485
-4152
-3142
-1553
457
2883
5568
8186
10552
12553
13805
14077
13579
12317
10240
7758
5190
2620
414
-1112
-2129
-2745
-2865
-2765
-2784
-2822
-2934
-3412
-4105
-4872
-5875
-6926
-7606
-7869
-7704
-6872
-5385
-3544
-1406
990
3181
4858
6122
6810
6691
6090
5206
3834
2335
1239
350
-356
-529
-434
-414
-292
-171
-424
-1025
-1746
-2687
-3972
-5192
-6085
-6802
-6986
-6323
-5219
-3767
-1799
370
2362
4063
5328
5910
5912
5633
5031
4159
3358
2692
2145
1895
1934
2061
2181
2301
2218
1669
694
-649
-2311
-4000
-5428
-6505
-7059
-6984
-6350
-5139
-3607
-1973
-233
1387
2712
3684
4268
4332
3909
3270
2490
1494
470
-417
-1368
-2290
-2935
-3393
-3766
-3972
-3952
-3965
-4066
-4165
-4420
-4801
-5124
-5318
-5308
-4874
-3874
-2342
-365
2005
4578
7126
9505
11480
12816
13337
13144
12336
10870
9036
7051
5017
3193
1703
547
-380
-1159
-1799
-2446
-3122
-3785
-4553
-5354
-6096
-6784
-7393
-7791
-7703
-7188
-6283
-4894
-3301
-1671
22
1612
2910
3830
4402
4637
4482
4158
3704
3016
2390
1912
1529
1330
1255
1095
758
360
-193
-928
-1621
-2256
-2965
-3621
-4025
-4267
-4353
-4098
-3547
-2860
-1944
-893
16
776
1405
1759
1799
1821
1787
1597
1530
1618
1775
1968
2326
2718
2950
3184
3258
2942
2301
1380
165
-1178
-2354
-3316
-4075
-4433
-4298
-3889
-3238
-2313
-1390
-517
358
997
1285
1279
991
533
76
-276
-537
-788
-1001
-1169
-1383
-1615
-1793
-1954
-2125
-2264
-2395
-2596
-2868
-3141
-3414
-3629
-3585
-3280
-2823
-2083
-988
318
1812
3482
5177
6714
8018
9062
9620
9643
9313
8549
7443
6331
5141
3853
2723
1748
862
152
-346
-782
-1283
-1765
-2344
-3235
-4204
-5085
-6037
-6845
-7223
-7284
-7000
-6253
-5247
-4150
-2896
-1522
-186
1050
2148
2973
3439
3669
3744
3656
3568
3592
3589
3522
3393
3084
2622
2101
1499
828
157
-514
-1232
-2011
-2768
-3505
-4220
-4687
-4848
-4823
-4482
-3818
-3102
-2309
-1419
-656
-24
554
1033
1348
1632
1910
2071
2341
2729
3148
3587
3907
4131
4032
3602
3045
2176
1168
172
-819
-1717
-2542
-3126
-3533
-3802
-3754
-3533
-3185
-2720
-2269
-1840
-1458
-1093
-684
-260
176
574
840
1061
1135
915
641
304
-142
-571
-920
-1223
-1621
-1931
-2198
-2543
-2794
-3036
-3319
-3598
-3708
-3677
-3511
-2866
-1815
-496
1240
3200
5043
6750
8271
9437
10112
10413
10330
9677
8794
7737
6413
5020
3686
2428
1163
95
-858
-1965
-3037
-4070
-5235
-6403
-7324
-8063
-8577
-8653
-8431
-8043
-7319
-6246
-5034
-3634
-1963
-285
1244
2725
3984
4831
5450
5907
6038
5899
5722
5429
4901
4345
3778
2995
2194
1519
675
-272
-1213
-2230
-3321
-4396
-5231
-5917
-6323
-6249
-5896
-5267
-4387
-3338
-2247
-1182
-198
532
1052
1381
1568
1763
1958
2178
2587
3167
3753
4323
4780
4908
4692
4250
3496
2333
1008
-332
-1747
-3018
-3925
-4587
-4971
-4844
-4336
-3708
-2924
-2030
-1292
-707
-148
231
381
591
881
1009
1066
1148
1086
903
749
513
113
-287
-644
-1103
-1612
-2082
-2608
-3093
-3376
-3600
-3843
-3995
-4114
-4213
-4099
-3645
-2859
-1647
75
2070
4094
6106
7877
9215
10181
10716
10719
10253
9403
8213
6758
5191
3617
2085
782
-216
-1077
-1839
-2476
-3135
-3870
-4612
-5364
-6107
-6699
-7038
-7130
-6999
-6621
-5976
-5065
-3931
-2622
-1187
236
1526
2664
3560
4094
4329
4385
4254
3968
3642
3277
2878
2525
2176
1795
1462
1128
676
134
-459
-1118
-1819
-2475
-3066
-3550
-3865
-3962
-3846
-3591
-3117
-2475
-1774
-1038
-375
135
394
506
550
455
433
608
845
1180
1680
2112
2357
2544
2576
2317
1895
1384
680
-135
-858
-1506
-2115
-2412
-2397
-2267
-1889
-1325
-791
-350
56
423
561
602
678
612
529
546
463
264
58
-134
-403
-747
-992
-1213
-1453
-1610
-1758
-1942
-2117
-2244
-2373
-2507
-2559
-2608
-2707
-2767
-2758
-2689
-2422
-1832
-917
320
1852
3519
5094
6420
7408
7987
8121
7967
7556
6869
6068
5136
4128
3117
2141
1321
640
88
-351
-727
-1134
-1676
-2358
-3145
-3924
-4587
-5074
-5341
-5344
-5116
-4677
-4070
-3374
-2621
-1819
-956
-110
700
1373
1818
2119
2209
2155
2061
1971
2009
2141
2277
2359
2340
2229
2038
1745
1348
860
279
-333
-960
-1629
-2256
-2762
-3140
-3327
-3324
-3168
-2858
-2463
-2073
-1716
-1401
-1207
-1146
-1090
-956
-730
-371
173
776
1367
1967
2395
2646
2753
2680
2487
2138
1719
1220
598
65
-407
-794
-933
-905
-775
-561
-321
-139
-81
-84
-141
-304
-471
-609
-779
-932
-1051
-1165
-1233
-1207
-1105
-964
-770
-590
-519
-534
-652
-912
-1202
-1492
-1748
-1863
-1881
-1838
-1725
-1598
-1543
-1471
-1319
-1092
-676
2
904
1864
2919
3940
4700
5345
5807
6016
6043
5915
5571
4961
4273
3499
2641
1876
1264
726
262
-69
-427
-846
-1229
-1705
-2317
-2874
-3320
-3702
-3935
-3965
-3879
-3725
-3417
-2987
-2497
-1871
-1066
-282
405
1090
1553
1766
1865
1754
1555
1417
1309
1177
1068
1015
898
733
592
414
136
-117
-337
-698
-1127
-1488
-1867
-2204
-2328
-2299
-2156
-1833
-1379
-1002
-701
-423
-250
-109
55
301
592
911
1296
1596
1846
2008
2010
1865
1622
1301
851
429
11
-460
-839
-1104
-1307
-1404
-1335
-1206
-1067
-830
-571
-419
-286
-187
-229
-323
-403
-489
-619
-672
-681
-762
-767
-727
-716
-655
-515
-366
-261
-151
-146
-295
-485
-727
-982
-1102
-1105
-1070
-959
-792
-666
-611
-547
-466
-344
-49
402
917
1546
2215
2792
3341
3826
4146
4349
4438
4330
4045
3628
3066
2393
1676
1072
620
252
75
-20
-148
-269
-525
-838
-1117
-1429
-1679
-1841
-1942
-1992
-2019
-1948
-1828
-1707
-1446
-1119
-793
-438
-192
-92
-94
-182
-308
-477
-580
-612
-580
-410
-204
-21
139
266
310
255
197
121
-21
-125
-185
-270
-319
-338
-336
-299
-194
-2
136
311
482
543
576
595
577
526
580
618
571
525
421
272
56
-158
-357
-560
-691
-758
-830
-885
-869
-868
-864
-840
-776
-685
-609
-502
-463
-484
-539
-643
-757
-894
-1008
-1125
-1232
-1248
-1215
-1119
-921
-710
-510
-275
-84
32
106
116
104
62
37
36
15
30
53
140
294
533
867
1269
1767
2210
2613
2964
3172
3251
3190
3018
2668
2245
1832
1399
1003
693
520
419
370
391
383
310
225
74
-148
-316
-467
-658
-809
-925
-1083
-1230
-1311
-1416
-1529
-1558
-1557
-1534
-1432
-1267
-1106
-912
-675
-497
-351
-238
-130
-46
19
117
178
300
441
488
510
473
372
273
161
63
17
-2
41
116
183
265
338
418
467
467
415
363
267
78
-50
-191
-325
-370
-457
-526
-561
-645
-760
-874
-962
-1042
-1134
-1201
-1242
-1295
-1321
-1310
-1248
-1114
-952
-745
-557
-372
-173
-66
31
70
21
-21
-91
-171
-227
-224
-173
-85
30
151
264
356
417
406
397
379
328
269
199
162
116
172
363
603
933
1297
1652
1950
2146
2252
2230
2166
2050
1864
1694
1509
1318
1111
925
794
661
608
588
523
414
237
18
-290
-600
-844
-1066
-1188
-1253
-1318
-1373
-1401
-1428
-1497
-1521
-1499
-1490
-1454
-1358
-1257
-1133
-921
-655
-357
-9
376
747
1044
1238
1310
1256
1132
959
713
482
318
167
74
42
-15
-65
-61
-87
-171
-265
-396
-582
-743
-875
-1015
-1096
-1097
-1076
-1016
-938
-867
-782
-692
-612
-561
-544
-519
-482
-429
-350
-271
-150
3
101
168
201
150
76
14
-46
-84
-104
-111
-119
-146
-158
-144
-119
-46
76
209
362
496
578
625
628
611
620
627
644
678
683
685
699
698
730
800
828
857
925
943
905
828
722
601
485
413
339
295
299
300
310
336
369
404
431
432
431
425
382
288
159
36
-92
-243
-330
-356
-404
-417
-426
-492
-552
-621
-711
-811
-879
-887
-874
-840
-800
-769
-759
-756
-720
-680
-618
-537
-454
-350
-262
-166
-64
20
89
145
204
207
157
116
64
0
-36
-26
4
28
47
47
2
-89
-216
-352
-453
-528
-594
-627
-611
-561
-526
-473
-378
-298
-192
-56
52
129
178
215
220
244
311
342
383
427
392
326
263
195
138
128
158
184
234
290
304
322
376
425
479
581
684
736
756
763
733
660
605
571
524
469
409
325
208
118
33
-33
-61
-90
-86
-94
-146
-231
-331
-414
-493
-518
-508
-463
-337
-200
-44
127
277
425
537
592
593
537
457
362
250
132
53
11
-42
-77
-91
-142
-193
-230
-309
-400
-476
-560
-662
-763
-830
-859
-889
-912
-868
-816
-771
-692
-612
-525
-437
-334
-209
-126
-41
45
66
70
67
50
42
44
47
35
35
41
45
53
52
73
94
108
142
150
155
162
159
151
153
189
215
239
283
306
330
379
424
475
534
573
595
595
566
503
406
300
194
105
40
-28
-87
-124
-172
-207
-201
-173
-120
-53
2
45
70
64
64
51
22
28
26
27
28
-1
-16
-39
-71
-77
-56
-36
-32
-35
-45
-79
-137
-181
-211
-246
-261
-257
-235
-212
-198
-178
-149
-93
-23
37
92
140
165
174
179
150
134
119
90
98
92
86
93
84
72
64
39
15
-9
-47
-68
-94
-103
-87
-83
-49
-24
-13
6
4
-14
-34
-87
-152
-189
-255
-314
-330
-326
-315
-304
-272
-245
-218
-184
-136
-73
-41
-9
16
5
7
-8
-21
-4
33
83
137
203
253
284
316
334
347
355
353
323
266
195
108
23
-33
-72
-107
-105
-79
-63
-46
-6
32
56
89
101
76
57
26
-27
-58
-73
-90
-88
-77
-42
16
70
129
158
142
126
87
32
-4
-37
-58
-55
-49
-29
-11
-18
-19
-19
-32
-34
-38
-54
-64
-95
-133
-131
-127
-92
-23
29
104
138
145
141
90
61
10
-21
-2
-31
-49
-32
-28
-11
-1
47
104
105
151
152
82
57
-6
-84
-114
-127
-134
-119
-88
-48
-20
-3
52
51
46
76
25
-22
-72
-150
-191
-213
-195
-168
-117
-50
-27
8
36
25
11
6
21
22
18
32
31
27
40
50
54
72
63
26
-3
-40
-56
-46
-44
-17
8
-1
-2
-35
-92
-114
-135
-129
-92
-90
-87
-84
-89
-67
-65
-68
-35
-26
-15
21
34
57
67
70
98
134
190
242
276
277
261
265
246
219
184
135
86
39
3
-27
-58
-82
-87
-84
-71
-54
-50
-78
-99
-103
-139
-170
-186
-177
-140
-123
-82
-34
-7
31
38
48
80
101
121
126
122
113
79
40
4
-13
-13
-6
22
48
65
61
45
38
13
2
-8
-38
-31
-38
-47
-23
-18
-2
24
38
61
71
70
80
80
61
46
22
-3
-8
-7
10
45
70
84
75
37
-15
-76
-133
-157
-172
-188
-184
-160
-135
-120
-101
-75
-61
-61
-67
-74
-95
-114
-124
-122
-104
-84
-45
-7
20
29
24
29
-2
-31
-50
-95
-134
-158
-166
-154
-136
-110
-69
-19
35
78
109
137
151
151
138
120
110
116
137
168
211
270
331
355
341
301
256
201
134
70
3
-52
-112
-143
-146
-160
-142
-121
-80
-47
-50
-37
-52
-75
-102
-143
-127
-105
-105
-78
-41
-10
8
15
43
40
27
34
28
15
-1
-19
-29
-26
-14
2
29
42
41
36
16
-1
-16
-47
-71
-64
-52
-27
13
43
60
78
68
30
2
-14
-31
-39
-42
-54
-69
-74
-67
-46
-31
-20
7
29
31
26
15
-3
-20
-29
-31
-31
-23
-14
-9
4
11
19
20
23
25
13
-7
0
0
0
0
0
0
0
0
0
0
0
0
0
0
0
0
0
0
0
0
0
0
0
0
0
0
0
0
0
0
0
0
0
0
0
0
0
0
0
0
0
0
0
0
0
0
0
0
0
0
0
0
0
0
0
0
0
0
0
0
0
0
0
0
0
0
0
0
0
0
0
0
0
0
0
0
0
0
0
0
0
0
0
0
0
0
0
0
0
0
0
0
0
0
0
0
0
0
0
0
0
0
0
0
0
0
0
0
0
0
0
0
0
0
0
0
0
0
0
0
0
0
0
0
0
0
0
0
0
0
0
0
0
0
0
0
0
0
0
0
0
0
0
0
0
0
0
0
0
0
0
0
0
0
0
0
0
0
0
0
0
0
0
0
0
0
0
0
0
0
0
0
0
0
0
0
0
0
0
0
0
0
0
0
0
0
0
0
0
0
0
0
0
0
0
0
0
0
0
0
0
0
0
0
0
0
0
0
0
0
0
0
0
0
0
0
0
0
0
0
0
0
0
0
0
0
0
0
0
0
0
0
0
0
0
0
0
0
0
0
0
0
0
0
0
0
0
0
0
0
0
0
0
0
0
0
0
0
0
0
0
0
0
0
0
0
0
0
0
0
0
0
0
0
0
0
0
0
0
0
0
0
0
0
0
0
0
0
0
0
0
0
0
0
0
0
0
0
0
0
0
0
0
0
0
0
0
0
0
0
0
0
0
0
0
0
0
0
0
0
0
0
0
0
0
0
0
0
0
0
0
0
0
0
0
0
0
0
0
0
0
0
0
0
0
0
0
0
0
0
0
0
0
0
0
0
0
0
0
0
0
0
0
0
0
0
0
0
0
0
0
0
0
0
0
0
0
0
0
0
0
0
0
0
0
0
0
0
0
0
0
0
0
0
0
0
0
0
0
0
