0
0
0
0
0
0
0
0
0
0
0
0
0
0
0
0
0
0
0
0
0
0
0
0
0
0
0
0
0
0
0
0
0
0
0
0
0
0
0
0
0
0
0
0
0
0
0
0
0
0
0
0
0
0
0
0
0
0
0
0
0
0
0
0
0
0
0
0
0
0
0
0
0
0
0
0
0
0
0
0
0
0
0
0
0
0
0
0
0
0
0
0
0
0
0
0
0
0
0
0
0
0
0
0
0
0
0
0
0
0
0
0
0
0
0
0
0
0
0
0
0
0
0
0
0
0
0
0
0
0
0
0
0
0
0
0
0
0
0
0
0
0
0
0
0
0
0
0
0
0
0
0
0
0
0
0
0
0
0
0
0
0
0
0
0
0
0
0
0
0
0
0
0
0
0
0
0
0
0
0
0
0
0
0
0
0
0
0
0
0
0
0
0
0
0
0
0
0
0
0
0
0
0
0
0
0
0
0
0
0
0
0
0
0
0
0
0
0
0
0
0
0
0
0
0
0
0
0
0
0
0
0
0
0
0
0
0
0
0
0
0
0
0
0
0
0
0
0
0
0
0
0
0
0
0
0
0
0
0
0
0
0
0
0
0
0
0
0
0
0
0
0
0
0
0
0
0
0
0
0
0
0
0
0
0
0
0
0
0
0
0
0
0
0
0
0
0
0
0
0
0
0
0
0
0
0
0
0
0
0
0
0
0
0
0
0
0
0
0
0
0
0
0
0
0
0
0
0
0
0
0
0
0
0
0
0
0
0
0
0
0
0
0
0
0
0
0
0
0
0
0
0
0
0
0
0
0
0
0
0
0
0
0
0
0
0
0
0
0
0
0
0
0
0
0
0
0
0
0
0
0
0
0
0
0
0
0
0
0
0
0
0
0
0
0
0
24
40
50
58
83
92
89
85
89
98
103
106
111
98
98
98
86
94
95
88
82
71
75
88
75
54
36
13
-2
9
-6
-19
-15
-44
-57
-66
-82
-103
-127
-138
-159
-163
-164
-178
-165
-175
-184
-173
-168
-180
-177
-177
-182
-139
-156
-175
-147
-147
-131
-115
-110
-100
-92
-94
-98
-86
-80
-65
-47
-38
-23
-29
-20
4
-8
13
27
6
25
19
7
21
21
30
38
30
17
26
31
27
55
77
70
73
109
119
120
154
173
201
215
221
254
260
272
270
284
339
346
360
381
377
376
383
411
420
428
442
420
393
375
350
316
280
244
212
160
89
64
31
-42
-68
-110
-166
-187
-230
-274
-312
-340
-351
-389
-415
-424
-453
-472
-474
-479
-480
-475
-474
-471
-472
-471
-454
-436
-409
-394
-399
-377
-360
-367
-337
-321
-323
-297
-284
-283
-288
-281
-274
-279
-270
-276
-279
-278
-290
-291
-272
-257
-272
-273
-262
-282
-285
-277
-277
-253
-227
-200
-179
-140
-68
-27
38
128
225
329
411
514
603
698
815
929
1034
1126
1234
1323
1412
1501
1570
1613
1644
1695
1706
1701
1684
1608
1532
1457
1371
1266
1129
977
822
641
457
282
83
-121
-299
-465
-629
-775
-931
-1085
-1207
-1293
-1377
-1483
-1533
-1561
-1595
-1621
-1633
-1617
-1596
-1543
-1487
-1408
-1296
-1191
-1072
-974
-860
-724
-609
-517
-422
-326
-264
-198
-135
-104
-73
-39
-19
21
34
19
36
32
4
-18
-48
-95
-153
-191
-236
-266
-304
-368
-401
-431
-451
-474
-514
-527
-525
-494
-464
-441
-385
-310
-203
-85
65
207
342
507
640
790
964
1147
1318
1483
1681
1866
2011
2153
2302
2423
2535
2644
2698
2708
2676
2617
2527
2376
2206
1992
1741
1503
1236
960
685
390
77
-235
-521
-785
-1044
-1326
-1582
-1792
-2006
-2184
-2318
-2464
-2581
-2617
-2619
-2619
-2589
-2523
-2431
-2319
-2170
-1986
-1796
-1598
-1377
-1147
-913
-685
-477
-274
-69
112
294
475
633
758
861
971
1085
1169
1244
1304
1319
1358
1337
1245
1174
1065
956
828
680
548
372
201
43
-110
-262
-402
-509
-613
-682
-734
-794
-840
-866
-879
-878
-852
-802
-759
-712
-623
-532
-460
-354
-246
-169
-68
44
132
225
319
390
456
513
539
543
534
512
475
409
333
249
142
37
-39
-112
-195
-264
-317
-368
-391
-389
-411
-444
-437
-399
-364
-312
-235
-149
-30
143
328
504
689
869
1057
1275
1503
1725
1910
2022
2101
2175
2222
2225
2163
2049
1930
1818
1674
1491
1261
999
746
481
232
-21
-301
-565
-841
-1096
-1333
-1574
-1795
-1985
-2120
-2219
-2294
-2362
-2430
-2440
-2429
-2381
-2271
-2162
-2011
-1812
-1613
-1404
-1212
-1020
-816
-644
-441
-221
-23
182
347
498
645
761
872
974
1079
1164
1255
1325
1331
1321
1276
1216
1148
1088
1002
873
738
573
409
266
101
-42
-153
-283
-356
-411
-513
-598
-677
-720
-729
-719
-674
-618
-576
-528
-439
-397
-367
-313
-265
-194
-123
-61
-32
7
45
47
49
49
61
45
29
11
-46
-121
-216
-305
-375
-426
-464
-523
-555
-563
-614
-652
-647
-623
-506
-336
-170
45
259
463
709
952
1185
1437
1681
1891
2059
2168
2239
2260
2227
2198
2139
2050
1943
1792
1627
1418
1183
947
704
508
338
192
41
-136
-302
-496
-703
-899
-1075
-1213
-1338
-1422
-1487
-1574
-1670
-1764
-1823
-1839
-1826
-1776
-1685
-1575
-1461
-1356
-1252
-1108
-981
-879
-710
-519
-341
-160
-31
75
221
354
478
623
764
925
1056
1123
1146
1138
1124
1087
1057
1009
922
796
632
472
278
86
-120
-339
-497
-604
-674
-775
-892
-980
-1067
-1129
-1124
-1117
-1085
-1001
-942
-835
-729
-671
-577
-483
-353
-179
-41
62
179
266
371
458
471
525
548
572
625
598
549
470
362
278
204
126
54
-18
-113
-207
-302
-405
-520
-610
-634
-669
-679
-680
-760
-824
-875
-914
-874
-790
-661
-470
-244
-1
241
477
732
1017
1363
1749
2108
2414
2638
2800
2921
2990
3006
2955
2879
2791
2695
2535
2258
1964
1613
1240
950
652
381
132
-153
-433
-713
-1037
-1369
-1645
-1894
-2067
-2172
-2303
-2414
-2507
-2597
-2624
-2622
-2603
-2502
-2333
-2109
-1867
-1650
-1447
-1264
-1065
-855
-624
-359
-108
133
329
480
593
674
752
839
952
1082
1191
1262
1293
1260
1199
1136
1061
1002
941
835
697
549
345
136
-62
-296
-475
-630
-782
-883
-1003
-1138
-1241
-1298
-1291
-1247
-1205
-1174
-1123
-1039
-963
-896
-806
-722
-629
-509
-398
-293
-249
-213
-140
-99
-13
50
47
74
76
53
12
-32
-77
-113
-110
-130
-133
-153
-235
-297
-344
-331
-272
-166
-4
164
371
554
740
966
1185
1489
1829
2130
2420
2624
2713
2771
2802
2789
2746
2641
2501
2360
2184
1941
1642
1324
1004
694
431
212
-13
-230
-437
-657
-836
-1021
-1230
-1380
-1505
-1587
-1612
-1684
-1761
-1830
-1933
-1957
-1929
-1916
-1835
-1777
-1691
-1559
-1461
-1313
-1211
-1122
-962
-782
-621
-484
-360
-293
-196
-92
24
174
267
404
554
689
802
858
916
962
1003
1049
1081
1080
1030
952
856
745
596
428
253
96
-32
-180
-318
-462
-613
-728
-793
-825
-845
-807
-808
-774
-687
-676
-627
-583
-527
-458
-395
-293
-232
-173
-112
-44
14
51
106
137
163
184
191
185
160
129
102
82
64
46
11
-34
-94
-164
-215
-287
-355
-417
-503
-581
-711
-847
-961
-1096
-1173
-1239
-1246
-1164
-1083
-937
-746
-502
-181
144
515
909
1325
1800
2242
2607
2894
3114
3275
3395
3495
3545
3458
3257
3075
2864
2551
2200
1828
1454
1122
802
497
215
-121
-468
-744
-1009
-1251
-1487
-1725
-1894
-2001
-2102
-2210
-2276
-2356
-2364
-2317
-2267
-2101
-1985
-1870
-1701
-1546
-1340
-1164
-1019
-861
-686
-524
-362
-197
-79
17
79
137
224
302
393
503
599
697
786
858
931
973
1021
1089
1084
1083
1073
945
807
681
506
316
125
-65
-202
-329
-477
-586
-721
-833
-903
-952
-945
-967
-957
-930
-901
-813
-792
-777
-722
-680
-561
-426
-359
-254
-153
-74
66
173
216
270
347
428
483
502
477
393
322
291
213
101
1
-108
-208
-263
-311
-400
-495
-589
-669
-764
-868
-966
-1068
-1086
-1062
-995
-885
-780
-604
-381
-99
205
503
846
1224
1669
2103
2426
2678
2855
2974
3109
3170
3167
3130
2995
2861
2717
2484
2181
1855
1506
1149
895
629
326
14
-331
-564
-819
-1120
-1350
-1634
-1850
-1975
-2086
-2167
-2309
-2427
-2445
-2415
-2336
-2240
-2179
-2049
-1826
-1656
-1472
-1235
-1077
-981
-797
-525
-350
-274
-126
52
140
220
332
407
435
481
585
733
856
888
866
879
950
1046
1107
1072
974
879
790
702
597
400
147
-33
-181
-331
-438
-615
-893
-1019
-990
-1050
-1103
-991
-913
-969
-788
-533
-587
-602
-468
-345
-321
-205
8
-14
6
189
298
320
347
401
408
438
556
614
553
549
489
381
417
357
200
212
123
-244
-393
-474
-676
-720
-712
-608
-752
-1051
-976
-1210
-1753
-1886
-1906
-2031
-1906
-1431
-891
-532
-83
590
1121
1629
2298
2986
3650
4112
4433
4661
4628
4379
3984
3710
3267
2527
2217
1845
1069
592
202
-317
-819
-1185
-1261
-1500
-1863
-1888
-2061
-2425
-2378
-2193
-2054
-1793
-1511
-1118
-909
-852
-662
-804
-841
-513
-369
-125
46
81
188
-96
-374
-415
-567
-634
-632
-478
-279
-370
-417
-415
-714
-932
-755
-521
-324
13
392
541
542
692
697
534
639
768
788
832
704
511
372
146
-68
-230
-390
-514
-640
-720
-782
-960
-1124
-1068
-844
-682
-555
-290
-77
-59
0
206
356
358
475
768
839
770
849
780
555
367
248
195
-35
-124
-67
-354
-497
-464
-664
-808
-754
-764
-932
-907
-889
-1097
-1141
-1115
-1118
-1200
-1345
-1587
-2189
-2595
-2663
-2727
-2450
-1530
129
2043
3628
4864
5406
5235
5025
4759
4034
3183
2572
2146
1829
1221
164
-889
-1538
-1673
-1492
-1122
-570
39
789
1586
1955
1845
1558
1371
1439
1558
1474
1081
406
-150
-444
-825
-1308
-1534
-1438
-1334
-1310
-1289
-1459
-1851
-2021
-1831
-1629
-1540
-1335
-901
-601
-474
-270
-115
-33
27
273
550
484
370
101
-476
-885
-981
-1066
-1288
-1313
-1028
-708
-614
-733
-790
-754
-376
245
536
737
964
1147
1353
1278
848
234
-58
73
-23
-271
-380
-478
-552
-514
-439
-544
-503
-102
220
486
753
795
811
802
655
384
-32
-198
-247
-394
-236
47
133
140
220
234
101
37
153
261
300
531
626
431
213
-146
-463
-650
-811
-825
-789
-665
-522
-787
-1197
-1696
-2492
-2932
-2895
-2410
-1600
-1079
-668
-809
-1790
-2535
-2951
-3033
-2067
76
3193
6198
7931
8428
7885
6765
5634
4468
3227
2020
1514
1678
1180
-86
-1514
-2554
-2877
-2682
-1862
-966
-85
1202
2099
2308
1895
870
53
-190
-100
-12
-523
-1325
-1719
-1967
-2158
-2184
-2159
-1805
-1128
-527
-282
-431
-821
-1227
-1320
-1138
-901
-784
-747
-725
-758
-703
-670
-440
-122
202
721
751
528
287
-331
-882
-1081
-1042
-862
-448
264
978
1341
1367
1127
700
434
470
604
706
717
622
690
636
-20
-1020
-1700
-1530
-1142
-730
-8
330
331
300
306
344
152
313
736
898
1090
1140
885
418
11
-113
-257
-394
-347
-304
-365
-365
-369
-498
-743
-1105
-1262
-1214
-1246
-1043
-674
-505
-330
-287
-472
-729
-1128
-1279
-1301
-1598
-1710
-1681
-1539
-1133
-1116
-1535
-2338
-3477
-3952
-3717
-2884
-896
1697
4451
6963
8263
8284
7276
5901
4922
3917
2953
2328
1765
1499
1107
138
-615
-930
-821
-55
816
1497
2164
2621
2622
2112
1250
164
-1027
-1848
-1999
-1894
-2026
-2286
-2292
-2036
-1773
-1467
-1143
-794
-483
-343
-364
-765
-1405
-2047
-2387
-2389
-2050
-1518
-1481
-1258
-816
-443
65
290
686
818
744
875
509
192
-357
-971
-1073
-1439
-1645
-1528
-920
51
651
1104
1280
1510
1717
1468
1245
1144
1064
1076
1120
764
15
-726
-1280
-1556
-1635
-1404
-740
-89
324
826
1100
968
747
502
343
370
460
395
512
581
294
-101
-637
-648
-384
-271
278
704
888
930
490
-104
-953
-1709
-1906
-1868
-1573
-1179
-848
-758
-1060
-1184
-1268
-1639
-1785
-1790
-1717
-1531
-1481
-1359
-1563
-1992
-2124
-2463
-2967
-3328
-3459
-3081
-2167
-861
1018
3627
6515
8996
10152
9700
8383
6855
5332
3550
1557
157
-340
-155
87
-340
-564
-243
-15
560
1105
1502
2132
2508
2590
2085
1006
-159
-1433
-2285
-2602
-2936
-3229
-3445
-3200
-2414
-1919
-1443
-771
-364
39
255
28
-366
-851
-1220
-1510
-1708
-1528
-1388
-1249
-824
-320
355
796
1045
1388
1409
1256
959
346
-520
-1586
-2560
-2858
-2532
-1863
-776
160
916
1266
779
513
690
978
1318
1306
1133
939
756
513
-112
-1079
-2018
-2166
-1649
-1158
-640
-178
348
1047
1336
1198
1099
955
663
547
661
739
600
350
140
-19
-79
-343
-483
-133
121
357
555
564
425
-30
-622
-1199
-1498
-1722
-1804
-1235
-584
-37
386
382
255
74
-146
-466
-909
-1439
-2238
-2643
-2548
-2580
-2602
-2807
-2811
-2027
-1447
-1196
-927
-1173
-1325
-1019
-575
760
3176
6006
8463
9653
9391
8008
6290
4663
2727
954
-197
-673
-79
507
264
101
-6
14
276
-4
-153
321
821
1177
1072
462
-375
-1412
-2322
-2454
-2232
-2510
-2849
-2640
-1955
-1154
-537
-120
207
361
-95
-911
-1494
-1968
-2095
-1678
-1217
-573
-3
-158
-247
84
229
360
656
1085
1592
1626
1135
587
-216
-1596
-2856
-3069
-2564
-1806
-580
681
1475
1667
1043
293
99
143
394
832
1113
1201
1176
994
381
-595
-1630
-2469
-2216
-1202
-707
-103
660
733
829
759
203
190
360
393
826
1031
706
398
324
455
534
416
57
-285
-148
-34
-173
-68
-13
-149
-355
-983
-1700
-1946
-1851
-1559
-1052
-448
-106
-50
-57
-152
-155
-469
-1504
-2183
-2265
-2312
-1938
-1558
-1493
-1248
-1356
-1693
-1643
-1840
-2207
-2066
-1448
-246
1790
4547
7430
9574
10264
9183
7248
5677
4128
2188
344
-914
-1011
-194
161
-118
36
422
637
716
504
555
817
997
1006
450
-300
-1243
-2226
-2403
-2208
-2392
-2727
-3004
-2692
-1477
-612
-229
366
652
670
85
-1080
-2090
-2896
-2866
-2448
-1807
-586
-11
240
654
697
675
608
520
854
1462
1646
1347
902
58
-1244
-2414
-2899
-2762
-1995
-809
213
1245
1742
1285
754
395
265
319
145
-134
-65
326
436
82
-609
-1622
-2039
-1528
-983
-319
478
1234
1956
1869
1146
440
-108
-260
-190
-62
240
409
259
405
889
969
593
246
144
276
416
290
36
-146
-454
-1077
-1501
-1633
-1995
-1995
-1401
-680
-55
-51
-249
-177
-160
-294
-831
-1469
-2033
-2596
-2403
-1984
-1792
-1649
-1965
-1737
-1073
-818
-446
-519
-1015
-1203
-1174
-611
1230
4309
7469
9672
10325
9297
7311
5434
3672
1490
-485
-1765
-2060
-1032
-316
-615
-360
47
44
255
-7
-102
830
1268
871
300
-534
-1438
-2215
-2459
-2169
-2198
-2703
-3158
-2671
-1216
-144
480
1134
1301
976
130
-1132
-1933
-2244
-2317
-1883
-953
118
666
575
552
712
612
267
340
1032
1441
1309
1058
534
-330
-1527
-2701
-2871
-2240
-1504
-348
981
1721
1726
938
-147
-610
-451
68
695
939
1007
909
313
-456
-1606
-2808
-3032
-2763
-1888
-221
848
1534
1990
1468
1080
826
52
-27
415
530
520
269
-58
-200
-171
-1
82
318
636
599
607
625
331
49
-438
-1039
-1347
-1739
-2157
-2091
-1624
-1024
-386
-175
41
414
180
-43
-661
-1766
-2401
-2704
-2098
-1329
-1121
-723
-991
-1399
-1238
-1662
-1583
-1066
-1456
-1212
-536
115
2041
4333
6702
8998
9671
8817
6914
5075
3895
1934
-187
-1638
-2469
-1673
-734
-753
-97
678
867
738
188
80
515
936
864
402
-3
-931
-2017
-2539
-2477
-2169
-2378
-2886
-2654
-1526
-396
303
611
865
947
66
-970
-1598
-2432
-2564
-1854
-1171
21
947
745
697
756
456
450
616
907
1279
1207
852
395
-359
-1402
-2407
-2854
-2775
-2298
-1262
82
1313
1953
1783
1314
897
747
666
217
-264
-738
-873
-660
-1277
-2051
-2123
-2189
-1522
-406
197
1498
2184
1846
1895
1047
268
19
-661
-661
-324
-380
-226
305
766
1154
1113
660
564
479
229
-67
-340
-440
-705
-996
-1138
-1390
-1704
-1616
-1172
-715
-75
330
303
162
87
146
-204
-665
-1253
-2192
-2676
-2538
-1840
-1310
-1107
-900
-1425
-1588
-1000
-907
-361
55
-720
-1001
-1180
-1139
941
3838
6731
9375
10284
9614
7804
5578
3758
1424
-912
-2399
-2980
-1778
-745
-1004
-314
372
387
907
749
573
1328
1622
1596
1226
270
-857
-2321
-2927
-2638
-2664
-2572
-2845
-2735
-1010
114
305
699
675
611
316
-689
-1587
-2240
-2370
-1827
-1138
-429
-170
-17
362
591
1120
1410
1380
1495
1266
1049
648
-253
-1374
-2589
-3180
-2958
-2315
-1599
-839
123
1120
1619
1120
724
971
1675
2591
2274
1204
-169
-1545
-1985
-2559
-3127
-3075
-2860
-1966
-227
981
1559
2136
2044
1824
1785
1096
255
-10
-349
-803
-1056
-1279
-834
-94
695
1298
1364
1458
1081
670
379
-204
-464
-684
-897
-1427
-2310
-2635
-2693
-2293
-1311
-316
712
1192
1464
1792
1464
692
-594
-1833
-2782
-3235
-2633
-2153
-1542
-900
-1365
-1921
-1996
-1924
-1240
-510
-575
-202
149
303
2074
4574
7006
8868
8932
7663
5909
4421
3000
980
-834
-2257
-2593
-953
270
722
1581
1248
617
674
91
130
958
976
806
373
-451
-987
-1478
-1722
-1872
-1904
-1916
-2225
-1887
-1028
-160
507
733
882
653
-284
-1497
-2317
-2400
-1920
-1149
-233
652
1173
1192
930
836
926
770
466
429
528
354
-113
-802
-1822
-2974
-3769
-4014
-3608
-2513
-1071
466
1840
2690
2852
2486
2048
1440
293
-1043
-2217
-2713
-2329
-2127
-2142
-2008
-1994
-1196
65
897
2202
3299
3125
2696
1873
544
-342
-1364
-2316
-2476
-1834
-676
331
1459
2220
2261
1799
1027
668
258
-233
-790
-1345
-1344
-1603
-2068
-2495
-2739
-2246
-1593
-479
824
1432
1816
1465
632
22
-903
-1693
-2348
-3022
-3096
-2899
-2272
-1376
-1051
-783
-1091
-2006
-2009
-1466
-201
2445
5498
8404
10073
9836
8380
5773
3273
1459
-524
-1561
-1776
-1448
331
1362
1210
1724
1848
1713
1969
1527
1171
1154
904
413
-633
-1309
-1970
-2851
-2659
-2136
-1804
-1278
-1169
-1094
-103
412
300
405
80
-236
-972
-2067
-2651
-2888
-2490
-2049
-1525
-461
605
1731
2523
2738
2755
1952
973
618
66
-513
-1284
-1918
-2112
-2631
-2950
-3007
-2846
-2101
-873
607
2151
2799
2267
1644
1031
938
564
-766
-1823
-2711
-2839
-2245
-2171
-2234
-1745
-1108
-266
906
1258
1439
2106
1910
1359
1112
302
-331
-390
-906
-907
-81
336
861
1442
1536
1577
1332
829
408
-44
-657
-1284
-1369
-926
-1011
-1688
-2045
-2304
-1839
-737
-415
238
843
539
500
67
-658
-1515
-2751
-3337
-3733
-3383
-2347
-1990
-1213
-584
-925
-1186
-1776
-2232
-1521
-456
723
2924
5817
8333
9797
9548
7522
4741
3211
2515
1213
532
-149
-603
847
1419
822
1372
1449
1071
1314
1009
848
1299
1306
636
-474
-1302
-1992
-2508
-2071
-1765
-1672
-1217
-1620
-1732
-984
-1125
-1007
-130
518
797
196
-974
-1978
-2446
-2543
-2304
-1624
-971
-245
650
1412
1848
1851
1328
653
338
154
-283
-727
-1062
-1725
-2545
-3318
-3689
-3390
-2316
-340
1777
3629
4221
3356
2029
762
7
-922
-1867
-2703
-3076
-2177
-1467
-830
-132
-694
-625
383
606
1576
2209
1390
1180
525
-484
-875
-1116
-827
-610
8
979
1400
2106
2185
1526
1456
953
225
108
-379
-1101
-1463
-1898
-2237
-2259
-2463
-2314
-1717
-1147
3
943
1078
844
78
-691
-1454
-1954
-2144
-2944
-3257
-3268
-3644
-2784
-1716
-923
379
-157
-1586
-1567
-1294
94
2940
5708
8469
9828
8980
6950
4177
2419
1533
-11
-646
-315
406
2191
2887
2311
2307
1728
920
712
287
355
743
675
363
-375
-954
-1640
-2661
-2222
-1155
-431
442
215
-282
-272
-776
-1218
-1152
-1039
-1171
-1525
-1884
-2003
-2101
-1737
-1446
-1608
-839
-374
-259
506
885
1090
1343
1313
982
505
-184
-793
-1091
-1579
-2294
-2940
-2770
-1675
-183
1697
3463
4245
3743
2315
441
-1188
-1943
-2464
-3205
-3266
-2777
-2113
-801
-155
-750
-497
542
1155
2085
2752
2108
1213
114
-1369
-2045
-2170
-2111
-1419
-566
454
1491
1939
2145
2032
1652
1120
265
55
-219
-1464
-2106
-2384
-2539
-1896
-1797
-1710
-948
-814
-553
32
112
38
-575
-1457
-1924
-1953
-1537
-1860
-2381
-2259
-2714
-2649
-2073
-2302
-1811
-895
-487
1354
4622
7895
10520
10526
8243
5448
2782
1264
167
-601
-1014
-1505
-92
1438
1211
1853
1873
987
1927
2386
2473
3471
3338
2136
88
-1785
-2630
-3364
-3376
-2862
-2108
-909
-512
-438
122
285
400
414
-82
-243
-794
-2115
-2876
-2995
-2846
-2402
-1769
-831
138
665
1026
1418
1571
1321
952
947
1010
527
-252
-1222
-2488
-3266
-3568
-3398
-2184
-864
591
2730
4239
4255
3355
1906
828
867
651
-286
-1675
-2623
-2455
-2353
-2283
-2925
-3677
-2518
-963
427
2249
3263
2995
1988
880
-53
-1035
-1507
-1387
-1237
-400
669
909
826
348
-141
37
236
575
1173
817
-234
-615
-1316
-1884
-1939
-2836
-2454
-1293
-766
153
260
-88
-601
-1317
-1274
-1392
-1158
-711
-1245
-1224
-1498
-2432
-2109
-2632
-3310
-2323
-2142
-1478
1054
4121
7602
9425
8821
7030
4491
3477
3042
1767
1248
-67
-610
637
-6
-811
-203
-126
387
1805
2694
3687
4238
3269
1849
-91
-1277
-1585
-2297
-1673
-683
-456
-171
-1041
-1639
-1312
-1781
-1166
25
106
277
-684
-2184
-2487
-3020
-3064
-2219
-1603
-558
418
1009
1650
1656
1264
759
587
1056
845
155
-446
-1547
-2679
-3915
-4551
-3233
-1355
537
3040
4773
4721
3103
932
-528
-881
-131
379
-170
-406
-703
-1666
-2096
-2522
-3176
-2652
-1309
174
1942
3065
2685
1258
-398
-1691
-2233
-1752
-514
716
1600
1819
1022
-108
-1020
-1404
-621
375
750
1066
632
-603
-1592
-2433
-2500
-1828
-1526
-902
81
564
531
-114
-921
-1488
-1662
-1225
-1143
-1122
-640
-1095
-1693
-2102
-3010
-2960
-2432
-1967
-833
-102
-181
599
2830
5626
7734
7809
6641
4746
3235
3320
2269
1039
447
-851
-40
600
-217
332
317
375
1168
1520
2327
2783
2840
2407
874
-149
-801
-1690
-1502
-914
-722
-533
-932
-1212
-828
-593
-397
-160
-29
-161
-937
-1966
-2875
-3627
-3564
-2621
-1531
-371
703
1108
1102
1263
1379
1263
1264
1427
1141
275
-730
-1951
-2867
-3033
-3308
-3087
-1964
-1154
188
2209
3190
3391
2887
1677
1110
1143
1127
632
-458
-1325
-1989
-2262
-2135
-2711
-2802
-1683
-580
981
2590
2890
2225
827
-617
-1225
-1323
-971
-571
-23
703
582
210
-16
-463
-419
320
739
1187
1848
1019
-459
-1823
-2963
-3004
-3071
-2395
-1191
-459
546
185
-247
-254
-1063
-807
-820
-1115
-217
0
-481
-522
-1592
-2924
-2821
-3462
-3428
-2279
-1888
17
2570
5127
7956
8427
7102
4926
2852
2969
3048
2185
1405
-409
-1029
-758
-1788
-1290
-197
272
1829
2539
2869
3516
2669
1663
172
-1408
-1257
-1409
-1026
223
-23
-315
-1148
-2364
-1504
-664
-3
1232
1502
1570
532
-1719
-3029
-4024
-3933
-2601
-1905
-756
289
259
192
79
398
588
828
1590
1855
2039
1373
-397
-2206
-3940
-4679
-4042
-2395
-244
1975
3494
3667
2943
1282
69
-44
669
1876
1604
876
-473
-2454
-3002
-3581
-3945
-3080
-1615
257
2025
2834
2629
1965
471
-847
-1024
-591
184
667
622
255
-363
-1228
-2105
-2013
-800
517
1745
2426
2027
994
-857
-2455
-2476
-2019
-1178
-68
27
-25
5
-860
-1616
-1589
-1268
-827
-312
35
-200
-514
-806
-1562
-2049
-2781
-3767
-3208
-2022
-771
1174
2770
4658
6476
6442
5567
4287
3734
4890
4889
3329
1390
-709
-1294
-1561
-2386
-1934
-1020
166
1474
1664
2113
2478
1970
1602
867
680
942
-113
-441
329
219
-569
-2211
-3380
-2427
-983
307
1423
1378
500
-884
-2366
-3056
-3082
-2623
-1728
-676
376
831
302
-690
-1327
-1108
-303
713
1827
2445
2112
898
-850
-2673
-4323
-5001
-4087
-2013
351
1917
2333
2105
1257
239
-88
388
2217
3682
3391
2501
321
-1633
-2304
-3138
-3165
-2491
-1773
-311
893
1082
1494
1384
664
400
-64
18
623
957
825
214
-308
-911
-1372
-1569
-1212
-321
357
892
845
260
-450
-1306
-1662
-1593
-1535
-1501
-1384
-1145
-1230
-985
-759
-1263
-1035
-714
-536
320
515
357
-202
-1792
-3185
-3978
-3462
-1436
1272
4215
5902
5884
4815
2951
1894
3119
4652
4853
4191
2414
1359
1147
-187
-1753
-2448
-1687
-141
921
1079
985
695
138
-387
-613
528
1178
1142
1410
1279
1031
-419
-1961
-2311
-1750
-343
735
1311
1318
495
-824
-1988
-2409
-2101
-1580
-1076
-270
321
-61
-1133
-1784
-1441
-589
295
1057
1548
1513
947
186
-601
-1677
-3191
-4151
-3740
-2548
-1116
237
1283
1830
1468
440
-390
-389
677
1643
1586
1424
526
-368
-513
-1642
-2059
-1679
-1080
727
1353
1081
838
104
-76
-32
381
632
591
1113
1118
1038
878
79
-586
-883
-629
-114
70
72
-108
-734
-1059
-1217
-1269
-1066
-1160
-1174
-1220
-790
-805
-1431
-1229
-1333
-856
-267
-921
-519
158
-63
-179
-1657
-3390
-3667
-3264
-1108
1552
3912
5693
5618
5133
4035
2893
3395
4635
4925
4017
1935
-110
-170
-223
-744
-963
-562
447
507
152
-650
-1036
-677
-846
-518
282
633
274
-373
-322
295
157
-900
-1582
-1206
8
1017
1201
793
-60
-1100
-1826
-1751
-1048
-589
-783
-983
-605
-119
-270
-820
-962
-391
655
1579
1705
995
126
-314
-358
-489
-1256
-2566
-3431
-3244
-2257
-1123
-393
-186
-268
12
722
1388
1879
2078
1698
884
-99
-840
-889
-1176
-1508
-1325
-762
139
-87
-423
4
354
978
1111
1296
1347
928
1148
573
21
-32
-792
-640
-358
-181
85
-770
-689
-431
-731
-294
-537
-687
-812
-1209
-1026
-1406
-1313
-1067
-1573
-1058
-583
-782
-547
-574
-157
469
499
440
-969
-2427
-2907
-2655
-957
1008
3038
4458
4437
3595
2856
2759
3903
5858
6509
5511
2756
542
64
-400
-590
-825
-261
515
110
-640
-1406
-1527
-1193
-940
-497
297
857
198
-1166
-1367
-659
-595
-784
-1005
-839
-31
302
126
-230
-1006
-1654
-2131
-2076
-666
-123
-596
-887
-1098
-615
-745
-704
8
837
1907
1755
1361
1171
672
363
261
-31
-689
-1490
-2309
-2315
-1401
32
1004
830
-33
-671
-820
-414
1028
1619
1343
386
-913
-947
-1255
-1332
-1248
-1251
48
834
423
-287
-1151
-1246
-381
512
1118
824
474
379
-130
158
254
52
70
-85
392
93
-508
-799
-1645
-1525
-1132
-815
-296
-624
-819
-1072
-1232
-843
-1045
-1108
-802
-577
-413
-566
-610
-555
-24
592
-33
-756
-1221
-1461
-297
1343
2992
4457
4724
3969
2850
2591
3589
5136
6139
5313
2991
744
-115
243
649
713
713
611
120
-676
-1408
-1740
-1678
-1487
-1163
-520
32
-352
-1395
-1846
-1428
-982
-906
-904
-756
-405
11
142
-103
-639
-1501
-2364
-2382
-1505
-706
-542
-793
-932
-781
-503
-336
-274
-49
524
1177
1543
1646
1070
241
-268
-449
-306
-557
-671
-593
-198
871
1321
1031
372
-477
-1079
-697
598
1581
1362
78
-1259
-1938
-1255
-613
-945
-976
-771
-414
-224
-397
-859
-1269
-716
217
772
896
509
-194
-528
-266
95
253
301
290
46
-227
-457
-901
-1424
-1613
-1384
-911
-499
-492
-817
-1135
-1115
-1146
-930
-260
-111
-180
-283
-427
-585
-618
32
274
-96
-703
-1447
-1149
285
2536
4533
5444
5340
4007
2834
2773
4083
5770
6013
4769
2396
873
669
624
679
372
242
-64
-733
-975
-1285
-1280
-1178
-1421
-1231
-796
-670
-1326
-2098
-1801
-1141
-964
-1076
-1145
-1039
-721
-268
59
169
-18
-767
-1693
-1734
-1067
-950
-1429
-1587
-1162
-552
-201
-318
-531
-272
351
866
1203
1284
920
415
209
127
-239
-740
-896
-549
69
654
999
988
644
198
32
366
883
1048
615
-359
-1413
-1691
-1185
-1016
-1544
-1767
-1185
-464
-33
-7
-505
-1054
-1040
-572
220
1007
769
-203
-814
-728
-335
-165
-16
-175
-396
-247
-411
-514
-681
-1039
-1295
-1410
-629
-438
-982
-1311
-1988
-1619
-600
-49
-9
-366
-465
-876
-814
122
535
230
-175
-433
-430
519
2026
3429
4834
5383
4681
3434
3135
4801
6144
6062
4926
2258
697
1053
1689
1955
1355
455
-939
-1737
-1378
-1158
-1070
-1184
-1401
-1665
-1509
-1180
-1818
-2497
-2010
-1058
-813
-1013
-1344
-1721
-1481
-591
186
240
-162
-776
-1474
-1364
-516
-345
-749
-1031
-1401
-1258
-494
-152
-166
-50
-67
-31
336
560
307
-226
-434
-259
-171
-5
222
116
213
559
487
799
1194
1008
796
444
206
-44
-92
34
-317
-565
-877
-1464
-1975
-1932
-1302
-764
-208
17
-416
-831
-988
-905
-366
541
923
508
-151
-512
-526
-361
60
-172
-565
-767
-1024
-738
-907
-991
-1186
-1486
-1073
-1046
-984
-1380
-1961
-1749
-1125
-351
-287
-603
-738
-1003
-896
-204
24
35
-330
-603
61
977
2857
4022
4344
4819
4079
3653
4366
5608
6623
6448
4686
2291
1405
1933
2729
2881
2045
594
-916
-1561
-1360
-946
-545
-496
-1187
-2036
-2231
-2116
-2314
-2323
-1659
-999
-742
-887
-1390
-1790
-1683
-952
-161
0
-314
-1125
-1946
-1541
-789
-840
-1038
-1157
-1072
-629
-158
-38
-248
-134
359
321
193
365
-218
-501
-421
-444
-162
-240
31
-4
-70
372
493
956
1287
1607
1475
740
358
-141
-638
-789
-726
-537
-407
-671
-1137
-1589
-1114
-246
-102
160
-73
-373
-554
-513
190
359
609
189
-643
-556
-499
-209
-207
-238
-110
-836
-1086
-1302
-1813
-1516
-1400
-1315
-1434
-1558
-1299
-2013
-2030
-1284
-1191
-945
-813
-585
-710
-839
-193
-309
-569
-248
-393
-419
423
1588
2732
3769
4357
4034
3354
3877
5317
6671
7436
6319
3866
2412
2448
3016
3374
3104
1963
167
-1183
-1474
-1274
-932
-744
-1124
-1603
-1683
-1807
-2176
-2229
-1819
-1443
-1300
-1336
-1655
-1962
-1647
-938
-554
-567
-804
-1292
-1599
-1190
-508
-235
-329
-699
-1158
-1051
-482
-266
-318
-148
39
227
666
779
194
-285
-283
-295
-324
-123
-43
-191
-82
279
421
349
369
487
672
967
1073
708
191
-142
-348
-343
-136
-258
-809
-1208
-1321
-1354
-1131
-648
-274
-91
-183
-505
-531
-55
385
437
511
506
281
137
-23
-374
-435
-293
-543
-636
-867
-1205
-1551
-1839
-1607
-1914
-1903
-1919
-2312
-1857
-1549
-1239
-1145
-1247
-1121
-1175
-855
-468
-447
-550
-559
-548
-261
687
1826
2911
3628
3549
3090
3180
4266
5686
6549
6305
5023
3585
3273
3882
4101
3826
2644
1192
201
-265
-78
-495
-737
-1172
-2038
-1929
-1808
-1682
-1770
-1861
-1673
-1896
-1916
-1846
-1944
-1785
-1128
-557
-486
-619
-1036
-1497
-1280
-544
-214
-289
-573
-1107
-1208
-631
-187
-188
-164
-54
-51
-32
181
199
94
346
514
296
85
222
269
124
276
191
-46
61
76
-38
-34
198
278
147
-6
-465
-717
-620
-481
-434
-555
-706
-964
-911
-750
-718
-560
-478
-283
109
472
533
452
399
284
466
814
688
104
-195
-308
-531
-559
-689
-956
-1230
-1238
-1019
-1312
-1531
-1755
-2217
-2044
-1748
-1664
-1841
-2101
-1878
-1570
-1120
-681
-728
-763
-614
-349
115
684
1648
2587
3154
3439
3183
3251
3835
4689
5487
5357
4616
3705
3301
3587
3883
3786
3093
1885
768
355
336
286
-206
-814
-1352
-1844
-1799
-1788
-1817
-1870
-1840
-1673
-2010
-2018
-1758
-1674
-1319
-933
-790
-1044
-1122
-1083
-1116
-583
-249
-314
-370
-556
-600
-446
-103
143
29
-121
-146
-330
-315
12
95
306
571
508
341
337
430
376
606
844
698
484
204
-21
-230
-273
-264
-547
-818
-1073
-1109
-1017
-970
-978
-1303
-1360
-1154
-932
-770
-703
-357
-270
-297
61
287
333
409
453
406
314
518
647
304
222
202
-82
-275
-421
-456
-459
-343
-237
-560
-1062
-1457
-1765
-1779
-1431
-1250
-1366
-1504
-1634
-1801
-1614
-1192
-1105
-1021
-875
-480
171
804
1731
2502
2854
3113
3282
3465
4093
4767
4801
4443
3991
3690
3388
3105
2884
2519
2229
1757
1107
509
85
-152
-579
-859
-1055
-1490
-1841
-2172
-2255
-2017
-1870
-1907
-2134
-2086
-1766
-1637
-1436
-1279
-1323
-1197
-993
-804
-645
-675
-686
-640
-437
34
221
215
280
212
259
352
405
423
244
226
361
421
491
429
287
402
806
1020
897
645
403
344
332
303
22
-535
-950
-1315
-1351
-1147
-1252
-1546
-1857
-1893
-1614
-1214
-796
-584
-633
-665
-541
-411
-150
165
319
446
535
509
337
184
339
541
515
420
166
-234
-432
-409
-359
-395
-536
-776
-1109
-1292
-1205
-1098
-1108
-1197
-1350
-1496
-1500
-1339
-1122
-902
-662
-555
-646
-615
-285
353
1127
1837
2406
2552
2588
2978
3578
4261
4620
4553
4134
3727
3849
3764
3491
3178
2651
2098
1371
1027
637
150
-5
-444
-926
-1254
-1413
-1540
-1649
-1624
-1729
-2078
-2341
-2303
-2284
-2039
-1858
-1992
-1992
-1911
-1718
-1499
-1243
-1039
-999
-871
-631
-404
-186
45
118
219
416
403
385
489
528
519
520
580
656
616
558
557
548
609
673
669
630
476
368
265
125
-40
-419
-718
-918
-1029
-971
-1128
-1367
-1625
-1751
-1479
-1191
-916
-802
-927
-933
-855
-588
-201
99
267
266
352
379
280
426
569
528
544
429
142
46
74
76
49
-76
-254
-553
-680
-660
-810
-878
-958
-1072
-1210
-1273
-1194
-1231
-1119
-935
-869
-777
-655
-454
-171
336
901
1160
1282
1567
2011
2555
3173
3567
3579
3443
3416
3524
3666
3806
3647
3292
2988
2479
1997
1619
1179
745
298
15
-391
-881
-1113
-1433
-1673
-1738
-1872
-2040
-2205
-2137
-2096
-2245
-2273
-2321
-2353
-2221
-1998
-1795
-1732
-1604
-1327
-1125
-878
-478
-259
-183
-31
152
385
487
642
867
850
814
761
800
879
917
1047
1003
880
746
672
681
558
380
236
136
-51
-338
-593
-867
-1121
-1169
-1104
-1166
-1337
-1526
-1617
-1519
-1228
-933
-903
-1058
-1068
-850
-523
-220
-88
-35
-67
-23
205
318
498
633
645
745
668
575
432
237
335
391
319
163
-127
-338
-493
-483
-426
-618
-880
-1031
-1035
-978
-912
-934
-1077
-1155
-1126
-936
-742
-513
-205
-6
337
630
832
1145
1512
2008
2412
2717
2837
2763
2889
3200
3499
3684
3719
3508
3153
2892
2709
2481
2168
1832
1416
935
532
91
-447
-804
-1032
-1344
-1616
-1808
-2012
-2221
-2349
-2421
-2526
-2608
-2563
-2500
-2481
-2397
-2360
-2304
-2218
-2035
-1723
-1498
-1171
-920
-680
-341
-113
165
363
474
576
692
853
998
1056
1089
1136
1044
1109
1201
1144
1106
958
906
830
654
556
312
104
-44
-425
-684
-807
-1020
-1143
-1252
-1272
-1335
-1420
-1252
-1173
-1107
-946
-845
-751
-723
-712
-689
-660
-565
-388
-179
-49
-26
14
160
331
468
535
514
454
416
448
426
259
28
-242
-459
-503
-509
-537
-551
-592
-590
-510
-438
-397
-346
-297
-240
-141
12
211
389
562
752
968
1302
1677
2030
2377
2597
2737
2856
2955
3101
3109
3005
2910
2703
2526
2304
1975
1666
1280
939
634
296
-9
-305
-504
-668
-914
-1200
-1476
-1690
-1833
-1906
-1901
-1989
-2180
-2266
-2282
-2241
-2174
-2079
-1950
-1862
-1686
-1500
-1384
-1257
-1113
-933
-749
-535
-313
-156
24
250
457
635
794
917
1013
1087
1191
1263
1248
1302
1294
1128
949
748
586
432
264
117
-149
-395
-587
-807
-934
-1079
-1262
-1403
-1492
-1437
-1344
-1341
-1369
-1374
-1307
-1159
-1029
-878
-744
-691
-562
-428
-302
-183
-137
12
244
450
585
650
629
575
583
596
602
504
344
187
-44
-158
-267
-414
-479
-583
-555
-485
-473
-396
-383
-324
-207
-117
55
190
284
512
731
921
1148
1361
1647
1870
2124
2438
2539
2607
2751
2854
2881
2824
2694
2483
2206
1990
1794
1484
1181
849
472
131
-140
-322
-533
-724
-929
-1141
-1296
-1459
-1563
-1673
-1794
-1892
-1992
-2036
-2070
-2114
-2082
-2051
-2000
-1845
-1706
-1586
-1407
-1195
-1004
-850
-686
-573
-461
-244
-11
200
350
474
596
682
839
952
973
996
977
1002
1009
938
823
636
478
334
163
3
-198
-408
-580
-715
-843
-965
-1080
-1156
-1165
-1127
-1088
-1140
-1172
-1105
-1009
-895
-801
-729
-681
-587
-413
-247
-156
-117
-70
52
262
419
495
489
493
538
530
587
537
376
242
114
107
34
-95
-220
-409
-466
-471
-474
-425
-482
-496
-390
-277
-154
-61
68
178
278
495
659
756
916
1129
1355
1592
1822
1958
2080
2227
2354
2491
2541
2516
2453
2337
2208
2025
1828
1615
1323
1039
784
547
304
20
-248
-490
-730
-888
-991
-1172
-1377
-1566
-1760
-1872
-1947
-1959
-1976
-2081
-2089
-2059
-1999
-1863
-1712
-1516
-1345
-1172
-953
-768
-611
-425
-186
38
206
377
507
590
710
812
894
949
923
903
859
787
727
613
472
319
137
-44
-220
-398
-592
-783
-901
-995
-1066
-1086
-1148
-1204
-1236
-1236
-1144
-1060
-971
-877
-857
-819
-727
-599
-466
-337
-234
-178
-84
20
154
312
410
504
569
638
694
678
680
655
586
541
484
402
273
155
78
-21
-103
-139
-166
-219
-259
-206
-131
-121
-109
-66
-43
-22
56
189
293
383
549
692
781
940
1137
1302
1484
1667
1793
1857
1910
1953
1944
1907
1854
1749
1633
1515
1346
1176
1020
825
631
450
226
-6
-197
-366
-513
-681
-894
-1104
-1273
-1382
-1439
-1489
-1553
-1629
-1680
-1668
-1660
-1616
-1491
-1394
-1303
-1170
-1013
-898
-759
-560
-415
-252
-62
86
195
284
372
420
456
519
548
528
518
493
420
360
321
251
153
49
-81
-236
-364
-461
-553
-645
-735
-819
-914
-987
-1022
-1017
-989
-981
-984
-978
-927
-874
-789
-671
-603
-510
-402
-303
-180
-51
81
180
280
401
465
498
545
559
572
604
621
625
592
515
446
411
382
354
297
210
129
45
24
36
29
33
22
24
37
82
171
239
316
408
500
587
689
820
939
1056
1197
1310
1371
1421
1460
1495
1511
1484
1437
1337
1205
1103
987
833
695
536
337
155
-3
-157
-286
-393
-521
-658
-762
-869
-966
-1023
-1082
-1128
-1141
-1172
-1191
-1167
-1146
-1110
-1037
-973
-899
-784
-674
-576
-464
-349
-215
-63
38
106
165
205
258
326
360
375
385
353
324
296
227
169
112
27
-76
-140
-230
-350
-411
-499
-578
-664
-770
-837
-918
-940
-930
-934
-931
-949
-896
-844
-820
-760
-716
-640
-549
-444
-324
-267
-192
-97
-8
101
207
313
363
399
451
472
506
549
563
540
503
471
417
383
391
391
349
304
270
229
221
221
237
266
249
272
298
287
318
365
408
463
551
634
684
710
746
800
868
965
1034
1081
1098
1093
1103
1085
1051
977
879
807
700
581
461
313
174
51
-33
-130
-260
-354
-431
-517
-587
-622
-664
-735
-779
-795
-827
-838
-824
-816
-790
-746
-688
-615
-565
-500
-395
-314
-244
-154
-87
-45
-4
32
54
67
77
80
60
36
22
-15
-90
-153
-194
-224
-264
-300
-344
-430
-498
-547
-584
-592
-614
-651
-684
-727
-735
-726
-727
-688
-648
-607
-556
-500
-444
-396
-321
-244
-160
-77
-4
52
89
155
222
302
367
390
413
436
447
454
483
494
463
445
425
370
308
271
239
203
174
155
133
99
83
96
105
122
174
207
210
232
263
273
297
350
394
435
485
517
551
596
636
680
710
722
750
759
728
708
683
648
623
577
506
435
362
310
276
231
178
110
29
-36
-70
-102
-156
-198
-237
-283
-309
-343
-362
-382
-413
-420
-420
-415
-409
-409
-410
-423
-411
-388
-382
-362
-357
-370
-359
-335
-321
-324
-324
-324
-335
-350
-346
-346
-379
-411
-436
-455
-468
-474
-491
-538
-553
-561
-591
-586
-572
-552
-531
-542
-543
-517
-487
-441
-382
-336
-285
-227
-168
-110
-47
29
96
163
221
264
322
377
434
479
509
522
518
545
575
589
577
539
493
445
427
413
384
332
266
230
211
199
179
144
128
122
139
153
150
152
155
182
224
262
294
319
351
385
441
505
537
551
587
616
640
670
689
688
680
687
669
632
603
547
494
454
413
346
245
157
79
5
-69
-158
-266
-377
-473
-571
-641
-702
-801
-872
-939
-1011
-1048
-1080
-1111
-1109
-1080
-1050
-1035
-1012
-970
-915
-843
-778
-736
-687
-626
-553
-461
-376
-305
-237
-169
-86
0
57
102
159
212
257
287
294
290
285
290
308
302
277
234
184
157
153
158
140
97
58
39
24
13
29
22
19
18
14
55
70
89
127
143
183
215
246
283
292
299
327
355
374
386
390
398
406
413
411
397
371
339
329
326
305
276
239
201
204
212
207
191
161
165
165
175
188
172
171
162
171
189
206
221
194
188
182
159
154
141
140
109
64
24
-35
-80
-146
-194
-218
-279
-336
-403
-448
-477
-520
-550
-583
-586
-602
-632
-617
-629
-642
-633
-630
-615
-590
-565
-546
-508
-468
-430
-394
-373
-340
-282
-220
-158
-106
-87
-74
-31
26
82
132
173
200
227
263
286
302
320
320
332
366
366
350
342
309
295
308
290
262
238
224
193
161
146
126
109
88
79
71
38
12
1
7
14
28
47
35
41
72
90
107
130
148
146
160
193
208
222
230
229
237
247
252
259
248
207
177
164
160
153
120
86
80
79
64
53
45
32
20
9
1
-11
-22
-21
-13
-5
-6
-18
-37
-45
-46
-38
-30
-19
-13
-16
-24
-44
-53
-54
-61
-47
-53
-75
-98
-131
-140
-143
-153
-169
-190
-210
-235
-253
-270
-295
-321
-335
-353
-386
-396
-411
-424
-433
-448
-432
-438
-434
-414
-408
-393
-374
-334
-303
-266
-215
-188
-146
-100
-59
-11
31
74
118
150
188
234
260
281
306
325
348
364
364
357
352
351
349
346
327
292
254
226
215
212
195
168
149
144
139
123
105
99
90
93
114
130
138
142
148
162
170
182
214
231
241
223
202
201
184
194
189
159
141
99
73
51
31
23
2
-32
-66
-85
-107
-124
-138
-146
-150
-156
-150
-152
-167
-163
-160
-163
-153
-146
-131
-105
-95
-92
-84
-75
-61
-43
-35
-38
-36
-25
-27
-40
-50
-53
-60
-68
-72
-78
-92
-112
-109
-110
-120
-123
-146
-167
-177
-178
-183
-206
-208
-230
-244
-218
-227
-236
-222
-217
-209
-192
-168
-153
-138
-116
-98
-82
-64
-55
-36
5
26
54
86
92
108
122
145
171
185
194
190
187
191
186
186
175
154
150
131
121
118
109
111
98
95
83
69
55
41
38
37
50
43
42
43
42
60
68
81
81
78
102
119
119
129
148
138
122
125
112
96
88
81
84
88
71
65
66
55
49
46
33
22
21
16
14
14
12
0
-20
-34
-41
-33
-30
-23
-17
-22
-30
-50
-48
-52
-62
-44
-49
-59
-51
-50
-49
-55
-66
-80
-84
-71
-92
-99
-75
-89
-96
-90
-95
-97
-102
-88
-90
-110
-110
-115
-125
-114
-107
-121
-130
-132
-141
-142
-130
-119
-124
-123
-125
-135
-125
-119
-110
-89
-77
-66
-55
-48
-40
-29
-14
-3
9
25
40
56
64
81
94
102
117
120
126
139
155
153
146
150
142
125
126
138
134
117
111
112
107
97
92
84
74
68
68
65
52
53
41
29
48
39
28
31
27
37
32
19
28
31
29
31
28
27
22
12
7
8
5
-8
-11
-15
-23
-22
-31
-44
-47
-52
-53
-46
-50
-58
-57
-61
-60
-55
-52
-52
-50
-46
-38
-31
-26
-20
-17
-11
-3
-1
8
16
16
17
17
19
21
13
11
16
6
9
12
0
2
-10
-14
-8
-10
-30
-48
-48
-61
-74
-79
-84
-92
-95
-101
-96
-85
-89
-66
-69
-79
-42
-43
-39
-18
-21
-24
-20
-4
-1
1
16
19
24
21
29
45
40
47
53
45
47
53
28
38
48
27
33
27
22
17
9
9
9
-8
-10
-5
-3
4
0
6
13
21
20
30
36
44
45
38
47
52
61
60
71
77
68
81
84
77
91
84
83
75
55
60
37
27
43
11
-3
1
-19
-26
-25
-30
-48
-68
-75
-72
-62
-73
-76
-78
-88
-78
-69
-58
-61
-52
-32
-36
-27
-19
-12
-2
-3
2
-1
2
3
2
19
18
11
10
5
6
8
10
-2
-11
-3
-9
-15
-23
-24
-19
-32
-31
-40
-49
-40
-48
-42
-26
-37
-45
-35
-32
-39
-31
-33
-36
-15
-4
-15
-29
-20
-4
-4
2
2
-8
-8
10
24
21
7
-5
2
18
23
11
17
33
20
22
8
1
33
50
39
22
22
21
27
37
30
20
36
44
17
15
36
39
37
35
41
39
33
47
48
35
54
51
39
57
55
46
55
49
33
25
31
32
17
14
20
-2
-4
6
-30
-39
-24
-37
-40
-38
-45
-51
-57
-59
-58
-57
-55
-56
-54
-45
-58
-61
-45
-41
-30
-33
-32
-27
-39
-18
0
-11
-2
8
-5
-15
-13
-13
-11
-6
-1
2
-5
-27
-38
-15
8
2
-12
-26
-31
-18
-6
-13
-9
-7
-9
-11
-28
-14
-5
-21
3
-2
-12
11
0
-11
6
13
14
13
15
23
7
5
20
2
-3
14
4
17
32
18
11
17
25
19
18
30
15
5
21
19
10
20
17
10
11
6
5
14
23
20
15
10
10
6
-5
9
13
-7
-5
-6
-7
7
6
12
34
25
18
27
14
17
25
18
32
37
40
34
15
32
35
18
39
33
20
36
15
10
17
-4
1
-4
-19
-14
-22
-40
-40
-44
-40
-38
-63
-50
-45
-64
-50
-48
-45
-46
-44
-42
-46
-23
-17
-34
-16
-4
-17
-18
-14
-3
2
-5
5
0
6
10
-8
3
12
3
-1
-2
-1
-3
-22
-24
-11
-21
-26
-18
-25
-32
0
0
0
0
0
0
0
0
0
0
0
0
0
0
0
0
0
0
0
0
0
0
0
0
0
0
0
0
0
0
0
0
0
0
0
0
0
0
0
0
0
0
0
0
0
0
0
0
0
0
0
0
0
0
0
0
0
0
0
0
0
0
0
0
0
0
0
0
0
0
0
0
0
0
0
0
0
0
0
0
0
0
0
0
0
0
0
0
0
0
0
0
0
0
0
0
0
0
0
0
0
0
0
0
0
0
0
0
0
0
0
0
0
0
0
0
0
0
0
0
0
0
0
0
0
0
0
0
0
0
0
0
0
0
0
0
0
0
0
0
0
0
0
0
0
0
0
0
0
0
0
0
0
0
0
0
0
0
0
0
0
0
0
0
0
0
0
0
0
0
0
0
0
0
0
0
0
0
0
0
0
0
0
0
0
0
0
0
0
0
0
0
0
0
0
0
0
0
0
0
0
0
0
0
0
0
0
0
0
0
0
0
0
0
0
0
0
0
0
0
0
0
0
0
0
0
0
0
0
0
0
0
0
0
0
0
0
0
0
0
0
0
0
0
0
0
0
0
0
0
0
0
0
0
0
0
0
0
0
0
0
0
0
0
0
0
0
0
0
0
0
0
0
0
0
0
0
0
0
0
0
0
0
0
0
0
0
0
0
0
0
0
0
0
0
0
0
0
0
0
0
0
0
0
0
0
0
0
0
0
0
0
0
0
0
0
0
0
0
0
0
0
0
0
0
0
0
0
0
0
0
0
0
0
0
0
0
0
0
0
0
0
0
0
0
0
0
0
0
0
0
0
0
0
0
0
0
0
0
0
0
0
0
0
0
0
0
0
0
0
0
0
0
0
0
0
0
0
0
0
0
0
0
0
0
0
0
0
0
0
0
0
0
0
0
0
0
0
0
0
