0
0
0
0
0
0
0
0
0
0
0
0
0
0
0
0
0
0
0
0
0
0
0
0
0
0
0
0
0
0
0
0
0
0
0
0
0
0
0
0
0
0
0
0
0
0
0
0
0
0
0
0
0
0
0
0
0
0
0
0
0
0
0
0
0
0
0
0
0
0
0
0
0
0
0
0
0
0
0
0
0
0
0
0
0
0
0
0
0
0
0
0
0
0
0
0
0
0
0
0
0
0
0
0
0
0
0
0
0
0
0
0
0
0
0
0
0
0
0
0
0
0
0
0
0
0
0
0
0
0
0
0
0
0
0
0
0
0
0
0
0
0
0
0
0
0
0
0
0
0
0
0
0
0
0
0
0
0
0
0
0
0
0
0
0
0
0
0
0
0
0
0
0
0
0
0
0
0
0
0
0
0
0
0
0
0
0
0
0
0
0
0
0
0
0
0
0
0
0
0
0
0
0
0
0
0
0
0
0
0
0
0
0
0
0
0
0
0
0
0
0
0
0
0
0
0
0
0
0
0
0
0
0
0
0
0
0
0
0
0
0
0
0
0
0
0
0
0
0
0
0
0
0
0
0
0
0
0
0
0
0
0
0
0
0
0
0
0
0
0
0
0
0
0
0
0
0
0
0
0
0
0
0
0
0
0
0
0
0
0
0
0
0
0
0
0
0
0
0
0
0
0
0
0
0
0
0
0
0
0
0
0
0
0
0
0
0
0
0
0
0
0
0
0
0
0
0
0
0
0
0
0
0
0
0
0
0
0
0
0
0
0
0
0
0
0
0
0
0
0
0
0
0
0
0
0
0
0
0
0
0
0
0
0
0
0
0
0
0
0
0
0
0
0
0
0
0
0
0
0
0
0
0
0
0
0
0
0
0
0
0
0
0
0
0
0
-16
13
18
31
-42
108
-1
-32
63
39
-73
-157
-48
106
-37
-71
37
-106
48
5
75
144
-6
99
53
-24
116
-23
-215
-42
5
93
-38
-70
-93
-9
118
143
24
-102
121
34
-23
-101
-73
-37
-86
119
245
34
53
-77
-169
-103
-208
181
41
-179
59
124
33
-18
-59
49
-8
-148
158
107
-8
-45
161
122
-103
45
-100
-198
-15
77
30
-40
84
212
47
-87
-222
-157
-301
-163
84
33
29
-57
196
-94
-91
121
-157
-249
-129
226
232
263
321
54
20
-135
-124
17
-141
-117
21
220
202
250
265
-140
-418
-278
-105
-193
-101
-37
182
106
-104
238
-31
-204
-32
47
256
150
114
185
174
306
115
-266
-241
-69
-154
139
82
-307
-35
-125
14
-248
-325
-273
-344
-37
177
270
30
97
-209
-190
152
641
308
-270
-202
-316
141
810
682
14
-402
-443
25
-52
468
50
-622
131
203
313
-215
-224
-158
-302
259
315
-284
-516
-73
12
317
282
132
-110
-174
-88
-127
82
-124
-95
127
-136
-69
166
83
148
-172
24
-234
-239
273
138
257
268
183
-39
-278
-362
-204
-65
15
355
246
-287
-337
48
133
113
240
-258
-161
150
123
681
59
-252
125
-359
-132
91
-371
-388
42
315
627
267
-254
-387
-833
-220
402
263
19
-201
34
253
652
498
-64
-437
-663
-60
415
473
343
-83
-112
152
24
-336
-383
-799
-853
31
216
336
493
80
15
92
-119
-257
-313
-469
158
495
209
245
-407
-478
161
438
632
453
-52
-365
171
568
179
163
131
-482
-199
21
-444
-276
-486
-297
253
411
558
245
133
-435
-622
-65
-68
293
242
-37
76
-411
-198
286
-125
14
130
-100
174
216
250
-110
-572
-222
-274
-107
176
-228
-361
-178
208
433
628
386
-201
21
104
330
384
-220
-108
-218
-111
705
478
-171
-318
-567
-723
-307
177
226
124
365
150
-343
-177
-344
-545
-118
197
344
412
399
459
446
127
48
77
-449
-170
210
19
17
-53
-265
-585
-238
-358
-499
-267
73
96
298
562
109
319
-78
78
84
-210
39
-416
-110
228
398
393
104
-5
-462
-513
104
193
75
435
261
30
-153
-479
-259
-524
-17
280
-170
235
296
25
227
292
-121
-413
-71
259
-160
-5
274
8
35
366
-50
-568
-618
-809
-334
95
520
732
625
320
31
-248
-570
-400
-447
-397
-18
256
632
799
346
52
-712
-1087
-740
-268
726
1040
865
827
271
-431
-147
-387
-292
68
-43
128
335
-75
-283
217
-91
-25
-131
-434
-905
-667
-13
386
807
794
202
-161
-69
-392
-142
-438
-303
168
735
1145
996
-8
-859
-1049
-966
65
-217
-99
-85
-145
450
600
444
-287
-778
-753
-13
276
783
613
-6
309
219
258
222
-314
-452
-279
83
442
446
120
-210
-21
-268
67
-460
-595
-367
-582
256
130
419
32
-221
101
-191
-258
126
246
506
752
642
469
-272
-269
-254
-262
-245
-202
-523
-15
465
120
593
-233
-651
-372
-392
-73
-89
-248
-12
-176
-150
469
367
459
647
453
-8
-483
-370
-121
88
526
362
92
-23
-172
-210
-265
-508
-541
-130
-128
434
293
-243
-267
-393
-137
716
777
539
304
-458
-271
-156
16
174
604
478
383
237
-349
-570
-839
-23
-22
149
66
-501
-149
-204
343
642
54
-300
-579
-697
-90
200
400
564
319
112
333
307
-322
-259
-318
-412
-190
173
93
105
422
333
457
-72
-434
-422
-511
-86
267
402
415
211
18
-51
-244
-229
119
-62
-82
-190
-238
103
6
516
136
-101
-200
-536
-246
-234
272
339
549
416
68
113
-315
-284
-188
-181
-2
200
307
132
39
-101
-189
-88
-162
-20
-275
-703
-241
-353
153
561
417
274
-529
-251
-438
-23
335
399
450
83
414
244
585
134
-64
-139
-970
-698
-521
-315
441
843
932
509
-176
-630
-886
-467
-278
197
292
21
9
215
395
52
426
-148
-445
-472
-374
187
30
675
705
629
573
-70
-371
-857
-1146
-753
-104
269
298
690
475
279
361
33
-157
-858
-438
-177
139
610
442
570
253
173
6
-371
-695
-601
-370
-67
439
377
98
352
128
-44
39
-251
-484
-611
-474
-429
123
367
710
797
414
-62
-399
-419
-747
-154
-26
284
420
269
462
195
-44
-10
205
-286
-525
-728
-775
-392
126
869
957
571
386
-130
-347
-406
-677
-357
-188
251
716
894
705
298
-295
-457
-478
-888
-94
-189
-90
650
507
571
256
-12
-325
-734
-691
-559
-358
-65
231
437
480
737
639
206
-236
-677
-888
-760
-208
103
533
493
395
223
-467
-560
-669
-628
-173
307
482
474
186
-97
-141
-91
141
178
298
186
-105
169
187
84
266
92
76
3
-134
-159
-325
-125
-1
34
-100
-336
-191
8
345
143
184
174
-428
265
500
266
281
-126
-295
-285
-50
26
140
-177
-234
-110
-356
-246
-350
-383
-178
5
379
369
44
-224
-475
-182
-126
121
378
305
551
802
785
338
99
-322
-411
-233
-286
-42
-415
-276
117
192
567
59
-370
-816
-893
-606
-347
116
37
341
661
878
704
272
-156
-796
-776
-373
5
603
963
946
850
243
-244
-766
-1139
-895
-539
-109
176
731
503
364
420
-129
-433
-583
-647
-589
-47
225
730
1015
851
702
172
-271
-638
-960
-752
-389
24
661
797
649
207
-236
-643
-1021
-719
-457
-241
282
679
765
622
423
59
-200
-458
-516
-166
-47
312
610
579
496
-15
-317
-526
-605
-430
-207
-26
-229
19
51
-81
148
-16
-47
-5
198
359
322
176
-144
-36
-77
-13
137
-129
-107
-81
132
268
-51
-229
-408
-225
40
110
241
135
142
334
187
-209
-399
-715
-641
-32
273
501
369
126
85
27
68
5
-203
-514
-569
-271
179
474
550
436
14
-181
-290
-404
-320
-291
19
329
516
635
291
128
-74
-349
-254
-374
-492
-94
219
443
668
291
-51
-374
-504
-392
-475
-460
-240
134
399
698
662
300
-49
-350
-190
-380
-364
-45
-260
101
362
466
594
353
30
-264
-449
-601
-308
-86
153
502
471
260
2
-463
-576
-468
-286
58
142
362
308
388
466
172
-154
-396
-577
-634
-301
-19
352
470
444
351
-13
-178
-278
-372
-256
-18
159
460
601
580
357
103
-38
-125
-93
35
210
367
479
483
446
230
71
-261
-407
-329
-421
-124
23
28
-15
-265
-294
-517
-561
-336
-201
-132
-93
10
-46
65
118
1
-339
-470
-408
-317
56
54
-46
-212
-494
-622
-720
-884
-918
-809
-643
-242
-8
-29
3
-275
-575
-708
-711
-396
-207
282
402
419
700
489
486
427
387
434
636
857
916
1031
1102
1107
980
798
517
462
455
495
627
724
854
1000
1067
888
743
423
253
365
494
797
942
933
903
740
648
506
300
233
28
14
131
54
129
30
-231
-338
-608
-853
-1019
-1288
-1353
-1446
-1519
-1511
-1707
-1686
-1741
-1825
-1781
-1859
-1984
-2001
-1983
-1937
-1718
-1784
-1855
-1891
-2066
-2121
-2226
-2369
-2307
-2100
-1896
-1616
-1554
-1516
-1334
-1185
-777
-557
-189
233
553
1165
1558
2115
2738
3195
3707
4177
4483
4772
4984
4993
5100
5172
5213
5294
5122
4796
4325
3817
3502
3035
2658
2155
1362
708
18
-384
-737
-953
-1074
-1388
-1647
-1875
-2040
-2183
-2129
-2100
-1985
-1965
-2017
-1781
-1670
-1486
-1154
-1077
-1019
-1004
-1009
-864
-775
-562
-404
-362
-426
-604
-996
-1369
-1664
-1967
-2063
-2356
-2530
-2818
-3065
-3159
-3474
-3496
-3639
-3819
-3885
-3950
-4053
-3975
-3669
-3435
-3057
-2957
-2944
-2907
-3015
-2834
-2312
-1729
-981
29
1035
1915
2748
3530
4089
4786
5747
6827
7943
8698
9178
9434
9384
9268
9045
8608
7840
6838
5934
5094
4265
3562
2794
1714
501
-770
-2045
-3031
-3822
-4376
-4698
-5077
-5308
-5444
-5522
-5391
-5274
-5023
-4712
-4373
-3706
-2842
-1894
-992
-159
537
923
1136
1259
1290
1408
1776
2248
2694
2853
2679
2507
2151
1807
1640
1275
867
256
-433
-1111
-1796
-2232
-2674
-2999
-3339
-3715
-3985
-4067
-3920
-3730
-3548
-3356
-3146
-2995
-2687
-2286
-1951
-1581
-1349
-1136
-1015
-1094
-1133
-1241
-1242
-1075
-902
-743
-726
-1007
-1344
-1503
-1680
-1750
-1656
-1460
-1167
-607
185
1038
1988
3115
4498
5739
6765
7233
7359
7526
8008
8858
9304
9267
8636
7830
7126
6350
5394
4181
2880
1597
498
-522
-1554
-2707
-3700
-4484
-5344
-6318
-7278
-7907
-8150
-7913
-7260
-6465
-5732
-5165
-4515
-3817
-2913
-1854
-823
245
1094
1953
2688
3425
4196
4832
5441
5786
5884
5640
5158
4706
4443
4342
3974
3198
1936
480
-720
-1661
-2316
-2875
-3581
-4273
-4808
-5400
-5735
-5844
-5994
-5849
-5619
-5336
-5036
-4773
-4201
-3440
-2651
-1849
-1198
-805
-514
-161
260
565
724
880
927
745
386
-37
-517
-905
-1159
-1381
-1744
-2345
-2834
-3122
-3116
-2959
-2922
-2824
-2578
-1958
-1102
-169
985
2425
4253
6025
7143
7593
7702
8033
9058
10259
11025
10909
9942
9052
8406
7784
6926
5767
4338
2732
1359
-15
-1389
-2542
-3259
-3869
-4822
-5951
-7241
-8191
-8514
-8051
-7141
-6481
-5861
-5353
-4926
-4390
-3751
-2884
-1949
-914
354
1546
2581
3507
4308
5122
5623
5879
5991
5684
5312
4956
4652
4461
3887
2705
1236
-429
-2094
-3265
-4126
-4833
-5578
-6365
-6830
-7302
-7661
-7699
-7805
-7743
-7339
-6782
-5963
-4943
-3718
-2299
-965
253
1226
1991
2569
2954
3372
3613
3824
4058
3980
3604
2851
1886
1143
556
-2
-405
-895
-1427
-1859
-2307
-2620
-3111
-3851
-4375
-4541
-4208
-3254
-1976
-787
112
704
1275
2087
3350
4964
6393
7406
7955
8317
8802
9279
9560
9285
8576
7767
6893
6222
5618
4822
3851
2686
1428
202
-1068
-2507
-3808
-4816
-5579
-6078
-6503
-6788
-6932
-6945
-6758
-6493
-6124
-5698
-5100
-4171
-3036
-1742
-447
724
1648
2237
2668
3043
3498
4101
4812
5469
5679
5286
4567
3827
3111
2407
1644
687
-498
-1608
-2465
-3161
-3735
-4375
-5115
-5914
-6498
-6687
-6596
-6224
-5725
-5082
-4401
-3791
-3275
-2952
-2818
-2810
-2569
-2113
-1657
-1319
-1174
-1171
-1292
-1293
-1273
-1559
-2179
-2878
-3306
-3315
-2685
-1388
80
1079
1288
924
637
1250
3300
6276
8772
9915
9894
9560
9798
10715
11690
11819
10675
9107
8177
7854
7604
7000
5806
4074
2048
90
-1578
-2973
-3958
-4432
-4700
-5120
-5768
-6526
-7271
-7910
-8303
-8331
-7920
-7071
-5954
-4835
-3902
-3139
-2375
-1598
-1016
-668
-301
294
1216
2546
4094
5338
5871
5716
5141
4504
4210
4365
4638
4649
4109
2999
1673
505
-358
-1134
-2138
-3264
-4304
-5152
-5561
-5560
-5563
-5806
-6150
-6308
-6192
-5807
-5107
-4215
-3271
-2332
-1486
-744
-296
-258
-271
-193
-92
168
495
672
665
483
219
-70
-380
-709
-1215
-1901
-2420
-2534
-2201
-1474
-684
-267
-289
-433
-397
75
1335
3368
5515
7118
7897
7875
7625
7900
8723
9451
9465
8816
8086
7573
7211
6788
5884
4424
2803
1271
-96
-1340
-2419
-3260
-3938
-4511
-5219
-6093
-6960
-7705
-8007
-7839
-7347
-6584
-5758
-4985
-4256
-3543
-2942
-2367
-1651
-814
185
1229
2156
2788
3289
4086
4961
5638
5822
5364
4642
4017
3960
4354
4405
3753
2564
1308
287
-473
-1226
-2222
-3372
-4550
-5335
-5616
-5848
-6099
-6313
-6403
-6345
-6211
-5835
-5181
-4374
-3538
-2700
-1753
-889
-274
250
720
997
960
918
1061
1026
771
490
152
-470
-1180
-1600
-2012
-2667
-3340
-3681
-3687
-3520
-2980
-2164
-1745
-1852
-1803
-1284
-275
1384
3702
6224
8098
9126
9652
10078
10874
11986
12861
12866
12021
11019
10288
9735
8846
7297
5311
3241
1412
-154
-1558
-2850
-4136
-5388
-6683
-7992
-9115
-9917
-10300
-10429
-10316
-9881
-9081
-7994
-6933
-5944
-5035
-4075
-2924
-1633
-274
923
1948
2902
3919
4952
5837
6645
7280
7452
7186
6811
6443
5998
5581
5145
4212
2705
1109
-322
-1469
-2388
-3311
-4439
-5716
-6654
-7137
-7359
-7452
-7659
-7866
-7780
-7310
-6599
-5825
-4828
-3689
-2787
-1994
-946
209
1001
1491
2023
2448
2565
2717
3093
3069
2403
1727
1292
699
-170
-723
-1043
-1811
-2740
-3284
-3647
-4114
-4108
-3210
-2269
-1950
-1843
-1473
-663
1135
4111
6932
8080
7880
7809
8534
9890
11498
12450
11845
10263
9069
8602
8177
7383
6250
4364
1841
-215
-1369
-2184
-3218
-4465
-5998
-7862
-9116
-9266
-9086
-9093
-9013
-8600
-8074
-7344
-6174
-5086
-4484
-3833
-2608
-1110
269
1609
2733
3130
3106
3587
4567
5369
6012
6694
6768
5831
4835
4637
4696
4370
3835
2977
1314
-562
-1469
-1627
-2246
-3438
-4480
-5414
-6400
-6709
-6077
-5538
-5744
-5955
-5581
-5135
-4676
-3490
-2090
-1610
-1527
-762
319
994
1563
2130
1990
1414
1548
2103
1891
1062
394
-389
-1452
-1882
-1706
-2271
-3670
-4762
-5373
-5840
-5714
-4781
-3963
-3846
-3684
-2986
-2241
-1237
920
3926
6510
8159
9177
9752
10233
11469
13469
14739
14332
13063
11873
10863
10011
9312
8294
6327
3692
1365
-360
-1767
-2929
-4129
-5910
-8092
-9735
-10458
-10837
-11073
-10933
-10746
-10645
-10042
-8770
-7367
-6124
-4807
-3343
-1950
-575
869
2067
2884
3673
4712
5827
6751
7446
7830
7640
6985
6457
6304
6239
5945
5373
4167
2117
23
-1385
-2246
-3009
-3585
-4393
-6136
-7766
-8051
-7596
-7531
-7415
-6887
-6863
-6979
-6073
-4579
-3593
-2779
-1653
-895
-255
1201
2754
3215
3351
4055
4380
4143
4538
5251
4695
3244
2437
1810
768
127
-131
-1271
-3048
-3728
-3739
-4476
-5433
-5747
-6015
-6647
-6458
-5302
-4462
-4053
-3191
-1897
-803
511
2585
4886
6802
8415
9693
10208
10437
11350
12774
13556
13085
11974
10735
9407
8144
6985
5780
4154
2136
176
-1608
-3215
-4748
-6218
-7635
-8924
-9704
-10074
-10323
-10467
-10232
-9634
-9119
-8466
-7350
-5871
-4429
-3125
-1709
-330
957
2085
2979
3897
5045
6084
6489
6621
6968
7131
6725
6177
5854
5302
4365
3362
2375
1272
35
-1127
-2386
-3628
-4366
-4627
-4920
-5799
-6875
-7513
-7501
-6980
-6206
-5188
-4421
-4358
-4510
-3852
-2213
-567
614
1615
2411
2713
2893
3515
4380
4918
4843
4250
3436
2805
2480
1964
998
73
-738
-1681
-2530
-3108
-3596
-4388
-5484
-6511
-7061
-6821
-6058
-5237
-4649
-4254
-3887
-3435
-2363
-419
2118
4754
6653
7566
7911
8330
9337
10899
12679
13872
13553
11784
9860
8879
8580
8255
7427
5747
3199
423
-1701
-3061
-4022
-4925
-6150
-7632
-8804
-9465
-10084
-10587
-10462
-9960
-9315
-8362
-7169
-6144
-5506
-4580
-3089
-1514
238
1947
2910
3309
3855
4852
6033
7213
8021
7921
7117
6166
5587
5477
5621
5488
4380
2495
349
-1524
-2654
-3045
-3222
-3901
-5118
-6588
-7746
-7926
-7333
-6825
-6728
-6414
-5663
-5007
-4495
-3628
-2480
-1527
-522
945
2349
2979
3114
3314
3596
4095
4823
5251
5005
4310
3370
2044
926
648
581
-91
-1369
-2743
-4092
-5312
-6005
-6357
-6651
-6809
-6627
-6090
-5506
-5049
-4829
-4442
-3169
-1035
1444
3615
4972
5520
5930
6998
8766
10885
12793
13542
12667
11028
9934
9700
9784
9640
8828
6986
4345
1811
100
-793
-1412
-2387
-3976
-5785
-7278
-8378
-9138
-9425
-9123
-8676
-8596
-8667
-8428
-7671
-6609
-5196
-3504
-2168
-1368
-882
-339
456
1689
3248
4396
5029
5285
5127
4886
4963
5490
5892
5818
5378
4512
3284
1768
507
-64
-287
-602
-1224
-2225
-3842
-5474
-5887
-5174
-4524
-4350
-4278
-4661
-5507
-5466
-4152
-2748
-1585
-413
3
-302
86
1072
1384
1776
3232
4000
3027
2280
2461
2036
1385
1858
2263
1267
-26
-811
-1808
-2796
-2914
-2848
-3389
-3847
-4137
-5062
-5928
-5552
-4584
-3932
-3259
-2645
-2765
-3038
-2277
-507
1673
3913
5364
5347
4832
5202
6576
8593
10760
11747
10664
8723
7667
7610
7921
8294
7919
6110
3774
1970
559
-419
-685
-1018
-2152
-3534
-4609
-5605
-6502
-6764
-6387
-6032
-6052
-6325
-6660
-6741
-6321
-5436
-4104
-2567
-1590
-1541
-1671
-1198
-338
639
1898
2989
3247
2923
2491
2266
2704
3613
4177
4100
3472
2363
1258
805
1100
1572
1504
671
-717
-2174
-3050
-3008
-2261
-1724
-2262
-3253
-3804
-4190
-4187
-3008
-1539
-1201
-1446
-1266
-1191
-1392
-711
649
1168
1110
1400
1182
217
86
787
848
676
1067
773
-674
-1583
-1515
-1539
-1462
-1103
-1699
-3140
-3855
-3862
-3882
-3457
-2790
-2893
-3179
-2685
-2228
-2241
-1577
-291
515
1567
3489
4487
3947
3851
4816
5952
7580
9514
9845
8232
6647
6173
6444
7349
8280
7585
5209
3033
1822
1210
1356
1836
1264
-654
-2619
-3773
-4434
-4686
-4379
-4088
-4380
-5164
-6056
-6479
-6117
-5260
-4353
-3587
-3101
-3191
-3568
-3247
-2164
-1209
-520
169
563
694
1064
1466
1549
1874
2580
2914
2858
2795
2305
1418
1199
1866
2353
2107
1382
228
-942
-1181
-564
8
134
-526
-1876
-2625
-2388
-2130
-1715
-924
-1081
-2242
-2472
-1613
-1234
-1157
-528
-343
-1009
-853
109
203
-89
149
-122
-799
-419
120
-382
-1055
-1187
-1381
-1831
-1477
-1055
-1703
-2397
-2567
-2445
-2043
-1443
-1274
-1693
-1951
-1959
-1835
-1096
11
334
86
169
228
502
1943
3888
4957
5119
5063
5004
5302
6560
8063
8288
7380
6400
5575
5121
5336
5489
4723
3449
2366
1409
603
308
178
-513
-1539
-2288
-2913
-3656
-4202
-4309
-4344
-4616
-4946
-5220
-5387
-5184
-4661
-4079
-3308
-2881
-3143
-3393
-2956
-1721
-707
-178
163
-70
-360
70
1064
1830
2221
2320
1896
1724
2299
2768
2740
2704
2472
1883
1625
1614
1304
954
714
214
-331
-528
-851
-1513
-1717
-1484
-1746
-2018
-1663
-1817
-2567
-2270
-1254
-1093
-1228
-800
-768
-1361
-1214
-402
-230
-392
-222
-493
-1111
-832
-336
-756
-1078
-778
-973
-1404
-1029
-738
-1157
-1323
-874
-603
-456
81
-94
-764
-641
-294
-294
-181
208
11
-498
-258
179
542
1574
2939
3471
3348
3423
3607
3965
5002
6017
5829
4890
4200
3799
3605
3810
3976
3280
2132
1491
1066
535
409
407
-270
-1220
-1618
-1835
-2474
-2904
-2759
-2866
-3247
-3320
-3393
-3584
-3390
-2836
-2487
-2226
-1799
-1794
-2096
-1630
-731
-409
-169
123
40
-137
262
1087
1361
1422
1443
1254
1130
1150
1267
1063
876
661
382
381
269
-137
-678
-638
-288
-417
-603
-679
-1072
-1484
-1284
-974
-950
-925
-1052
-1516
-1513
-597
-289
-700
-406
-167
-621
-543
303
401
-209
-15
333
80
108
386
19
-505
-110
198
-330
-611
-647
-1052
-977
-228
-121
-445
-303
-372
-672
-195
372
-128
-797
-929
-1331
-1739
-1238
-624
-778
-970
-943
-1202
-1064
185
1507
1839
1702
1498
1315
1855
3149
4347
4434
3569
2749
2484
3019
3972
4368
3558
2415
1843
1555
1574
1867
1839
957
-172
-617
-809
-1154
-1238
-1139
-1421
-1840
-2014
-2311
-2524
-2037
-1418
-1403
-1499
-1546
-1879
-1805
-973
-277
-221
-399
-601
-751
-275
521
688
352
101
112
244
608
952
497
-156
-178
50
376
574
288
-243
-688
-672
-318
17
-119
-822
-1215
-1215
-996
-696
-761
-1093
-1452
-1361
-950
-536
-107
-189
-651
-632
-80
372
662
878
624
125
192
776
1114
1060
824
384
-50
-51
284
384
74
-265
-472
-694
-765
-645
-761
-1004
-993
-963
-995
-930
-1011
-1238
-1200
-944
-863
-835
-547
-441
-769
-917
-765
-632
-224
397
401
-174
-364
159
860
1489
1920
1665
1030
1207
2357
3147
3118
2705
2240
2184
2581
3237
3291
2525
1753
1287
1421
1789
1731
1088
199
-273
-281
-23
102
-318
-903
-1154
-1142
-979
-721
-755
-1177
-1383
-1066
-799
-911
-960
-962
-983
-760
-580
-779
-1066
-963
-700
-439
-243
-361
-730
-975
-567
-240
-271
-431
-826
-942
-795
-366
-83
-160
-438
-694
-328
257
487
158
24
129
-168
-284
1
209
-176
-407
-54
42
-34
42
132
49
38
249
154
-84
90
52
-448
-449
-177
-300
-350
-233
-310
-633
-675
-376
-317
-237
-203
-403
-556
-453
-203
-197
-24
201
23
-114
-36
-18
-165
-17
350
144
-272
-224
-315
-657
-553
-340
-497
-683
-629
-620
-862
-948
-706
-494
-272
58
104
-95
3
568
1359
2042
2384
2337
2071
2040
2566
3299
3606
3236
2552
2195
2190
2235
2401
2349
1633
952
885
885
656
348
-95
-499
-681
-819
-1024
-1350
-1710
-1806
-1670
-1599
-1705
-2012
-2314
-2224
-1793
-1410
-1253
-1296
-1446
-1403
-912
-301
-93
-252
-338
-323
-98
387
641
541
261
278
621
842
1009
935
549
444
647
636
535
317
-221
-524
-342
-128
-426
-883
-1086
-1238
-1224
-896
-561
-830
-1270
-1154
-799
-528
-271
-88
-325
-459
-53
148
280
602
530
309
405
615
614
535
678
528
244
398
399
127
-5
4
-132
-378
-338
-306
-537
-688
-774
-896
-797
-752
-874
-818
-888
-1021
-904
-660
-565
-677
-583
-435
-394
-43
382
373
264
540
856
1135
1561
1798
1713
1453
1541
1969
2233
2389
2251
1836
1439
1294
1461
1635
1606
1117
448
136
180
352
396
325
-8
-474
-617
-583
-586
-701
-840
-1057
-1265
-1096
-899
-881
-870
-731
-547
-471
-248
-65
-138
-325
-455
-339
-190
-79
13
-3
-115
-181
-8
132
332
528
360
159
60
41
21
151
291
40
-294
-413
-376
-386
-294
-284
-528
-749
-891
-843
-648
-359
-375
-609
-547
-467
-467
-367
-150
-135
-353
-334
-187
-283
-324
-70
-51
-164
55
163
-52
-76
52
-59
-114
102
82
-237
-274
-208
-379
-303
27
-17
-265
-181
-129
-239
-36
321
324
116
148
95
24
293
504
376
97
126
219
175
345
511
379
97
82
202
243
361
344
182
68
66
151
238
415
361
44
128
383
428
500
533
434
304
365
581
696
714
596
440
405
441
490
472
422
345
182
68
107
168
125
18
-51
-41
-11
29
20
-86
-144
-132
-131
-70
-14
-182
-404
-378
-212
-143
-106
-12
-69
-287
-308
-132
-85
-104
-83
-194
-369
-388
-315
-302
-304
-265
-302
-450
-506
-426
-334
-291
-318
-376
-446
-528
-501
-361
-287
-364
-503
-556
-478
-363
-271
-261
-302
-325
-295
-187
-2
136
125
18
-34
69
99
142
212
124
24
-63
61
149
92
160
137
91
14
6
115
64
18
0
-95
-146
-113
-88
-25
40
-29
-28
125
160
72
118
184
119
170
325
248
98
186
260
246
408
495
281
148
311
482
533
618
563
249
139
330
431
485
540
363
66
-1
183
285
250
290
171
-171
-201
70
138
29
13
-49
-220
-141
103
84
-17
14
-13
-52
-25
-38
-51
-33
8
53
19
-34
-6
76
185
280
198
49
-33
-95
-10
21
-87
-203
-337
-366
-323
-214
-110
-180
-326
-361
-283
-288
-308
-270
-338
-439
-394
-304
-300
-326
-296
-244
-242
-142
-23
-102
-133
-30
-75
-141
-89
-77
-80
-109
-127
-168
-269
-241
-201
-175
-162
-207
-235
-273
-221
-148
-142
-166
-157
-133
-219
-208
-50
-59
-107
55
107
27
106
243
213
190
396
405
245
315
413
390
382
501
480
303
345
461
394
321
384
341
169
122
143
47
-30
32
44
-26
-40
-89
-203
-134
21
-10
-118
-130
-147
-312
-292
-5
44
-65
-31
-28
-82
10
169
200
197
146
27
22
154
313
294
188
189
159
193
295
317
260
114
74
101
104
152
69
-23
-6
0
3
40
33
-65
-110
-93
-75
-107
-144
-167
-200
-153
-125
-138
-161
-209
-222
-197
-152
-156
-188
-251
-337
-311
-235
-221
-225
-187
-212
-306
-289
-203
-179
-192
-108
-109
-287
-286
-221
-225
-158
-35
-29
-168
-152
-96
-61
34
99
124
10
-17
98
90
119
222
167
74
123
198
165
107
195
233
104
109
140
33
38
156
169
68
18
48
26
36
117
62
-47
-18
31
33
66
53
-12
-45
7
89
39
24
42
-80
-85
21
41
3
37
25
-109
-61
70
86
53
60
60
-76
-31
153
111
69
110
57
-36
40
182
122
88
140
77
46
122
180
130
97
129
76
25
94
116
0
-21
35
-8
7
74
57
-2
-9
4
-27
-2
32
-19
-67
-79
-139
-158
-101
-106
-108
-111
-124
-178
-187
-71
-68
-115
-142
-176
-175
-169
-120
-96
-81
-84
-131
-119
-63
-34
-39
-8
-5
-61
-34
-8
-54
-62
-22
-3
-26
22
74
-46
-92
3
12
11
47
30
-55
-94
-14
48
43
49
40
-46
-75
30
75
63
71
55
-2
-34
78
111
49
68
55
-4
-25
55
86
-6
20
50
-23
-19
50
64
-14
-6
103
24
-14
78
-7
-75
-6
64
5
-53
11
-11
-25
69
83
1
-23
8
-8
24
93
59
-44
-53
8
18
56
129
43
-91
-47
22
11
80
145
44
-67
-34
0
0
0
0
0
0
0
0
0
0
0
0
0
0
0
0
0
0
0
0
0
0
0
0
0
0
0
0
0
0
0
0
0
0
0
0
0
0
0
0
0
0
0
0
0
0
0
0
0
0
0
0
0
0
0
0
0
0
0
0
0
0
0
0
0
0
0
0
0
0
0
0
0
0
0
0
0
0
0
0
0
0
0
0
0
0
0
0
0
0
0
0
0
0
0
0
0
0
0
0
0
0
0
0
0
0
0
0
0
0
0
0
0
0
0
0
0
0
0
0
0
0
0
0
0
0
0
0
0
0
0
0
0
0
0
0
0
0
0
0
0
0
0
0
0
0
0
0
0
0
0
0
0
0
0
0
0
0
0
0
0
0
0
0
0
0
0
0
0
0
0
0
0
0
0
0
0
0
0
0
0
0
0
0
0
0
0
0
0
0
0
0
0
0
0
0
0
0
0
0
0
0
0
0
0
0
0
0
0
0
0
0
0
0
0
0
0
0
0
0
0
0
0
0
0
0
0
0
0
0
0
0
0
0
0
0
0
0
0
0
0
0
0
0
0
0
0
0
0
0
0
0
0
0
0
0
0
0
0
0
0
0
0
0
0
0
0
0
0
0
0
0
0
0
0
0
0
0
0
0
0
0
0
0
0
0
0
0
0
0
0
0
0
0
0
0
0
0
0
0
0
0
0
0
0
0
0
0
0
0
0
0
0
0
0
0
0
0
0
0
0
0
0
0
0
0
0
0
0
0
0
0
0
0
0
0
0
0
0
0
0
0
0
0
0
0
0
0
0
0
0
0
0
0
0
0
0
0
0
0
0
0
0
0
0
0
0
0
0
0
0
0
0
0
0
0
0
0
0
0
0
0
0
0
0
0
0
0
0
0
0
0
0
0
0
0
0
0
0
0
