0
0
0
0
0
0
0
0
0
0
0
0
0
0
0
0
0
0
0
0
0
0
0
0
0
0
0
0
0
0
0
0
0
0
0
0
0
0
0
0
0
0
0
0
0
0
0
0
0
0
0
0
0
0
0
0
0
0
0
0
0
0
0
0
0
0
0
0
0
0
0
0
0
0
0
0
0
0
0
0
0
0
0
0
0
0
0
0
0
0
0
0
0
0
0
0
0
0
0
0
0
0
0
0
0
0
0
0
0
0
0
0
0
0
0
0
0
0
0
0
0
0
0
0
0
0
0
0
0
0
0
0
0
0
0
0
0
0
0
0
0
0
0
0
0
0
0
0
0
0
0
0
0
0
0
0
0
0
0
0
0
0
0
0
0
0
0
0
0
0
0
0
0
0
0
0
0
0
0
0
0
0
0
0
0
0
0
0
0
0
0
0
0
0
0
0
0
0
0
0
0
0
0
0
0
0
0
0
0
0
0
0
0
0
0
0
0
0
0
0
0
0
0
0
0
0
0
0
0
0
0
0
0
0
0
0
0
0
0
0
0
0
0
0
0
0
0
0
0
0
0
0
0
0
0
0
0
0
0
0
0
0
0
0
0
0
0
0
0
0
0
0
0
0
0
0
0
0
0
0
0
0
0
0
0
0
0
0
0
0
0
0
0
0
0
0
0
0
0
0
0
0
0
0
0
0
0
0
0
0
0
0
0
0
0
0
0
0
0
0
0
0
0
0
0
0
0
0
0
0
0
0
0
0
0
0
0
0
0
0
0
0
0
0
0
0
0
0
0
0
0
0
0
0
0
0
0
0
0
0
0
0
0
0
0
0
0
0
0
0
0
0
0
0
0
0
0
0
0
0
0
0
0
0
0
0
0
0
0
0
0
0
0
0
0
0
107
119
132
127
134
137
153
151
154
170
172
166
159
164
173
188
190
188
195
168
154
153
141
147
146
129
118
110
96
90
88
86
64
26
13
-3
-23
-50
-63
-93
-136
-152
-191
-211
-229
-255
-287
-308
-314
-362
-382
-379
-392
-385
-392
-408
-411
-407
-415
-412
-394
-391
-383
-370
-381
-393
-371
-365
-362
-333
-318
-310
-293
-275
-274
-256
-212
-208
-194
-143
-141
-128
-88
-91
-91
-81
-60
-37
-11
3
-6
26
52
66
86
109
150
167
178
210
259
292
323
383
435
492
546
604
670
735
791
843
920
985
1036
1097
1159
1225
1273
1313
1353
1374
1397
1407
1385
1340
1288
1243
1169
1070
968
843
710
572
429
280
103
-74
-221
-379
-546
-680
-829
-977
-1117
-1251
-1346
-1471
-1582
-1654
-1715
-1765
-1825
-1840
-1861
-1896
-1894
-1876
-1849
-1819
-1778
-1716
-1620
-1527
-1458
-1334
-1219
-1123
-989
-876
-754
-632
-544
-443
-330
-245
-185
-108
-36
11
70
143
197
234
281
317
324
337
361
353
328
331
314
274
262
247
245
249
254
284
327
392
460
552
685
795
945
1145
1323
1503
1711
1959
2181
2357
2551
2719
2852
2979
3052
3061
3054
3006
2889
2751
2569
2334
2082
1783
1459
1115
769
407
53
-286
-652
-988
-1332
-1664
-1966
-2267
-2517
-2739
-2932
-3080
-3172
-3259
-3300
-3274
-3247
-3138
-2980
-2817
-2632
-2432
-2211
-1953
-1662
-1353
-1005
-650
-298
44
375
689
965
1257
1513
1721
1903
1969
2001
2041
2005
1961
1901
1773
1623
1472
1290
1095
847
518
205
-95
-397
-701
-1009
-1321
-1595
-1813
-2006
-2167
-2298
-2338
-2338
-2291
-2251
-2156
-2016
-1915
-1732
-1494
-1295
-1113
-853
-618
-383
-154
34
204
366
541
666
758
847
909
917
935
943
904
868
852
833
812
811
788
760
738
755
801
867
990
1102
1251
1413
1583
1789
1971
2176
2344
2479
2590
2628
2638
2606
2555
2449
2316
2149
1884
1664
1392
1113
830
494
190
-83
-351
-654
-926
-1193
-1407
-1606
-1789
-1952
-2096
-2174
-2269
-2318
-2341
-2381
-2387
-2413
-2405
-2349
-2299
-2199
-2057
-1917
-1787
-1601
-1422
-1279
-1038
-790
-588
-337
-86
117
339
563
774
977
1166
1324
1408
1473
1520
1516
1491
1424
1355
1260
1116
966
785
581
375
133
-97
-307
-541
-770
-1007
-1204
-1367
-1519
-1633
-1706
-1719
-1725
-1701
-1644
-1586
-1442
-1255
-1104
-963
-770
-572
-431
-249
-60
107
284
410
488
546
599
635
644
639
580
493
414
326
237
109
-18
-110
-165
-181
-219
-260
-286
-286
-230
-135
30
245
465
711
987
1275
1539
1827
2165
2471
2702
2857
2968
3044
3101
3126
3085
2978
2809
2609
2377
2143
1848
1470
1134
781
443
139
-194
-523
-823
-1100
-1373
-1593
-1784
-1956
-2103
-2243
-2369
-2489
-2548
-2597
-2643
-2647
-2660
-2636
-2557
-2441
-2296
-2148
-1980
-1777
-1546
-1301
-1045
-801
-546
-257
37
343
619
868
1087
1278
1485
1686
1846
1929
2002
2025
1999
1996
1897
1793
1672
1437
1211
964
661
386
81
-263
-550
-839
-1135
-1387
-1610
-1798
-1939
-2060
-2175
-2191
-2197
-2171
-2025
-1891
-1717
-1509
-1342
-1150
-943
-770
-630
-456
-289
-176
-67
8
25
76
144
188
244
252
219
209
178
107
33
-45
-126
-178
-188
-202
-217
-210
-215
-191
-98
-3
151
393
645
939
1268
1562
1871
2219
2567
2892
3165
3366
3507
3621
3716
3726
3645
3524
3337
3092
2855
2588
2234
1841
1459
1072
699
353
1
-346
-637
-914
-1207
-1470
-1692
-1893
-2063
-2212
-2376
-2531
-2655
-2786
-2883
-2944
-2983
-3005
-2997
-2931
-2850
-2717
-2557
-2376
-2156
-1945
-1669
-1404
-1150
-844
-552
-231
97
399
700
967
1236
1522
1760
1971
2162
2277
2343
2361
2313
2218
2089
1936
1747
1504
1229
925
591
272
-23
-322
-650
-984
-1279
-1538
-1770
-1964
-2110
-2208
-2240
-2192
-2092
-1990
-1867
-1693
-1510
-1297
-1077
-886
-715
-563
-373
-224
-103
6
53
110
158
192
189
175
179
144
82
18
-78
-181
-223
-310
-401
-452
-530
-549
-572
-587
-565
-551
-469
-304
-97
120
373
658
979
1358
1759
2145
2521
2895
3232
3515
3739
3901
4028
4107
4116
4039
3889
3685
3443
3178
2865
2484
2093
1709
1319
935
531
112
-283
-672
-1041
-1366
-1669
-1948
-2211
-2471
-2698
-2878
-3028
-3150
-3256
-3340
-3397
-3426
-3387
-3314
-3199
-3056
-2914
-2719
-2517
-2261
-1954
-1636
-1301
-1027
-761
-485
-190
129
406
668
923
1163
1381
1573
1744
1890
2021
2130
2162
2142
2082
1945
1795
1663
1459
1200
940
659
389
161
-67
-298
-577
-883
-1071
-1260
-1412
-1538
-1660
-1719
-1749
-1663
-1568
-1472
-1307
-1138
-947
-777
-607
-432
-301
-154
-43
15
74
127
154
163
141
125
110
32
13
-15
-116
-189
-297
-448
-614
-727
-793
-874
-952
-1032
-1052
-1029
-986
-876
-788
-705
-573
-374
-140
105
455
800
1152
1544
1909
2352
2814
3228
3606
3875
4090
4269
4389
4486
4445
4326
4119
3836
3569
3296
2979
2614
2218
1747
1299
871
415
-10
-444
-876
-1280
-1658
-2005
-2326
-2593
-2820
-3015
-3233
-3407
-3472
-3566
-3581
-3540
-3563
-3508
-3405
-3281
-3092
-2882
-2653
-2397
-2120
-1776
-1410
-1065
-709
-371
-72
191
430
684
931
1135
1334
1532
1697
1838
1972
2090
2181
2221
2201
2096
1917
1758
1600
1382
1119
837
506
187
-80
-394
-664
-940
-1266
-1516
-1760
-1955
-2057
-2118
-2121
-2076
-2012
-1912
-1742
-1524
-1246
-939
-696
-480
-243
-24
141
257
335
365
373
412
472
492
472
446
413
367
328
291
221
96
-69
-248
-417
-566
-695
-808
-898
-964
-1006
-1013
-975
-917
-871
-834
-763
-620
-393
-111
208
561
940
1337
1777
2259
2744
3171
3531
3823
4011
4171
4318
4391
4381
4308
4168
3961
3751
3497
3195
2833
2393
1996
1530
1030
609
156
-289
-708
-1165
-1588
-1948
-2262
-2525
-2825
-3122
-3339
-3519
-3658
-3771
-3851
-3895
-3865
-3816
-3743
-3587
-3435
-3185
-2883
-2649
-2348
-1998
-1631
-1243
-899
-578
-283
-32
251
558
812
1056
1307
1540
1734
1904
2075
2208
2285
2319
2310
2249
2137
1990
1802
1556
1260
948
658
378
70
-263
-589
-899
-1196
-1450
-1653
-1829
-1971
-2054
-2099
-2117
-2065
-1940
-1782
-1588
-1352
-1117
-904
-683
-434
-185
23
175
298
399
510
597
647
700
746
758
735
736
701
650
597
423
251
89
-112
-296
-492
-660
-828
-1002
-1124
-1211
-1268
-1314
-1340
-1360
-1362
-1325
-1249
-1075
-839
-550
-182
220
678
1128
1600
2139
2626
3072
3498
3851
4119
4384
4628
4750
4831
4837
4727
4577
4376
4107
3745
3311
2839
2392
1919
1372
825
283
-212
-686
-1190
-1675
-2130
-2542
-2944
-3301
-3578
-3832
-4049
-4194
-4293
-4392
-4438
-4390
-4286
-4095
-3888
-3713
-3483
-3217
-2893
-2492
-2096
-1697
-1302
-955
-605
-250
117
509
881
1219
1488
1723
1961
2190
2423
2578
2657
2735
2766
2729
2630
2494
2330
2084
1775
1407
978
577
194
-219
-631
-1067
-1474
-1805
-2091
-2297
-2428
-2517
-2567
-2545
-2426
-2314
-2162
-1879
-1588
-1331
-1037
-722
-457
-188
147
413
573
753
917
1011
1079
1122
1143
1096
989
915
790
623
528
398
213
42
-153
-349
-546
-779
-973
-1137
-1304
-1453
-1587
-1660
-1639
-1581
-1511
-1408
-1231
-955
-630
-291
68
471
919
1367
1818
2320
2877
3406
3836
4185
4492
4753
4975
5138
5195
5125
4936
4694
4418
4073
3681
3219
2674
2132
1618
1059
493
-24
-562
-1085
-1587
-2098
-2544
-2960
-3316
-3642
-3951
-4141
-4341
-4494
-4497
-4502
-4473
-4394
-4289
-4106
-3875
-3624
-3335
-3008
-2681
-2326
-1913
-1512
-1122
-712
-326
62
448
749
1032
1337
1589
1832
2025
2154
2314
2431
2522
2613
2665
2662
2563
2422
2237
1997
1703
1322
972
606
206
-126
-508
-889
-1183
-1483
-1785
-2059
-2282
-2421
-2508
-2542
-2461
-2340
-2232
-2022
-1747
-1486
-1172
-806
-453
-137
161
438
645
831
1030
1143
1217
1302
1287
1212
1091
943
833
694
554
373
120
-130
-360
-578
-829
-1063
-1274
-1487
-1626
-1727
-1832
-1905
-1895
-1850
-1798
-1679
-1493
-1263
-946
-539
-104
348
839
1358
1912
2509
3118
3692
4202
4620
4942
5233
5488
5651
5707
5620
5406
5145
4804
4369
3889
3322
2698
2092
1477
865
251
-399
-1026
-1579
-2081
-2560
-3011
-3396
-3693
-3938
-4156
-4331
-4427
-4456
-4456
-4425
-4346
-4209
-4026
-3806
-3539
-3220
-2884
-2555
-2210
-1833
-1412
-1025
-670
-311
30
349
613
875
1106
1296
1463
1589
1746
1877
1951
1972
1986
2105
2142
2038
1963
1862
1693
1493
1216
918
649
370
103
-189
-506
-791
-1080
-1324
-1491
-1670
-1860
-1990
-2069
-2113
-2074
-1958
-1840
-1682
-1425
-1168
-955
-688
-380
-123
116
400
646
796
960
1167
1329
1434
1482
1450
1359
1262
1187
1024
762
536
287
-32
-313
-602
-955
-1281
-1565
-1825
-2027
-2194
-2328
-2367
-2352
-2348
-2331
-2251
-2103
-1875
-1547
-1170
-764
-264
342
967
1670
2436
3178
3939
4622
5223
5725
6098
6438
6661
6700
6612
6421
6070
5573
5012
4356
3629
2839
1944
1042
256
-470
-1209
-1888
-2461
-2952
-3377
-3751
-4097
-4324
-4419
-4512
-4565
-4497
-4428
-4364
-4207
-4019
-3784
-3506
-3250
-2959
-2603
-2212
-1852
-1469
-1078
-708
-291
45
305
557
777
942
1008
1046
1095
1102
1099
1102
1103
1141
1182
1194
1202
1226
1269
1239
1198
1204
1167
1090
948
799
651
471
344
174
-26
-211
-473
-666
-779
-938
-1079
-1205
-1319
-1344
-1355
-1418
-1402
-1336
-1316
-1233
-1127
-1011
-835
-640
-427
-239
-31
180
352
555
752
895
951
992
1037
1006
926
803
667
508
283
58
-182
-497
-809
-1118
-1497
-1849
-2130
-2391
-2609
-2755
-2807
-2780
-2776
-2761
-2599
-2300
-1887
-1378
-840
-211
560
1366
2189
3077
4002
4918
5739
6409
6976
7436
7721
7804
7712
7469
7052
6423
5599
4669
3728
2750
1667
542
-489
-1404
-2234
-2956
-3531
-3967
-4282
-4493
-4629
-4706
-4662
-4494
-4292
-4077
-3820
-3513
-3194
-2893
-2537
-2151
-1844
-1539
-1234
-996
-736
-483
-304
-142
15
166
244
235
277
292
184
75
-50
-225
-376
-517
-602
-591
-553
-435
-236
-25
268
608
882
1199
1540
1764
1917
2017
2031
1995
1867
1644
1402
1094
733
361
-58
-432
-739
-1045
-1342
-1573
-1692
-1778
-1854
-1877
-1800
-1705
-1627
-1407
-1218
-1082
-818
-553
-332
-100
136
380
611
809
991
1078
1056
1044
1010
861
684
515
259
-45
-348
-702
-1093
-1459
-1812
-2134
-2384
-2603
-2757
-2820
-2805
-2734
-2606
-2359
-2150
-1936
-1558
-1115
-641
-146
448
1203
2025
2848
3696
4591
5527
6457
7229
7794
8228
8504
8542
8377
7975
7313
6508
5500
4290
2948
1585
267
-1050
-2246
-3285
-4151
-4784
-5243
-5520
-5540
-5286
-4895
-4493
-4010
-3395
-2785
-2290
-1851
-1430
-1080
-853
-734
-674
-645
-650
-707
-762
-765
-755
-777
-836
-871
-874
-916
-972
-1020
-1099
-1165
-1225
-1336
-1414
-1465
-1506
-1437
-1287
-1112
-844
-402
142
631
1163
1831
2426
2906
3354
3677
3850
3795
3549
3209
2679
2061
1360
566
-169
-860
-1502
-2028
-2398
-2667
-2809
-2794
-2692
-2510
-2220
-1868
-1513
-1108
-634
-202
119
418
700
891
1052
1174
1193
1058
937
859
593
269
-23
-375
-738
-1047
-1320
-1616
-1864
-2045
-2215
-2350
-2473
-2606
-2673
-2659
-2605
-2468
-2272
-2057
-1774
-1426
-1070
-737
-433
-103
288
674
1063
1539
2105
2771
3533
4283
5056
5962
6832
7515
8003
8287
8338
8151
7663
6818
5792
4653
3363
1928
425
-911
-2102
-3155
-3998
-4616
-4837
-4785
-4610
-4209
-3610
-2887
-2166
-1484
-838
-321
46
235
271
134
-156
-501
-946
-1419
-1826
-2153
-2392
-2622
-2715
-2617
-2490
-2355
-2226
-2035
-1792
-1647
-1514
-1409
-1343
-1238
-1205
-1234
-1274
-1285
-1160
-938
-666
-225
399
1086
1857
2637
3321
3980
4478
4729
4793
4567
3989
3147
2216
1162
-31
-1140
-2148
-2967
-3501
-3873
-3989
-3800
-3375
-2769
-2092
-1345
-556
232
925
1382
1658
1857
1898
1723
1449
1116
721
366
57
-318
-707
-1030
-1320
-1501
-1645
-1799
-1904
-1983
-1932
-1873
-1903
-1851
-1751
-1611
-1489
-1499
-1513
-1478
-1478
-1516
-1489
-1381
-1238
-1000
-734
-540
-370
-211
-117
-15
148
313
543
976
1602
2386
3310
4310
5430
6653
7802
8670
9190
9453
9332
8785
7841
6482
4972
3384
1628
-158
-1750
-3049
-4031
-4705
-5063
-5014
-4586
-3933
-3209
-2434
-1562
-756
-147
267
476
505
310
-141
-714
-1343
-1946
-2467
-3001
-3369
-3441
-3373
-3189
-2873
-2456
-1968
-1539
-1196
-957
-895
-883
-992
-1300
-1599
-1847
-2037
-2181
-2217
-2066
-1772
-1344
-817
-144
666
1538
2402
3216
3949
4576
5005
5116
4979
4580
3902
2994
1900
742
-411
-1397
-2222
-2900
-3257
-3286
-3082
-2681
-2011
-1124
-271
506
1250
1833
2192
2287
2012
1511
964
318
-480
-1316
-1990
-2522
-2960
-3195
-3250
-3182
-2916
-2486
-2003
-1549
-1159
-783
-472
-336
-326
-399
-556
-783
-1101
-1495
-1871
-2144
-2323
-2435
-2415
-2188
-1805
-1390
-988
-556
-110
247
527
932
1538
2222
2974
3899
4992
6138
7274
8412
9377
9901
9949
9567
8764
7587
6004
4113
2236
475
-1266
-2901
-4158
-4838
-5035
-4912
-4444
-3573
-2401
-1147
-27
903
1647
2107
2141
1779
1205
471
-485
-1584
-2577
-3298
-3850
-4303
-4406
-4083
-3633
-3149
-2537
-1917
-1424
-1061
-912
-985
-1205
-1564
-1999
-2413
-2724
-2876
-2874
-2679
-2260
-1684
-993
-260
472
1236
1899
2396
2810
3095
3242
3248
3059
2746
2372
1971
1577
1113
609
158
-235
-530
-814
-1120
-1228
-1127
-997
-810
-466
-37
426
941
1355
1560
1746
1912
1813
1481
1093
650
35
-743
-1478
-2105
-2667
-3027
-3160
-3173
-3012
-2672
-2291
-1916
-1497
-1098
-889
-791
-628
-540
-662
-839
-972
-1122
-1392
-1789
-2089
-2167
-2219
-2303
-2217
-1943
-1578
-1179
-818
-488
-160
94
276
540
972
1518
2243
3272
4502
5807
7143
8433
9612
10496
10816
10488
9579
8248
6586
4481
2081
-149
-1981
-3517
-4790
-5560
-5605
-5043
-4149
-3064
-1743
-227
1132
2041
2534
2715
2523
1787
633
-522
-1588
-2694
-3732
-4487
-4784
-4650
-4279
-3747
-3008
-2127
-1354
-890
-648
-577
-773
-1204
-1800
-2451
-2971
-3328
-3505
-3380
-2906
-2144
-1239
-306
648
1517
2094
2300
2275
2146
1909
1617
1285
898
697
792
955
1134
1479
1976
2388
2478
2304
2026
1616
992
152
-713
-1372
-1836
-2138
-2223
-2014
-1437
-643
102
833
1607
2206
2408
2233
1817
1215
355
-753
-1845
-2694
-3438
-4118
-4428
-4279
-3901
-3394
-2733
-1963
-1214
-606
-167
94
131
-57
-441
-963
-1524
-2105
-2647
-2953
-2955
-2758
-2391
-1817
-1023
-163
503
954
1277
1430
1469
1525
1637
1947
2620
3632
4881
6224
7570
8905
9997
10483
10237
9313
7852
5982
3689
1117
-1301
-3270
-4778
-5808
-6138
-5585
-4360
-2861
-1229
551
2336
3742
4438
4507
4162
3319
1886
90
-1671
-3117
-4253
-5131
-5573
-5410
-4683
-3680
-2709
-1718
-724
-188
-194
-403
-876
-1667
-2467
-3171
-3721
-3954
-3896
-3522
-2770
-1761
-650
401
1342
2097
2461
2410
1935
1103
260
-479
-1094
-1398
-1339
-830
122
1241
2385
3454
4302
4801
4768
4143
2953
1414
-152
-1810
-3427
-4418
-4689
-4439
-3597
-2242
-636
1027
2599
3894
4701
4994
4826
4073
2726
1116
-471
-2056
-3585
-4692
-5161
-5204
-4990
-4399
-3432
-2343
-1355
-566
-46
193
223
59
-355
-875
-1316
-1775
-2286
-2665
-2838
-2878
-2833
-2601
-2165
-1693
-1085
-306
252
502
625
598
496
462
619
1220
2284
3605
5115
6723
8276
9661
10671
11008
10514
9239
7286
4842
2176
-564
-3136
-5058
-6121
-6529
-6292
-5205
-3414
-1377
619
2489
4119
5259
5625
5193
4243
2942
1243
-711
-2464
-3698
-4465
-4883
-4844
-4205
-3144
-2073
-1215
-517
-1
108
-323
-1132
-2017
-2823
-3552
-4109
-4265
-3922
-3217
-2328
-1301
-201
750
1366
1610
1550
1180
469
-388
-1221
-1862
-2232
-2326
-2092
-1546
-707
338
1591
2794
3822
4754
5265
5351
4899
3893
2797
1479
-151
-1771
-3148
-4025
-4293
-4165
-3668
-2634
-1119
562
1952
3033
4077
4704
4473
3679
2623
1223
-421
-2099
-3574
-4609
-5285
-5554
-5351
-4735
-3700
-2461
-1340
-459
455
1130
1190
983
574
-103
-1093
-2239
-3121
-3743
-4169
-4257
-3904
-3132
-2116
-1081
-76
817
1342
1506
1476
1362
1352
1547
2017
3058
4681
6411
8070
9694
10966
11490
10983
9413
7159
4502
1453
-1715
-4513
-6543
-7615
-7853
-7318
-5803
-3396
-673
1819
3995
5867
7096
7311
6534
5101
3248
985
-1400
-3377
-4633
-5186
-5269
-4832
-3696
-2257
-1024
-178
264
485
283
-611
-1713
-2676
-3511
-4051
-4227
-3981
-3319
-2404
-1209
72
1031
1628
1893
1703
1034
0
-1200
-2407
-3438
-4132
-4341
-3845
-2713
-1165
763
2851
4779
6245
6930
6954
6498
5259
3153
626
-1772
-3755
-5365
-6483
-6726
-5968
-4446
-2514
-432
1712
3784
5402
6192
6205
5783
4961
3477
1475
-436
-1940
-3217
-4268
-4749
-4564
-4012
-3319
-2500
-1597
-752
-138
153
208
121
-199
-763
-1262
-1477
-1636
-1979
-2349
-2528
-2595
-2679
-2695
-2526
-2204
-1829
-1446
-1068
-700
-424
-315
-283
-145
189
770
1746
3235
5107
7026
8734
10118
11054
11346
10766
9248
6951
4132
1087
-1884
-4461
-6290
-7219
-7226
-6362
-4845
-2809
-496
1700
3625
5060
5793
5910
5332
4136
2630
872
-865
-2249
-3227
-3634
-3522
-3148
-2516
-1769
-1137
-732
-677
-908
-1258
-1713
-2255
-2789
-3135
-3104
-2710
-2077
-1297
-447
378
1006
1270
1144
660
-144
-1160
-2225
-3122
-3713
-3988
-3847
-3218
-2162
-765
712
2133
3559
4762
5513
5665
5077
4046
2782
1199
-503
-2153
-3564
-4447
-4886
-4885
-4275
-3170
-1697
-65
1505
3004
4206
4810
4852
4476
3720
2593
1221
-245
-1598
-2550
-3207
-3769
-3963
-3605
-2911
-2202
-1578
-802
35
466
587
682
552
47
-676
-1424
-2134
-2791
-3281
-3519
-3531
-3251
-2646
-1892
-1131
-400
146
257
-109
-646
-1153
-1601
-1580
-813
484
2312
4698
7323
9754
11534
12615
12951
11946
9493
6149
2483
-1015
-4221
-6956
-8582
-8835
-7947
-6240
-3954
-1209
1586
3930
5607
6570
6817
6167
4617
2768
1029
-645
-2112
-3128
-3469
-3109
-2485
-1852
-1134
-545
-324
-449
-925
-1589
-2235
-2898
-3348
-3233
-2692
-1992
-1134
-43
1080
1796
1982
1836
1304
262
-1089
-2457
-3721
-4745
-5261
-5165
-4605
-3681
-2396
-817
875
2408
3634
4629
5422
5773
5442
4592
3575
2450
1051
-656
-2370
-3720
-4617
-5088
-5103
-4527
-3293
-1688
-61
1520
2955
4041
4604
4531
4064
3408
2461
1287
49
-1113
-1948
-2328
-2562
-2686
-2505
-2164
-1768
-1490
-1163
-832
-819
-798
-660
-620
-722
-801
-741
-752
-1050
-1493
-1839
-2180
-2480
-2521
-2271
-1857
-1349
-923
-772
-819
-1034
-1330
-1571
-1310
-407
790
2523
4816
7338
9660
11293
12222
12357
11260
8784
5468
2023
-1233
-4292
-6857
-8314
-8383
-7322
-5588
-3410
-854
1758
3805
5114
5727
5690
5084
3703
1939
370
-838
-1699
-2436
-2802
-2454
-1679
-1214
-1152
-1040
-1039
-1398
-2010
-2572
-2804
-2824
-2691
-2135
-1200
-265
561
1258
1752
1979
1801
1235
336
-839
-2043
-3091
-4006
-4760
-5117
-4954
-4365
-3359
-1895
-215
1369
2760
3820
4488
4613
4198
3414
2422
1517
502
-579
-1594
-2383
-2619
-2538
-2341
-2026
-1372
-573
169
874
1458
2057
2333
2287
2153
1941
1700
1304
734
94
-233
-455
-918
-1350
-1543
-1462
-1484
-1721
-1701
-1455
-1394
-1390
-1197
-839
-469
-430
-651
-751
-860
-1254
-1782
-2129
-2116
-1837
-1556
-1244
-743
-354
-450
-944
-1490
-1922
-2167
-1962
-1035
658
2822
5242
7672
9814
11468
12153
11650
9955
7273
3932
324
-2908
-5552
-7378
-8093
-7631
-6137
-4068
-1789
639
2895
4330
4979
4969
4397
3490
2127
719
-286
-908
-1274
-1475
-1390
-983
-597
-705
-1131
-1512
-1943
-2545
-3134
-3342
-3078
-2552
-1852
-855
379
1432
2053
2411
2500
2146
1425
428
-639
-1552
-2380
-3104
-3529
-3661
-3584
-3414
-3269
-2891
-2179
-1162
46
1306
2641
3798
4554
4639
4103
3151
1879
367
-1627
-3597
-5032
-5843
-5871
-5212
-3905
-2073
14
1800
3081
4083
4613
4446
3582
2414
1378
398
-568
-1089
-991
-664
-335
-55
80
146
194
21
-469
-912
-1056
-1155
-1357
-1377
-1075
-704
-377
-166
-21
-65
-574
-1190
-1702
-2075
-2167
-1992
-1456
-650
118
413
218
-151
-765
-1473
-1850
-1692
-951
487
2565
4968
7384
9221
10264
10626
10000
8239
5470
2195
-1007
-3840
-5962
-7170
-7196
-6125
-4431
-2323
-103
2005
3566
4298
4414
4002
3243
2092
829
-112
-666
-883
-1069
-1070
-893
-757
-926
-1476
-2031
-2584
-3110
-3584
-3714
-3274
-2524
-1591
-515
744
1705
2141
2237
1921
1386
574
-328
-916
-1334
-1676
-1951
-2006
-1989
-2034
-1994
-1936
-1796
-1574
-978
29
1119
2219
3043
3590
3841
3617
2738
1251
-322
-1786
-3419
-5013
-5820
-5713
-5001
-3846
-2280
-396
1475
2897
3711
4089
3956
3276
2000
542
-367
-910
-1246
-1340
-1173
-606
-73
65
176
448
449
128
-222
-515
-650
-609
-639
-656
-380
-152
-405
-935
-1265
-1467
-1677
-1779
-1632
-1086
-533
9
720
1246
1164
423
-414
-1110
-1447
-1182
-261
1386
3400
5600
7662
9228
10147
10008
8770
6492
3361
-99
-3193
-5435
-6840
-7206
-6626
-5236
-3172
-1066
883
2467
3476
3732
3223
2528
1883
1182
357
-187
-245
-223
-287
-416
-518
-750
-1296
-2061
-2977
-3720
-3982
-3825
-3382
-2417
-1032
162
1181
2025
2508
2381
1599
703
-174
-925
-1477
-1765
-1657
-1311
-775
-321
-96
-151
-563
-1124
-1681
-1880
-1592
-855
356
1739
3113
4097
4335
3798
2542
971
-699
-2509
-4392
-6017
-6721
-6290
-5144
-3618
-1725
311
2012
3098
3637
3788
3299
2184
947
-160
-874
-1058
-1095
-1015
-646
-220
68
26
-301
-419
-380
-540
-615
-346
-55
40
131
321
444
429
180
-382
-992
-1436
-1771
-1953
-1784
-1273
-566
240
1039
1632
1731
1277
387
-518
-1125
-1234
-576
769
2734
4984
7220
9055
9998
10029
9065
7153
4248
761
-2487
-4951
-6379
-6930
-6478
-5141
-3280
-1407
131
1457
2344
2627
2279
1627
1123
783
462
132
203
608
688
331
-169
-770
-1624
-2625
-3560
-4073
-4015
-3707
-3107
-2201
-1034
244
1107
1604
1882
1734
1119
240
-560
-1070
-1301
-1348
-1074
-502
-89
-44
-219
-501
-889
-1315
-1527
-1247
-510
469
1720
3095
4181
4571
4097
3028
1482
-374
-2255
-4024
-5215
-5743
-5697
-4850
-3437
-1851
-433
723
1661
2093
2076
1832
1357
800
341
-126
-704
-1027
-981
-926
-899
-780
-681
-665
-690
-625
-257
195
388
551
721
583
332
265
214
83
-160
-716
-1346
-1616
-1664
-1647
-1363
-823
-198
421
1037
1638
1905
1507
661
-211
-851
-938
-310
1076
3007
5103
7149
8751
9647
9601
8618
6937
4516
1582
-1416
-3865
-5315
-5824
-5613
-4847
-3549
-2031
-824
-7
648
1056
1010
722
554
649
872
1006
977
855
613
66
-766
-1635
-2402
-3108
-3728
-4036
-3794
-3075
-2220
-1376
-423
524
1089
1213
1139
920
454
-103
-472
-622
-629
-470
-195
28
132
67
-250
-701
-1058
-1312
-1474
-1272
-555
447
1534
2682
3698
4174
3898
3008
1720
213
-1295
-2608
-3634
-4346
-4606
-4301
-3635
-2791
-1775
-842
-197
344
818
1094
1235
1300
1246
961
331
-391
-888
-1295
-1660
-1796
-1793
-1707
-1372
-913
-553
-202
208
455
414
324
360
325
138
25
-48
-390
-998
-1503
-1637
-1517
-1272
-747
61
936
1686
2101
2133
1752
902
11
-422
-277
618
2244
4279
6493
8561
9963
10331
9678
8184
5905
3052
29
-2721
-4671
-5651
-5723
-4968
-3782
-2404
-1073
-334
46
486
596
314
132
289
691
999
1065
1043
825
165
-902
-2064
-2987
-3674
-4240
-4465
-4078
-3185
-2179
-1277
-328
563
964
958
838
545
171
-152
-458
-511
-337
-281
-141
183
232
-3
-345
-899
-1433
-1708
-1741
-1320
-381
828
2178
3446
4290
4557
4201
3300
2023
504
-1087
-2487
-3470
-4011
-4183
-3964
-3374
-2581
-1755
-986
-319
196
580
885
1027
999
927
731
224
-526
-1196
-1690
-2164
-2502
-2529
-2232
-1641
-1090
-685
-186
183
337
472
331
-10
-209
-399
-548
-518
-491
-660
-1055
-1405
-1509
-1505
-1335
-764
177
1222
2104
2705
2800
2314
1588
886
440
465
927
1936
3592
5610
7615
9076
9535
9109
7915
6101
3891
1422
-995
-2945
-3953
-4196
-3989
-3307
-2444
-1695
-1202
-899
-729
-637
-447
-258
-8
405
783
1003
981
556
-153
-1000
-2020
-2979
-3639
-4018
-4068
-3698
-3000
-2107
-1171
-490
-133
96
188
90
-40
-172
-283
-226
-75
80
298
430
366
178
-184
-671
-1052
-1307
-1414
-1163
-562
308
1441
2615
3553
4000
3711
2875
2028
1198
99
-1196
-2343
-2989
-3119
-3068
-2952
-2474
-1876
-1445
-925
-393
193
745
1020
991
861
841
548
-142
-1035
-1774
-2261
-2713
-2865
-2701
-2352
-1903
-1453
-938
-476
-168
-1
-50
-295
-346
-210
-268
-372
-402
-595
-1007
-1392
-1553
-1550
-1350
-741
137
1001
1777
2303
2432
2162
1661
1216
886
834
1433
2614
4137
5960
7721
8922
9314
8759
7452
5837
3976
1860
-198
-1847
-2860
-3153
-2970
-2534
-1938
-1544
-1504
-1577
-1535
-1391
-1152
-786
-398
154
726
1067
1087
621
-204
-1305
-2377
-3133
-3666
-3928
-3818
-3253
-2470
-1795
-1142
-613
-484
-630
-832
-887
-741
-696
-594
-192
148
367
591
582
264
-228
-785
-1224
-1363
-1234
-913
-344
413
1225
2186
3126
3663
3728
3171
2148
1195
396
-336
-1179
-1947
-2252
-2350
-2399
-2323
-1988
-1465
-1133
-779
-223
378
932
1183
1121
908
660
346
-240
-946
-1528
-1980
-2302
-2445
-2310
-1961
-1677
-1530
-1354
-1090
-896
-896
-886
-778
-678
-517
-469
-612
-723
-998
-1353
-1387
-1325
-1328
-1116
-568
327
1194
1635
1914
1997
1652
1103
734
806
1204
1937
3105
4701
6475
8011
8970
8940
8190
6977
5241
3456
1740
71
-1151
-1866
-2162
-2043
-1864
-1849
-1901
-2007
-2026
-1869
-1623
-1242
-706
-15
821
1432
1565
1335
657
-358
-1396
-2371
-3065
-3420
-3671
-3517
-2858
-2241
-1632
-1082
-968
-1073
-1126
-1222
-1310
-1206
-1039
-634
-11
422
796
991
880
473
-245
-889
-1389
-1702
-1695
-1438
-725
263
1085
2025
3015
3490
3449
2985
2240
1455
637
-122
-818
-1484
-1964
-2232
-2313
-2206
-1880
-1372
-922
-484
61
569
1060
1291
1027
778
617
172
-415
-964
-1433
-1791
-2053
-2101
-1898
-1820
-1871
-1714
-1539
-1366
-1148
-905
-667
-541
-437
-552
-804
-876
-1050
-1470
-1765
-1693
-1522
-1387
-960
-98
776
1324
1698
1852
1568
998
537
467
729
1150
1969
3351
5003
6639
7837
8232
7996
7326
6185
4724
3261
1934
617
-569
-1258
-1547
-1682
-1802
-1954
-2079
-2269
-2270
-1965
-1585
-1048
-443
238
900
1255
1398
1171
514
-368
-1318
-1995
-2435
-2724
-2714
-2477
-2116
-1714
-1393
-1269
-1393
-1675
-1827
-1676
-1421
-1127
-716
-246
224
572
637
544
403
-80
-708
-1036
-1154
-1023
-715
-275
312
690
871
1157
1595
1828
1625
1363
1191
974
583
-55
-529
-865
-1400
-1800
-2019
-2007
-1696
-1389
-804
-116
379
928
1233
1398
1387
810
228
-192
-650
-954
-1068
-1042
-1050
-1055
-986
-1040
-1090
-1198
-1490
-1647
-1604
-1443
-1277
-1213
-1025
-883
-1033
-1229
-1415
-1509
-1529
-1549
-1305
-1008
-647
84
771
1181
1342
1169
756
308
75
213
725
1394
2289
3648
5105
6473
7501
7658
7256
6593
5671
4587
3411
2418
1460
428
-273
-747
-1219
-1733
-2248
-2600
-2844
-2776
-2389
-1884
-1189
-427
350
917
1148
1033
686
299
-373
-1076
-1589
-1839
-1859
-1807
-1564
-1392
-1425
-1555
-1723
-1961
-2069
-1993
-1918
-1512
-1048
-704
-190
167
198
84
-60
-275
-563
-736
-680
-493
-263
61
441
770
920
970
1068
1020
803
670
735
812
683
433
106
-211
-598
-1024
-1276
-1584
-1748
-1567
-1258
-809
-365
52
420
676
884
853
642
352
6
-287
-412
-309
-316
-373
-306
-366
-516
-731
-1070
-1406
-1617
-1626
-1532
-1506
-1462
-1338
-1345
-1485
-1564
-1561
-1546
-1484
-1270
-956
-624
-181
385
788
856
727
420
8
-317
-324
115
697
1398
2339
3498
4853
5985
6617
6661
6251
5773
5212
4622
4048
3155
2231
1599
1019
432
-337
-1183
-1791
-2215
-2486
-2636
-2497
-2080
-1589
-948
-366
-23
134
3
-262
-397
-564
-856
-1052
-1097
-1131
-1179
-1135
-1064
-1187
-1500
-1779
-1839
-1772
-1726
-1593
-1387
-1203
-1028
-772
-535
-521
-607
-605
-543
-534
-378
-148
19
346
507
615
799
710
709
807
674
538
552
714
890
920
826
459
-29
-317
-680
-1055
-1269
-1473
-1390
-1167
-1050
-814
-611
-401
-131
16
31
-88
-60
131
278
428
558
670
635
503
486
329
-32
-443
-802
-1024
-1218
-1240
-1175
-1238
-1247
-1257
-1262
-1271
-1325
-1237
-1134
-997
-748
-533
-234
31
104
101
-48
-246
-402
-586
-591
-451
-261
84
471
982
1607
2185
2838
3339
3563
3641
3648
3805
3933
3874
3722
3498
3248
2931
2558
2218
1891
1533
1190
892
625
385
175
4
-172
-396
-658
-884
-1118
-1311
-1469
-1650
-1802
-2030
-2180
-2249
-2331
-2358
-2424
-2392
-2273
-2144
-1929
-1699
-1497
-1306
-1106
-908
-728
-620
-515
-374
-322
-271
-184
-156
-26
216
344
394
431
331
177
156
266
390
499
593
632
648
730
871
932
774
467
250
185
113
-26
-179
-345
-517
-641
-691
-700
-725
-796
-915
-1004
-965
-864
-721
-477
-259
-153
-57
78
209
198
111
160
138
-79
-161
-109
-159
-222
-205
-216
-325
-390
-299
-227
-299
-403
-462
-479
-479
-526
-655
-810
-923
-1025
-1154
-1284
-1382
-1374
-1255
-1119
-969
-758
-447
0
536
1115
1634
2003
2328
2596
2770
3032
3316
3427
3429
3360
3270
3244
3202
3142
3101
2969
2737
2553
2428
2244
1965
1656
1329
984
694
465
208
-124
-513
-846
-1101
-1438
-1851
-2168
-2421
-2698
-2897
-3024
-3178
-3297
-3279
-3174
-3090
-3035
-2981
-2833
-2601
-2324
-2042
-1803
-1507
-1249
-1005
-693
-407
-76
153
294
496
639
843
1126
1335
1502
1512
1492
1608
1629
1617
1578
1463
1342
1138
1055
1024
915
881
648
280
-62
-391
-520
-659
-895
-1118
-1304
-1345
-1285
-1196
-1188
-1204
-1163
-1148
-1087
-1013
-1025
-1045
-957
-844
-787
-718
-717
-712
-667
-628
-544
-562
-558
-460
-350
-172
-10
78
59
104
224
238
242
211
59
-151
-291
-272
-173
-121
-25
167
360
636
1044
1437
1740
2007
2183
2331
2483
2596
2743
2795
2773
2727
2691
2701
2703
2723
2555
2301
2132
1904
1739
1581
1326
1048
737
513
373
190
-39
-266
-449
-635
-846
-1062
-1298
-1577
-1846
-2079
-2234
-2341
-2526
-2660
-2726
-2781
-2760
-2764
-2732
-2625
-2511
-2300
-2077
-1916
-1727
-1537
-1319
-1026
-741
-491
-297
-128
109
332
526
757
979
1136
1200
1279
1299
1253
1323
1318
1242
1236
1193
1134
1058
912
740
537
385
273
60
-176
-417
-633
-785
-933
-981
-1045
-1113
-1075
-1077
-1037
-943
-934
-962
-957
-921
-892
-773
-598
-552
-561
-539
-553
-581
-543
-455
-392
-349
-298
-232
-162
-75
54
188
296
328
287
227
121
-11
-67
-56
-78
-55
78
220
388
581
831
1119
1362
1579
1778
1967
2089
2225
2462
2591
2570
2579
2629
2649
2685
2656
2520
2369
2224
2127
2002
1768
1451
1126
860
571
322
128
-167
-430
-623
-845
-1016
-1205
-1380
-1527
-1736
-1911
-2112
-2317
-2466
-2595
-2673
-2761
-2768
-2703
-2615
-2447
-2286
-2119
-1987
-1853
-1610
-1395
-1148
-901
-733
-548
-410
-246
-3
183
372
584
695
777
867
963
1045
1063
1106
1126
1115
1087
1037
1041
964
838
746
574
433
334
173
35
-94
-295
-493
-620
-664
-718
-827
-904
-982
-1028
-975
-922
-884
-887
-880
-775
-661
-551
-496
-481
-425
-429
-416
-387
-465
-498
-451
-406
-363
-345
-270
-161
-35
105
129
102
30
-46
-4
18
21
40
62
157
258
417
580
742
1009
1221
1410
1579
1725
1929
2150
2344
2493
2598
2630
2673
2687
2673
2616
2464
2307
2075
1871
1653
1370
1111
800
543
320
140
29
-147
-330
-475
-663
-812
-908
-1074
-1255
-1458
-1632
-1755
-1900
-2005
-2128
-2206
-2276
-2352
-2316
-2340
-2295
-2150
-2076
-1935
-1806
-1641
-1399
-1191
-931
-749
-610
-484
-374
-123
66
214
433
515
567
628
667
763
801
871
899
878
883
865
854
840
783
637
532
363
229
135
-19
-117
-244
-305
-385
-496
-552
-648
-745
-844
-942
-977
-1006
-993
-894
-817
-749
-646
-566
-530
-455
-428
-463
-463
-491
-479
-426
-384
-306
-259
-222
-137
-9
98
145
157
141
99
75
103
119
129
175
213
243
339
469
573
737
921
1085
1239
1400
1584
1716
1905
2109
2232
2380
2502
2561
2608
2644
2656
2593
2449
2274
2065
1812
1545
1248
928
610
309
76
-122
-296
-456
-620
-749
-892
-1008
-1125
-1290
-1440
-1594
-1730
-1868
-1986
-2066
-2178
-2256
-2244
-2223
-2236
-2198
-2095
-1975
-1824
-1648
-1496
-1341
-1121
-905
-748
-596
-427
-281
-80
145
293
426
517
607
720
793
837
845
851
866
882
864
787
737
656
569
490
326
202
94
-31
-122
-231
-355
-454
-491
-538
-624
-752
-873
-936
-978
-990
-955
-882
-836
-753
-682
-625
-505
-466
-437
-417
-416
-410
-419
-390
-399
-393
-338
-250
-191
-153
-67
27
90
131
214
270
308
362
428
447
439
439
482
538
604
730
825
955
1077
1235
1388
1505
1652
1737
1874
2072
2204
2311
2386
2411
2439
2437
2408
2332
2182
1994
1761
1487
1216
954
697
446
193
-43
-262
-454
-627
-772
-919
-1072
-1201
-1298
-1390
-1514
-1603
-1728
-1872
-2009
-2094
-2151
-2214
-2244
-2273
-2222
-2149
-2065
-1890
-1725
-1571
-1401
-1262
-1122
-960
-773
-533
-299
-148
0
140
288
418
517
638
688
730
762
771
804
800
767
694
636
579
519
484
363
243
138
-2
-65
-112
-148
-185
-283
-335
-422
-584
-673
-732
-802
-842
-884
-859
-831
-799
-676
-624
-581
-483
-413
-344
-285
-253
-255
-230
-196
-179
-131
-71
1
45
68
122
150
212
302
342
391
406
413
464
471
486
462
452
511
566
683
822
930
1007
1136
1266
1344
1461
1560
1693
1797
1867
1981
2041
2087
2100
2097
2067
1931
1797
1632
1418
1231
1020
780
545
333
159
2
-207
-405
-582
-798
-951
-1055
-1164
-1282
-1387
-1473
-1598
-1685
-1745
-1824
-1872
-1904
-1897
-1883
-1863
-1789
-1675
-1537
-1424
-1302
-1189
-1115
-961
-785
-630
-456
-348
-230
-89
54
225
337
439
509
521
563
570
545
549
524
480
449
383
301
245
189
112
9
-73
-121
-193
-245
-269
-351
-434
-469
-545
-619
-664
-769
-846
-881
-888
-866
-884
-811
-709
-681
-611
-549
-500
-437
-364
-279
-236
-229
-204
-142
-70
20
67
53
116
180
241
323
357
429
490
551
656
678
697
759
758
759
825
894
976
1101
1205
1286
1341
1379
1434
1507
1605
1699
1778
1833
1867
1905
1948
1985
1938
1835
1672
1463
1310
1126
951
789
577
389
196
-15
-200
-367
-554
-756
-923
-1081
-1269
-1405
-1468
-1533
-1564
-1573
-1606
-1662
-1740
-1774
-1751
-1734
-1661
-1515
-1393
-1306
-1231
-1177
-1091
-944
-782
-646
-535
-427
-326
-234
-120
8
127
230
304
333
356
359
366
402
407
414
392
340
308
232
172
113
14
-61
-138
-184
-211
-259
-285
-315
-350
-404
-464
-495
-586
-653
-675
-732
-771
-819
-846
-828
-794
-731
-688
-622
-540
-486
-407
-324
-272
-208
-112
-45
12
82
132
181
202
258
338
369
407
448
520
599
667
751
770
760
753
739
734
739
768
838
947
1031
1070
1093
1132
1216
1326
1439
1513
1543
1571
1592
1618
1655
1643
1592
1541
1460
1351
1219
1078
942
781
615
475
309
132
-23
-190
-373
-556
-744
-918
-1057
-1161
-1241
-1331
-1419
-1485
-1539
-1575
-1599
-1637
-1645
-1603
-1560
-1462
-1336
-1237
-1136
-1050
-946
-857
-753
-615
-520
-427
-335
-232
-125
-36
61
131
199
251
267
304
335
341
334
322
277
209
190
184
160
120
28
-74
-171
-254
-287
-314
-335
-362
-425
-489
-544
-592
-640
-662
-670
-706
-717
-707
-698
-658
-612
-548
-502
-478
-397
-318
-270
-199
-138
-105
-57
7
66
125
177
222
245
247
298
338
366
443
510
539
565
612
651
662
689
696
661
629
641
692
741
807
862
908
959
1010
1103
1196
1271
1353
1407
1439
1462
1470
1477
1484
1464
1410
1341
1274
1168
1040
947
832
676
509
371
254
98
-48
-187
-353
-504
-636
-730
-842
-963
-1043
-1128
-1202
-1256
-1281
-1300
-1340
-1347
-1335
-1316
-1290
-1248
-1174
-1107
-1029
-955
-901
-845
-771
-679
-611
-548
-489
-455
-377
-274
-197
-143
-141
-139
-96
-60
-31
-38
-71
-78
-95
-118
-125
-157
-182
-190
-204
-224
-289
-346
-344
-326
-333
-357
-382
-448
-498
-460
-436
-467
-483
-472
-449
-410
-348
-285
-246
-194
-112
-40
20
90
152
217
282
335
361
372
407
450
507
535
538
542
555
607
633
646
652
641
666
679
680
682
657
608
571
587
585
558
577
600
621
641
645
653
666
693
767
839
858
853
867
881
876
874
866
818
759
731
714
663
600
528
442
362
278
190
78
-15
-94
-202
-297
-393
-477
-548
-573
-588
-665
-746
-811
-840
-848
-847
-848
-894
-903
-893
-895
-900
-918
-902
-893
-835
-732
-691
-669
-637
-580
-520
-465
-422
-404
-369
-321
-295
-295
-295
-304
-232
-182
-211
-222
-280
-289
-266
-252
-241
-265
-275
-297
-294
-287
-299
-321
-338
-321
-339
-333
-293
-298
-277
-212
-208
-222
-189
-150
-96
-33
4
23
49
106
156
190
247
289
285
302
325
333
346
387
445
447
457
467
464
478
523
584
570
568
587
572
593
576
575
604
581
585
587
561
551
566
584
595
629
608
602
649
635
629
655
639
609
612
644
669
632
580
573
529
464
448
403
322
286
250
187
138
67
-13
-58
-113
-166
-204
-263
-313
-347
-392
-400
-435
-517
-531
-554
-631
-663
-694
-747
-785
-810
-794
-789
-819
-802
-790
-805
-778
-744
-728
-708
-676
-644
-638
-613
-596
-620
-600
-567
-566
-532
-508
-514
-483
-443
-427
-410
-374
-343
-333
-285
-218
-208
-205
-142
-132
-133
-44
-38
-69
-10
19
16
35
85
86
69
152
164
141
218
243
239
289
334
332
325
364
392
384
391
416
425
420
426
447
435
442
463
428
456
496
491
497
503
530
523
523
563
543
515
545
541
487
496
503
450
459
486
441
399
394
362
331
330
319
302
279
262
228
185
182
138
105
93
69
59
29
14
-24
-60
-49
-72
-113
-130
-134
-166
-196
-177
-186
-238
-239
-222
-249
-284
-291
-269
-288
-328
-310
-350
-428
-412
-418
-465
-450
-462
-503
-494
-512
-540
-513
-504
-510
-488
-469
-460
-443
-435
-407
-362
-352
-328
-308
-316
-299
-264
-251
-253
-207
-192
-185
-124
-129
-108
-46
-44
-33
0
22
-3
14
65
55
56
50
56
61
23
65
92
42
49
105
111
93
106
101
74
59
59
78
87
91
111
125
134
150
163
181
191
197
238
263
259
293
330
336
348
370
404
424
414
447
473
414
419
482
439
416
487
465
403
413
398
341
322
319
276
225
217
209
151
129
124
57
24
36
-10
-30
-7
-44
-71
-50
-92
-143
-133
-148
-168
-141
-159
-200
-169
-146
-150
-110
-82
-87
-94
-76
-63
-99
-97
-104
-142
-128
-119
-113
-133
-152
-134
-181
-196
-200
-275
-276
-252
-286
-322
-336
-362
-393
-394
-403
-425
-431
-438
-426
-404
-440
-444
-402
-417
-427
-397
-360
-364
-345
-279
-278
-261
-222
-177
-130
-114
-70
-28
-8
35
69
74
106
138
156
173
207
222
203
250
270
259
284
298
292
275
307
285
258
281
257
277
272
240
264
269
264
247
241
259
239
251
284
261
247
240
237
228
211
219
199
185
173
162
188
162
120
118
100
70
65
75
48
12
13
-20
-57
-54
-46
-57
-93
-87
-75
-117
-103
-76
-100
-119
-103
-94
-121
-110
-81
-103
-108
-77
-80
-108
-77
-46
-75
-81
-52
-55
-63
-17
5
-22
-12
0
-18
-19
-1
-9
-14
-17
-34
-16
-9
-26
-26
-7
-16
-70
-60
-45
-68
-72
-69
-66
-90
-97
-82
-108
-142
-134
-135
-184
-174
-131
-152
-172
-150
-149
-170
-168
-178
-182
-157
-166
-154
-128
-133
-140
-129
-91
-85
-94
-85
-61
-59
-78
-32
-18
-63
-25
12
3
21
26
24
48
56
56
76
95
91
102
128
120
125
144
138
158
160
169
193
166
198
231
179
187
204
163
146
161
179
180
164
174
190
198
189
155
154
151
121
123
131
108
81
105
103
51
55
67
50
26
25
42
5
0
4
-32
-11
3
-14
-9
-18
-39
-30
-19
-26
-43
-41
-34
-83
-83
-57
-80
-89
-101
-115
-106
-96
-96
-96
-104
-109
-119
-140
-143
-160
-151
-136
-148
-139
-133
-156
-152
-107
-114
-140
-118
-123
-128
-103
-103
-104
-73
-63
-73
-56
-28
-22
-28
-10
-1
-25
-11
35
28
-4
15
44
27
18
49
49
18
27
43
19
1
18
24
-1
26
37
-5
22
38
18
25
32
40
36
45
46
33
62
51
16
41
56
36
40
52
39
51
71
52
27
23
24
-2
-2
12
6
7
26
34
-2
1
27
5
-3
16
34
17
10
39
21
7
29
22
22
35
24
26
48
42
20
27
23
-10
-10
15
38
25
19
34
12
18
40
27
2
8
17
4
14
12
7
12
-2
-4
6
-5
-20
-8
-1
-23
-31
-14
-18
-45
-33
-22
-60
-80
-58
-62
-81
-78
-64
-50
-51
-61
-49
-39
-45
-43
-34
-31
-21
-9
-7
-2
7
6
6
14
9
-1
11
27
35
41
36
17
19
36
23
-1
3
13
16
18
8
1
-1
-14
-21
-19
-32
-37
-26
-36
-46
-35
-28
-43
-45
-29
-27
-21
-24
-19
-3
-6
5
5
-7
-1
15
22
16
24
20
8
26
25
18
34
37
40
34
26
21
25
47
25
19
54
34
6
22
40
9
12
40
0
4
25
11
21
16
2
13
31
30
24
36
51
35
41
43
19
23
15
-1
4
-11
-20
-16
-24
-48
-44
-35
-69
-62
-31
-56
-65
-50
-61
-80
-68
-45
-58
-63
-48
-32
-31
-41
-24
-12
-27
-34
0
17
-14
18
39
11
41
75
64
60
91
100
84
78
74
68
70
77
65
34
39
73
56
46
58
45
31
16
20
28
14
13
13
-5
-20
-3
-11
-28
-22
-37
-53
-53
-57
-66
-63
-58
-75
-82
-48
-23
-40
-42
-32
-43
-39
-21
-23
-23
-6
7
-6
-18
-7
-3
-10
-13
-15
-16
-19
-20
-1
-4
-31
-31
-18
-34
-45
-29
-14
-4
-2
-3
0
-11
-21
-19
-16
-25
-11
17
-3
0
32
23
18
32
47
43
30
42
53
30
18
35
44
44
43
40
40
34
17
-6
-3
-2
-29
-22
-7
-19
-16
-19
-30
-39
-40
-35
-44
-35
-28
-39
-36
-27
-27
-29
-26
-16
1
-4
-3
13
18
14
25
31
24
15
26
45
36
51
66
61
47
51
60
41
40
56
38
16
39
33
14
16
20
7
-6
3
5
8
0
0
0
0
0
0
0
0
0
0
0
0
0
0
0
0
0
0
0
0
0
0
0
0
0
0
0
0
0
0
0
0
0
0
0
0
0
0
0
0
0
0
0
0
0
0
0
0
0
0
0
0
0
0
0
0
0
0
0
0
0
0
0
0
0
0
0
0
0
0
0
0
0
0
0
0
0
0
0
0
0
0
0
0
0
0
0
0
0
0
0
0
0
0
0
0
0
0
0
0
0
0
0
0
0
0
0
0
0
0
0
0
0
0
0
0
0
0
0
0
0
0
0
0
0
0
0
0
0
0
0
0
0
0
0
0
0
0
0
0
0
0
0
0
0
0
0
0
0
0
0
0
0
0
0
0
0
0
0
0
0
0
0
0
0
0
0
0
0
0
0
0
0
0
0
0
0
0
0
0
0
0
0
0
0
0
0
0
0
0
0
0
0
0
0
0
0
0
0
0
0
0
0
0
0
0
0
0
0
0
0
0
0
0
0
0
0
0
0
0
0
0
0
0
0
0
0
0
0
0
0
0
0
0
0
0
0
0
0
0
0
0
0
0
0
0
0
0
0
0
0
0
0
0
0
0
0
0
0
0
0
0
0
0
0
0
0
0
0
0
0
0
0
0
0
0
0
0
0
0
0
0
0
0
0
0
0
0
0
0
0
0
0
0
0
0
0
0
0
0
0
0
0
0
0
0
0
0
0
0
0
0
0
0
0
0
0
0
0
0
0
0
0
0
0
0
0
0
0
0
0
0
0
0
0
0
0
0
0
0
0
0
0
0
0
0
0
0
0
0
0
0
0
0
0
0
0
0
0
0
0
0
0
0
0
0
0
0
0
0
0
0
0
0
0
0
0
0
0
0
0
0
0
0
0
0
0
0
0
0
0
0
0
0
0
0
0
0
0
0
