0
0
0
0
0
0
0
0
0
0
0
0
0
0
0
0
0
0
0
0
0
0
0
0
0
0
0
0
0
0
0
0
0
0
0
0
0
0
0
0
0
0
0
0
0
0
0
0
0
0
0
0
0
0
0
0
0
0
0
0
0
0
0
0
0
0
0
0
0
0
0
0
0
0
0
0
0
0
0
0
0
0
0
0
0
0
0
0
0
0
0
0
0
0
0
0
0
0
0
0
0
0
0
0
0
0
0
0
0
0
0
0
0
0
0
0
0
0
0
0
0
0
0
0
0
0
0
0
0
0
0
0
0
0
0
0
0
0
0
0
0
0
0
0
0
0
0
0
0
0
0
0
0
0
0
0
0
0
0
0
0
0
0
0
0
0
0
0
0
0
0
0
0
0
0
0
0
0
0
0
0
0
0
0
0
0
0
0
0
0
0
0
0
0
0
0
0
0
0
0
0
0
0
0
0
0
0
0
0
0
0
0
0
0
0
0
0
0
0
0
0
0
0
0
0
0
0
0
0
0
0
0
0
0
0
0
0
0
0
0
0
0
0
0
0
0
0
0
0
0
0
0
0
0
0
0
0
0
0
0
0
0
0
0
0
0
0
0
0
0
0
0
0
0
0
0
0
0
0
0
0
0
0
0
0
0
0
0
0
0
0
0
0
0
0
0
0
0
0
0
0
0
0
0
0
0
0
0
0
0
0
0
0
0
0
0
0
0
0
0
0
0
0
0
0
0
0
0
0
0
0
0
0
0
0
0
0
0
0
0
0
0
0
0
0
0
0
0
0
0
0
0
0
0
0
0
0
0
0
0
0
0
0
0
0
0
0
0
0
0
0
0
0
0
0
0
0
0
0
0
0
0
0
0
0
0
0
0
0
0
0
0
0
0
0
0
77
3
19
121
109
-62
-227
11
20
-4
240
43
22
-13
-249
-78
19
166
172
-22
-86
-187
-56
61
106
142
7
-109
-217
-191
26
52
140
180
-111
2
-196
-386
-47
-43
212
168
-84
-103
-225
-141
-124
200
167
-215
-42
-113
-182
-9
85
-25
-66
117
-172
-80
192
-72
-10
45
-32
-64
-73
-50
10
166
180
58
-190
24
-10
-399
233
343
-87
99
-4
-34
-24
-99
26
-37
158
209
6
-21
-48
172
31
-67
148
57
100
-3
126
135
-112
269
56
-71
310
-33
-49
125
-104
-12
151
97
-47
-161
-120
55
87
-72
214
109
-530
-83
195
-182
178
116
-287
89
108
-228
-114
-79
-18
123
156
25
-307
-215
17
52
5
146
179
-310
-161
133
0
23
-68
21
131
-137
-36
84
-172
145
138
-52
3
-227
62
22
-38
123
19
-14
-281
-89
31
-78
105
58
-83
9
57
-148
18
23
-183
-24
86
20
-295
-26
225
-163
92
66
-245
16
84
-30
-3
241
-59
-272
248
80
-120
78
2
65
113
-9
-85
-100
64
80
152
182
-189
230
326
-275
6
73
-225
-96
223
113
-39
94
-171
-7
293
71
4
14
28
17
-68
27
202
-6
-152
74
-37
-193
77
92
-76
73
88
-1
-80
-110
85
154
-106
-162
311
10
-391
76
-58
-184
159
92
-34
90
-49
-145
153
116
-150
-82
98
-239
-298
-52
150
132
-220
62
-180
-106
207
-155
17
171
108
-199
23
105
-381
112
307
-244
-19
71
-272
-63
-28
80
87
111
229
-210
-81
-26
-85
11
-55
-140
-187
86
-79
-6
-113
-278
375
85
-187
284
74
-20
189
21
21
204
-56
-256
-11
249
87
-127
176
58
-20
202
24
55
-35
58
180
56
354
-9
-247
59
27
174
5
-144
-64
-6
79
-208
109
239
-275
-52
63
-74
-119
-23
165
-77
-50
101
-147
-191
3
7
121
110
-53
70
-41
12
55
-75
109
80
-64
-107
-91
-109
30
-39
-283
181
185
-216
43
65
-106
62
75
-57
-46
-115
-146
24
8
-245
-172
182
78
-159
-82
67
225
124
-30
26
-21
-26
21
15
165
146
-99
-147
-96
-15
-68
-131
114
237
89
-259
-180
228
45
-182
34
218
-43
-3
20
-171
142
24
-17
93
-1
7
-108
85
129
59
-80
-151
88
4
12
98
-5
-62
-122
-102
51
102
-92
-50
141
-25
-143
-52
55
-1
-121
-20
143
19
-4
79
96
169
-80
180
323
-72
66
12
-70
122
25
-134
60
54
-124
61
-42
34
92
-259
-198
88
-8
-304
-22
-134
-270
93
-93
4
122
-66
-75
-28
-13
120
93
-140
210
101
-68
191
-268
-182
60
5
126
-1
-84
-30
202
-11
62
307
-66
41
-32
-52
130
-78
41
-123
-223
87
-15
-167
79
255
68
88
-137
-403
9
-26
-133
114
81
-62
-117
-12
13
170
6
-65
92
-237
98
168
-103
236
11
-18
36
-143
96
-120
-261
56
76
-129
-150
-57
-128
-4
274
251
150
133
209
237
71
-3
115
63
-71
41
-36
-43
18
-146
118
19
-152
232
-49
-201
-220
-248
-6
-235
-116
-27
-103
-150
-228
4
-47
38
-40
-185
129
129
197
277
3
23
143
-125
-79
143
147
191
60
109
166
198
126
-4
166
-49
-31
2
-214
-113
-209
-226
-152
-42
-147
-237
-85
-156
115
80
7
188
-112
-119
141
181
63
185
91
-163
68
93
-3
-50
-91
-4
-24
-10
134
49
-219
-12
-35
-142
96
-71
-199
-3
215
-47
-98
1
-276
-103
-106
-69
245
189
196
236
267
280
-78
-174
-14
161
252
46
158
174
137
24
-259
-149
-256
-284
-144
-97
113
-97
-305
-318
-165
185
5
-37
171
176
91
-30
83
144
90
-5
21
173
182
54
-153
-107
-112
-128
-36
23
251
214
70
-1
39
167
-60
-164
67
47
-195
-91
76
-119
-192
-191
-159
-17
-36
-71
-66
54
99
202
365
7
-231
-136
-152
-150
191
323
-151
-121
163
123
61
-3
-17
-135
-108
-155
-196
133
-42
-277
-42
-5
158
211
93
230
224
216
20
-93
46
-54
-136
60
179
-240
-488
-418
-487
-459
-66
129
97
420
466
560
550
367
662
306
-157
67
115
-231
-280
-53
-358
-431
-449
-456
-114
-208
-130
47
29
-120
-195
-48
-132
-148
123
378
245
145
315
146
-146
-33
26
-126
-10
73
146
249
125
-88
-79
-39
-198
-66
9
166
383
272
277
119
-28
-263
-459
-68
-93
-385
-213
-151
-231
-223
-119
-72
68
-30
-248
90
216
129
5
14
189
101
125
52
-21
153
140
-88
-148
-45
-246
-343
-188
-68
-49
-243
-281
-145
26
62
182
342
290
397
376
253
439
543
208
37
37
-114
-291
-509
-447
-287
-371
-372
-28
32
-99
221
130
-185
-118
-105
-365
-389
-143
-144
-18
-74
-28
123
-13
61
193
311
256
139
-21
-99
-25
-90
5
125
203
394
331
193
421
510
292
420
590
348
232
203
-84
-371
-455
-514
-442
-274
-270
-216
-158
-129
-118
-65
-112
-96
60
35
160
307
305
229
278
228
106
229
192
76
-51
-15
100
-6
-137
-191
-160
-318
-570
-573
-490
-481
-440
-204
134
270
247
490
576
278
306
250
16
1
-92
-23
89
-16
-26
41
-105
-304
-257
-376
-629
-687
-689
-599
-570
-425
-138
-219
-292
-170
-214
-218
-163
-265
-259
-122
-235
-96
391
475
515
686
697
619
491
396
296
279
251
213
253
230
199
131
111
126
92
171
336
497
582
676
751
676
608
556
506
496
347
141
245
307
34
64
212
96
3
20
100
82
109
76
66
260
242
258
321
205
156
136
1
-166
-262
-462
-652
-753
-940
-1079
-1210
-1278
-1217
-1155
-1142
-1204
-1040
-867
-964
-1087
-1208
-1305
-1479
-1739
-1865
-1875
-1899
-1703
-1538
-1532
-1277
-1253
-1258
-947
-808
-751
-551
-458
-440
-162
-70
32
334
441
711
1126
1584
2099
2596
3025
3522
4121
4436
4777
5198
5275
5122
4844
4494
4002
3327
2682
1944
1095
423
-291
-807
-810
-968
-1167
-1042
-1016
-1024
-918
-728
-448
-281
-156
1
-5
-189
-367
-504
-738
-925
-1000
-1148
-1382
-1479
-1351
-1262
-1161
-992
-878
-771
-760
-859
-1251
-1811
-2198
-2617
-3008
-3198
-3199
-3173
-3259
-3255
-3146
-3036
-2967
-2862
-2558
-2110
-1789
-1707
-1578
-1478
-1626
-1755
-1770
-1677
-1617
-1712
-1754
-1773
-1752
-1766
-1826
-1555
-1141
-760
-195
572
1492
2371
3331
4549
5765
6989
8159
9167
9964
10426
10623
10336
9659
8784
7592
6206
4724
3291
1843
360
-840
-1801
-2753
-3526
-3918
-4178
-4326
-4244
-4115
-3982
-3833
-3783
-3701
-3493
-3426
-3438
-3246
-2830
-2452
-1972
-1267
-597
162
909
1672
2512
3255
3797
4012
4121
4018
3707
3138
2293
1464
438
-649
-1609
-2532
-3312
-3847
-4173
-4339
-4196
-3840
-3360
-2750
-2152
-1530
-925
-439
-67
201
345
351
179
-104
-315
-660
-1024
-1240
-1588
-1899
-2230
-2642
-3025
-3491
-3923
-4334
-4748
-5038
-5097
-5080
-4992
-4666
-4177
-3664
-3192
-2558
-1924
-1341
-705
-96
609
1334
2160
3065
3992
5053
6183
7445
8765
10045
11270
12234
12867
13282
13278
12711
11801
10519
8827
6924
4811
2550
419
-1577
-3447
-5003
-6219
-7116
-7716
-8009
-8041
-7819
-7372
-6826
-6286
-5798
-5192
-4693
-4320
-3849
-3547
-3163
-2596
-2022
-1287
-441
486
1483
2547
3615
4644
5661
6428
6971
7361
7537
7406
6772
5941
4871
3471
2033
378
-1189
-2567
-3956
-5012
-5836
-6349
-6466
-6458
-6247
-5821
-5222
-4506
-3763
-3053
-2341
-1645
-1115
-805
-667
-582
-697
-1027
-1302
-1655
-2122
-2520
-2950
-3440
-3845
-4185
-4469
-4689
-4835
-4781
-4607
-4429
-4108
-3703
-3338
-2899
-2497
-2195
-1770
-1272
-697
191
1361
2729
4330
6118
8071
10148
12214
14113
15731
16966
17718
17912
17488
16425
14828
12796
10262
7370
4446
1555
-1356
-4073
-6350
-8201
-9616
-10656
-11256
-11461
-11317
-10802
-10221
-9490
-8671
-7852
-7014
-6254
-5414
-4631
-3839
-2951
-2020
-1023
-10
1104
2210
3335
4453
5537
6540
7283
7761
7972
8014
7738
7084
6210
5168
4058
2728
1331
42
-1295
-2516
-3618
-4596
-5262
-5764
-6110
-6149
-6023
-5867
-5539
-5020
-4436
-3804
-3153
-2505
-1933
-1469
-1030
-674
-460
-466
-614
-816
-1162
-1593
-2158
-2793
-3369
-3889
-4358
-4831
-5127
-5246
-5343
-5272
-4942
-4464
-3994
-3532
-3026
-2520
-2052
-1607
-1106
-413
545
1724
3114
4790
6752
8838
10958
13143
15298
17121
18446
19307
19673
19380
18272
16527
14299
11582
8465
5038
1548
-1899
-5159
-7953
-10302
-12118
-13311
-13909
-13978
-13657
-12949
-11931
-10828
-9710
-8458
-7202
-6065
-4951
-3989
-3168
-2245
-1332
-529
402
1446
2521
3761
5051
6236
7307
8131
8663
8956
8903
8443
7622
6437
4958
3289
1477
-382
-2133
-3661
-4924
-5861
-6432
-6688
-6609
-6210
-5659
-4994
-4123
-3150
-2294
-1578
-920
-383
-99
-37
-70
-121
-182
-304
-517
-747
-965
-1286
-1755
-2206
-2594
-3075
-3659
-4218
-4751
-5275
-5715
-6109
-6436
-6489
-6300
-6053
-5670
-5034
-4241
-3431
-2605
-1766
-881
195
1357
2456
3749
5275
6922
8768
10624
12528
14679
16708
18296
19464
20229
20571
20141
18760
16807
14298
11246
7658
3722
-43
-3834
-7433
-10559
-13300
-15316
-16573
-17224
-17351
-16832
-15660
-14148
-12496
-10822
-9050
-7287
-5711
-4296
-3006
-1808
-670
486
1559
2601
3790
4932
5898
6954
8157
9051
9656
10016
9928
9682
8934
7540
5880
3910
1861
-259
-2455
-4404
-6027
-7271
-8140
-8623
-8353
-7490
-6577
-5426
-3932
-2293
-802
298
1140
1893
2541
2732
2475
2021
1594
1142
405
-363
-1019
-1496
-1984
-2730
-3398
-3831
-4351
-5079
-5882
-6606
-6986
-7340
-7870
-8160
-8064
-7591
-7038
-6496
-5605
-4357
-3068
-1886
-844
216
1456
2464
3319
4456
5758
7188
8621
10085
11847
13857
15842
17403
18638
19726
20451
20452
19441
17781
15609
12760
9325
5404
1346
-2647
-6497
-10078
-13299
-15748
-17377
-18481
-18870
-18382
-17197
-15553
-13668
-11590
-9427
-7136
-4906
-3184
-1693
-315
884
1997
2802
3477
4292
5110
5913
6690
7436
8218
8814
9136
9206
8983
8484
7443
5832
3985
1990
-173
-2472
-4824
-6845
-8278
-9427
-10172
-10225
-9703
-8610
-7071
-5164
-3013
-881
1212
3063
4519
5716
6350
6376
6122
5530
4664
3448
2035
694
-733
-2060
-3259
-4339
-5296
-6206
-6943
-7594
-8160
-8665
-9125
-9382
-9397
-9207
-8882
-8362
-7593
-6569
-5328
-3929
-2433
-1018
361
1688
2890
4020
4963
5918
7021
8172
9421
10771
12259
13829
15462
17021
18307
19207
19547
19401
18713
17179
14862
11981
8601
4882
791
-3437
-7381
-11105
-14436
-17151
-19065
-20038
-20284
-19776
-18449
-16442
-13992
-11338
-8718
-6253
-3847
-1572
314
1684
2807
3846
4608
5156
5574
5965
6412
6853
7393
7828
8128
8438
8423
8079
7556
6673
5314
3500
1418
-777
-3025
-5262
-7490
-9353
-10555
-11195
-11144
-10524
-9387
-7562
-5323
-2762
-122
2327
4553
6451
8111
9142
9454
9238
8399
7301
5825
3997
2040
1
-1827
-3603
-5131
-6510
-7838
-8792
-9643
-10174
-10456
-10689
-10638
-10504
-10084
-9390
-8618
-7637
-6625
-5426
-3962
-2461
-955
411
1626
2843
4021
5007
5818
6521
7218
8101
9129
10200
11336
12567
13941
15414
16717
17595
17963
17885
17310
15977
13838
11043
7720
4053
103
-3968
-7814
-11353
-14542
-17109
-18875
-19707
-19596
-18838
-17461
-15237
-12421
-9515
-6724
-4153
-1843
307
2184
3517
4388
5069
5648
6046
6276
6435
6639
6894
7028
7162
7415
7507
7264
6752
6029
5141
3847
1927
-311
-2617
-4764
-6908
-9109
-10807
-11948
-12369
-12115
-11267
-9606
-7387
-4777
-1999
980
4016
6561
8554
9986
10964
11482
11166
9990
8367
6552
4527
2207
-282
-2532
-4383
-5988
-7503
-8789
-9637
-10195
-10565
-10744
-10773
-10473
-9961
-9530
-8994
-8129
-7014
-5901
-4904
-3674
-2129
-676
634
1780
2788
3815
4705
5352
5793
6291
6998
7794
8618
9687
10987
12262
13726
15130
16318
17218
17463
17279
16391
14743
12513
9554
6190
2419
-1582
-5417
-9187
-12580
-15280
-17344
-18573
-18907
-18499
-17346
-15590
-13197
-10404
-7777
-5102
-2558
-395
1495
2905
4077
4890
5391
5827
6003
6127
6258
6379
6445
6516
6680
6670
6408
5961
5331
4419
3131
1438
-515
-2658
-4875
-7039
-9003
-10596
-11859
-12368
-12271
-11644
-10125
-8080
-5567
-2664
480
3618
6404
8932
10988
12380
13184
13309
12618
11210
9385
7233
4675
1906
-753
-3280
-5619
-7595
-9206
-10416
-11236
-11734
-11877
-11725
-11448
-10997
-10251
-9418
-8457
-7390
-6311
-5094
-3926
-2592
-1243
-202
918
1851
2543
3214
3688
4159
4542
4939
5704
6600
7696
9003
10367
12058
13808
15319
16634
17332
17596
17494
16537
14776
12153
9143
5735
1764
-2162
-6183
-9859
-12998
-15678
-17456
-18408
-18459
-17771
-16448
-14415
-11872
-9079
-6437
-4053
-1754
466
2165
3362
4320
4920
5427
5772
5928
6042
5990
6111
6273
6383
6574
6459
6201
5745
4897
3845
2341
461
-1603
-3953
-6182
-8279
-10275
-11767
-12824
-13048
-12437
-11347
-9453
-6933
-4006
-699
2761
6071
9132
11736
13709
14973
15351
15094
13920
11889
9450
6683
3711
420
-2716
-5377
-7669
-9564
-11102
-12343
-13087
-13224
-13172
-12936
-12493
-11735
-10775
-9815
-8644
-7485
-6177
-4903
-3831
-2483
-1151
-60
1025
1994
2756
3554
4264
4686
5006
5375
5978
6839
7727
8705
10005
11517
13086
14711
16099
16967
17382
17296
16457
14757
12299
9262
5803
2102
-1686
-5394
-8762
-11743
-14240
-15890
-16774
-17008
-16372
-15155
-13462
-11068
-8497
-6168
-3938
-1833
22
1468
2524
3275
3706
4134
4571
4780
5020
5304
5549
5907
6164
6301
6295
5876
5221
4347
3074
1495
-373
-2478
-4736
-6898
-8649
-10288
-11781
-12527
-12535
-11879
-10514
-8562
-5884
-2638
817
4380
7804
10867
13453
15283
16274
16478
15900
14458
12021
9193
6252
2994
-324
-3725
-6742
-9169
-11259
-12717
-13911
-14674
-14597
-14341
-13887
-13134
-12276
-11020
-9663
-8411
-6976
-5496
-4011
-2718
-1642
-345
833
1804
2711
3280
3872
4416
4717
4906
4961
5209
5702
6326
7105
8142
9468
11097
12800
14313
15628
16390
16715
16385
15204
13479
10986
7973
4693
1172
-2339
-5667
-8806
-11472
-13472
-14888
-15488
-15474
-14787
-13472
-11825
-9717
-7627
-5633
-3681
-2108
-700
522
1416
2129
2571
3069
3703
4115
4611
5034
5392
5862
6103
6135
5860
5332
4587
3493
2091
483
-1320
-3336
-5397
-7368
-8934
-10317
-11369
-11613
-11257
-10083
-8220
-5837
-2899
290
3705
7065
10079
12597
14449
15641
16096
15680
14412
12460
9771
6576
3275
-202
-3581
-6709
-9497
-11598
-13226
-14297
-14885
-15164
-14780
-14050
-13095
-11962
-10810
-9305
-7816
-6434
-4886
-3476
-2136
-856
245
1296
2249
3010
3609
4030
4263
4456
4503
4398
4311
4261
4601
5292
6129
7275
8716
10545
12576
14312
15633
16534
16873
16636
15578
13565
11070
8099
4730
1271
-2298
-5674
-8738
-11327
-13274
-14758
-15509
-15422
-14873
-13940
-12463
-10508
-8473
-6580
-4797
-3169
-1710
-408
616
1307
1943
2672
3387
4057
4634
5185
5797
6298
6576
6640
6399
5899
5115
3935
2531
945
-961
-3048
-5152
-7128
-8735
-10045
-11003
-11280
-10813
-9540
-7599
-5276
-2488
705
4095
7464
10378
12778
14750
16029
16470
15964
14521
12429
9693
6373
2758
-922
-4479
-7791
-10733
-13058
-14672
-15648
-16096
-16089
-15455
-14341
-12949
-11436
-10011
-8381
-6654
-5010
-3527
-2342
-1211
-54
994
1802
2502
3013
3460
3897
4012
4055
4058
4011
3913
3949
4401
5078
5967
7114
8599
10365
12253
14036
15348
16184
16575
16422
15534
13776
11359
8521
5435
2217
-1227
-4733
-7797
-10395
-12572
-14130
-15170
-15564
-15226
-14421
-13127
-11356
-9364
-7442
-5623
-3927
-2360
-969
144
1073
1761
2664
3678
4471
5250
5728
6220
6847
7129
7028
6673
6069
5270
4151
2528
754
-1235
-3374
-5554
-7754
-9463
-10782
-11661
-11971
-11622
-10334
-8292
-5727
-2763
586
4242
7915
11188
13846
15859
17147
17608
17081
15530
13130
10095
6478
2530
-1576
-5510
-8984
-12074
-14421
-15986
-16711
-16740
-16422
-15422
-13898
-12107
-10254
-8534
-6814
-5198
-3730
-2323
-1181
-507
174
1060
1757
2303
2756
3101
3496
3841
3981
4000
3972
3941
3994
4255
4824
5608
6618
7970
9545
11276
13089
14592
15466
15835
15839
15249
13842
11654
8874
5830
2760
-441
-3833
-7099
-9919
-12098
-13719
-14886
-15490
-15439
-14694
-13546
-12046
-10202
-8266
-6429
-4816
-3224
-1702
-376
737
1586
2412
3480
4571
5414
6120
6629
7162
7664
7786
7478
6720
5835
4736
3225
1288
-960
-3314
-5698
-7836
-9747
-11218
-12083
-12372
-11915
-10732
-8764
-6244
-3341
-54
3448
7189
10788
13663
15872
17330
17916
17740
16416
13970
10836
7220
3353
-674
-4660
-8351
-11502
-13866
-15406
-16323
-16582
-16124
-15200
-13765
-11967
-10067
-8171
-6508
-5006
-3589
-2259
-1173
-453
163
797
1447
2047
2499
2783
2946
3191
3446
3558
3484
3297
3346
3545
3832
4450
5183
6131
7491
9098
10956
12670
14001
15049
15541
15543
14894
13413
11189
8296
5288
2139
-1186
-4497
-7688
-10353
-12474
-13951
-14892
-15430
-15254
-14421
-13178
-11661
-9889
-8036
-6292
-4561
-2783
-1146
171
1325
2382
3320
4310
5353
6284
7011
7561
8144
8607
8562
8122
7278
5964
4424
2534
142
-2376
-4905
-7374
-9390
-11040
-12230
-12848
-12793
-11923
-10366
-8050
-5270
-2026
1506
5111
8787
12079
14916
16914
18165
18645
17979
16461
13909
10621
6938
2788
-1481
-5557
-9319
-12555
-14909
-16482
-17234
-17155
-16528
-15287
-13663
-11784
-9754
-7804
-5994
-4559
-3248
-2117
-1309
-653
-228
244
771
1247
1681
2113
2642
2985
3263
3554
3544
3452
3503
3434
3436
3868
4475
5254
6404
7810
9509
11363
12964
14264
15259
15724
15629
14846
13128
10644
7703
4437
949
-2656
-6174
-9317
-11884
-13832
-15179
-15873
-15872
-15248
-14102
-12570
-10792
-8872
-6943
-5109
-3357
-1681
-122
1280
2491
3532
4586
5737
6804
7645
8308
8735
8863
8821
8474
7498
5982
4197
2128
-265
-2796
-5377
-7955
-10172
-11727
-12713
-13185
-12913
-11840
-10156
-7802
-4736
-1371
1992
5500
9032
12138
14646
16549
17611
17728
17013
15435
13032
10025
6489
2591
-1199
-4812
-8236
-11092
-13391
-15138
-15985
-15914
-15442
-14612
-13385
-11940
-10104
-8382
-6912
-5438
-4170
-3069
-2085
-1133
-420
205
1011
1539
1982
2613
3136
3506
3711
3653
3541
3421
3120
2741
2476
2498
2846
3455
4316
5459
7005
8940
11022
12909
14314
15226
15615
15388
14558
12952
10588
7822
4654
1186
-2281
-5791
-9069
-11735
-13850
-15261
-15852
-15793
-15086
-13812
-12170
-10237
-8158
-6127
-4284
-2678
-1226
150
1457
2633
3629
4543
5498
6522
7517
8271
8694
8818
8685
8253
7318
5767
3706
1291
-1241
-3775
-6301
-8714
-10782
-12156
-12789
-12760
-11958
-10603
-8712
-6047
-3004
223
3675
6909
9831
12417
14467
16039
16658
16194
15227
13635
11378
8709
5438
1784
-1751
-4970
-7983
-10863
-13208
-14898
-15990
-16210
-15864
-15183
-13941
-12356
-10540
-8641
-6874
-5019
-3356
-2067
-776
280
1067
1886
2412
2614
2862
3217
3598
3793
3743
3621
3430
3224
3005
2600
2134
1968
2252
2885
3736
4811
6205
7959
9954
11843
13281
14220
14635
14444
13712
12346
10221
7470
4351
1195
-1968
-5234
-8207
-10750
-12875
-14123
-14588
-14648
-14114
-13007
-11533
-9793
-8030
-6287
-4555
-2973
-1594
-387
755
1873
3001
4141
5175
6275
7471
8367
8987
9291
9049
8488
7520
5872
3735
1236
-1505
-4212
-6675
-8795
-10533
-11712
-12143
-11903
-11003
-9361
-7306
-4919
-2211
518
3466
6368
8747
10780
12288
13304
14000
14109
13645
12534
10740
8498
5930
3131
73
-3191
-6405
-9334
-11768
-13576
-14865
-15722
-15901
-15381
-14258
-12503
-10460
-8400
-6412
-4490
-2549
-947
240
1082
1499
1837
2171
2404
2488
2405
2423
2556
2722
2916
3002
2842
2621
2482
2357
2223
2087
2309
2861
3655
4905
6284
7816
9700
11520
12943
13934
14370
14167
13351
11705
9305
6450
3275
61
-3125
-6292
-9111
-11364
-13025
-13959
-14225
-13970
-13162
-12026
-10541
-8815
-7209
-5519
-4065
-2953
-1662
-390
831
2104
3243
4481
5953
7311
8499
9427
9845
9880
9396
8289
6716
4623
2085
-725
-3560
-6131
-8330
-10047
-11292
-11937
-11674
-10666
-9120
-7188
-5118
-2734
-222
2035
4245
6056
7542
9063
10029
10645
11129
11296
11323
10935
10047
8806
7127
5126
2695
-374
-3663
-6974
-10193
-12838
-15014
-16565
-17081
-16819
-15722
-13679
-11246
-8607
-5761
-3201
-892
1156
2481
3127
3303
3156
2767
2301
1823
1207
931
1061
1261
1698
2125
2361
2563
2599
2418
2086
1771
1731
1930
2334
3102
4241
5809
7769
9920
12024
13716
14875
15398
15205
14261
12394
9597
6000
2118
-1694
-5370
-8635
-11609
-13988
-15283
-15832
-15613
-14634
-13329
-11695
-9835
-7987
-6200
-4522
-3049
-1789
-670
358
1524
2856
4271
5692
7026
8420
9624
10560
11083
10736
9793
8110
5759
3226
352
-2538
-5343
-7952
-9897
-11249
-11772
-11563
-10783
-9212
-7222
-5066
-2759
-577
1357
3093
4552
5732
6731
7708
8640
9276
9678
10074
10446
10561
10261
9191
7365
5055
2234
-864
-4347
-7989
-11314
-14082
-16089
-17438
-17632
-16651
-14897
-12388
-9553
-6630
-3700
-1023
1167
2658
3436
3698
3532
3037
2415
1746
1171
846
878
1260
1781
2257
2493
2439
2214
1699
876
16
-674
-934
-669
-28
1123
2971
5499
8500
11545
14246
16307
17521
17833
17086
15233
12391
8651
4342
-191
-4629
-8402
-11336
-13628
-15101
-15600
-15255
-14175
-12529
-10676
-8988
-7520
-6337
-5475
-4717
-3978
-3249
-2318
-1149
313
2280
4499
6830
9144
11090
12533
13266
13335
12612
11006
8678
5658
2216
-1301
-4555
-7443
-9761
-11428
-12322
-12262
-11516
-10060
-8228
-6284
-4244
-2305
-486
933
2002
2871
3550
4338
5375
6528
7793
9152
10362
11435
12180
12238
11559
9872
7265
3916
-65
-4204
-8360
-12212
-15319
-17405
-18262
-17961
-16502
-14109
-11180
-7974
-4795
-2022
350
2243
3276
3559
3270
2625
1929
1345
855
505
516
693
1040
1520
1779
1859
1733
1229
382
-663
-1635
-2309
-2601
-2284
-1289
469
3011
5957
9257
12657
15668
18004
19248
19141
17739
15384
12111
7976
3476
-1188
-5583
-9189
-11833
-13466
-14160
-13941
-13141
-12010
-10702
-9496
-8357
-7436
-6804
-6407
-6298
-6090
-5414
-4237
-2564
-349
2284
5101
8101
11055
13481
15127
15930
15704
14306
11935
8751
5025
1217
-2567
-6030
-8978
-11294
-12573
-12935
-12425
-11270
-9742
-7872
-6116
-4446
-2966
-1837
-846
-98
425
944
1795
3071
4735
6696
8761
10695
12151
13293
13802
13263
11847
9230
5630
1453
-3082
-7320
-10995
-13880
-15833
-16759
-16563
-15396
-13249
-10494
-7520
-4556
-2065
-213
1130
1958
2293
2242
1743
1063
556
237
205
445
859
1439
1978
2272
2284
1986
1384
448
-756
-2035
-3185
-3829
-3672
-2653
-763
1859
4892
8207
11655
14777
17405
19123
19425
18392
16024
12649
8692
4381
251
-3518
-6821
-9346
-10975
-11780
-11919
-11369
-10472
-9729
-9091
-8705
-8752
-8938
-9012
-8878
-8468
-7679
-6372
-4514
-2021
1242
5015
8843
12318
15001
16650
17075
16369
14738
12195
9015
5214
1020
-2982
-6492
-9013
-10472
-11125
-11013
-10566
-9850
-8729
-7513
-6100
-4716
-3869
-3311
-3154
-3281
-2997
-2316
-976
1168
3560
6210
8861
11145
13223
14681
15307
15030
13331
10416
6626
2256
-2014
-5963
-9313
-11761
-13526
-14479
-14403
-13427
-11694
-9478
-7115
-5058
-3476
-2135
-1144
-443
165
511
659
640
528
626
826
1250
1969
2543
3010
3205
2881
2442
1736
571
-712
-2143
-3591
-4631
-4989
-4477
-3194
-1180
1547
4624
7860
10986
13579
15431
16297
16171
15077
12959
10196
7019
3645
549
-2212
-4491
-6107
-7230
-7912
-8346
-8607
-8635
-8730
-8829
-8908
-9263
-9618
-9691
-9389
-8509
-7094
-5123
-2616
73
3071
6214
9073
11694
13566
14512
14552
13482
11604
9073
6184
3191
263
-2328
-4589
-6299
-7414
-7976
-7989
-7685
-7234
-6827
-6512
-6324
-6180
-6041
-5881
-5427
-4902
-4108
-2795
-1287
688
2939
5213
7586
9516
11057
12182
12394
11997
10934
9066
6790
4078
1268
-1413
-4047
-6151
-7862
-9278
-10032
-10380
-10285
-9675
-8802
-7553
-6240
-4921
-3415
-2131
-886
213
929
1451
1600
1619
1517
1332
1370
1321
1231
1171
956
771
535
84
-425
-1104
-1972
-2763
-3448
-3837
-3638
-2729
-1125
987
3442
6097
8706
11072
13023
14352
14930
14634
13445
11426
8767
5763
2691
-134
-2625
-4709
-6360
-7488
-8202
-8622
-8528
-8338
-8066
-7681
-7564
-7513
-7482
-7199
-6576
-5718
-4427
-2788
-849
1415
3894
6371
8644
10457
11593
11903
11355
10100
8206
5962
3568
1104
-1101
-2945
-4366
-5345
-5931
-6179
-6296
-6260
-6188
-6242
-6295
-6388
-6453
-6423
-6276
-5842
-5113
-3960
-2382
-538
1544
3725
5909
7949
9676
10961
11595
11513
10719
9341
7518
5362
3091
756
-1530
-3692
-5650
-7226
-8424
-9090
-9217
-8897
-8191
-7326
-6293
-5152
-3964
-2697
-1466
-419
321
785
1017
1026
928
878
884
845
846
876
831
741
567
277
-165
-811
-1550
-2405
-3247
-3793
-3985
-3553
-2365
-510
1916
4531
7152
9605
11535
12961
13775
13763
12911
11152
8696
5790
2639
-229
-2581
-4343
-5396
-5953
-6158
-6134
-6005
-5728
-5501
-5369
-5286
-5520
-5975
-6426
-6720
-6574
-5897
-4532
-2654
-427
2119
4536
6691
8455
9655
10198
9980
9142
7671
5758
3701
1623
-275
-1803
-2952
-3745
-4224
-4588
-4843
-5111
-5445
-5757
-6154
-6435
-6623
-6742
-6583
-6217
-5469
-4269
-2678
-719
1363
3479
5447
7052
8275
9079
9389
9273
8834
7973
6715
5188
3603
1997
435
-965
-2364
-3631
-4859
-6045
-6899
-7575
-7873
-7651
-7203
-6447
-5340
-4180
-3004
-1768
-732
97
792
1229
1403
1210
815
442
53
-121
-68
95
303
362
273
-55
-591
-1181
-1873
-2502
-3034
-3341
-3038
-2213
-710
1549
3922
6414
8826
10548
11806
12288
11930
11065
9366
7169
4691
2048
-248
-2095
-3297
-3877
-4003
-3816
-3608
-3422
-3429
-3668
-4044
-4666
-5393
-6058
-6580
-6802
-6572
-5789
-4503
-2741
-512
1954
4320
6457
8058
8821
8958
8470
7371
5998
4292
2414
703
-916
-2125
-2837
-3336
-3422
-3359
-3453
-3527
-3859
-4417
-4925
-5488
-5887
-6015
-5896
-5404
-4612
-3453
-1997
-399
1439
3186
4716
6128
6968
7445
7649
7291
6837
6141
5151
4242
3104
1842
602
-773
-2134
-3441
-4617
-5610
-6451
-6964
-7162
-7036
-6500
-5670
-4542
-3279
-2058
-867
35
657
1099
1246
1257
1147
915
778
669
629
661
642
753
854
773
611
186
-504
-1364
-2413
-3414
-4280
-4733
-4406
-3431
-1796
414
2827
5301
7536
9377
10676
11212
11137
10329
8783
6727
4287
1947
10
-1366
-2059
-2214
-1961
-1682
-1569
-1629
-2112
-2826
-3638
-4590
-5489
-6317
-6919
-7189
-6984
-6089
-4706
-2880
-699
1501
3487
5052
6066
6530
6489
6001
5189
4106
2921
1802
794
60
-347
-593
-666
-652
-844
-1127
-1676
-2531
-3426
-4449
-5328
-6041
-6455
-6416
-6034
-5117
-3874
-2366
-683
970
2529
3771
4779
5525
5996
6380
6553
6436
6203
5708
4834
3825
2606
1075
-500
-1979
-3504
-4953
-6020
-6783
-7218
-7095
-6612
-5944
-5047
-4056
-3054
-2150
-1401
-733
-310
-76
184
330
492
786
1053
1388
1717
1962
2245
2376
2305
2023
1369
481
-654
-2026
-3298
-4338
-4904
-4709
-3820
-2263
-183
2114
4428
6542
8326
9637
10336
10458
9888
8611
6855
4761
2679
1022
-139
-756
-895
-844
-793
-929
-1382
-2112
-3021
-3985
-4927
-5774
-6415
-6837
-6984
-6673
-5869
-4708
-3200
-1333
610
2316
3726
4746
5235
5298
5077
4615
4005
3365
2732
2089
1473
944
461
11
-398
-932
-1589
-2401
-3376
-4325
-5265
-5926
-6198
-6209
-5719
-4901
-3829
-2447
-1092
297
1655
2663
3386
3968
4281
4282
4347
4464
4422
4515
4708
4644
4397
3972
3055
1795
416
-1218
-2853
-4229
-5473
-6413
-6855
-6901
-6562
-5784
-4671
-3461
-2286
-1150
-267
236
576
791
827
883
1141
1457
1711
2069
2340
2258
2127
1913
1451
1083
679
59
-612
-1631
-2926
-4265
-5638
-6575
-6867
-6342
-5021
-3191
-821
1554
3695
5900
7754
9153
10257
10680
10346
9293
7634
5727
3758
2163
1126
550
432
393
232
-91
-807
-1760
-2673
-3662
-4570
-5213
-5776
-6075
-6062
-5751
-4960
-3848
-2485
-830
755
2070
3094
3664
3845
3644
3321
2938
2413
2045
1641
1223
789
294
-148
-676
-1070
-1484
-1985
-2417
-2909
-3354
-3707
-3912
-3949
-3822
-3422
-2826
-2183
-1414
-589
76
735
1395
1861
2295
2806
3229
3592
3969
4196
4221
4090
3738
3123
2243
1138
-118
-1446
-2689
-3690
-4398
-4791
-4825
-4526
-3990
-3319
-2604
-1901
-1267
-751
-368
-75
132
275
449
686
990
1397
1854
2218
2433
2434
2135
1583
840
-58
-1034
-1789
-2408
-2910
-3030
-3197
-3298
-3231
-3303
-3184
-2904
-2423
-1655
-763
417
1554
2602
3824
4819
5707
6594
7094
7340
7108
6295
5296
3945
2639
1702
830
303
-91
-546
-929
-1464
-1978
-2382
-2593
-2566
-2456
-2225
-2029
-1898
-1725
-1544
-1287
-849
-279
280
728
998
1054
897
666
480
348
353
483
619
671
570
323
3
-329
-703
-1036
-1394
-1851
-2279
-2752
-3138
-3304
-3217
-2847
-2305
-1621
-990
-417
122
505
952
1427
1833
2284
2681
2886
2963
2958
2746
2437
2059
1547
959
302
-327
-1020
-1642
-2006
-2302
-2386
-2292
-2210
-2077
-1953
-1915
-1913
-1830
-1679
-1459
-1126
-769
-462
-167
96
252
369
491
579
629
647
580
399
121
-230
-577
-841
-951
-874
-599
-332
-188
-198
-447
-801
-1244
-1539
-1526
-1294
-697
56
866
1800
2682
3479
4258
4870
5185
5207
4815
4023
2960
1834
885
163
-260
-338
-275
-207
-62
-114
-325
-410
-576
-680
-677
-762
-794
-898
-1005
-1027
-1092
-962
-703
-430
-73
190
365
428
380
293
132
19
-74
-104
-127
-261
-352
-500
-667
-771
-872
-953
-1088
-1181
-1348
-1568
-1630
-1742
-1691
-1416
-1165
-696
-193
203
699
1074
1386
1731
1897
2019
2032
1868
1700
1375
971
635
319
42
-187
-420
-726
-994
-1262
-1541
-1651
-1735
-1818
-1812
-1878
-2019
-2097
-2153
-2120
-1909
-1584
-1184
-750
-325
17
298
541
767
965
1129
1254
1211
1057
783
461
155
-113
-158
-179
-154
-83
-255
-574
-939
-1354
-1607
-1543
-1247
-673
37
747
1459
2019
2546
2993
3316
3592
3614
3449
3062
2381
1787
1230
734
601
556
638
787
727
639
341
-65
-349
-704
-939
-1033
-1145
-1176
-1221
-1269
-1227
-1132
-864
-497
-203
120
354
372
308
169
-22
-134
-120
-19
90
175
224
144
-60
-311
-626
-952
-1173
-1324
-1462
-1510
-1463
-1357
-1099
-707
-292
171
633
968
1179
1263
1213
1060
854
713
630
567
604
647
611
524
297
-42
-416
-858
-1306
-1745
-2133
-2373
-2507
-2504
-2384
-2237
-2013
-1771
-1546
-1256
-965
-643
-263
86
461
802
1020
1203
1310
1301
1251
1177
1007
795
594
376
160
-43
-148
-264
-376
-372
-471
-570
-621
-718
-676
-531
-257
217
709
1290
1832
2162
2469
2567
2505
2488
2331
2134
1913
1574
1188
792
465
196
23
-36
-86
-158
-245
-419
-694
-930
-1144
-1294
-1248
-1134
-930
-661
-440
-183
38
236
486
668
792
893
831
665
502
248
28
-64
-156
-201
-211
-289
-430
-597
-790
-1005
-1181
-1294
-1362
-1381
-1293
-1148
-975
-674
-379
-149
114
341
517
663
779
803
715
652
538
348
256
159
23
-37
-146
-342
-620
-968
-1292
-1574
-1700
-1702
-1609
-1399
-1239
-1086
-937
-855
-686
-480
-247
36
245
445
584
648
778
900
1009
1110
1150
1115
969
757
535
307
81
-106
-273
-426
-589
-757
-842
-889
-806
-566
-273
97
463
789
1080
1321
1509
1663
1812
1899
1884
1784
1628
1404
1168
1013
876
753
647
468
193
-161
-570
-979
-1316
-1538
-1632
-1605
-1469
-1251
-994
-644
-272
86
487
827
1092
1248
1279
1237
1089
947
812
672
658
629
553
533
378
140
-79
-403
-696
-949
-1223
-1433
-1631
-1781
-1854
-1858
-1752
-1571
-1320
-1012
-673
-398
-169
69
181
281
449
538
577
610
584
453
316
160
-53
-174
-288
-446
-555
-706
-870
-1016
-1131
-1156
-1169
-1117
-988
-914
-802
-628
-500
-336
-131
41
223
409
556
667
845
1028
1143
1360
1523
1556
1579
1441
1206
900
537
251
-59
-307
-423
-542
-616
-553
-450
-300
-32
219
443
625
732
771
738
761
754
697
725
724
700
668
613
555
445
389
311
150
49
-102
-317
-489
-661
-823
-926
-902
-812
-690
-470
-242
-38
204
409
590
778
892
966
975
891
791
645
504
373
238
99
-97
-278
-489
-763
-988
-1157
-1322
-1434
-1423
-1384
-1341
-1235
-1146
-1086
-1030
-937
-829
-746
-604
-475
-365
-229
-128
6
147
256
383
474
501
466
350
188
21
-177
-324
-399
-505
-551
-569
-624
-606
-556
-501
-393
-221
-71
41
215
351
427
549
684
822
940
1070
1210
1259
1293
1316
1264
1201
1101
957
793
599
412
190
-12
-103
-194
-231
-191
-180
-160
-148
-181
-233
-278
-309
-325
-287
-224
-131
-5
93
208
360
459
542
631
639
557
425
255
62
-117
-221
-257
-267
-235
-197
-179
-152
-131
-95
-12
69
150
223
241
234
236
207
208
256
247
231
181
22
-197
-430
-616
-824
-1002
-1068
-1137
-1180
-1202
-1237
-1240
-1229
-1161
-1086
-998
-837
-743
-644
-477
-368
-239
-88
41
169
277
382
471
569
640
649
672
636
552
440
279
185
68
-98
-192
-258
-297
-271
-234
-193
-102
14
110
210
320
403
534
707
807
940
1089
1165
1234
1238
1195
1114
996
873
674
491
315
120
-32
-166
-243
-322
-363
-384
-449
-472
-512
-573
-608
-618
-613
-576
-475
-339
-196
-36
164
335
508
670
784
889
913
887
795
650
489
275
92
-79
-238
-350
-447
-478
-496
-524
-553
-611
-650
-698
-742
-758
-765
-735
-687
-624
-544
-460
-374
-300
-262
-259
-271
-305
-346
-395
-446
-476
-509
-549
-568
-574
-548
-491
-440
-364
-279
-209
-110
-42
6
96
147
200
324
395
423
485
505
501
549
596
619
662
687
675
651
628
595
560
551
531
493
440
393
342
261
234
231
246
272
288
332
350
375
381
367
408
424
433
443
400
350
280
164
77
1
-104
-196
-253
-285
-346
-370
-352
-406
-467
-505
-595
-640
-651
-707
-677
-606
-551
-466
-354
-210
-90
29
131
187
243
254
241
202
143
100
66
32
-7
-27
-46
-81
-101
-124
-185
-235
-294
-371
-420
-481
-527
-567
-578
-545
-509
-422
-347
-286
-242
-217
-198
-220
-226
-218
-224
-206
-168
-138
-87
-67
-61
-33
-34
-26
-11
23
46
79
151
186
249
323
378
440
475
508
540
546
549
572
594
605
628
663
690
712
738
748
735
701
655
609
547
459
362
271
175
80
1
-50
-70
-61
-26
23
76
116
142
122
110
93
41
8
-62
-134
-201
-298
-378
-455
-488
-508
-533
-526
-534
-567
-603
-633
-668
-695
-703
-717
-716
-700
-682
-644
-558
-456
-359
-247
-132
-45
20
76
118
153
185
199
202
187
148
100
62
32
9
8
9
-2
-19
-31
-40
-46
-38
-23
-24
-54
-92
-117
-139
-152
-141
-87
-13
47
93
127
153
177
189
199
199
183
179
164
136
144
156
172
236
286
314
345
336
305
283
260
249
235
235
246
258
287
306
331
385
423
415
395
342
253
191
102
40
29
-17
-48
-83
-97
-100
-125
-104
-90
-62
-18
-3
15
-2
-10
-31
-60
-37
-37
-44
-38
-36
-61
-123
-154
-176
-207
-229
-249
-273
-306
-351
-405
-459
-520
-578
-607
-617
-635
-637
-601
-550
-474
-363
-246
-136
-23
80
161
216
247
261
260
233
190
158
138
127
107
98
126
138
166
209
219
233
241
222
178
129
79
-4
-80
-125
-150
-160
-140
-86
-54
-10
57
92
130
157
160
142
106
76
37
8
15
18
14
55
102
114
142
171
177
182
175
153
134
103
73
61
58
67
75
90
134
168
199
218
226
244
243
222
192
165
92
16
-23
-105
-171
-211
-248
-261
-255
-240
-236
-197
-152
-129
-102
-65
-28
-6
10
22
24
20
24
24
13
-5
-15
-24
-64
-98
-116
-137
-181
-229
-252
-298
-340
-364
-405
-422
-420
-403
-358
-298
-231
-148
-68
10
103
173
231
271
280
300
294
274
266
235
218
200
179
183
164
139
134
127
93
54
34
16
-20
-56
-85
-102
-106
-102
-94
-82
-59
-46
-31
-2
6
10
23
34
42
44
66
91
107
126
127
132
137
132
115
101
87
45
37
24
-12
-16
-6
-3
-11
0
18
33
42
45
60
79
85
71
48
20
-7
-32
-65
-105
-140
-152
-173
-188
-180
-186
-172
-131
-85
-52
-40
15
46
39
60
68
79
96
93
83
80
72
47
37
40
21
16
31
17
0
-23
-62
-93
-119
-157
-200
-211
-220
-213
-196
-182
-137
0
0
0
0
0
0
0
0
0
0
0
0
0
0
0
0
0
0
0
0
0
0
0
0
0
0
0
0
0
0
0
0
0
0
0
0
0
0
0
0
0
0
0
0
0
0
0
0
0
0
0
0
0
0
0
0
0
0
0
0
0
0
0
0
0
0
0
0
0
0
0
0
0
0
0
0
0
0
0
0
0
0
0
0
0
0
0
0
0
0
0
0
0
0
0
0
0
0
0
0
0
0
0
0
0
0
0
0
0
0
0
0
0
0
0
0
0
0
0
0
0
0
0
0
0
0
0
0
0
0
0
0
0
0
0
0
0
0
0
0
0
0
0
0
0
0
0
0
0
0
0
0
0
0
0
0
0
0
0
0
0
0
0
0
0
0
0
0
0
0
0
0
0
0
0
0
0
0
0
0
0
0
0
0
0
0
0
0
0
0
0
0
0
0
0
0
0
0
0
0
0
0
0
0
0
0
0
0
0
0
0
0
0
0
0
0
0
0
0
0
0
0
0
0
0
0
0
0
0
0
0
0
0
0
0
0
0
0
0
0
0
0
0
0
0
0
0
0
0
0
0
0
0
0
0
0
0
0
0
0
0
0
0
0
0
0
0
0
0
0
0
0
0
0
0
0
0
0
0
0
0
0
0
0
0
0
0
0
0
0
0
0
0
0
0
0
0
0
0
0
0
0
0
0
0
0
0
0
0
0
0
0
0
0
0
0
0
0
0
0
0
0
0
0
0
0
0
0
0
0
0
0
0
0
0
0
0
0
0
0
0
0
0
0
0
0
0
0
0
0
0
0
0
0
0
0
0
0
0
0
0
0
0
0
0
0
0
0
0
0
0
0
0
0
0
0
0
0
0
0
0
0
0
0
0
0
0
0
0
0
0
0
0
0
0
0
0
0
0
0
