0
0
0
0
0
0
0
0
0
0
0
0
0
0
0
0
0
0
0
0
0
0
0
0
0
0
0
0
0
0
0
0
0
0
0
0
0
0
0
0
0
0
0
0
0
0
0
0
0
0
0
0
0
0
0
0
0
0
0
0
0
0
0
0
0
0
0
0
0
0
0
0
0
0
0
0
0
0
0
0
0
0
0
0
0
0
0
0
0
0
0
0
0
0
0
0
0
0
0
0
0
0
0
0
0
0
0
0
0
0
0
0
0
0
0
0
0
0
0
0
0
0
0
0
0
0
0
0
0
0
0
0
0
0
0
0
0
0
0
0
0
0
0
0
0
0
0
0
0
0
0
0
0
0
0
0
0
0
0
0
0
0
0
0
0
0
0
0
0
0
0
0
0
0
0
0
0
0
0
0
0
0
0
0
0
0
0
0
0
0
0
0
0
0
0
0
0
0
0
0
0
0
0
0
0
0
0
0
0
0
0
0
0
0
0
0
0
0
0
0
0
0
0
0
0
0
0
0
0
0
0
0
0
0
0
0
0
0
0
0
0
0
0
0
0
0
0
0
0
0
0
0
0
0
0
0
0
0
0
0
0
0
0
0
0
0
0
0
0
0
0
0
0
0
0
0
0
0
0
0
0
0
0
0
0
0
0
0
0
0
0
0
0
0
0
0
0
0
0
0
0
0
0
0
0
0
0
0
0
0
0
0
0
0
0
0
0
0
0
0
0
0
0
0
0
0
0
0
0
0
0
0
0
0
0
0
0
0
0
0
0
0
0
0
0
0
0
0
0
0
0
0
0
0
0
0
0
0
0
0
0
0
0
0
0
0
0
0
0
0
0
0
0
0
0
0
0
0
0
0
0
0
0
0
0
0
0
0
0
0
0
0
0
0
0
0
-159
-135
-38
-82
-135
-208
-249
-168
-25
47
16
-3
-35
-72
-20
104
214
443
621
647
508
254
205
351
741
823
544
115
-321
-262
-134
-34
-239
-556
-644
-790
-741
-792
-870
-846
-681
-440
-398
-363
-432
-392
-101
224
340
253
231
376
625
806
820
627
548
559
582
669
588
408
193
67
-81
-227
-281
-370
-308
-258
-366
-526
-626
-563
-390
-203
-140
-199
-262
-216
-72
114
234
302
349
370
372
254
245
385
523
481
167
-53
-120
-8
122
28
-189
-476
-457
-197
-72
-146
-394
-457
-314
-76
105
-14
-118
-105
73
343
391
274
157
238
399
503
488
295
206
212
261
293
98
-161
-311
-260
-121
-136
-259
-439
-497
-426
-388
-331
-333
-279
-204
-175
-120
-243
-339
-241
22
289
296
112
-151
-176
11
252
431
331
151
23
80
174
130
94
87
124
144
85
-39
-98
-58
29
82
43
-53
-121
-93
55
102
-30
-143
-137
50
124
122
11
-168
-104
-18
143
171
59
-53
-152
-24
-45
-95
-47
30
127
65
-20
-145
-113
34
164
212
84
-42
-107
15
102
84
57
33
74
12
28
-8
-21
29
19
91
-15
-25
5
66
125
-72
-107
-106
3
152
70
-26
-202
-212
-113
-41
66
-3
-13
-15
-81
-117
-196
-62
88
154
152
-47
-123
-180
-96
58
89
92
4
4
-53
-74
-40
0
132
161
99
-46
-101
-21
84
175
108
-29
-83
-38
64
75
-37
-133
-125
-5
66
-64
-184
-236
-111
78
95
21
-177
-144
-60
52
216
87
17
50
196
146
-1
33
-65
6
136
120
15
-28
-36
-101
40
142
-19
-14
201
180
197
195
67
-28
77
385
245
131
-60
-359
-327
-292
-125
-288
-446
-555
-889
-813
-726
-869
-1025
-981
-978
-983
-689
-664
-723
-529
-297
-71
198
606
924
1277
1721
1745
1779
1991
2118
2397
2531
2365
1748
1263
1131
859
839
409
-301
-870
-1273
-1445
-1808
-1849
-2110
-2314
-2083
-2071
-1954
-1787
-1390
-977
-441
191
337
598
1092
1476
1840
2226
2241
1953
1940
1936
1638
1409
1239
725
276
106
-333
-768
-992
-1253
-1568
-1813
-1817
-1895
-1892
-1708
-1816
-1817
-1497
-1146
-935
-654
-221
-131
7
333
415
379
345
406
296
193
100
-438
-909
-1092
-1155
-1480
-1996
-2288
-2686
-2589
-1987
-1673
-1625
-1658
-1247
-678
231
1458
2219
2954
3601
4232
4662
5000
5550
5745
5934
5810
5317
4617
3757
3109
2268
1526
701
-473
-1452
-2287
-3121
-3871
-4212
-4231
-4519
-4646
-4418
-4332
-3962
-3261
-2399
-1732
-1210
-417
62
708
1502
2086
2523
2675
2802
2437
2270
2452
2201
1790
1296
689
-130
-656
-842
-1281
-1768
-1985
-2453
-2944
-2581
-2032
-1700
-1177
-481
-362
-398
529
1473
2024
2770
3220
2660
2216
2595
2310
1907
2083
1517
270
-415
-598
-1665
-2370
-2129
-2823
-3460
-3301
-3408
-4061
-3685
-2671
-2941
-2577
-1730
-1936
-1947
-941
-309
-742
-17
766
165
284
918
492
-320
230
622
-275
-158
159
-631
-938
-370
-181
-458
552
1797
1904
2586
3288
3072
3195
4578
5948
5961
6052
5622
4130
3784
4095
3480
2324
1635
679
-949
-1850
-2355
-3464
-4258
-4097
-4255
-4856
-4846
-4766
-4984
-4327
-2971
-2301
-1949
-1060
-100
324
1243
2455
2835
3120
3504
3662
3284
3287
3456
2712
2299
1772
756
-120
-587
-1034
-2266
-2666
-2916
-3877
-3743
-3284
-3253
-3098
-2274
-1745
-1738
-443
542
858
2022
2974
2936
2737
3150
3025
2838
3431
3095
1780
848
234
-612
-1027
-1174
-2095
-3145
-3585
-3842
-4058
-3949
-3931
-4011
-3649
-3232
-2887
-2423
-1988
-1696
-1125
-225
-90
-191
134
309
658
1272
1371
599
326
569
238
408
794
301
-338
-224
241
335
1061
2194
2602
3064
3552
3608
3789
4788
6043
6356
6090
5214
3888
3318
3495
3615
2683
1131
-335
-1905
-2687
-2828
-3234
-3948
-4750
-5200
-5487
-5305
-4852
-4791
-4223
-3136
-2206
-1644
-1136
-283
477
1508
2864
3724
3614
3084
3162
3353
3553
3677
2836
1614
830
321
-304
-836
-1463
-2599
-3322
-3533
-3780
-3886
-3847
-3377
-2643
-2036
-1609
-1365
-679
477
1942
3310
3748
3478
2943
2911
3527
4190
4172
3101
1951
877
-57
-579
-979
-1478
-2432
-3352
-3909
-4266
-4562
-4821
-4615
-3950
-3359
-3212
-3094
-2721
-2408
-1831
-569
419
308
134
321
233
653
1736
1654
739
720
731
155
335
853
167
-516
121
594
359
938
1979
2426
3180
3912
3803
3661
4646
6145
6329
6036
5313
3689
3017
3477
3643
2652
1161
-611
-2465
-3004
-2890
-3612
-4636
-5160
-5743
-6130
-5578
-5065
-5140
-4546
-3078
-2132
-1785
-1034
-68
525
1871
3607
4092
3926
3629
3598
3914
4286
4214
3083
2092
1251
264
-252
-862
-1669
-2605
-3209
-3584
-4127
-4114
-4120
-3797
-2671
-1928
-1734
-1592
-673
802
2231
3438
3668
3285
3199
3468
3922
4439
4265
3019
1810
1118
246
-717
-1116
-1540
-2716
-3768
-4098
-4437
-4846
-4752
-4510
-4262
-3741
-3472
-3260
-2540
-1899
-1615
-865
194
270
55
444
666
951
1441
1313
464
-49
118
-40
119
624
121
-871
-1039
-139
301
607
1907
2880
3220
3464
3743
3955
4875
6749
7436
6870
5829
4259
3419
3997
4744
3722
1779
-107
-2084
-2912
-2974
-3356
-4366
-5199
-5720
-6243
-5917
-5692
-5768
-5231
-3667
-2265
-2080
-1571
-597
347
1428
2939
4013
3728
3383
3375
3578
3910
3873
3168
2075
1393
494
-443
-946
-1732
-2497
-3075
-3371
-3744
-4027
-3796
-3528
-2590
-1853
-1925
-1716
-697
1037
2257
3075
3353
2800
2921
3749
4460
4324
3823
3150
1608
770
646
-152
-1332
-1696
-2083
-3781
-4482
-4130
-4413
-4759
-4296
-3797
-4130
-3784
-2862
-2246
-1669
-1199
-708
-218
314
578
617
1141
1627
1440
1410
1419
560
2
376
337
-88
66
-18
-884
-1000
-250
-117
17
1231
2568
3053
3079
3389
4017
4792
6211
7727
7415
5552
4179
4139
4859
5101
3780
1279
-626
-1770
-2507
-2710
-3134
-4629
-6308
-6306
-5986
-6169
-6036
-5916
-5441
-4432
-2660
-1910
-2365
-1199
395
1401
2681
3896
3903
2991
3512
4233
4026
4080
3688
2605
1308
616
129
-648
-1264
-2130
-2759
-3222
-3507
-3381
-3350
-3095
-2700
-2259
-1663
-1000
-66
1058
1859
2285
2780
3211
3644
4096
3969
3393
3191
3291
2295
986
548
-257
-1199
-1650
-2112
-3352
-4511
-4194
-4036
-4541
-4636
-4436
-4287
-3891
-2844
-2220
-2382
-2079
-1124
-367
192
719
748
590
868
1319
1483
1293
772
249
174
153
-143
-180
-32
-512
-1108
-808
-296
-283
484
2445
3635
3537
3759
4269
4401
5767
8162
8525
6761
5217
4822
5117
5631
4897
2359
184
-723
-1463
-2625
-3010
-3799
-6302
-6920
-5820
-6159
-6720
-6189
-5949
-5719
-3727
-2267
-2976
-2481
-331
688
1547
3388
4074
3236
2985
3916
4426
4125
4145
3597
1824
810
875
327
-776
-1555
-2229
-2949
-3229
-3064
-3058
-3259
-3187
-2843
-2178
-1271
-519
69
800
1409
1652
2530
3497
3393
2748
2534
2797
2912
2738
1352
11
-131
-400
-1085
-2084
-2514
-3395
-4465
-3755
-3377
-4336
-4632
-3940
-3858
-3368
-1904
-1999
-2674
-1577
-217
-26
460
1031
375
387
1743
1894
1117
1297
940
-190
25
618
183
-153
-72
-528
-1169
-826
-122
-90
771
2931
3892
3478
3616
4042
4389
5980
8203
8252
6173
4884
4962
5002
4780
3955
1958
-18
-986
-1827
-2754
-3334
-4579
-6314
-6581
-5954
-6080
-6282
-6120
-6052
-5330
-3584
-2430
-2704
-2217
-21
1313
1773
3380
4094
2916
3013
4217
4295
4301
4389
3074
1566
1337
1311
367
-866
-1413
-1889
-2926
-3361
-2945
-2913
-3320
-3371
-2746
-1902
-1585
-1251
-155
807
1061
1614
2781
3431
3030
2276
2162
3108
3863
2802
891
78
-186
-1012
-1437
-1101
-1887
-3929
-4599
-3675
-3591
-4471
-4471
-3801
-3444
-2973
-2391
-2349
-2317
-1256
-163
455
946
619
259
682
1706
2236
1865
1502
623
-173
7
382
319
36
-132
-733
-1421
-1269
-757
-240
1150
2808
3166
2939
3223
3534
4429
6824
8501
7587
5573
4665
4900
5250
5387
4027
1701
87
-1011
-1783
-2420
-2979
-4417
-6267
-6326
-5858
-6130
-6297
-6013
-5692
-5089
-3434
-2836
-3328
-1996
59
1151
2238
3527
3331
2451
3342
4670
4766
4591
4293
2981
1730
1666
1571
519
-463
-953
-1869
-2972
-3334
-3102
-3220
-3267
-3026
-2842
-2560
-2648
-2092
-477
1159
1410
929
1911
2664
2267
2035
2863
3741
3194
2367
1423
323
-340
-514
-584
-1121
-2030
-3450
-4401
-3856
-3248
-3699
-3915
-3526
-3587
-3330
-2388
-2130
-2000
-752
194
120
436
622
53
615
2101
2030
1174
1247
806
-369
-34
1009
301
-827
-320
35
-1105
-1664
-818
-123
577
2078
2889
2737
3079
3640
3824
5038
7347
7755
6282
5335
5142
5023
4945
4612
2954
983
-50
-768
-1751
-2827
-3770
-4947
-5604
-5590
-5682
-5799
-5933
-6282
-6192
-4376
-2599
-3018
-3373
-1420
764
1159
1558
2975
3451
2745
3076
4269
4691
4159
3275
2582
2172
2164
1375
77
-137
-721
-2381
-3252
-2444
-2037
-3162
-3515
-2563
-2036
-2683
-3171
-1655
640
1270
578
664
1612
1821
1767
2486
3246
3275
2558
1642
729
41
-118
-84
153
-293
-2272
-3963
-3459
-2347
-2978
-3576
-2691
-2890
-4200
-3586
-1918
-1946
-2340
-1286
-52
207
-221
-861
-778
845
2314
1664
673
676
-223
-1109
526
2084
882
-485
-244
-380
-1111
-578
413
580
1523
3285
3387
2635
3116
3641
4249
6889
8851
6589
3408
3334
4917
5852
5582
3431
428
-830
-498
-575
-1564
-2863
-4689
-5699
-4749
-4707
-5687
-5627
-5374
-5552
-4628
-2592
-2670
-3873
-2420
100
1006
1407
2113
1985
1968
3049
3780
3856
3893
3207
1755
1637
2624
1852
80
-236
-81
-1327
-2581
-2593
-2455
-2603
-3008
-2836
-2344
-2626
-2914
-2423
-491
1326
1024
172
390
1080
1254
1727
3017
3642
2838
1368
454
148
282
921
1426
739
-1750
-3531
-2957
-1757
-1523
-2455
-2736
-2632
-3545
-3674
-2108
-1210
-2046
-1925
-339
-160
-1151
-1173
-673
79
1581
1938
372
-543
-121
-330
-444
1256
1982
-347
-1663
7
473
-1031
-796
743
743
630
2032
2866
2658
3092
3618
3546
5403
7757
5950
3396
4406
5851
4861
3912
3835
1581
-630
267
889
-971
-2939
-3827
-4510
-4340
-3863
-4663
-5472
-5218
-4674
-3973
-2657
-2553
-3906
-2766
152
862
257
1192
2584
2003
1703
2882
3362
3336
3160
2748
2288
1946
1482
712
801
620
-577
-1836
-2224
-1514
-1760
-2779
-3057
-2194
-1985
-3216
-2974
-1036
160
-338
-306
491
393
379
900
1947
2618
2184
1066
240
803
1049
774
1282
1064
-882
-2706
-1709
-80
-1182
-2293
-1621
-1699
-3142
-3305
-1742
-1095
-1871
-2057
-1031
-630
-1348
-1699
-1071
234
1355
1269
-85
-1170
-688
118
229
768
1225
-42
-1396
-518
736
-252
-1232
143
878
-178
390
2355
2858
2736
3323
3360
3133
4706
6456
5675
4521
4598
3804
3049
4019
3603
964
414
1561
-123
-2793
-2578
-2103
-3179
-3310
-3338
-4770
-4996
-3860
-3833
-3518
-2163
-2929
-4486
-2141
1206
304
-1170
947
2453
1174
1156
2459
2230
2074
3195
3118
1697
1140
1032
574
1050
1497
-292
-2125
-1558
-851
-1700
-2298
-1745
-1571
-2386
-2823
-2236
-1215
-258
82
-121
-147
-251
-368
577
1989
2279
1496
469
-30
437
997
1075
1259
839
-1152
-2554
-1105
605
-508
-1982
-1545
-1771
-3106
-2575
-910
-1049
-2144
-1964
-1241
-1262
-1391
-1307
-1047
156
1349
708
-592
-803
-407
248
1014
906
140
-258
-383
-301
274
515
-259
-622
167
117
-576
805
2938
3027
2427
2433
2089
2470
5042
6977
5516
3332
2888
2947
3454
4289
3333
1440
893
326
-1400
-1904
-816
-1358
-3144
-3042
-2762
-4225
-4451
-2993
-2810
-3260
-2910
-3259
-3436
-1296
5
-1475
-862
2141
1699
-588
681
2807
2278
2135
3336
2507
501
551
1451
1567
1732
1092
-992
-1883
-859
-706
-1687
-1518
-801
-1497
-2527
-2360
-1914
-1605
-644
395
578
-89
-1331
-1583
471
2617
2471
1163
89
-639
-51
1802
2264
720
-439
-854
-1146
-213
729
-724
-2227
-1353
-975
-2307
-2200
-1092
-1768
-2028
-349
-508
-2533
-2213
-580
-340
288
1140
-290
-1533
-150
658
116
1065
1531
-664
-1404
358
439
-172
845
422
-1349
-772
282
-772
-455
2645
3735
2043
1752
1912
1136
3406
7205
6384
2984
1996
2316
2714
4395
5005
2225
182
1011
357
-1390
-354
231
-1990
-2661
-2050
-3709
-4674
-2914
-2414
-3410
-2669
-2341
-4378
-3935
-252
429
-1100
-78
544
-900
-160
2006
1942
1531
2454
1829
-64
636
2401
1859
1248
1512
7
-1618
-928
-212
-473
-427
-825
-1861
-2173
-1943
-1781
-1058
45
33
-579
-146
-146
-1110
-138
1908
1938
1104
604
-390
-534
1230
2195
940
90
-75
-1480
-1574
738
504
-1964
-1519
-644
-2643
-3057
-909
-958
-2187
-1085
-520
-2525
-2687
-370
-142
-642
678
172
-1717
-486
1333
551
302
1231
108
-1322
90
1131
-89
60
794
-809
-1286
415
-132
-1075
1520
3481
1864
767
1391
1338
2352
5861
6933
3658
1548
2211
3058
4583
5397
2976
713
1168
1116
-281
-208
307
-1173
-2168
-1667
-2903
-4307
-2939
-2119
-3156
-2871
-2510
-4177
-3967
-818
-207
-1929
-1145
6
-953
-450
1460
1328
812
2054
2251
542
609
2327
2098
1017
1109
570
-511
-215
296
-212
-618
-796
-1543
-1853
-1086
-961
-1654
-1232
-330
-530
-442
436
79
-755
209
1618
1740
1385
477
-750
106
2251
1936
-178
-843
-595
-714
-67
552
-913
-2365
-1360
-570
-1693
-1875
-873
-1362
-1940
-689
-617
-2238
-1898
-370
-196
31
195
-1041
-1067
658
938
-295
12
967
-512
-1202
542
522
-728
37
750
-917
-1360
-145
-564
-4
2132
2125
488
499
1623
1382
2902
6301
5966
2552
1150
2533
4092
5554
5306
2474
819
1164
1098
299
901
1058
-1388
-2247
-1362
-2945
-4279
-2134
-1316
-3316
-3510
-2927
-4225
-3871
-729
18
-2072
-2066
-608
-662
-103
1155
379
-27
1703
2020
317
179
1636
1532
798
1462
1035
-731
-724
269
584
460
-620
-1779
-1184
-23
-473
-1397
-655
54
-684
-187
1190
183
-1226
2
1739
1819
912
-408
-970
557
1910
610
-923
-550
-369
-978
-472
13
-1481
-2431
-918
-188
-1633
-2090
-1073
-740
-723
-427
-978
-1641
-722
317
-207
-553
-2
-364
-674
495
546
-946
-549
731
-434
-1596
-376
112
-812
-245
353
-1167
-1540
188
468
-244
1042
2227
1062
959
2341
2242
2554
4844
5429
3069
2011
3192
3859
4243
4432
2949
1312
1579
1768
687
512
556
-958
-1952
-1418
-2217
-3852
-2538
-1012
-2697
-3919
-3284
-3421
-3354
-1538
-867
-2202
-2242
-1055
-764
-288
607
-169
-720
1223
1971
110
-156
1268
1091
529
1312
1170
-360
-335
777
716
352
-91
-884
-422
1024
589
-1145
-653
594
186
308
1224
314
-1451
-689
1256
1456
684
-526
-1347
-253
1161
205
-1510
-953
-332
-1193
-1012
-46
-932
-2041
-732
-81
-1389
-1368
-328
-496
-699
-80
-641
-1614
-322
969
-499
-1466
-255
-69
-714
-46
-2
-1388
-929
513
-403
-1576
-768
-244
-750
-163
128
-1339
-1277
706
910
-92
901
2199
1629
1544
2593
2661
2625
4155
4980
3456
2229
2913
3844
4164
4021
2829
1347
1208
1684
1278
473
70
-437
-1293
-1878
-2048
-2071
-2032
-2252
-2792
-3103
-3053
-2839
-2362
-1826
-1836
-2285
-2229
-1489
-897
-813
-923
-803
-158
404
3
-618
-73
1003
1112
726
780
639
255
570
1187
1193
676
147
323
1170
1212
138
-145
737
937
562
841
730
-438
-638
553
1000
522
-176
-1202
-1294
137
581
-1049
-1658
-530
-650
-1489
-935
-528
-1263
-987
29
-722
-1659
-760
-58
-342
-190
-265
-1320
-1264
202
286
-932
-1082
-516
-546
-633
-657
-1131
-1124
-326
-215
-980
-1328
-1069
-560
140
305
-388
-768
-187
537
907
1268
1670
1803
1728
1808
2158
2764
3547
3898
3271
2342
2344
3318
3869
3122
2062
1865
2038
1658
1012
700
457
48
-208
-588
-1455
-1965
-1639
-1488
-1916
-2285
-2601
-2791
-2240
-1591
-2038
-2584
-1980
-1362
-1479
-1252
-913
-1457
-1266
109
207
-766
-537
439
307
91
718
600
328
994
1191
563
676
1292
899
841
1589
1080
198
542
980
714
788
1072
303
-370
-88
56
254
663
-134
-1633
-1214
236
-102
-1096
-945
-785
-1137
-723
-366
-1116
-1008
-25
-280
-1109
-794
-373
-841
-477
183
-664
-1411
-821
-158
-381
-894
-1117
-1063
-568
-295
-748
-1079
-1004
-841
-532
-361
-685
-735
-106
80
-265
-102
196
44
499
1645
1836
1396
1509
1635
1708
2443
3369
3353
2648
2076
1936
2724
3641
3002
1508
1377
2176
1820
908
882
823
79
-220
-249
-980
-1341
-812
-1048
-2033
-2150
-1962
-2341
-2053
-1250
-1966
-3177
-2388
-1017
-1221
-1794
-1595
-1456
-1114
-130
-23
-1023
-1181
-18
694
516
217
-71
295
1166
1369
672
224
768
1413
1527
1157
525
377
932
1160
799
686
767
581
233
157
189
254
525
246
-613
-876
-273
206
2
-605
-1169
-989
-185
-65
-981
-1383
-623
-218
-628
-955
-1110
-1119
-636
-157
-653
-1405
-1328
-986
-624
-325
-873
-1671
-1257
-333
-625
-1237
-961
-620
-510
-414
-659
-1038
-505
401
249
-76
122
25
11
1095
2051
1431
841
1349
1777
1890
2361
2889
2824
2278
1713
1868
2891
3419
2487
1357
1479
1886
1486
1127
1153
763
63
-234
-413
-653
-540
-555
-1278
-1933
-1737
-1653
-1840
-1433
-1395
-2269
-2652
-1802
-1122
-1430
-1684
-1712
-1569
-902
-396
-698
-1142
-742
160
423
-22
-360
-41
635
927
796
498
268
494
1175
1455
704
192
625
1051
1001
740
536
425
726
920
448
89
391
722
353
-108
-185
6
263
81
-603
-961
-250
244
-480
-1213
-977
-416
-358
-566
-1021
-1411
-977
-272
-316
-973
-1282
-1196
-958
-327
-312
-1400
-1788
-663
68
-753
-1418
-956
-488
-327
-228
-668
-1115
-382
478
129
-340
-198
-116
114
1007
1379
646
496
1241
1647
1681
1947
2338
2326
2010
1790
2067
2869
3167
2294
1318
1404
1891
1914
1744
1300
401
-125
145
294
-97
-443
-728
-1231
-1522
-1278
-1186
-1380
-1288
-1480
-2110
-2152
-1420
-927
-1135
-1426
-1670
-1680
-927
-203
-545
-1139
-862
-303
-125
-150
-249
-157
248
411
117
-14
205
458
721
756
293
9
459
914
767
468
431
592
846
892
557
419
668
631
465
666
591
76
40
294
-17
-353
-84
-72
-645
-777
-549
-666
-652
-546
-1044
-1460
-947
-444
-649
-903
-1002
-1113
-920
-351
-283
-776
-883
-693
-520
-438
-548
-564
-379
-382
-662
-733
-517
-319
-178
-263
-685
-754
-188
147
5
102
475
536
527
816
1128
1266
1526
2142
2335
1703
1194
1891
3010
3065
2415
1570
1074
1727
2760
2388
872
248
582
763
617
374
-230
-979
-907
-518
-751
-1266
-1426
-1355
-1372
-1360
-1507
-1695
-1315
-841
-1269
-1910
-1428
-499
-460
-965
-1117
-1061
-928
-309
238
-101
-826
-858
-191
276
288
-34
-220
110
396
177
-105
346
889
651
337
447
620
627
872
1191
943
605
651
820
950
1013
783
130
-65
516
457
-273
-351
-102
-443
-843
-697
-671
-934
-925
-764
-1011
-1248
-865
-755
-936
-772
-730
-923
-873
-334
-198
-778
-961
-538
-189
-229
-377
-531
-753
-622
-86
51
-533
-894
-494
-22
-101
-391
-308
-117
65
360
558
570
553
913
1294
1473
1716
1808
1725
1620
2008
2588
2484
2028
1622
1539
1941
2165
1747
1087
698
698
787
690
370
-217
-603
-429
-272
-589
-1085
-1176
-843
-784
-1148
-1382
-1362
-1159
-779
-790
-1374
-1543
-921
-537
-789
-1066
-1227
-1161
-576
-186
-683
-1177
-890
-450
-274
-134
-277
-598
-277
308
209
-9
365
726
632
548
709
844
990
1233
1208
1000
1077
1171
1021
999
1089
938
641
371
146
134
302
142
-479
-953
-884
-618
-624
-917
-1206
-1331
-1347
-1253
-1013
-826
-917
-1122
-1105
-896
-742
-581
-310
-289
-609
-740
-470
-105
44
-145
-439
-502
-335
-183
-221
-345
-451
-494
-317
-196
-453
-471
26
186
-57
134
622
835
983
1107
966
1169
2045
2408
1684
1157
1637
2425
2686
2005
897
782
1778
2191
1220
81
-12
542
772
394
-368
-863
-559
-129
-432
-997
-1080
-857
-696
-636
-829
-1253
-1217
-419
71
-552
-1319
-1101
-282
121
-208
-816
-1091
-681
22
-20
-751
-955
-531
-223
-207
-396
-541
-371
-68
50
-161
-350
12
625
760
380
152
524
1054
1147
959
840
873
1030
1077
793
498
623
866
624
13
-344
-215
82
31
-553
-1150
-1093
-620
-526
-871
-1140
-1223
-1128
-746
-487
-745
-974
-745
-492
-382
-247
-349
-553
-270
105
-104
-356
-139
-43
-291
-336
-176
-229
-378
-388
-421
-523
-519
-486
-534
-493
-358
-378
-438
-257
3
142
312
522
594
675
1000
1379
1544
1485
1410
1610
1974
2033
1759
1534
1567
1706
1639
1332
1041
945
979
793
364
223
306
124
-124
-228
-454
-658
-549
-433
-570
-766
-962
-1126
-966
-642
-699
-1026
-1174
-1134
-961
-763
-848
-1002
-900
-873
-954
-748
-479
-573
-758
-601
-336
-301
-198
69
69
-46
154
439
523
580
714
810
873
923
850
820
1108
1384
1131
635
543
806
937
769
389
-19
-107
173
207
-294
-729
-734
-668
-724
-760
-818
-1004
-1110
-960
-838
-919
-920
-823
-785
-651
-526
-669
-715
-378
-194
-424
-482
-205
-101
-219
-256
-225
-208
-166
-149
-233
-289
-169
-88
-208
-220
-57
-73
-141
34
149
50
180
533
545
272
368
817
1014
935
910
917
990
1247
1366
1193
1074
1098
1141
1175
1158
954
708
727
818
757
493
280
273
185
54
-31
-89
-167
-316
-373
-375
-507
-680
-664
-537
-580
-749
-836
-850
-860
-801
-712
-716
-782
-802
-721
-606
-549
-495
-374
-289
-242
-149
-137
-178
14
314
320
207
349
505
451
507
666
609
550
687
697
519
468
526
551
538
367
105
110
322
239
-82
-205
-161
-216
-370
-429
-487
-586
-672
-730
-729
-774
-765
-739
-782
-800
-782
-698
-689
-703
-626
-586
-522
-413
-375
-407
-365
-215
-152
-129
-17
7
-34
99
253
184
76
182
384
443
408
312
190
274
465
488
390
327
314
316
406
478
430
430
465
464
503
580
592
518
539
593
508
497
599
542
385
390
453
380
326
354
276
127
139
191
47
-72
-54
-86
-158
-209
-215
-242
-307
-309
-289
-344
-433
-378
-265
-310
-366
-333
-295
-319
-299
-172
-121
-145
-158
-164
-154
-99
-17
54
45
-67
-100
-3
116
154
109
39
-31
89
240
191
77
49
122
127
123
155
76
36
91
96
-23
-92
-13
-5
-59
-139
-246
-258
-202
-198
-297
-347
-358
-420
-417
-354
-372
-449
-470
-424
-361
-340
-364
-381
-323
-266
-282
-245
-141
-72
-143
-192
-57
55
55
11
0
37
107
180
188
120
60
97
169
233
213
126
117
162
195
191
222
263
196
146
223
296
273
253
266
245
209
244
293
292
275
217
164
183
272
286
207
215
222
201
231
258
241
205
234
249
206
217
217
200
194
189
184
154
134
107
89
80
39
24
7
-59
-84
-35
-54
-159
-174
-134
-178
-226
-204
-227
-276
-241
-224
-280
-322
-282
-212
-216
-240
-260
-277
-240
-194
-124
-125
-203
-221
-216
-154
-106
-153
-210
-230
-182
-170
-179
-212
-263
-222
-186
-199
-202
-164
-135
-175
-176
-112
-82
-75
-19
4
-33
-2
66
78
93
154
198
191
177
200
242
296
323
266
202
230
296
294
258
219
182
175
184
208
168
107
92
74
47
23
52
70
10
-39
-49
-31
7
34
-6
-72
-66
-8
26
21
-10
-66
-85
-19
44
28
-23
-48
-52
-26
21
32
-15
-39
-6
1
-6
15
8
-13
-2
-1
-5
5
21
13
-34
-40
15
41
20
-2
-14
-12
-8
10
26
-4
-4
12
-13
-19
1
19
15
15
-1
-34
-2
28
31
3
-37
-10
-4
-17
-21
-33
-24
-56
-68
-48
-84
-127
-112
-65
-80
-110
-115
-151
-164
-129
-94
-78
-71
-97
-140
-110
-45
-18
2
16
-17
-27
33
87
92
73
57
64
98
149
152
87
65
110
117
90
94
86
39
36
67
44
-2
-3
-10
-36
-6
12
-24
-60
-61
-53
-49
-3
-3
-49
-53
-38
-3
15
12
-22
-54
2
31
2
-24
-33
-19
0
50
34
-40
-22
27
42
34
33
14
-19
9
49
39
15
1
-10
-6
23
24
-8
-20
-8
5
26
32
-10
-26
12
28
17
25
13
-7
25
53
30
7
10
16
37
64
65
16
5
32
23
35
45
24
-7
-9
14
-4
-5
-2
-21
-28
-33
-36
-41
-27
-32
-64
-52
-37
-61
-57
-18
-15
-39
-51
-55
-40
2
30
3
-39
-35
-22
-17
17
26
-29
-48
-3
2
-21
-11
-11
-29
-12
-2
-46
-50
2
-15
-50
-18
4
-36
-27
18
-19
-43
-9
16
-9
-41
-17
-23
-37
-11
-9
-30
-26
5
-2
-34
-27
6
18
19
16
9
5
16
48
55
40
27
34
57
59
55
53
49
40
42
60
60
54
67
76
53
32
35
46
58
53
48
27
-5
14
28
34
51
36
16
6
19
38
46
44
6
-13
11
32
31
12
-5
-24
-25
-6
-8
-12
-21
-49
-57
-48
-34
-34
-53
-59
-52
-44
-36
-41
-56
-54
-36
-18
-13
-27
-38
-29
-15
-8
0
-3
-9
-19
-18
-7
-9
2
5
-5
-19
-26
-21
-22
-16
-10
-29
-51
-38
-17
-27
-33
-22
-31
-45
-31
-19
-30
-19
-10
-21
-32
-24
-8
-13
-10
-4
-2
6
6
15
20
25
14
20
45
42
30
32
54
48
38
59
50
29
44
73
60
35
31
25
36
57
51
19
0
16
35
36
28
18
0
-1
36
47
28
17
10
14
24
41
46
18
5
14
11
14
24
18
-5
-21
-5
-7
-11
-1
-17
-43
-53
-32
-23
-36
-41
-62
-75
-58
-34
-33
-49
-58
-68
-60
-34
-28
-39
-37
-28
-38
-40
-23
-16
-10
-14
-21
0
0
0
0
0
0
0
0
0
0
0
0
0
0
0
0
0
0
0
0
0
0
0
0
0
0
0
0
0
0
0
0
0
0
0
0
0
0
0
0
0
0
0
0
0
0
0
0
0
0
0
0
0
0
0
0
0
0
0
0
0
0
0
0
0
0
0
0
0
0
0
0
0
0
0
0
0
0
0
0
0
0
0
0
0
0
0
0
0
0
0
0
0
0
0
0
0
0
0
0
0
0
0
0
0
0
0
0
0
0
0
0
0
0
0
0
0
0
0
0
0
0
0
0
0
0
0
0
0
0
0
0
0
0
0
0
0
0
0
0
0
0
0
0
0
0
0
0
0
0
0
0
0
0
0
0
0
0
0
0
0
0
0
0
0
0
0
0
0
0
0
0
0
0
0
0
0
0
0
0
0
0
0
0
0
0
0
0
0
0
0
0
0
0
0
0
0
0
0
0
0
0
0
0
0
0
0
0
0
0
0
0
0
0
0
0
0
0
0
0
0
0
0
0
0
0
0
0
0
0
0
0
0
0
0
0
0
0
0
0
0
0
0
0
0
0
0
0
0
0
0
0
0
0
0
0
0
0
0
0
0
0
0
0
0
0
0
0
0
0
0
0
0
0
0
0
0
0
0
0
0
0
0
0
0
0
0
0
0
0
0
0
0
0
0
0
0
0
0
0
0
0
0
0
0
0
0
0
0
0
0
0
0
0
0
0
0
0
0
0
0
0
0
0
0
0
0
0
0
0
0
0
0
0
0
0
0
0
0
0
0
0
0
0
0
0
0
0
0
0
0
0
0
0
0
0
0
0
0
0
0
0
0
0
0
0
0
0
0
0
0
0
0
0
0
0
0
0
0
0
0
0
0
0
0
0
0
0
0
0
0
0
0
0
0
0
0
0
0
0
