0
0
0
0
0
0
0
0
0
0
0
0
0
0
0
0
0
0
0
0
0
0
0
0
0
0
0
0
0
0
0
0
0
0
0
0
0
0
0
0
0
0
0
0
0
0
0
0
0
0
0
0
0
0
0
0
0
0
0
0
0
0
0
0
0
0
0
0
0
0
0
0
0
0
0
0
0
0
0
0
0
0
0
0
0
0
0
0
0
0
0
0
0
0
0
0
0
0
0
0
0
0
0
0
0
0
0
0
0
0
0
0
0
0
0
0
0
0
0
0
0
0
0
0
0
0
0
0
0
0
0
0
0
0
0
0
0
0
0
0
0
0
0
0
0
0
0
0
0
0
0
0
0
0
0
0
0
0
0
0
0
0
0
0
0
0
0
0
0
0
0
0
0
0
0
0
0
0
0
0
0
0
0
0
0
0
0
0
0
0
0
0
0
0
0
0
0
0
0
0
0
0
0
0
0
0
0
0
0
0
0
0
0
0
0
0
0
0
0
0
0
0
0
0
0
0
0
0
0
0
0
0
0
0
0
0
0
0
0
0
0
0
0
0
0
0
0
0
0
0
0
0
0
0
0
0
0
0
0
0
0
0
0
0
0
0
0
0
0
0
0
0
0
0
0
0
0
0
0
0
0
0
0
0
0
0
0
0
0
0
0
0
0
0
0
0
0
0
0
0
0
0
0
0
0
0
0
0
0
0
0
0
0
0
0
0
0
0
0
0
0
0
0
0
0
0
0
0
0
0
0
0
0
0
0
0
0
0
0
0
0
0
0
0
0
0
0
0
0
0
0
0
0
0
0
0
0
0
0
0
0
0
0
0
0
0
0
0
0
0
0
0
0
0
0
0
0
0
0
0
0
0
0
0
0
0
0
0
0
0
0
0
0
0
0
0
-112
-107
-113
-116
-102
-91
-97
-86
-83
-83
-68
-74
-68
-39
-42
-36
-16
-4
13
22
53
86
73
72
80
86
107
115
121
108
92
92
84
91
92
75
74
83
101
123
123
137
150
128
126
131
122
134
146
155
157
162
173
184
214
236
256
279
281
291
308
304
307
316
320
318
301
273
254
239
231
230
200
173
156
125
97
57
26
-15
-63
-79
-116
-161
-193
-229
-257
-293
-337
-368
-388
-424
-443
-460
-490
-494
-486
-468
-459
-451
-419
-434
-423
-400
-404
-374
-376
-386
-389
-396
-367
-371
-375
-337
-322
-313
-278
-256
-240
-216
-212
-193
-166
-166
-153
-132
-120
-99
-78
-66
-40
3
3
17
36
25
59
69
70
85
82
106
83
100
141
130
169
174
189
231
234
261
296
327
338
373
420
444
479
493
503
511
505
515
531
519
502
486
465
472
496
515
506
505
502
498
506
515
543
553
574
592
596
644
670
690
737
785
807
809
832
832
809
775
725
654
560
467
336
186
45
-131
-294
-463
-656
-841
-1020
-1174
-1316
-1444
-1551
-1654
-1728
-1772
-1793
-1784
-1769
-1744
-1711
-1688
-1609
-1498
-1414
-1295
-1178
-1107
-992
-847
-722
-611
-506
-390
-288
-202
-104
-37
27
86
111
148
170
157
179
196
185
200
200
179
197
225
233
249
286
325
349
374
402
424
464
514
551
578
600
622
641
663
685
682
672
662
633
603
599
616
614
589
576
541
501
496
494
488
473
419
378
379
367
417
473
468
478
469
482
529
577
599
600
618
629
705
798
865
973
1024
1030
1060
1076
1075
1039
921
749
560
372
210
38
-158
-365
-572
-757
-908
-1028
-1133
-1248
-1365
-1456
-1509
-1531
-1535
-1528
-1511
-1482
-1433
-1360
-1255
-1133
-1029
-961
-913
-855
-776
-692
-635
-608
-600
-561
-485
-412
-354
-352
-365
-367
-387
-422
-490
-548
-601
-651
-675
-701
-705
-660
-588
-515
-417
-289
-171
-49
74
189
275
335
384
401
428
461
490
539
573
596
608
625
665
701
719
693
654
628
590
550
542
549
555
562
565
557
556
576
576
564
551
498
446
425
377
334
319
267
251
280
304
347
379
395
382
343
287
247
270
333
453
592
758
962
1200
1524
1839
2076
2225
2256
2183
2007
1756
1442
1025
547
52
-427
-832
-1177
-1483
-1772
-2048
-2254
-2426
-2534
-2583
-2676
-2751
-2808
-2840
-2751
-2587
-2363
-2089
-1797
-1485
-1102
-653
-209
226
574
849
1141
1443
1744
1996
2212
2364
2412
2440
2407
2294
2137
1833
1363
842
312
-231
-713
-1152
-1561
-1843
-1997
-2066
-2044
-1943
-1851
-1721
-1549
-1403
-1244
-1121
-1023
-937
-854
-731
-605
-475
-362
-277
-225
-203
-211
-250
-318
-409
-492
-547
-546
-520
-466
-377
-303
-215
-114
7
135
249
372
474
572
680
797
918
1021
1102
1132
1099
1025
915
790
698
639
584
582
565
539
586
612
622
589
495
404
330
313
388
585
860
1199
1612
2096
2643
3157
3579
3827
3836
3686
3423
3026
2546
1965
1257
520
-173
-780
-1247
-1596
-1928
-2248
-2511
-2657
-2661
-2621
-2556
-2516
-2515
-2486
-2426
-2287
-2145
-2025
-1913
-1832
-1617
-1278
-897
-492
-164
52
209
336
384
338
193
-16
-212
-329
-259
-65
238
613
942
1319
1668
1906
2037
1932
1591
1094
531
6
-423
-731
-929
-1068
-1104
-1042
-916
-762
-687
-662
-724
-853
-975
-1091
-1164
-1233
-1267
-1245
-1186
-1055
-877
-735
-656
-626
-686
-767
-835
-882
-877
-842
-738
-626
-474
-251
-49
217
498
739
970
1046
993
868
653
453
278
103
-65
-246
-383
-441
-401
-279
-97
106
320
524
702
870
967
990
911
783
682
702
889
1255
1772
2358
2991
3655
4354
5017
5524
5729
5553
5071
4393
3547
2585
1572
513
-505
-1378
-2086
-2529
-2747
-2847
-2899
-2965
-2923
-2771
-2540
-2284
-2120
-1979
-1850
-1710
-1512
-1291
-1056
-828
-625
-444
-214
60
302
399
295
69
-235
-587
-966
-1415
-1907
-2341
-2691
-2885
-2868
-2702
-2436
-2122
-1800
-1440
-952
-372
252
863
1398
1883
2321
2800
3245
3560
3648
3417
3006
2416
1743
1056
332
-392
-1099
-1697
-2152
-2334
-2284
-2144
-1931
-1757
-1543
-1272
-989
-654
-399
-202
-49
34
155
324
524
717
822
817
765
690
611
518
368
232
78
-77
-234
-407
-561
-780
-1014
-1228
-1412
-1508
-1551
-1567
-1582
-1581
-1550
-1486
-1384
-1224
-1036
-973
-991
-1039
-1123
-1141
-1104
-916
-567
-178
132
327
604
1039
1696
2503
3356
4253
5060
5776
6422
7091
7743
8043
7882
7206
6185
5095
3846
2423
907
-606
-1938
-3019
-3742
-4057
-4078
-3907
-3656
-3353
-2899
-2321
-1730
-1294
-1074
-909
-778
-635
-499
-420
-277
-191
-192
-184
-213
-229
-320
-607
-1021
-1483
-1903
-2290
-2682
-3097
-3495
-3699
-3682
-3419
-2906
-2264
-1517
-784
-83
616
1226
1678
1830
1748
1594
1462
1501
1651
1831
2003
2133
2268
2412
2539
2436
1998
1337
473
-443
-1313
-2100
-2649
-3059
-3328
-3268
-2876
-2164
-1349
-654
-68
395
816
1165
1334
1352
1290
1199
1045
927
813
700
600
339
34
-269
-528
-761
-1067
-1297
-1384
-1281
-1033
-821
-688
-533
-437
-387
-395
-543
-682
-881
-1083
-1234
-1317
-1266
-1295
-1399
-1577
-1711
-1649
-1508
-1324
-1149
-932
-619
-296
-48
83
173
310
543
929
1616
2664
3970
5300
6449
7531
8588
9497
9945
9577
8512
6868
4856
2649
346
-1695
-3444
-4824
-5746
-6094
-5639
-4670
-3472
-2307
-1246
-97
925
1682
1983
1777
1301
612
-50
-587
-997
-1235
-1478
-1736
-1868
-1834
-1716
-1645
-1814
-2197
-2547
-2862
-3123
-3287
-3403
-3385
-3120
-2645
-1982
-1110
-244
511
1094
1360
1498
1521
1466
1432
1250
1040
774
521
539
692
967
1147
1048
826
458
61
-309
-637
-893
-1233
-1541
-1672
-1547
-1108
-645
-330
-67
60
73
61
-71
-220
-352
-574
-801
-915
-818
-476
-73
238
446
604
761
770
670
539
372
220
-59
-300
-450
-603
-761
-1034
-1202
-1234
-1218
-1149
-1042
-782
-446
-224
-186
-244
-285
-321
-489
-828
-1207
-1527
-1774
-1918
-1839
-1430
-787
-286
-49
99
490
1420
2662
4061
5408
6538
7486
8147
8704
9097
8970
8034
6216
3987
1821
-119
-1864
-3371
-4502
-5113
-5106
-4537
-3375
-1878
-469
691
1449
2044
2516
2578
2217
1306
79
-1124
-2247
-3017
-3502
-3873
-4028
-4045
-3795
-3254
-2722
-2237
-1991
-2041
-2074
-2021
-1762
-1407
-1142
-742
-226
338
994
1555
1961
2007
1602
1071
559
237
-93
-474
-635
-848
-853
-612
-373
192
638
768
952
873
761
722
335
103
-181
-636
-847
-1254
-1362
-1222
-1302
-1140
-1131
-1029
-604
-475
-300
-98
-54
152
234
278
455
515
591
520
379
377
167
89
95
-114
-138
-280
-526
-606
-747
-817
-785
-690
-574
-469
-395
-479
-572
-670
-810
-992
-1252
-1564
-1818
-1781
-1718
-1617
-1301
-1066
-768
-511
-266
206
497
701
781
986
1913
3195
4828
6463
7588
8488
9095
9368
9167
8231
6437
3889
1009
-1612
-3708
-5314
-6158
-6469
-6102
-4887
-3114
-788
1428
3143
4242
4722
4856
4470
3481
1961
77
-1872
-3562
-4783
-5433
-5594
-5446
-5013
-4300
-3399
-2450
-1619
-1118
-888
-879
-858
-681
-599
-432
-234
166
793
1293
1768
1884
1644
1084
181
-570
-1228
-1718
-2030
-2232
-2023
-1476
-507
702
1890
3016
3576
3637
3246
2356
1473
365
-965
-2100
-3193
-3798
-3812
-3558
-2766
-1859
-980
-106
502
1121
1441
1457
1360
988
719
445
109
-28
-193
-354
-484
-718
-813
-767
-705
-489
-336
-236
-33
28
212
415
473
528
320
25
-393
-857
-1252
-1723
-2081
-2429
-2540
-2381
-2197
-1939
-1702
-1448
-1118
-731
-291
137
397
397
213
296
678
1287
2377
3550
5023
6669
7814
8773
9294
9242
8640
6939
4447
1660
-1149
-3515
-5475
-6755
-7000
-6363
-4867
-2903
-570
1943
4041
5598
6281
6291
5816
4576
2872
794
-1416
-3301
-4853
-5857
-6184
-6051
-5462
-4577
-3571
-2402
-1419
-755
-318
-201
-201
-240
-340
-262
-20
275
659
1053
1419
1627
1450
854
-52
-1111
-2243
-3247
-3762
-3601
-2797
-1633
-402
983
2564
4073
5212
5574
5030
3846
2133
61
-1993
-3786
-5191
-5937
-6190
-5824
-4456
-2737
-864
867
2024
3127
3852
3995
3843
3159
2190
1020
-369
-1464
-2145
-2439
-2495
-2491
-2112
-1513
-859
-164
271
756
1197
1254
1278
1090
752
519
80
-259
-557
-1073
-1341
-1533
-1600
-1337
-1302
-1298
-1319
-1599
-1654
-1768
-1914
-1791
-1580
-1032
-550
-362
-239
-245
-2
338
815
1810
3132
4796
6243
7169
7949
8502
8893
8553
6972
4644
1885
-800
-3152
-5272
-6547
-6842
-6315
-4939
-3109
-654
2124
4464
6157
6885
6930
6406
5087
3186
904
-1360
-3302
-4823
-5732
-5955
-5615
-4880
-3907
-2759
-1551
-574
29
232
172
26
-177
-327
-280
-73
188
439
712
948
809
371
-269
-1053
-1724
-2588
-3536
-4235
-4368
-3462
-1918
-27
1943
3701
5363
6418
6657
6060
4560
2517
-155
-2804
-4851
-6530
-7362
-7511
-6996
-5315
-3073
-689
1454
3039
4225
4721
4624
3982
2871
1666
102
-1447
-2542
-3098
-2961
-2522
-1872
-1030
-200
489
1002
1270
1350
1268
930
645
265
-90
-293
-513
-481
-444
-400
-338
-441
-585
-823
-1057
-1285
-1555
-1754
-1865
-1905
-1844
-1685
-1515
-1214
-746
-251
109
170
141
52
26
445
1483
3056
4697
6060
6847
7554
8319
8457
7808
5859
3094
406
-2265
-4583
-6106
-6714
-6251
-5086
-3724
-1623
1113
3827
5962
6881
7002
6490
5284
3529
1295
-939
-2985
-4715
-5781
-5946
-5236
-4122
-2996
-1901
-981
-287
144
149
137
193
-23
-255
-379
-372
-59
203
280
433
496
417
14
-700
-1425
-2282
-3102
-3934
-4478
-4185
-3270
-1584
665
2963
5182
6671
7159
6976
6081
4616
2219
-1215
-4447
-7076
-8773
-9361
-9268
-7761
-5041
-1928
1195
3565
5473
6743
6757
5834
4069
2132
337
-1625
-3241
-4373
-4700
-3991
-3057
-1811
-193
1018
1910
2294
2013
1788
1309
570
93
-421
-685
-779
-859
-550
-324
-388
-605
-909
-1175
-1402
-1632
-1698
-1633
-1720
-1859
-2173
-2293
-1948
-1499
-985
-644
-341
137
660
1216
1916
2871
4189
5616
6548
7135
7419
7423
7088
5824
3958
1762
-587
-2625
-4483
-5695
-5837
-5285
-3948
-2087
-94
2225
4320
5749
6581
6482
5656
4345
2629
832
-1041
-2700
-3963
-4787
-5025
-4886
-4250
-3258
-2311
-1433
-671
12
504
673
665
679
841
929
751
526
369
148
-112
-530
-1084
-1452
-1977
-2712
-3231
-3564
-3605
-3255
-2611
-1699
-447
984
2455
4120
5352
5852
5823
4875
3378
1419
-1105
-3225
-5019
-6585
-7256
-7362
-6575
-4421
-2058
377
2775
4208
5295
5712
5011
3918
2271
359
-1508
-3161
-4075
-4281
-3801
-2920
-1740
-119
1264
2200
2865
2851
2488
1874
695
-314
-1259
-2154
-2152
-1808
-1322
-728
-487
-97
274
305
266
-19
-572
-1258
-2052
-2720
-3126
-3401
-3299
-2758
-2037
-1234
-660
-115
605
1230
1768
2155
2723
3870
5278
6552
7334
7561
7596
7370
6470
4848
2457
-324
-2767
-4928
-6405
-6679
-5986
-4307
-2241
-256
2055
4371
6157
7087
6912
5896
4397
2484
444
-1321
-2917
-4175
-4848
-4979
-4485
-3582
-2670
-1804
-974
-473
-79
225
189
218
270
431
798
1098
1261
1198
930
393
-354
-1312
-2445
-3388
-3954
-3995
-3679
-3158
-2378
-1579
-848
-244
450
1600
3020
4356
5148
5191
4638
3614
2272
589
-1455
-3638
-5580
-6949
-7461
-6853
-5119
-2630
-116
1982
3676
4925
5577
5291
3990
2190
163
-1846
-3288
-4031
-3878
-2834
-1651
-373
922
1768
2292
2172
1438
630
-286
-1152
-1759
-2105
-2024
-1411
-556
237
749
839
769
647
343
-142
-723
-1246
-1776
-2487
-3301
-3848
-3824
-3253
-2494
-1954
-1597
-1448
-1291
-750
197
1765
3583
5388
7178
8500
9322
9501
9068
8168
6306
3380
-196
-3589
-5910
-7331
-7952
-7590
-6134
-3340
-360
2393
5059
6874
8090
8116
6840
5208
3129
1006
-1055
-2904
-3989
-4501
-4553
-4327
-3854
-3092
-2369
-1693
-1116
-617
3
567
1061
1632
2047
2206
2356
2220
1654
899
-328
-1578
-2630
-3648
-4185
-4563
-4592
-3925
-2919
-1730
-716
-112
258
734
1270
1958
2743
3323
3693
3793
3613
3019
2042
413
-1498
-3143
-4792
-5981
-6533
-6352
-5038
-2937
-648
1559
3237
4284
4989
4779
3886
2665
1055
-510
-2037
-3117
-3275
-2632
-1676
-826
-21
724
1185
1212
934
299
-487
-1034
-1449
-1471
-1042
-618
-102
600
1203
1464
1364
1185
821
-58
-1153
-2230
-3003
-3245
-3490
-3591
-3190
-2561
-1600
-660
42
792
1356
1746
1912
2071
2488
3026
3998
4864
5379
5753
5513
5230
4776
3530
1872
-318
-2474
-3976
-4897
-4959
-4245
-2888
-1059
855
2680
4375
5657
6186
5818
4543
2883
1142
-485
-1893
-3067
-3634
-3828
-3591
-3010
-2506
-1748
-1065
-598
-97
157
371
661
817
986
1133
1075
968
670
141
-288
-942
-1665
-2312
-3000
-3203
-3277
-3153
-2467
-1825
-1236
-880
-798
-460
133
982
2034
2862
3229
3361
3118
2697
2122
550
-1350
-3271
-5019
-5585
-5569
-4951
-3439
-1515
806
2757
3737
4162
4029
3249
1976
333
-1082
-2083
-2766
-2855
-2429
-1356
8
907
1535
1827
1809
1531
602
-537
-1498
-2080
-2047
-1647
-1045
-323
290
825
1347
1445
1197
946
562
183
-312
-1106
-1795
-2430
-2978
-3122
-3059
-2613
-1710
-709
271
702
674
845
1062
1434
1895
2311
3214
4199
4997
5801
6058
6054
5823
4514
2555
284
-2043
-3598
-4845
-5582
-5084
-3811
-1886
114
1747
3360
4682
5293
4991
4198
3214
2016
861
-417
-1455
-2159
-2928
-3357
-3475
-3409
-3108
-2773
-2395
-1807
-1052
-197
788
1533
1983
2235
2299
2143
1542
754
-291
-1446
-2399
-3333
-3709
-3623
-3519
-2799
-1945
-1300
-452
-158
8
443
490
750
1184
1711
2743
3466
3487
3043
2072
760
-750
-2512
-4009
-4836
-5271
-5200
-4500
-3219
-1334
545
1835
2693
3287
3300
2921
2098
839
-28
-867
-1606
-1807
-1672
-1079
-361
156
346
458
368
71
-126
-556
-711
-635
-574
-209
90
450
897
1140
1124
934
764
567
438
-18
-975
-1863
-2731
-3187
-3096
-2817
-2139
-1322
-376
585
1177
1438
1282
1137
1089
1005
1184
1762
3018
4498
5483
5876
5892
5812
5201
3500
929
-1621
-3536
-4856
-5559
-5458
-4124
-2007
15
1717
3006
4266
5040
4772
3967
2866
1852
905
-257
-1238
-1761
-2127
-2622
-3040
-3235
-3105
-2788
-2595
-2247
-1542
-616
268
1027
1670
2168
2541
2358
1667
771
-236
-1285
-2404
-3296
-3826
-3574
-2974
-2458
-1494
-681
99
690
297
-137
-361
-566
-68
697
1524
2958
3937
4284
4264
2845
958
-1144
-3560
-4895
-5920
-6655
-6398
-5332
-3223
-900
1238
3034
4232
4768
4230
3171
1942
635
-565
-1675
-2358
-2359
-1763
-1166
-484
133
176
232
-83
-438
-324
-480
-256
184
394
989
1353
1342
1486
1179
558
91
-522
-768
-792
-1033
-1019
-932
-878
-881
-1225
-1657
-1913
-1879
-1437
-866
-442
77
689
1491
2525
3246
4137
5109
5478
5573
4959
4063
3515
2555
1354
0
-1653
-2840
-3493
-3814
-3390
-2434
-1206
279
1449
2291
3099
3580
3733
3489
2645
1790
1085
207
-621
-1532
-2411
-2878
-3412
-3859
-3703
-3297
-2656
-1758
-899
102
1103
1727
2030
2138
2099
1741
918
-175
-1257
-2054
-2501
-2737
-2649
-2295
-1836
-1301
-998
-769
-609
-733
-709
-737
-528
254
1032
2257
3226
3751
4065
3379
2619
1152
-768
-2383
-4199
-5069
-5527
-5475
-4556
-3292
-1576
-55
1304
2219
2845
3044
2536
2052
1103
446
-23
-794
-1059
-1540
-1469
-1030
-894
-517
-522
-338
-75
10
253
406
660
797
853
865
784
683
474
225
-21
-170
-181
-66
-27
-186
-454
-854
-1266
-1417
-1268
-942
-519
-243
-141
-71
-283
-798
-1084
-805
3
1231
2752
4446
6001
6912
7061
6574
5610
4268
2240
-328
-2650
-4341
-5250
-5214
-4449
-3020
-1011
873
2299
3079
3259
3183
2754
2123
1485
1064
937
918
793
216
-494
-1403
-2550
-3463
-4300
-4701
-4416
-3759
-2503
-867
760
2222
3105
3523
3382
2695
1633
83
-1346
-2599
-3336
-3372
-3193
-2384
-1515
-955
-430
-355
-537
-733
-1041
-1115
-640
1
1054
2479
3527
4502
4613
3783
2743
659
-1576
-3512
-5224
-5794
-5706
-5071
-3993
-2576
-896
522
1699
2108
2187
2223
1784
1503
1082
603
293
-281
-812
-1252
-1410
-1387
-1245
-971
-891
-518
-99
107
504
584
460
617
567
539
697
657
863
843
322
127
-39
-83
-82
-602
-821
-850
-1082
-1236
-1487
-1384
-1013
-678
-160
191
471
740
796
979
1337
1772
2401
3218
4023
4616
4721
4426
4103
3442
2269
870
-608
-1838
-2661
-3123
-2961
-2136
-1038
88
915
1285
1492
1610
1580
1553
1457
1188
995
824
546
190
-381
-1264
-2233
-3022
-3544
-3702
-3627
-2993
-1940
-827
443
1297
1958
2253
1986
1632
842
72
-641
-1365
-1671
-1827
-1725
-1453
-1208
-1227
-1549
-1686
-1795
-1593
-975
-505
357
1215
1867
2650
2876
3169
3032
2151
1245
-295
-1818
-2920
-3543
-3574
-3213
-2778
-2677
-2146
-1516
-890
-122
245
787
1085
1144
1450
1322
1197
954
224
-262
-922
-1104
-764
-817
-361
-257
-328
61
-205
-230
-157
-306
-22
165
550
988
1044
1243
1259
951
667
277
-131
-489
-762
-1036
-1129
-993
-1076
-953
-837
-897
-656
-598
-398
-263
-482
-222
178
1027
2336
3426
4815
5708
5842
5649
4735
3915
2804
1131
-343
-1771
-2463
-2638
-2677
-2201
-1521
-689
-52
299
563
777
976
1071
1354
1699
1928
1991
1754
1268
509
-378
-1685
-3003
-3683
-3990
-3842
-3505
-2790
-1611
-385
770
1287
1562
1607
1211
887
391
-25
-320
-613
-664
-703
-696
-640
-824
-1514
-2062
-2331
-2576
-1983
-1279
-336
1055
1657
2365
2807
3024
3513
2805
1956
877
-535
-1351
-2462
-2900
-3030
-3391
-3132
-3091
-2927
-2093
-1513
-955
-128
236
864
1366
1315
1604
1378
1035
686
-15
-216
-397
-503
-343
-360
-295
-351
-648
-734
-808
-767
-449
-220
241
744
1037
1455
1514
1328
963
212
-205
-471
-654
-574
-753
-844
-992
-1338
-1401
-1415
-1301
-1026
-621
-123
347
816
1128
1582
1845
1802
2014
2386
3116
3741
3844
3779
3468
3263
2965
2298
1544
605
-346
-1207
-1729
-1755
-1417
-847
-447
-381
-283
45
336
753
858
716
733
450
384
295
59
-149
-826
-1386
-1750
-2051
-2103
-2034
-1914
-1683
-1389
-1274
-949
-548
-321
39
127
160
194
36
49
-45
-126
-107
-164
-305
-465
-536
-688
-559
-447
-551
-344
-195
87
459
666
1159
1401
1449
1497
1069
533
-184
-1029
-1400
-1667
-1854
-1847
-1971
-1760
-1569
-1520
-1072
-801
-505
-264
-263
-20
136
368
721
723
684
717
555
540
372
-40
-255
-667
-780
-770
-1039
-761
-528
-307
263
416
556
694
516
523
500
425
442
165
-56
-103
-318
-233
-181
-530
-791
-1207
-1418
-1213
-1048
-578
-103
-55
-21
-124
-113
374
632
994
1509
1641
2048
2367
2713
3424
3648
3787
3578
2969
2603
2004
1760
1697
1438
1386
1061
869
913
719
581
374
-21
-374
-850
-1221
-1356
-1589
-1669
-1723
-1799
-1700
-1682
-1776
-1906
-1951
-1881
-1671
-1458
-1290
-1181
-1037
-720
-429
-81
10
-107
-167
-292
-281
-261
-282
-344
-578
-864
-850
-632
-315
66
68
147
206
163
512
873
1430
1736
1533
1442
1043
769
657
276
158
-372
-972
-1187
-1687
-1654
-1591
-1838
-1668
-1728
-1654
-1374
-1130
-739
-722
-507
-333
-438
-179
-84
-98
-228
-376
-450
-559
-374
-434
-417
-200
-22
314
481
816
993
1022
1131
845
693
500
338
381
-45
-254
-403
-697
-527
-721
-877
-769
-967
-705
-420
-280
76
73
155
499
790
1376
1876
2025
2195
2049
1967
2287
2469
2802
2924
2683
2617
2362
2116
2112
1883
1716
1484
938
862
794
722
865
457
339
256
-132
-200
-667
-1030
-1135
-1446
-1382
-1371
-1484
-1567
-1884
-2054
-2136
-2161
-2126
-2190
-2171
-2146
-1966
-1631
-1362
-1077
-940
-861
-709
-580
-389
-211
-119
-90
-187
-304
-375
-384
-159
54
249
509
506
650
964
1199
1574
1725
1676
1510
1184
932
666
576
417
-44
-476
-867
-1023
-1041
-1106
-1341
-1698
-1670
-1608
-1435
-1012
-930
-845
-799
-809
-680
-725
-568
-493
-603
-494
-654
-698
-504
-563
-515
-487
-445
-214
-52
220
289
174
275
230
311
461
359
369
262
94
82
22
-11
-185
-387
-469
-476
-252
8
195
388
538
687
961
1202
1476
1803
1887
2118
2339
2377
2636
2743
2723
2742
2633
2549
2402
2184
1979
1728
1580
1364
1009
793
590
423
334
164
55
-107
-316
-476
-778
-935
-1040
-1298
-1356
-1532
-1859
-1932
-2092
-2223
-2112
-2171
-2134
-2017
-2056
-1840
-1713
-1578
-1284
-1289
-1130
-984
-982
-727
-642
-565
-522
-662
-545
-439
-160
313
522
833
912
845
1051
1169
1570
1997
1999
1889
1567
1205
1070
898
664
406
-70
-401
-606
-822
-783
-996
-1242
-1286
-1488
-1373
-1246
-1225
-1010
-1096
-1132
-1080
-1138
-985
-1014
-1051
-944
-1034
-1003
-949
-968
-769
-560
-475
-304
-195
-138
-14
-64
-22
-64
-146
52
-20
7
160
65
146
176
112
184
178
166
245
304
422
598
862
1299
1735
2096
2262
2175
2099
2187
2411
2671
2781
2712
2566
2494
2578
2619
2675
2614
2237
1858
1409
1005
681
236
-84
-447
-664
-610
-609
-448
-421
-608
-785
-1083
-1290
-1416
-1527
-1594
-1679
-1741
-1683
-1650
-1722
-1696
-1795
-1872
-1857
-1887
-1704
-1594
-1489
-1246
-1088
-791
-531
-415
-240
-224
-274
-301
-390
-301
-197
-26
394
603
786
1013
1018
1170
1286
1316
1389
1272
1239
1240
1231
1313
1193
946
672
341
13
-251
-498
-830
-1122
-1374
-1502
-1547
-1521
-1374
-1388
-1305
-1151
-1084
-989
-1047
-1056
-1040
-1032
-962
-980
-985
-981
-989
-945
-830
-683
-544
-427
-384
-395
-435
-422
-349
-297
-209
-122
-100
-63
-28
-19
98
192
205
279
216
207
429
717
1176
1574
1959
2359
2563
2810
2903
2927
3017
2935
2896
2774
2620
2602
2563
2656
2657
2405
2092
1695
1332
1022
726
399
13
-337
-587
-680
-761
-791
-896
-1151
-1323
-1553
-1671
-1753
-1875
-1889
-2005
-2009
-1946
-1919
-1830
-1787
-1762
-1801
-1855
-1849
-1808
-1695
-1460
-1228
-1071
-834
-584
-407
-230
-152
-170
-139
-80
53
324
614
865
1047
1125
1104
1047
1136
1291
1363
1418
1334
1166
1178
1246
1263
1187
914
554
197
-29
-115
-328
-570
-788
-1101
-1233
-1218
-1273
-1319
-1449
-1619
-1690
-1665
-1483
-1312
-1201
-1068
-1077
-1093
-1005
-977
-904
-857
-907
-875
-835
-750
-614
-575
-511
-512
-615
-655
-688
-641
-499
-464
-394
-240
-84
257
499
620
685
569
605
753
1079
1515
1890
2248
2470
2742
3002
3252
3519
3622
3554
3366
3113
2929
2932
2841
2754
2579
2173
1950
1672
1385
1146
669
217
-279
-655
-811
-1005
-1088
-1268
-1530
-1701
-1896
-2024
-2101
-2182
-2248
-2325
-2320
-2213
-2147
-2011
-1984
-2036
-1942
-1964
-1912
-1819
-1722
-1573
-1481
-1286
-1085
-793
-492
-235
-5
20
61
161
274
564
863
1051
1263
1298
1316
1389
1389
1571
1565
1468
1403
1171
1108
1139
1147
1072
847
575
321
108
-33
-112
-334
-557
-733
-945
-1050
-1124
-1243
-1396
-1551
-1619
-1656
-1594
-1404
-1303
-1214
-1091
-1089
-1055
-972
-946
-926
-950
-948
-932
-977
-919
-837
-841
-778
-706
-675
-650
-679
-652
-549
-431
-269
-131
4
187
339
509
689
801
939
1132
1381
1655
1903
2149
2345
2508
2683
2907
3118
3295
3405
3372
3330
3190
3091
2981
2721
2553
2199
1816
1567
1183
892
586
243
-19
-335
-512
-682
-940
-1119
-1382
-1626
-1803
-1954
-1982
-2038
-2065
-2116
-2201
-2190
-2227
-2190
-2149
-2199
-2181
-2194
-2111
-1905
-1739
-1538
-1391
-1266
-1058
-878
-667
-474
-357
-236
-146
-7
251
565
878
1117
1204
1219
1249
1286
1407
1474
1424
1294
1130
1147
1195
1224
1255
1055
782
529
304
148
-44
-227
-479
-740
-852
-938
-1000
-1022
-1083
-1225
-1362
-1439
-1510
-1474
-1388
-1340
-1275
-1210
-1114
-990
-844
-738
-650
-596
-624
-575
-574
-541
-467
-567
-602
-659
-703
-607
-543
-425
-341
-287
-165
-92
36
203
339
490
564
644
778
919
1186
1494
1748
2002
2154
2242
2394
2541
2684
2816
2863
2867
2839
2847
2899
2878
2786
2617
2310
1966
1697
1399
1110
841
463
148
-131
-389
-536
-736
-947
-1185
-1462
-1629
-1764
-1823
-1855
-2001
-2066
-2079
-2111
-2024
-1995
-2027
-2022
-2088
-2041
-1913
-1856
-1733
-1629
-1531
-1360
-1196
-1028
-896
-756
-617
-505
-292
-66
159
409
638
825
894
971
1048
1146
1314
1388
1408
1340
1232
1183
1132
1125
1054
853
665
525
418
367
273
80
-109
-311
-512
-648
-803
-952
-1049
-1146
-1279
-1340
-1336
-1352
-1272
-1185
-1142
-1145
-1184
-1109
-1032
-928
-815
-767
-679
-615
-540
-454
-433
-436
-477
-520
-520
-492
-471
-410
-340
-302
-233
-203
-88
67
165
303
357
408
485
589
835
1084
1360
1598
1718
1908
2083
2184
2357
2471
2526
2613
2633
2682
2753
2765
2786
2708
2548
2355
2091
1880
1675
1421
1175
833
513
284
36
-128
-333
-671
-978
-1287
-1525
-1649
-1775
-1846
-1933
-2043
-2039
-2043
-2033
-2004
-2093
-2160
-2193
-2223
-2111
-1984
-1870
-1713
-1610
-1479
-1324
-1181
-1008
-894
-759
-578
-401
-58
306
530
721
773
774
917
1095
1260
1347
1294
1198
1127
1128
1148
1071
967
800
563
460
361
252
157
9
-50
-204
-341
-407
-554
-602
-791
-1001
-1104
-1271
-1203
-1132
-1094
-977
-1034
-1039
-1007
-999
-918
-862
-837
-711
-585
-508
-334
-305
-291
-251
-305
-242
-285
-296
-246
-307
-206
-159
-162
-85
-76
-30
-8
49
159
146
179
279
330
497
638
725
976
1093
1286
1505
1513
1711
1750
1837
2101
2135
2260
2293
2251
2366
2347
2361
2364
2163
2056
1893
1682
1618
1402
1213
1064
769
561
333
54
-164
-449
-693
-899
-1204
-1369
-1462
-1601
-1605
-1705
-1852
-1889
-1988
-1980
-1918
-1967
-1950
-1947
-1947
-1826
-1753
-1683
-1565
-1477
-1323
-1141
-1011
-850
-664
-491
-229
1
113
229
310
502
740
893
1028
978
862
861
885
935
938
747
556
468
359
344
236
60
18
-86
-109
-155
-343
-464
-660
-763
-804
-931
-974
-1001
-957
-876
-838
-846
-891
-855
-766
-698
-663
-615
-569
-455
-224
-91
-27
8
-45
-22
70
119
90
-2
-13
28
103
207
211
202
216
175
168
161
138
179
231
295
348
293
258
366
490
603
660
630
684
786
945
1159
1220
1267
1356
1465
1668
1770
1797
1820
1797
1857
1884
1860
1851
1706
1588
1522
1356
1232
1065
847
695
511
346
110
-161
-306
-483
-626
-761
-977
-1162
-1314
-1357
-1373
-1413
-1436
-1571
-1687
-1717
-1733
-1702
-1683
-1670
-1637
-1617
-1554
-1412
-1238
-1058
-931
-851
-745
-598
-360
-83
117
214
191
186
249
389
543
554
515
422
345
367
318
251
143
-13
-68
-142
-216
-259
-362
-396
-443
-554
-630
-730
-767
-744
-759
-780
-845
-904
-864
-764
-647
-580
-558
-525
-516
-428
-274
-185
-93
-51
-6
90
123
223
275
288
389
357
336
328
318
444
468
480
508
437
439
447
461
483
450
443
408
414
446
393
385
392
404
484
534
598
670
682
732
776
858
1048
1157
1247
1334
1296
1365
1442
1460
1549
1500
1428
1387
1285
1271
1186
1035
901
698
565
454
287
111
-97
-298
-454
-575
-715
-852
-951
-1041
-1093
-1158
-1255
-1330
-1376
-1386
-1366
-1337
-1308
-1253
-1172
-1089
-1008
-923
-828
-743
-606
-463
-395
-321
-242
-109
18
67
69
2
1
20
28
45
-52
-124
-194
-243
-262
-392
-433
-480
-547
-525
-564
-601
-632
-647
-617
-602
-645
-707
-720
-711
-667
-657
-672
-657
-619
-532
-430
-346
-328
-316
-265
-212
-92
-37
-37
43
142
286
404
467
501
471
498
558
580
579
539
533
601
633
662
652
619
643
589
581
558
441
408
386
411
421
362
371
414
475
578
602
545
527
551
706
874
928
941
880
904
1032
1111
1139
1062
950
921
923
928
900
782
668
588
505
452
334
179
78
-40
-130
-248
-376
-403
-433
-465
-542
-689
-781
-836
-815
-751
-769
-767
-723
-716
-661
-611
-658
-685
-706
-680
-567
-529
-493
-478
-503
-444
-434
-442
-409
-445
-464
-459
-506
-485
-462
-484
-433
-455
-496
-502
-562
-532
-551
-644
-658
-708
-682
-589
-579
-502
-475
-536
-509
-535
-518
-426
-474
-425
-346
-367
-258
-182
-147
-83
-76
-5
41
63
127
137
213
333
384
457
491
514
597
618
628
629
582
552
565
601
616
634
614
618
620
584
601
519
430
400
339
354
369
356
368
372
452
507
462
483
450
435
566
624
681
693
607
643
702
745
782
692
608
563
539
577
525
428
390
315
283
276
190
101
2
-75
-118
-198
-260
-292
-303
-250
-252
-295
-335
-400
-374
-321
-303
-294
-341
-367
-340
-312
-309
-365
-445
-499
-518
-498
-485
-499
-541
-574
-557
-553
-560
-563
-609
-640
-678
-725
-703
-693
-703
-651
-652
-678
-668
-698
-657
-597
-586
-565
-599
-577
-494
-445
-363
-327
-344
-324
-309
-275
-226
-209
-187
-149
-125
-74
-21
-8
46
94
91
122
151
186
253
301
364
389
402
462
489
535
547
515
550
526
501
529
504
499
483
468
504
503
514
519
498
520
496
473
497
504
560
594
608
611
547
541
557
593
648
607
558
526
498
527
528
460
389
330
307
311
301
279
202
120
65
32
28
-4
-46
-89
-114
-108
-130
-128
-144
-198
-215
-248
-270
-260
-283
-315
-321
-349
-355
-338
-371
-374
-381
-414
-419
-462
-501
-511
-531
-521
-510
-534
-540
-535
-546
-526
-520
-524
-531
-587
-563
-518
-502
-442
-451
-447
-435
-457
-408
-389
-382
-360
-365
-316
-281
-250
-214
-212
-183
-157
-127
-76
-74
-69
-30
-19
7
32
37
68
94
130
154
149
165
174
194
235
243
236
255
292
329
361
368
381
388
383
417
416
418
423
404
430
427
443
464
447
466
454
466
477
457
462
446
447
456
466
457
436
454
433
407
398
346
317
297
279
283
260
236
193
140
127
107
89
60
14
-10
-38
-44
-53
-85
-100
-123
-142
-157
-190
-193
-212
-242
-235
-267
-290
-307
-339
-327
-334
-345
-356
-389
-394
-383
-367
-365
-381
-385
-389
-391
-376
-362
-378
-379
-375
-393
-364
-347
-354
-328
-344
-344
-309
-293
-251
-241
-253
-250
-246
-218
-190
-187
-196
-191
-183
-172
-155
-143
-136
-127
-91
-88
-90
-53
-42
-11
26
38
47
67
101
121
133
159
183
183
198
245
270
282
294
292
292
303
332
344
331
327
333
344
357
360
374
378
345
344
369
374
383
379
357
341
329
331
323
297
289
288
275
256
230
209
203
203
195
178
153
111
89
87
78
31
-16
-26
-48
-39
-33
-65
-84
-123
-147
-152
-158
-159
-171
-185
-211
-223
-215
-215
-218
-223
-228
-253
-274
-279
-273
-249
-255
-268
-278
-288
-262
-263
-261
-259
-294
-271
-249
-239
-220
-215
-191
-209
-216
-204
-215
-201
-212
-201
-182
-189
-164
-148
-129
-103
-92
-64
-59
-52
-35
-19
4
16
30
37
30
39
58
75
76
72
73
75
82
90
118
123
118
131
119
125
120
105
116
100
107
113
105
135
135
139
162
148
142
149
163
186
189
176
179
187
192
209
227
233
228
218
216
215
206
197
186
178
181
186
181
170
165
152
131
106
90
84
63
64
65
46
35
20
25
16
-4
-25
-56
-64
-70
-72
-68
-78
-89
-104
-119
-115
-129
-146
-159
-184
-178
-175
-184
-174
-171
-173
-182
-183
-175
-178
-185
-169
-155
-165
-167
-165
-154
-146
-148
-144
-143
-149
-148
-140
-142
-135
-139
-138
-123
-128
-115
-109
-117
-114
-104
-90
-86
-66
-57
-50
-34
-36
-23
-12
-16
11
19
10
31
30
39
56
61
71
63
67
79
78
92
102
106
103
103
104
97
95
95
93
96
97
92
97
103
98
101
103
95
101
108
101
100
102
96
96
106
117
124
115
103
104
108
116
119
126
131
115
110
111
99
87
86
82
67
70
67
50
60
53
47
42
23
27
8
0
7
-12
-19
-28
-41
-50
-63
-65
-68
-82
-94
-93
-94
-92
-86
-91
-97
-114
-124
-106
-118
-132
-120
-131
-134
-125
-124
-117
-123
-111
-96
-107
-100
-96
-99
-95
-99
-96
-92
-108
-104
-95
-99
-90
-91
-108
-103
-90
-84
-72
-71
-79
-75
-76
-68
-50
-44
-36
-23
-24
-18
3
19
35
50
62
65
77
95
96
108
110
101
113
114
110
115
110
102
100
96
91
70
64
55
31
48
28
11
28
6
9
19
17
16
7
11
22
26
29
41
46
50
41
46
69
58
61
74
61
65
90
88
83
82
68
70
64
54
47
38
39
38
42
42
44
43
38
36
39
41
38
44
38
32
33
29
29
29
23
4
-7
-4
-21
-12
-11
-29
-19
-33
-46
-38
-53
-77
-75
-88
-88
-96
-101
-94
-99
-98
-104
-108
-118
-129
-129
-122
-127
-128
-120
-119
-115
-110
-113
-116
-113
-106
-110
-103
-88
-85
-76
-57
-49
-43
-31
-24
-25
-16
-5
-3
2
17
24
45
56
46
65
68
52
63
70
66
74
83
66
71
90
74
84
87
58
48
40
41
49
38
26
22
27
23
14
17
15
4
-3
-5
-1
-11
-16
10
-8
-13
8
-17
-22
-16
-17
-4
0
-6
-8
3
8
12
11
13
29
31
21
36
59
59
60
70
78
80
82
81
86
86
74
80
76
66
79
72
51
45
44
27
10
14
11
-12
-12
-18
-37
-48
-66
-67
-72
-91
-89
-86
-87
-98
-98
-89
-99
0
0
0
0
0
0
0
0
0
0
0
0
0
0
0
0
0
0
0
0
0
0
0
0
0
0
0
0
0
0
0
0
0
0
0
0
0
0
0
0
0
0
0
0
0
0
0
0
0
0
0
0
0
0
0
0
0
0
0
0
0
0
0
0
0
0
0
0
0
0
0
0
0
0
0
0
0
0
0
0
0
0
0
0
0
0
0
0
0
0
0
0
0
0
0
0
0
0
0
0
0
0
0
0
0
0
0
0
0
0
0
0
0
0
0
0
0
0
0
0
0
0
0
0
0
0
0
0
0
0
0
0
0
0
0
0
0
0
0
0
0
0
0
0
0
0
0
0
0
0
0
0
0
0
0
0
0
0
0
0
0
0
0
0
0
0
0
0
0
0
0
0
0
0
0
0
0
0
0
0
0
0
0
0
0
0
0
0
0
0
0
0
0
0
0
0
0
0
0
0
0
0
0
0
0
0
0
0
0
0
0
0
0
0
0
0
0
0
0
0
0
0
0
0
0
0
0
0
0
0
0
0
0
0
0
0
0
0
0
0
0
0
0
0
0
0
0
0
0
0
0
0
0
0
0
0
0
0
0
0
0
0
0
0
0
0
0
0
0
0
0
0
0
0
0
0
0
0
0
0
0
0
0
0
0
0
0
0
0
0
0
0
0
0
0
0
0
0
0
0
0
0
0
0
0
0
0
0
0
0
0
0
0
0
0
0
0
0
0
0
0
0
0
0
0
0
0
0
0
0
0
0
0
0
0
0
0
0
0
0
0
0
0
0
0
0
0
0
0
0
0
0
0
0
0
0
0
0
0
0
0
0
0
0
0
0
0
0
0
0
0
0
0
0
0
0
0
0
0
0
0
0
0
0
0
0
0
0
0
0
0
0
0
0
0
0
0
0
0
0
