0
0
0
0
0
0
0
0
0
0
0
0
0
0
0
0
0
0
0
0
0
0
0
0
0
0
0
0
0
0
0
0
0
0
0
0
0
0
0
0
0
0
0
0
0
0
0
0
0
0
0
0
0
0
0
0
0
0
0
0
0
0
0
0
0
0
0
0
0
0
0
0
0
0
0
0
0
0
0
0
0
0
0
0
0
0
0
0
0
0
0
0
0
0
0
0
0
0
0
0
0
0
0
0
0
0
0
0
0
0
0
0
0
0
0
0
0
0
0
0
0
0
0
0
0
0
0
0
0
0
0
0
0
0
0
0
0
0
0
0
0
0
0
0
0
0
0
0
0
0
0
0
0
0
0
0
0
0
0
0
0
0
0
0
0
0
0
0
0
0
0
0
0
0
0
0
0
0
0
0
0
0
0
0
0
0
0
0
0
0
0
0
0
0
0
0
0
0
0
0
0
0
0
0
0
0
0
0
0
0
0
0
0
0
0
0
0
0
0
0
0
0
0
0
0
0
0
0
0
0
0
0
0
0
0
0
0
0
0
0
0
0
0
0
0
0
0
0
0
0
0
0
0
0
0
0
0
0
0
0
0
0
0
0
0
0
0
0
0
0
0
0
0
0
0
0
0
0
0
0
0
0
0
0
0
0
0
0
0
0
0
0
0
0
0
0
0
0
0
0
0
0
0
0
0
0
0
0
0
0
0
0
0
0
0
0
0
0
0
0
0
0
0
0
0
0
0
0
0
0
0
0
0
0
0
0
0
0
0
0
0
0
0
0
0
0
0
0
0
0
0
0
0
0
0
0
0
0
0
0
0
0
0
0
0
0
0
0
0
0
0
0
0
0
0
0
0
0
0
0
0
0
0
0
0
0
0
0
0
0
0
0
0
0
0
0
151
385
343
2
-323
-311
158
638
640
40
-631
-725
-93
724
732
-83
-951
-1056
-277
515
611
-162
-948
-944
-276
521
447
-309
-851
-745
45
520
335
-282
-733
-565
112
614
370
17
-392
-159
263
475
586
294
276
351
532
526
517
532
483
526
391
413
350
267
158
20
13
20
69
70
-204
-424
-445
-275
-82
-286
-448
-832
-810
-566
-333
-260
-516
-485
-375
-116
-96
-50
-188
-221
12
2
137
165
163
68
-167
-129
185
445
434
147
-121
-73
227
548
574
189
-210
-168
190
433
417
65
-187
-61
65
197
72
-81
-148
-118
92
-23
-126
-241
-285
-192
-211
-135
-159
-76
-98
-200
-158
-185
-119
7
151
157
30
-48
-59
53
282
236
89
-137
-87
87
189
484
311
199
-76
-235
8
258
403
15
-211
-411
-216
149
112
-9
-497
-551
-224
20
205
-97
-295
-380
-226
119
79
-28
-265
-146
58
75
106
-208
-164
-46
-52
-30
-308
-323
-309
-107
25
-161
-311
-653
-566
-353
-93
15
-264
-401
-568
-350
-141
-97
-181
-505
-487
-417
-204
-78
-180
-147
-161
15
126
132
147
59
319
578
647
607
348
328
560
889
1077
1069
1071
1013
1106
1213
1334
1391
1223
1282
1431
1591
1510
1204
1055
919
1000
986
832
673
462
386
177
-18
-109
-105
-31
-63
-278
-605
-923
-1201
-1267
-1289
-1266
-1373
-1630
-1773
-1922
-1932
-2048
-2258
-2409
-2552
-2438
-2326
-2297
-2163
-2171
-2313
-2325
-2312
-2317
-2313
-2275
-2012
-1656
-1469
-1438
-1416
-1365
-1095
-737
-526
-428
-586
-587
-358
-79
295
609
1173
1893
2557
3175
3580
3973
4519
5179
5780
6142
6202
6139
6274
6503
6487
6134
5494
4687
4095
3650
3041
2385
1541
626
20
-547
-1142
-1925
-2920
-3595
-4088
-4267
-4387
-4717
-4741
-4809
-4616
-4244
-3999
-3587
-3379
-2820
-1984
-1144
-188
418
961
1381
1778
2257
2425
2548
2640
2756
2854
2682
2344
1816
1322
947
461
-122
-759
-1591
-2423
-2991
-3560
-3970
-4313
-4627
-4732
-4966
-5171
-5328
-5423
-5201
-4745
-4306
-4015
-3868
-3812
-3672
-3578
-3407
-3238
-3197
-2829
-2370
-1906
-1550
-1505
-1365
-1267
-1018
-635
-284
524
1679
3329
5158
6630
7852
8684
9494
10303
10909
11334
11324
11335
11628
11883
11894
11348
10445
9352
7978
6615
5067
3374
1604
-47
-1096
-1970
-2904
-4194
-5599
-6762
-7761
-8480
-9179
-9749
-10295
-10402
-10101
-9528
-8786
-8267
-7488
-6794
-5714
-4592
-3747
-2816
-2186
-1065
40
1298
2715
3777
5065
5963
6933
7798
8170
8536
8455
8382
8029
7222
6438
5367
4350
3225
2113
1182
12
-1148
-2327
-3432
-4405
-5477
-6485
-7248
-7945
-8509
-8827
-9083
-9131
-9234
-9313
-9114
-8862
-8515
-8228
-7722
-6974
-6302
-5417
-4515
-3714
-2886
-2120
-1254
-567
-143
248
538
880
1072
1376
2153
3208
4713
6364
7890
9201
10272
11443
12590
13433
13559
13248
13081
13020
13180
12993
12441
11647
10480
9484
8075
6598
4734
2500
709
-1215
-2501
-3882
-5287
-6336
-7599
-8368
-9312
-10286
-11002
-11844
-12124
-12244
-11998
-11377
-10679
-9635
-8599
-7186
-5955
-4745
-3590
-2705
-1412
-428
812
1809
2572
3881
4674
5692
6567
7116
7793
8089
8755
9348
9492
9472
9083
8879
8398
7306
6241
4736
2996
1428
-226
-1701
-3384
-5054
-6144
-6914
-7455
-7914
-8597
-8981
-9062
-9487
-9654
-10010
-10277
-10201
-9983
-9178
-8594
-8218
-7696
-6956
-5879
-5075
-4517
-3728
-3034
-1995
-926
9
868
1122
1406
1720
1934
1942
1874
2167
2821
3858
5301
6874
8325
9982
11415
12964
14361
14812
15106
14602
14116
13924
13057
12441
11448
10428
9743
8611
7585
5995
4148
2532
467
-1274
-3309
-5622
-7330
-8908
-9775
-10529
-11311
-11782
-12442
-12530
-12334
-12115
-11986
-11884
-11305
-10521
-9274
-8038
-6707
-5187
-3779
-1946
-382
1101
2050
2609
3842
4397
4969
5383
5622
6430
6591
7371
8031
8163
8447
8252
8704
8598
7927
7439
6326
5510
4394
3111
2070
383
-1084
-2510
-3896
-4891
-6288
-7383
-8174
-8728
-8842
-9062
-8946
-8825
-8710
-8415
-8400
-8332
-8388
-8476
-8244
-7753
-7035
-6319
-5489
-4488
-3475
-2573
-1761
-939
-351
3
359
825
1032
812
681
812
1210
1775
2857
4326
5878
7496
9078
11231
12985
14152
15017
15373
15519
14809
14277
13672
12558
11509
10395
9993
9056
7779
6658
5092
3745
1616
-440
-2439
-5028
-7057
-9152
-10320
-11376
-12695
-12931
-13261
-13114
-13012
-13054
-12528
-12262
-11620
-10736
-9787
-8696
-7761
-6495
-4823
-3128
-1500
54
1333
2648
3888
4893
5795
6198
6641
6967
7294
7743
7675
7870
7942
8197
8507
8352
8455
7963
7587
7091
6130
5305
3691
2224
690
-943
-2184
-3961
-5277
-6441
-7533
-7960
-8509
-8693
-8881
-9034
-8700
-8496
-8321
-8347
-8542
-8591
-8658
-8614
-8339
-8030
-7293
-6259
-5046
-3708
-2864
-1932
-1061
-248
644
1027
1222
1184
1048
1022
1192
1586
2191
3053
4352
6056
7640
9376
10912
12306
13708
14640
15332
15420
15111
14723
14129
13335
12251
10943
9633
8491
7226
5949
4453
2766
1042
-983
-2687
-4563
-6643
-8402
-10225
-11422
-12479
-13419
-13771
-14239
-14083
-13687
-13201
-12186
-11420
-10352
-9151
-8013
-6585
-5510
-4295
-3021
-1876
-502
703
1944
3345
4530
5548
6541
7035
7595
7697
7668
7877
7482
7545
7291
7115
7203
6752
6813
6710
6510
6344
5650
5047
4020
2822
1611
83
-1372
-3085
-4581
-5737
-6832
-7556
-8177
-8497
-8537
-8534
-8166
-7936
-7719
-7472
-7428
-7268
-7402
-7522
-7633
-7736
-7283
-6619
-5643
-4533
-3394
-2134
-1053
-22
810
1257
1371
1263
1038
696
353
173
385
1057
2241
3878
5651
7494
9407
11351
13128
14511
15343
15705
15587
14919
14069
12770
11382
10006
8637
7859
6817
5826
4695
3284
2090
338
-1230
-3104
-5244
-7008
-9109
-10585
-11992
-13341
-13943
-14561
-14300
-13695
-13063
-11897
-11014
-9800
-8560
-7529
-6280
-5433
-4470
-3469
-2555
-1401
-388
860
2337
3733
5120
6337
7216
7892
8256
8256
8294
7941
7449
7064
6550
6341
6004
5832
5935
5923
6052
5835
5521
4995
3943
2909
1445
-257
-2003
-3871
-5260
-6513
-7502
-8018
-8455
-8380
-8015
-7702
-7170
-6966
-6850
-6682
-6887
-6937
-7321
-7688
-7719
-7686
-7032
-6335
-5384
-4270
-3157
-1808
-706
308
919
1214
1327
1186
983
584
193
30
256
969
2107
3517
5242
7115
9144
11169
12859
14199
14863
15199
15047
14457
13579
12148
10855
9389
8085
6994
5673
4783
3629
2673
1807
381
-900
-2785
-4657
-6512
-8572
-10087
-11859
-13111
-13909
-14416
-14175
-13859
-12903
-11746
-10499
-8909
-7654
-6401
-5387
-4507
-3532
-2782
-1927
-1018
-103
932
2118
3335
4563
5687
6680
7624
8104
8503
8591
8260
7808
7024
6459
5776
5107
4708
4351
4291
4090
3984
3932
3658
3294
2587
1771
621
-848
-2231
-3665
-4921
-6090
-6975
-7390
-7700
-7620
-7341
-6942
-6457
-6168
-5753
-5547
-5521
-5579
-5825
-5961
-6197
-6224
-6040
-5739
-5096
-4292
-3282
-2318
-1362
-416
243
719
984
1017
744
329
-6
-182
-77
321
1224
2541
4127
5961
7963
10103
11920
13417
14557
15058
15122
14571
13618
12443
10940
9480
8156
6942
5827
4829
3961
3100
2137
1003
-201
-1676
-3376
-5106
-6936
-8646
-10368
-11846
-12859
-13550
-13695
-13478
-12879
-11933
-10825
-9440
-7992
-6660
-5434
-4349
-3460
-2680
-1985
-1350
-727
-86
674
1570
2537
3480
4521
5495
6309
7135
7594
7832
7728
7251
6938
6267
5662
5127
4508
4400
4128
4107
4145
3944
3887
3404
2982
2265
1069
-77
-1542
-2880
-4161
-5453
-6277
-6999
-7387
-7404
-7332
-6947
-6661
-6270
-5780
-5575
-5353
-5467
-5719
-5997
-6381
-6425
-6475
-6268
-5707
-5028
-4032
-3084
-2037
-996
-237
523
958
1149
1113
791
700
638
821
1406
2238
3632
5164
6999
9112
10977
12768
14142
15217
15809
15609
15097
14001
12550
10965
9251
7729
6024
4525
3349
2141
1161
82
-912
-1973
-3358
-4601
-6096
-7653
-9250
-10850
-12001
-13072
-13707
-13989
-13933
-13300
-12427
-11057
-9575
-8077
-6494
-5086
-3646
-2513
-1587
-834
-279
251
696
1359
1932
2631
3477
4384
5476
6191
7082
7765
8113
8394
8235
8144
7608
6940
6475
5881
5426
4840
4434
4149
3706
3341
2836
2204
1371
324
-708
-1893
-3197
-4464
-5685
-6692
-7464
-8073
-8376
-8496
-8447
-8189
-7909
-7438
-7032
-6725
-6333
-6090
-5919
-5865
-5785
-5628
-5375
-4945
-4377
-3660
-2888
-1914
-982
-118
726
1356
1911
2181
2326
2457
2455
2646
3035
3718
4707
5807
7259
8839
10397
11968
13202
14252
14793
14827
14607
13687
12463
10891
9172
7583
5675
4055
2572
1142
-1
-1244
-2177
-3228
-4398
-5326
-6456
-7482
-8732
-9993
-10907
-11891
-12470
-12885
-12997
-12550
-12006
-10936
-9670
-8316
-6778
-5375
-3819
-2373
-1165
-138
721
1436
2064
2693
3164
3707
4176
4814
5592
6101
6782
7226
7598
8002
8093
8266
7958
7560
7229
6591
6121
5298
4556
3876
2925
2249
1227
268
-690
-1949
-2873
-3985
-4991
-5929
-7008
-7593
-8191
-8571
-8660
-8774
-8533
-8330
-7954
-7453
-7182
-6741
-6389
-5990
-5570
-5283
-4772
-4381
-3862
-3149
-2460
-1598
-921
-127
685
1274
1948
2291
2598
2802
2850
3123
3202
3496
3987
4559
5492
6377
7559
8828
9906
11087
11919
12618
12898
12616
12304
11406
10339
9050
7502
6153
4351
2887
1549
154
-908
-2204
-3024
-3898
-4864
-5568
-6521
-7201
-8107
-8942
-9451
-10171
-10584
-10965
-11038
-10796
-10581
-9769
-8798
-7664
-6317
-4997
-3415
-2136
-957
241
1187
2075
2662
3297
3795
4107
4530
4842
5324
5671
6058
6517
6687
6948
6992
6952
6836
6441
6197
5757
5195
4685
3928
3202
2276
1300
487
-590
-1551
-2547
-3519
-4315
-5210
-5787
-6354
-6777
-6937
-7112
-7067
-7130
-7049
-6878
-6811
-6540
-6354
-6080
-5837
-5607
-5166
-4831
-4332
-3755
-3112
-2343
-1649
-861
-219
380
994
1458
1883
2197
2485
2700
2762
2871
3033
3214
3551
4020
4709
5492
6221
7229
8161
8956
9767
10294
10728
10711
10459
10171
9283
8354
7265
6069
4897
3420
2283
1081
-175
-1226
-2303
-3049
-3929
-4760
-5351
-6072
-6672
-7379
-7933
-8296
-8828
-9105
-9240
-9220
-9021
-8749
-8023
-7220
-6416
-5349
-4230
-3037
-2003
-976
137
955
1728
2420
2972
3430
3682
4076
4399
4577
4827
4968
5207
5287
5309
5517
5455
5461
5385
5247
5174
4699
4397
3946
3215
2601
1679
918
-34
-1104
-1862
-2920
-3690
-4420
-5135
-5542
-6147
-6356
-6607
-6829
-6726
-6826
-6631
-6503
-6316
-5891
-5749
-5411
-5057
-4742
-4301
-3991
-3445
-2835
-2356
-1674
-893
-134
563
1196
1919
2517
2869
3267
3534
3587
3556
3478
3458
3396
3436
3652
3998
4490
5098
5836
6551
7299
7950
8410
8745
8756
8612
8193
7514
6734
5667
4587
3370
2101
983
-222
-1183
-2025
-2727
-3243
-3809
-4090
-4436
-4815
-5093
-5585
-5952
-6415
-6853
-7119
-7482
-7573
-7583
-7426
-6937
-6435
-5666
-4725
-3687
-2592
-1571
-441
554
1325
2003
2645
3061
3208
3373
3503
3589
3533
3596
3769
3823
3961
4110
4373
4518
4558
4672
4650
4577
4275
3920
3520
2862
2137
1313
566
-225
-1104
-1824
-2536
-3157
-3774
-4344
-4757
-5138
-5371
-5570
-5660
-5613
-5559
-5436
-5276
-5038
-4853
-4731
-4463
-4126
-3862
-3613
-3264
-2778
-2267
-1798
-1191
-512
59
637
1187
1781
2219
2377
2670
2860
2834
2706
2502
2462
2269
2090
2227
2431
2792
3183
3808
4697
5382
6046
6705
7254
7610
7609
7497
7238
6622
5782
4912
4002
2934
1838
940
133
-733
-1487
-2021
-2446
-2874
-3295
-3603
-3903
-4309
-4742
-5148
-5534
-5927
-6274
-6472
-6515
-6460
-6245
-5827
-5241
-4537
-3788
-2856
-1902
-1011
-129
587
1266
1716
2038
2322
2412
2545
2539
2526
2625
2688
2776
2833
2976
3166
3252
3327
3461
3575
3564
3437
3300
3153
2835
2409
1999
1565
1034
398
-244
-854
-1510
-2226
-2866
-3379
-3873
-4368
-4705
-4860
-4985
-5096
-5061
-4874
-4689
-4536
-4277
-3937
-3673
-3472
-3189
-2819
-2500
-2254
-1925
-1489
-1121
-810
-388
107
548
968
1411
1823
2126
2298
2402
2438
2327
2128
1952
1793
1686
1685
1794
2039
2450
2977
3565
4229
4946
5593
6049
6337
6507
6460
6091
5541
4950
4212
3297
2370
1557
753
-107
-821
-1288
-1722
-2160
-2434
-2619
-2772
-3029
-3277
-3411
-3696
-3988
-4268
-4454
-4584
-4776
-4697
-4503
-4222
-3848
-3384
-2651
-2039
-1424
-683
-47
511
878
1290
1606
1674
1762
1792
1781
1639
1532
1590
1562
1545
1609
1750
1920
2044
2206
2417
2529
2558
2568
2513
2367
2071
1703
1309
831
271
-322
-916
-1517
-2156
-2726
-3129
-3493
-3708
-3831
-3855
-3733
-3676
-3481
-3274
-3119
-2986
-2911
-2709
-2658
-2649
-2556
-2454
-2277
-2145
-1880
-1453
-1074
-705
-265
201
619
948
1207
1413
1516
1552
1491
1336
1149
934
793
725
691
823
1122
1505
2051
2712
3379
4095
4807
5407
5837
6110
6238
6177
5877
5449
4976
4364
3588
2810
2138
1395
687
96
-424
-794
-1221
-1554
-1800
-2057
-2278
-2615
-2834
-3138
-3527
-3768
-4062
-4218
-4350
-4435
-4261
-4074
-3779
-3400
-2924
-2331
-1905
-1355
-783
-403
-7
231
482
656
622
696
704
685
692
703
838
935
1045
1250
1473
1706
1894
2074
2276
2377
2379
2388
2324
2166
1931
1626
1317
948
459
-39
-451
-845
-1277
-1654
-1902
-2099
-2323
-2510
-2592
-2620
-2685
-2729
-2655
-2549
-2529
-2515
-2398
-2284
-2282
-2271
-2128
-1949
-1840
-1699
-1446
-1192
-1018
-816
-516
-224
-32
134
341
509
563
561
578
575
524
499
558
688
868
1138
1526
2014
2531
3093
3703
4302
4832
5223
5519
5716
5751
5549
5216
4842
4252
3574
2888
2198
1559
879
301
-175
-616
-982
-1299
-1526
-1746
-1977
-2188
-2402
-2632
-2894
-3151
-3375
-3553
-3723
-3807
-3740
-3684
-3528
-3227
-2914
-2538
-2177
-1724
-1224
-874
-506
-183
98
299
369
507
560
561
569
577
675
689
768
958
1145
1366
1531
1779
1997
2120
2262
2325
2368
2279
2100
1894
1595
1270
836
389
-24
-443
-873
-1313
-1634
-1883
-2124
-2282
-2313
-2299
-2326
-2338
-2255
-2206
-2248
-2245
-2214
-2233
-2334
-2412
-2363
-2328
-2307
-2181
-1913
-1592
-1359
-1041
-644
-376
-131
94
303
446
426
440
445
357
296
277
342
442
643
1010
1457
1964
2495
3067
3651
4194
4671
5033
5298
5423
5382
5206
4901
4505
4010
3467
2878
2285
1733
1169
664
183
-243
-566
-932
-1215
-1431
-1713
-1991
-2256
-2468
-2734
-3020
-3199
-3373
-3525
-3624
-3610
-3508
-3416
-3188
-2856
-2508
-2144
-1770
-1322
-932
-628
-278
34
214
307
401
462
448
423
435
516
588
661
842
1060
1270
1506
1776
2045
2209
2321
2415
2422
2377
2237
2053
1833
1525
1171
737
342
-4
-397
-737
-1033
-1278
-1528
-1795
-1913
-2017
-2167
-2257
-2279
-2255
-2339
-2432
-2397
-2388
-2406
-2428
-2372
-2240
-2205
-2150
-1968
-1719
-1556
-1454
-1139
-820
-718
-592
-357
-139
-60
-13
125
216
197
192
296
402
462
615
932
1306
1663
2086
2629
3183
3616
4020
4458
4798
4951
5013
5037
4881
4555
4110
3644
3174
2563
1961
1428
915
399
-96
-449
-755
-1062
-1305
-1500
-1718
-1958
-2213
-2452
-2656
-2899
-3119
-3252
-3330
-3401
-3403
-3294
-3134
-2871
-2564
-2228
-1808
-1403
-1066
-735
-382
-103
54
185
352
448
425
435
540
607
596
641
805
996
1119
1322
1630
1875
2054
2183
2360
2465
2396
2336
2250
2071
1746
1368
1068
670
207
-168
-496
-841
-1213
-1496
-1696
-1922
-2087
-2197
-2269
-2298
-2376
-2397
-2392
-2424
-2408
-2424
-2413
-2337
-2287
-2191
-2049
-1885
-1684
-1475
-1245
-1001
-742
-509
-294
-71
114
238
305
361
416
410
370
365
399
459
546
719
1003
1281
1584
2028
2482
2849
3240
3666
4006
4198
4320
4415
4375
4164
3893
3595
3201
2714
2217
1740
1234
729
265
-150
-509
-861
-1177
-1410
-1641
-1888
-2099
-2292
-2466
-2634
-2812
-2913
-2935
-2979
-2991
-2897
-2754
-2586
-2360
-2082
-1768
-1465
-1179
-842
-511
-283
-72
160
322
389
451
521
547
569
590
662
779
829
920
1081
1236
1404
1567
1766
1925
2003
2086
2110
2067
1960
1786
1582
1294
965
613
213
-165
-545
-913
-1217
-1493
-1699
-1889
-2054
-2152
-2239
-2260
-2286
-2305
-2266
-2269
-2219
-2155
-2090
-1982
-1903
-1749
-1547
-1382
-1200
-982
-748
-553
-338
-113
58
200
304
415
469
458
453
425
372
273
231
262
266
330
493
724
1003
1289
1637
2025
2380
2736
3051
3330
3555
3645
3678
3625
3437
3173
2858
2514
2095
1644
1229
797
376
-30
-385
-654
-930
-1169
-1339
-1490
-1655
-1830
-1925
-2018
-2126
-2179
-2234
-2239
-2228
-2203
-2109
-2002
-1843
-1655
-1425
-1170
-957
-721
-502
-311
-151
-31
102
195
258
293
313
340
332
344
374
445
544
636
772
928
1115
1282
1403
1562
1697
1770
1780
1726
1645
1453
1190
945
655
331
-6
-343
-647
-966
-1251
-1475
-1672
-1789
-1879
-1940
-1944
-1935
-1899
-1880
-1801
-1651
-1602
-1526
-1371
-1253
-1159
-1039
-862
-706
-561
-394
-221
-51
43
147
276
327
357
386
361
307
244
144
62
4
-71
-91
-39
26
135
303
513
777
1073
1400
1738
2054
2368
2639
2857
3021
3127
3130
3019
2898
2669
2345
2035
1651
1266
897
531
203
-129
-384
-612
-821
-967
-1094
-1195
-1314
-1399
-1470
-1566
-1653
-1732
-1798
-1847
-1862
-1846
-1798
-1727
-1629
-1490
-1319
-1129
-937
-736
-526
-327
-160
-30
47
130
179
169
207
217
201
211
238
315
394
498
654
843
1021
1183
1341
1442
1502
1542
1519
1428
1293
1107
849
547
246
-52
-367
-665
-903
-1108
-1279
-1416
-1508
-1560
-1604
-1594
-1537
-1471
-1413
-1374
-1296
-1205
-1150
-1077
-976
-875
-777
-668
-533
-420
-321
-181
-57
69
182
265
345
390
409
388
348
278
167
46
-73
-164
-252
-289
-288
-252
-145
-3
187
439
743
1044
1364
1704
1999
2246
2430
2568
2642
2639
2569
2418
2215
1960
1682
1386
1069
784
530
291
89
-77
-238
-369
-466
-572
-670
-783
-882
-978
-1109
-1197
-1291
-1392
-1453
-1483
-1482
-1473
-1437
-1378
-1289
-1163
-1036
-882
-730
-616
-494
-393
-315
-243
-207
-174
-149
-148
-140
-109
-74
-31
79
202
320
480
636
797
965
1104
1219
1283
1304
1290
1201
1056
891
673
429
201
-58
-294
-496
-706
-858
-973
-1073
-1121
-1126
-1122
-1092
-1058
-1028
-967
-946
-900
-843
-819
-766
-724
-642
-569
-499
-398
-329
-192
-81
-10
108
182
234
277
280
257
193
113
20
-89
-204
-307
-371
-421
-452
-437
-368
-255
-112
77
316
572
829
1106
1389
1642
1860
2045
2180
2247
2260
2230
2148
2004
1819
1617
1387
1132
885
663
444
235
63
-75
-191
-296
-387
-475
-556
-625
-691
-762
-843
-930
-1005
-1058
-1095
-1127
-1138
-1124
-1092
-1050
-991
-904
-803
-704
-618
-540
-464
-405
-364
-333
-317
-310
-308
-314
-293
-249
-183
-93
-6
140
299
416
554
692
816
881
935
987
934
876
811
669
507
325
162
-13
-214
-362
-508
-643
-734
-819
-869
-881
-905
-924
-909
-876
-861
-858
-826
-779
-747
-702
-629
-540
-465
-386
-272
-165
-81
21
111
181
242
266
268
261
235
176
94
20
-65
-165
-215
-254
-317
-330
-323
-290
-220
-136
11
151
311
523
706
915
1118
1298
1464
1586
1697
1754
1774
1774
1698
1610
1483
1304
1161
991
800
637
507
363
214
138
42
-48
-119
-199
-251
-342
-414
-488
-581
-662
-738
-793
-872
-899
-912
-940
-916
-903
-871
-835
-793
-744
-718
-648
-589
-537
-467
-424
-358
-300
-238
-158
-78
16
96
190
282
356
460
540
593
644
683
708
689
652
589
476
353
224
100
-38
-193
-342
-473
-591
-723
-802
-846
-916
-934
-929
-950
-954
-923
-873
-851
-798
-705
-625
-541
-472
-388
-277
-199
-125
-38
60
132
176
251
306
336
361
363
377
361
327
299
259
220
176
148
127
132
148
142
194
254
289
345
394
467
534
579
653
711
767
814
857
896
908
925
908
866
832
782
721
637
564
484
398
331
234
155
119
70
4
-45
-50
-82
-138
-154
-193
-240
-274
-340
-399
-417
-463
-542
-588
-615
-660
-689
-673
-646
-621
-574
-511
-443
-376
-274
-171
-94
-9
54
98
130
156
183
183
175
173
150
128
113
89
75
37
-7
-39
-82
-133
-197
-255
-323
-383
-426
-486
-537
-577
-594
-607
-605
-588
-572
-524
-491
-453
-387
-331
-275
-224
-164
-104
-67
-37
-9
23
46
64
76
72
86
100
106
117
123
127
121
128
145
154
178
192
213
228
230
267
294
298
311
335
364
366
363
399
420
409
426
449
456
450
451
441
410
416
414
375
338
309
289
271
250
237
228
222
219
202
194
196
195
191
147
142
131
77
59
27
-11
-35
-87
-131
-168
-211
-243
-268
-294
-308
-301
-300
-302
-291
-279
-274
-254
-252
-254
-217
-229
-245
-210
-231
-254
-231
-216
-223
-233
-227
-229
-224
-216
-243
-243
-235
-236
-240
-264
-254
-247
-258
-244
-229
-215
-210
-178
-147
-128
-84
-56
-26
-11
4
35
32
40
43
22
17
10
-19
-32
-14
-29
-38
-30
-31
-19
-14
-1
13
15
31
36
53
89
112
145
165
182
219
240
267
304
327
347
359
384
406
396
406
401
370
363
325
274
241
190
158
128
81
73
68
41
29
43
60
73
87
107
125
140
147
148
147
145
144
121
91
86
71
44
13
-2
-19
-69
-91
-98
-129
-144
-166
-195
-214
-248
-262
-277
-302
-308
-325
-338
-351
-358
-345
-346
-323
-310
-290
-242
-226
-195
-163
-146
-113
-96
-85
-70
-57
-44
-50
-48
-40
-45
-45
-41
-26
-22
-22
-3
4
8
10
8
29
18
5
9
-11
-18
-25
-41
-40
-35
-31
-17
1
-1
11
35
31
49
96
108
104
124
123
121
135
125
125
137
129
139
154
154
178
207
224
239
255
276
288
281
277
270
246
227
198
154
135
100
57
48
21
3
-8
-37
-25
-21
-41
-34
-27
-33
-27
-18
-19
-11
1
-8
-26
-47
-47
-44
-70
-69
-57
-82
-99
-94
-106
-110
-111
-141
-152
-153
-162
-172
-202
-216
-207
-212
-221
-224
-210
-190
-178
-157
-145
-143
-112
-83
-75
-60
-59
-43
-19
-24
-16
-5
7
10
0
9
6
0
18
32
35
38
54
57
55
73
85
80
76
80
64
56
68
59
48
48
34
22
18
19
21
23
26
21
31
52
39
37
56
44
45
52
43
54
62
63
70
83
93
91
95
105
114
115
117
0
0
0
0
0
0
0
0
0
0
0
0
0
0
0
0
0
0
0
0
0
0
0
0
0
0
0
0
0
0
0
0
0
0
0
0
0
0
0
0
0
0
0
0
0
0
0
0
0
0
0
0
0
0
0
0
0
0
0
0
0
0
0
0
0
0
0
0
0
0
0
0
0
0
0
0
0
0
0
0
0
0
0
0
0
0
0
0
0
0
0
0
0
0
0
0
0
0
0
0
0
0
0
0
0
0
0
0
0
0
0
0
0
0
0
0
0
0
0
0
0
0
0
0
0
0
0
0
0
0
0
0
0
0
0
0
0
0
0
0
0
0
0
0
0
0
0
0
0
0
0
0
0
0
0
0
0
0
0
0
0
0
0
0
0
0
0
0
0
0
0
0
0
0
0
0
0
0
0
0
0
0
0
0
0
0
0
0
0
0
0
0
0
0
0
0
0
0
0
0
0
0
0
0
0
0
0
0
0
0
0
0
0
0
0
0
0
0
0
0
0
0
0
0
0
0
0
0
0
0
0
0
0
0
0
0
0
0
0
0
0
0
0
0
0
0
0
0
0
0
0
0
0
0
0
0
0
0
0
0
0
0
0
0
0
0
0
0
0
0
0
0
0
0
0
0
0
0
0
0
0
0
0
0
0
0
0
0
0
0
0
0
0
0
0
0
0
0
0
0
0
0
0
0
0
0
0
0
0
0
0
0
0
0
0
0
0
0
0
0
0
0
0
0
0
0
0
0
0
0
0
0
0
0
0
0
0
0
0
0
0
0
0
0
0
0
0
0
0
0
0
0
0
0
0
0
0
0
0
0
0
0
0
0
0
0
0
0
0
0
0
0
0
0
0
0
0
0
0
0
0
0
0
0
0
0
0
0
0
0
0
0
0
0
0
0
0
0
0
0
