0
0
0
0
0
0
0
0
0
0
0
0
0
0
0
0
0
0
0
0
0
0
0
0
0
0
0
0
0
0
0
0
0
0
0
0
0
0
0
0
0
0
0
0
0
0
0
0
0
0
0
0
0
0
0
0
0
0
0
0
0
0
0
0
0
0
0
0
0
0
0
0
0
0
0
0
0
0
0
0
0
0
0
0
0
0
0
0
0
0
0
0
0
0
0
0
0
0
0
0
0
0
0
0
0
0
0
0
0
0
0
0
0
0
0
0
0
0
0
0
0
0
0
0
0
0
0
0
0
0
0
0
0
0
0
0
0
0
0
0
0
0
0
0
0
0
0
0
0
0
0
0
0
0
0
0
0
0
0
0
0
0
0
0
0
0
0
0
0
0
0
0
0
0
0
0
0
0
0
0
0
0
0
0
0
0
0
0
0
0
0
0
0
0
0
0
0
0
0
0
0
0
0
0
0
0
0
0
0
0
0
0
0
0
0
0
0
0
0
0
0
0
0
0
0
0
0
0
0
0
0
0
0
0
0
0
0
0
0
0
0
0
0
0
0
0
0
0
0
0
0
0
0
0
0
0
0
0
0
0
0
0
0
0
0
0
0
0
0
0
0
0
0
0
0
0
0
0
0
0
0
0
0
0
0
0
0
0
0
0
0
0
0
0
0
0
0
0
0
0
0
0
0
0
0
0
0
0
0
0
0
0
0
0
0
0
0
0
0
0
0
0
0
0
0
0
0
0
0
0
0
0
0
0
0
0
0
0
0
0
0
0
0
0
0
0
0
0
0
0
0
0
0
0
0
0
0
0
0
0
0
0
0
0
0
0
0
0
0
0
0
0
0
0
0
0
0
0
0
0
0
0
0
0
0
0
0
0
0
0
0
0
0
0
0
0
-147
-134
-154
-151
-159
-170
-161
-205
-182
-156
-177
-145
-167
-165
-150
-175
-150
-157
-155
-153
-175
-153
-158
-169
-153
-138
-107
-93
-99
-98
-85
-74
-58
-47
-67
-32
2
-17
20
39
33
54
68
99
77
59
96
124
122
95
115
107
84
115
105
92
73
74
94
78
111
102
94
144
111
108
134
91
91
144
143
130
123
110
160
177
192
231
219
211
204
224
257
217
227
258
204
236
215
177
199
176
157
183
195
135
130
103
80
69
61
68
38
17
-2
-23
-49
-63
-76
-82
-82
-85
-83
-96
-116
-127
-129
-131
-133
-126
-124
-150
-184
-207
-230
-245
-285
-324
-308
-320
-377
-392
-386
-414
-406
-413
-430
-377
-406
-425
-381
-410
-388
-382
-374
-300
-320
-295
-256
-253
-160
-177
-172
-65
-77
-62
-32
-17
33
-1
11
61
57
84
83
96
118
100
157
214
197
192
201
198
190
159
173
186
125
135
169
157
180
150
112
141
116
114
155
143
141
119
120
162
176
221
237
293
391
387
455
552
574
633
690
761
851
899
928
969
1033
1051
1054
1104
1147
1149
1131
1134
1136
1104
1036
937
843
753
633
494
345
140
-90
-267
-418
-597
-777
-930
-1076
-1209
-1310
-1410
-1497
-1530
-1552
-1573
-1555
-1522
-1476
-1442
-1436
-1382
-1297
-1311
-1352
-1347
-1390
-1427
-1405
-1369
-1342
-1298
-1233
-1161
-1053
-951
-817
-693
-576
-376
-253
-130
37
119
198
286
362
435
448
445
527
567
564
603
587
572
628
606
547
554
505
470
465
431
426
385
349
356
364
296
255
268
232
261
242
252
307
295
374
458
529
605
727
909
1078
1294
1466
1650
1851
2015
2242
2354
2428
2594
2600
2543
2557
2455
2298
2131
1828
1540
1249
855
511
142
-265
-676
-1104
-1449
-1782
-2083
-2322
-2550
-2697
-2818
-2918
-2906
-2867
-2753
-2552
-2357
-2128
-1852
-1504
-1174
-928
-645
-290
61
276
466
692
792
890
848
812
824
638
486
313
119
-68
-326
-553
-635
-784
-977
-1018
-1168
-1192
-1183
-1261
-1174
-1146
-1046
-913
-861
-718
-603
-544
-385
-263
-241
-161
-116
-97
-87
-96
-91
-168
-207
-274
-356
-396
-471
-458
-486
-486
-456
-396
-254
-204
-84
76
227
330
399
574
685
840
945
934
1048
1020
899
861
786
691
576
509
449
366
337
344
390
486
691
953
1251
1606
2008
2498
2964
3462
3984
4434
4793
4895
4984
5009
4765
4387
3805
3122
2379
1468
472
-495
-1472
-2410
-3287
-4142
-4709
-5103
-5482
-5730
-5763
-5509
-5255
-4956
-4480
-3943
-3322
-2872
-2420
-1830
-1337
-903
-568
-169
188
379
620
797
970
1113
1192
1313
1367
1387
1342
1339
1361
1211
1153
1081
926
858
643
438
399
241
69
1
-111
-130
-146
-229
-176
-87
-47
21
68
19
124
128
-3
-41
-188
-266
-490
-678
-821
-1009
-1074
-1298
-1376
-1421
-1409
-1420
-1437
-1299
-1248
-1045
-917
-659
-418
-323
-67
-18
100
251
340
462
506
578
614
615
597
618
546
456
439
292
244
70
-136
-176
-482
-704
-900
-1122
-1287
-1600
-1722
-1714
-1758
-1755
-1583
-1333
-897
-339
241
1061
1943
2943
3905
4893
5877
6821
7694
8028
8241
8222
7955
7408
6354
5361
4146
2638
1035
-557
-1970
-3309
-4416
-5392
-6086
-6423
-6561
-6426
-6277
-5816
-5074
-4394
-3634
-2994
-2222
-1423
-968
-505
-16
374
603
676
771
892
907
887
814
660
610
579
416
215
15
-196
-333
-651
-957
-999
-1144
-1175
-1219
-1310
-1087
-758
-448
-220
279
878
1232
1689
2026
2353
2586
2532
2422
1988
1733
1427
577
-92
-776
-1420
-2034
-2782
-3152
-3494
-3632
-3653
-3743
-3475
-3134
-2711
-2367
-1900
-1324
-754
-218
69
585
953
1300
1468
1473
1735
1709
1649
1422
1204
1057
847
643
288
70
-177
-385
-673
-839
-937
-1224
-1163
-1214
-1381
-1341
-1264
-1168
-1156
-1043
-728
-325
-178
-88
331
714
1183
1637
2100
2959
3705
4403
5224
5935
6781
7607
7901
7864
7843
7552
6862
5718
4373
3070
1480
-196
-1941
-3491
-4570
-5638
-6388
-6816
-6872
-6408
-5883
-5173
-4294
-3045
-1794
-1065
-250
562
1182
1564
1550
1435
1315
923
324
-246
-802
-1108
-1436
-2019
-2261
-2306
-2473
-2442
-2352
-2368
-2161
-1869
-1831
-1803
-1571
-1197
-824
-562
-281
228
885
1395
1928
2546
3165
3796
3985
3996
4017
3827
3474
2678
1723
892
-102
-1201
-2261
-3221
-3722
-4192
-4652
-4722
-4683
-4148
-3731
-3243
-2320
-1557
-709
-188
321
813
1191
1454
1320
1278
1205
1251
911
438
367
69
-93
-308
-607
-611
-619
-814
-957
-870
-941
-982
-944
-878
-641
-690
-596
-329
-192
-51
6
289
490
600
736
806
763
555
625
798
1051
1351
1902
2723
3501
4397
5224
6195
7189
8009
8397
8146
7813
7221
6106
4345
2423
843
-899
-2805
-4620
-5900
-6607
-7094
-7127
-6731
-5751
-4435
-3142
-1844
-590
867
1947
2449
2728
2825
2684
1852
830
58
-704
-1511
-2400
-3102
-3486
-3667
-3743
-3559
-3285
-3024
-2531
-2347
-2176
-1797
-1641
-1395
-1288
-1184
-982
-691
-256
34
649
1370
2105
2910
3366
4000
4586
4788
4735
4319
3794
3144
2115
563
-697
-1658
-2745
-3702
-4536
-4632
-4561
-4207
-3750
-3264
-2027
-1219
-325
317
814
1510
1514
1426
1028
755
247
-378
-813
-1512
-1630
-1824
-2081
-2116
-1999
-1585
-1438
-1238
-970
-505
-229
-297
121
236
294
471
491
630
486
422
373
315
12
-215
-168
-403
-284
-288
-328
-339
-369
-40
170
648
1371
2424
3551
4293
5184
6252
7410
8337
8882
8922
8358
7489
6173
4465
2305
133
-1830
-3918
-5583
-6838
-7391
-7502
-7245
-6177
-4887
-3148
-1392
411
2170
3282
4269
4661
4552
4038
2998
1931
676
-707
-1931
-2826
-3616
-4164
-4290
-4283
-3868
-3496
-3139
-2442
-1973
-1624
-1596
-1564
-1305
-1540
-1901
-1984
-1863
-1635
-1312
-709
316
1378
2143
2864
3558
4223
4694
4593
4141
3743
3047
1998
778
-729
-1777
-2435
-3196
-3801
-4192
-3855
-3361
-2926
-2107
-1506
-432
480
772
1158
1285
1383
1010
383
-141
-545
-1150
-1938
-2148
-2388
-2041
-1713
-1692
-1148
-836
-317
97
304
613
640
519
281
-84
-485
-671
-950
-1212
-1246
-1248
-1003
-961
-848
-324
-45
259
500
494
828
1086
649
369
384
153
326
692
1732
3347
4273
5417
6809
8258
9853
10562
10164
9296
7993
6240
3900
545
-2377
-4664
-6893
-8556
-9661
-9293
-7983
-6570
-4414
-1817
862
3451
5054
5910
7119
7376
6096
4523
2467
421
-1190
-3191
-4858
-5619
-6068
-6082
-5702
-4862
-3383
-1946
-1008
-447
264
692
171
-332
-911
-1867
-2278
-2770
-3099
-2491
-2157
-1346
90
829
1943
3086
3588
4233
4257
3644
3520
2734
1332
723
-99
-916
-1762
-2590
-2523
-2543
-2217
-1810
-1520
-827
-328
285
418
446
881
761
393
-100
-383
-428
-921
-1371
-1700
-1898
-1895
-2116
-2169
-1682
-915
-388
-239
67
597
791
501
176
-22
-270
-734
-1346
-1819
-2099
-2228
-2321
-2205
-1681
-897
-117
390
837
1210
1513
1598
1396
1432
1393
879
-142
-884
-1250
-1414
-735
176
1982
4128
5461
7586
9638
11139
12812
12555
10539
8443
5732
2731
-893
-5319
-8210
-9629
-10758
-10956
-9958
-7582
-4375
-1546
1187
4272
6942
8287
8250
7680
6816
4914
1952
-1103
-3479
-5143
-6536
-7576
-7535
-6529
-5159
-3670
-2238
-553
837
1179
1280
1101
472
-157
-1515
-2673
-2698
-3251
-3383
-2417
-1683
-672
278
1276
2608
3019
2832
3087
2684
1730
1110
-55
-186
-345
-1329
-747
-369
-85
392
477
1163
1255
907
437
-303
-470
-1079
-2079
-2368
-2834
-2739
-1916
-1956
-1415
-279
106
531
447
105
554
289
-642
-877
-1054
-1175
-1283
-1910
-1608
-664
-777
-828
-607
-695
-391
-801
-1596
-1229
-1113
-1332
-1340
-1589
-887
-171
-486
-107
566
795
946
1018
1337
889
-409
-857
-1054
-1451
-1066
65
2130
4414
6266
8409
10689
12722
13834
13155
10871
8209
4867
947
-2863
-7049
-9618
-11146
-12114
-10825
-8860
-5870
-1913
1460
4460
7273
9348
9792
8794
7186
5319
2361
-1207
-3948
-6133
-7523
-8066
-8171
-7118
-5308
-3715
-1937
-272
963
1757
1518
922
425
-478
-1623
-2563
-2980
-2840
-2585
-1944
-825
70
887
1325
1700
2025
1698
1388
779
321
-273
-987
-692
-630
-193
616
1088
2305
2789
2442
2473
1783
1231
366
-1535
-2272
-3029
-3573
-3613
-4215
-3356
-2106
-1277
-264
378
1285
2348
2089
1232
1017
327
-270
-1413
-2633
-2327
-2310
-2260
-2043
-1506
-329
181
366
649
909
900
306
-634
-1099
-1346
-1897
-2073
-2061
-1848
-1157
-786
-345
605
817
859
1431
1536
1104
42
-1184
-1415
-1280
-1664
-856
1350
3788
7013
9095
10550
12798
13381
13070
11282
7447
4109
112
-4323
-8022
-11220
-12705
-12546
-11153
-8628
-4867
-304
3396
6128
8541
10239
10319
8743
6209
3669
1235
-2077
-5077
-6722
-7811
-7924
-7445
-6481
-4055
-2146
-1032
704
1445
1743
1984
612
-278
-561
-1701
-2078
-2116
-2202
-1423
-821
-401
290
599
651
520
521
513
37
184
46
-83
647
590
1258
1852
1426
1968
1999
1495
744
-705
-1315
-1708
-2338
-2902
-3665
-3168
-2360
-2235
-1535
-1110
-180
822
502
836
1098
624
99
-1036
-1858
-1999
-2108
-2541
-2425
-1538
-642
561
752
929
1887
1647
1342
757
-50
13
-663
-1872
-2366
-2306
-2194
-2175
-1862
-1000
-50
602
1198
1502
1808
2252
1951
1435
1002
254
-257
-662
-550
1321
3258
5034
7862
9342
11036
12755
12027
10879
7516
3579
595
-3639
-6912
-9992
-12202
-11732
-10665
-8796
-5671
-1799
2039
4926
7012
8323
8629
7562
5287
2840
870
-1315
-3872
-5704
-6610
-6509
-5788
-5314
-4399
-2647
-1430
-683
335
365
556
926
-147
-92
52
-567
-19
-295
-456
24
-151
-365
-684
-837
-1384
-1088
-477
-645
418
896
1301
2787
2757
3201
4260
3233
2872
2572
922
172
-1529
-2758
-2753
-3842
-3863
-3778
-3693
-2494
-2033
-1123
-382
-150
955
987
1115
1396
195
-212
-1009
-2377
-2504
-3299
-3932
-3307
-3022
-2204
-589
36
962
2509
2882
3465
3445
1853
1048
-35
-1834
-2856
-4238
-5109
-4339
-3565
-2218
-8
1666
3225
4327
4349
4277
3647
1991
660
-564
-1767
-2368
-2838
-2104
624
4270
7920
11074
12669
13552
14310
13025
10276
5832
539
-3521
-7439
-10472
-12198
-12430
-10919
-8660
-5347
-1656
1904
4925
6632
7485
7528
6411
4429
2497
-23
-2183
-3189
-4856
-5189
-5193
-5925
-4732
-4038
-3714
-2119
-1687
-1661
-567
-413
-16
1135
501
424
1183
746
880
984
-203
-436
-766
-2121
-1910
-2179
-2678
-1788
-1325
78
1911
2946
3956
4888
5605
5413
4676
3225
1638
510
-1403
-3024
-4172
-4605
-4234
-3997
-3045
-2355
-1283
138
283
801
971
612
795
-57
-1039
-1253
-1991
-2555
-3152
-3824
-3265
-2949
-2863
-1953
-1028
406
1462
1676
2343
2337
1632
1323
384
-1219
-2178
-3184
-3700
-3149
-3402
-2704
-1464
-1248
108
805
1165
2596
2381
2077
2268
1181
589
-128
-941
113
1529
3857
6897
8646
10830
12655
13244
13560
11861
8716
4882
303
-3419
-6725
-9760
-11606
-11656
-9604
-6380
-3155
-526
2647
5316
6238
6817
6072
4875
3557
1107
-604
-1844
-2905
-3954
-5114
-5211
-4691
-4062
-3727
-3683
-3244
-2555
-2128
-1752
-1033
-262
530
1314
1799
1804
1395
977
348
-794
-2133
-3137
-3785
-4277
-4524
-4264
-2968
-1557
226
2786
4514
6051
7202
7298
7080
6475
4764
1947
32
-2297
-4556
-4766
-6107
-5945
-4465
-4739
-3159
-1616
-530
1525
2365
2479
2659
2722
1636
612
-156
-1806
-3001
-4179
-5397
-5562
-4877
-4067
-2822
-1255
224
2228
3090
2940
3413
2783
1482
490
-1223
-2366
-2583
-3638
-3890
-2980
-3296
-2620
-1402
-1091
417
754
496
1687
2092
2162
2258
1841
1347
894
420
243
1454
3234
5512
8747
11065
12707
13627
13468
12876
9951
5478
1496
-3124
-7043
-9927
-12238
-11495
-9292
-6807
-3505
-360
3164
5981
7155
7099
6231
4831
2773
436
-1424
-2816
-4308
-4775
-5065
-5154
-4287
-4573
-4487
-3683
-3665
-2982
-2095
-2003
-1197
44
596
2086
3068
2332
2207
1451
78
-903
-2956
-4724
-5467
-5973
-6085
-5063
-2526
-384
1994
4431
5615
7748
8500
7233
6715
5065
2604
1152
-659
-3100
-3984
-4817
-5880
-4153
-3681
-4244
-2514
-2122
-831
1769
1530
1699
2914
2465
2404
2302
15
-1232
-2196
-4858
-5663
-5712
-6150
-4886
-3268
-2032
881
3353
3524
4815
5057
3295
2592
269
-2522
-3391
-5145
-6295
-4959
-4151
-3394
-1359
-361
1084
2999
2549
2329
2304
1143
641
-287
-1321
-1376
-1258
-704
767
3553
6791
9722
12363
13814
14758
14731
12871
10229
6066
1825
-2031
-5968
-8446
-10561
-10629
-8782
-6767
-3496
-665
2241
4756
5576
6317
6006
4818
3174
933
-428
-1566
-2858
-3758
-4371
-4479
-4608
-5122
-5298
-5036
-4586
-3989
-3445
-2147
-529
747
1760
2173
2761
2560
1446
229
-1208
-2324
-3725
-4784
-5298
-5660
-5366
-4672
-3197
-1462
208
2564
4689
5976
7008
7322
6891
6733
5766
3817
2247
269
-1962
-3764
-5142
-5988
-5811
-5110
-4801
-3031
-1108
474
2692
3386
3938
4549
3589
2465
1543
-323
-1761
-3121
-5344
-5770
-5687
-5658
-4427
-3209
-1710
510
2249
2580
3360
3609
2131
1667
911
-1039
-2501
-4204
-5664
-5288
-4752
-4881
-3391
-1956
-852
1499
2002
2034
2601
1830
1556
1099
-454
-1759
-2419
-2090
-173
2654
5848
9608
12711
15012
16198
15580
14044
10849
6096
1494
-2896
-6801
-9394
-10994
-10851
-8000
-4832
-1794
1546
3871
6388
7362
6097
5283
3800
1906
266
-1305
-1714
-2313
-3105
-3262
-4048
-4190
-4247
-5277
-5053
-4902
-4623
-3118
-2106
-353
1914
2931
3650
3976
2786
1232
-764
-3404
-4729
-5936
-7153
-6718
-5843
-4610
-2856
-1905
-871
694
1758
2989
4266
5205
5784
6168
6198
5791
5719
4110
1885
153
-2625
-4801
-6128
-7004
-6927
-6037
-4599
-2532
391
2828
4563
5772
5709
4869
3668
1617
-609
-2226
-3978
-5468
-5906
-5831
-5056
-3695
-2803
-1363
710
1640
2255
2785
2601
2315
1365
-17
-994
-2593
-4086
-4688
-5282
-4543
-3578
-2863
-1080
-63
917
1800
1872
1969
1369
282
-858
-1810
-2965
-3984
-4112
-3072
-103
3931
8252
12768
16254
17857
18145
17206
14990
10881
4932
-787
-5911
-9390
-11157
-12162
-10675
-7799
-4053
92
3000
6049
7586
7373
6556
4812
3618
2126
98
-1533
-2224
-2741
-3465
-4109
-5776
-6168
-6114
-6925
-6021
-4818
-3726
-1798
-35
2191
4642
5204
4602
3805
1993
-153
-2475
-4763
-6038
-7014
-7349
-6281
-4736
-2868
-1295
-900
-20
826
523
1704
2996
3695
5641
6298
6291
6963
6508
5049
3448
481
-3019
-4577
-6778
-8223
-7470
-7555
-5098
-1535
474
3547
5225
5418
5493
4596
3075
1394
-144
-2407
-3852
-4421
-5593
-5309
-4462
-4360
-3228
-1478
-584
826
2079
1749
2905
3307
1729
1822
407
-1556
-2067
-4266
-5368
-4892
-5789
-5443
-3275
-1814
216
2030
2481
3135
2620
1120
230
-998
-2575
-3504
-4345
-3421
-114
3471
8662
13596
16971
19116
18110
16615
13726
8142
2780
-2892
-7251
-9833
-11818
-10863
-8347
-5220
-1221
1258
3651
5872
5794
5449
4875
3485
2799
1886
428
-99
-717
-1919
-2705
-4271
-5858
-6157
-7283
-7910
-6563
-4934
-2290
525
2574
5049
6286
5885
4910
2903
233
-2936
-5633
-7014
-7756
-7139
-5947
-5028
-2768
-863
31
1286
844
219
702
193
783
2635
3746
5331
6755
6646
6771
6027
3133
522
-2409
-5205
-6471
-7568
-7608
-6025
-4108
-1851
640
2394
3877
5019
4774
3704
2489
1185
-416
-1737
-2553
-3482
-4037
-4401
-4715
-4071
-3321
-2564
-968
-27
920
2270
2834
3291
2721
1496
185
-1959
-3734
-4621
-5373
-5847
-5490
-4817
-3127
-1081
185
1734
2434
2424
2200
782
-609
-1733
-3418
-4297
-3541
-2145
115
3234
7103
12047
15736
17182
17316
15668
13037
9567
4446
-566
-4518
-7769
-9351
-9310
-7878
-5374
-3122
-738
1163
2886
4696
4738
4773
4753
4151
3911
2711
1515
586
-1181
-3412
-5407
-7062
-8363
-8521
-8341
-7234
-4465
-1890
938
3420
4690
5989
5618
4070
2430
-416
-2913
-5118
-6600
-6781
-6709
-5528
-4072
-2947
-1493
-335
5
302
123
-632
-224
365
1553
3810
5666
6867
7082
6796
5471
3746
1755
-1550
-3971
-5874
-7417
-7090
-6039
-4469
-2373
-33
1849
3146
4262
4358
4324
3381
1677
881
-913
-2180
-2740
-4268
-4756
-5122
-5216
-4258
-3297
-1782
-184
1044
2040
2807
3020
2512
1700
520
-1092
-2813
-3730
-4444
-5262
-5113
-4899
-4491
-3212
-1876
-442
1060
1876
2014
2237
1919
1114
-9
-1737
-2568
-2751
-1687
932
4284
8777
12642
15274
16469
16006
14345
10975
6817
2045
-2801
-5968
-8026
-9167
-8253
-6202
-3897
-1431
326
1870
3335
3827
3862
3933
4040
4068
3494
2436
1321
-49
-2010
-4462
-6666
-8160
-8877
-8605
-7433
-5225
-2199
673
3029
4568
5293
5368
3938
1636
-247
-2527
-4676
-5559
-6041
-5900
-4777
-3831
-2997
-1847
-1156
-650
-365
-588
-226
341
578
1164
2425
3622
4894
6248
6392
6204
5132
3149
1454
-984
-3162
-4882
-5889
-5937
-5945
-4552
-2892
-1111
1100
2076
3487
4546
4176
3610
2407
1092
-171
-1646
-3107
-4144
-4669
-5141
-5057
-4305
-2918
-1390
-172
765
1277
2228
2503
1853
1211
226
-441
-2018
-3397
-3597
-4613
-5023
-4838
-4761
-3746
-2347
-1000
707
1806
2325
2829
1996
1112
503
-1172
-2370
-2795
-2771
-639
3147
7245
12070
15360
16543
16880
15125
12658
8899
3313
-1422
-5840
-8420
-8812
-8825
-6909
-4716
-2851
-229
1377
2856
4217
4135
4040
4485
4630
4518
3800
1978
422
-1715
-4436
-6124
-8402
-9648
-9201
-8422
-5928
-2820
111
2829
4339
4986
4969
3652
1797
96
-2062
-3512
-4235
-4709
-4400
-4414
-3944
-3110
-3123
-2677
-2108
-1576
-749
-202
700
1965
2396
3017
3939
3985
5086
5238
4594
5068
3551
2105
529
-1891
-2665
-3505
-4180
-4281
-4006
-3223
-2315
-806
419
1756
2904
2806
2839
2333
1202
539
-587
-1875
-2770
-3260
-3615
-3894
-3436
-2692
-1816
-1011
-468
-56
320
612
531
425
-199
-402
-858
-2138
-2037
-2735
-3611
-3482
-4351
-4332
-3787
-3227
-1078
651
1491
2576
2702
2182
976
-1136
-2263
-2687
-2671
-1058
2045
6587
11965
15727
17439
17538
15332
12839
9316
3551
-1256
-5643
-8779
-8941
-8505
-6611
-3883
-1997
111
1311
1828
2965
3080
2681
3501
3533
3829
4400
2992
1726
-672
-4001
-6184
-8236
-9346
-9318
-8704
-6867
-3705
-914
1682
3676
4039
4328
3300
1631
356
-1421
-2185
-3303
-3935
-3180
-3594
-3276
-2929
-3575
-3007
-2816
-2423
-803
-141
793
2041
2111
2897
3579
3840
4529
4566
4887
5317
5104
3828
1889
-70
-1962
-3018
-4395
-5132
-5119
-4960
-3242
-1958
-562
901
1556
3047
3058
2405
1950
533
-340
-1649
-2528
-2629
-3225
-3008
-2440
-2241
-1688
-751
-552
-502
-114
-482
-597
-884
-1519
-1675
-2181
-2200
-2095
-2254
-2394
-2850
-2840
-2800
-2461
-1634
-911
194
1333
1579
1291
468
-1392
-2737
-3080
-2748
-976
2115
6206
11039
14925
16922
17833
16523
13914
10725
5613
1139
-2703
-5967
-7412
-8264
-7170
-5232
-3569
-1812
-1308
-42
1037
1229
2322
2763
3957
4904
4496
4610
3179
1361
-952
-4763
-7278
-8905
-9447
-8855
-7599
-4934
-1947
316
1955
3015
2887
2320
1278
-1
-459
-1512
-1880
-1672
-2140
-1975
-2406
-2493
-2586
-3405
-3063
-2813
-1596
-290
-110
1028
1360
1319
1813
1671
2226
3349
4299
5389
5963
5597
4594
3593
1725
-510
-1939
-3999
-4984
-5199
-5493
-4225
-3712
-2516
-574
51
1458
1923
1741
2006
1094
510
-77
-822
-787
-1191
-1482
-1167
-1285
-1514
-1431
-1962
-2427
-2141
-2130
-2119
-2143
-2169
-1802
-1565
-1223
-673
-590
-917
-1440
-1828
-1761
-1697
-1196
-777
-585
-117
24
377
-322
-1887
-2826
-3234
-2272
-752
1968
6048
9602
12790
14722
15201
14892
13810
11682
8218
4545
709
-2033
-3626
-5137
-4859
-4398
-4216
-3533
-3602
-3009
-1961
-1493
-481
778
1896
3280
3993
3779
3169
1760
-356
-2803
-4916
-6102
-6581
-6308
-5329
-3977
-2356
-828
80
330
189
-176
-729
-1204
-1312
-1250
-1058
-626
-329
-446
-724
-854
-958
-1227
-1394
-1344
-1118
-689
-229
37
-108
-559
-827
-781
-382
370
1050
2165
3517
3987
4086
3892
3020
1925
836
-551
-1685
-2341
-3172
-3086
-2911
-3070
-2140
-1713
-1260
-556
-563
209
609
616
995
982
1518
1774
1731
2057
1624
1101
393
-842
-1619
-1921
-2199
-2400
-2251
-2106
-1597
-1219
-1120
-588
-645
-644
-887
-1305
-884
-849
-769
-831
-1204
-1452
-1926
-2149
-2491
-3062
-3336
-3301
-3177
-3007
-2605
-1830
-545
891
2419
4149
5633
6697
7317
7557
7596
7546
7336
6866
5984
4974
4253
3378
3360
3708
3548
3916
3617
3491
3745
3308
2901
1656
180
-930
-2165
-3186
-3863
-4293
-4441
-4364
-4530
-4355
-3964
-3774
-3503
-3565
-3510
-3345
-3553
-3371
-3033
-2953
-2527
-2077
-1702
-1429
-1613
-1449
-1056
-860
-288
182
410
850
1106
1232
1172
482
-365
-1007
-1397
-1539
-1539
-1000
181
1608
2793
3502
3804
3791
3424
3037
2714
2082
1391
490
-69
-558
-1180
-944
-1057
-1290
-1514
-1870
-1698
-1672
-1052
-529
-597
-369
-355
-350
-239
-226
-617
-1220
-1711
-2254
-2479
-2631
-2388
-2094
-1888
-1145
-979
-734
-497
-532
-159
-141
196
406
240
314
192
102
-92
-395
-715
-1056
-1189
-1128
-1174
-1421
-1521
-1511
-1432
-1197
-843
-222
679
1676
2678
3386
3775
4064
4095
4238
4404
4109
3971
3682
3216
3552
3849
4217
5182
5447
5667
5956
5308
4835
4041
2690
1904
789
-111
-341
-964
-1099
-1205
-1765
-1693
-2096
-2674
-2876
-3594
-3846
-3924
-4252
-4141
-4173
-4355
-4042
-4088
-4286
-3930
-4166
-3684
-2865
-2883
-1916
-1322
-926
120
277
479
596
107
-126
-511
-843
-871
-1018
-741
-45
718
1688
2702
3401
3602
3594
3234
2560
1939
1310
871
450
-30
-414
-791
-825
-578
-258
67
131
142
179
173
115
-212
-533
-812
-1150
-1394
-1688
-1771
-1831
-1977
-1893
-1802
-1666
-1642
-1582
-1325
-1180
-967
-765
-589
-467
-366
36
340
490
623
515
483
474
335
308
124
-148
-43
107
-10
-115
-316
-477
-372
-498
-426
-335
-622
-554
-681
-635
-21
353
995
1436
1329
1416
1517
1979
2919
3657
4182
4549
4926
5378
5784
6080
5845
5409
4799
4005
3391
2657
2155
1625
1177
1110
582
298
251
-126
-261
-735
-1370
-1631
-2260
-2675
-2775
-3288
-3497
-3737
-4101
-3947
-4056
-4063
-3706
-3636
-3279
-2885
-2678
-2187
-2068
-2216
-2315
-2584
-2544
-2439
-2436
-2208
-1980
-1541
-932
-413
172
693
1269
1907
2470
2927
2880
2652
2365
1763
1462
1081
699
845
790
1062
1677
1782
2105
2438
2216
2202
1729
812
208
-896
-1456
-1811
-2674
-2537
-2587
-2709
-2128
-2071
-1946
-1709
-1810
-1543
-1529
-1718
-1299
-1212
-1041
-505
-473
-291
-33
-110
31
113
23
291
100
57
325
137
540
453
379
559
194
544
373
-96
-120
-374
-420
-353
-533
-832
-960
-1309
-1411
-1230
-995
-132
540
1151
1680
1889
2661
3385
4220
4932
4745
4594
4152
3799
4050
3876
3817
3813
3427
3388
3222
2832
2746
2316
1764
1545
1164
922
772
250
-88
-400
-989
-1431
-2087
-2703
-2936
-3245
-3233
-3069
-3022
-2912
-3003
-2864
-2810
-3138
-3214
-3608
-3985
-3943
-4174
-4095
-3729
-3433
-2635
-1890
-1475
-781
-381
-206
272
520
657
767
772
912
964
815
744
737
738
1109
1617
2113
2577
3014
3411
3288
2950
2418
1768
1127
523
-39
-937
-1509
-1965
-2144
-1799
-1933
-1748
-1592
-1946
-1798
-1733
-1789
-1758
-1785
-1562
-1467
-1391
-1009
-773
-802
-549
-282
-284
-97
-67
77
267
246
630
562
527
864
704
1025
1177
984
1157
876
688
502
75
48
-223
-397
-196
-459
-558
-547
-851
-821
-916
-936
-438
64
917
1437
1545
1760
1761
2351
2810
2920
3071
2721
2649
2736
3142
3668
3630
3621
3538
3305
3262
3150
2762
2435
1945
1653
1404
832
828
502
98
91
-522
-909
-1086
-1376
-1251
-1273
-1501
-1882
-2695
-3176
-3578
-4258
-4490
-4700
-4859
-4621
-4363
-3838
-3328
-2918
-2158
-1697
-1429
-1016
-1136
-1285
-1131
-1155
-1036
-896
-935
-664
-197
180
830
1392
1756
2402
2740
2977
3180
2853
2675
2270
1674
1243
532
232
105
-74
-184
-461
-619
-872
-996
-1066
-1058
-1098
-1440
-1428
-1542
-1618
-1431
-1574
-1597
-1467
-1418
-1389
-1250
-1141
-1027
-703
-453
-98
-44
21
421
411
667
664
572
904
788
993
1168
1117
1310
1084
865
806
492
425
326
-5
-69
-269
-409
-380
-680
-811
-909
-1146
-1248
-1220
-898
-505
67
448
509
511
685
1187
1834
2309
2537
2580
2505
2813
3061
3292
3442
3252
3206
3100
2962
2926
2615
2326
2148
1660
1606
1661
1499
1606
1534
1280
974
297
-100
-385
-1041
-1420
-2096
-2787
-3065
-3332
-3322
-3323
-3315
-3047
-2793
-2520
-2141
-1910
-1964
-1986
-2152
-2321
-2262
-2421
-2415
-2353
-2228
-1771
-1455
-1027
-600
-179
368
817
1079
1237
1395
1307
1310
1107
739
617
331
373
497
460
548
290
175
137
-19
-147
-549
-900
-1196
-1348
-1543
-1567
-1604
-1675
-1478
-1543
-1495
-1263
-1164
-1017
-728
-638
-495
-370
-195
153
205
285
387
429
469
580
639
776
830
820
1078
1162
1387
1561
1475
1562
1319
1057
1014
747
621
438
178
-1
-190
-278
-451
-529
-698
-979
-1058
-1229
-1162
-914
-583
-122
122
338
392
558
896
1175
1491
1564
1568
1619
1809
2085
2374
2524
2498
2585
2514
2649
2833
2728
2811
2718
2562
2413
2106
1948
1530
1012
632
32
-510
-839
-1014
-1115
-1309
-1493
-1567
-1665
-1714
-1673
-1857
-2090
-2237
-2427
-2505
-2559
-2627
-2630
-2619
-2415
-2023
-1802
-1625
-1317
-1082
-789
-397
-180
-101
-135
-262
-272
-325
-427
-409
-469
-408
-156
-13
136
246
189
161
85
-75
-267
-514
-577
-727
-805
-686
-934
-955
-791
-838
-699
-642
-688
-655
-609
-418
-229
-270
-191
-169
-291
-181
-248
-234
-48
18
255
393
553
795
844
1009
1116
1061
1073
1002
959
1055
1164
1244
1254
1176
1064
1074
1000
816
597
191
-9
-154
-334
-310
-377
-440
-486
-549
-623
-767
-775
-670
-527
-315
-144
-45
137
383
712
968
1026
1028
1049
1296
1558
1759
1920
2016
2218
2361
2534
2551
2358
2291
2144
1977
1840
1530
1252
1111
919
743
602
377
183
56
-78
-278
-548
-812
-1007
-1129
-1272
-1505
-1703
-1761
-1762
-1684
-1568
-1560
-1606
-1527
-1378
-1311
-1304
-1353
-1420
-1562
-1646
-1632
-1753
-1757
-1673
-1554
-1431
-1385
-1209
-1103
-961
-744
-670
-610
-630
-664
-657
-643
-613
-656
-663
-661
-661
-505
-386
-324
-233
-217
-123
11
57
143
169
136
148
105
35
-13
40
113
124
213
252
330
545
708
870
984
999
1030
1048
1062
1082
1041
1045
1061
998
983
1016
985
931
920
794
557
424
344
202
95
5
-298
-507
-462
-518
-496
-418
-456
-431
-340
-233
-151
-79
3
93
208
297
381
418
434
587
825
975
1073
1192
1183
1249
1393
1328
1277
1236
1213
1268
1245
1229
1165
1037
1014
953
777
655
512
341
225
178
139
17
-48
-105
-198
-288
-423
-483
-520
-526
-474
-468
-533
-667
-732
-801
-962
-1105
-1291
-1491
-1592
-1583
-1571
-1534
-1381
-1396
-1429
-1285
-1266
-1230
-1217
-1239
-1222
-1346
-1294
-1274
-1422
-1299
-1158
-1096
-976
-887
-863
-864
-726
-576
-502
-293
-136
-22
123
100
210
269
213
335
282
237
258
231
354
466
577
693
735
853
905
890
981
891
906
1023
906
977
995
936
966
906
906
861
781
760
689
552
501
335
176
173
35
-73
-155
-147
-161
-248
-290
-332
-264
-255
-100
-51
-216
-229
-249
-150
-43
52
193
303
396
410
511
558
514
588
709
746
761
882
903
921
1019
976
997
957
848
775
635
537
391
343
355
305
352
372
363
343
271
203
133
49
8
24
39
36
-54
-228
-409
-565
-679
-791
-914
-1072
-1226
-1264
-1232
-1196
-1166
-1136
-1089
-1052
-1071
-1117
-1209
-1303
-1329
-1433
-1495
-1488
-1479
-1305
-1196
-1065
-958
-1039
-882
-753
-681
-437
-383
-300
-169
-112
41
143
147
134
150
128
115
115
147
188
211
323
319
427
588
606
763
803
780
813
770
812
876
832
826
866
772
799
870
753
777
733
602
567
484
418
312
294
273
231
245
213
231
99
73
116
57
80
-79
-153
-132
-170
-124
-206
-199
-103
-68
68
108
95
138
140
185
224
217
307
467
548
614
662
618
625
586
479
504
502
375
303
302
284
362
452
424
368
316
314
234
200
274
250
197
163
152
-6
-152
-186
-341
-522
-645
-698
-804
-845
-844
-848
-780
-863
-859
-817
-920
-928
-938
-948
-899
-920
-952
-967
-992
-943
-938
-945
-925
-1033
-1023
-876
-814
-725
-621
-546
-432
-386
-312
-212
-216
-164
-129
-82
15
59
145
203
228
216
204
247
316
381
387
501
552
542
669
707
744
763
731
755
703
704
740
721
702
605
558
517
434
429
409
406
386
314
354
372
368
520
589
535
537
497
476
418
298
271
135
60
74
-30
-57
-69
-95
-121
-144
-223
-309
-286
-253
-182
-175
-91
35
59
211
270
212
141
87
137
106
105
187
192
201
227
251
229
161
146
117
35
-17
-64
-82
-71
-135
-140
-124
-190
-244
-277
-301
-376
-389
-366
-365
-334
-373
-369
-363
-417
-467
-428
-408
-501
-477
-468
-521
-519
-459
-420
-421
-413
-486
-509
-546
-588
-552
-571
-584
-540
-451
-438
-379
-220
-204
-193
-132
-132
-143
-94
4
34
88
172
84
74
134
104
225
257
192
239
207
244
358
394
396
412
481
513
573
672
642
626
638
577
561
507
449
429
363
335
337
342
348
409
440
447
534
500
507
524
432
415
354
270
244
173
85
75
33
-85
-155
-174
-213
-315
-328
-316
-369
-330
-235
-191
-150
-97
-91
-98
-132
-184
-232
-228
-216
-273
-230
-206
-180
-104
-85
-32
-35
-44
-14
-3
-15
2
59
26
7
-5
-72
-83
-21
8
-53
-64
-54
-87
-101
-90
-73
-128
-144
-136
-228
-251
-264
-297
-236
-219
-199
-169
-177
-141
-117
-116
-111
-118
-193
-271
-282
-322
-341
-347
-326
-275
-300
-273
-231
-245
-214
-173
-132
-142
-146
-106
-130
-78
-9
-39
-15
-18
-29
-8
-69
-11
60
-12
57
131
149
250
339
419
440
516
568
493
544
536
445
467
468
481
518
502
505
464
401
409
417
416
422
429
413
390
388
364
354
325
292
237
154
91
33
21
-17
-69
-132
-222
-236
-244
-253
-226
-244
-281
-272
-308
-306
-247
-294
-278
-293
-374
-349
-399
-382
-294
-327
-272
-214
-263
-223
-156
-171
-193
-184
-198
-187
-108
-104
-77
13
-13
-6
49
18
17
-9
-69
-76
-141
-172
-168
-230
-239
-247
-212
-160
-152
-85
-84
-43
33
20
82
104
98
148
110
60
38
-25
-48
-51
-87
-90
-51
-7
18
24
12
-48
-63
-32
-98
-122
-83
-117
-113
-93
-77
-35
-94
-95
-42
-123
-100
-15
-82
-40
62
65
164
253
238
300
395
380
353
386
344
299
337
353
332
321
340
321
344
373
322
343
360
322
355
381
356
388
407
375
381
328
258
259
195
129
138
37
-95
-100
-145
-228
-226
-263
-348
-347
-370
-436
-423
-414
-394
-338
-334
-357
-379
-380
-386
-403
-392
-379
-382
-406
-376
-326
-340
-324
-286
-266
-253
-223
-157
-107
-55
5
39
56
72
98
90
63
45
-5
-64
-48
-22
-60
-16
41
49
114
150
178
181
148
182
193
214
222
174
194
161
61
72
100
57
62
58
12
34
28
9
49
24
4
25
-47
-84
-60
-116
-94
-51
-163
-202
-177
-239
-236
-155
-155
-174
-148
-137
-61
-32
-46
37
-5
-17
90
76
64
92
98
99
117
160
153
157
192
187
192
202
192
190
214
247
266
273
258
302
340
306
354
366
295
349
350
274
271
227
196
211
160
54
4
25
-35
-77
-49
-119
-154
-133
-161
-159
-170
-241
-287
-293
-328
-361
-326
-308
-343
-356
-347
-322
-313
-342
-314
-314
-377
-320
-258
-282
-250
-200
-177
-131
-84
-96
-90
-55
-88
-92
-83
-102
-57
-43
-29
11
-23
15
77
68
98
112
124
168
179
171
162
179
179
138
125
94
40
36
69
75
36
24
12
29
91
87
102
127
87
103
115
101
114
60
8
-18
-65
-76
-76
-100
-117
-100
-126
-120
-19
-53
-73
7
16
23
40
67
62
38
80
111
77
55
81
107
91
79
96
89
140
186
199
183
172
184
158
159
196
192
125
106
134
189
167
158
165
102
101
87
51
40
18
29
68
10
-18
19
-24
-30
-41
-66
-80
-141
-170
-162
-180
-215
-211
-204
-231
-269
-238
-200
-266
-237
-230
-297
-215
-219
-228
-118
-154
-160
-78
-115
-154
-92
-108
-149
-100
-112
-98
-88
-145
-139
-119
-92
-47
-6
0
1
-16
10
81
95
133
159
127
120
191
141
101
194
151
81
145
141
87
123
134
86
95
130
102
122
184
129
119
168
88
51
84
27
-40
-12
-18
-73
-30
-29
-62
-56
-60
-44
-33
-62
-84
-83
-101
-87
-104
-98
-74
-82
-92
-87
-90
-110
-56
-14
-4
-8
39
64
60
120
144
119
134
140
96
121
175
158
186
204
188
198
147
158
151
104
113
82
66
95
69
30
51
41
-9
-4
9
-63
-47
-29
-82
-84
-74
-113
-109
-103
-169
-158
-185
-224
-209
-218
-222
-207
-191
-182
-205
-224
-199
-174
-170
-183
-149
-146
-182
-136
-104
-85
-93
-82
-79
-68
-24
-43
49
54
6
90
75
28
85
80
71
108
55
35
65
20
43
87
40
56
82
59
67
93
109
113
120
133
130
114
104
139
152
92
103
87
63
103
46
45
61
38
26
-19
-55
-75
-80
-102
-87
-93
-114
-122
-119
-123
-142
-143
-121
-111
-115
-65
-66
-96
-96
-69
-66
-19
8
-10
23
5
15
57
76
82
79
84
96
80
71
109
72
54
95
97
111
119
142
167
174
159
153
130
128
154
158
175
123
111
147
128
91
80
48
-14
-43
-40
-89
-108
-127
-169
-129
-124
-145
-157
-126
-191
-224
-136
-181
-230
-169
-185
-235
-168
-141
-171
-125
-94
-152
-112
-85
-168
-90
-37
-74
-27
-18
-38
-19
4
-25
18
4
-15
2
2
4
15
38
29
25
1
70
70
81
104
140
133
77
125
140
129
125
128
75
97
96
64
91
78
65
51
42
76
78
38
30
-3
-37
-21
-6
0
-5
-38
-32
-34
-73
-33
-11
-33
0
-20
-57
-36
-39
-43
-19
-16
-42
-67
-93
-57
-39
-63
-31
-29
-54
-42
-12
4
-16
-3
61
-6
51
57
-16
74
62
88
124
45
44
72
34
83
130
47
72
99
40
109
70
35
61
-20
-13
1
-26
-23
9
-3
-61
-54
-39
-49
-58
-34
-67
-118
-90
-90
-94
-70
-93
-80
-41
-82
-72
-67
-97
-85
-72
-57
-86
-62
-45
-43
-44
-76
-25
-48
-57
-21
-24
-29
-19
24
5
42
35
-7
72
37
21
30
21
56
19
74
86
102
86
62
102
66
72
92
53
33
63
39
82
76
54
62
37
23
35
51
8
35
23
-2
32
-14
-19
-8
-33
-26
-33
-53
-68
-44
-36
-47
-24
-46
-74
-52
-27
-22
-51
-79
-96
-117
-90
-67
-83
-50
-48
-91
-58
-34
-16
0
-35
-6
19
17
27
29
67
32
20
66
57
56
53
81
99
79
86
54
82
59
25
67
26
57
69
81
74
82
69
-22
20
35
4
39
25
10
-55
-73
13
-22
-11
-33
-89
-96
-111
-50
-84
-95
-102
-142
-104
-98
-58
-69
-67
-41
-66
-43
0
1
-13
64
19
-16
51
5
-17
-1
-5
-38
22
40
-21
53
59
18
65
92
57
53
98
72
65
76
13
26
34
-23
23
4
-46
18
19
-15
5
17
13
48
65
14
24
29
-8
-5
-16
-40
-13
8
-27
-18
2
-21
-3
6
-35
-44
-26
-25
-3
-7
-43
-22
-21
-58
-45
-40
-63
-50
-25
-38
-45
-52
-66
-35
-8
-9
-22
-4
-3
-23
24
12
-10
11
-7
29
67
47
57
54
48
59
40
66
71
53
62
56
62
64
-17
47
19
-71
33
-39
-10
33
7
27
-9
-10
3
33
-8
10
-3
-38
-8
-54
-57
-43
-49
-42
-44
-60
-56
-37
-40
-27
-56
8
-28
-47
47
-46
0
33
-42
-10
14
-7
19
39
39
48
23
49
40
6
43
24
8
18
19
17
-20
-15
-29
-34
-27
-37
-66
-35
-26
-31
16
-12
47
33
8
63
39
34
63
37
28
35
8
40
31
-2
16
21
-13
12
24
-9
-12
-2
-11
-8
-19
-46
-26
-45
-69
-50
-37
-76
-64
-24
-62
-55
-44
-76
-41
-47
-39
-23
-20
-14
-41
5
-2
7
34
33
18
7
20
3
25
50
38
42
70
76
61
90
108
74
84
82
81
108
48
70
82
32
44
3
5
-8
-4
2
-27
-3
-12
-41
-42
-17
-29
-13
-3
-70
-25
-30
-54
3
-73
-59
-11
-66
-27
4
-31
-43
-18
-28
-22
4
-2
14
-9
13
26
-13
21
7
-9
7
0
4
-15
-3
-6
-22
-3
-3
-25
-22
14
-25
-17
-1
-39
-28
-36
-31
-8
-23
-32
-33
-49
-32
-9
-38
-38
1
2
-7
1
3
-7
26
38
-3
-5
3
12
26
35
15
-40
-7
17
8
45
26
21
26
16
27
13
22
6
4
28
2
1
-29
-17
37
-21
-11
28
-37
-36
35
28
-28
-2
13
-17
25
33
0
-10
4
31
11
23
32
-10
30
57
38
62
14
-6
54
27
19
21
-31
4
27
13
3
-16
-6
-4
1
-5
-28
-4
21
-3
-4
10
-13
-11
-10
-20
-17
-39
-29
-4
-36
-29
9
-46
-48
24
2
-19
9
-32
-49
4
17
13
-34
-28
-4
-33
35
9
-32
-2
-17
21
32
12
-8
8
43
11
12
31
-23
-18
38
-26
-40
6
-11
-17
-33
-30
-48
-59
-17
-8
11
-16
-48
11
-18
-37
56
11
-27
32
-15
-23
0
-32
7
-11
-36
-1
-4
8
-14
-13
20
-8
-6
6
2
-12
-4
22
-17
-38
1
-17
-14
49
26
7
5
4
-2
32
82
27
19
53
24
-14
60
28
-13
12
21
18
-22
40
21
0
34
62
25
10
71
7
0
49
-26
-12
24
-38
-7
22
-24
-21
-31
-52
-4
-11
-18
-4
-34
-22
-10
-13
-7
-2
-29
-25
3
-49
-35
-3
-31
12
15
-6
23
27
33
-9
-6
42
-11
-3
47
-29
-27
-6
-38
12
-11
6
30
-9
55
33
-15
4
29
48
17
47
52
-38
7
52
-16
30
67
-4
27
32
4
26
4
2
-8
17
-8
-15
-8
-61
-87
-55
-50
-75
-24
-38
-68
-44
-24
-47
-44
-27
-76
-16
-3
-62
-18
-58
-53
-27
-49
14
-22
-36
7
-5
2
-12
-14
18
29
-4
33
57
-5
12
43
37
9
12
35
13
43
61
62
66
16
38
83
51
42
77
45
-6
59
79
35
47
53
33
14
25
19
11
8
-26
18
-14
-22
25
-48
-9
-41
-45
1
-23
-49
-32
-10
-60
-16
-28
-20
-6
-44
-38
-10
-12
-34
-12
-20
-11
-35
-5
20
-22
-34
-35
-24
-14
7
-10
-34
-41
-25
3
-13
7
3
-37
19
24
8
33
10
-5
-6
46
68
14
20
38
37
37
54
32
21
22
42
56
26
6
20
50
-32
39
50
-28
12
-26
-15
14
-14
-6
-31
-55
-3
11
-46
-24
-11
-52
-15
-4
-21
0
0
0
0
0
0
0
0
0
0
0
0
0
0
0
0
0
0
0
0
0
0
0
0
0
0
0
0
0
0
0
0
0
0
0
0
0
0
0
0
0
0
0
0
0
0
0
0
0
0
0
0
0
0
0
0
0
0
0
0
0
0
0
0
0
0
0
0
0
0
0
0
0
0
0
0
0
0
0
0
0
0
0
0
0
0
0
0
0
0
0
0
0
0
0
0
0
0
0
0
0
0
0
0
0
0
0
0
0
0
0
0
0
0
0
0
0
0
0
0
0
0
0
0
0
0
0
0
0
0
0
0
0
0
0
0
0
0
0
0
0
0
0
0
0
0
0
0
0
0
0
0
0
0
0
0
0
0
0
0
0
0
0
0
0
0
0
0
0
0
0
0
0
0
0
0
0
0
0
0
0
0
0
0
0
0
0
0
0
0
0
0
0
0
0
0
0
0
0
0
0
0
0
0
0
0
0
0
0
0
0
0
0
0
0
0
0
0
0
0
0
0
0
0
0
0
0
0
0
0
0
0
0
0
0
0
0
0
0
0
0
0
0
0
0
0
0
0
0
0
0
0
0
0
0
0
0
0
0
0
0
0
0
0
0
0
0
0
0
0
0
0
0
0
0
0
0
0
0
0
0
0
0
0
0
0
0
0
0
0
0
0
0
0
0
0
0
0
0
0
0
0
0
0
0
0
0
0
0
0
0
0
0
0
0
0
0
0
0
0
0
0
0
0
0
0
0
0
0
0
0
0
0
0
0
0
0
0
0
0
0
0
0
0
0
0
0
0
0
0
0
0
0
0
0
0
0
0
0
0
0
0
0
0
0
0
0
0
0
0
0
0
0
0
0
0
0
0
0
0
0
0
0
0
0
0
0
0
0
0
0
0
0
0
0
0
0
0
0
0
