0
0
0
0
0
0
0
0
0
0
0
0
0
0
0
0
0
0
0
0
0
0
0
0
0
0
0
0
0
0
0
0
0
0
0
0
0
0
0
0
0
0
0
0
0
0
0
0
0
0
0
0
0
0
0
0
0
0
0
0
0
0
0
0
0
0
0
0
0
0
0
0
0
0
0
0
0
0
0
0
0
0
0
0
0
0
0
0
0
0
0
0
0
0
0
0
0
0
0
0
0
0
0
0
0
0
0
0
0
0
0
0
0
0
0
0
0
0
0
0
0
0
0
0
0
0
0
0
0
0
0
0
0
0
0
0
0
0
0
0
0
0
0
0
0
0
0
0
0
0
0
0
0
0
0
0
0
0
0
0
0
0
0
0
0
0
0
0
0
0
0
0
0
0
0
0
0
0
0
0
0
0
0
0
0
0
0
0
0
0
0
0
0
0
0
0
0
0
0
0
0
0
0
0
0
0
0
0
0
0
0
0
0
0
0
0
0
0
0
0
0
0
0
0
0
0
0
0
0
0
0
0
0
0
0
0
0
0
0
0
0
0
0
0
0
0
0
0
0
0
0
0
0
0
0
0
0
0
0
0
0
0
0
0
0
0
0
0
0
0
0
0
0
0
0
0
0
0
0
0
0
0
0
0
0
0
0
0
0
0
0
0
0
0
0
0
0
0
0
0
0
0
0
0
0
0
0
0
0
0
0
0
0
0
0
0
0
0
0
0
0
0
0
0
0
0
0
0
0
0
0
0
0
0
0
0
0
0
0
0
0
0
0
0
0
0
0
0
0
0
0
0
0
0
0
0
0
0
0
0
0
0
0
0
0
0
0
0
0
0
0
0
0
0
0
0
0
0
0
0
0
0
0
0
0
0
0
0
0
0
0
0
0
0
0
0
131
155
165
143
145
150
153
146
152
154
136
115
85
88
89
69
75
72
43
20
12
-11
-27
-42
-78
-108
-118
-122
-146
-171
-173
-189
-214
-218
-240
-260
-268
-273
-254
-256
-247
-242
-234
-209
-212
-212
-225
-213
-188
-181
-170
-172
-170
-158
-154
-148
-119
-104
-108
-93
-82
-72
-67
-59
-47
-50
-46
-47
-67
-73
-70
-75
-71
-69
-78
-83
-81
-83
-80
-69
-55
-31
-15
-12
8
37
53
79
109
120
156
200
217
254
290
331
376
409
462
511
551
594
632
668
713
765
806
822
840
876
886
903
919
882
833
782
700
612
546
457
356
271
177
98
19
-84
-162
-232
-317
-402
-499
-568
-631
-733
-798
-838
-898
-926
-950
-988
-997
-1017
-1024
-996
-1001
-999
-958
-918
-875
-816
-769
-743
-680
-637
-601
-524
-489
-474
-429
-379
-352
-331
-290
-270
-247
-208
-208
-201
-158
-159
-170
-178
-203
-205
-224
-242
-253
-254
-253
-259
-233
-212
-182
-119
-68
-20
70
161
242
363
481
600
733
880
1037
1201
1390
1560
1737
1899
2028
2162
2269
2334
2373
2375
2326
2242
2121
1978
1792
1553
1345
1110
841
578
293
27
-240
-516
-729
-938
-1155
-1327
-1512
-1664
-1807
-1945
-2015
-2080
-2125
-2152
-2140
-2083
-2026
-1940
-1838
-1699
-1527
-1342
-1157
-985
-798
-610
-422
-210
0
175
345
533
696
839
1003
1145
1239
1343
1453
1508
1536
1544
1514
1478
1413
1294
1162
1012
828
637
442
226
-4
-232
-442
-633
-811
-982
-1142
-1276
-1375
-1460
-1538
-1575
-1579
-1558
-1495
-1413
-1346
-1271
-1159
-1028
-883
-726
-581
-444
-305
-196
-103
1
48
82
116
115
144
146
129
104
76
84
49
40
65
87
119
137
180
206
252
350
434
595
768
930
1123
1293
1471
1625
1770
1897
1989
2082
2131
2129
2087
2001
1898
1803
1693
1549
1390
1224
1032
819
611
410
211
7
-190
-354
-515
-677
-809
-955
-1104
-1208
-1329
-1406
-1453
-1527
-1550
-1590
-1618
-1614
-1646
-1616
-1600
-1574
-1468
-1424
-1356
-1263
-1213
-1103
-990
-906
-781
-644
-527
-413
-316
-230
-113
-9
96
221
327
412
480
565
636
668
726
772
806
879
895
851
821
762
700
646
567
512
447
392
335
226
139
53
-1
-14
-58
-64
-86
-104
-100
-141
-129
-127
-129
-80
-54
-32
-21
-24
-21
-21
-17
4
14
15
51
42
35
13
-37
-47
-85
-97
-97
-138
-170
-225
-304
-378
-460
-539
-582
-652
-723
-769
-873
-957
-1007
-1096
-1116
-1084
-1077
-1018
-978
-952
-880
-809
-659
-479
-295
-44
229
514
801
1117
1419
1706
2073
2383
2651
2906
3043
3140
3166
3120
3048
2896
2711
2491
2227
1938
1585
1190
789
375
9
-296
-597
-877
-1147
-1425
-1689
-1924
-2105
-2242
-2329
-2361
-2378
-2370
-2340
-2344
-2313
-2182
-2031
-1874
-1647
-1392
-1166
-948
-733
-527
-313
-68
217
501
761
995
1179
1303
1399
1492
1571
1602
1599
1582
1532
1445
1324
1157
950
733
565
421
218
2
-200
-429
-661
-882
-1098
-1271
-1379
-1477
-1540
-1569
-1634
-1664
-1705
-1721
-1647
-1571
-1442
-1306
-1204
-1062
-929
-777
-619
-513
-346
-158
-16
117
206
312
377
393
469
494
494
503
454
419
385
307
224
161
117
103
100
91
122
210
337
504
693
866
1028
1210
1429
1658
1860
2035
2190
2307
2382
2419
2423
2419
2384
2280
2124
1936
1712
1485
1220
932
642
341
66
-203
-424
-633
-842
-977
-1150
-1307
-1391
-1481
-1514
-1527
-1516
-1489
-1522
-1515
-1510
-1529
-1499
-1465
-1400
-1351
-1316
-1252
-1209
-1135
-1078
-1013
-896
-789
-658
-552
-468
-379
-319
-250
-172
-74
42
159
278
401
507
574
653
707
790
909
943
981
991
949
893
789
707
594
424
294
215
108
-21
-168
-327
-457
-590
-633
-642
-665
-634
-588
-538
-517
-484
-457
-439
-362
-253
-138
-78
-70
-61
-95
-123
-86
-89
-93
-43
-17
11
-14
-60
-111
-217
-257
-263
-285
-307
-364
-434
-551
-657
-752
-878
-870
-808
-773
-722
-727
-764
-820
-824
-717
-598
-424
-219
19
350
655
923
1151
1393
1749
2138
2583
2995
3237
3394
3491
3560
3550
3436
3309
3128
2950
2762
2463
2085
1573
1037
585
165
-188
-550
-908
-1229
-1558
-1801
-2045
-2332
-2506
-2603
-2625
-2567
-2540
-2525
-2519
-2500
-2390
-2271
-2124
-1959
-1824
-1611
-1430
-1290
-1104
-961
-832
-640
-383
-133
44
181
297
344
373
486
578
687
864
1028
1194
1273
1297
1295
1248
1341
1489
1532
1554
1494
1353
1180
915
657
377
39
-228
-428
-586
-755
-949
-1141
-1344
-1451
-1468
-1426
-1319
-1187
-1039
-931
-807
-723
-714
-646
-594
-522
-417
-365
-309
-259
-225
-184
-147
-111
-80
-55
-28
-3
15
33
27
-20
-100
-201
-308
-423
-524
-580
-601
-615
-623
-607
-568
-564
-631
-715
-721
-595
-346
-19
319
618
865
1074
1298
1582
1915
2267
2620
2915
3106
3263
3390
3400
3295
3116
2836
2537
2357
2221
1983
1676
1328
912
516
222
-66
-418
-744
-997
-1204
-1344
-1452
-1638
-1883
-2055
-2123
-2167
-2200
-2187
-2151
-2098
-1967
-1808
-1722
-1654
-1559
-1449
-1326
-1196
-1057
-934
-830
-653
-444
-300
-188
-206
-168
-103
-138
0
91
203
372
444
661
654
574
671
669
796
882
973
1076
952
1021
1097
979
805
499
239
-74
-410
-461
-481
-681
-665
-375
-178
-43
71
9
-93
-63
5
-11
-199
-495
-639
-718
-983
-1206
-1142
-1062
-1056
-831
-531
-452
-358
-153
-157
-307
-292
-174
-95
10
93
-59
-427
-800
-974
-1002
-1130
-1222
-965
-525
-204
-34
-158
-646
-1254
-1508
-1381
-1068
-21
1721
3381
4614
5424
5633
5255
4843
4411
4008
3437
2667
2430
1923
1110
288
-931
-1688
-2448
-2597
-1928
-2060
-1565
-871
-791
-228
-42
75
141
149
766
934
939
727
242
206
-94
-39
14
-489
-386
-488
-850
-1072
-1400
-1488
-1692
-1419
-1091
-1327
-1096
-1080
-987
-676
-673
-239
-203
-148
95
-24
33
-469
-752
-843
-1245
-996
-925
-1005
-1001
-1152
-982
-753
-150
725
1430
2107
2123
1768
1467
1171
906
367
-48
-831
-1186
-1123
-1776
-1497
-1414
-1267
-9
584
1134
1543
1579
1625
1629
1671
1492
1184
725
617
494
-225
-992
-1656
-2052
-1862
-1170
-417
61
175
-32
-477
-1062
-1446
-1512
-1323
-955
-601
-236
-27
-59
-187
-344
-626
-770
-617
-489
-343
-642
-739
-879
-1573
-1770
-2161
-2183
-2193
-2440
-2097
-2222
-1578
194
2634
5594
7797
8945
8590
7452
6404
5316
4011
2386
1097
60
-248
-236
-690
-1199
-2050
-2163
-1917
-1244
63
432
1272
1938
1616
1317
273
-989
-1462
-1452
-1466
-1499
-1832
-2193
-2004
-1635
-958
-211
8
58
194
213
-33
-532
-1012
-1485
-1900
-1650
-1187
-1038
-850
-1064
-1040
-501
-374
-57
124
-116
18
237
-237
-1305
-2051
-2861
-3309
-2318
-1081
119
1106
703
358
345
-243
136
862
1549
2788
3454
3688
3102
1307
-436
-1661
-2474
-2137
-1537
-1063
165
442
584
1124
623
659
1163
1352
2040
2314
1622
1272
421
-838
-1360
-1794
-1506
-860
-152
545
658
806
564
185
181
-185
-753
-890
-1301
-1852
-1791
-2109
-2264
-1647
-1254
-539
453
469
295
370
-400
-1050
-795
-910
-1392
-1857
-3107
-4384
-4715
-4598
-3442
-1543
-287
579
1243
764
-484
-1211
-1592
-831
2118
6364
10221
11766
11107
8908
6095
4500
3003
1128
146
-506
100
1526
1199
447
-529
-2214
-1986
-909
-304
1190
2147
2459
2906
1789
-156
-1580
-2818
-3158
-2502
-1882
-2005
-2383
-1952
-1663
-1580
-610
-11
-93
-470
-1060
-906
-959
-1854
-2395
-2582
-2977
-2842
-1624
-1182
-1430
-756
-311
-28
636
804
419
371
843
558
-270
-1435
-2701
-2709
-2343
-1524
270
1069
875
988
1249
2013
3252
3525
3133
2434
890
91
-118
-1016
-1977
-3139
-3242
-1953
-863
675
1705
1819
2478
2587
2316
2527
1737
440
229
-49
-277
242
28
-206
266
356
545
984
576
158
386
265
157
-39
-909
-2197
-2981
-2618
-2577
-2618
-1776
-959
44
755
610
601
-431
-2010
-1930
-2153
-3214
-3563
-3464
-3063
-2525
-2378
-2858
-3133
-2876
-1904
79
1484
1163
-52
-1033
-1260
366
3506
6766
9948
11042
10103
9060
7127
5098
3247
652
-1099
-1496
-866
727
1682
1333
878
356
-255
-37
483
873
1134
1124
1205
1007
353
-683
-2047
-2507
-2464
-2931
-2756
-2879
-3067
-1865
-1097
-313
708
539
-85
-761
-1496
-2174
-2679
-2800
-2493
-1987
-1337
-657
-282
-52
-227
-432
-171
8
430
836
411
144
-172
-1834
-3173
-3319
-3528
-2691
-747
774
1987
2050
1103
1154
1800
1871
2072
1960
801
-234
-668
-407
-543
-1572
-2286
-2553
-1376
409
1401
2801
3546
2734
2444
2534
1477
494
-27
-807
-558
420
415
434
859
564
899
1748
1489
1222
759
-554
-949
-1027
-1806
-2171
-2823
-3358
-3090
-2765
-1900
-1067
-175
531
485
942
907
46
-494
-1834
-3654
-4308
-4693
-4353
-2711
-1897
-1335
-674
-1169
-1398
-675
-113
74
20
-111
165
1634
4427
7319
9779
10470
8651
6608
4960
3748
2773
711
-1609
-2410
-1518
-208
1198
2063
1717
1428
940
425
914
1021
324
-2
-78
-564
-828
-1526
-3034
-2999
-2912
-3781
-3139
-2351
-1786
-539
293
1352
2306
1762
-27
-1583
-2209
-3168
-3556
-2521
-1806
-904
225
435
1092
1296
277
94
188
39
82
-43
-479
-509
-344
-1460
-2505
-2702
-3030
-2830
-1082
923
1810
2605
2148
1273
2157
2034
1102
939
-593
-2106
-1183
-24
610
907
-624
-2039
-1206
72
789
1488
1885
1756
1514
1685
1625
723
-253
-1391
-1662
-29
623
271
993
822
479
1383
748
-778
-1330
-1945
-1927
-1297
-1500
-1817
-2055
-2709
-2869
-2111
-1014
-103
272
253
162
-6
-333
-1120
-2141
-2434
-2497
-2948
-2504
-1276
-335
922
1140
-927
-2830
-3898
-4050
-1257
3655
8230
11821
13106
11285
8461
5513
2615
70
-2699
-4317
-3989
-1946
1032
2406
3083
3763
2274
1515
2555
2036
1722
1537
-118
-210
-38
-1691
-2445
-2730
-3739
-3489
-2462
-2010
-1250
-725
-300
1067
2269
2784
1636
-855
-2791
-4341
-4950
-4994
-4763
-3238
-1842
-702
1090
2304
2503
2021
1207
1112
1339
746
-182
-795
-1130
-1672
-2704
-3626
-3926
-3393
-1965
238
2688
4228
4062
2628
1338
648
124
-431
-1087
-1355
-1395
-1480
-1248
-790
-744
-1433
-1260
-4
1071
2061
1950
1319
1050
59
-64
392
-163
-11
341
48
730
1413
975
863
779
586
1217
1409
1018
640
-572
-1449
-1424
-1918
-2203
-2048
-2135
-1602
-780
-391
-258
-405
-473
-461
-185
457
358
-141
-716
-2344
-3841
-4232
-4188
-3177
-1581
-924
-830
-453
-228
-232
-41
-369
-1273
-1614
-1690
-789
2687
6844
9811
11588
11227
9257
7240
5056
2719
444
-1634
-3142
-3275
-1368
618
1395
2003
1894
1122
1339
1536
1040
1141
325
-1009
-735
-1026
-2003
-2502
-3284
-3276
-2972
-3452
-3496
-2584
-1228
-12
1387
3067
3872
2780
92
-2430
-3955
-4958
-5393
-4731
-2969
-924
638
1704
2421
2382
1351
150
50
754
729
21
-434
-689
-1224
-2300
-3349
-3574
-3129
-1899
275
2710
4697
5045
3908
3357
2845
1043
-649
-1915
-3083
-2967
-2160
-1546
-601
-418
-1092
-828
41
981
1865
1841
1715
1630
646
121
181
-529
-1056
-973
-457
721
1304
1362
1979
1816
767
496
-341
-1832
-2533
-3358
-3581
-2791
-2192
-2234
-2235
-1038
40
144
299
182
-604
-1134
-1613
-2085
-1463
-1159
-1809
-1976
-2148
-2660
-2447
-1643
-1021
-558
-120
326
1493
4566
8499
11589
12725
10973
7799
4389
1350
-873
-2671
-4015
-4612
-3003
219
2623
4327
5367
4688
3550
3244
2596
1848
1209
-480
-2016
-2463
-2923
-3597
-3980
-3783
-3093
-2503
-1753
-354
1200
2350
2577
2272
2261
1232
-1491
-3754
-4888
-5564
-5337
-4400
-2837
-735
465
980
1871
2393
2086
1308
864
1388
1507
255
-1020
-1579
-2326
-3659
-4465
-3972
-2678
-977
835
2758
4779
5096
3141
1418
722
-76
-888
-1625
-2030
-1621
-1327
-817
397
126
-1431
-1925
-1535
-259
1778
2613
2513
2254
1171
153
-147
-600
-1209
-1482
-1202
-30
718
1018
1848
1495
781
481
-420
-788
-1147
-2066
-2241
-1832
-1547
-1433
-1859
-2044
-1533
-1460
-1095
-550
-836
-1074
-1535
-2133
-1715
-1396
-1984
-2269
-1927
-1508
-1487
-2033
-2480
-2006
-1379
-1233
409
3913
7508
10693
12365
11233
8564
5669
2488
86
-1460
-3067
-3766
-2745
-466
1114
1927
3180
2666
1817
2507
2011
1966
2836
2064
1492
956
-1355
-2912
-3264
-4011
-3785
-3154
-3184
-2159
-109
1357
2174
2699
2762
2076
-43
-2268
-3662
-4476
-4307
-4181
-2970
-715
314
1461
2388
2107
2066
1440
496
1036
1000
-709
-1965
-2391
-2677
-3124
-3622
-3476
-2523
-1055
453
1990
3404
3229
1446
391
716
931
1003
517
-591
-560
-423
-647
143
-29
-2597
-3697
-2332
-1596
73
1691
1246
2157
2771
1381
1275
904
-848
-1145
-739
-567
-125
-147
-375
-169
204
-36
-390
-37
86
-423
-627
-615
-559
-528
-1921
-2664
-1756
-2126
-2230
-1366
-1498
-1415
-843
-1231
-1422
-821
-1097
-1316
-552
-334
-690
-1229
-2229
-2421
-1849
-1655
-510
2179
5775
8996
10364
10276
8396
5042
3009
1794
-175
-1055
-2231
-3034
-585
623
836
2264
1326
441
1196
951
2283
4204
2772
1459
1187
-442
-1326
-1929
-3235
-2802
-2211
-2643
-1733
-728
-39
902
1112
1666
1708
352
-1498
-3117
-3345
-3335
-3600
-2722
-1378
-172
1169
1625
2063
2669
1256
180
1047
924
-454
-1608
-2225
-2318
-2827
-3869
-3832
-2440
-1051
-414
904
3067
3466
2096
1003
982
1868
2402
1175
11
58
-1436
-2419
-989
-1366
-2480
-2498
-3072
-1287
1812
2136
2692
3597
2401
1623
1112
-245
-1160
-1913
-2130
-1806
-1306
-358
-108
41
607
5
-377
341
-264
-1120
-1090
-1626
-1205
-788
-2206
-2512
-2062
-2352
-1505
-667
-794
-120
204
-369
-83
53
-740
-999
-917
-1031
-948
-1489
-2517
-2581
-2106
-1248
972
4139
7470
9889
10278
8921
6265
3719
2174
209
-1573
-2576
-3306
-1936
-105
32
1138
1862
818
1284
2179
2370
3322
3166
2180
1999
539
-1789
-2864
-3341
-3173
-2334
-1867
-1155
-252
89
770
1620
1906
1674
393
-1155
-1964
-2713
-3540
-4067
-3789
-2697
-1423
281
1551
1747
2025
1592
731
1210
1375
397
-574
-1439
-1600
-1725
-3045
-4096
-4036
-3382
-1985
-35
2168
3812
3673
2744
2432
2256
1791
616
-843
-1170
-1516
-2229
-1596
-1207
-1904
-2299
-2654
-1663
874
2292
3175
4232
4045
2809
1063
-609
-1769
-2731
-2890
-2051
-674
659
709
236
273
-371
-1064
-734
-610
-432
42
-443
-663
-428
-1768
-3065
-2931
-2821
-2255
-1302
-982
-300
360
-85
-675
-867
-1038
-1169
-982
-726
-660
-625
-1417
-2508
-2205
-1553
-547
2459
6277
9503
11170
10273
7601
4279
1947
1013
-59
-976
-1977
-2736
-1296
-183
-620
-246
-536
-967
1006
2978
3888
4730
4246
2691
1299
-358
-2125
-3134
-3473
-3370
-2362
-1155
-1020
-1015
-382
-77
452
1744
2012
868
-362
-1645
-2765
-3065
-3176
-3235
-2598
-1328
242
1390
1634
1363
738
227
570
1223
1124
96
-1075
-1766
-2467
-3560
-4511
-4700
-3911
-2303
-17
2478
4281
4972
4585
3815
3308
2352
691
-995
-2140
-2383
-2513
-2631
-2340
-3107
-4029
-2904
-715
1896
4344
5544
5845
4393
1693
-323
-2237
-3395
-3171
-2576
-1055
413
835
912
-278
-1872
-2265
-1840
-247
1357
1692
1491
239
-1583
-3103
-4865
-5356
-3954
-2234
-418
1366
2374
2052
319
-1775
-2924
-2464
-1176
-51
1312
1378
-614
-2425
-3847
-4235
-1844
2316
6649
10685
11970
9540
6633
3947
2061
975
-931
-1481
-534
778
1469
-763
-2690
-2476
-2452
-944
1154
2155
4156
4691
3055
1970
189
-1682
-2513
-2826
-1705
-368
225
276
-1089
-2195
-2475
-1818
893
2465
2256
1738
230
-1337
-2842
-4317
-4558
-3460
-2212
-685
1487
2614
2059
497
-669
-454
146
293
293
613
1001
120
-2098
-3977
-5429
-6196
-5337
-2570
1238
3835
4568
3916
3196
2284
789
918
1401
1164
464
-1088
-957
-1027
-3119
-4521
-4925
-3229
-246
1766
3487
4207
3333
2166
1386
639
-487
-1578
-1561
-598
228
483
53
-847
-1562
-1682
-1146
362
1425
1557
1344
328
-168
-1189
-3069
-4071
-4651
-3498
-1613
-675
372
127
-829
-1235
-2081
-1537
-23
650
1783
1877
720
-346
-2949
-4667
-4045
-2934
-149
3535
6897
9705
10636
9262
5788
2609
1639
1973
2308
2021
1113
189
-551
-1868
-2757
-2872
-2525
-622
1384
2699
3786
3169
1679
245
-1489
-1543
-438
199
746
351
-540
-1789
-3542
-3633
-2503
-933
1751
3003
2389
1540
-527
-2442
-3825
-4418
-2807
-1162
21
478
314
117
-790
-1462
-1703
-820
984
2218
2874
2744
1336
-1100
-3904
-6574
-7221
-5464
-2853
410
3351
4968
5476
4220
1653
60
173
1627
2707
1891
-114
-2027
-2669
-2848
-3181
-3232
-2522
-160
2568
4033
3894
2618
892
-994
-2030
-1767
-946
-499
-532
-739
-1135
-1506
-2326
-3178
-3024
-1945
-70
1328
1760
1402
-357
-2159
-2950
-2846
-2194
-2082
-2059
-1582
-1317
-1064
-1101
-1388
-1004
-49
1752
3111
2533
1318
595
934
2007
3342
5133
6577
6739
5483
3556
2416
2801
3418
3114
2207
1118
534
-65
-1783
-3250
-3246
-2067
62
1476
1309
1154
920
-169
-1288
-1808
-1478
-641
9
554
843
247
-1228
-2550
-2462
-1015
754
2054
2313
1313
-355
-1842
-2752
-3156
-2686
-1388
-159
509
516
232
-439
-1317
-1407
-489
876
2155
2758
1646
315
-371
-1821
-3030
-3479
-2735
-689
198
-405
-1021
-1555
-1941
-1332
200
1910
3293
3594
2590
760
-891
-1243
-564
-666
-2204
-3110
-2423
-1179
-462
-173
579
817
831
1222
1136
1109
1093
802
486
322
244
7
-326
-736
-857
-722
-631
-455
-428
-806
-797
-623
-725
-541
-1110
-2016
-2151
-2207
-1984
-1400
-863
-873
-1118
-705
-498
-556
19
586
841
663
26
-329
-836
-1178
-700
-282
533
2089
3779
5525
6582
6608
5644
4169
4397
5565
5209
3834
1519
-697
-1573
-1949
-1700
-893
-222
-199
-493
-432
-200
-285
-653
-1205
-1963
-1316
186
320
-847
-2064
-2066
-1898
-2038
-1214
167
987
1123
945
309
-855
-2327
-3195
-2837
-1821
-327
828
565
-339
-948
-1195
-1001
-467
432
1447
2234
2610
1768
212
-893
-1530
-1496
-1260
-1542
-1410
-966
-816
-86
708
1242
1501
641
-481
-513
1045
2444
1951
332
-1393
-2261
-2182
-1537
-1391
-2012
-1382
270
1649
2209
1550
647
-438
-1103
-97
1089
1131
304
-695
-1372
-1666
-1483
-1815
-2608
-2169
-1199
-490
282
224
-792
-2329
-3133
-2259
-1329
-972
-1314
-2120
-2173
-2020
-1765
-1602
-1653
-1040
-73
1823
3523
3036
1697
521
225
1912
4866
7355
8361
7537
5521
3561
2513
3097
4141
4072
3183
1867
879
414
-519
-1641
-2142
-2043
-1461
-817
-429
-235
-382
-825
-1170
-971
-459
-311
-391
-460
-539
-702
-1513
-2501
-2479
-1752
-895
-156
-25
-239
-479
-950
-1369
-1501
-1498
-1378
-1274
-1151
-745
-154
478
934
929
932
1114
987
790
605
228
192
368
180
-182
-660
-1351
-2121
-2543
-2165
-1292
-112
1202
1856
1963
1907
1402
561
-441
-1080
-518
628
1000
-3
-1838
-3066
-2975
-1886
-466
487
920
921
235
-423
-355
125
817
1351
1265
980
620
-153
-839
-1101
-1112
-752
-523
-974
-1491
-1630
-1570
-1329
-884
-682
-1122
-1670
-1961
-2046
-1568
-1113
-1076
-746
-693
-1160
-1222
-982
-324
665
1065
991
486
-188
233
1484
2559
3429
4120
4514
4560
4575
4693
4807
5543
6160
4998
3089
1940
1333
1202
1315
895
88
-427
-966
-2120
-2969
-2407
-1019
-17
-77
-926
-1621
-1944
-2103
-1809
-1078
-433
-392
-1042
-1400
-1017
-994
-1265
-701
102
245
-26
-768
-1748
-2044
-1805
-1619
-1322
-929
-644
-375
-53
274
386
293
417
627
763
913
585
43
-121
-303
-582
-798
-1205
-1227
-457
491
1256
1179
486
-15
95
1059
1864
2051
1088
-830
-2114
-2129
-981
-218
-581
-1160
-1305
-854
-415
-231
-65
152
354
601
883
819
206
-480
-700
-432
-37
-239
-1145
-2170
-2550
-2185
-1488
-731
-787
-1482
-1859
-1477
-1015
-1454
-1676
-1772
-2055
-1172
-255
-435
-1188
-1803
-1561
-942
495
2060
1581
428
64
840
2531
3747
4788
5476
5539
5327
4578
4043
4522
6116
7185
5725
2654
473
57
670
1455
1078
-358
-1353
-1937
-2509
-2644
-2232
-1543
-932
-1006
-1620
-1704
-1222
-1084
-908
-30
466
-149
-898
-1294
-1676
-1724
-1141
-544
-398
-630
-1293
-2134
-2223
-1330
-495
-340
-426
-426
-442
-314
-47
105
203
440
700
696
470
-5
-459
-506
-401
-506
-552
-644
-1017
-656
88
850
1337
1125
727
68
598
1217
751
526
195
346
631
547
-162
-1389
-1516
-868
-317
168
225
-375
-1029
-1308
-649
210
670
630
-308
-374
-40
-45
-136
-466
-536
-1423
-1937
-1923
-2420
-2240
-2155
-2024
-1572
-1334
-1441
-2621
-2886
-1922
-1370
-377
-111
-801
-1366
-1868
-1227
-253
913
1858
1055
203
-162
-14
1355
3552
5832
6713
6075
4579
2812
2716
5270
8162
8460
5782
1875
-609
-94
2000
2840
1774
190
-1248
-2322
-2359
-1567
-1080
-1052
-1046
-1320
-1782
-1763
-1733
-2332
-2197
-567
466
-322
-1362
-1622
-1463
-770
285
692
284
-614
-2014
-2875
-1926
-311
-117
-1045
-1609
-1581
-1235
-454
255
245
204
618
733
331
48
-149
-284
13
203
-338
-1043
-1199
-1412
-1141
274
1359
1700
1385
654
172
553
1516
1358
749
326
-515
-896
-751
-512
-468
-377
64
35
6
45
-414
-348
306
1178
1583
749
-418
-1367
-1410
-600
-150
25
-405
-1327
-2099
-2495
-1896
-1403
-1605
-2062
-2787
-2407
-1450
-1467
-2017
-2686
-2809
-2178
-1190
-522
-690
-822
-1179
-1435
-224
1138
1537
949
-112
-277
840
3367
5668
6088
5473
4106
2893
3397
5910
8378
8079
5467
2093
183
1180
3123
3838
2541
265
-2060
-3812
-3098
-1057
-335
-909
-1764
-2129
-2308
-2144
-1812
-2259
-1798
-246
230
-224
-750
-1148
-1558
-1243
133
708
400
-324
-1572
-2139
-1540
-347
-305
-1479
-2115
-1937
-986
12
445
346
-30
-103
34
391
735
558
172
-15
-305
-806
-1093
-951
-718
-467
271
1081
1278
848
412
405
1106
1904
1300
232
-585
-1165
-768
-190
-353
-1313
-1762
-1296
-817
246
1130
893
243
-420
-394
518
1561
1458
171
-411
-400
-486
-484
-746
-690
-521
-672
-940
-1619
-1993
-2545
-3280
-2465
-1348
-1285
-2244
-3439
-3334
-2396
-1143
-237
-385
-1044
-1650
-1272
-56
1171
1600
767
-340
-487
691
2672
4540
5240
4603
3292
2388
3142
5593
7866
7989
5809
2660
1004
1614
3344
4436
3478
1433
-938
-2786
-2854
-1563
-411
-696
-1793
-2710
-3083
-2510
-1460
-956
-948
-795
-1007
-1700
-1875
-1333
-792
-447
62
209
-479
-1268
-1520
-1155
-257
592
298
-902
-1768
-2009
-1841
-1203
-77
335
-158
-615
-1054
-817
104
938
1122
588
266
-97
-465
-196
273
688
794
556
-45
-706
-566
421
1798
2306
1379
-175
-1096
-411
843
1259
433
-971
-1754
-1548
-578
489
841
196
-930
-1388
-408
1203
2089
1598
306
-471
-597
-445
-366
-495
-549
-935
-1496
-1801
-1953
-1930
-2072
-2188
-2016
-1990
-2286
-2998
-3389
-2798
-1873
-1242
-1294
-1700
-2003
-2050
-1100
391
1232
1240
570
-38
92
1365
3477
4922
5147
4225
3008
2917
4408
6820
7979
6825
4150
1739
1533
3180
4844
4825
2955
280
-2077
-2795
-1609
15
242
-997
-2550
-3634
-3602
-2650
-1731
-1339
-1223
-1444
-2201
-2421
-1741
-842
-215
-155
-366
-900
-1478
-1422
-843
-16
734
757
-281
-1484
-1795
-1295
-485
274
474
-178
-1064
-1346
-869
48
881
976
273
-356
-319
-18
186
480
797
743
406
81
-140
-32
590
1333
1354
375
-913
-1522
-852
729
1689
978
-642
-1907
-1869
-694
574
1143
481
-690
-1323
-911
391
1462
1593
722
-252
-401
-12
319
250
-92
-563
-1091
-1340
-1235
-1144
-1412
-1852
-2101
-2100
-2126
-2296
-2378
-2277
-1980
-1832
-1857
-1777
-1630
-1381
-1203
-761
-161
75
88
32
460
1282
2323
3528
4286
4370
3637
2839
2960
4387
6446
6948
5396
2930
1358
2205
4114
5089
4098
1639
-495
-1342
-585
639
660
-589
-2382
-3619
-3506
-2388
-1225
-1066
-1744
-2356
-2794
-2686
-2008
-1275
-547
-218
-442
-934
-1339
-1325
-913
-170
545
653
-19
-947
-1508
-1228
75
1041
660
-326
-1099
-1148
-586
202
553
97
-409
-636
-497
55
641
820
382
92
69
68
357
489
403
325
532
652
153
-366
-717
-674
-131
421
77
-1019
-1428
-1085
-405
270
455
70
-384
-324
121
558
740
572
-41
-185
497
1010
850
31
-651
-792
-640
-412
-512
-902
-1384
-1787
-1804
-1518
-1424
-1674
-2165
-2448
-2297
-2053
-1893
-1832
-1487
-1148
-1181
-1086
-758
-311
-70
173
744
1287
1927
2685
3401
3707
3373
3179
3641
4898
6255
6312
4705
2623
2133
3370
4638
4662
3093
925
-382
-259
622
1051
361
-1155
-2646
-3217
-2608
-1658
-1418
-2026
-2769
-3056
-2755
-2310
-1934
-1502
-1220
-1103
-1210
-1180
-977
-884
-483
26
208
-17
-419
-690
-674
21
891
832
-49
-631
-562
-308
92
556
507
-82
-366
-103
48
24
156
218
75
174
511
510
121
-253
-277
-33
544
976
266
-898
-1361
-812
-21
47
-457
-1131
-1349
-905
-254
67
-170
-539
-630
-289
360
836
726
306
40
252
595
529
202
-164
-143
-46
-129
-361
-837
-1131
-1310
-1270
-1193
-1274
-1465
-1893
-2026
-1747
-1342
-1379
-1897
-2104
-1812
-1138
-496
-269
-324
-293
-10
383
926
1472
2003
2627
3140
3393
3206
3205
3797
4543
5129
4852
3699
2717
2878
3797
4032
3277
2053
796
20
72
587
610
-283
-1549
-2454
-2629
-2196
-1815
-1974
-2451
-2862
-2904
-2678
-2381
-1936
-1580
-1530
-1623
-1474
-1152
-856
-611
-355
2
-13
-62
-3
-7
134
338
587
283
-110
17
289
408
377
374
80
-57
142
414
519
409
409
175
66
287
425
137
-362
-506
-463
-73
216
-155
-937
-1592
-1266
-510
-163
-350
-1001
-1431
-1296
-604
-107
-193
-398
-606
-530
-223
342
735
595
450
376
401
433
457
453
385
248
-33
-459
-843
-904
-917
-829
-869
-1066
-1228
-1506
-1552
-1452
-1263
-1285
-1545
-1656
-1543
-1084
-821
-816
-849
-794
-437
-2
491
1040
1649
2318
2795
2932
2909
3067
3657
4399
4662
4358
3777
3353
3470
3800
3670
2909
2016
1387
931
807
975
644
-361
-1286
-1738
-1844
-1794
-1767
-2014
-2460
-2581
-2533
-2802
-2851
-2338
-1948
-1992
-1968
-1766
-1743
-1681
-1121
-565
-574
-687
-717
-624
-278
214
660
640
488
430
399
550
679
795
800
749
776
791
753
581
496
588
643
614
641
613
424
284
247
80
-225
-417
-561
-736
-922
-953
-1001
-1224
-1321
-1392
-1356
-1287
-1051
-705
-606
-487
-457
-375
-304
-198
157
354
434
411
445
547
486
371
262
176
108
125
63
-151
-309
-483
-758
-987
-1064
-1081
-1074
-1012
-983
-1120
-1381
-1501
-1397
-1171
-938
-782
-699
-744
-693
-406
5
367
728
1382
1887
2123
2252
2293
2700
3401
4046
4141
3622
3139
3012
3288
3701
3672
2908
1936
1391
1278
1370
1291
705
-109
-606
-802
-1075
-1441
-1677
-1787
-1943
-2094
-2210
-2413
-2532
-2422
-2235
-2044
-1893
-1955
-2073
-1965
-1687
-1299
-1046
-983
-1069
-1138
-844
-417
70
375
423
465
502
665
689
709
890
1003
996
891
819
718
741
843
830
791
720
679
636
524
440
373
214
-1
-281
-567
-794
-995
-1086
-1174
-1259
-1336
-1421
-1308
-1205
-1168
-1045
-928
-718
-448
-253
-150
-43
81
80
175
430
577
499
327
197
198
336
387
308
55
-184
-268
-346
-396
-568
-748
-865
-940
-931
-1000
-1127
-1254
-1197
-1034
-1003
-1001
-912
-746
-594
-449
-318
-139
258
815
1198
1308
1466
1833
2317
2848
3350
3599
3553
3472
3509
3623
3761
3752
3383
2873
2478
2193
1822
1394
1061
608
152
-219
-581
-951
-1280
-1423
-1629
-1974
-2302
-2508
-2664
-2689
-2550
-2630
-2744
-2827
-2858
-2653
-2416
-2136
-1887
-1713
-1572
-1471
-1216
-877
-575
-303
-65
193
415
614
833
1053
1296
1469
1514
1492
1502
1607
1691
1630
1444
1205
1025
946
883
832
679
338
46
-86
-179
-305
-572
-924
-1180
-1313
-1294
-1312
-1438
-1532
-1583
-1437
-1268
-1186
-1080
-1042
-922
-669
-477
-415
-351
-178
85
322
395
342
203
129
266
417
365
149
-101
-270
-312
-260
-247
-436
-702
-846
-813
-620
-460
-493
-705
-791
-655
-502
-300
-186
-163
-52
138
491
888
1193
1432
1585
1885
2250
2480
2741
2939
3072
3137
3090
3120
3122
3042
2873
2543
2133
1739
1485
1225
873
505
89
-323
-657
-907
-1149
-1391
-1587
-1755
-1926
-2066
-2174
-2267
-2322
-2366
-2401
-2391
-2317
-2180
-2043
-1935
-1803
-1609
-1368
-1171
-1068
-895
-640
-347
-30
187
369
447
485
730
1058
1330
1415
1312
1252
1341
1551
1590
1327
1070
914
849
847
675
394
64
-192
-284
-438
-575
-739
-1039
-1245
-1309
-1312
-1311
-1358
-1414
-1446
-1424
-1274
-1094
-969
-871
-749
-530
-360
-195
-40
36
186
329
438
500
446
443
503
533
510
341
153
7
-143
-160
-233
-408
-614
-806
-802
-756
-689
-724
-866
-841
-668
-424
-309
-270
-116
108
351
615
907
1167
1426
1680
1912
2166
2422
2622
2757
2898
3010
2994
2906
2842
2765
2593
2324
1979
1601
1306
1092
797
381
-41
-404
-677
-889
-1110
-1355
-1610
-1797
-1930
-2046
-2171
-2283
-2332
-2393
-2381
-2342
-2305
-2229
-2163
-2001
-1844
-1699
-1448
-1224
-1033
-827
-589
-320
-67
173
454
741
936
1048
1172
1301
1369
1447
1500
1421
1345
1336
1254
1102
966
823
646
458
275
74
-145
-327
-458
-583
-742
-907
-1063
-1178
-1199
-1139
-1108
-1157
-1216
-1231
-1144
-1018
-913
-824
-758
-644
-546
-428
-277
-146
39
160
286
416
431
456
458
472
478
406
314
142
2
-120
-273
-377
-506
-598
-618
-608
-599
-619
-612
-562
-451
-319
-218
-120
11
213
451
615
763
1011
1258
1459
1673
1856
2028
2242
2434
2556
2618
2629
2599
2532
2422
2271
2101
1875
1580
1312
1067
763
414
71
-230
-472
-707
-979
-1258
-1493
-1619
-1689
-1785
-1906
-2065
-2219
-2309
-2269
-2139
-2054
-2006
-1970
-1891
-1731
-1506
-1209
-992
-827
-590
-353
-63
207
424
625
735
843
936
992
1113
1231
1279
1266
1171
1101
1056
959
828
633
465
321
147
-17
-227
-429
-611
-793
-906
-995
-1098
-1213
-1317
-1325
-1277
-1249
-1243
-1268
-1214
-1056
-925
-803
-697
-590
-443
-279
-82
90
195
282
370
481
618
694
683
605
558
593
584
549
457
319
192
55
-1
-52
-140
-224
-335
-380
-404
-412
-384
-389
-368
-316
-207
-53
60
209
334
436
643
890
1146
1388
1570
1736
1892
2006
2098
2196
2259
2261
2211
2099
1955
1799
1615
1407
1178
930
666
400
153
-62
-248
-437
-698
-1012
-1268
-1422
-1485
-1546
-1710
-1913
-2064
-2115
-2026
-1920
-1888
-1849
-1793
-1701
-1511
-1277
-1040
-809
-614
-442
-242
-35
125
283
492
678
804
887
893
889
960
1050
1060
953
831
786
752
715
648
463
242
88
0
-83
-226
-392
-562
-745
-841
-869
-965
-1102
-1192
-1213
-1197
-1171
-1148
-1121
-1061
-943
-838
-790
-697
-562
-394
-234
-99
-9
1
88
255
442
537
489
456
421
460
535
509
440
350
263
185
128
101
36
-50
-97
-121
-137
-154
-207
-231
-180
-120
-37
73
209
379
544
673
797
994
1204
1396
1581
1700
1785
1828
1858
1923
1975
1949
1834
1662
1477
1340
1226
1101
889
617
397
195
9
-162
-330
-517
-724
-894
-1052
-1181
-1275
-1407
-1559
-1691
-1782
-1811
-1776
-1725
-1660
-1566
-1486
-1377
-1237
-1070
-875
-717
-548
-361
-197
-53
92
252
383
476
549
601
645
699
750
769
766
745
692
633
602
554
454
308
203
100
-37
-109
-237
-415
-570
-677
-744
-835
-905
-1019
-1096
-1084
-1067
-1012
-984
-957
-902
-810
-695
-609
-494
-398
-299
-147
-43
38
90
145
226
308
396
426
416
428
475
506
460
377
317
278
261
267
218
112
39
8
9
8
-21
-36
-52
-51
43
164
253
352
457
562
665
772
912
1071
1225
1366
1443
1440
1429
1461
1507
1514
1479
1399
1262
1123
1026
935
797
616
441
264
96
-29
-171
-321
-445
-568
-716
-861
-983
-1075
-1119
-1169
-1224
-1307
-1388
-1349
-1268
-1171
-1088
-1078
-1062
-986
-847
-674
-525
-423
-351
-281
-192
-86
21
93
122
154
203
242
278
302
293
278
284
278
259
259
260
222
151
62
-34
-104
-142
-209
-323
-435
-523
-578
-604
-635
-676
-717
-759
-751
-691
-635
-578
-520
-499
-452
-344
-237
-153
-61
19
98
182
238
291
338
394
449
466
472
476
525
529
466
407
358
350
337
310
241
151
85
7
-15
-22
-45
-60
-73
-66
-35
19
71
138
248
357
427
500
587
667
750
843
926
946
967
1018
1036
1035
986
935
899
837
804
737
633
542
444
352
246
132
33
-75
-172
-255
-364
-485
-570
-624
-664
-698
-761
-852
-913
-911
-869
-833
-826
-819
-809
-769
-702
-640
-561
-517
-480
-431
-391
-342
-280
-194
-131
-81
-26
-4
17
47
95
153
176
174
163
136
113
97
51
0
-43
-90
-143
-204
-277
-354
-434
-487
-509
-547
-590
-604
-618
-625
-585
-523
-486
-462
-408
-327
-258
-186
-108
-50
7
87
177
242
279
314
360
401
436
479
487
489
512
511
485
427
392
378
370
371
339
286
232
209
205
195
190
159
149
187
218
261
309
330
367
423
469
522
589
630
655
690
705
697
691
687
675
646
591
525
459
396
352
309
244
164
67
-19
-97
-157
-190
-239
-300
-368
-441
-487
-533
-561
-570
-595
-611
-630
-650
-642
-616
-612
-616
-619
-619
-586
-546
-521
-492
-468
-457
-433
-397
-364
-319
-273
-220
-190
-175
-152
-132
-83
-36
-3
2
-23
-27
-29
-12
6
-9
-23
-41
-63
-79
-98
-110
-133
-146
-123
-120
-138
-145
-143
-125
-116
-113
-112
-111
-83
-40
-10
6
18
31
60
106
157
205
241
278
316
329
337
351
356
366
370
351
318
287
276
281
271
241
199
156
144
149
146
149
149
140
145
166
182
186
198
218
252
293
319
330
342
360
385
406
407
401
394
383
378
378
362
320
277
248
219
185
149
103
52
20
2
-28
-75
-135
-185
-212
-235
-262
-290
-336
-382
-407
-437
-466
-481
-488
-499
-518
-527
-536
-554
-546
-520
-512
-510
-511
-506
-490
-468
-443
-428
-415
-402
-380
-371
-363
-340
-319
-267
-247
-224
-198
-181
-138
-112
-68
-60
-58
-34
-6
36
43
49
39
40
51
74
116
125
158
173
174
187
196
224
243
271
303
317
307
284
281
298
338
357
356
349
319
305
288
283
299
300
308
293
279
265
232
224
227
226
213
192
173
156
154
153
125
107
113
128
168
204
217
223
217
239
290
312
323
332
322
318
328
311
279
259
238
210
182
157
111
60
19
-30
-81
-137
-199
-257
-302
-349
-410
-478
-535
-564
-581
-592
-627
-661
-687
-713
-707
-710
-696
-682
-657
-623
-610
-563
-531
-496
-455
-416
-365
-342
-294
-242
-190
-137
-97
-51
-21
17
69
120
155
181
210
229
233
231
226
222
236
250
236
203
182
169
160
167
172
157
127
112
111
100
86
86
77
69
81
87
93
88
79
96
105
136
161
176
188
195
236
250
257
287
310
325
325
328
334
328
319
316
312
302
298
281
253
236
227
213
187
154
134
127
130
144
132
86
48
34
37
50
59
50
28
17
14
3
-10
-23
-33
-40
-56
-68
-89
-128
-159
-176
-196
-214
-241
-278
-290
-307
-330
-367
-401
-408
-411
-401
-420
-446
-465
-486
-459
-445
-452
-453
-458
-443
-416
-377
-351
-343
-324
-286
-242
-205
-176
-149
-118
-89
-55
-24
-8
-5
-4
19
55
79
97
99
101
119
137
147
161
167
167
180
194
200
211
221
230
248
269
275
275
270
262
273
300
312
303
281
254
242
248
247
236
225
216
209
206
207
193
174
159
146
149
163
164
150
141
132
121
114
107
124
127
118
120
105
87
72
66
68
64
54
18
0
-18
-53
-54
-61
-84
-102
-120
-131
-137
-143
-163
-178
-180
-189
-188
-182
-190
-189
-182
-184
-188
-193
-200
-188
-171
-171
-175
-179
-198
-209
-195
-187
-190
-187
-188
-183
-166
-158
-145
-137
-133
-110
-98
-81
-68
-66
-64
-62
-50
-43
-36
-29
-21
-14
-19
-13
-5
-14
-16
-5
-6
-9
-17
-23
-22
-12
3
-7
-11
-3
2
4
11
23
16
33
56
63
86
86
77
89
109
125
147
163
148
165
183
171
185
186
176
187
201
209
201
189
179
175
172
174
170
161
156
149
145
128
116
103
96
99
89
84
67
56
39
24
26
20
16
-1
-15
-21
-19
-26
-39
-33
-39
-36
-28
-25
-25
-38
-46
-52
-58
-60
-63
-72
-84
-97
-98
-106
-129
-145
-154
-152
-159
-171
-174
-189
-191
-183
-188
-189
-194
-185
-177
-178
-159
-150
-148
-140
-131
-111
-99
-82
-62
-57
-34
-19
0
0
0
0
0
0
0
0
0
0
0
0
0
0
0
0
0
0
0
0
0
0
0
0
0
0
0
0
0
0
0
0
0
0
0
0
0
0
0
0
0
0
0
0
0
0
0
0
0
0
0
0
0
0
0
0
0
0
0
0
0
0
0
0
0
0
0
0
0
0
0
0
0
0
0
0
0
0
0
0
0
0
0
0
0
0
0
0
0
0
0
0
0
0
0
0
0
0
0
0
0
0
0
0
0
0
0
0
0
0
0
0
0
0
0
0
0
0
0
0
0
0
0
0
0
0
0
0
0
0
0
0
0
0
0
0
0
0
0
0
0
0
0
0
0
0
0
0
0
0
0
0
0
0
0
0
0
0
0
0
0
0
0
0
0
0
0
0
0
0
0
0
0
0
0
0
0
0
0
0
0
0
0
0
0
0
0
0
0
0
0
0
0
0
0
0
0
0
0
0
0
0
0
0
0
0
0
0
0
0
0
0
0
0
0
0
0
0
0
0
0
0
0
0
0
0
0
0
0
0
0
0
0
0
0
0
0
0
0
0
0
0
0
0
0
0
0
0
0
0
0
0
0
0
0
0
0
0
0
0
0
0
0
0
0
0
0
0
0
0
0
0
0
0
0
0
0
0
0
0
0
0
0
0
0
0
0
0
0
0
0
0
0
0
0
0
0
0
0
0
0
0
0
0
0
0
0
0
0
0
0
0
0
0
0
0
0
0
0
0
0
0
0
0
0
0
0
0
0
0
0
0
0
0
0
0
0
0
0
0
0
0
0
0
0
0
0
0
0
0
0
0
0
0
0
0
0
0
0
0
0
0
0
0
0
0
0
0
0
0
0
0
0
0
0
0
0
0
0
0
0
0
0
0
0
0
0
0
0
0
0
0
0
0
0
0
0
0
0
0
