0
0
0
0
0
0
0
0
0
0
0
0
0
0
0
0
0
0
0
0
0
0
0
0
0
0
0
0
0
0
0
0
0
0
0
0
0
0
0
0
0
0
0
0
0
0
0
0
0
0
0
0
0
0
0
0
0
0
0
0
0
0
0
0
0
0
0
0
0
0
0
0
0
0
0
0
0
0
0
0
0
0
0
0
0
0
0
0
0
0
0
0
0
0
0
0
0
0
0
0
0
0
0
0
0
0
0
0
0
0
0
0
0
0
0
0
0
0
0
0
0
0
0
0
0
0
0
0
0
0
0
0
0
0
0
0
0
0
0
0
0
0
0
0
0
0
0
0
0
0
0
0
0
0
0
0
0
0
0
0
0
0
0
0
0
0
0
0
0
0
0
0
0
0
0
0
0
0
0
0
0
0
0
0
0
0
0
0
0
0
0
0
0
0
0
0
0
0
0
0
0
0
0
0
0
0
0
0
0
0
0
0
0
0
0
0
0
0
0
0
0
0
0
0
0
0
0
0
0
0
0
0
0
0
0
0
0
0
0
0
0
0
0
0
0
0
0
0
0
0
0
0
0
0
0
0
0
0
0
0
0
0
0
0
0
0
0
0
0
0
0
0
0
0
0
0
0
0
0
0
0
0
0
0
0
0
0
0
0
0
0
0
0
0
0
0
0
0
0
0
0
0
0
0
0
0
0
0
0
0
0
0
0
0
0
0
0
0
0
0
0
0
0
0
0
0
0
0
0
0
0
0
0
0
0
0
0
0
0
0
0
0
0
0
0
0
0
0
0
0
0
0
0
0
0
0
0
0
0
0
0
0
0
0
0
0
0
0
0
0
0
0
0
0
0
0
0
0
0
0
0
0
0
0
0
0
0
0
0
0
0
0
0
0
0
0
21
-30
140
-162
145
4
-85
95
-159
261
-487
498
-218
-545
1178
-1214
272
875
-1193
329
602
-395
-557
772
117
-895
475
529
-572
-226
617
-113
-436
193
516
-259
-454
580
-33
-212
205
-52
304
-220
-219
638
-120
-542
573
277
-503
17
217
130
-232
-27
354
-283
-233
238
159
-338
-9
291
-435
183
-15
-358
522
-205
-300
245
189
-157
-105
383
-321
-71
188
116
63
-296
202
31
32
-31
15
-31
-35
198
-370
132
-94
234
-171
-462
877
-533
-267
391
-67
-139
-353
476
-1
-443
214
197
-208
-234
293
36
-300
-38
11
337
-343
-438
668
55
-555
78
565
-124
-538
516
335
-538
139
405
-218
41
35
-85
294
-221
-91
89
-51
110
-261
204
105
-217
173
-156
51
155
-197
103
32
-162
174
24
-68
49
-167
93
176
-54
-52
-122
157
61
-171
-10
39
150
-278
-24
298
-220
-49
73
-71
73
6
-6
10
27
239
-227
-111
322
-114
-86
77
32
-11
-136
25
58
0
-85
-20
204
-121
-96
179
-14
-45
34
-78
81
97
-161
150
13
-251
189
-19
-188
314
-46
-223
99
-20
-75
79
21
-247
103
94
-84
-37
-7
20
-136
102
-1
-54
131
-30
9
-28
21
79
-10
50
-120
37
153
-155
-3
123
-21
-25
-6
19
30
-70
-7
21
-65
8
-37
54
-52
-58
198
-42
-47
24
10
56
-67
9
-13
-31
10
-33
63
5
-59
54
-49
-102
190
2
-227
216
61
-171
121
96
-39
-157
106
128
-229
44
62
-105
86
26
-69
6
67
15
-129
79
194
-188
-29
179
-166
22
141
-112
23
59
-44
-34
33
-10
-86
56
45
-78
-54
127
44
-180
99
114
-128
88
113
-126
-72
27
9
-44
10
9
-145
33
111
25
-15
36
73
-147
73
108
-131
-69
-10
30
-58
-40
-38
87
9
-147
118
19
32
-3
-163
120
20
-97
111
-8
-72
74
-2
16
52
-65
62
-17
-37
134
-140
-46
135
-108
-50
62
1
-57
40
58
-26
55
22
35
12
28
-1
-10
45
-45
51
-69
-58
94
-61
43
16
-9
122
-48
16
64
-31
-7
-37
-17
-41
-72
-110
36
12
-97
85
79
-47
-23
94
-48
3
-36
-74
143
-68
-96
14
50
31
-80
47
-3
4
59
-58
52
-45
-52
114
-49
-86
49
68
-24
-54
-3
6
-2
-17
24
16
-23
-23
-26
19
-42
-64
-50
36
-10
-32
74
-39
142
12
-154
213
50
-207
-4
35
-49
-21
21
102
28
-38
166
8
3
121
-133
51
84
-88
-43
40
45
-120
-21
44
4
-28
-30
58
-50
-46
91
-40
-74
83
-39
-22
89
-39
-6
96
16
-9
5
44
18
-9
36
-5
68
-16
-63
75
4
42
-4
-49
93
-105
-100
114
-58
-132
7
78
14
-59
58
73
-3
-38
17
65
-53
-17
-21
-18
49
-50
-15
109
-51
-34
110
-53
-23
29
-57
5
-4
-25
-37
39
63
-54
31
33
-3
44
18
16
-10
-59
52
-25
-135
62
40
-112
58
69
-75
9
30
11
-14
-7
9
-28
-1
-23
-2
43
-22
39
77
0
-35
-18
1
-30
-25
-55
28
32
-36
33
71
-4
-7
87
-13
11
18
-43
18
-40
-52
36
16
22
15
-13
80
68
-65
10
91
-99
-49
50
-76
-19
-50
-14
56
-97
-15
41
-10
-55
-52
89
-32
-89
123
19
-62
132
10
-64
54
10
-44
36
4
-68
10
13
-53
-33
28
-46
-21
-4
-22
-14
-6
-14
-25
98
-55
-47
182
-41
-86
112
23
-63
11
53
-18
-47
38
38
-76
2
94
-40
3
49
19
56
-49
14
41
-95
30
56
-64
35
46
-41
23
29
-21
-16
10
-33
-51
41
-33
-39
56
-21
-16
17
23
-10
-55
66
-5
-73
42
-5
-36
-5
-15
-33
-12
-3
-36
-19
18
-11
6
45
4
20
9
-21
19
-7
0
5
-25
35
37
-34
11
61
-48
-23
99
-29
-75
102
-7
-78
57
12
-18
-8
-11
9
16
-17
9
39
-25
2
67
-12
-28
50
-25
-33
51
-43
-52
13
-23
-11
-14
-8
6
14
15
33
57
-19
-14
35
16
-57
-27
47
-64
-32
61
-21
-28
52
9
-22
63
15
-27
16
-16
-13
-5
-38
-42
13
17
-59
0
70
-33
-13
93
2
-28
57
-15
-24
1
-71
-2
-2
-71
9
30
18
21
32
54
-18
-12
3
-82
-29
-23
-90
-1
-10
-46
61
41
-19
34
40
-2
23
27
-50
0
56
-33
-29
21
9
-19
-8
37
-17
-16
34
-25
-3
9
-30
34
21
-15
36
20
1
22
6
14
24
12
-2
3
17
-24
13
25
-48
16
8
-50
42
-18
-34
68
-64
-7
54
-55
2
15
-3
2
12
6
-21
-12
-2
-12
-10
12
-11
-9
38
-16
-48
47
-9
-36
46
5
-13
4
-4
-8
10
-5
-39
27
39
-33
18
33
-42
-8
14
-25
-26
-9
-16
-29
4
-16
-11
38
-35
-20
47
-1
11
19
1
10
7
18
-8
-5
16
-5
-6
11
-16
-23
-17
5
-16
-29
24
-13
-7
17
14
5
-21
6
14
-30
-10
8
-17
-1
-6
-3
9
-22
25
42
-33
-1
47
6
-22
26
-6
-26
16
3
13
-7
9
40
9
5
18
-4
32
21
-13
60
-21
-25
56
-30
-25
11
-23
-16
-2
-19
-3
-14
-16
-5
-9
19
-18
-12
28
-24
-4
12
-11
14
-10
-3
32
0
-10
29
0
-17
29
-14
-16
19
-40
0
21
-20
-2
15
7
0
-19
20
9
-53
40
15
-34
44
-1
-14
42
-4
18
52
-18
-3
30
18
-9
-23
21
4
-7
32
-11
-9
31
-9
16
40
-29
1
34
-21
-15
-14
-6
-19
-58
-2
-24
-37
-4
-13
2
-3
5
4
-18
-21
9
5
-22
-7
8
12
8
16
17
-5
-14
-3
16
-3
-19
7
-12
-24
-5
-12
2
-3
1
21
-5
24
25
-1
20
-12
27
44
-26
21
41
-5
8
21
13
7
20
10
-24
-5
0
-25
8
2
-27
16
16
-20
-3
20
4
0
39
16
-7
33
6
-16
22
19
-10
7
18
-16
-4
-12
-28
12
-21
-37
8
-26
-32
0
-9
-16
-14
14
-6
-25
24
-2
-3
3
-15
28
-11
-29
9
-6
2
12
5
-5
-16
6
-9
-22
11
-32
-22
31
-41
-12
39
-31
5
12
-11
17
-8
10
6
-3
14
-24
9
20
-6
36
-5
-19
36
4
-4
20
4
-2
7
15
-12
4
30
-22
-2
13
-30
27
26
-41
-2
10
-12
11
-11
-23
21
10
-5
16
-2
-9
6
5
26
3
-5
46
-11
-24
43
-25
-28
32
-23
-12
5
-30
-1
-17
-12
25
-43
-26
16
-52
-19
-8
-72
-12
-11
-60
3
5
-46
-14
7
-23
-13
1
-42
-40
-12
-20
-27
-24
-47
-55
-5
10
-32
-32
-20
0
35
-17
-5
37
-19
8
29
4
-4
5
36
-12
13
54
-1
34
30
22
49
22
31
5
31
31
-35
41
12
-37
71
-35
-16
100
-58
27
32
6
42
-149
161
8
-239
272
-59
-175
91
-110
-54
-180
14
44
-92
5
-101
276
-265
-288
533
-324
-244
340
-222
-165
-64
-145
30
-122
-103
119
74
-224
-157
291
-305
-320
427
9
-183
-177
108
231
-574
-19
607
-208
-207
322
346
382
170
258
403
-521
-434
870
653
234
1165
1797
1508
242
-981
36
1717
2063
1333
-1188
-2701
-432
1604
540
-1602
-2170
-147
1590
-415
-2401
-1104
234
-107
-1789
-2106
-367
60
-966
-1847
-1095
399
663
-509
-1903
-496
1374
424
-652
-217
1221
875
-1388
-988
937
1337
51
-1212
599
2207
122
-1808
-614
1284
651
-380
27
285
647
405
58
-15
-379
753
732
-588
358
1501
964
-404
-773
555
1233
-3
-388
1063
1283
403
193
281
267
565
1240
793
-679
-714
741
1387
660
-188
-228
226
204
-228
-350
-155
283
1056
1187
32
-815
-66
752
311
18
663
997
386
-229
-270
-4
57
-58
267
149
-401
-837
-786
-157
-526
-933
-966
-972
-663
-995
-1112
-1193
-1462
-1474
-1702
-1702
-1546
-1288
-1081
-1377
-1913
-2103
-1726
-1289
-1258
-1617
-1718
-1327
-1018
-1113
-1254
-967
-816
-1419
-2149
-1713
-240
381
-269
-840
-575
-469
-1004
-811
556
1870
1946
2078
2911
3149
3341
3721
4182
4571
4517
4978
5760
5759
5131
4742
4721
4119
2987
2678
2826
2511
2344
2075
1122
355
59
-508
-1047
-1555
-1819
-1333
-1366
-1541
-1372
-1945
-2867
-3128
-2400
-1936
-2066
-2030
-2056
-1799
-1438
-1163
-1463
-2013
-1271
-689
-965
-1140
-694
88
-213
-872
-919
-656
-852
-1363
-1526
-1517
-982
-1236
-2081
-2020
-2214
-2433
-2272
-2188
-2144
-2314
-2401
-2395
-2328
-2498
-2653
-2440
-3145
-4130
-4011
-3009
-1982
-2009
-2149
-1825
-1776
-1940
-2250
-1987
-1221
-796
-236
766
2469
4020
4110
3909
4399
5683
7024
7442
7659
8051
8666
9456
9825
9683
9172
8104
6903
6280
6073
5862
5192
4110
2751
2024
1662
217
-1227
-2731
-3881
-3941
-4431
-4972
-5571
-6136
-6527
-7284
-7395
-7208
-6851
-6700
-6771
-6226
-5226
-3644
-3115
-2604
-1807
-1529
-373
192
1299
2494
2858
3598
3522
4159
4496
4099
4225
3657
3757
3712
3506
3761
3434
3047
2190
1781
1390
738
-479
-2037
-2329
-2756
-2492
-2847
-3683
-3849
-5164
-5739
-6079
-6131
-5884
-6755
-7217
-6631
-5425
-4820
-4821
-5106
-5027
-4197
-4119
-3813
-2809
-1832
-1475
-1854
-1150
-93
138
-503
-875
-398
-780
-875
-256
1027
2629
3381
4522
5550
6372
7048
7360
8593
9760
10311
10521
10540
11431
12011
11614
10745
9494
9140
8382
6624
5689
5012
3751
1790
299
-341
-1401
-3041
-4890
-5620
-6009
-7076
-7731
-8709
-9009
-8965
-9548
-9211
-8688
-7982
-7744
-7661
-6769
-5616
-4727
-4771
-3852
-2691
-1649
-557
165
1614
2385
2885
3521
4586
5614
5971
6684
7217
8220
8407
7844
8100
7797
6988
5733
4616
4181
3299
1684
280
-247
-1035
-2280
-3728
-4792
-5390
-6816
-7796
-8182
-8123
-8322
-9494
-9610
-9443
-8920
-8536
-8585
-7577
-7162
-6389
-5397
-5125
-3951
-3025
-2403
-1724
-1231
-383
35
-11
-66
-48
-112
-164
-100
188
698
829
1525
2737
4247
5839
6363
7295
8831
10479
11732
11666
12076
12523
12511
13102
13129
13216
12821
11262
10555
9536
8052
6448
4212
2553
773
-779
-1925
-3344
-4648
-6104
-6943
-7724
-8998
-9881
-10501
-10915
-11413
-11753
-11432
-10540
-9927
-9846
-8826
-7432
-6368
-5571
-4853
-3742
-2762
-1761
-1169
93
1593
2186
3247
3510
4217
5279
5312
6196
6912
7909
8900
8834
9389
9508
8984
8591
7931
7055
5643
4054
2989
2079
495
-890
-1933
-3017
-3947
-5343
-6099
-6525
-7246
-8174
-9425
-9912
-10418
-10759
-10693
-10786
-10360
-9498
-8194
-7235
-6768
-5798
-4680
-4009
-3511
-2392
-1183
-298
208
879
2419
2620
1998
1928
1779
1624
674
110
368
660
1412
2573
4229
5757
6717
7797
9058
10020
10823
10990
10922
10969
11026
11531
11329
11308
11516
11025
10442
9135
7879
6436
3922
1425
-383
-1627
-2679
-3880
-5261
-6021
-6554
-7599
-8628
-9554
-10352
-11220
-12305
-12685
-12006
-11233
-10773
-9913
-8486
-6675
-5198
-4493
-3651
-2693
-1966
-1349
-460
530
1509
2419
2915
4065
5092
5887
6562
6519
6916
7082
7475
7653
7366
7823
7517
7356
7629
7161
6730
5792
4476
3325
1581
127
-929
-2624
-4113
-5203
-5862
-6272
-7015
-7293
-7693
-8367
-8666
-9434
-9993
-10346
-10976
-10501
-9696
-9021
-7764
-6639
-5011
-3307
-2689
-1815
-847
-222
-26
-481
258
1146
1187
1569
1728
2275
2441
1615
1565
1487
1080
1348
2266
3733
5021
6054
7522
9261
10697
11845
12364
12326
12085
11626
11539
10795
10000
9437
8662
8398
7176
6334
5287
3351
1576
-520
-1557
-3226
-5375
-6818
-7795
-7969
-8598
-9134
-9696
-10085
-10213
-10650
-10532
-10262
-9820
-9691
-9519
-8357
-6998
-5497
-4624
-3680
-2153
-928
317
782
1356
1995
2237
3090
3484
4206
5038
5308
6188
6766
7135
7349
7093
7097
6836
6424
6380
6451
6151
5466
4971
4738
4306
3163
1761
488
-599
-1864
-3561
-4649
-5413
-6244
-6870
-7478
-7686
-7854
-7965
-7826
-8203
-8521
-8614
-8699
-8512
-8610
-7962
-6636
-5859
-4747
-3379
-2034
-1028
-752
-303
251
360
295
280
275
502
693
887
1113
1078
1358
1652
2109
2883
3572
4625
5696
6814
8230
9579
10643
11241
11485
11612
11760
11491
10867
10191
9165
8362
7705
6698
5687
4444
3328
2126
617
-357
-1723
-3266
-4686
-6005
-6595
-7816
-8836
-9362
-10210
-10360
-10363
-10399
-10122
-9801
-9386
-8617
-7865
-6968
-5938
-5450
-4666
-3582
-2373
-1336
-668
358
1406
2242
2953
3800
4481
4838
4979
5254
5944
5898
5814
5998
5843
5980
5950
6229
6685
6503
6436
6072
5691
5238
4029
3171
1957
495
-501
-1952
-3064
-4079
-5156
-5859
-6777
-7259
-7504
-7966
-8262
-8311
-8184
-8145
-8248
-8157
-7738
-7584
-7179
-6205
-5271
-4213
-3364
-2484
-1573
-1025
-522
-270
159
478
480
765
552
617
1085
913
871
624
881
1680
1929
2908
4078
5246
6596
7533
8870
10259
11027
11201
11125
11148
11433
10945
9833
9238
8489
7809
6463
5179
4776
3648
2347
675
-413
-890
-2646
-4236
-5433
-6229
-7052
-8448
-9006
-9415
-9723
-10000
-10121
-9473
-8980
-8354
-7709
-7090
-6451
-5681
-4782
-4341
-3570
-2533
-1479
-635
56
1155
1935
2386
2868
3538
4284
4393
4432
5046
5420
5304
5345
5574
5865
5661
5339
5958
6042
5734
5593
5203
5073
3827
2631
2141
1123
216
-1365
-2600
-3127
-4282
-5115
-5910
-6744
-6978
-7455
-7677
-7505
-7808
-7878
-8032
-8060
-7460
-7487
-7268
-6695
-6461
-5519
-4563
-3470
-2254
-1936
-996
103
461
764
742
1302
1566
957
1310
1610
1580
1554
1488
2501
2951
3251
4552
5371
6463
7292
8050
9446
9963
10312
10376
10096
10263
9831
9254
8817
7841
7124
6200
5006
4376
3401
2385
1201
-82
-669
-1929
-3386
-4632
-5931
-6767
-8047
-9046
-9334
-9758
-9973
-10088
-9742
-8974
-8453
-7745
-6926
-6118
-5203
-4412
-3801
-3136
-2219
-1444
-827
-254
464
1558
2348
2941
3595
4293
4935
4967
5271
5660
5516
5551
5379
5518
5664
5275
5688
5887
5725
5796
5360
5270
4627
3423
2794
1577
389
-1017
-2732
-3509
-4560
-5556
-6337
-7276
-7322
-7643
-8043
-7743
-7835
-7875
-7978
-8114
-7736
-7850
-7819
-7058
-6447
-5623
-4684
-3544
-2099
-1491
-694
629
1178
1614
1855
2120
2569
2276
2410
2474
2127
2189
1967
2397
2936
3200
4051
4918
5984
6876
7577
8654
9526
9825
9881
9584
9526
9381
8390
7741
6983
6393
5563
4244
3845
2859
1839
862
-470
-901
-1949
-3297
-4290
-5345
-5946
-6946
-7964
-8380
-8914
-9219
-9111
-8917
-8492
-7959
-7429
-6616
-5787
-4931
-4086
-3632
-2938
-2141
-1449
-748
-259
706
1604
2175
2883
3604
4463
4651
4883
5416
5746
5905
5371
5411
5589
5366
5017
4798
5271
5021
4506
4277
4243
3986
2900
2124
1484
574
-712
-1996
-2776
-3766
-5040
-6031
-6452
-6894
-7432
-7726
-7693
-7366
-7537
-7455
-6918
-6764
-6624
-6695
-6203
-5556
-5516
-4851
-3919
-2791
-1835
-1286
-67
959
1384
1737
2248
2917
2876
2480
2595
2743
2339
1939
1972
2128
2231
2408
3233
4034
4592
5463
6359
7414
8050
8322
8645
8638
8479
8169
7642
7092
6438
5734
4997
4025
3394
2714
1793
1072
174
-355
-1217
-2357
-3148
-4282
-5111
-6144
-7175
-7491
-8048
-8398
-8462
-8317
-7688
-7240
-6822
-6101
-5303
-4560
-3932
-3327
-2574
-1846
-1338
-772
-314
199
908
1323
1959
2633
3198
3709
3888
4661
5036
4923
5021
4876
5121
4677
4225
4499
4302
4088
3571
3410
3633
3049
2437
2184
1836
1120
-40
-979
-1510
-2485
-3714
-4699
-5421
-5991
-6706
-6926
-6829
-6871
-6578
-6335
-5886
-5273
-5190
-4959
-4723
-4438
-3930
-3751
-3007
-2109
-1719
-1112
-323
635
1104
1249
1814
2241
2325
2225
2306
2409
1982
1409
1341
1364
1138
1138
1454
2284
2984
3479
4623
5544
6316
6990
7282
7776
7612
7342
7264
6450
5818
5204
4550
4009
3119
2721
2387
1631
976
298
-52
-573
-1694
-2541
-3295
-4030
-4914
-5951
-6361
-6808
-7251
-7335
-7240
-6617
-6193
-5907
-5066
-4383
-3878
-3285
-2852
-2189
-1765
-1570
-1011
-691
-257
87
459
1255
1609
2280
2913
3145
3850
4144
4335
4548
4336
4366
4135
3846
3875
3629
3484
3277
2971
3006
2689
2192
1989
1533
1053
384
-517
-1183
-2200
-3123
-3843
-4688
-5161
-5730
-5954
-5818
-5976
-5626
-5318
-5110
-4620
-4533
-4075
-3713
-3695
-3199
-3038
-2658
-2235
-2061
-1298
-793
-202
381
715
1551
1832
1876
2078
1962
1944
1510
1075
1033
713
435
433
847
1580
2131
2737
3708
4647
5397
6162
6731
7148
7214
7015
7028
6551
5810
5206
4580
4177
3408
2684
2334
1782
1145
480
54
-385
-1173
-2044
-2795
-3396
-4173
-4976
-5559
-5999
-6375
-6602
-6453
-6185
-5713
-5169
-4678
-3956
-3347
-2736
-2339
-2057
-1530
-1231
-951
-723
-406
8
149
496
1053
1540
1885
2178
2785
3313
3329
3510
3787
3850
3734
3293
3410
3473
2841
2738
2734
2627
2417
1940
2056
1786
1034
674
94
-372
-1185
-2277
-2677
-3409
-4167
-4593
-4931
-4750
-4951
-5024
-4527
-4348
-4031
-3871
-3656
-3129
-3205
-3009
-2613
-2612
-2324
-2152
-1738
-1165
-1101
-597
-72
368
1011
1043
1376
1787
1631
1606
1141
912
962
457
436
553
828
1514
1893
2771
3707
4372
5337
5933
6527
6858
6667
6865
6680
6064
5482
4746
4181
3396
2589
2202
1766
1232
645
217
53
-437
-1207
-1763
-2267
-2842
-3674
-4469
-4895
-5465
-5890
-6079
-5961
-5502
-5342
-4871
-4022
-3274
-2597
-2265
-1752
-1199
-997
-686
-500
-326
-213
-303
-58
215
432
710
1038
1663
2161
2505
2743
2974
3370
3245
3048
3118
2936
2705
2277
2081
2116
1772
1602
1531
1529
1474
999
802
480
-184
-643
-1293
-1902
-2510
-3337
-3814
-4168
-4443
-4476
-4547
-4281
-3841
-3666
-3268
-2820
-2520
-2339
-2327
-1986
-1761
-1853
-1806
-1608
-1193
-1087
-1042
-532
-125
130
376
697
1019
969
905
951
757
466
244
126
63
107
462
945
1430
2088
2887
3721
4578
5334
5838
6046
6236
6449
6152
5499
4935
4455
3912
3084
2478
2207
1662
1123
772
600
423
-214
-705
-949
-1377
-1846
-2500
-3002
-3415
-4066
-4407
-4650
-4724
-4591
-4594
-4125
-3512
-3136
-2602
-2153
-1731
-1277
-1114
-878
-691
-796
-574
-435
-415
-236
-227
115
423
626
1223
1570
1823
2180
2341
2559
2530
2374
2468
2205
1940
1895
1743
1714
1384
1225
1510
1387
1224
1055
759
563
1
-474
-843
-1612
-2148
-2693
-3158
-3262
-3624
-3745
-3698
-3569
-3151
-3079
-2775
-2373
-2209
-1837
-1763
-1582
-1427
-1694
-1501
-1237
-1192
-1143
-993
-448
-208
-146
348
744
900
790
739
999
668
65
-91
-136
-143
-354
-308
395
897
1282
2027
3016
3918
4450
5006
5595
5879
5847
5573
5281
4888
4284
3612
3044
2531
1990
1453
1101
976
714
447
215
-55
-293
-713
-1150
-1643
-2250
-2800
-3303
-3635
-3865
-4036
-4069
-3954
-3664
-3284
-2906
-2468
-1963
-1566
-1273
-953
-675
-657
-842
-796
-675
-764
-827
-650
-315
-226
-76
452
851
1007
1146
1554
1936
1911
1931
2105
2159
1949
1788
1922
1880
1590
1395
1529
1572
1227
1073
1004
759
408
-34
-345
-798
-1470
-1961
-2291
-2593
-2991
-3347
-3263
-3053
-3082
-2996
-2707
-2358
-2181
-2188
-1843
-1487
-1536
-1610
-1518
-1150
-980
-1087
-799
-368
-160
-101
94
537
656
470
501
601
497
113
-160
-67
-195
-452
-419
-141
192
398
876
1621
2199
2752
3446
4135
4563
4729
4892
5079
5004
4613
4189
3865
3481
2879
2297
2003
1688
1103
637
484
289
-117
-547
-819
-1057
-1466
-1900
-2177
-2452
-2867
-3217
-3282
-3239
-3313
-3322
-3051
-2712
-2482
-2159
-1714
-1380
-1170
-888
-639
-536
-452
-318
-246
-317
-290
-216
-182
-162
-29
235
277
503
812
921
1159
1291
1571
1779
1705
1890
1995
1978
1875
1726
1793
1638
1363
1177
986
811
453
116
-151
-501
-897
-1354
-1665
-1905
-2272
-2561
-2639
-2685
-2774
-2780
-2670
-2456
-2359
-2255
-1984
-1845
-1685
-1566
-1402
-1060
-1017
-887
-583
-442
-269
-208
-30
218
168
301
429
348
340
214
183
97
-102
-105
-214
-235
-73
92
354
666
1115
1634
2072
2624
3179
3527
3875
4124
4348
4414
4168
4017
3688
3357
2987
2395
2073
1600
1121
805
464
323
-48
-355
-437
-665
-881
-1214
-1408
-1542
-1883
-2107
-2247
-2354
-2527
-2676
-2540
-2374
-2326
-2180
-1926
-1644
-1403
-1208
-885
-699
-671
-520
-441
-391
-459
-615
-549
-528
-533
-446
-366
-147
73
257
604
919
1123
1381
1590
1840
2083
2069
2086
2056
1965
1890
1592
1416
1207
831
616
332
53
-265
-667
-841
-1107
-1429
-1662
-1968
-2124
-2306
-2428
-2439
-2531
-2413
-2328
-2232
-1948
-1752
-1535
-1350
-1104
-737
-566
-490
-340
-209
-147
-157
-152
-94
-193
-289
-216
-213
-248
-329
-384
-311
-376
-412
-338
-311
-225
-121
104
405
648
1017
1405
1820
2329
2701
3085
3424
3628
3895
3896
3797
3737
3456
3200
2819
2411
2074
1563
1180
830
528
300
-57
-199
-299
-497
-644
-850
-920
-1080
-1393
-1517
-1654
-1812
-1963
-2136
-2092
-2056
-2137
-2028
-1880
-1733
-1518
-1388
-1131
-932
-925
-743
-623
-538
-469
-538
-442
-434
-461
-299
-192
-61
57
210
456
642
878
1150
1372
1583
1809
1967
2036
2055
1977
1865
1673
1441
1153
769
497
117
-255
-487
-840
-1076
-1359
-1626
-1644
-1810
-1905
-1946
-2008
-1899
-1966
-1916
-1749
-1721
-1568
-1465
-1272
-1090
-1033
-806
-597
-443
-315
-167
-21
16
41
83
89
-8
-109
-153
-181
-285
-372
-347
-423
-500
-488
-412
-301
-248
-70
218
519
838
1142
1524
1892
2212
2484
2726
2969
3069
3111
3102
3052
2968
2757
2527
2275
2030
1730
1372
1104
815
533
270
32
-77
-262
-427
-473
-618
-725
-874
-1075
-1178
-1371
-1536
-1632
-1743
-1805
-1849
-1825
-1750
-1695
-1608
-1470
-1327
-1163
-1045
-912
-707
-680
-647
-537
-513
-508
-509
-374
-282
-290
-122
76
271
417
629
979
1170
1328
1507
1680
1764
1648
1583
1529
1370
1152
897
680
439
119
-116
-318
-551
-705
-889
-1011
-1091
-1241
-1306
-1369
-1419
-1447
-1515
-1510
-1463
-1459
-1469
-1417
-1290
-1165
-1070
-905
-656
-485
-393
-270
-99
32
-23
-76
-7
-52
-149
-186
-193
-196
-285
-297
-213
-247
-296
-297
-248
-169
-106
64
283
504
743
984
1305
1581
1785
2007
2206
2400
2524
2563
2603
2604
2502
2372
2233
2025
1798
1554
1292
1059
773
513
352
156
-11
-142
-246
-313
-453
-559
-636
-768
-913
-1065
-1133
-1209
-1333
-1376
-1371
-1389
-1413
-1368
-1286
-1193
-1100
-1038
-953
-836
-777
-769
-708
-632
-615
-605
-522
-384
-310
-232
-72
84
257
377
502
737
834
916
1050
1087
1142
1072
1009
994
849
715
563
449
308
83
-71
-235
-402
-562
-709
-804
-939
-1070
-1111
-1154
-1192
-1199
-1220
-1200
-1166
-1107
-995
-949
-871
-732
-647
-549
-461
-365
-226
-187
-111
18
-12
-26
4
-58
-117
-194
-214
-205
-280
-257
-246
-255
-207
-255
-167
-30
-15
101
241
430
615
733
1007
1214
1367
1627
1784
1947
2053
2051
2114
2123
2043
1887
1799
1754
1514
1353
1264
1049
899
709
522
429
213
78
-22
-153
-222
-402
-476
-544
-715
-754
-816
-883
-958
-1052
-1047
-1062
-1108
-1130
-1120
-1045
-999
-966
-857
-805
-760
-674
-629
-547
-488
-423
-312
-232
-127
-48
37
154
204
273
333
392
478
511
549
594
606
601
585
536
474
397
240
90
-40
-220
-362
-510
-664
-719
-789
-840
-837
-877
-860
-832
-816
-791
-797
-780
-771
-749
-731
-733
-683
-648
-609
-538
-448
-330
-260
-198
-92
-14
31
40
49
69
9
-34
-39
-67
-114
-174
-114
-61
-106
-29
60
107
202
292
448
555
614
760
874
981
1080
1140
1266
1326
1349
1458
1509
1534
1545
1521
1514
1457
1371
1263
1142
1034
873
717
585
436
296
170
43
-71
-175
-261
-312
-390
-490
-564
-650
-737
-784
-849
-916
-936
-992
-1020
-982
-940
-897
-848
-774
-713
-630
-513
-430
-333
-210
-128
-54
52
115
153
195
243
250
237
283
268
260
274
236
279
261
199
193
140
104
-5
-115
-140
-308
-437
-485
-584
-630
-714
-744
-711
-756
-751
-736
-719
-671
-674
-648
-623
-617
-613
-617
-557
-534
-531
-461
-416
-319
-245
-218
-119
-92
-61
6
26
95
95
100
159
145
183
194
174
243
267
299
325
328
378
340
333
381
362
407
423
449
553
579
632
712
779
880
913
967
1045
1048
1058
1059
1042
1017
944
888
857
801
728
645
597
528
412
326
241
171
80
-49
-124
-199
-310
-429
-498
-549
-616
-659
-696
-676
-654
-676
-659
-619
-561
-528
-500
-427
-356
-280
-207
-141
-90
-61
-11
26
47
53
45
51
58
79
94
88
98
86
48
28
-17
-87
-148
-229
-292
-320
-364
-423
-468
-494
-511
-534
-542
-535
-550
-569
-556
-531
-534
-550
-535
-496
-485
-490
-458
-404
-389
-384
-318
-246
-230
-215
-160
-105
-72
-37
2
19
39
62
80
127
156
159
214
254
232
251
286
290
272
262
296
303
300
311
329
368
370
383
439
498
537
548
609
645
674
728
737
786
770
750
811
759
724
695
615
567
454
389
352
268
192
101
61
7
-75
-118
-176
-216
-250
-291
-336
-387
-393
-413
-456
-437
-420
-422
-402
-382
-301
-253
-250
-177
-136
-99
-50
-30
16
15
25
36
26
50
1
-44
-41
-73
-111
-153
-178
-205
-246
-261
-250
-252
-281
-296
-305
-331
-365
-398
-426
-448
-471
-493
-507
-511
-512
-515
-497
-462
-438
-399
-355
-315
-259
-221
-199
-145
-93
-70
-51
-28
6
35
48
71
113
122
114
143
167
184
202
222
260
266
270
284
298
311
272
290
315
277
297
292
282
318
315
325
345
359
385
372
387
407
385
412
423
389
399
367
345
347
301
309
286
238
249
208
194
171
126
158
133
96
91
73
77
27
0
7
-30
-59
-91
-88
-85
-126
-113
-92
-114
-111
-112
-120
-119
-142
-141
-141
-174
-205
-214
-212
-252
-268
-251
-282
-304
-305
-319
-329
-339
-328
-305
-311
-313
-306
-307
-297
-305
-287
-266
-261
-233
-231
-204
-179
-193
-154
-124
-130
-130
-102
-80
-96
-83
-69
-72
-85
-96
-71
-64
-54
-51
-53
-27
-31
-33
-20
-7
-10
-25
2
21
25
44
59
92
110
124
161
195
227
230
258
295
290
296
309
327
335
339
348
343
352
338
325
333
309
284
276
259
237
208
178
169
147
104
94
85
68
47
21
29
12
-12
-5
-7
5
-3
-16
-5
-16
-30
-34
-49
-55
-50
-60
-63
-60
-67
-64
-66
-65
-73
-93
-99
-111
-121
-133
-159
-159
-163
-183
-178
-187
-185
-184
-194
-172
-191
-196
-180
-184
-166
-175
-180
-163
-179
-185
-181
-176
-169
-179
-166
-147
-144
-122
-104
-80
-62
-65
-39
-27
-27
-16
-14
-4
1
1
9
-11
-29
-22
0
0
0
0
0
0
0
0
0
0
0
0
0
0
0
0
0
0
0
0
0
0
0
0
0
0
0
0
0
0
0
0
0
0
0
0
0
0
0
0
0
0
0
0
0
0
0
0
0
0
0
0
0
0
0
0
0
0
0
0
0
0
0
0
0
0
0
0
0
0
0
0
0
0
0
0
0
0
0
0
0
0
0
0
0
0
0
0
0
0
0
0
0
0
0
0
0
0
0
0
0
0
0
0
0
0
0
0
0
0
0
0
0
0
0
0
0
0
0
0
0
0
0
0
0
0
0
0
0
0
0
0
0
0
0
0
0
0
0
0
0
0
0
0
0
0
0
0
0
0
0
0
0
0
0
0
0
0
0
0
0
0
0
0
0
0
0
0
0
0
0
0
0
0
0
0
0
0
0
0
0
0
0
0
0
0
0
0
0
0
0
0
0
0
0
0
0
0
0
0
0
0
0
0
0
0
0
0
0
0
0
0
0
0
0
0
0
0
0
0
0
0
0
0
0
0
0
0
0
0
0
0
0
0
0
0
0
0
0
0
0
0
0
0
0
0
0
0
0
0
0
0
0
0
0
0
0
0
0
0
0
0
0
0
0
0
0
0
0
0
0
0
0
0
0
0
0
0
0
0
0
0
0
0
0
0
0
0
0
0
0
0
0
0
0
0
0
0
0
0
0
0
0
0
0
0
0
0
0
0
0
0
0
0
0
0
0
0
0
0
0
0
0
0
0
0
0
0
0
0
0
0
0
0
0
0
0
0
0
0
0
0
0
0
0
0
0
0
0
0
0
0
0
0
0
0
0
0
0
0
0
0
0
0
0
0
0
0
0
0
0
0
0
0
0
0
0
0
0
0
0
0
0
0
0
0
0
0
0
0
0
0
0
0
0
0
0
0
0
0
