0
0
0
0
0
0
0
0
0
0
0
0
0
0
0
0
0
0
0
0
0
0
0
0
0
0
0
0
0
0
0
0
0
0
0
0
0
0
0
0
0
0
0
0
0
0
0
0
0
0
0
0
0
0
0
0
0
0
0
0
0
0
0
0
0
0
0
0
0
0
0
0
0
0
0
0
0
0
0
0
0
0
0
0
0
0
0
0
0
0
0
0
0
0
0
0
0
0
0
0
0
0
0
0
0
0
0
0
0
0
0
0
0
0
0
0
0
0
0
0
0
0
0
0
0
0
0
0
0
0
0
0
0
0
0
0
0
0
0
0
0
0
0
0
0
0
0
0
0
0
0
0
0
0
0
0
0
0
0
0
0
0
0
0
0
0
0
0
0
0
0
0
0
0
0
0
0
0
0
0
0
0
0
0
0
0
0
0
0
0
0
0
0
0
0
0
0
0
0
0
0
0
0
0
0
0
0
0
0
0
0
0
0
0
0
0
0
0
0
0
0
0
0
0
0
0
0
0
0
0
0
0
0
0
0
0
0
0
0
0
0
0
0
0
0
0
0
0
0
0
0
0
0
0
0
0
0
0
0
0
0
0
0
0
0
0
0
0
0
0
0
0
0
0
0
0
0
0
0
0
0
0
0
0
0
0
0
0
0
0
0
0
0
0
0
0
0
0
0
0
0
0
0
0
0
0
0
0
0
0
0
0
0
0
0
0
0
0
0
0
0
0
0
0
0
0
0
0
0
0
0
0
0
0
0
0
0
0
0
0
0
0
0
0
0
0
0
0
0
0
0
0
0
0
0
0
0
0
0
0
0
0
0
0
0
0
0
0
0
0
0
0
0
0
0
0
0
0
0
0
0
0
0
0
0
0
0
0
0
0
0
0
0
0
0
0
-108
-107
-112
-126
-137
-137
-134
-142
-137
-142
-138
-126
-135
-122
-113
-103
-85
-85
-69
-73
-87
-85
-85
-81
-75
-64
-56
-51
-43
-38
-27
-16
4
8
-2
16
27
16
17
38
45
40
51
66
75
84
91
90
99
111
115
140
150
149
153
153
168
189
209
239
266
280
277
281
289
264
259
269
253
244
244
249
226
211
212
187
169
157
141
119
81
48
16
-34
-68
-94
-133
-145
-191
-229
-229
-264
-283
-294
-313
-341
-352
-359
-384
-385
-380
-372
-352
-337
-329
-321
-303
-289
-283
-270
-247
-244
-236
-208
-194
-191
-167
-157
-173
-158
-144
-135
-119
-111
-97
-87
-89
-94
-81
-84
-93
-70
-52
-52
-57
-39
-39
-30
7
12
29
51
66
100
140
175
212
249
306
382
430
507
572
599
650
698
752
811
854
882
903
920
940
938
909
898
871
818
756
690
614
530
463
390
294
199
115
27
-67
-146
-254
-352
-422
-536
-615
-674
-758
-817
-861
-913
-961
-982
-999
-1006
-1004
-989
-971
-954
-911
-889
-837
-787
-747
-695
-659
-588
-562
-519
-465
-432
-370
-349
-310
-282
-277
-242
-230
-244
-225
-185
-195
-187
-153
-144
-139
-134
-128
-121
-130
-148
-152
-139
-113
-88
-65
-34
9
67
135
208
283
365
452
554
689
847
997
1137
1283
1428
1562
1693
1821
1924
1991
2042
2078
2087
2057
1996
1907
1788
1638
1466
1300
1090
860
645
422
189
-64
-279
-507
-713
-911
-1108
-1225
-1359
-1467
-1548
-1610
-1688
-1700
-1688
-1663
-1622
-1595
-1487
-1525
-1362
-1290
-1251
-1023
-1007
-846
-720
-631
-486
-352
-247
-163
-43
45
119
192
269
290
334
307
316
309
218
231
197
148
57
-9
-90
-192
-223
-359
-444
-497
-609
-645
-667
-740
-776
-798
-809
-828
-792
-745
-745
-678
-645
-589
-499
-416
-343
-214
-110
-23
159
257
377
513
581
690
830
921
1022
1178
1341
1492
1703
1879
1911
2112
2207
2182
2327
2368
2397
2400
2419
2357
2224
2137
1906
1691
1452
1193
900
611
345
14
-304
-632
-900
-1208
-1465
-1640
-1876
-2076
-2209
-2339
-2424
-2456
-2482
-2459
-2383
-2271
-2163
-1982
-1820
-1617
-1420
-1227
-954
-790
-563
-299
-53
174
376
603
776
913
1069
1200
1250
1320
1338
1318
1299
1237
1122
1020
924
756
605
463
276
47
-103
-253
-450
-532
-638
-760
-804
-882
-997
-1081
-1162
-1231
-1203
-1142
-1075
-1001
-939
-888
-813
-721
-604
-512
-411
-346
-299
-223
-173
-84
-12
50
99
140
205
238
278
291
251
223
181
149
188
215
224
288
345
339
307
265
242
241
265
399
623
847
1071
1288
1428
1546
1653
1801
1892
1988
2099
2133
2216
2237
2222
2151
1966
1675
1346
1010
678
418
144
-121
-373
-644
-856
-1072
-1284
-1467
-1721
-1908
-2006
-2120
-2149
-2108
-2062
-1978
-1883
-1765
-1656
-1582
-1476
-1366
-1194
-1037
-879
-637
-489
-324
-118
23
135
242
282
309
332
369
432
503
536
540
609
592
587
605
605
631
611
562
493
447
422
356
263
223
150
-18
-110
-162
-273
-353
-423
-513
-532
-521
-517
-425
-355
-341
-207
-55
-4
116
240
233
232
286
341
352
308
274
248
199
157
91
6
-63
-171
-257
-346
-430
-457
-508
-508
-563
-682
-772
-1000
-1178
-1275
-1358
-1297
-1193
-980
-750
-603
-452
-486
-664
-846
-959
-840
-451
255
1169
2074
2849
3360
3592
3623
3507
3314
3058
2805
2675
2513
2247
1974
1584
1078
514
-183
-818
-1227
-1514
-1648
-1611
-1537
-1400
-1214
-1054
-855
-675
-650
-741
-764
-648
-409
-136
51
303
440
263
79
-211
-603
-966
-1250
-1219
-1094
-936
-802
-771
-646
-654
-765
-889
-930
-795
-643
-394
-127
116
334
497
653
732
737
727
784
910
1020
1032
952
828
644
429
231
24
-224
-429
-529
-514
-560
-666
-712
-761
-695
-579
-403
-206
-124
-33
9
51
97
104
166
233
280
271
183
72
-33
-147
-234
-345
-450
-555
-696
-745
-802
-861
-919
-948
-916
-935
-925
-973
-966
-877
-930
-944
-894
-830
-613
-297
-27
97
-62
-452
-893
-1249
-1285
-828
92
1343
2701
3858
4555
4807
4793
4553
4098
3498
2871
2391
2129
1893
1515
1059
583
31
-535
-969
-1248
-1387
-1372
-1217
-930
-569
-273
-73
123
253
137
-219
-624
-905
-978
-887
-724
-545
-449
-556
-825
-1149
-1542
-1969
-2215
-2135
-1759
-1208
-702
-342
-62
133
106
-66
-156
-101
73
370
759
958
863
547
130
-216
-528
-688
-718
-558
-240
-33
141
203
229
157
6
66
158
303
474
604
710
589
380
138
-211
-501
-670
-573
-359
-268
-136
27
219
374
409
412
307
240
242
245
285
201
73
-57
-167
-240
-442
-627
-774
-876
-933
-1047
-1077
-1073
-986
-902
-858
-700
-623
-672
-859
-960
-981
-1144
-1273
-1279
-1065
-787
-498
-159
-69
-323
-936
-1547
-1768
-1524
-552
1043
2900
4629
5758
6309
6365
6037
5470
4446
3256
2312
1726
1421
1060
655
211
-353
-906
-1386
-1745
-1976
-2020
-1721
-1166
-520
110
452
525
508
285
-321
-1281
-1951
-2022
-1757
-1210
-644
-235
-121
-428
-866
-1345
-1798
-2120
-2203
-1708
-842
-71
385
451
438
408
312
139
-157
-255
-72
318
666
635
327
-128
-537
-869
-1232
-1478
-1443
-1015
-328
321
739
880
835
765
736
634
406
248
406
698
665
208
-309
-540
-479
-323
-171
56
315
465
549
665
683
536
448
561
646
438
117
-107
-116
-41
-185
-379
-558
-740
-904
-986
-896
-986
-1281
-1524
-1565
-1393
-1318
-1339
-1187
-802
-455
-398
-489
-610
-847
-1089
-1191
-1089
-751
-478
-263
151
278
-271
-1272
-2139
-2155
-1279
357
2513
4582
6120
6761
6729
6404
5675
4466
2821
1317
467
51
-204
-461
-606
-596
-724
-1006
-1286
-1469
-1479
-1211
-602
230
987
1390
1475
1490
1411
825
-413
-1692
-2366
-2377
-1959
-1315
-623
-75
74
-163
-484
-919
-1376
-1705
-1616
-745
280
1013
1288
1161
1100
734
115
-391
-791
-819
-702
-392
43
30
-314
-903
-1447
-1836
-2375
-2646
-2418
-1775
-785
262
1217
1912
2111
1785
1358
926
370
-114
-424
-375
-360
-484
-611
-820
-678
-556
-521
-219
88
478
953
1339
1669
1710
1310
894
658
501
196
-181
-424
-608
-551
-539
-512
-403
-481
-439
-379
-361
-489
-840
-1096
-1232
-1154
-1046
-1064
-982
-865
-821
-758
-754
-856
-950
-1161
-1352
-1281
-1053
-697
-354
-241
-676
-1624
-2537
-3064
-2582
-1038
1207
3971
6261
7581
8057
7740
6957
5670
3901
1991
367
-358
-525
-636
-605
-736
-727
-546
-637
-573
-585
-629
-227
265
926
1556
1776
1621
1153
604
-437
-1849
-3013
-3776
-3671
-2872
-1870
-835
-35
345
231
-149
-664
-1100
-1324
-1338
-637
335
796
960
855
655
342
-248
-686
-940
-983
-902
-691
-110
39
-290
-618
-1036
-1178
-1488
-2039
-2021
-1581
-790
163
1135
2279
3005
3075
2542
1668
942
129
-559
-918
-1398
-1671
-1628
-1533
-1174
-838
-677
-325
160
631
952
1300
1704
1855
1845
1279
503
59
-532
-802
-915
-1243
-1290
-1153
-728
-270
146
485
362
291
-38
-502
-760
-1350
-1581
-1445
-1299
-910
-645
-655
-768
-800
-921
-1273
-1727
-2139
-2026
-1240
-356
286
392
-501
-1815
-2771
-3150
-2569
-940
1587
4629
7279
8879
9149
8327
7090
5468
3323
892
-1206
-1958
-1751
-1589
-1160
-558
-112
354
411
249
412
411
368
829
1561
2234
2402
1825
1056
365
-760
-2488
-4069
-4745
-4364
-3170
-1795
-664
255
640
375
-16
-436
-1058
-1641
-1844
-1322
-214
540
560
461
422
138
-334
-779
-1013
-969
-859
-565
96
415
-62
-737
-1169
-1342
-1486
-1917
-2203
-1775
-932
116
1454
2807
3530
3329
2676
1844
964
8
-1225
-2235
-2438
-2271
-1877
-1274
-1032
-425
149
577
1385
1621
1939
1999
1997
2302
1708
1136
302
-457
-718
-1344
-1214
-1095
-1105
-415
71
744
1142
1055
899
385
2
-760
-1550
-1998
-2547
-2351
-1962
-1631
-1036
-809
-611
-451
-547
-914
-1522
-1970
-2260
-2033
-1357
-910
-649
-874
-1772
-2530
-2940
-2898
-1783
216
2971
6208
8626
9525
9170
8116
6627
4594
2167
-408
-2317
-2612
-2070
-1459
-688
-40
879
1975
2194
1928
1790
1485
1326
1468
1700
1792
1105
-7
-870
-1337
-1971
-3411
-4534
-4728
-3785
-1998
-802
353
1302
1431
1320
695
42
-904
-1914
-2107
-1690
-485
-44
-369
-291
-259
72
-25
-417
-390
-477
-315
-91
87
-10
-883
-1563
-1740
-1639
-1473
-1585
-1461
-1097
-751
-372
266
1274
2179
2902
3176
2774
1875
765
-327
-1389
-2078
-2807
-3061
-2464
-1809
-588
393
973
1774
2006
2333
2621
2529
2399
1818
1240
508
-337
-1005
-1651
-1678
-1400
-966
-409
7
504
822
1147
1212
846
346
-710
-1618
-2237
-2938
-3026
-2882
-2307
-1260
-563
7
73
-147
-548
-1370
-1890
-2502
-2644
-1876
-1181
-560
-575
-1470
-2303
-2823
-2816
-1824
117
2980
6227
8942
10261
9711
8247
6516
4326
1643
-1228
-3249
-3312
-2052
-972
54
834
1518
2409
2263
1945
1880
1340
1046
727
809
1256
578
-590
-1452
-1707
-1996
-3377
-4467
-4539
-3441
-1584
-306
1011
1944
1849
1419
713
-6
-1020
-2266
-2992
-2555
-1226
-589
-484
-264
279
1055
889
257
-302
-598
-435
-235
187
-61
-1095
-1938
-2270
-1901
-1542
-1777
-1881
-1367
-668
81
708
1461
2497
3288
3259
2273
1086
-256
-1291
-2065
-2731
-2630
-2377
-1626
-551
397
1461
1963
2192
2533
2653
2662
2357
1678
1181
381
-458
-994
-1530
-1421
-1231
-869
-130
447
900
1088
1369
1419
1049
254
-1060
-2093
-2774
-3345
-3560
-3168
-2323
-1319
-590
-497
-557
-483
-559
-851
-1288
-1776
-1874
-1412
-844
-508
-644
-1442
-2507
-3253
-3424
-2454
236
4011
7766
10430
10922
9795
8290
6368
3666
444
-2612
-4100
-3483
-2173
-993
16
1145
2188
2798
2923
2327
2024
1570
930
1007
1057
872
46
-1059
-1942
-2350
-2844
-4352
-4913
-4214
-2716
-312
1245
2006
2341
1874
1167
367
-720
-2297
-3383
-3204
-2250
-689
37
-421
-180
388
622
942
578
40
273
483
785
867
-284
-1683
-2490
-2748
-2539
-2316
-2162
-1908
-1311
-398
533
1532
2423
2929
3393
3270
2013
483
-1069
-1931
-2496
-3269
-3182
-2940
-1565
350
1018
2175
2616
2582
3287
2766
2139
1633
580
-32
-455
-768
-1119
-1264
-1148
-789
175
848
1013
1089
1225
1453
1331
474
-883
-2118
-3098
-3780
-3962
-3643
-2979
-2003
-826
90
420
172
-440
-1108
-1542
-1915
-2497
-2814
-2338
-1218
-235
-274
-1266
-2441
-3253
-3014
-1419
1562
5434
8576
10407
10656
9305
7638
5462
2314
-716
-3376
-4263
-2676
-1655
-469
1305
2083
3355
3440
2537
2467
1952
1509
1332
1342
1378
673
-540
-1837
-2615
-2877
-3685
-4543
-4356
-3493
-1641
451
1753
2522
2348
1442
227
-1009
-2304
-3596
-4080
-3475
-1945
-337
366
286
309
607
738
642
276
-157
-138
387
928
775
-517
-2139
-3031
-3071
-2621
-2103
-1522
-899
-146
736
1574
2384
3038
3321
2984
2330
1017
-686
-1449
-2114
-2621
-2747
-3162
-2194
-402
723
1724
2210
2690
3088
2682
2211
1560
875
185
-513
-595
-928
-1265
-1121
-990
-73
898
1064
1050
1096
1202
754
127
-922
-2314
-2964
-3735
-3835
-3249
-2961
-2035
-835
237
666
196
-328
-867
-1211
-1639
-2389
-2443
-2154
-1746
-708
-515
-1405
-2466
-3650
-3565
-1843
1130
5336
8956
10858
10603
8802
7293
5570
2847
-559
-3622
-4333
-2684
-1082
-431
398
1734
3153
3562
2715
2351
2503
2050
1585
1662
1857
1282
-563
-2355
-2840
-2785
-3469
-4721
-4778
-2961
-657
1133
2315
2915
2744
1456
-283
-1457
-2383
-3469
-3998
-3257
-1548
-2
417
-50
-262
107
407
513
443
188
283
616
814
694
-726
-2873
-3871
-3709
-2854
-1748
-1045
-455
224
719
1277
1947
2653
3035
2660
2160
1089
-15
-660
-2022
-2648
-3074
-3577
-2400
-1027
630
2141
2525
3052
3294
3310
2620
1359
895
173
-535
-967
-1486
-1350
-1193
-1137
-289
867
1213
1028
763
459
408
16
-1098
-2163
-2853
-3257
-3063
-2505
-2061
-1496
-740
-166
96
72
-504
-1247
-1454
-1466
-1613
-1996
-2485
-2039
-1032
-976
-1764
-3046
-3941
-2913
44
4165
7863
9583
9436
8121
6723
5526
3219
40
-2920
-4356
-2486
-174
240
202
303
1932
3067
2115
1730
1975
2834
3233
2629
2737
2111
423
-1585
-2988
-2560
-2731
-4112
-4398
-2926
-570
1348
2140
2152
1843
776
-561
-1596
-2516
-2998
-3367
-3073
-1357
202
646
332
-355
-208
573
665
399
282
414
742
856
486
-906
-2614
-3350
-3501
-3087
-2022
-989
58
792
684
624
1156
2119
3012
2809
1776
175
-887
-1068
-1725
-2093
-3220
-4089
-2256
-402
989
1917
1983
2688
3027
2804
2247
1240
745
-4
-753
-1104
-1493
-1539
-1804
-1253
88
904
1298
948
774
442
252
398
-747
-1856
-2788
-3254
-2590
-2149
-1792
-1450
-877
-33
263
61
-762
-1602
-1558
-1550
-1701
-1691
-2299
-2020
-995
-1072
-1062
-2270
-3757
-2580
-195
4386
8935
10127
9695
7429
5339
4480
2362
-315
-3205
-4519
-1973
591
1284
1071
232
742
1491
1343
1490
2016
2721
3087
3363
3307
2315
235
-2171
-3048
-2615
-2346
-2814
-3063
-2019
-198
1184
1447
1178
763
45
-726
-1409
-1784
-1972
-2548
-2506
-1215
-129
255
-163
-951
-322
745
640
410
200
-116
76
240
-231
-1459
-2817
-3280
-2883
-1971
-1081
-385
360
434
479
1096
1485
2422
3123
2405
1582
393
-847
-930
-1631
-2752
-3097
-3423
-2156
-106
1015
2036
2120
2242
2675
2609
2447
1474
749
247
-443
-670
-1414
-1756
-1452
-1072
-44
451
682
882
705
1088
949
488
-293
-1720
-2526
-3182
-2984
-2414
-2146
-1390
-720
248
642
112
-467
-1090
-1378
-1650
-1873
-1848
-1802
-1604
-1106
-630
-822
-1893
-3096
-2986
-840
2950
6950
9609
10085
8250
5640
3814
2477
899
-1332
-3257
-2726
-256
1489
1366
31
-742
-55
986
1662
2342
3220
3894
3881
3261
2108
358
-1693
-3298
-3285
-2026
-1554
-2092
-2346
-1643
-153
771
535
251
132
-214
-535
-785
-1089
-1571
-2159
-2230
-1534
-702
-524
-999
-1091
-212
831
1062
480
-256
-630
-528
-294
-643
-1733
-2738
-2931
-2421
-1589
-681
-93
-59
-19
725
1943
2821
2942
2428
1638
853
158
-557
-1419
-2292
-2992
-3094
-2216
-672
639
1382
1954
2493
2795
2521
1994
1353
927
742
144
-442
-989
-1203
-1287
-1237
-640
-355
24
275
567
1140
1041
713
-7
-860
-1770
-2931
-3011
-2443
-1941
-1368
-849
-273
-314
-891
-1226
-1321
-1149
-915
-920
-1074
-1127
-1025
-929
-1091
-1554
-2254
-2897
-2511
-246
3513
7244
9396
8924
6679
4280
2805
2351
1351
-343
-1850
-1828
18
1204
628
-903
-1671
-934
323
1584
2662
3573
3960
3424
2479
1606
214
-1888
-3257
-2668
-1039
-463
-1408
-2515
-2424
-1229
-134
177
136
234
331
209
-104
-293
-983
-2214
-2736
-1959
-396
0
-704
-1014
-533
369
483
109
-381
-777
-648
-485
-504
-1267
-2408
-2582
-2284
-1938
-1069
-651
-523
8
847
2474
3605
3577
2555
860
271
214
-242
-1066
-2619
-3280
-2598
-2006
-1164
-117
978
2262
2708
2752
2758
2228
1531
861
342
-152
-393
-397
-703
-755
-571
-690
-1009
-852
95
664
724
693
412
183
-923
-2355
-2651
-2645
-2306
-1725
-1198
-602
-695
-1007
-1413
-1987
-1967
-1514
-688
32
370
665
153
-864
-1528
-2221
-2269
-1267
380
3434
6836
8638
8235
5452
2927
2330
2270
1981
445
-870
-302
313
266
-646
-1873
-2136
-1839
-620
1483
3299
4109
3402
1861
895
756
111
-1206
-1541
-548
415
-104
-1831
-3113
-3057
-2119
-1052
2
930
1258
786
32
-412
-675
-1229
-1971
-2083
-1117
239
832
431
-244
-648
-694
-520
-430
-601
-713
-354
4
-449
-1537
-2627
-3166
-2747
-1532
-13
1074
1282
1120
820
714
1166
1222
939
1053
1083
1012
689
-527
-1988
-3236
-3775
-2682
-1066
574
2084
2564
2564
1997
1029
235
-50
432
1141
1883
1991
1266
93
-1445
-2617
-2823
-2059
-792
544
1429
1483
895
-62
-1127
-2037
-2510
-2505
-1940
-723
184
-18
-637
-1370
-2376
-3031
-3002
-2150
-723
311
969
1221
255
-1358
-2330
-2028
-478
1766
4354
6476
7038
6029
3934
1997
1506
1991
2553
2473
1540
927
631
-633
-2355
-3164
-2745
-1526
-79
1336
2500
2987
2371
864
-420
-657
-298
38
488
1154
1526
760
-963
-2639
-3369
-2836
-1698
-461
377
644
327
-495
-1136
-1523
-1463
-976
-243
766
1367
1313
582
-380
-907
-1162
-1067
-664
-135
477
670
151
-1174
-2728
-3434
-3297
-2515
-1146
369
1369
1293
667
57
-408
-266
337
1258
2227
2569
2156
1006
-245
-1438
-2705
-3359
-3107
-1626
338
1615
2091
1791
1152
418
-159
-69
473
1236
1943
1946
1571
834
-793
-2470
-3346
-2826
-1303
88
1148
1270
549
-462
-1621
-2085
-1833
-1291
-478
186
483
205
-742
-1994
-3146
-3195
-1941
-359
902
1288
962
193
-1080
-2328
-2986
-2378
-413
2200
5055
7086
7125
5262
2560
912
1289
2633
3415
2878
1888
1494
864
-667
-2459
-3408
-2817
-1474
-31
1394
2318
2336
1115
-418
-891
-385
209
449
774
1280
1123
-121
-1851
-3084
-2927
-1629
-150
882
1085
477
-880
-2104
-2313
-1893
-966
181
1100
1773
1748
859
-289
-1014
-989
-552
257
1205
1273
812
360
-608
-2198
-3806
-4435
-3748
-2050
91
1732
2120
1269
-333
-1870
-2037
-686
1209
2574
2589
1541
69
-919
-1136
-1411
-1662
-1410
-512
792
1510
1246
217
-793
-907
-389
669
1756
2077
1833
997
262
-20
-536
-981
-1367
-1181
-305
68
-13
-860
-1796
-1780
-1500
-797
-125
-37
-330
-756
-661
-585
-696
-734
-1099
-1259
-862
-319
-28
85
176
-66
-476
-793
-1043
-860
120
1565
3202
4773
5277
4345
2685
1794
2602
4164
4919
3553
929
-588
-614
-303
-684
-1414
-1515
-1054
-368
92
133
42
-418
-1183
-1228
-25
1311
1481
825
410
339
-114
-1255
-2373
-2389
-1238
69
737
605
-290
-1639
-2551
-2255
-1010
293
1043
1158
923
652
267
-387
-862
-587
286
1208
1736
1506
615
-325
-1082
-1866
-2492
-2574
-2137
-1334
-405
168
151
-367
-1180
-1652
-945
880
2612
3009
1844
-73
-1486
-1509
-682
78
346
28
-238
-387
-604
-774
-972
-831
-252
617
1538
1742
1177
347
-598
-885
-455
-79
278
262
-84
-531
-1102
-1257
-1264
-1143
-968
-1057
-638
-113
-282
-625
-842
-1018
-1155
-890
-320
-285
-508
-676
-878
-445
434
996
800
-97
-834
-1137
-576
1120
2913
4483
5358
4819
3348
1611
1109
2429
4309
5320
3859
1113
-439
-741
-533
-633
-867
-808
-659
-271
-149
-364
-604
-1369
-2121
-1729
-103
1467
1367
276
-549
-929
-802
-875
-1077
-876
-451
84
-61
-700
-1355
-2329
-2744
-1999
-285
1326
1476
620
-409
-886
-627
-202
470
1091
1422
1484
1059
470
-277
-939
-1201
-1266
-1067
-717
-506
-482
-357
-226
-261
-645
-1267
-1358
-539
1185
2195
1531
173
-1274
-1740
-1001
159
730
312
-106
-373
-501
-366
-505
-844
-978
-566
242
749
867
531
-8
-125
-105
-160
-226
-298
-414
-675
-641
-657
-1162
-1478
-1582
-1546
-1095
-519
-399
-716
-629
-524
-979
-1079
-917
-938
-771
-599
-544
-249
515
1214
1043
387
-231
-592
216
2156
4257
6031
6413
4877
2506
904
1604
3882
5706
5771
3282
86
-1642
-1896
-1211
-710
-338
2
-109
-211
-770
-1484
-2047
-2745
-2561
-1123
948
1885
771
-863
-2011
-2178
-1556
-889
40
799
889
294
-764
-1392
-1940
-2524
-2333
-1369
-11
720
538
-167
-967
-1028
-624
8
985
1575
1441
961
555
346
172
147
-4
-517
-725
-738
-567
24
456
495
225
-234
-735
-652
343
1334
1301
359
-731
-1306
-792
-56
36
-552
-1287
-1412
-1137
-203
550
229
-432
-885
-642
-208
235
540
185
137
276
-104
-636
-1021
-1219
-1327
-1016
-634
-759
-1147
-1768
-2310
-2219
-1422
-754
-622
-514
-738
-1160
-1106
-1019
-1127
-887
-411
-76
267
775
1283
1399
989
196
-373
227
2004
4257
6310
6916
5303
2759
1309
1988
4461
6722
6348
3403
384
-997
-910
-120
463
177
-569
-1100
-1365
-1391
-1386
-1808
-2325
-2129
-1036
282
615
-476
-1899
-2461
-1925
-768
177
353
-131
-859
-1371
-1272
-657
-299
-684
-1209
-1096
-538
-339
-890
-1676
-1741
-812
402
1125
1129
560
-160
-502
-278
333
1043
1425
1153
484
-47
-249
-258
-195
-39
277
612
574
77
-369
-296
97
303
171
-179
-546
-607
-302
-82
-407
-1087
-1497
-1302
-521
308
385
-178
-895
-1479
-1186
-44
815
909
418
-331
-701
-617
-624
-948
-1337
-1377
-1344
-1303
-1077
-1236
-1783
-2232
-2068
-1332
-694
-530
-1054
-1455
-1170
-728
-402
-416
-510
-444
-190
346
914
1353
1214
849
947
1700
3061
4252
5224
5367
4196
2925
2361
3271
5324
6549
5464
2478
-48
-672
176
1400
1703
801
-746
-2078
-2550
-2279
-1398
-768
-1039
-1308
-1096
-712
-862
-1717
-2264
-1934
-803
236
341
-141
-1087
-1985
-2041
-1414
-503
-4
-168
-626
-999
-856
-739
-917
-957
-823
-399
46
441
682
393
-108
-448
-229
365
778
978
903
628
312
86
-38
-3
328
738
981
750
136
-426
-638
-338
-102
-107
-141
-264
-288
-384
-458
-630
-945
-735
-356
14
290
158
-267
-886
-796
-280
15
204
-158
-548
-683
-508
-302
-728
-1023
-1355
-1624
-1403
-1450
-1580
-1770
-1794
-1577
-1419
-1155
-1369
-1754
-1791
-1536
-1009
-647
-415
-206
-47
98
258
468
585
684
1067
1727
2479
3484
4563
5113
4731
3567
2764
3433
5164
6382
5799
3638
1358
192
286
857
1219
1175
416
-855
-1768
-2018
-1839
-1507
-1337
-1278
-959
-576
-842
-1535
-1542
-880
-509
-519
-587
-648
-551
-394
-479
-793
-1131
-1299
-1221
-947
-618
-581
-904
-1117
-1031
-881
-674
-405
-152
155
363
265
21
-227
-407
-302
206
795
943
617
173
-173
-169
372
1097
1336
791
-85
-641
-483
396
1120
913
164
-623
-1161
-1149
-740
-363
-304
-346
-107
22
-155
-264
-304
-142
302
560
342
-71
-150
84
17
-254
-514
-1147
-1652
-1623
-1310
-1013
-1178
-1672
-2401
-2769
-2320
-1750
-1397
-1239
-1196
-1387
-1607
-1557
-1425
-1115
-631
-185
219
516
431
251
519
1080
1611
2274
3114
3792
4220
4215
3748
3315
3817
5083
5715
5152
3596
2279
1908
1982
1905
1339
806
119
-629
-1074
-1333
-1367
-1596
-1873
-1835
-1291
-692
-851
-1245
-1207
-746
-533
-925
-1115
-800
-205
246
-88
-760
-1276
-1459
-1182
-781
-254
-355
-1252
-1857
-1778
-1106
-662
-477
-155
1
63
-255
-619
-520
-154
577
1288
1462
844
-244
-729
-402
437
1360
1539
761
-376
-888
-595
-91
315
261
-283
-742
-719
-514
-240
73
-146
-605
-672
-249
89
67
356
434
103
19
-31
37
440
1058
1281
714
86
-576
-1231
-1061
-455
-262
-682
-1318
-1941
-2604
-2543
-1949
-1557
-1299
-1490
-2067
-2460
-2291
-1870
-1536
-912
-270
-231
-374
-266
-98
399
1170
1711
1808
1867
2400
3086
3892
4260
3972
3773
4016
4393
4133
3645
3111
2742
2873
2597
1479
290
145
442
291
-29
-421
-1113
-1713
-1801
-1659
-1207
-887
-1086
-1544
-1547
-1127
-1374
-1634
-1281
-572
-14
9
-430
-1195
-1432
-1191
-784
-9
463
-94
-1183
-1563
-1144
-622
-307
-201
-177
-138
-226
-538
-616
-305
-6
340
875
989
360
-169
95
817
1363
1339
656
-212
-472
-101
303
422
91
-692
-1397
-1348
-822
-335
-22
-166
-700
-1140
-918
-455
-196
389
855
701
232
-181
-290
-45
706
1208
835
106
-746
-1235
-949
-236
146
-308
-1014
-1574
-1879
-1682
-1224
-876
-1074
-1756
-2381
-2497
-1916
-1266
-983
-1025
-1259
-1343
-1288
-863
-95
485
979
1175
1103
1401
1948
2870
4010
4579
4369
3584
3513
4247
4525
4293
3616
3067
2863
2722
2223
1041
395
390
249
-91
-567
-970
-1319
-1488
-1522
-1479
-1304
-1361
-1665
-1498
-929
-988
-1667
-2000
-1559
-747
-177
-294
-1089
-1657
-1444
-976
-465
71
-13
-773
-1091
-555
-106
-304
-586
-489
-135
371
397
-236
-714
-643
-50
557
770
275
-521
-313
699
1556
1568
681
-172
-353
212
677
655
490
-240
-1087
-1254
-935
-651
-657
-718
-1001
-1261
-1010
-695
-572
-245
337
451
94
20
150
166
391
908
797
72
-242
-377
-383
-3
133
-396
-1264
-1663
-1742
-1774
-1207
-729
-916
-1389
-1862
-1884
-1529
-1030
-607
-532
-647
-914
-1002
-583
-43
369
681
735
622
886
1652
2567
3262
3504
3240
2820
3047
3790
4334
4257
3550
2996
2779
2684
2312
1527
976
615
296
-83
-542
-864
-1056
-1103
-1178
-1386
-1585
-1796
-1906
-1420
-675
-515
-1135
-1791
-1662
-1110
-436
-86
-446
-1043
-1422
-1193
-729
-390
-259
-581
-816
-554
-161
-211
-582
-574
-239
52
30
-188
-315
-188
386
769
617
173
-353
-279
455
1186
1255
588
-72
-311
-65
491
688
312
-284
-722
-774
-581
-487
-765
-1145
-1339
-1313
-959
-655
-559
-547
-481
-458
-601
-360
139
402
448
598
725
338
-138
-247
-32
129
11
-294
-715
-934
-1108
-1259
-1123
-987
-943
-1107
-1403
-1474
-1397
-1254
-1072
-868
-711
-676
-679
-462
53
579
906
894
912
1144
1628
2441
3082
3199
2796
2582
2988
3755
4319
4016
3108
2350
2327
2684
2792
2385
1622
928
338
-34
-346
-507
-579
-971
-1399
-1726
-2056
-2368
-2296
-1708
-1171
-1253
-1865
-2323
-2123
-1369
-670
-430
-636
-1052
-1253
-947
-428
-144
-98
-357
-619
-469
-63
205
44
-67
115
167
52
1
102
247
438
671
747
513
169
251
676
871
658
348
283
237
172
184
41
-117
-252
-554
-933
-1151
-1021
-804
-845
-1011
-1229
-1339
-1126
-815
-511
-390
-456
-606
-732
-347
147
343
400
228
30
-87
-87
-29
-37
11
-75
-408
-713
-835
-801
-791
-792
-784
-992
-1305
-1500
-1389
-1103
-990
-967
-1005
-962
-737
-348
28
142
372
781
1180
1518
1958
2664
3111
3194
3135
2993
3136
3784
4459
4296
3410
2619
2386
2600
2633
2301
1680
1056
595
87
-230
-433
-636
-865
-1261
-1611
-1900
-2104
-2113
-1894
-1718
-1910
-2341
-2633
-2422
-1806
-1234
-1087
-1369
-1709
-1652
-1215
-687
-305
-247
-335
-433
-319
-8
129
109
130
374
571
412
181
153
358
647
879
890
663
497
574
810
925
901
776
438
129
25
173
339
198
-180
-696
-1037
-1040
-889
-787
-894
-1088
-1225
-1294
-1278
-1131
-898
-724
-650
-591
-506
-399
-196
67
227
190
37
-148
-290
-263
-95
-59
-270
-486
-667
-797
-791
-749
-808
-970
-916
-803
-860
-866
-858
-915
-960
-788
-493
-370
-264
-47
189
394
646
975
1376
1877
2335
2548
2614
2793
3069
3318
3506
3531
3342
3150
3159
3201
2970
2464
1952
1672
1605
1459
1002
341
-184
-389
-465
-666
-1043
-1514
-1874
-1947
-1783
-1622
-1752
-2157
-2426
-2320
-1997
-1747
-1765
-1948
-2001
-1815
-1538
-1371
-1325
-1289
-1191
-929
-588
-403
-368
-316
-161
96
308
360
370
491
684
792
797
788
762
743
820
926
966
989
996
886
680
531
509
513
420
185
-177
-542
-738
-784
-781
-816
-1002
-1272
-1422
-1379
-1176
-938
-817
-815
-800
-717
-630
-552
-396
-197
-86
-41
-30
-97
-111
26
140
142
49
-160
-370
-427
-356
-309
-426
-702
-973
-1064
-989
-913
-861
-800
-826
-890
-821
-644
-430
-219
-73
45
226
482
807
1163
1479
1779
2089
2398
2747
3123
3395
3503
3501
3500
3529
3494
3349
3151
2932
2647
2333
1974
1512
1032
660
404
55
-331
-666
-1014
-1350
-1644
-1863
-2143
-2437
-2597
-2646
-2641
-2689
-2754
-2813
-2828
-2742
-2575
-2335
-2118
-1921
-1720
-1527
-1310
-1114
-935
-665
-271
93
349
545
696
903
1097
1209
1331
1497
1702
1784
1705
1610
1546
1538
1546
1461
1221
922
727
667
604
416
113
-259
-573
-729
-854
-1033
-1218
-1421
-1590
-1673
-1687
-1668
-1726
-1768
-1669
-1530
-1411
-1223
-1022
-914
-834
-710
-505
-395
-373
-274
-219
-155
-78
-66
-143
-302
-343
-293
-220
-124
-138
-217
-286
-310
-238
-94
31
48
66
199
401
574
656
744
924
1197
1545
1841
2005
2141
2301
2454
2600
2685
2693
2705
2723
2707
2630
2464
2244
2025
1798
1537
1245
954
683
426
146
-195
-548
-818
-988
-1149
-1298
-1487
-1734
-1908
-2029
-2067
-2068
-2114
-2148
-2132
-2073
-2055
-1982
-1844
-1712
-1568
-1400
-1212
-1084
-896
-644
-434
-189
66
248
336
426
624
842
966
1082
1180
1199
1177
1162
1166
1124
1083
1041
944
818
678
527
308
113
-29
-218
-366
-477
-667
-909
-1111
-1211
-1241
-1253
-1273
-1345
-1457
-1472
-1378
-1291
-1236
-1169
-1066
-1007
-930
-758
-612
-475
-346
-255
-189
-181
-145
-53
68
158
146
44
-83
-110
-78
-96
-123
-124
-93
-77
-44
63
133
170
221
345
627
849
947
1063
1185
1323
1498
1703
1863
1985
2132
2273
2356
2382
2345
2253
2205
2155
2080
2010
1841
1630
1410
1155
922
679
403
141
-85
-310
-537
-773
-1020
-1212
-1341
-1483
-1651
-1797
-1925
-2036
-2098
-2107
-2104
-2075
-2011
-1919
-1776
-1632
-1494
-1333
-1147
-945
-722
-510
-308
-75
107
277
477
639
790
897
965
995
980
1019
1080
1137
1134
1040
936
808
687
573
444
277
64
-97
-221
-317
-412
-553
-709
-881
-1049
-1121
-1094
-1076
-1062
-1102
-1200
-1225
-1182
-1051
-908
-833
-797
-765
-675
-564
-466
-382
-310
-211
-112
-67
-88
-77
-36
-5
57
75
29
-45
-10
113
130
85
20
-8
-8
57
189
226
207
225
350
523
629
704
784
961
1183
1348
1477
1543
1615
1755
1931
2039
2026
1970
1866
1816
1852
1812
1651
1445
1245
1057
889
698
522
340
145
-11
-212
-442
-679
-865
-938
-1033
-1161
-1306
-1428
-1534
-1654
-1686
-1697
-1713
-1719
-1677
-1595
-1544
-1429
-1285
-1127
-953
-757
-562
-420
-229
-15
197
374
530
656
709
782
843
886
860
812
781
713
662
557
443
368
278
168
43
-85
-252
-394
-494
-599
-681
-790
-894
-974
-1072
-1123
-1143
-1122
-1093
-1123
-1161
-1157
-1098
-990
-883
-830
-769
-676
-571
-444
-298
-190
-108
3
80
151
204
232
303
370
458
505
460
404
375
403
466
484
460
448
409
375
415
433
397
363
388
496
564
558
579
618
697
868
1039
1151
1220
1292
1388
1475
1555
1615
1625
1613
1587
1546
1489
1356
1193
1073
943
805
673
500
308
140
-9
-166
-333
-469
-582
-721
-854
-950
-1053
-1147
-1220
-1326
-1431
-1505
-1566
-1562
-1499
-1452
-1411
-1366
-1320
-1238
-1100
-919
-747
-615
-498
-383
-275
-149
-14
101
202
293
371
422
439
425
436
445
451
449
411
352
246
200
164
78
-9
-124
-221
-308
-359
-411
-483
-614
-758
-778
-774
-761
-791
-860
-890
-879
-795
-716
-656
-617
-545
-415
-322
-261
-199
-111
-20
80
174
208
206
233
294
341
372
383
371
382
441
495
461
400
391
410
441
468
448
380
301
281
316
366
441
492
559
622
683
754
814
939
1056
1185
1287
1303
1305
1347
1364
1360
1353
1303
1242
1189
1119
1011
875
733
613
513
397
224
22
-159
-300
-417
-545
-700
-839
-958
-1025
-1094
-1156
-1239
-1294
-1273
-1211
-1130
-1106
-1089
-1059
-971
-845
-726
-620
-558
-515
-441
-337
-264
-235
-203
-177
-152
-128
-132
-159
-185
-171
-180
-207
-229
-255
-265
-268
-240
-246
-278
-294
-309
-346
-362
-408
-459
-464
-466
-489
-490
-515
-571
-543
-505
-476
-460
-425
-387
-331
-264
-224
-192
-144
-80
3
84
145
203
258
340
407
463
510
527
545
544
527
512
490
502
504
484
446
390
370
377
411
445
464
489
495
539
623
723
805
849
892
933
992
1065
1120
1156
1156
1135
1101
1085
1062
997
921
793
682
578
451
361
245
95
-31
-130
-234
-325
-396
-462
-523
-579
-621
-687
-747
-779
-773
-738
-716
-704
-719
-719
-680
-633
-578
-529
-492
-472
-456
-436
-422
-410
-390
-375
-384
-399
-411
-418
-420
-420
-419
-421
-425
-431
-433
-426
-412
-420
-430
-421
-424
-439
-442
-452
-466
-484
-517
-523
-495
-490
-474
-445
-452
-434
-364
-306
-262
-208
-173
-156
-91
-23
23
70
121
183
218
264
323
368
422
488
549
582
596
608
619
654
703
712
691
675
655
640
637
640
622
564
500
455
407
366
341
323
310
282
263
277
297
321
361
405
432
472
535
599
640
660
676
662
649
653
635
613
567
505
447
374
292
208
142
84
26
-46
-132
-222
-284
-310
-329
-363
-411
-468
-510
-512
-495
-482
-495
-505
-499
-492
-454
-435
-459
-476
-504
-522
-528
-541
-560
-580
-595
-620
-639
-655
-656
-647
-641
-630
-624
-605
-570
-518
-472
-460
-433
-416
-409
-379
-359
-341
-324
-322
-326
-331
-333
-325
-299
-282
-273
-263
-270
-251
-217
-197
-150
-110
-78
-31
10
76
124
168
230
282
334
365
407
442
462
504
533
550
555
574
595
587
571
558
542
525
524
515
494
451
413
385
354
342
319
284
257
239
230
212
207
213
219
237
259
275
296
333
391
438
460
496
506
518
554
576
595
601
595
589
567
531
494
452
395
351
302
246
199
143
102
67
22
-18
-62
-118
-178
-211
-244
-284
-337
-410
-460
-513
-552
-569
-613
-665
-705
-740
-755
-757
-777
-802
-846
-861
-853
-858
-826
-816
-813
-777
-745
-699
-649
-614
-589
-544
-505
-475
-423
-374
-341
-320
-309
-295
-270
-231
-186
-162
-144
-133
-128
-94
-75
-70
-60
-49
-41
-34
-12
-8
14
46
78
112
121
136
171
238
292
325
348
344
369
402
432
465
469
470
469
472
480
476
481
489
483
484
449
411
409
396
390
381
347
319
298
278
262
254
244
231
233
252
269
289
307
328
352
358
388
415
443
483
500
513
516
522
553
572
577
578
560
533
524
497
443
394
340
282
220
146
74
-1
-71
-127
-212
-329
-410
-473
-552
-628
-714
-808
-874
-918
-942
-972
-1022
-1049
-1058
-1048
-1006
-973
-955
-931
-902
-839
-765
-717
-664
-613
-567
-511
-458
-404
-345
-302
-257
-207
-176
-151
-115
-82
-49
-27
-21
-16
-14
4
44
55
41
42
39
43
75
86
79
87
96
97
110
128
135
139
151
165
173
176
190
209
219
228
240
256
283
298
301
322
355
384
403
409
431
450
452
476
480
465
468
447
432
420
379
344
326
305
281
263
232
216
221
216
214
217
208
199
212
224
249
251
227
240
250
267
278
273
264
248
246
237
222
195
167
146
116
83
46
7
-22
-40
-59
-90
-132
-169
-206
-244
-270
-300
-340
-393
-431
-460
-494
-513
-549
-592
-616
-640
-648
-646
-652
-657
-657
-660
-650
-633
-624
-606
-583
-559
-520
-483
-445
-405
-371
-322
-274
-242
-197
-145
-103
-66
-30
3
34
58
87
130
158
183
203
211
233
247
262
283
289
303
307
317
334
329
341
350
335
326
333
321
299
292
279
262
247
240
222
212
214
202
202
198
184
188
193
182
170
157
142
143
122
113
116
96
100
98
93
94
80
78
66
51
50
41
31
21
9
-3
-11
-15
-25
-31
-30
-36
-32
-20
-21
-22
-16
-9
-3
1
9
13
12
18
27
26
23
22
23
20
13
10
8
-3
-12
-12
-20
-35
-47
-56
-65
-76
-84
-91
-103
-115
-116
-130
-145
-153
-166
-167
-169
-181
-197
-210
-201
-200
-199
-196
-209
-218
-221
-213
-210
-210
-194
-192
-194
-183
-168
-152
-145
-130
-117
-103
-85
-72
-61
-45
-31
-22
-12
-5
8
22
26
41
44
45
54
56
77
83
78
81
81
80
83
92
93
91
94
93
82
79
91
79
74
84
72
65
64
58
70
76
65
69
70
86
107
111
129
129
133
161
176
176
180
194
207
217
215
224
223
211
223
228
226
218
209
202
197
194
169
155
144
123
115
102
83
68
47
31
15
-7
-32
-43
-63
-92
-96
-108
-135
-155
-182
-200
-209
-230
-244
-264
-287
-287
-289
-295
-309
-315
-304
-308
-307
-297
-282
-270
-250
-234
-225
-196
-188
-177
-142
-123
-101
-66
-52
-42
-10
0
15
35
45
62
72
91
100
107
113
112
123
120
110
116
113
118
127
117
113
120
112
106
117
119
113
109
104
108
105
91
84
83
75
66
68
75
63
47
43
33
25
28
14
3
5
2
-9
-18
-26
-25
-22
-24
-31
-44
-44
-26
-21
-28
-19
-11
-11
6
27
37
47
54
67
86
95
106
119
119
115
118
119
129
124
107
111
104
86
78
71
58
39
24
8
-11
-20
-42
-61
-67
-91
-111
-120
-141
-146
-146
-162
-171
-171
-176
-169
-173
-184
-173
-175
-178
-162
-156
-140
-128
-131
-123
-106
-93
-86
-80
-69
-50
-38
-25
-14
-8
5
9
14
28
33
41
50
53
60
59
63
62
59
69
60
59
70
62
61
66
61
62
58
59
71
64
55
52
50
39
31
31
25
23
20
18
22
19
20
19
17
17
22
21
29
36
35
37
47
56
55
61
62
67
70
75
75
74
65
75
77
54
54
40
37
22
27
41
20
13
20
15
2
6
4
-20
-14
-9
-33
-31
-23
-32
-33
-30
-33
-32
-31
-29
-33
-35
-28
-30
-35
-40
-41
-36
-43
-46
-40
-36
-42
-46
-49
-61
-65
-65
-69
-69
-71
-77
-80
-84
-89
-86
-77
-78
-74
-71
-61
-50
-45
-41
-37
-19
-17
-1
6
0
-5
-3
7
12
15
15
19
12
15
11
12
5
-5
3
6
8
-3
-10
-1
18
11
4
9
8
4
5
20
18
15
32
28
55
57
52
59
46
51
60
53
55
61
56
58
54
56
63
63
60
65
70
74
72
66
73
69
69
58
53
59
60
53
48
52
41
53
57
56
53
51
46
35
36
24
19
10
1
4
2
-8
-23
-30
-37
-39
-46
-56
-64
-67
-65
-68
-68
-65
-72
-67
-67
-73
-59
-59
-63
-59
-43
-45
-47
-34
-43
-42
-34
-33
-31
-24
-37
-31
-37
-46
-38
-56
-53
-51
-46
-34
-45
-39
-28
-28
-15
-20
-17
-19
-23
-13
-20
-16
-11
-18
-12
1
-3
-5
-9
-7
3
-5
-2
-1
-13
-12
4
3
-5
-9
-7
-11
-3
-2
-10
-11
-12
-10
-11
-13
-19
-13
0
3
14
31
24
33
52
60
75
79
87
89
84
94
100
85
82
94
95
100
95
82
72
70
65
54
60
46
0
0
0
0
0
0
0
0
0
0
0
0
0
0
0
0
0
0
0
0
0
0
0
0
0
0
0
0
0
0
0
0
0
0
0
0
0
0
0
0
0
0
0
0
0
0
0
0
0
0
0
0
0
0
0
0
0
0
0
0
0
0
0
0
0
0
0
0
0
0
0
0
0
0
0
0
0
0
0
0
0
0
0
0
0
0
0
0
0
0
0
0
0
0
0
0
0
0
0
0
0
0
0
0
0
0
0
0
0
0
0
0
0
0
0
0
0
0
0
0
0
0
0
0
0
0
0
0
0
0
0
0
0
0
0
0
0
0
0
0
0
0
0
0
0
0
0
0
0
0
0
0
0
0
0
0
0
0
0
0
0
0
0
0
0
0
0
0
0
0
0
0
0
0
0
0
0
0
0
0
0
0
0
0
0
0
0
0
0
0
0
0
0
0
0
0
0
0
0
0
0
0
0
0
0
0
0
0
0
0
0
0
0
0
0
0
0
0
0
0
0
0
0
0
0
0
0
0
0
0
0
0
0
0
0
0
0
0
0
0
0
0
0
0
0
0
0
0
0
0
0
0
0
0
0
0
0
0
0
0
0
0
0
0
0
0
0
0
0
0
0
0
0
0
0
0
0
0
0
0
0
0
0
0
0
0
0
0
0
0
0
0
0
0
0
0
0
0
0
0
0
0
0
0
0
0
0
0
0
0
0
0
0
0
0
0
0
0
0
0
0
0
0
0
0
0
0
0
0
0
0
0
0
0
0
0
0
0
0
0
0
0
0
0
0
0
0
0
0
0
0
0
0
0
0
0
0
0
0
0
0
0
0
0
0
0
0
0
0
0
0
0
0
0
0
0
0
0
0
0
0
0
0
0
0
0
0
0
0
0
0
0
0
0
0
0
0
0
0
0
