0
0
0
0
0
0
0
0
0
0
0
0
0
0
0
0
0
0
0
0
0
0
0
0
0
0
0
0
0
0
0
0
0
0
0
0
0
0
0
0
0
0
0
0
0
0
0
0
0
0
0
0
0
0
0
0
0
0
0
0
0
0
0
0
0
0
0
0
0
0
0
0
0
0
0
0
0
0
0
0
0
0
0
0
0
0
0
0
0
0
0
0
0
0
0
0
0
0
0
0
0
0
0
0
0
0
0
0
0
0
0
0
0
0
0
0
0
0
0
0
0
0
0
0
0
0
0
0
0
0
0
0
0
0
0
0
0
0
0
0
0
0
0
0
0
0
0
0
0
0
0
0
0
0
0
0
0
0
0
0
0
0
0
0
0
0
0
0
0
0
0
0
0
0
0
0
0
0
0
0
0
0
0
0
0
0
0
0
0
0
0
0
0
0
0
0
0
0
0
0
0
0
0
0
0
0
0
0
0
0
0
0
0
0
0
0
0
0
0
0
0
0
0
0
0
0
0
0
0
0
0
0
0
0
0
0
0
0
0
0
0
0
0
0
0
0
0
0
0
0
0
0
0
0
0
0
0
0
0
0
0
0
0
0
0
0
0
0
0
0
0
0
0
0
0
0
0
0
0
0
0
0
0
0
0
0
0
0
0
0
0
0
0
0
0
0
0
0
0
0
0
0
0
0
0
0
0
0
0
0
0
0
0
0
0
0
0
0
0
0
0
0
0
0
0
0
0
0
0
0
0
0
0
0
0
0
0
0
0
0
0
0
0
0
0
0
0
0
0
0
0
0
0
0
0
0
0
0
0
0
0
0
0
0
0
0
0
0
0
0
0
0
0
0
0
0
0
0
0
0
0
0
0
0
0
0
0
0
0
0
0
0
0
0
0
0
6
-55
10
71
-13
-94
-27
130
7
-176
49
184
-69
-157
76
155
-76
-157
51
126
-9
-93
-4
148
46
-158
-12
148
-42
-131
61
104
-85
-123
47
63
-85
-21
98
-18
-72
12
29
3
-17
1
50
20
1
68
10
-42
10
55
70
-71
-30
141
-42
-111
115
108
-68
-58
89
45
-127
5
68
-81
54
76
-98
32
146
-106
-155
193
73
-227
33
125
-101
-57
41
-34
-58
57
18
-136
4
97
-94
-137
56
84
-109
-48
89
21
-71
-58
52
33
-62
16
-13
0
112
-81
-82
108
3
-86
5
44
-6
-54
-48
30
55
-76
-72
90
19
-125
-97
84
117
-180
-43
220
-52
-139
15
85
-1
-159
34
206
-32
-128
38
133
22
-184
46
233
-72
-169
66
180
-80
-127
121
114
-31
-30
95
59
-77
50
68
-84
51
43
-121
-13
100
-83
-131
73
61
-105
-75
77
-6
-55
70
62
7
-50
1
115
11
-98
18
143
-52
-158
167
155
-196
-132
136
95
-143
-50
183
-22
-195
55
120
-104
-60
57
13
0
-51
36
146
-52
-127
74
161
-18
-130
73
113
-85
-112
-32
71
80
-115
-122
113
111
-144
-172
187
170
-257
-78
263
82
-220
-97
186
-2
-131
-76
28
126
-173
-174
170
74
-212
-57
276
-28
-305
161
325
-187
-306
277
316
-381
-220
449
119
-490
-82
496
-88
-458
203
238
-206
-133
91
141
-35
-134
63
151
-23
-160
19
152
-137
-101
184
57
-175
-95
203
11
-175
91
97
30
-60
-23
150
-33
-56
67
17
91
-18
-116
174
119
-232
-84
316
95
-384
-69
358
15
-353
-33
403
-31
-464
153
394
-241
-353
152
336
-67
-387
104
426
-250
-374
328
313
-318
-290
389
192
-479
-45
375
-144
-325
93
206
-99
-262
37
238
-89
-250
117
252
-184
-216
248
173
-167
-141
167
224
-168
-71
241
30
-118
-65
164
97
-228
58
133
-87
6
37
-26
-25
70
-86
-17
189
-160
-163
228
108
-265
-11
271
-121
-219
128
144
-182
-89
213
-9
-153
69
88
-103
-95
79
69
-32
-66
-10
122
-17
-196
43
172
-132
-218
217
187
-340
-47
323
-91
-211
68
187
-52
-274
153
288
-289
-267
380
231
-430
-140
415
38
-411
47
411
-108
-244
169
195
-18
-178
51
188
-145
-46
184
-30
-87
113
78
-56
-15
14
142
107
-243
40
389
-250
-304
409
103
-438
19
378
-218
-311
326
55
-331
32
262
27
-309
-5
341
-136
-276
135
157
-75
-208
-26
164
-52
-253
-22
199
-71
-169
25
59
13
-80
31
-7
-136
174
56
-313
68
344
-189
-308
317
223
-318
-47
379
-51
-321
253
93
-253
194
46
-105
162
-68
-13
133
-143
-11
129
61
-130
-190
320
51
-288
135
45
49
97
-82
-30
57
126
-198
-108
262
-88
-125
-21
64
123
-332
10
313
-149
-95
58
179
-95
-264
304
24
-311
160
181
-112
-91
87
-4
7
33
-237
221
249
-557
85
497
-352
-200
321
81
-258
-18
245
-85
-165
66
119
-111
-134
197
-3
-92
60
-50
32
-14
32
7
-61
137
-81
-77
121
19
-40
-29
96
-71
-53
179
-88
-66
105
-10
-46
-18
55
-6
-18
95
-22
-84
103
-17
-102
84
-2
27
-76
-48
250
-203
-182
320
-89
-260
195
197
-209
-234
195
190
-190
-226
169
404
-345
-389
494
186
-403
-237
359
308
-485
-284
625
247
-791
-77
821
-104
-864
190
814
-413
-666
380
627
-398
-682
566
457
-515
-390
355
575
-485
-536
739
295
-610
-34
423
16
-338
23
215
27
-66
-157
190
101
-119
11
-130
326
16
-453
406
157
-274
-80
66
405
-293
-519
445
453
-512
-536
706
435
-838
-150
663
24
-374
-291
397
525
-727
-394
800
307
-771
-370
1060
143
-1250
374
1069
-634
-744
627
626
-626
-569
721
320
-781
-95
576
-90
-334
67
-69
93
207
-567
73
756
-540
-419
675
141
-567
-98
626
-148
-590
517
216
-586
147
446
-285
-128
472
-96
-235
355
97
-298
-47
514
-168
-630
632
249
-624
64
250
-58
14
-43
-164
207
143
-272
-342
532
397
-1087
265
1000
-816
-545
825
219
-805
-65
707
112
-809
208
787
-685
-186
366
-134
192
-243
-299
618
196
-813
-41
1012
-261
-1076
608
848
-793
-573
858
424
-987
-176
1015
-184
-660
154
381
133
-547
-105
586
125
-595
-220
841
-100
-715
260
367
-140
-337
112
271
-65
-184
35
122
-41
38
-132
-101
358
-77
-559
413
580
-730
-384
938
182
-1139
116
1154
-457
-834
479
613
-209
-614
75
658
-14
-899
-93
1321
-507
-1442
1347
677
-1369
-172
1024
290
-1239
-73
1285
-199
-1085
184
1180
-455
-1037
727
610
-581
-457
406
638
-592
-665
942
213
-846
-4
654
207
-1086
187
1222
-969
-510
927
111
-579
-264
801
123
-873
214
680
-412
-600
549
346
-404
-214
231
524
-418
-641
857
427
-1243
67
1266
-664
-754
645
420
-264
-592
482
461
-614
-56
260
154
-179
-250
287
147
-239
-114
208
-18
-186
-54
181
150
-361
65
464
-246
-426
333
396
-565
-259
591
-165
-378
103
130
106
-535
177
685
-885
11
915
-739
-193
698
-402
-159
348
-240
-69
224
-120
-153
315
58
-284
275
111
-169
17
-32
178
-63
-183
81
206
-10
-441
195
507
-557
-278
811
-297
-409
524
-124
1
13
-197
355
-48
-504
470
171
-712
579
56
-563
591
-168
-348
408
12
-318
131
289
-358
112
76
-276
409
-379
-111
481
-418
29
123
-108
130
-136
36
69
-52
-15
-104
56
183
-226
-202
466
-50
-400
314
110
-320
115
325
-241
-301
175
255
-39
-355
142
349
-393
-10
371
-200
110
-77
-323
581
-9
-620
321
363
-300
-335
415
381
-693
121
587
-579
131
166
-274
446
-231
-306
378
70
-445
11
358
-191
-77
-87
109
229
-319
77
579
-450
-378
775
-267
-284
213
-49
329
-571
208
417
-777
605
-64
-419
640
-358
-402
568
11
-435
434
-141
-171
84
-354
430
-27
-447
328
163
-463
171
505
-638
10
733
-701
-218
953
-514
-457
662
68
-481
-21
619
-391
-75
514
-474
29
197
-298
-182
457
-108
-569
519
131
-366
120
252
-89
-50
-5
-39
326
-290
-165
620
-292
-384
460
10
-342
112
-50
81
145
-261
-106
274
415
-806
209
875
-1162
-16
850
-467
-522
588
369
-793
268
402
-399
121
54
-284
-186
569
-302
-608
635
219
-535
-295
888
-151
-659
440
33
10
-275
216
175
-623
656
4
-850
901
190
-995
496
757
-753
-237
983
-392
-713
898
127
-789
125
341
85
-501
-38
787
-563
-380
900
-472
-522
873
-152
-540
444
106
-340
270
-13
-61
74
25
245
-575
421
415
-1043
414
714
-893
-325
621
2
-480
-7
528
-126
-695
467
635
-880
26
875
-531
-211
193
33
201
-394
83
455
-710
54
395
-184
493
-988
67
1303
-1128
-277
962
-245
-699
498
316
-599
128
113
197
-249
-25
652
-464
-4
263
-330
488
-140
-711
894
-52
-833
610
38
-332
117
317
-250
-379
478
-22
-79
115
-159
358
-46
-361
453
-77
-286
-53
115
470
-866
108
934
-1013
21
579
82
-365
-483
989
-58
-851
414
528
-227
-734
208
956
-704
-626
963
209
-1057
-259
1116
-162
-1003
533
729
-619
-234
513
114
-270
-445
403
361
-666
-487
830
620
-1232
-139
1422
-387
-1184
726
701
-934
-360
786
306
-819
-31
974
-388
-567
532
417
-628
-543
860
201
-646
-58
307
351
-377
-248
338
370
-124
-768
638
450
-837
-198
816
69
-1166
565
692
-650
-542
457
830
-1087
-270
1307
-607
-464
828
-177
-329
473
-212
-278
519
-130
-556
159
714
-642
-538
1014
-123
-571
146
470
-150
-530
496
127
-387
15
215
93
-368
-71
507
-319
-233
678
-403
-170
434
-488
158
483
-319
-344
283
283
-585
279
568
-743
154
733
-731
-350
856
-349
-278
212
-243
286
-59
18
272
-173
227
-63
-93
544
-605
-30
603
-634
176
239
-397
-42
130
174
-355
-32
517
-202
-405
410
162
-515
208
200
-504
303
3
-432
549
-370
-62
443
-300
184
-382
352
646
-1106
448
1082
-1263
-133
768
-368
66
-514
-44
500
-505
117
142
-210
38
281
40
-251
240
-336
164
517
-1028
322
893
-967
-94
819
4
-269
-335
448
284
-1182
75
938
-300
-644
17
563
-82
-519
292
701
-681
-237
913
-503
-50
196
-62
274
-424
364
137
10
79
-295
404
-352
-72
233
-314
199
-304
-4
578
-852
257
684
-1124
531
319
-647
476
-314
286
297
-931
567
452
-573
-180
367
782
-872
-378
1332
-418
-938
569
629
-1122
-362
1186
-797
-451
820
33
-508
-175
839
-341
-115
331
-679
788
151
-800
348
289
-224
-433
673
197
-1107
460
559
-545
62
441
-215
-325
489
74
-374
264
88
-157
-180
-230
338
-137
-147
401
-398
399
279
-446
581
1
-405
60
400
-247
-655
841
-141
-1128
651
408
-790
-94
476
-45
-134
341
177
-268
38
208
-250
26
187
-237
219
-109
-146
567
-757
17
789
-1041
202
653
-476
320
-185
-353
648
-362
-414
517
-103
11
-368
80
536
-948
264
851
-478
-344
294
403
-296
-412
216
610
-371
-701
868
235
-1070
439
707
-864
134
461
-782
189
417
-169
-328
-80
924
-562
-417
1359
-664
-721
1042
-66
-867
254
666
-626
-483
830
-115
-607
549
11
-379
224
-7
-209
214
573
-384
-465
961
295
-945
-110
682
-223
-765
284
555
-719
-491
1030
-366
-843
1444
-120
-1010
893
44
-461
274
378
-148
-705
487
386
-1173
563
888
-1046
138
295
-64
130
-328
194
-433
187
428
-898
552
932
-877
-757
1155
386
-1719
525
1361
-1331
-267
1355
-122
-1037
299
1182
-1119
-668
1650
-609
-819
937
-346
-415
352
-168
-278
425
374
-901
-58
1065
-739
-492
1293
128
-784
349
671
-816
-591
1336
-219
-902
926
-227
-644
99
332
367
-1130
0
900
-880
59
660
-357
1
188
-16
214
249
-170
80
21
-500
360
227
34
11
-936
620
295
-1235
800
909
-952
-488
814
-150
-792
383
509
-331
-757
442
671
-583
-44
556
-306
-121
324
-284
106
-89
-262
427
-28
-155
196
226
16
-31
-296
10
353
-933
-248
1132
-257
-861
550
513
-596
5
706
-35
-357
641
100
-965
712
304
-1144
613
643
-550
-58
549
51
-867
256
894
-294
-575
326
721
-756
-297
726
-254
160
-522
-79
1048
-1069
-279
848
-401
-91
-86
242
715
-732
-601
981
171
-906
334
805
-884
-358
842
-487
-118
414
-363
253
199
-27
-5
140
494
-815
-195
1060
-623
-557
1104
213
-1176
-47
717
-312
-403
337
58
-458
147
-66
-422
480
-1
-583
545
371
-1023
-81
1137
-346
-835
528
762
-330
-813
588
743
-840
-333
1094
127
-502
136
-174
431
-124
-657
662
194
-385
-472
434
641
-1070
-26
1159
-459
-637
956
209
-850
436
546
-255
-118
-231
296
473
-865
-313
789
-151
-596
-328
276
248
-721
64
260
-594
94
375
40
-123
-35
165
83
-53
-204
377
520
-319
-314
583
625
-504
-250
699
182
-599
-194
879
-74
-701
571
-39
-510
424
103
-723
21
460
-912
-177
758
-724
-173
714
-510
-442
550
77
-451
21
531
-47
-416
312
-33
-302
46
-184
-170
184
118
-313
25
-33
-323
-120
78
443
-377
-393
630
-35
-404
186
489
305
-338
30
456
153
-242
-107
537
-56
-257
574
529
-104
-240
153
213
-146
219
471
-355
-42
344
-240
132
183
-405
-124
-165
-387
233
317
-273
-422
66
191
-118
-149
201
245
-288
-392
-73
254
8
-401
-75
208
-120
-353
-168
18
1
-372
-347
-13
-58
-303
-388
127
102
-306
-113
277
152
-106
408
347
-59
-162
-159
331
253
-25
587
752
-243
-437
418
117
-216
280
449
346
-350
-212
295
-115
-215
-106
-21
215
-25
-294
481
281
-750
91
518
-24
160
459
597
112
77
570
646
247
80
756
564
61
112
479
557
-56
37
472
721
25
-625
198
115
-647
-241
380
32
-705
-559
1
-270
-655
-466
-470
-432
-459
-453
226
83
-520
-516
-524
-156
-106
-315
-101
-236
-753
-1193
-797
-475
-1138
-1595
-1445
-932
-1184
-1927
-1290
-1234
-2150
-1726
-1629
-1673
-1108
-1643
-1337
-262
-416
-194
452
891
1305
1519
2630
3381
3209
4067
4407
4397
5067
5026
5068
4889
4166
3904
3510
3066
2658
1684
980
883
124
-678
-620
-937
-1822
-2219
-2146
-2096
-2249
-2433
-2157
-2087
-2447
-2242
-1610
-1396
-1684
-1431
-718
-720
-1265
-1002
-317
-1114
-1781
-1054
-1044
-1626
-1768
-1818
-2018
-2555
-3129
-3140
-2991
-3401
-3811
-3693
-3356
-3522
-4083
-3639
-3201
-3677
-3489
-2549
-1971
-1992
-1707
-1350
-1867
-2193
-1109
547
2332
5054
7697
9254
10112
10583
10896
11214
12085
12302
10897
9897
9505
8215
6193
4374
2619
-158
-2924
-4202
-4973
-5982
-6898
-7778
-8563
-8629
-8084
-7657
-7221
-6491
-5872
-5124
-3341
-1000
689
1763
2717
3683
4718
5707
6456
7162
7777
7637
6845
6073
5448
3963
2031
915
-579
-2424
-3575
-4162
-5105
-6444
-6579
-6188
-6597
-6639
-5412
-4706
-4311
-2786
-1569
-565
386
944
1610
1976
2029
1782
1330
514
-314
-239
-345
-1072
-1510
-2073
-3349
-4727
-5091
-4725
-4869
-5463
-5808
-5680
-5616
-5847
-5537
-4528
-3590
-3071
-2174
-712
275
280
-221
-371
-32
1248
3371
5982
9438
12124
13157
13318
12969
12888
13360
13619
13329
12386
10529
8723
7052
4817
2256
-545
-3151
-5775
-8082
-8821
-9046
-9715
-10377
-10969
-10543
-9305
-8775
-8244
-7322
-6355
-5082
-3387
-783
1966
3457
4054
5332
7241
7673
6627
6082
6080
5377
4403
4403
4794
4100
2412
791
-615
-1988
-2910
-3184
-3230
-3297
-3349
-3637
-4129
-4119
-3592
-3390
-3368
-2389
-638
442
592
715
1031
920
499
678
1282
1000
-138
-741
-860
-1828
-3527
-4301
-4451
-5445
-6259
-5433
-4019
-4352
-5633
-5609
-5378
-5402
-4908
-4165
-3025
-2258
-2147
-1581
-431
397
-13
-860
-999
-777
-401
714
3056
6237
9449
11827
12734
12524
12002
11853
12630
13508
12852
11232
10031
8688
6548
4233
1936
-756
-3524
-6159
-8383
-8742
-7768
-8181
-9235
-9033
-8831
-8904
-8357
-7433
-5980
-4495
-3635
-1794
1348
3717
4536
4951
6322
7261
6650
6506
7238
7046
5143
3361
2607
1853
1252
-241
-1783
-2295
-3636
-4358
-4037
-3299
-2786
-3677
-3856
-3764
-3696
-2903
-2134
-704
933
1682
1356
1248
1193
585
896
1429
1241
731
-170
-967
-1118
-1660
-3164
-4538
-5346
-6133
-6898
-6462
-4735
-3736
-4443
-5289
-4963
-4408
-4542
-4356
-2893
-1419
-1373
-1756
-989
170
122
-547
-713
-1057
-2087
-2637
-1848
150
3236
6837
9916
11931
12584
11710
10910
12032
14379
15544
14546
13129
11864
9923
7267
4789
2716
-340
-4121
-7285
-7968
-7113
-7768
-8839
-10109
-11172
-10836
-10489
-9401
-7251
-5159
-4063
-3599
-1250
2040
4277
5172
5506
6640
7200
6972
6912
7109
7074
5255
3006
1680
504
-815
-2828
-4760
-6066
-6864
-6592
-6148
-5496
-4951
-4964
-4786
-4748
-2454
986
2249
3194
3932
4393
4158
3175
3282
3287
3057
2657
1810
1087
-401
-1775
-2734
-3839
-4870
-6144
-6603
-6319
-6041
-5181
-4019
-3461
-3820
-4211
-3849
-3529
-3427
-2212
-681
-268
-1006
-1427
-394
41
-460
-1063
-1034
-370
-986
-2228
-3211
-3823
-4000
-3556
-1223
2610
6600
9563
10711
10514
10385
11656
14389
17219
18080
16516
13865
11453
9516
7305
4813
1977
-1494
-4878
-6760
-6980
-7522
-9310
-12143
-14152
-13718
-12242
-10167
-8073
-6499
-5341
-4470
-2371
673
3521
5348
5905
6737
7792
7958
7394
7054
7463
6777
4002
1647
1021
-109
-3103
-6045
-7415
-7807
-8394
-9267
-9212
-8351
-7570
-7019
-5731
-2921
-107
1886
3832
6383
8328
7914
6823
6725
6667
5870
5251
5109
3655
860
-1289
-2370
-3444
-5022
-6387
-6617
-6168
-6412
-6769
-5799
-4745
-5679
-7123
-6170
-4242
-3646
-3319
-1841
-56
-256
-1304
-607
962
1323
337
397
1801
1844
43
-1251
-1282
-2163
-4133
-5099
-4117
-1514
2050
5907
9177
10296
9225
8948
11235
14303
15926
15868
14921
13136
10568
8055
5912
3925
1904
-977
-4493
-6900
-7979
-9075
-10586
-12043
-12846
-12271
-11112
-9897
-8064
-6049
-4442
-3689
-2670
-276
2444
4509
5986
7646
8731
8356
7768
7823
7921
6950
4838
2627
1053
-280
-2094
-3857
-4880
-5890
-7442
-8449
-8607
-8843
-8629
-7287
-5310
-3389
-1073
1960
4273
5517
6267
6911
7251
7026
7094
7108
6369
4410
1545
-366
-1294
-2425
-3897
-5428
-6464
-7152
-8324
-8870
-7700
-5954
-5209
-5364
-4382
-2596
-1793
-1859
-1715
-456
517
277
447
1378
1968
1430
563
1029
1923
1731
604
-935
-1790
-2310
-3575
-5223
-6550
-6643
-5904
-4379
-720
4099
7772
9033
8811
9216
10905
14045
17498
19198
18614
15719
11801
8563
6807
6381
4937
1469
-3341
-7968
-10138
-10215
-9855
-10899
-13151
-14371
-14461
-13414
-11176
-8438
-6296
-5733
-4733
-1823
1748
4656
6526
8211
9496
9242
8274
8684
9982
9647
6919
4016
2867
1395
-1305
-3393
-4454
-5988
-8855
-11087
-11335
-9608
-7570
-6957
-6412
-5207
-3512
-1602
966
4972
7647
7280
6254
6430
7332
7501
7023
6660
5464
2468
-725
-1540
-1118
-2258
-4281
-5522
-6402
-7453
-7685
-5947
-3672
-3817
-5910
-6586
-5006
-3692
-3708
-2683
-288
308
-1027
-1078
839
2578
2743
2214
2273
2273
1368
451
156
-332
-1852
-3931
-5022
-4795
-4120
-2210
1707
5511
7155
7246
7178
8006
10348
13525
15911
16139
14290
11722
9012
6226
4576
4126
2992
254
-3695
-6891
-8094
-9117
-10608
-11571
-11845
-12286
-13173
-12353
-9487
-6709
-5287
-4887
-3440
-1108
861
2981
5547
8103
9059
8201
7268
7809
8784
7770
6074
5186
3941
1685
-589
-1985
-3318
-4866
-6303
-7794
-8606
-7813
-6611
-6567
-6083
-4024
-1955
-695
682
3063
4787
4828
4670
5228
6209
6379
5922
5664
4704
2373
-59
-736
-629
-2078
-4037
-4379
-4451
-5831
-6859
-5696
-4349
-5458
-6895
-6423
-5342
-5279
-5238
-3047
-834
-1187
-1971
-1052
484
456
-25
1207
2508
2196
1087
390
-112
-1486
-3194
-3857
-2904
-598
2301
5091
6995
7107
5806
5447
7708
11310
13826
14554
14013
12275
9473
6748
5236
4570
3401
1101
-1486
-3402
-4873
-6588
-8444
-9844
-10570
-11000
-11330
-10754
-9356
-8043
-7166
-6403
-5117
-3720
-2017
310
2903
5618
7143
7142
7017
7476
7689
7197
7243
7546
6512
4516
2790
1191
-683
-2408
-3858
-5368
-6807
-7600
-7787
-7966
-8013
-7057
-5153
-3398
-1874
-40
1274
1384
1660
3141
4710
5547
6240
6530
5404
3486
2492
2528
2268
1196
-183
-1574
-3061
-4341
-4640
-3860
-3464
-4639
-6024
-5982
-5617
-5936
-5118
-2657
-1531
-2705
-3172
-1709
-633
-718
70
2042
2788
1493
399
761
906
-190
-1219
-1687
-2810
-4475
-5005
-3932
-2208
-319
1857
4048
5415
5592
5665
7084
9723
12142
13344
13114
11679
9848
8412
7514
7012
6466
4936
2090
-1010
-3168
-4288
-4991
-5865
-7098
-8443
-9640
-10553
-10673
-9531
-7862
-6956
-6654
-5731
-4104
-2528
-627
2210
4676
5112
4454
4816
6121
6844
6975
7313
7007
4863
2106
766
330
-913
-2566
-3342
-3945
-5439
-6554
-6039
-5380
-5890
-6019
-4426
-2418
-1151
-34
998
1109
702
1191
2847
4566
5258
4801
3962
3437
3091
2623
2314
2088
1006
-1044
-2507
-2362
-1713
-1993
-3064
-4104
-5078
-6223
-6782
-5628
-3323
-1890
-1946
-2068
-1549
-1267
-1220
-178
1601
2405
1969
1496
1254
844
621
701
308
-761
-1908
-2871
-3519
-3479
-2830
-1944
-860
288
1198
2084
3178
4057
4514
5244
6680
8042
8437
8274
8376
8268
7153
5891
5523
5018
3254
1464
955
606
-947
-2894
-4017
-4764
-5889
-6726
-6435
-5671
-5449
-5423
-4823
-3911
-3196
-2494
-1572
-606
278
1048
1660
2276
2919
3187
2900
2360
1834
1385
996
505
-150
-683
-982
-1390
-1930
-2151
-2023
-2092
-2499
-2519
-1606
-440
146
385
700
777
283
6
816
1661
1310
827
1219
1507
1060
868
1475
1503
122
-1086
-1009
-814
-1347
-1836
-1881
-2361
-3504
-3979
-3283
-2309
-1800
-1553
-853
-229
-200
-90
364
874
903
740
1061
1183
812
422
85
-276
-731
-1117
-1289
-1258
-1322
-1703
-2001
-1954
-1717
-1460
-1301
-1233
-993
-501
177
852
1496
2250
2700
2747
2769
3348
4459
5096
5053
4768
4603
4393
3939
3851
3996
3617
2482
1163
564
377
75
-131
-345
-749
-1472
-2078
-2081
-2029
-2038
-1920
-1711
-1543
-1782
-2072
-1932
-1561
-1382
-1308
-1109
-1088
-1510
-1870
-1532
-1130
-1143
-1287
-1349
-1213
-1081
-689
-24
407
434
212
109
159
339
789
1265
1276
857
551
692
891
808
717
632
467
203
35
167
83
-464
-1068
-1311
-1169
-1010
-985
-841
-741
-1111
-1408
-1062
-490
-153
-31
9
-34
-152
-136
52
139
-56
-498
-855
-968
-937
-816
-837
-1017
-1277
-1287
-789
-318
-94
115
177
20
69
548
1203
1718
1829
1643
1464
1392
1510
1822
1944
1668
1200
895
1031
1073
811
647
331
-330
-798
-598
-166
-261
-836
-1103
-810
-650
-793
-641
-186
-28
-82
326
1028
1308
1151
1038
985
722
595
984
1385
1257
704
56
-352
-459
-382
-67
81
-184
-449
-464
-196
101
144
-115
-395
-456
-387
-169
154
472
375
-230
-585
-493
-266
-142
-79
48
-56
-432
-763
-820
-870
-1048
-1074
-1148
-1071
-754
-608
-542
-536
-526
-523
-501
-198
130
181
104
127
209
200
99
-8
-96
-287
-456
-483
-555
-702
-799
-872
-956
-845
-693
-615
-439
-373
-247
-80
4
285
636
913
981
1003
1334
1763
1893
1716
1571
1432
1160
895
820
883
708
196
-237
-327
-355
-542
-646
-500
-426
-588
-598
-312
-140
-243
-264
-20
260
430
579
777
915
785
502
386
395
236
-67
-281
-402
-583
-760
-843
-1024
-1182
-1249
-1257
-1053
-904
-714
-442
-276
-143
-146
-58
193
362
472
767
1226
1444
1413
1407
1501
1502
1320
1201
1178
954
418
-111
-329
-373
-522
-738
-880
-1008
-1205
-1395
-1333
-900
-441
-411
-596
-483
-236
-259
-296
-4
220
-23
-318
-153
177
118
-155
-146
70
54
-79
95
402
346
48
-26
120
241
195
224
363
451
593
730
918
930
651
419
335
459
558
576
572
295
-208
-638
-758
-704
-725
-767
-770
-857
-1030
-1045
-820
-566
-468
-386
-138
140
253
281
384
403
195
71
299
579
576
416
282
121
-49
-99
-98
-240
-511
-728
-782
-747
-787
-891
-902
-781
-648
-500
-148
286
385
159
64
323
672
881
1149
1451
1398
1113
954
900
805
562
305
207
28
-272
-323
-153
-190
-521
-768
-717
-593
-492
-249
24
107
55
26
44
56
19
-16
43
60
-47
-177
-259
-368
-562
-554
-379
-346
-394
-416
-376
-376
-373
-202
-5
-12
-122
-25
300
679
999
1197
1267
1157
930
926
1206
1339
1154
861
599
326
-1
-228
-282
-458
-865
-1104
-999
-827
-892
-1038
-1070
-1167
-1239
-1018
-481
-9
118
146
206
281
356
441
519
441
259
142
134
145
99
1
-140
-277
-301
-176
-67
-102
-194
-282
-417
-497
-368
-160
-67
-54
-39
-35
24
177
283
297
325
353
326
282
272
275
211
91
-20
-83
-79
-103
-160
-80
37
23
-37
-35
85
232
270
341
501
505
360
309
377
404
290
107
-33
-206
-465
-568
-406
-301
-484
-723
-760
-682
-610
-452
-253
-245
-409
-466
-311
-48
244
511
654
624
527
540
686
870
1007
1031
877
573
310
252
256
107
-143
-396
-644
-786
-711
-551
-553
-742
-940
-963
-743
-393
-74
123
138
57
61
220
481
661
601
422
326
334
373
379
319
142
-147
-333
-226
16
104
-38
-294
-514
-605
-554
-395
-207
-109
-206
-405
-406
-120
176
338
452
491
382
276
380
598
652
516
392
293
133
24
110
254
210
23
-55
-22
-62
-135
-86
9
-14
-120
-155
-92
-86
-220
-306
-232
-178
-250
-344
-359
-339
-399
-475
-432
-381
-428
-440
-283
-48
51
-1
-17
46
82
121
266
437
439
306
280
433
600
630
560
473
319
102
-32
-39
-50
-182
-378
-482
-495
-531
-562
-548
-571
-653
-655
-515
-324
-161
-11
99
130
181
349
504
542
576
626
557
427
422
501
485
360
224
130
51
-53
-137
-168
-247
-418
-557
-576
-510
-408
-313
-267
-276
-279
-206
-72
65
202
306
352
381
393
394
392
336
251
185
145
137
102
25
-33
-79
-83
-65
-107
-140
-127
-142
-158
-114
-37
7
-13
-31
12
93
117
49
-10
-19
-34
-49
-57
-72
-130
-225
-234
-143
-112
-166
-194
-166
-156
-186
-130
13
59
19
46
147
210
200
226
303
330
302
288
311
304
177
47
5
-35
-90
-135
-144
-156
-196
-207
-211
-221
-214
-150
-47
3
36
102
153
117
66
116
191
186
151
197
214
78
-64
-103
-78
-91
-118
-102
-120
-207
-310
-311
-235
-258
-349
-332
-208
-153
-154
-49
123
152
76
100
237
314
283
310
370
333
194
99
108
75
1
-68
-85
-72
-89
-116
-159
-170
-161
-160
-125
-51
6
-7
-15
51
89
34
-12
22
36
-5
20
131
162
67
1
10
-19
-87
-83
-34
-47
-111
-133
-114
-135
-151
-132
-99
-39
-4
35
87
86
78
117
187
216
227
260
241
159
101
127
154
113
18
-99
-180
-176
-106
-38
-20
-77
-171
-209
-138
-15
51
46
33
28
11
31
135
238
205
113
95
127
192
256
270
214
92
-34
-77
-9
45
18
-49
-126
-206
-277
-260
-208
-230
-281
-249
-147
-49
43
91
40
-67
-140
-93
43
107
63
0
-89
-186
-193
-104
12
21
-98
-168
-124
-46
6
52
108
91
-11
-71
-3
102
134
135
111
36
-40
-60
15
79
42
-1
18
40
18
-3
12
3
-72
-134
-111
-54
-33
-20
28
52
-4
-58
-39
5
55
132
213
244
221
157
112
102
75
61
50
16
-4
5
26
5
-57
-99
-116
-118
-91
-28
43
77
41
-27
-44
-1
54
93
119
124
106
92
96
103
90
56
22
12
10
-2
-5
-24
-98
-181
-214
-184
-147
-137
-106
-84
-84
-100
-109
-40
30
51
54
37
39
29
33
82
89
44
-15
-56
-52
-42
-34
-29
-28
-61
-102
-58
-4
13
0
-24
-52
-111
-100
-24
42
70
56
34
7
11
30
71
117
85
25
1
8
25
29
14
-15
-61
-93
-79
-33
8
8
-38
-86
-99
-81
3
94
123
121
78
41
40
51
94
112
72
5
-16
21
42
37
14
-22
-70
-108
-92
-43
9
10
-42
-63
-54
-44
-25
8
40
28
6
14
36
51
53
45
16
-7
-11
-15
2
17
-10
-65
-116
-118
-99
-95
-74
-45
-35
-60
-50
18
55
44
55
108
147
149
184
235
209
132
86
89
84
49
43
50
27
-28
-74
-85
-99
-114
-109
-83
-74
-118
-141
-97
-45
-17
-7
7
11
2
6
50
96
90
53
25
6
-17
-24
-1
-2
-64
-119
-119
-76
-43
-35
-21
-19
-41
-60
-34
18
39
48
66
72
70
55
37
40
58
54
41
33
13
-22
-68
-103
-130
-155
-151
-141
-134
-138
-147
-129
-108
-87
-53
-8
31
68
119
156
165
155
149
150
147
135
110
86
58
12
-27
-53
-74
-102
-138
-148
-143
-121
-88
-74
-76
-85
-62
-6
40
79
102
120
117
92
104
159
201
175
114
91
85
70
77
99
88
18
-82
-107
-90
-103
-108
-109
-128
-143
-123
-59
-8
-4
-14
-34
-24
19
65
120
151
131
80
35
36
52
32
-3
-13
-32
-86
-110
-83
-55
-64
-71
-52
-34
-25
-16
5
27
28
30
38
48
58
58
66
67
45
28
10
-17
-71
-118
-112
-101
-103
-117
-128
-138
-155
-138
-106
-84
-77
-58
-3
65
116
146
154
141
122
132
175
212
196
152
116
70
11
-28
-38
-60
-104
-143
-155
-153
-153
-138
-120
-117
-112
-95
-40
14
41
56
61
77
99
133
164
152
140
124
96
81
59
38
13
-5
-6
-21
-41
-56
-70
-87
-98
-75
-50
-46
-41
-28
-22
-25
-10
24
34
20
3
1
-3
-17
-4
13
3
-18
-33
-28
-7
-7
-31
-46
-63
-66
-40
14
72
77
43
20
24
41
45
58
68
53
24
0
6
8
-5
-22
-40
-58
-84
-84
-57
-32
-39
-59
-62
-55
-40
-29
-8
20
33
42
48
58
66
92
113
116
103
70
64
56
42
43
26
9
-15
-35
-31
-29
-32
-43
-49
-53
-66
-63
-35
-11
-15
-30
-48
-39
-25
0
36
45
30
0
-7
10
22
39
41
16
-12
-19
-9
4
16
18
5
-11
-10
4
19
25
11
-16
-26
-13
6
25
35
23
0
-8
5
17
17
3
-14
-35
-47
-41
-24
-20
-35
-38
-18
1
11
25
31
22
10
14
34
51
45
29
-2
-23
-14
12
32
20
-18
-51
-63
-57
-41
-37
-50
-69
-84
-78
-62
-29
-6
-15
-22
-21
3
38
57
75
65
39
19
28
63
82
71
45
22
4
0
13
18
-5
-32
-42
-33
-21
-15
-19
-30
-39
-38
-29
-4
18
11
-9
-8
2
-6
-7
10
22
10
2
14
22
18
12
16
13
-12
-1
16
19
7
-13
2
12
1
6
19
13
-6
2
14
3
-18
-33
-38
-29
-18
-13
-12
-22
-30
-41
-56
-58
-46
-31
-15
8
27
46
63
78
69
52
45
47
62
52
60
73
44
30
38
35
-8
-37
-36
-75
-103
-82
-58
-62
-64
-47
-45
-63
-49
-15
-34
-71
-56
-33
-39
-11
55
85
72
76
96
78
29
18
34
17
2
31
52
25
2
5
-2
-37
-45
-1
22
11
34
70
31
-26
-6
6
-75
-145
-169
-221
-248
-173
-65
0
42
107
159
150
127
104
57
2
-28
-18
-7
-10
33
73
47
32
43
11
-38
-33
-1
-7
-14
22
45
36
51
70
26
-48
-72
-69
-72
-54
-14
20
21
41
76
68
36
-24
-49
-67
-93
-53
3
32
6
19
76
37
-20
6
24
-36
-53
11
1
-53
-8
56
20
-17
7
7
-54
-92
-52
-43
-67
-27
20
39
63
68
32
41
39
-11
12
46
33
5
43
56
-25
-26
-26
-69
-100
-63
-46
-100
-69
-10
6
4
66
87
26
43
77
64
-2
27
74
1
4
36
26
-22
-39
38
-4
-70
-42
-14
-21
-66
-4
35
-43
-58
-39
-51
-82
-102
-42
48
118
251
350
363
319
214
102
-81
-182
-199
-235
-234
-252
-217
-161
-138
-101
-42
5
30
75
113
116
47
18
33
5
38
55
85
64
7
72
4
15
68
-12
46
23
13
2
-89
-81
-178
-162
-127
-191
-102
-123
-126
-21
-29
-17
-12
56
112
43
143
176
102
148
144
232
226
141
211
55
-72
-102
-169
-136
-240
-173
-122
-190
-64
-78
-31
37
-15
-12
-15
5
-64
-50
84
41
-27
-4
98
172
153
233
231
71
79
214
286
188
85
14
-275
-410
-345
-364
-362
-450
-379
-263
-348
-185
-35
45
195
249
414
396
336
411
254
196
130
11
103
117
86
55
28
-45
-163
-117
-94
-174
-200
-215
-287
-298
-231
-198
-173
-114
-52
26
90
131
189
134
151
173
77
205
221
174
240
138
65
-14
-20
-40
-134
-6
-130
-256
-89
-216
-249
-104
-135
-153
-106
23
-17
-8
147
44
35
93
143
208
190
248
172
107
54
-57
-14
-67
-78
-2
-26
7
11
-124
-122
-18
-238
-250
66
-58
-150
75
87
-139
-79
197
18
-5
216
112
88
30
59
80
-85
-71
-88
-1
-32
-148
-50
7
-90
-263
95
131
-207
122
181
-1
-60
119
326
-99
26
365
-25
-63
211
165
-111
-45
181
-63
-88
12
-196
-104
7
-190
-187
-59
-106
-306
-175
215
-219
-342
492
159
-486
313
495
-318
-73
587
228
-417
230
563
-422
-195
541
43
-547
73
309
-585
-265
415
-71
-456
168
320
-327
-55
116
-12
-7
-223
153
188
-132
52
328
188
-357
130
363
-331
-66
110
-8
-127
-151
316
2
-299
-97
-24
24
-340
93
463
-308
-28
248
-187
-120
-22
115
-5
107
135
-257
194
-5
-410
382
161
-278
442
184
-246
129
-193
-271
26
50
276
143
-150
77
79
-281
44
220
-92
79
111
-130
-157
-82
-128
-13
172
96
331
364
-57
-414
-203
277
-714
-488
992
-168
-586
600
127
-700
-118
493
-93
-296
386
525
-187
-210
372
147
-484
-102
598
-195
-309
422
156
-291
-82
315
-100
-182
12
208
-71
-745
128
170
-696
9
577
-214
-528
522
505
-770
48
1036
-481
-254
731
-290
-299
409
210
-325
85
273
-403
-78
148
-158
-201
251
335
-617
-26
390
-952
7
730
-581
92
767
53
-611
-222
893
-305
-732
1050
465
-962
-7
931
-756
-944
1199
225
-900
468
329
-348
-204
198
54
-615
596
535
-757
128
185
-436
-110
338
39
-138
542
193
-414
-204
307
-219
-711
780
245
-1041
705
573
-1131
15
840
-434
-490
852
216
-813
452
474
-543
-475
54
807
-359
-442
1268
-147
-896
266
182
-394
-709
817
541
-985
665
4
-542
459
-654
334
328
-548
305
-62
198
189
-346
159
74
-243
-182
-6
359
-391
-57
934
-840
-40
1025
-943
-261
442
-127
-77
81
562
-231
-751
642
117
-1035
877
681
-875
360
-72
-283
97
-725
667
180
-445
547
-645
194
-25
-964
1028
188
-754
329
862
-345
-1228
1464
-42
-1716
1554
232
-578
405
79
364
-1247
470
1111
-1426
512
832
-858
-477
282
180
-869
-138
744
-232
-257
483
-167
-623
366
74
-559
946
559
-934
381
527
-1033
-164
1221
-488
-535
1356
-55
-617
63
168
-92
-841
567
670
-988
432
822
-1386
117
585
-840
295
-21
472
-109
-738
748
-672
-139
999
-80
-6
425
104
-986
276
721
-1453
164
1330
-638
-330
670
96
-929
-667
1298
21
-1906
1524
1154
-1893
-98
1098
-146
-1358
840
1167
-1313
-135
946
-191
-765
697
190
-359
339
-363
288
-300
-468
645
255
-569
-227
1321
-454
-1127
1071
145
-581
-275
381
721
-1191
-222
1237
-730
-703
765
502
-356
-386
749
411
-1085
-131
816
-296
-685
739
730
-886
-291
164
-95
-149
-382
503
179
-53
129
-30
667
-717
-601
1060
-399
-691
642
481
-646
-244
737
-227
-288
376
185
55
-412
236
309
-769
-36
748
-482
-649
943
-231
-629
434
123
-167
-45
230
-140
15
201
127
-80
-67
548
-986
2
1461
-1089
-79
942
-328
-795
-162
1419
-883
-1145
2057
-667
-1448
1532
-112
-719
34
588
643
-1196
264
879
-1042
-931
1045
1045
-1594
614
1590
-1987
138
1464
-1393
-238
1384
-380
-723
762
424
-887
-255
1119
-817
-444
1305
-458
-336
495
-151
-304
-83
428
-90
-552
310
158
-227
-180
177
276
-351
-132
389
5
-485
506
609
-924
-138
709
-434
-496
804
-147
-994
1442
-153
-1508
1698
-205
-1208
1229
-32
-541
-9
380
499
-923
18
952
-1098
-319
1546
-530
-1162
852
641
-1429
-183
1440
-1134
-225
1384
-568
-439
454
542
-581
-475
1172
-359
-1045
946
552
-902
-131
646
-387
-722
565
720
-745
56
783
-911
61
842
-646
-128
927
-836
-800
1708
-719
-1356
1362
260
-915
-49
1141
-276
-1080
662
223
-260
301
276
-67
-479
255
256
-753
378
539
-628
261
379
-348
-339
50
256
-574
84
639
-501
59
206
-438
180
214
-43
-14
3
162
-173
-218
653
28
-900
639
475
-884
253
468
-328
-203
234
109
-328
229
-183
-158
629
-578
-516
529
-75
-459
219
633
-50
-549
348
156
-661
564
128
-626
640
101
-392
6
-12
129
-165
-145
94
586
-138
-1181
825
644
-1368
305
1231
-709
-702
877
16
-904
526
519
-802
587
428
-1153
377
179
-237
124
-187
618
-430
-220
686
-446
-85
118
157
-196
-428
792
-220
-436
475
-228
212
-279
-272
758
-765
-159
716
-671
735
400
-1072
741
373
-965
-102
1115
247
-1315
307
797
-869
-320
691
44
-512
322
175
-625
398
248
-994
325
1063
-563
-351
977
-190
-964
466
411
-319
243
136
-356
-184
215
-109
-52
484
-833
294
782
-1529
859
489
-1343
987
257
-377
15
490
165
-1783
833
1265
-1557
428
1110
-829
-714
563
467
-567
-100
375
97
-270
-186
592
-51
-721
595
100
-708
677
-13
-585
405
286
-436
-446
753
159
-696
290
329
-134
-290
124
432
-254
-206
77
-101
102
-167
-73
686
-351
-503
642
-512
-106
583
-324
156
121
240
-774
-564
1769
-446
-1605
1432
1062
-1807
-410
1769
-513
-1237
1265
570
-1322
257
861
-616
-472
369
182
-254
292
184
-328
69
-137
-253
79
249
303
-389
-353
398
-264
-412
629
-148
-494
978
-105
-1053
854
562
-1167
-140
1278
-329
-1133
1173
423
-1562
445
863
-892
-149
684
-28
-463
69
655
-270
-306
553
-416
-127
433
70
-232
-479
868
-343
-870
1259
54
-951
291
510
-392
-237
414
-157
-252
350
-210
-50
348
20
-398
144
262
-347
203
132
-66
-347
223
346
-678
279
346
-864
151
948
-1005
-228
1812
-1125
-1186
1878
2
-1538
499
1237
-575
-1191
993
458
-1263
494
530
-427
179
109
8
-382
156
407
-502
-40
500
-104
-619
323
575
-971
-67
1137
-932
-94
767
-368
-68
45
70
-73
223
-224
-180
406
-54
-371
64
287
-300
195
275
-467
108
164
-48
-342
-90
592
-290
-234
256
380
-321
-580
742
-315
-443
941
-349
-361
844
-256
-842
280
653
-554
-381
1191
-272
-1091
807
455
-1007
-59
962
-266
-251
295
-134
93
-290
-12
162
-196
597
-196
-700
706
257
-929
-74
710
-63
-113
149
-149
200
-297
-515
537
415
-146
-295
238
343
-648
-165
438
-65
-108
-11
53
277
-138
-494
517
250
-769
294
514
-390
-476
317
662
-695
-262
813
-164
-394
103
268
-158
-83
216
-403
144
431
-458
-44
402
-148
-299
-227
314
390
-268
-151
334
437
-801
-220
874
-566
-25
257
-373
487
2
-629
409
757
-1042
-548
1656
-578
-1452
1480
357
-1275
448
400
-318
-42
-94
136
-217
343
415
-909
398
666
-670
-639
432
1090
-1174
-423
1672
-950
-884
1261
-183
-766
870
136
-931
760
249
-1252
523
896
-815
-538
870
523
-1138
-361
1651
-251
-1505
1338
794
-1574
-87
1103
-428
-804
754
432
-670
57
517
-348
-383
367
75
35
-139
-87
576
-800
-154
1077
-1125
-57
1499
-795
-779
1124
253
-1243
301
763
-931
165
417
-784
749
220
-1261
818
851
-1099
-348
1015
278
-1273
259
938
-1208
165
681
-705
9
408
215
-593
140
767
-750
-296
994
-272
-1028
955
124
-1330
758
537
-902
638
819
-1442
148
1495
-1409
-258
1153
-353
-80
-513
283
451
-821
373
485
-443
-248
704
33
-1154
806
748
-1613
323
1445
-945
-936
1112
350
-1354
681
793
-1178
496
403
-879
391
377
-627
50
597
-209
-349
-74
758
-336
-1148
1411
543
-1643
508
1199
-1151
-383
1149
-379
-747
903
59
-736
479
81
-150
-14
-161
386
223
-691
-316
994
-74
-1011
798
546
-1085
325
737
-1204
296
973
-873
-196
18
753
-92
-1450
1155
584
-1256
40
944
-120
-684
396
105
-206
201
-168
-317
263
475
-803
-45
1000
-495
-323
162
322
-15
-681
417
424
-707
74
541
-267
-265
115
661
-557
-366
1071
-725
-258
783
-403
-274
186
415
-410
-404
534
270
-535
-9
727
-605
-139
499
-331
-30
239
-93
-220
166
302
-342
-179
317
117
-60
-188
-167
430
204
-831
140
726
-448
-432
655
-107
-486
640
-198
-398
545
-239
-313
268
242
-268
-480
812
-11
-867
509
516
-565
-307
606
147
-630
121
322
-259
81
-134
184
128
-319
110
270
-98
-337
301
18
-136
93
-78
60
28
-108
-173
424
180
-656
107
694
-366
-562
529
360
-724
101
635
-770
77
689
-807
183
738
-814
-151
824
176
-1015
192
1138
-1031
-520
1149
11
-1209
618
984
-1261
-246
1360
-588
-1096
1664
-168
-1596
1258
646
-1322
-389
1605
-487
-1367
1348
234
-1186
249
1119
-657
-882
1258
363
-1479
295
1379
-1491
-244
1561
-1203
-234
1251
-746
-567
937
-29
-837
267
677
-510
-153
462
-308
5
180
-209
-169
144
206
51
-318
198
410
-605
46
482
-656
252
584
-947
-13
941
-460
-666
932
-15
-864
738
314
-788
287
462
-667
122
393
-209
-107
113
120
-364
118
237
-289
1
529
-148
-763
541
476
-937
140
654
-586
-45
552
-353
-374
633
-159
-633
567
421
-745
-71
635
-439
-229
412
-27
-161
-46
270
156
-560
105
567
-477
-125
406
-269
45
189
-389
-49
413
58
-444
66
571
-301
-359
406
-76
-215
300
-148
-222
375
-167
-283
469
-121
-180
292
-30
-59
62
28
-105
-87
-2
273
-237
-135
249
-2
25
-253
302
45
-225
73
-60
60
-150
44
44
-158
-3
369
-322
-243
734
-523
3
434
-577
460
43
-525
166
343
-210
-378
446
-179
-235
517
-361
-252
717
-159
-494
167
262
69
-576
274
341
-610
429
38
-551
822
-183
-735
924
-295
-382
559
-208
-73
-27
170
125
-222
72
161
-58
-204
193
57
-245
-12
72
164
-220
-49
211
44
-75
-215
368
-214
-130
179
-277
416
-266
-124
392
-317
293
-106
-393
802
-424
-431
869
-527
-217
448
-189
-110
-202
335
210
-572
232
207
-365
272
-147
-283
519
-118
-235
-113
92
230
-273
136
21
158
46
-302
124
-149
72
270
-383
147
189
-433
354
264
-690
178
711
-367
-620
526
633
-965
-329
1161
-76
-1363
784
1027
-1332
57
961
-507
-583
751
257
-954
429
624
-736
-397
726
249
-879
311
575
-524
-3
255
-109
-181
111
154
-221
-28
214
-146
1
87
-293
302
246
-610
98
677
-321
-633
440
296
-442
233
92
-294
61
262
-107
-582
617
413
-839
104
564
-443
-84
379
-149
-239
162
362
-452
-130
528
-161
-310
311
111
-344
-11
215
-1
-92
121
-29
-158
389
-232
-398
647
-289
-100
194
-278
343
-95
-348
343
169
-463
275
310
-281
-116
110
266
-313
-220
326
76
-82
-279
142
300
-329
-36
97
322
-233
-539
797
-123
-667
288
152
104
-483
170
526
-644
48
413
-172
-261
274
19
-81
292
-483
134
382
-465
-34
331
-255
107
371
-700
247
695
-739
-394
749
400
-1108
-181
1599
-647
-1366
1378
506
-1175
67
527
234
-444
-538
875
23
-742
411
96
-173
88
-43
-129
226
46
-319
195
223
-114
-483
602
577
-1389
-49
1441
-537
-1334
1072
923
-1366
-112
853
-86
-351
-289
733
-10
-831
904
0
-917
738
122
-623
312
147
-125
42
-39
124
-79
-175
291
-42
-309
134
215
-139
-293
167
160
-57
-116
5
516
-416
-366
569
-387
167
336
-729
483
385
-660
94
174
23
75
-237
38
149
-14
-75
47
-14
-38
329
-275
-422
541
436
-599
-500
656
568
-883
-333
966
76
-1046
263
1164
-1135
-449
1327
-150
-1076
291
1136
-897
-651
1301
-134
-924
294
622
-173
-677
329
662
-625
-467
938
-134
-727
478
325
-463
-139
449
-150
-46
-34
66
254
-555
232
328
-756
273
662
-699
-254
843
-38
-844
275
769
-465
-478
503
305
-567
-303
681
54
-545
-15
630
-60
-806
681
419
-903
20
534
98
-465
-151
629
-219
-411
388
109
-245
-98
257
27
-486
571
-66
-588
943
-559
-567
990
-343
-493
480
223
-306
-186
470
-218
-266
503
-373
-147
386
-204
-57
-22
88
329
-543
-214
943
-255
-956
829
512
-1050
35
820
-520
-158
552
-654
413
323
-846
502
388
-444
-231
252
258
-194
-454
345
759
-678
-543
1035
39
-1094
570
649
-637
-264
405
174
-239
65
-221
104
530
-539
-384
642
31
-576
6
548
34
-519
88
370
39
-553
38
656
-500
-129
451
-211
-111
62
-45
79
-24
-163
361
-40
-322
216
44
-27
-253
-9
328
-108
-152
-39
179
160
-255
-98
210
83
-102
-297
192
459
-412
-288
388
253
-308
-390
570
176
-717
375
361
-513
3
306
73
-286
-250
495
180
-627
123
362
17
-84
-368
-21
648
-8
-784
321
409
-223
-250
170
337
-578
23
513
-248
-222
328
111
-433
61
294
73
-220
-239
377
174
-541
32
491
-169
-267
120
419
-287
-266
512
-82
-298
51
485
-329
-455
754
-150
-513
466
78
-467
458
185
-605
329
393
-420
-405
457
538
-626
-384
473
427
-468
-550
854
243
-900
81
827
-578
-404
877
-306
-493
203
129
47
-254
-281
457
54
-568
299
274
-236
-165
148
195
-299
-10
117
-164
159
26
-313
137
293
-265
-98
252
163
-181
-234
283
208
-350
-90
582
-392
-590
987
-31
-847
699
219
-560
257
123
-274
297
-59
-465
536
232
-617
-16
516
-107
-278
59
100
128
-61
-183
9
121
42
65
-311
127
195
-294
105
101
5
-110
-121
101
161
-74
-235
123
204
-51
-186
14
183
-41
-107
-73
29
142
-80
-17
5
-125
447
-142
-548
570
178
-376
26
214
-233
-167
587
-426
-329
840
-294
-523
456
154
-174
-98
74
61
-144
376
-232
-424
813
-283
-645
611
120
-310
109
127
-364
7
647
-420
-623
669
464
-647
-409
765
170
-817
229
471
-350
-100
238
3
-263
307
68
-510
421
253
-368
-133
463
-84
-808
862
344
-1137
331
776
-373
-825
303
1077
-663
-1083
923
727
-807
-511
565
349
-452
-108
-90
110
455
-448
-333
419
216
-259
-260
257
189
-323
74
218
-190
-98
74
242
-171
-523
525
504
-923
-144
874
-192
-513
231
401
-257
-320
345
40
-96
117
-215
-111
335
343
-415
-483
759
440
-931
-224
921
152
-1013
74
1067
-565
-685
670
347
-399
-344
376
542
-547
-363
657
102
-405
-76
255
177
-267
-336
500
471
-650
-462
689
481
-731
-350
510
208
-126
-303
-30
293
-9
-112
-109
-9
150
-160
-78
347
-71
-430
211
405
-388
-367
714
-29
-912
752
397
-1063
190
872
-485
-732
685
378
-569
-158
349
271
-487
-163
645
-161
-485
472
-95
-419
522
-11
-446
98
428
-205
-460
475
245
-438
-142
367
-17
-336
101
203
-16
-362
119
432
-365
-247
336
70
-165
13
54
87
-30
-145
113
-76
-11
243
-361
30
541
-433
-287
575
-9
-478
204
241
-436
104
486
-542
-237
836
-144
-854
508
737
-798
-477
1010
149
-823
155
408
-152
-182
-14
216
31
-257
38
210
-57
-253
9
326
-275
-244
661
-225
-525
590
7
-463
136
247
-122
-331
311
304
-532
-1
545
-264
-406
396
109
-408
192
258
-342
-45
324
-220
-213
361
248
-568
-55
685
-292
-344
204
333
-114
-409
342
98
-234
208
-33
-116
223
-20
-233
145
242
-216
-136
82
116
28
-156
-49
207
75
-279
60
171
-129
-86
182
0
-226
127
206
-174
-329
196
420
-392
-260
475
-117
-331
225
285
-490
-171
823
-363
-740
632
519
-587
-474
613
478
-724
-248
593
20
-226
-179
52
369
-79
-440
53
496
-167
-473
370
263
-352
-64
217
-10
-214
92
215
-183
-166
141
274
-51
-407
73
492
-11
-647
14
906
-213
-896
451
753
-478
-628
598
478
-625
-201
501
68
-478
59
424
-299
-258
321
167
-243
-189
213
215
-197
-307
93
352
57
-472
-230
682
264
-794
-152
755
32
-729
-15
668
-64
-693
204
651
-412
-461
456
272
-418
-193
456
73
-452
54
426
-100
-372
171
217
-102
-40
-88
62
213
-179
-234
253
263
-314
-264
367
152
-240
-74
82
164
-130
-228
193
191
-248
-157
288
99
-226
-67
244
-43
-228
195
149
-137
-227
168
286
-223
-214
68
235
30
-276
-3
354
-52
-347
166
191
-89
-180
-68
315
-49
-344
177
193
-134
-26
131
14
-77
-51
-45
129
75
-292
-45
449
-22
-522
148
535
-215
-574
169
629
-160
-735
215
835
-283
-841
304
773
-262
-692
174
678
-45
-743
-68
716
69
-618
-109
570
105
-531
94
320
-272
-82
173
-76
-94
144
-3
-191
312
73
-468
187
418
-221
-457
221
366
-203
-192
80
204
-93
46
21
-246
203
258
-405
-269
644
103
-726
17
752
-63
-762
132
636
-76
-612
-46
583
144
-426
-408
367
587
-299
-634
125
775
-83
-867
24
828
-5
-822
32
716
73
-520
-281
422
542
-357
-610
345
568
-138
-557
-151
638
350
-803
-404
914
321
-843
-200
707
82
-480
-50
281
54
-170
-114
79
143
-58
-100
2
99
81
-154
-122
329
38
-411
225
355
-323
-223
354
123
-334
-145
261
129
-189
-121
104
296
-163
-336
181
314
-140
-382
124
317
-8
-302
-147
357
218
-393
-228
317
242
-217
-341
168
377
-78
-315
-93
260
298
-235
-431
169
405
-37
-350
-163
343
337
-299
-320
207
210
-18
-205
-168
219
133
-122
-120
36
226
8
-216
-70
139
205
-64
-353
57
399
83
-370
-204
381
323
-251
-364
144
411
-28
-387
-106
253
286
-236
-426
262
395
-151
-328
-14
304
133
-246
-291
136
447
-93
-530
94
471
7
-330
-171
315
325
-299
-394
281
473
-231
-452
142
418
33
-417
-76
425
37
-349
-112
219
164
-213
-163
245
74
-240
48
149
-98
-93
24
97
89
-196
-228
256
196
-273
-237
224
287
-283
-240
250
139
-168
-99
115
51
18
28
-97
16
181
44
-171
-84
226
78
-214
53
108
-88
52
40
-85
-47
45
49
-67
-2
59
-19
55
36
-132
-19
193
-26
-179
31
41
77
-13
-252
85
239
-118
-189
76
244
-48
-260
-7
209
64
-224
-171
180
286
-165
-394
130
466
-167
-514
268
396
-284
-320
238
310
-213
-147
112
38
62
-9
-84
-29
79
86
-50
-58
-2
80
80
-105
-39
91
25
23
-148
-99
266
62
-296
-61
265
140
-200
-146
242
132
-262
-96
201
73
-104
-2
3
-61
123
42
-169
-22
91
32
-24
-56
-18
7
9
19
-36
-17
59
43
-34
-74
11
129
22
-236
-16
262
6
-182
-86
135
153
-64
-189
-34
282
55
-367
-90
337
57
-303
-38
161
66
-52
-147
5
143
37
-58
-65
59
75
-41
28
-70
-79
201
36
-228
-26
213
54
-210
-119
175
177
-128
-182
92
203
-42
-170
17
109
41
-63
-57
39
57
45
-41
-104
69
192
-51
-219
89
264
-63
-204
29
78
7
-26
-165
-43
212
42
-254
-122
275
146
-245
-162
156
215
-68
-194
-17
184
121
-166
-191
114
272
-86
-335
15
284
41
-245
-50
218
36
-138
-67
-7
100
109
-91
-150
93
239
-104
-272
90
221
-56
-188
56
181
0
-83
-47
36
115
1
-94
-19
46
63
-75
-96
91
37
-58
-44
19
79
-34
-44
62
-11
-36
81
-22
-112
86
78
-103
-38
61
2
-16
-2
-24
38
51
-12
-7
-29
9
99
-30
-116
60
134
-81
-147
68
85
-15
-45
-59
57
81
-71
-98
94
112
-135
-96
135
90
-89
-104
40
120
18
-101
-28
68
33
-7
-39
3
76
-18
-70
45
72
-15
-60
8
98
-24
-114
80
93
-102
-100
70
84
-50
-68
-25
87
92
-95
-49
108
44
-71
-46
45
61
-18
-94
-8
109
4
-111
-22
37
-2
-27
-83
-27
109
13
-107
-9
83
9
-103
-35
37
-37
13
28
-96
14
136
-47
-116
61
108
4
-87
-15
129
47
-103
-18
94
26
-6
-65
-31
114
-16
-112
13
56
37
-61
-45
106
13
-75
11
30
-22
-51
20
20
-58
-8
-7
-29
13
8
-70
-58
52
43
-52
-34
49
7
-33
-41
-1
53
-26
-50
19
21
-9
2
38
31
-26
21
43
15
-22
-43
75
30
-58
9
11
18
4
-37
20
24
-22
-8
-10
14
24
-14
26
34
15
44
-11
-9
62
-20
-53
63
38
-51
26
69
-31
-28
68
12
0
0
0
0
0
0
0
0
0
0
0
0
0
0
0
0
0
0
0
0
0
0
0
0
0
0
0
0
0
0
0
0
0
0
0
0
0
0
0
0
0
0
0
0
0
0
0
0
0
0
0
0
0
0
0
0
0
0
0
0
0
0
0
0
0
0
0
0
0
0
0
0
0
0
0
0
0
0
0
0
0
0
0
0
0
0
0
0
0
0
0
0
0
0
0
0
0
0
0
0
0
0
0
0
0
0
0
0
0
0
0
0
0
0
0
0
0
0
0
0
0
0
0
0
0
0
0
0
0
0
0
0
0
0
0
0
0
0
0
0
0
0
0
0
0
0
0
0
0
0
0
0
0
0
0
0
0
0
0
0
0
0
0
0
0
0
0
0
0
0
0
0
0
0
0
0
0
0
0
0
0
0
0
0
0
0
0
0
0
0
0
0
0
0
0
0
0
0
0
0
0
0
0
0
0
0
0
0
0
0
0
0
0
0
0
0
0
0
0
0
0
0
0
0
0
0
0
0
0
0
0
0
0
0
0
0
0
0
0
0
0
0
0
0
0
0
0
0
0
0
0
0
0
0
0
0
0
0
0
0
0
0
0
0
0
0
0
0
0
0
0
0
0
0
0
0
0
0
0
0
0
0
0
0
0
0
0
0
0
0
0
0
0
0
0
0
0
0
0
0
0
0
0
0
0
0
0
0
0
0
0
0
0
0
0
0
0
0
0
0
0
0
0
0
0
0
0
0
0
0
0
0
0
0
0
0
0
0
0
0
0
0
0
0
0
0
0
0
0
0
0
0
0
0
0
0
0
0
0
0
0
0
0
0
0
0
0
0
0
0
0
0
0
0
0
0
0
0
0
0
0
0
0
0
0
0
0
0
0
0
0
0
0
0
0
0
0
0
0
0
