0
0
0
0
0
0
0
0
0
0
0
0
0
0
0
0
0
0
0
0
0
0
0
0
0
0
0
0
0
0
0
0
0
0
0
0
0
0
0
0
0
0
0
0
0
0
0
0
0
0
0
0
0
0
0
0
0
0
0
0
0
0
0
0
0
0
0
0
0
0
0
0
0
0
0
0
0
0
0
0
0
0
0
0
0
0
0
0
0
0
0
0
0
0
0
0
0
0
0
0
0
0
0
0
0
0
0
0
0
0
0
0
0
0
0
0
0
0
0
0
0
0
0
0
0
0
0
0
0
0
0
0
0
0
0
0
0
0
0
0
0
0
0
0
0
0
0
0
0
0
0
0
0
0
0
0
0
0
0
0
0
0
0
0
0
0
0
0
0
0
0
0
0
0
0
0
0
0
0
0
0
0
0
0
0
0
0
0
0
0
0
0
0
0
0
0
0
0
0
0
0
0
0
0
0
0
0
0
0
0
0
0
0
0
0
0
0
0
0
0
0
0
0
0
0
0
0
0
0
0
0
0
0
0
0
0
0
0
0
0
0
0
0
0
0
0
0
0
0
0
0
0
0
0
0
0
0
0
0
0
0
0
0
0
0
0
0
0
0
0
0
0
0
0
0
0
0
0
0
0
0
0
0
0
0
0
0
0
0
0
0
0
0
0
0
0
0
0
0
0
0
0
0
0
0
0
0
0
0
0
0
0
0
0
0
0
0
0
0
0
0
0
0
0
0
0
0
0
0
0
0
0
0
0
0
0
0
0
0
0
0
0
0
0
0
0
0
0
0
0
0
0
0
0
0
0
0
0
0
0
0
0
0
0
0
0
0
0
0
0
0
0
0
0
0
0
0
0
0
0
0
0
0
0
0
0
0
0
0
0
0
0
0
0
0
0
0
0
0
0
54
51
35
50
71
77
117
160
143
67
31
22
-12
-52
-75
-111
-100
-52
-38
-29
-8
14
-3
-34
-74
-86
-130
-221
-196
-240
-314
-311
-351
-354
-353
-367
-316
-224
-178
-134
-78
-5
118
200
323
510
670
912
1166
1344
1545
1764
1981
2145
2207
2305
2376
2360
2366
2267
2037
1802
1511
1196
909
654
458
218
-88
-394
-712
-1026
-1288
-1517
-1693
-1789
-1849
-1948
-2020
-1965
-1935
-1966
-1941
-1916
-1872
-1767
-1671
-1582
-1478
-1402
-1309
-1185
-1025
-835
-723
-606
-446
-238
-8
148
319
463
552
591
605
677
683
679
668
593
564
534
483
383
283
247
172
140
114
87
92
83
112
100
123
214
261
336
436
506
597
682
698
730
776
695
610
642
679
651
624
603
537
456
275
69
-54
-198
-348
-516
-613
-672
-755
-775
-805
-816
-812
-821
-796
-744
-691
-678
-686
-689
-675
-635
-554
-451
-348
-255
-166
-55
55
155
270
395
480
549
628
699
790
870
916
873
826
803
731
629
504
410
231
96
28
-159
-270
-291
-305
-363
-464
-504
-558
-611
-608
-619
-608
-576
-620
-649
-593
-558
-529
-496
-459
-390
-336
-224
-116
-14
137
254
403
580
805
1025
1211
1467
1685
1837
1917
1937
1946
1933
1882
1773
1638
1475
1268
1010
758
534
308
66
-167
-381
-586
-745
-886
-998
-1155
-1269
-1298
-1391
-1459
-1496
-1477
-1454
-1439
-1353
-1334
-1388
-1455
-1495
-1524
-1495
-1424
-1313
-1154
-1012
-802
-638
-469
-254
-82
147
372
559
722
889
1014
1081
1156
1167
1150
1154
1088
958
825
667
526
444
344
220
68
-93
-213
-309
-395
-478
-550
-577
-600
-590
-471
-318
-143
51
123
116
173
243
255
254
259
235
169
136
180
166
88
41
-33
-139
-195
-250
-293
-349
-498
-586
-656
-769
-846
-945
-1006
-1089
-1185
-1215
-1316
-1365
-1370
-1459
-1487
-1444
-1376
-1268
-1082
-858
-690
-484
-207
121
466
835
1264
1684
2100
2571
3043
3477
3950
4393
4711
4992
5243
5367
5411
5355
5110
4795
4347
3748
3158
2529
1873
1123
301
-486
-1267
-1927
-2519
-3091
-3530
-3897
-4155
-4376
-4628
-4759
-4772
-4754
-4700
-4562
-4381
-4185
-3970
-3801
-3607
-3297
-2954
-2597
-2119
-1573
-1100
-672
-242
165
585
1028
1403
1743
2102
2392
2578
2704
2763
2759
2708
2551
2348
2177
1996
1777
1544
1330
1097
884
631
398
220
45
-61
-215
-267
-253
-307
-382
-484
-538
-607
-591
-593
-594
-444
-344
-313
-338
-321
-233
-170
-159
-164
-125
-142
-227
-314
-409
-522
-549
-543
-542
-459
-396
-416
-394
-337
-437
-516
-471
-429
-388
-373
-286
-262
-324
-312
-363
-439
-454
-445
-404
-302
-203
-157
-122
-118
-86
-36
8
112
157
185
238
192
103
22
-64
-174
-209
-246
-323
-347
-400
-415
-396
-344
-223
-43
194
471
823
1168
1579
2021
2422
2887
3309
3674
4044
4328
4495
4559
4525
4360
4033
3648
3177
2537
1921
1322
604
-77
-703
-1290
-1761
-2164
-2513
-2798
-2974
-3044
-3099
-3131
-3096
-2998
-2947
-2951
-2921
-2871
-2875
-2971
-3084
-3149
-3162
-3161
-3157
-3107
-2927
-2633
-2318
-1959
-1487
-942
-431
97
627
1083
1505
1877
2216
2490
2719
2846
2842
2858
2804
2679
2518
2348
2200
2047
1912
1731
1551
1442
1288
1074
857
589
318
74
-231
-601
-974
-1260
-1557
-1890
-2111
-2209
-2240
-2280
-2298
-2211
-2007
-1829
-1676
-1431
-1157
-924
-792
-649
-441
-241
-122
-97
-43
21
32
23
99
153
181
280
407
567
675
807
868
853
882
841
814
724
592
447
252
145
-8
-174
-343
-578
-755
-934
-1048
-1163
-1298
-1312
-1345
-1305
-1195
-1107
-966
-799
-531
-293
-77
300
695
1146
1670
2158
2698
3330
3939
4451
4909
5260
5522
5656
5639
5507
5203
4818
4287
3626
2907
2168
1426
583
-223
-946
-1610
-2218
-2766
-3152
-3437
-3680
-3820
-3909
-3971
-3955
-3979
-4064
-4059
-3973
-3898
-3861
-3805
-3714
-3643
-3529
-3324
-3048
-2629
-2121
-1679
-1249
-749
-232
267
715
1115
1512
1812
1966
2099
2207
2228
2208
2127
1986
1917
1947
1943
1833
1725
1705
1670
1513
1306
1214
1205
1074
841
658
447
131
-260
-712
-1081
-1285
-1493
-1727
-1837
-1835
-1805
-1789
-1747
-1551
-1290
-1127
-933
-645
-417
-260
-141
-61
56
126
48
-21
-42
-92
-112
-98
-59
29
97
165
259
301
327
347
297
233
160
5
-197
-400
-659
-938
-1147
-1326
-1502
-1586
-1595
-1671
-1641
-1516
-1420
-1301
-1144
-933
-710
-387
-85
128
434
762
1087
1417
1801
2231
2709
3198
3689
4190
4686
5257
5707
6046
6341
6486
6514
6368
6081
5641
5034
4305
3412
2383
1365
407
-596
-1573
-2426
-3184
-3818
-4334
-4719
-4928
-5054
-5164
-5156
-5025
-4832
-4589
-4345
-4128
-3909
-3668
-3451
-3281
-3104
-2896
-2673
-2439
-2192
-1886
-1464
-1023
-601
-77
506
990
1430
1843
2134
2393
2649
2759
2776
2827
2804
2639
2370
2024
1707
1464
1119
725
462
211
-37
-231
-430
-511
-514
-673
-858
-959
-1069
-1115
-1188
-1243
-1210
-1184
-1186
-1205
-1060
-873
-827
-789
-674
-482
-373
-332
-282
-176
-28
35
31
65
133
139
73
-35
-126
-119
-76
-88
-120
-116
-112
-135
-162
-165
-187
-229
-243
-266
-304
-322
-379
-455
-493
-586
-696
-728
-772
-826
-790
-761
-714
-551
-352
-105
187
401
645
955
1197
1427
1695
1920
2138
2420
2695
2890
3093
3355
3625
3939
4282
4530
4676
4748
4720
4596
4358
4011
3573
3051
2454
1789
1046
268
-508
-1282
-2005
-2596
-3064
-3508
-3942
-4238
-4364
-4445
-4522
-4510
-4358
-4135
-3957
-3815
-3607
-3420
-3337
-3232
-3064
-2891
-2657
-2358
-2045
-1633
-1110
-601
-94
456
1054
1663
2232
2755
3189
3521
3717
3778
3730
3629
3505
3254
2900
2507
2145
1780
1326
989
652
245
-58
-439
-798
-1038
-1326
-1603
-1936
-2240
-2396
-2590
-2826
-2946
-2957
-2951
-2957
-2910
-2752
-2537
-2324
-2078
-1791
-1432
-1047
-763
-521
-177
174
396
631
904
1095
1238
1364
1520
1656
1724
1704
1668
1615
1443
1297
1094
841
651
316
-81
-426
-739
-1029
-1265
-1439
-1671
-1871
-2021
-2191
-2224
-2178
-2172
-2053
-1822
-1566
-1315
-977
-669
-455
-102
187
549
1085
1431
1823
2323
2777
3224
3748
4298
4797
5304
5705
6042
6324
6504
6675
6709
6575
6396
6113
5613
4997
4319
3450
2546
1626
613
-429
-1524
-2513
-3447
-4329
-5069
-5741
-6262
-6589
-6773
-6840
-6756
-6576
-6248
-5844
-5515
-5097
-4607
-4105
-3715
-3323
-2789
-2307
-1884
-1459
-992
-519
-43
430
868
1406
2010
2534
3024
3511
3934
4257
4421
4435
4392
4193
3843
3448
2954
2482
2041
1520
956
414
-50
-498
-835
-1094
-1353
-1516
-1728
-2005
-2283
-2527
-2666
-2843
-3020
-3099
-3112
-3148
-3190
-3023
-2748
-2449
-2120
-1791
-1300
-798
-416
-52
297
709
1032
1248
1437
1606
1771
1727
1626
1568
1502
1388
1182
1007
770
539
307
102
-33
-291
-546
-769
-993
-1188
-1350
-1517
-1676
-1800
-1934
-2004
-1989
-1970
-1978
-1878
-1723
-1571
-1387
-1219
-996
-703
-332
8
345
756
1131
1612
2116
2566
3116
3692
4230
4772
5255
5676
6112
6454
6666
6731
6722
6604
6326
5968
5457
4915
4325
3583
2717
1849
1065
158
-793
-1722
-2704
-3576
-4303
-4988
-5522
-5871
-6189
-6387
-6412
-6284
-6055
-5756
-5425
-5044
-4533
-4086
-3692
-3343
-3028
-2603
-2242
-1942
-1512
-938
-388
60
478
895
1370
1872
2350
2799
3194
3478
3660
3738
3753
3781
3684
3380
3024
2692
2313
1939
1557
1115
729
393
78
-233
-425
-602
-885
-1199
-1556
-1850
-2185
-2469
-2711
-2967
-3113
-3303
-3428
-3435
-3298
-3123
-2975
-2795
-2561
-2160
-1844
-1523
-1106
-722
-367
-85
217
505
812
1107
1274
1379
1486
1568
1509
1426
1374
1212
975
726
537
351
173
53
-97
-137
-141
-218
-290
-364
-406
-497
-623
-753
-925
-1101
-1225
-1289
-1334
-1339
-1318
-1230
-1007
-726
-448
-147
118
322
619
1026
1428
1892
2492
3101
3677
4311
4998
5667
6222
6595
6878
7113
7169
7003
6669
6140
5497
4776
3862
2853
1892
881
-182
-1214
-2185
-3023
-3783
-4471
-5013
-5456
-5788
-6002
-6094
-6022
-5801
-5595
-5379
-5073
-4741
-4289
-3910
-3684
-3409
-3109
-2789
-2527
-2244
-1829
-1405
-902
-402
126
761
1433
2086
2540
2959
3364
3702
3903
3907
3884
3747
3563
3253
2895
2568
2195
1784
1296
908
490
120
-253
-611
-818
-1015
-1255
-1654
-1822
-1892
-2037
-2114
-2292
-2377
-2421
-2503
-2634
-2682
-2493
-2309
-2198
-2051
-1780
-1437
-1177
-1038
-812
-476
-231
-56
149
422
664
755
752
784
859
907
882
802
696
542
345
165
29
-104
-272
-408
-479
-531
-629
-750
-824
-843
-833
-829
-835
-839
-807
-802
-801
-784
-756
-671
-564
-422
-299
-113
50
230
555
792
1159
1527
1830
2292
2803
3417
3986
4495
5038
5602
6111
6474
6752
6873
6796
6570
6189
5669
5036
4229
3287
2352
1437
548
-364
-1283
-2057
-2731
-3398
-3981
-4499
-4993
-5347
-5523
-5582
-5539
-5353
-5065
-4795
-4562
-4304
-3988
-3646
-3374
-3139
-2835
-2527
-2262
-2001
-1718
-1318
-824
-378
80
624
1178
1740
2285
2699
3025
3333
3517
3545
3515
3439
3276
2985
2601
2220
1911
1606
1228
819
476
240
-73
-503
-904
-1179
-1409
-1764
-2134
-2304
-2401
-2517
-2719
-2859
-2866
-2918
-2885
-2902
-2714
-2509
-2378
-2248
-2065
-1695
-1321
-1024
-702
-304
96
287
577
842
1148
1292
1313
1268
1241
1173
1024
879
732
607
410
277
166
76
11
-75
-126
-205
-252
-214
-255
-270
-353
-436
-479
-629
-677
-657
-705
-795
-891
-862
-777
-655
-582
-557
-397
-143
100
302
541
841
1188
1577
2058
2691
3338
3988
4568
5151
5731
6055
6313
6544
6650
6656
6455
6028
5445
4808
3998
3033
2124
1170
253
-612
-1431
-2172
-2888
-3486
-4089
-4576
-4857
-5092
-5207
-5324
-5385
-5294
-5149
-4915
-4703
-4448
-4109
-3759
-3432
-3194
-2890
-2590
-2303
-1896
-1495
-1052
-629
-261
153
647
1264
1847
2303
2724
3093
3484
3804
3904
3923
3869
3749
3463
3051
2679
2213
1732
1232
733
329
-100
-544
-905
-1144
-1362
-1586
-1892
-2156
-2327
-2534
-2765
-3047
-3191
-3272
-3374
-3458
-3489
-3325
-3092
-2853
-2591
-2175
-1726
-1398
-1046
-686
-221
159
334
592
881
1133
1259
1289
1386
1433
1444
1395
1270
1135
908
651
479
371
229
129
26
-138
-169
-133
-213
-294
-293
-361
-418
-472
-595
-713
-846
-965
-1063
-1061
-1025
-920
-692
-514
-315
-109
76
304
601
963
1395
1834
2259
2808
3373
3968
4559
5057
5587
6057
6437
6694
6803
6775
6470
6036
5497
4807
4094
3319
2511
1665
819
-14
-888
-1643
-2318
-2975
-3574
-4117
-4617
-5039
-5327
-5546
-5716
-5756
-5595
-5371
-5201
-4937
-4564
-4216
-3931
-3664
-3316
-2900
-2565
-2209
-1738
-1250
-765
-287
217
788
1379
1921
2404
2776
3048
3293
3364
3380
3422
3336
3263
3116
2827
2549
2214
1873
1490
1017
584
208
-187
-654
-1018
-1288
-1657
-2027
-2289
-2487
-2611
-2743
-2962
-3071
-3109
-3135
-3184
-3195
-3004
-2768
-2546
-2394
-2131
-1734
-1376
-1023
-683
-260
37
221
473
740
983
1101
1159
1206
1295
1367
1343
1216
1088
1010
879
751
565
387
251
119
48
-49
-125
-206
-330
-435
-518
-551
-572
-595
-640
-701
-726
-798
-877
-831
-677
-530
-341
-66
161
530
963
1252
1595
1961
2305
2677
3078
3509
3925
4331
4747
5182
5502
5672
5775
5745
5620
5396
4976
4415
3845
3191
2345
1583
865
50
-661
-1407
-2131
-2674
-3208
-3720
-4098
-4402
-4733
-4921
-4961
-5003
-4842
-4580
-4348
-4061
-3746
-3346
-2993
-2786
-2581
-2318
-2042
-1804
-1552
-1272
-891
-441
-91
253
669
1138
1545
1909
2251
2450
2630
2693
2694
2664
2474
2245
1973
1717
1465
1220
930
629
422
129
-158
-454
-810
-1037
-1263
-1522
-1808
-2049
-2122
-2179
-2260
-2380
-2493
-2545
-2620
-2666
-2643
-2513
-2329
-2172
-1986
-1731
-1442
-1203
-988
-723
-376
-70
128
366
638
849
1025
1145
1209
1273
1264
1208
1119
955
784
568
337
192
39
-119
-216
-311
-355
-406
-541
-570
-568
-576
-585
-643
-675
-735
-757
-754
-715
-623
-532
-403
-316
-172
54
238
433
649
901
1247
1618
1956
2380
2879
3372
3882
4357
4800
5287
5704
5888
5953
6008
5959
5800
5525
5061
4498
3902
3195
2408
1618
855
93
-667
-1359
-2074
-2828
-3463
-4013
-4487
-4789
-5030
-5188
-5224
-5195
-4977
-4782
-4725
-4504
-4167
-3856
-3623
-3371
-2991
-2645
-2283
-1881
-1459
-957
-470
44
550
998
1478
1893
2147
2346
2612
2804
2903
2925
2906
2894
2790
2615
2314
2002
1710
1315
853
374
-10
-367
-783
-1185
-1513
-1746
-1979
-2249
-2460
-2532
-2578
-2703
-2843
-2922
-2938
-2987
-3082
-3083
-2925
-2735
-2633
-2438
-2103
-1681
-1201
-861
-478
24
414
729
976
1214
1417
1497
1586
1661
1703
1747
1677
1556
1416
1221
1010
798
607
385
141
-127
-339
-388
-448
-510
-589
-647
-597
-646
-743
-822
-916
-987
-1006
-950
-915
-930
-869
-744
-631
-418
-101
231
600
1044
1539
2023
2502
2992
3583
4135
4610
5148
5705
6167
6422
6652
6757
6706
6567
6167
5644
5019
4318
3536
2691
1816
909
96
-774
-1610
-2300
-3023
-3694
-4224
-4712
-5144
-5422
-5611
-5681
-5585
-5446
-5276
-5025
-4720
-4331
-3884
-3543
-3261
-2847
-2468
-2103
-1634
-1221
-765
-264
198
681
1129
1645
2143
2488
2850
3184
3411
3526
3547
3495
3364
3149
2816
2430
2051
1671
1219
696
189
-311
-734
-1138
-1548
-1883
-2171
-2368
-2626
-2919
-3120
-3328
-3512
-3752
-3908
-3913
-3938
-3865
-3784
-3563
-3140
-2796
-2386
-1856
-1254
-648
-158
342
815
1185
1485
1726
1904
2008
2056
1962
1830
1862
1912
1829
1718
1628
1501
1323
1065
807
541
191
-165
-442
-637
-805
-848
-892
-958
-862
-844
-900
-925
-997
-1053
-1138
-1233
-1341
-1423
-1433
-1401
-1224
-1019
-723
-328
54
537
1031
1529
2030
2592
3290
3947
4645
5290
5879
6534
7017
7377
7630
7729
7603
7253
6784
6096
5331
4440
3422
2412
1421
481
-506
-1362
-2122
-2858
-3558
-4246
-4820
-5343
-5740
-6000
-6181
-6280
-6294
-6161
-5921
-5556
-5079
-4566
-4048
-3576
-3080
-2589
-2167
-1804
-1393
-858
-300
318
877
1295
1764
2236
2666
3029
3337
3603
3712
3679
3637
3573
3384
3082
2680
2234
1803
1347
890
429
-72
-517
-955
-1439
-1847
-2196
-2579
-2944
-3323
-3660
-3852
-4075
-4263
-4347
-4376
-4343
-4293
-4164
-3910
-3499
-3105
-2741
-2271
-1759
-1141
-534
-6
529
1024
1343
1621
1945
2182
2356
2396
2452
2537
2517
2462
2335
2122
1912
1726
1439
1158
887
554
255
-41
-261
-495
-646
-760
-990
-1113
-1254
-1392
-1476
-1604
-1639
-1706
-1789
-1738
-1584
-1314
-1083
-867
-635
-402
-43
323
655
1047
1535
2128
2676
3261
3958
4652
5312
5976
6635
7134
7460
7626
7640
7559
7275
6793
6167
5408
4567
3639
2648
1682
778
-135
-1026
-1846
-2611
-3327
-4045
-4663
-5164
-5667
-6047
-6297
-6438
-6375
-6200
-6015
-5821
-5558
-5186
-4742
-4290
-3746
-3146
-2623
-2134
-1635
-1072
-420
228
794
1359
1967
2488
2836
3116
3433
3654
3771
3842
3812
3742
3567
3260
2923
2524
2102
1656
1085
526
51
-433
-932
-1412
-1779
-2073
-2402
-2722
-3056
-3314
-3418
-3626
-3891
-4044
-4223
-4365
-4398
-4395
-4250
-3991
-3752
-3442
-3028
-2507
-1946
-1422
-805
-182
369
843
1266
1699
2054
2286
2396
2521
2597
2570
2553
2494
2385
2210
1986
1737
1503
1284
1004
686
325
74
-119
-408
-606
-786
-976
-1050
-1130
-1201
-1258
-1318
-1370
-1393
-1355
-1266
-1089
-959
-819
-620
-483
-287
27
366
767
1232
1709
2235
2799
3437
4170
4889
5583
6214
6677
6985
7186
7238
7141
6896
6508
5985
5332
4655
3901
3055
2185
1320
452
-492
-1447
-2380
-3227
-3945
-4648
-5149
-5493
-5818
-5963
-6039
-5958
-5681
-5478
-5298
-5084
-4838
-4537
-4215
-3883
-3498
-3013
-2472
-1905
-1281
-624
-62
472
1025
1614
2150
2506
2805
3017
3222
3453
3559
3616
3630
3591
3412
3063
2672
2266
1873
1326
696
189
-369
-918
-1366
-1746
-2052
-2356
-2639
-2935
-3186
-3391
-3632
-3910
-4195
-4417
-4611
-4756
-4773
-4627
-4339
-4018
-3660
-3195
-2575
-1888
-1306
-770
-238
254
684
1030
1374
1678
1918
2103
2208
2317
2428
2544
2605
2550
2462
2310
2076
1788
1484
1156
747
369
95
-148
-423
-677
-901
-1092
-1201
-1264
-1346
-1479
-1538
-1513
-1526
-1535
-1494
-1370
-1269
-1191
-1019
-772
-458
-120
220
640
1148
1798
2475
3072
3733
4409
5046
5726
6415
7040
7502
7774
7889
7879
7689
7226
6637
5987
5196
4329
3410
2463
1559
654
-275
-1130
-1921
-2728
-3489
-4163
-4738
-5172
-5546
-5893
-6096
-6141
-6160
-6139
-6051
-5870
-5533
-5147
-4838
-4533
-4105
-3618
-3090
-2479
-1863
-1183
-516
88
700
1290
1898
2484
2945
3337
3720
3958
4009
4040
4059
3979
3742
3354
2916
2439
1896
1317
776
319
-99
-564
-1045
-1447
-1734
-2030
-2426
-2820
-3138
-3416
-3752
-4109
-4353
-4515
-4676
-4741
-4720
-4665
-4470
-4246
-3957
-3493
-2891
-2209
-1609
-1012
-378
252
822
1303
1791
2138
2353
2498
2532
2561
2584
2493
2347
2256
2145
1986
1850
1684
1473
1250
976
639
335
61
-220
-518
-827
-1067
-1244
-1429
-1574
-1669
-1783
-1812
-1817
-1877
-1874
-1742
-1527
-1305
-1028
-720
-372
9
431
874
1313
1897
2407
2934
3581
4260
5009
5694
6427
7118
7682
8057
8212
8254
8106
7788
7259
6612
5780
4763
3785
2736
1729
796
-139
-979
-1804
-2575
-3290
-4004
-4597
-5105
-5538
-5877
-6137
-6266
-6330
-6344
-6261
-6083
-5802
-5513
-5298
-4966
-4475
-3968
-3415
-2832
-2235
-1550
-847
-209
450
1121
1768
2407
2985
3474
3865
4153
4295
4401
4470
4388
4246
3953
3572
3130
2560
2023
1484
889
301
-304
-951
-1536
-1973
-2389
-2800
-3180
-3498
-3760
-4058
-4345
-4628
-4853
-4973
-5065
-5086
-5048
-4872
-4590
-4286
-3860
-3339
-2746
-2171
-1624
-1003
-331
342
939
1481
1945
2260
2488
2673
2853
2921
2888
2809
2709
2612
2387
2204
2015
1796
1659
1428
1108
723
351
-38
-417
-743
-1139
-1428
-1636
-1795
-1852
-1921
-1938
-1926
-1894
-1868
-1828
-1694
-1575
-1383
-1101
-696
-217
212
727
1185
1717
2390
3064
3783
4545
5327
6031
6730
7398
7892
8184
8323
8323
8124
7742
7216
6553
5718
4792
3836
2877
1957
1039
142
-756
-1576
-2371
-3238
-4003
-4720
-5353
-5823
-6245
-6463
-6460
-6420
-6370
-6289
-6073
-5807
-5565
-5325
-5074
-4679
-4199
-3719
-3134
-2451
-1714
-960
-206
537
1279
1937
2518
3078
3524
3933
4207
4304
4446
4523
4503
4311
3884
3425
2928
2404
1827
1214
662
75
-525
-1133
-1661
-1989
-2305
-2665
-3053
-3405
-3700
-4014
-4281
-4544
-4724
-4766
-4795
-4796
-4729
-4506
-4319
-4179
-3812
-3299
-2716
-2119
-1589
-1071
-443
162
732
1352
1871
2313
2583
2740
2915
3035
3050
2923
2783
2657
2529
2366
2134
1867
1566
1209
824
501
199
-107
-463
-807
-1110
-1410
-1673
-1935
-2075
-2155
-2157
-2136
-2186
-2094
-1940
-1807
-1566
-1181
-802
-404
20
429
911
1411
2021
2610
3189
3901
4604
5297
6003
6698
7272
7750
8098
8291
8336
8188
7889
7383
6684
5777
4808
3857
2795
1799
812
-222
-1151
-2016
-2825
-3624
-4374
-5039
-5584
-5976
-6322
-6456
-6497
-6509
-6430
-6335
-6093
-5822
-5533
-5241
-4896
-4414
-3968
-3537
-3030
-2332
-1522
-731
114
1017
1889
2589
3115
3559
3996
4358
4541
4580
4567
4520
4355
4081
3730
3315
2820
2268
1678
1065
492
-43
-641
-1239
-1701
-2090
-2490
-2861
-3181
-3424
-3622
-3907
-4254
-4533
-4765
-4946
-5062
-5131
-5016
-4713
-4434
-4141
-3705
-3183
-2600
-2017
-1442
-829
-243
305
869
1383
1840
2256
2561
2767
2878
2874
2787
2683
2568
2418
2243
2027
1793
1516
1241
953
579
229
-104
-422
-791
-1188
-1465
-1716
-1879
-1951
-1975
-1874
-1832
-1814
-1711
-1571
-1411
-1231
-946
-677
-382
-40
303
816
1392
1930
2462
3021
3639
4241
4802
5366
6003
6667
7277
7657
7944
8092
8044
7817
7337
6880
6234
5419
4447
3464
2459
1523
579
-399
-1293
-2129
-2946
-3715
-4367
-5001
-5471
-5848
-6149
-6307
-6224
-6127
-6020
-5827
-5665
-5401
-5117
-4834
-4496
-4108
-3649
-3203
-2664
-2033
-1288
-601
63
745
1466
2205
2736
3196
3552
3942
4119
4188
4205
4151
3958
3578
3109
2698
2303
1789
1261
665
128
-356
-859
-1373
-1781
-2095
-2429
-2852
-3265
-3535
-3744
-3987
-4261
-4534
-4693
-4764
-4898
-4991
-4884
-4677
-4450
-4185
-3813
-3282
-2717
-2193
-1592
-873
-113
554
1088
1577
2030
2337
2485
2607
2773
2887
2892
2839
2759
2646
2476
2255
2029
1769
1479
1148
776
440
71
-359
-782
-1119
-1399
-1620
-1820
-2069
-2129
-2128
-2178
-2118
-1963
-1760
-1580
-1325
-1045
-829
-554
-231
126
552
989
1474
2094
2707
3367
4114
4854
5643
6491
7284
7808
8151
8363
8441
8373
8028
7584
7014
6221
5342
4402
3433
2498
1519
477
-480
-1352
-2236
-3156
-3921
-4555
-5130
-5566
-5961
-6155
-6155
-6140
-6077
-6016
-5893
-5689
-5464
-5242
-4967
-4556
-4145
-3714
-3224
-2625
-1870
-1194
-537
208
900
1581
2214
2762
3231
3630
3960
4142
4247
4266
4207
4065
3743
3413
3015
2486
1907
1273
688
114
-436
-928
-1364
-1712
-2037
-2386
-2752
-3108
-3449
-3818
-4185
-4465
-4670
-4824
-4923
-5023
-5056
-4956
-4820
-4618
-4266
-3798
-3207
-2511
-1825
-1132
-409
230
786
1325
1816
2230
2525
2688
2823
2935
2910
2787
2693
2617
2475
2290
2118
1919
1672
1386
1039
659
307
-16
-378
-784
-1126
-1372
-1585
-1773
-1918
-2021
-2120
-2198
-2235
-2100
-1893
-1812
-1641
-1389
-1138
-750
-310
154
639
1176
1780
2342
3005
3797
4571
5305
6004
6707
7343
7876
8314
8561
8619
8488
8167
7691
7100
6365
5461
4530
3586
2619
1591
478
-530
-1455
-2341
-3198
-3970
-4586
-5200
-5752
-6153
-6396
-6454
-6436
-6393
-6372
-6244
-5964
-5716
-5475
-5143
-4690
-4259
-3797
-3286
-2751
-2046
-1377
-650
141
871
1667
2336
2951
3582
4154
4569
4730
4837
4852
4689
4441
4051
3552
3020
2429
1869
1271
689
197
-347
-884
-1370
-1745
-2134
-2614
-3060
-3470
-3763
-4096
-4440
-4695
-4900
-5006
-5087
-5120
-5062
-4923
-4783
-4608
-4232
-3697
-3103
-2488
-1852
-1208
-544
47
620
1190
1698
2163
2454
2638
2778
2901
2968
2906
2848
2807
2700
2473
2190
1892
1567
1230
888
585
242
-97
-424
-771
-1018
-1273
-1533
-1766
-1938
-1938
-1974
-1951
-1885
-1774
-1548
-1431
-1250
-1053
-846
-569
-330
52
529
1077
1693
2303
2971
3734
4466
5174
5916
6639
7224
7601
7932
8118
8152
8082
7746
7307
6736
6000
5223
4388
3495
2481
1401
269
-806
-1678
-2506
-3264
-3965
-4613
-5087
-5530
-5824
-5915
-6004
-6003
-5972
-5999
-5880
-5652
-5463
-5211
-4875
-4438
-4021
-3648
-3168
-2600
-1903
-1198
-551
144
865
1638
2344
2924
3501
3997
4322
4503
4622
4724
4644
4339
3933
3407
2888
2351
1687
1098
567
16
-521
-1132
-1556
-1792
-2184
-2645
-3071
-3454
-3756
-4075
-4431
-4730
-4935
-5161
-5361
-5459
-5422
-5178
-4971
-4690
-4166
-3570
-2945
-2383
-1741
-990
-291
403
1017
1521
2015
2345
2506
2728
2901
2983
2977
2898
2805
2654
2519
2343
2229
2106
1801
1456
1125
808
474
73
-407
-817
-1172
-1486
-1722
-1993
-2159
-2234
-2275
-2251
-2115
-1912
-1786
-1623
-1432
-1189
-873
-560
-192
210
635
1220
1962
2721
3544
4393
5239
6013
6720
7420
7882
8231
8514
8566
8442
8182
7759
7172
6434
5491
4508
3513
2436
1355
325
-628
-1563
-2462
-3316
-3995
-4496
-5000
-5408
-5760
-6026
-6111
-6098
-6017
-5916
-5694
-5354
-5122
-4960
-4749
-4445
-4083
-3736
-3280
-2728
-2133
-1466
-817
-120
653
1442
2174
2757
3349
3959
4419
4694
4798
4838
4750
4445
4041
3576
3089
2531
1871
1261
658
56
-525
-1085
-1522
-1856
-2135
-2517
-2983
-3305
-3620
-3977
-4307
-4639
-4901
-5124
-5341
-5443
-5388
-5209
-4975
-4714
-4348
-3854
-3295
-2700
-2116
-1463
-728
-72
503
1004
1478
1906
2126
2307
2469
2548
2674
2695
2645
2637
2562
2423
2198
2040
1823
1466
1141
763
461
162
-196
-489
-807
-1001
-1126
-1349
-1482
-1537
-1594
-1676
-1757
-1708
-1685
-1646
-1483
-1319
-1042
-690
-360
29
529
1138
1802
2525
3250
4012
4810
5526
6282
7066
7638
8055
8380
8501
8476
8299
7911
7367
6614
5674
4648
3599
2567
1463
321
-704
-1641
-2460
-3163
-3869
-4439
-4885
-5322
-5609
-5691
-5720
-5788
-5793
-5752
-5670
-5517
-5309
-5116
-4920
-4540
-4155
-3691
-3196
-2755
-2115
-1519
-976
-293
465
1172
1792
2418
2991
3557
4045
4272
4390
4475
4450
4328
3990
3523
3135
2644
2051
1476
927
468
-47
-639
-1117
-1520
-1918
-2394
-2919
-3271
-3547
-3905
-4318
-4747
-5001
-5180
-5443
-5535
-5444
-5310
-5099
-4865
-4520
-3964
-3394
-2821
-2191
-1446
-660
-74
454
965
1451
1871
2123
2373
2516
2565
2577
2501
2458
2374
2282
2144
1922
1730
1507
1232
915
611
425
156
-191
-470
-753
-951
-1152
-1438
-1675
-1788
-1801
-1853
-1865
-1800
-1691
-1544
-1459
-1279
-973
-666
-310
159
720
1346
2021
2694
3396
4166
4960
5702
6395
7082
7641
7969
8214
8391
8289
7972
7567
7003
6250
5382
4451
3467
2454
1398
424
-490
-1372
-2140
-2908
-3561
-4041
-4453
-4847
-5171
-5304
-5387
-5423
-5433
-5455
-5291
-5156
-5102
-4939
-4753
-4504
-4183
-3830
-3392
-2844
-2235
-1651
-1009
-297
477
1265
1916
2513
3105
3572
3855
4047
4224
4313
4269
3942
3561
3252
2809
2319
1771
1292
789
272
-211
-688
-1026
-1407
-1735
-2161
-2599
-2881
-3289
-3676
-4056
-4330
-4509
-4811
-5096
-5211
-5166
-5089
-4929
-4639
-4285
-3868
-3304
-2702
-2103
-1386
-710
-175
301
794
1240
1532
1704
1909
2078
2158
2270
2316
2326
2273
2173
2060
1902
1822
1605
1326
1043
741
494
109
-192
-490
-799
-919
-1178
-1401
-1495
-1664
-1707
-1695
-1622
-1469
-1358
-1197
-1116
-930
-607
-377
43
526
998
1573
2120
2741
3468
4279
5081
5804
6456
6969
7371
7699
7931
7987
7862
7575
7124
6582
5878
4995
4101
3186
2154
1103
112
-786
-1611
-2381
-3002
-3526
-4017
-4397
-4708
-4942
-5020
-5040
-5072
-5072
-5005
-4851
-4671
-4545
-4412
-4209
-3948
-3664
-3373
-3017
-2575
-2138
-1695
-1134
-458
267
925
1436
1993
2666
3221
3570
3852
4087
4195
4201
4046
3779
3481
3104
2588
1953
1391
876
336
-268
-842
-1160
-1495
-1979
-2391
-2659
-2910
-3238
-3596
-3920
-4178
-4338
-4481
-4669
-4720
-4690
-4697
-4698
-4619
-4266
-3841
-3489
-3052
-2509
-1917
-1353
-793
-267
237
737
1138
1483
1781
2011
2190
2264
2285
2302
2260
2130
1936
1833
1700
1478
1299
1072
935
791
492
185
-189
-453
-654
-975
-1215
-1373
-1488
-1559
-1564
-1501
-1438
-1341
-1233
-1093
-836
-498
-119
240
644
1169
1672
2163
2789
3482
4158
4882
5557
6094
6630
7069
7339
7537
7635
7597
7390
7025
6457
5770
4911
3971
3109
2109
1117
167
-700
-1486
-2311
-2937
-3487
-3979
-4317
-4625
-4846
-4913
-4918
-4950
-4954
-4900
-4747
-4590
-4521
-4358
-4085
-3881
-3734
-3503
-3093
-2612
-2221
-1773
-1175
-552
133
842
1449
2079
2730
3224
3550
3802
4004
4065
3953
3655
3271
2927
2472
1815
1263
846
432
135
-248
-562
-783
-1126
-1480
-1938
-2231
-2430
-2809
-3274
-3714
-3992
-4296
-4603
-4791
-4813
-4713
-4686
-4608
-4310
-3882
-3498
-3107
-2617
-2056
-1459
-910
-465
-32
449
855
1202
1549
1823
2079
2272
2243
2191
2198
2066
1913
1836
1693
1547
1405
1155
897
690
448
222
39
-131
-281
-479
-754
-979
-1155
-1375
-1555
-1639
-1659
-1611
-1555
-1476
-1265
-1014
-769
-415
7
474
1045
1628
2215
2872
3500
4083
4741
5410
5996
6568
7083
7404
7617
7677
7472
7194
6809
6181
5452
4608
3654
2704
1645
622
-220
-1039
-1777
-2373
-2882
-3254
-3580
-3892
-4054
-4130
-4218
-4318
-4400
-4404
-4340
-4281
-4287
-4258
-4058
-3828
-3666
-3445
-3113
-2690
-2256
-1901
-1495
-962
-377
201
735
1277
1868
2403
2796
3078
3320
3523
3617
3584
3442
3209
2861
2340
1757
1275
876
505
116
-286
-597
-857
-1205
-1599
-1944
-2230
-2494
-2830
-3205
-3474
-3725
-4078
-4388
-4534
-4541
-4512
-4502
-4353
-4028
-3691
-3338
-2957
-2556
-2030
-1490
-1109
-755
-317
114
481
820
1160
1488
1712
1825
1908
2001
2066
2026
1907
1727
1577
1352
1004
735
542
404
189
-81
-303
-522
-663
-788
-896
-961
-1015
-1037
-1102
-1162
-1167
-1166
-1119
-978
-793
-556
-257
60
471
960
1472
2064
2723
3411
4060
4764
5501
6086
6618
7008
7231
7443
7516
7424
7175
6740
6197
5510
4708
3857
2955
2015
978
-53
-897
-1664
-2374
-2945
-3395
-3704
-3992
-4224
-4296
-4334
-4313
-4325
-4335
-4159
-3981
-3858
-3724
-3615
-3517
-3390
-3252
-3114
-2840
-2477
-2168
-1791
-1320
-773
-192
333
784
1295
1878
2299
2688
3044
3260
3427
3389
3194
3009
2820
2516
2081
1653
1321
1017
642
267
-43
-300
-686
-1216
-1702
-2048
-2318
-2699
-3082
-3381
-3605
-3847
-4228
-4470
-4491
-4480
-4427
-4356
-4180
-3899
-3731
-3536
-3223
-2863
-2355
-1901
-1516
-1074
-646
-241
79
421
812
1149
1401
1473
1484
1572
1610
1591
1596
1549
1449
1322
1148
982
824
646
439
244
141
72
-53
-207
-357
-490
-632
-791
-900
-973
-1024
-1068
-1082
-959
-765
-610
-358
-9
374
867
1383
1926
2621
3343
4021
4704
5338
5958
6540
6931
7156
7315
7313
7124
6771
6274
5670
4949
4147
3336
2491
1517
606
-203
-1051
-1742
-2302
-2778
-3152
-3487
-3706
-3805
-3815
-3835
-3875
-3847
-3742
-3602
-3534
-3514
-3484
-3402
-3299
-3251
-3125
-2908
-2612
-2288
-2010
-1592
-1067
-510
55
479
980
1602
2114
2527
2818
3029
3235
3254
3159
3051
2832
2548
2154
1722
1353
1038
724
344
-46
-422
-793
-1238
-1757
-2164
-2452
-2767
-3152
-3474
-3668
-3802
-3958
-4111
-4158
-4095
-4034
-4013
-3947
-3793
-3580
-3353
-3129
-2867
-2497
-2038
-1623
-1223
-730
-250
134
473
775
1056
1314
1470
1560
1677
1727
1686
1626
1511
1411
1343
1191
1009
861
687
540
408
257
197
65
-116
-265
-435
-591
-763
-804
-851
-933
-961
-998
-1012
-987
-795
-581
-295
109
570
1169
1775
2445
3189
3921
4631
5287
5866
6390
6833
7087
7207
7207
7089
6806
6360
5745
5057
4339
3458
2580
1687
793
44
-639
-1236
-1743
-2099
-2402
-2772
-3094
-3320
-3492
-3648
-3785
-3882
-3922
-3922
-3931
-3976
-4004
-3930
-3785
-3636
-3456
-3149
-2729
-2378
-2068
-1649
-1152
-638
-122
346
862
1438
1952
2391
2760
3075
3383
3559
3524
3449
3301
2990
2620
2190
1756
1417
1066
557
57
-346
-725
-1097
-1598
-2016
-2303
-2697
-3143
-3548
-3826
-4039
-4235
-4387
-4461
-4431
-4430
-4457
-4358
-4120
-3801
-3433
-3118
-2817
-2359
-1876
-1463
-975
-489
-117
280
678
966
1290
1586
1709
1814
1861
1785
1685
1568
1378
1207
1055
741
528
412
226
132
-12
-224
-318
-391
-563
-730
-821
-913
-967
-1002
-1014
-964
-954
-909
-801
-599
-313
-49
256
545
942
1481
2028
2614
3267
4022
4763
5396
5936
6484
6927
7247
7450
7409
7292
6990
6488
5871
5195
4483
3612
2674
1718
810
-79
-845
-1535
-2182
-2542
-2911
-3299
-3550
-3823
-3971
-3964
-4034
-4092
-3968
-3812
-3704
-3637
-3562
-3375
-3211
-3134
-3023
-2851
-2600
-2302
-2088
-1839
-1418
-914
-390
74
507
1049
1559
1890
2182
2547
2895
3041
3006
2961
2878
2706
2475
2240
2061
1869
1554
1152
696
313
-1
-468
-1033
-1481
-1876
-2329
-2802
-3227
-3513
-3720
-3958
-4140
-4209
-4235
-4318
-4357
-4292
-4077
-3746
-3527
-3251
-2891
-2515
-2085
-1731
-1359
-925
-536
-188
166
528
903
1224
1365
1483
1619
1660
1694
1653
1608
1549
1407
1283
1098
920
754
562
380
159
5
-94
-235
-418
-557
-675
-813
-920
-1029
-1096
-1124
-1188
-1231
-1136
-918
-688
-440
-88
361
869
1434
2066
2815
3619
4390
5135
5788
6333
6802
7128
7326
7422
7344
7134
6824
6302
5588
4805
3979
3097
2163
1216
312
-552
-1346
-2027
-2584
-2994
-3293
-3562
-3732
-3775
-3793
-3764
-3701
-3604
-3449
-3347
-3344
-3316
-3219
-3198
-3188
-3096
-2878
-2528
-2218
-1902
-1571
-1155
-667
-289
81
513
1033
1518
1848
2152
2483
2869
3175
3252
3235
3190
3041
2722
2322
1903
1573
1275
828
393
-28
-408
-765
-1296
-1756
-2081
-2456
-2880
-3294
-3653
-3884
-4053
-4268
-4384
-4396
-4410
-4357
-4217
-3989
-3719
-3455
-3160
-2840
-2461
-2007
-1571
-1231
-841
-456
-175
178
519
852
1121
1220
1318
1400
1426
1450
1481
1446
1338
1185
968
764
573
347
113
-49
-125
-232
-452
-659
-733
-757
-812
-907
-948
-1001
-1028
-969
-942
-853
-702
-499
-309
-113
230
598
1032
1611
2301
3049
3798
4470
5074
5654
6153
6602
6990
7226
7283
7250
7086
6765
6350
5760
5052
4251
3355
2441
1477
622
-160
-957
-1649
-2304
-2772
-3061
-3422
-3720
-3864
-3900
-3928
-3987
-3933
-3795
-3700
-3631
-3541
-3430
-3273
-3139
-3062
-2921
-2671
-2383
-2087
-1771
-1397
-923
-421
31
503
998
1457
1882
2206
2437
2715
2958
3008
2944
2874
2793
2669
2435
2099
1739
1400
1043
607
145
-270
-655
-1103
-1604
-2057
-2422
-2800
-3215
-3566
-3840
-4037
-4226
-4367
-4426
-4492
-4480
-4425
-4261
-3990
-3709
-3392
-3077
-2664
-2225
-1863
-1514
-1117
-687
-303
62
441
795
1091
1312
1428
1506
1564
1569
1541
1438
1285
1131
984
822
710
619
470
324
100
-80
-224
-446
-635
-774
-868
-1017
-1132
-1128
-1112
-1051
-1006
-1002
-850
-594
-383
-176
40
367
894
1461
2038
2709
3447
4178
4878
5447
5934
6389
6717
6965
7053
6987
6849
6542
6140
5582
4902
4238
3435
2551
1661
783
12
-727
-1465
-2045
-2401
-2694
-2946
-3142
-3247
-3244
-3288
-3339
-3422
-3439
-3313
-3291
-3319
-3282
-3223
-3158
-3162
-3169
-2990
-2675
-2351
-2115
-1841
-1400
-957
-514
-62
439
1069
1587
1915
2230
2606
2937
3089
3109
3055
2997
2909
2695
2398
2089
1789
1380
937
510
52
-310
-698
-1097
-1443
-1843
-2273
-2716
-3123
-3497
-3767
-3935
-4071
-4121
-4112
-4114
-4107
-4012
-3846
-3671
-3480
-3243
-2964
-2656
-2308
-1982
-1703
-1349
-930
-609
-293
76
384
700
963
1086
1220
1347
1427
1529
1509
1410
1392
1278
1094
919
746
566
340
162
-44
-254
-381
-513
-653
-799
-839
-841
-926
-998
-1059
-1051
-1002
-872
-624
-354
68
524
1024
1551
1996
2563
3225
3858
4405
5017
5595
6010
6422
6671
6755
6740
6579
6333
5982
5466
4836
4171
3427
2670
1907
1134
450
-210
-872
-1452
-1953
-2373
-2743
-3096
-3305
-3393
-3456
-3470
-3513
-3547
-3472
-3405
-3394
-3369
-3283
-3130
-3012
-2931
-2714
-2357
-2040
-1802
-1463
-1020
-615
-220
115
426
897
1380
1745
2093
2408
2719
2968
2992
2989
3022
2865
2541
2211
1957
1728
1449
1078
748
435
47
-430
-996
-1415
-1758
-2203
-2730
-3217
-3490
-3762
-4085
-4289
-4352
-4319
-4308
-4339
-4252
-3993
-3753
-3502
-3211
-2944
-2592
-2222
-1970
-1604
-1113
-766
-486
-250
29
354
563
724
907
1120
1214
1231
1264
1236
1228
1186
1084
945
787
618
405
219
143
119
25
-105
-205
-328
-503
-676
-783
-847
-907
-969
-1026
-1023
-875
-669
-495
-265
98
583
1074
1564
2207
2919
3584
4285
4900
5408
5949
6391
6688
6897
6953
6886
6655
6201
5704
5162
4477
3715
2860
1919
1056
339
-358
-1061
-1639
-2050
-2372
-2619
-2823
-2983
-2998
-3042
-3171
-3255
-3232
-3166
-3219
-3249
-3251
-3186
-3037
-2994
-2949
-2792
-2532
-2273
-2057
-1766
-1361
-847
-377
0
460
1036
1556
1982
2326
2631
2956
3135
3121
3092
3093
2980
2686
2324
1999
1651
1228
741
267
-72
-421
-823
-1199
-1583
-1831
-2127
-2608
-3070
-3412
-3673
-4017
-4336
-4478
-4519
-4513
-4532
-4464
-4254
-3932
-3601
-3306
-2910
-2581
-2236
-1879
-1554
-1109
-751
-416
-88
218
576
902
1134
1318
1554
1672
1661
1632
1608
1577
1523
1402
1188
1027
808
550
302
49
-136
-383
-616
-797
-970
-1070
-1165
-1186
-1222
-1303
-1280
-1260
-1204
-1090
-869
-536
-201
209
644
1091
1642
2307
2919
3542
4206
4830
5466
5917
6296
6636
6846
6953
6921
6796
6506
6098
5554
4928
4160
3381
2589
1699
895
79
-625
-1292
-1841
-2231
-2487
-2768
-3006
-3150
-3246
-3419
-3585
-3700
-3686
-3585
-3490
-3410
-3266
-3099
-2957
-2818
-2633
-2409
-2134
-1832
-1564
-1276
-856
-398
-29
321
801
1315
1752
2098
2471
2825
3066
3172
3107
3052
2940
2756
2406
2035
1725
1528
1155
756
350
-116
-526
-1033
-1438
-1766
-2059
-2462
-2846
-3101
-3316
-3560
-3894
-4087
-4125
-4253
-4389
-4460
-4416
-4158
-3897
-3652
-3319
-2924
-2499
-2202
-1840
-1480
-1028
-662
-355
-68
192
479
860
1088
1281
1509
1639
1692
1597
1525
1362
1269
1111
940
749
486
246
-26
-224
-428
-621
-760
-895
-1018
-1057
-1162
-1096
-931
-827
-793
-849
-768
-615
-500
-285
34
410
812
1286
1774
2352
3046
3763
4469
5086
5599
6033
6363
6580
6756
6861
6792
6570
6168
5586
4973
4313
3592
2892
2082
1225
484
-314
-1098
-1667
-2080
-2356
-2584
-2865
-3056
-3119
-3135
-3165
-3229
-3237
-3198
-3163
-3108
-3080
-3025
-2919
-2899
-2883
-2731
-2476
-2214
-1999
-1738
-1357
-970
-586
-129
383
887
1354
1748
2044
2344
2711
2985
3092
3154
3156
3007
2717
2352
2004
1677
1281
832
389
-72
-526
-963
-1406
-1748
-1999
-2334
-2739
-3124
-3489
-3825
-4085
-4226
-4278
-4320
-4387
-4486
-4481
-4250
-3949
-3686
-3364
-3022
-2738
-2448
-2094
-1720
-1323
-914
-596
-314
72
438
715
966
1222
1531
1721
1698
1733
1805
1721
1585
1434
1257
1089
845
599
445
251
10
-228
-533
-754
-853
-1046
-1222
-1236
-1211
-1188
-1137
-1112
-1012
-814
-602
-356
-125
226
624
1088
1605
2030
2650
3289
3881
4449
4928
5474
5978
6409
6692
6811
6820
6678
6406
6004
5490
4853
4155
3367
2466
1623
828
65
-575
-1128
-1636
-2079
-2474
-2815
-3071
-3315
-3461
-3511
-3623
-3690
-3677
-3605
-3594
-3583
-3483
-3348
-3152
-3064
-2874
-2598
-2335
-2003
-1781
-1377
-870
-443
45
525
1039
1556
1907
2189
2569
2939
3174
3231
3193
3139
3003
2797
2475
2075
1782
1455
942
465
161
-163
-601
-1022
-1359
-1688
-2051
-2496
-2996
-3408
-3717
-3981
-4230
-4454
-4589
-4639
-4684
-4615
-4401
-4171
-3937
-3693
-3360
-2954
-2553
-2103
-1690
-1225
-708
-275
147
540
964
1340
1509
1617
1684
1711
1707
1640
1611
1533
1375
1224
1094
969
842
678
453
262
73
-177
-466
-763
-968
-1097
-1252
-1380
-1434
-1464
-1481
-1423
-1244
-1003
-766
-498
-224
105
550
1011
1520
2156
2825
3495
4148
4755
5388
5979
6362
6679
6937
6953
6824
6607
6307
5937
5412
4702
3983
3257
2410
1602
812
95
-561
-1256
-1809
-2341
-2812
-3103
-3345
-3471
-3573
-3667
-3657
-3681
-3647
-3486
-3388
-3365
-3327
-3222
-3120
-2956
-2760
-2558
-2143
-1793
-1544
-1189
-815
-332
88
476
988
1439
1806
2085
2330
2564
2771
2962
3015
3038
3023
2814
2559
2303
2046
1747
1313
803
329
-112
-576
-1026
-1412
-1736
-2087
-2499
-2954
-3315
-3555
-3772
-3954
-4058
-4044
-4137
-4258
-4243
-4084
-3796
-3556
-3266
-3077
-2826
-2417
-2100
-1689
-1292
-878
-489
-292
-62
195
434
722
969
1140
1313
1384
1373
1387
1387
1402
1372
1219
1015
851
662
418
239
130
-42
-280
-548
-841
-1068
-1226
-1341
-1335
-1253
-1201
-1140
-1079
-1028
-866
-599
-298
59
445
871
1369
1860
2393
3036
3685
4263
4761
5236
5701
6056
6317
6509
6604
6599
6412
6074
5657
5080
4457
3806
3011
2225
1491
729
-13
-724
-1315
-1776
-2234
-2641
-2989
-3250
-3345
-3412
-3455
-3481
-3552
-3517
-3443
-3475
-3446
-3301
-3154
-3048
-2957
-2752
-2465
-2175
-1863
-1564
-1138
-628
-203
280
778
1288
1795
2161
2480
2688
2813
2907
2939
2973
2880
2705
2443
2062
1743
1445
1159
787
387
81
-273
-637
-991
-1316
-1625
-1980
-2289
-2709
-3155
-3471
-3835
-4163
-4376
-4525
-4595
-4616
-4648
-4506
-4183
-3887
-3515
-3099
-2703
-2350
-2015
-1572
-1108
-622
-155
267
641
870
1124
1365
1521
1708
1787
1765
1670
1493
1342
1180
1016
834
699
617
464
297
132
-5
-171
-377
-530
-734
-919
-1104
-1309
-1334
-1288
-1267
-1223
-1116
-955
-736
-457
-141
269
714
1089
1469
1945
2509
3123
3686
4213
4832
5398
5807
6170
6506
6719
6770
6640
6385
6009
5450
4832
4170
3503
2794
1993
1224
490
-124
-671
-1155
-1591
-2017
-2350
-2694
-2957
-3073
-3113
-3125
-3139
-3191
-3225
-3194
-3240
-3220
-3147
-3061
-2942
-2889
-2745
-2523
-2256
-1910
-1556
-1098
-623
-211
168
577
1069
1497
1915
2250
2529
2811
2965
3064
3003
2946
2880
2537
2188
1932
1628
1240
805
403
25
-340
-706
-1181
-1634
-1994
-2389
-2733
-3056
-3342
-3591
-3872
-4071
-4218
-4303
-4352
-4462
-4443
-4281
-4047
-3809
-3601
-3256
-2851
-2445
-1993
-1583
-1118
-620
-207
181
516
849
1165
1345
1550
1740
1774
1783
1746
1673
1599
1451
1219
918
698
519
294
108
-88
-255
-433
-621
-767
-983
-1118
-1194
-1272
-1293
-1321
-1317
-1278
-1185
-1020
-817
-545
-214
163
588
1087
1631
2295
3022
3615
4259
4849
5250
5770
6209
6464
6672
6720
6665
6506
6201
5806
5285
4660
4024
3334
2566
1714
921
195
-544
-1139
-1652
-2040
-2369
-2692
-2903
-3118
-3195
-3231
-3307
-3289
-3295
-3292
-3342
-3451
-3418
-3341
-3267
-3080
-2947
-2771
-2449
-2136
-1763
-1320
-822
-337
148
661
1191
1756
2156
2530
2886
3072
3252
3266
3162
3069
2890
2676
2339
1941
1573
1153
686
204
-147
-460
-812
-1205
-1635
-1936
-2258
-2631
-2947
-3295
-3603
-3962
-4349
-4562
-4708
-4799
-4825
-4821
-4650
-4328
-4025
-3708
-3269
-2794
-2367
-1956
-1490
-954
-523
-179
220
633
1035
1384
1613
1751
1918
1961
1825
1698
1591
1507
1318
1073
863
622
456
294
117
-26
-131
-201
-402
-620
-739
-888
-1046
-1131
-1127
-1058
-992
-1083
-1120
-951
-802
-551
-257
64
445
844
1290
1744
2392
3046
3604
4153
4659
5149
5536
5845
6136
6388
6434
6316
6107
5746
5280
4734
4150
3465
2758
1979
1169
478
-192
-770
-1318
-1851
-2188
-2425
-2727
-2988
-3118
-3183
-3224
-3294
-3340
-3373
-3378
-3382
-3373
-3285
-3237
-3082
-2857
-2619
-2346
-2093
-1765
-1425
-1050
-568
-88
330
758
1200
1595
1991
2365
2684
2929
3093
3129
3067
2961
2797
2584
2239
1912
1637
1287
874
405
82
-208
-635
-1069
-1570
-2022
-2414
-2841
-3197
-3506
-3734
-3979
-4232
-4346
-4419
-4472
-4451
-4316
-4099
-3871
-3634
-3303
-2893
-2521
-2112
-1661
-1243
-839
-424
-56
345
773
1080
1339
1534
1696
1836
1815
1800
1752
1592
1439
1202
987
838
754
650
445
284
104
-35
-211
-442
-594
-777
-1000
-1248
-1399
-1451
-1498
-1504
-1496
-1353
-1107
-918
-726
-398
18
445
948
1510
2110
2761
3362
3930
4455
4981
5510
5839
6147
6390
6376
6358
6188
5799
5390
4850
4219
3627
2968
2205
1502
758
72
-454
-953
-1359
-1740
-2070
-2338
-2562
-2721
-2906
-3074
-3254
-3458
-3650
-3765
-3834
-3891
-3830
-3722
-3628
-3456
-3158
-2838
-2477
-2030
-1599
-1195
-717
-220
230
740
1278
1865
2390
2750
3091
3371
3558
3537
3378
3240
3064
2807
2397
1994
1682
1344
962
587
280
-55
-462
-857
-1248
-1656
-2052
-2535
-3026
-3406
-3768
-4096
-4412
-4682
-4776
-4783
-4827
-4749
-4507
-4255
-3946
-3655
-3364
-2958
-2575
-2083
-1522
-996
-410
37
492
969
1298
1602
1750
1819
1881
1838
1731
1626
1565
1414
1273
1179
975
835
714
517
374
192
-37
-269
-539
-808
-1067
-1309
-1525
-1638
-1634
-1609
-1561
-1444
-1274
-1055
-834
-647
-378
-3
472
1052
1588
2181
2833
3384
3923
4470
5037
5486
5812
6129
6314
6372
6301
6108
5820
5449
5027
4434
3765
3094
2383
1744
1059
394
-160
-713
-1269
-1759
-2114
-2448
-2754
-2969
-3178
-3368
-3517
-3590
-3586
-3597
-3604
-3519
-3394
-3259
-3072
-2868
-2621
-2316
-2022
-1746
-1426
-1052
-636
-208
213
634
1060
1461
1806
2106
2429
2771
3035
3184
3215
3183
3078
2792
2420
2115
1825
1508
1147
753
446
92
-370
-830
-1290
-1745
-2254
-2795
-3315
-3729
-4127
-4470
-4694
-4895
-4872
-4820
-4733
-4507
-4316
-3978
-3626
-3309
-2950
-2599
-2178
-1729
-1279
-833
-378
108
578
968
1316
1620
1889
2141
2231
2199
2110
1900
1685
1456
1206
1042
867
648
387
114
-101
-294
-465
-690
-901
-1044
-1250
-1411
-1535
-1597
-1516
-1464
-1447
-1403
-1293
-1115
-877
-613
-246
241
728
1251
1798
2464
3187
3825
4444
5034
5608
6061
6364
6610
6775
6792
6607
6310
5996
5624
5098
4444
3734
2995
2221
1422
623
-128
-791
-1385
-1938
-2386
-2718
-3008
-3278
-3460
-3529
-3576
-3652
-3632
-3537
-3482
-3428
-3395
-3373
-3304
-3213
-3073
-2841
-2561
-2185
-1752
-1349
-886
-372
158
633
1065
1578
2029
2446
2822
3076
3360
3516
3511
3472
3305
3068
2725
2321
1981
1659
1286
848
438
66
-299
-753
-1206
-1611
-2028
-2440
-2951
-3357
-3615
-3891
-4139
-4304
-4348
-4369
-4374
-4350
-4229
-3997
-3801
-3627
-3356
-2957
-2543
-2139
-1719
-1261
-757
-246
206
594
967
1291
1545
1662
1781
1835
1746
1673
1544
1419
1278
1133
950
710
508
274
111
-117
-366
-562
-852
-1081
-1249
-1402
-1483
-1493
-1502
-1486
-1436
-1392
-1283
-1169
-952
-600
-312
36
482
971
1527
2065
2658
3322
3977
4583
5087
5563
5941
6174
6322
6335
6279
6115
5774
5439
5042
4480
3914
3265
2515
1811
1096
439
-145
-726
-1268
-1781
-2200
-2586
-2900
-3104
-3316
-3438
-3513
-3606
-3621
-3508
-3423
-3364
-3273
-3197
-2991
-2773
-2556
-2265
-1970
-1677
-1432
-1154
-839
-478
-132
205
647
1149
1587
1960
2343
2699
2995
3115
3087
3009
2939
2846
2547
2177
1841
1516
1128
694
414
124
-201
-503
-904
-1302
-1746
-2248
-2735
-3218
-3589
-3893
-4200
-4445
-4503
-4434
-4451
-4364
-4115
-3871
-3644
-3384
-3040
-2610
-2161
-1753
-1321
-844
-374
91
541
940
1312
1627
1766
1806
1869
1836
1690
1582
1494
1336
1136
940
793
655
439
213
31
-154
-312
-493
-776
-1021
-1168
-1329
-1499
-1611
-1629
-1574
-1550
-1542
-1451
-1275
-1040
-759
-460
-104
370
892
1382
1894
2554
3282
3884
4448
5065
5623
6018
6320
6533
6594
6547
6262
5803
5320
4720
4084
3412
2732
2061
1323
656
-32
-677
-1243
-1837
-2253
-2632
-2961
-3113
-3220
-3244
-3312
-3389
-3338
-3293
-3277
-3263
-3212
-3150
-3071
-2943
-2865
-2711
-2416
-2055
-1629
-1203
-764
-263
158
468
829
1187
1503
1842
2129
2388
2700
2896
2866
2836
2779
2668
2471
2151
1866
1596
1302
933
646
452
164
-131
-416
-672
-934
-1283
-1758
-2231
-2628
-3009
-3358
-3699
-3886
-3997
-4108
-4152
-4118
-3907
-3665
-3468
-3290
-3048
-2663
-2331
-2000
-1540
-1064
-605
-161
233
609
968
1175
1328
1489
1510
1531
1464
1305
1245
1134
944
739
587
486
307
78
-174
-343
-502
-746
-917
-1044
-1127
-1224
-1350
-1382
-1387
-1396
-1467
-1538
-1482
-1311
-1053
-783
-453
55
654
1232
1869
2546
3195
3776
4260
4755
5263
5644
5862
6083
6195
6167
6030
5721
5407
4995
4484
3852
3170
2503
1820
1182
467
-85
-535
-1016
-1482
-1926
-2240
-2523
-2737
-2958
-3120
-3299
-3452
-3476
-3557
-3529
-3442
-3362
-3318
-3223
-2986
-2773
-2500
-2161
-1813
-1485
-1135
-702
-254
220
727
1229
1649
2026
2323
2515
2710
2865
2867
2832
2825
2743
2633
2413
2156
1877
1527
1208
893
670
402
46
-360
-791
-1140
-1530
-1914
-2343
-2767
-3159
-3580
-3961
-4290
-4440
-4540
-4637
-4562
-4387
-4157
-3872
-3562
-3230
-2881
-2583
-2295
-1960
-1589
-1158
-735
-367
30
483
882
1139
1393
1561
1579
1616
1566
1449
1340
1193
1087
899
662
452
154
-153
-441
-680
-899
-1146
-1261
-1302
-1422
-1558
-1608
-1569
-1493
-1400
-1287
-1128
-976
-753
-425
-157
259
811
1263
1821
2450
3062
3700
4265
4792
5266
5662
5967
6171
6303
6237
6059
5805
5454
5119
4696
4175
3585
2914
2219
1585
990
442
-35
-542
-951
-1308
-1720
-2038
-2325
-2556
-2732
-2870
-2896
-2948
-2985
-2990
-3041
-3043
-3048
-2975
-2800
-2646
-2421
-2155
-1899
-1567
-1160
-711
-253
152
491
769
1027
1306
1496
1618
1745
1810
1896
1939
1917
1912
1810
1613
1341
1132
977
760
550
376
268
116
-108
-324
-576
-920
-1378
-1881
-2375
-2827
-3231
-3600
-3954
-4175
-4282
-4395
-4433
-4383
-4236
-4052
-3840
-3601
-3280
-2884
-2528
-2030
-1468
-927
-309
280
809
1317
1727
1960
2003
1853
1663
1447
1192
1036
912
801
713
674
658
642
625
504
274
20
-255
-584
-886
-1155
-1380
-1538
-1676
-1698
-1652
-1600
-1495
-1399
-1275
-1030
-694
-351
93
674
1248
1823
2421
3052
3723
4308
4799
5212
5588
5910
6082
6199
6258
6197
6054
5768
5336
4819
4287
3701
3042
2351
1631
1023
433
-149
-662
-1214
-1728
-2127
-2430
-2712
-2928
-3050
-3152
-3250
-3339
-3267
-3122
-3075
-2998
-2914
-2867
-2755
-2638
-2545
-2355
-2058
-1645
-1189
-796
-383
26
311
540
823
1079
1238
1406
1568
1640
1751
1929
2046
2157
2273
2317
2231
2012
1829
1675
1387
1039
736
408
67
-284
-637
-931
-1283
-1699
-2126
-2521
-2855
-3167
-3450
-3784
-4002
-4117
-4256
-4283
-4211
-4049
-3865
-3667
-3304
-2849
-2493
-2181
-1766
-1315
-856
-396
27
472
928
1341
1649
1807
1905
1925
1790
1565
1318
1116
940
683
508
458
299
141
-18
-225
-345
-473
-652
-872
-1057
-1219
-1423
-1586
-1672
-1607
-1539
-1529
-1405
-1209
-911
-564
-154
401
913
1442
1952
2385
2903
3475
3983
4398
4878
5382
5765
6050
6243
6286
6163
5947
5633
5193
4659
4078
3483
2818
2108
1442
777
126
-381
-823
-1296
-1736
-2142
-2512
-2804
-3011
-3155
-3279
-3410
-3425
-3343
-3294
-3207
-3046
-2894
-2787
-2623
-2428
-2243
-2014
-1810
-1562
-1309
-1041
-656
-315
6
365
717
1055
1318
1627
1937
2062
2182
2264
2172
2133
2075
1900
1751
1526
1328
1173
895
693
523
268
12
-293
-626
-969
-1352
-1801
-2220
-2579
-2925
-3245
-3557
-3816
-4012
-4150
-4235
-4236
-4066
-3792
-3537
-3205
-2788
-2411
-1982
-1497
-919
-261
353
886
1294
1688
1967
2101
2129
1972
1755
1431
1017
686
489
326
188
160
185
241
292
195
-50
-251
-523
-859
-1112
-1343
-1444
-1495
-1535
-1495
-1409
-1285
-1198
-1109
-987
-804
-575
-309
23
386
795
1272
1810
2350
2947
3590
4108
4500
4904
5229
5400
5521
5543
5519
5383
5102
4745
4322
3907
3402
2921
2368
1737
1155
533
-57
-586
-988
-1418
-1791
-2055
-2301
-2409
-2557
-2697
-2776
-2703
-2488
-2278
-2067
-1910
-1774
-1708
-1672
-1667
-1669
-1645
-1618
-1564
-1491
-1336
-1114
-684
-171
241
669
1077
1420
1588
1613
1599
1521
1305
1001
736
502
296
23
-176
-216
-187
19
230
383
562
546
399
234
14
-243
-654
-1167
-1633
-2108
-2633
-3087
-3447
-3733
-3923
-4158
-4406
-4498
-4476
-4421
-4358
-4174
-3741
-3171
-2508
-1613
-551
485
1398
2122
2627
2946
3049
2815
2275
1669
1143
647
193
-90
-115
58
281
485
665
728
586
317
6
-300
-585
-828
-1001
-1113
-1130
-1053
-1012
-978
-803
-654
-695
-795
-794
-672
-473
-168
282
866
1433
1993
2571
3106
3673
4166
4524
4803
5100
5394
5484
5495
5513
5400
5107
4681
4187
3614
2963
2211
1370
574
-104
-674
-1121
-1411
-1588
-1683
-1744
-1868
-1985
-2057
-2086
-2162
-2303
-2398
-2462
-2435
-2382
-2324
-2245
-2188
-2123
-2106
-2048
-1906
-1764
-1581
-1352
-1140
-906
-584
-352
-181
5
155
378
548
754
1091
1351
1615
1798
1950
2136
2183
2201
2093
1884
1675
1412
1209
1016
887
768
498
221
-44
-279
-623
-1094
-1546
-2055
-2624
-3152
-3489
-3757
-3951
-4076
-4264
-4345
-4293
-4116
-3924
-3772
-3508
-3093
-2690
-2255
-1705
-1205
-688
-278
-17
296
647
1021
1366
1655
1864
2049
2180
2212
2213
2146
1948
1627
1281
883
489
135
-219
-407
-496
-648
-835
-999
-1109
-1218
-1369
-1552
-1683
-1783
-1892
-1952
-1983
-1880
-1594
-1301
-1051
-685
-144
362
856
1445
2045
2679
3295
3849
4431
5019
5544
5965
6240
6346
6294
6008
5577
5187
4732
4168
3550
2868
2186
1523
906
331
-235
-741
-1198
-1604
-1975
-2297
-2538
-2751
-2907
-3020
-3072
-2989
-2861
-2701
-2588
-2581
-2492
-2374
-2300
-2157
-1992
-1820
-1590
-1374
-1149
-900
-639
-294
43
302
599
937
1274
1608
1930
2209
2428
2614
2731
2750
2686
2603
2434
2183
1967
1706
1370
1035
839
627
235
-149
-442
-689
-1071
-1557
-2003
-2453
-2870
-3274
-3668
-3938
-4085
-4257
-4429
-4414
-4246
-4037
-3876
-3712
-3360
-2899
-2483
-2164
-1733
-1261
-969
-643
-282
103
432
694
873
950
1081
1161
1283
1371
1431
1521
1458
1330
1193
1104
921
653
349
60
-84
-287
-463
-610
-845
-1042
-1291
-1576
-1777
-1882
-1961
-2077
-2151
-2135
-1922
-1625
-1379
-954
-425
125
742
1382
2224
3105
3833
4504
5148
5763
6216
6496
6642
6689
6561
6165
5745
5350
4901
4390
3745
3017
2295
1592
923
316
-235
-741
-1235
-1667
-1997
-2238
-2376
-2485
-2633
-2801
-2929
-3008
-2977
-2928
-2958
-2898
-2835
-2786
-2650
-2516
-2270
-2004
-1828
-1578
-1324
-1074
-752
-446
-122
254
677
1103
1513
1946
2365
2746
2910
2894
2840
2644
2454
2253
2018
1791
1469
1136
847
610
412
187
-135
-453
-798
-1228
-1590
-2011
-2424
-2786
-3245
-3621
-3893
-4049
-4096
-4177
-4187
-4088
-3941
-3753
-3497
-3156
-2811
-2443
-2043
-1577
-1037
-575
-154
287
630
882
1123
1325
1485
1627
1717
1766
1749
1670
1628
1541
1332
1118
898
594
281
-8
-285
-479
-679
-833
-946
-1078
-1142
-1252
-1429
-1608
-1713
-1799
-1976
-2017
-1899
-1710
-1474
-1189
-737
-220
365
1035
1706
2437
3143
3813
4430
4945
5430
5797
6054
6250
6339
6268
6021
5650
5228
4721
4047
3362
2717
2022
1367
761
184
-323
-808
-1248
-1607
-1975
-2293
-2537
-2775
-2933
-3005
-3055
-3036
-2953
-2841
-2708
-2575
-2445
-2338
-2293
-2229
-2147
-2074
-1916
-1753
-1633
-1397
-1111
-829
-459
-88
260
592
809
985
1123
1146
1219
1345
1422
1520
1600
1563
1469
1353
1215
1074
884
656
436
179
-101
-350
-585
-833
-1021
-1250
-1553
-1795
-2113
-2429
-2665
-2872
-2924
-2913
-2895
-2840
-2724
-2493
-2260
-1987
-1661
-1376
-1070
-814
-525
-154
108
378
699
1023
1367
1672
1882
1921
1941
1925
1794
1596
1299
1027
767
460
193
-27
-206
-334
-403
-428
-449
-481
-512
-651
-754
-829
-988
-1114
-1271
-1364
-1417
-1512
-1517
-1466
-1349
-1135
-810
-410
39
495
951
1495
2061
2605
3113
3535
3902
4234
4532
4772
4950
5007
4900
4651
4235
3710
3151
2579
1997
1410
854
295
-110
-354
-635
-862
-1106
-1407
-1637
-1829
-1929
-2051
-2199
-2246
-2303
-2329
-2292
-2240
-2201
-2186
-2150
-2075
-1992
-1890
-1767
-1639
-1479
-1343
-1155
-898
-636
-353
-147
82
317
533
777
975
1231
1485
1679
1873
2027
2181
2234
2119
1884
1636
1454
1220
976
683
402
227
-32
-277
-482
-711
-923
-1178
-1509
-1798
-2064
-2393
-2621
-2794
-2868
-2888
-2888
-2863
-2714
-2466
-2300
-2019
-1807
-1494
-1161
-876
-532
-132
263
571
781
981
1099
1171
1122
961
725
526
363
184
96
131
158
100
50
57
55
-26
-164
-330
-527
-677
-836
-959
-1045
-1106
-1175
-1291
-1371
-1340
-1311
-1339
-1259
-1219
-992
-726
-498
-146
337
758
1250
1705
2172
2786
3347
3822
4307
4751
5140
5443
5716
5910
5882
5656
5258
4703
4141
3543
2844
2118
1420
775
210
-293
-683
-1015
-1376
-1710
-1968
-2230
-2451
-2588
-2747
-2841
-2854
-2798
-2669
-2570
-2450
-2340
-2277
-2275
-2245
-2144
-2085
-1933
-1730
-1516
-1194
-823
-398
22
374
711
973
1120
1211
1219
1239
1312
1302
1290
1307
1289
1288
1259
1141
929
620
319
57
-181
-340
-460
-582
-719
-850
-956
-1186
-1564
-1926
-2260
-2582
-2823
-2988
-3017
-2903
-2781
-2626
-2442
-2238
-2007
-1771
-1538
-1358
-1129
-857
-552
-165
212
679
1162
1547
1894
2112
2223
2130
1836
1508
1002
551
264
-50
-207
-272
-369
-318
-216
-176
-112
-145
-257
-337
-477
-627
-710
-794
-862
-885
-872
-775
-745
-821
-846
-916
-898
-696
-549
-384
-133
124
461
896
1370
1837
2277
2720
3187
3647
4062
4454
4747
4902
5002
4921
4655
4253
3721
3160
2499
1803
1197
645
142
-246
-532
-806
-1002
-1170
-1324
-1470
-1734
-1991
-2220
-2427
-2538
-2589
-2528
-2347
-2129
-1981
-1894
-1810
-1781
-1729
-1708
-1719
-1661
-1597
-1518
-1395
-1153
-861
-548
-229
24
308
583
778
947
1130
1294
1474
1635
1749
1926
2039
2031
1922
1668
1374
1034
664
342
75
-122
-282
-373
-399
-394
-390
-520
-757
-975
-1150
-1382
-1652
-1864
-2007
-2106
-2214
-2291
-2303
-2214
-2103
-2020
-1860
-1710
-1562
-1397
-1243
-976
-699
-478
-215
63
317
506
592
602
631
602
540
478
333
309
357
370
360
282
226
115
-41
-177
-354
-543
-698
-780
-798
-765
-681
-607
-622
-734
-900
-1111
-1322
-1526
-1661
-1633
-1486
-1196
-757
-220
356
959
1646
2288
2866
3397
3784
4118
4344
4546
4830
4966
5044
5094
4951
4675
4279
3761
3189
2632
2085
1562
1119
751
433
118
-153
-361
-614
-946
-1287
-1591
-1876
-2148
-2375
-2571
-2694
-2686
-2644
-2621
-2571
-2509
-2435
-2377
-2365
-2271
-2120
-1969
-1691
-1277
-830
-386
10
358
675
927
1075
1133
1185
1255
1335
1420
1440
1427
1428
1328
1124
885
604
350
153
-33
-130
-121
-121
-161
-253
-376
-576
-849
-1199
-1626
-1951
-2280
-2585
-2716
-2813
-2794
-2732
-2731
-2583
-2364
-2159
-1965
-1795
-1565
-1349
-1222
-1014
-672
-357
4
447
815
1150
1409
1509
1475
1318
1102
903
706
557
497
476
429
320
265
259
214
111
-58
-206
-373
-496
-552
-662
-664
-635
-663
-636
-664
-736
-818
-928
-1005
-1036
-966
-825
-562
-201
113
394
663
965
1367
1781
2145
2547
2961
3357
3787
4196
4511
4687
4729
4717
4628
4347
3962
3555
3049
2469
1846
1212
585
52
-406
-798
-1085
-1383
-1617
-1809
-1945
-2066
-2245
-2322
-2385
-2397
-2306
-2225
-2143
-2087
-2031
-1920
-1830
-1787
-1689
-1549
-1436
-1360
-1291
-1157
-984
-795
-554
-296
3
279
571
909
1174
1420
1615
1783
1934
2058
2173
2137
2007
1884
1667
1387
1090
793
478
149
-194
-512
-760
-1034
-1256
-1461
-1621
-1796
-1843
-2001
-2109
-2223
-2278
-2289
-2374
-2374
-2355
-2263
-2176
-2079
-1985
-1824
-1661
-1415
-1165
-837
-542
-321
-30
232
555
748
925
1033
1026
975
886
799
716
707
751
753
719
613
497
388
175
-19
-222
-443
-505
-585
-645
-709
-665
-701
-795
-879
-961
-1182
-1412
-1547
-1559
-1489
-1403
-1181
-858
-563
-194
223
652
1135
1555
1929
2371
2715
3050
3426
3793
4153
4412
4616
4676
4625
4512
4305
4021
3626
3180
2691
2226
1790
1321
904
499
43
-342
-650
-1042
-1418
-1752
-2008
-2140
-2225
-2290
-2350
-2289
-2214
-2131
-2007
-1969
-1923
-1905
-1908
-1893
-1872
-1761
-1584
-1399
-1185
-888
-551
-264
-40
221
559
875
1127
1347
1567
1757
1903
2030
2112
2146
2142
2059
1883
1616
1296
972
646
343
72
-244
-602
-959
-1308
-1590
-1863
-2176
-2391
-2472
-2573
-2691
-2662
-2607
-2588
-2520
-2422
-2338
-2284
-2201
-2147
-2028
-1827
-1655
-1351
-1048
-756
-403
-168
66
258
384
539
677
833
953
1104
1195
1202
1170
1078
1005
822
649
520
359
184
-33
-173
-318
-449
-504
-551
-610
-702
-808
-955
-1093
-1167
-1241
-1302
-1263
-1165
-1045
-835
-553
-208
168
492
803
1094
1296
1509
1816
2105
2389
2755
3092
3376
3580
3779
4048
4103
4049
4012
3812
3586
3312
2969
2638
2240
1842
1427
990
567
164
-218
-596
-903
-1167
-1406
-1669
-1899
-2079
-2208
-2208
-2222
-2195
-2120
-2030
-1968
-1977
-1891
-1812
-1770
-1628
-1422
-1283
-1155
-947
-710
-495
-320
-120
108
303
434
618
826
916
994
1042
1128
1226
1286
1392
1390
1283
1130
936
687
370
108
-101
-363
-643
-838
-988
-1185
-1416
-1600
-1781
-2003
-2128
-2147
-2134
-2133
-2119
-2034
-1916
-1804
-1655
-1532
-1408
-1188
-1056
-931
-791
-737
-578
-390
-228
-71
100
328
507
612
622
595
567
551
560
550
582
625
634
619
564
507
379
218
72
-79
-234
-389
-411
-435
-432
-345
-358
-404
-493
-617
-743
-848
-872
-839
-770
-624
-446
-324
-167
3
189
429
726
1019
1276
1544
1764
2071
2356
2628
2933
3115
3309
3414
3426
3420
3308
3182
2977
2719
2458
2170
1834
1374
951
506
144
-219
-494
-814
-1097
-1268
-1428
-1596
-1692
-1740
-1789
-1781
-1757
-1714
-1697
-1666
-1595
-1538
-1455
-1394
-1287
-1217
-1096
-983
-808
-686
-523
-349
-140
84
254
428
605
760
969
1119
1285
1446
1491
1540
1490
1360
1254
1048
867
717
531
321
96
-128
-402
-663
-834
-1013
-1316
-1535
-1705
-1952
-2066
-2126
-2222
-2232
-2170
-2056
-1956
-1842
-1714
-1601
-1434
-1356
-1220
-1081
-898
-800
-675
-580
-510
-370
-291
-142
-2
189
292
389
489
497
487
511
492
478
480
472
420
298
139
-43
-233
-361
-452
-523
-524
-482
-463
-534
-630
-711
-832
-879
-870
-829
-779
-743
-639
-499
-328
-118
136
316
557
828
1032
1242
1473
1784
2045
2372
2644
2932
3150
3358
3526
3599
3615
3631
3580
3466
3290
3100
2800
2421
2041
1674
1261
876
538
163
-222
-553
-787
-1008
-1196
-1299
-1376
-1414
-1462
-1469
-1434
-1437
-1425
-1415
-1462
-1481
-1452
-1448
-1387
-1283
-1204
-1046
-840
-647
-389
-145
61
313
527
713
949
1141
1312
1502
1629
1713
1802
1841
1782
1646
1484
1263
938
572
218
-113
-425
-716
-1006
-1319
-1616
-1886
-2131
-2385
-2625
-2846
-3046
-3133
-3204
-3212
-3054
-2964
-2897
-2763
-2540
-2289
-2187
-2027
-1847
-1724
-1574
-1427
-1224
-1043
-809
-570
-342
-105
57
251
414
560
688
737
806
867
901
941
920
818
729
627
467
298
129
-18
-178
-382
-557
-690
-820
-892
-897
-917
-889
-786
-670
-541
-418
-259
-110
19
249
464
666
880
1041
1289
1578
1906
2238
2488
2776
2985
3184
3339
3440
3654
3814
3881
3893
3952
3911
3779
3656
3375
3034
2579
2131
1761
1386
969
515
183
-165
-537
-814
-1025
-1201
-1377
-1555
-1733
-1846
-1908
-1942
-1965
-1986
-1944
-1851
-1732
-1571
-1410
-1291
-1209
-1140
-1073
-941
-748
-527
-255
-10
210
423
610
835
1029
1175
1288
1354
1412
1446
1459
1441
1382
1282
1106
884
582
274
-36
-461
-850
-1195
-1608
-2002
-2308
-2587
-2832
-2962
-3042
-3128
-3170
-3213
-3220
-3130
-3042
-2949
-2843
-2706
-2529
-2349
-2109
-1896
-1655
-1375
-1145
-868
-673
-539
-358
-150
99
326
498
630
754
854
930
972
980
965
915
856
745
622
527
402
261
181
75
-96
-217
-377
-548
-681
-775
-800
-817
-803
-722
-546
-341
-143
68
284
446
563
712
831
978
1164
1355
1565
1792
2107
2416
2724
3001
3191
3407
3581
3685
3792
3871
3874
3794
3657
3473
3214
2971
2724
2373
2018
1597
1117
711
363
-3
-381
-689
-992
-1225
-1347
-1411
-1466
-1470
-1474
-1567
-1505
-1412
-1383
-1316
-1311
-1296
-1248
-1204
-1174
-1111
-1035
-937
-830
-745
-551
-356
-195
-14
201
419
549
735
939
1059
1153
1142
1164
1171
1029
904
731
554
402
118
-219
-565
-952
-1308
-1632
-1947
-2196
-2417
-2635
-2812
-2952
-3033
-3054
-3014
-2915
-2795
-2678
-2543
-2357
-2101
-1842
-1680
-1573
-1466
-1355
-1219
-1096
-998
-858
-725
-608
-395
-127
144
385
531
637
758
873
994
1111
1187
1218
1190
1105
978
851
776
621
445
260
52
-64
-237
-447
-608
-709
-760
-774
-692
-610
-499
-367
-285
-131
54
226
412
604
771
943
1157
1339
1547
1724
1843
1983
2064
2170
2272
2372
2481
2529
2621
2687
2726
2787
2816
2798
2745
2666
2527
2327
2120
1923
1652
1365
1051
730
441
99
-186
-459
-712
-920
-1086
-1166
-1294
-1397
-1414
-1424
-1417
-1374
-1356
-1360
-1299
-1245
-1187
-1109
-1064
-1002
-926
-859
-748
-592
-428
-289
-214
-142
-88
-15
93
170
290
395
400
365
358
299
178
22
-146
-215
-332
-432
-527
-759
-949
-1194
-1458
-1604
-1693
-1711
-1743
-1839
-1887
-1901
-1922
-1870
-1781
-1694
-1566
-1410
-1253
-1126
-1001
-861
-734
-620
-524
-464
-416
-356
-290
-206
-111
-16
69
170
300
436
567
684
767
817
849
848
817
815
839
824
758
697
629
527
385
246
91
-125
-315
-479
-607
-688
-742
-729
-658
-447
-252
-130
98
248
348
506
611
721
768
795
920
1076
1215
1299
1376
1435
1449
1493
1548
1598
1655
1711
1744
1736
1718
1736
1779
1770
1712
1632
1502
1278
1042
873
701
478
236
10
-202
-403
-587
-753
-920
-1031
-1098
-1229
-1346
-1336
-1302
-1288
-1245
-1194
-1106
-976
-871
-743
-597
-538
-504
-401
-300
-210
-96
12
99
170
226
269
300
320
301
269
259
262
243
238
255
247
172
43
-52
-208
-410
-606
-799
-951
-1123
-1230
-1348
-1449
-1487
-1522
-1487
-1459
-1358
-1210
-1137
-1017
-803
-613
-420
-213
-101
18
143
274
311
340
386
327
345
294
264
295
282
314
275
258
264
270
298
349
352
261
162
84
82
13
-33
-18
-58
-102
-157
-180
-219
-268
-308
-322
-328
-340
-336
-303
-182
-112
-50
71
181
321
445
589
697
741
807
837
910
954
921
938
947
963
917
853
865
855
833
845
893
925
987
1011
1015
1035
976
884
782
694
499
288
166
-28
-205
-338
-464
-530
-530
-566
-616
-583
-538
-509
-500
-517
-540
-576
-640
-717
-762
-752
-718
-654
-509
-367
-250
-190
-187
-145
-163
-174
-127
-100
-31
-27
-46
-16
-52
-41
21
59
99
138
136
63
-13
-102
-203
-285
-336
-378
-446
-502
-566
-602
-626
-678
-700
-759
-822
-820
-780
-727
-682
-566
-448
-368
-236
-125
-15
111
183
212
242
250
265
286
239
218
187
130
116
102
102
80
57
63
37
-8
-28
-53
-110
-126
-110
-122
-152
-210
-222
-243
-267
-208
-231
-278
-265
-286
-274
-216
-116
32
162
275
435
578
652
706
724
744
757
739
797
870
907
967
958
947
932
816
757
715
0
0
0
0
0
0
0
0
0
0
0
0
0
0
0
0
0
0
0
0
0
0
0
0
0
0
0
0
0
0
0
0
0
0
0
0
0
0
0
0
0
0
0
0
0
0
0
0
0
0
0
0
0
0
0
0
0
0
0
0
0
0
0
0
0
0
0
0
0
0
0
0
0
0
0
0
0
0
0
0
0
0
0
0
0
0
0
0
0
0
0
0
0
0
0
0
0
0
0
0
0
0
0
0
0
0
0
0
0
0
0
0
0
0
0
0
0
0
0
0
0
0
0
0
0
0
0
0
0
0
0
0
0
0
0
0
0
0
0
0
0
0
0
0
0
0
0
0
0
0
0
0
0
0
0
0
0
0
0
0
0
0
0
0
0
0
0
0
0
0
0
0
0
0
0
0
0
0
0
0
0
0
0
0
0
0
0
0
0
0
0
0
0
0
0
0
0
0
0
0
0
0
0
0
0
0
0
0
0
0
0
0
0
0
0
0
0
0
0
0
0
0
0
0
0
0
0
0
0
0
0
0
0
0
0
0
0
0
0
0
0
0
0
0
0
0
0
0
0
0
0
0
0
0
0
0
0
0
0
0
0
0
0
0
0
0
0
0
0
0
0
0
0
0
0
0
0
0
0
0
0
0
0
0
0
0
0
0
0
0
0
0
0
0
0
0
0
0
0
0
0
0
0
0
0
0
0
0
0
0
0
0
0
0
0
0
0
0
0
0
0
0
0
0
0
0
0
0
0
0
0
0
0
0
0
0
0
0
0
0
0
0
0
0
0
0
0
0
0
0
0
0
0
0
0
0
0
0
0
0
0
0
0
0
0
0
0
0
0
0
0
0
0
0
0
0
0
0
0
0
0
0
0
0
0
0
0
0
0
0
0
0
0
0
0
0
0
0
0
0
