0
0
0
0
0
0
0
0
0
0
0
0
0
0
0
0
0
0
0
0
0
0
0
0
0
0
0
0
0
0
0
0
0
0
0
0
0
0
0
0
0
0
0
0
0
0
0
0
0
0
0
0
0
0
0
0
0
0
0
0
0
0
0
0
0
0
0
0
0
0
0
0
0
0
0
0
0
0
0
0
0
0
0
0
0
0
0
0
0
0
0
0
0
0
0
0
0
0
0
0
0
0
0
0
0
0
0
0
0
0
0
0
0
0
0
0
0
0
0
0
0
0
0
0
0
0
0
0
0
0
0
0
0
0
0
0
0
0
0
0
0
0
0
0
0
0
0
0
0
0
0
0
0
0
0
0
0
0
0
0
0
0
0
0
0
0
0
0
0
0
0
0
0
0
0
0
0
0
0
0
0
0
0
0
0
0
0
0
0
0
0
0
0
0
0
0
0
0
0
0
0
0
0
0
0
0
0
0
0
0
0
0
0
0
0
0
0
0
0
0
0
0
0
0
0
0
0
0
0
0
0
0
0
0
0
0
0
0
0
0
0
0
0
0
0
0
0
0
0
0
0
0
0
0
0
0
0
0
0
0
0
0
0
0
0
0
0
0
0
0
0
0
0
0
0
0
0
0
0
0
0
0
0
0
0
0
0
0
0
0
0
0
0
0
0
0
0
0
0
0
0
0
0
0
0
0
0
0
0
0
0
0
0
0
0
0
0
0
0
0
0
0
0
0
0
0
0
0
0
0
0
0
0
0
0
0
0
0
0
0
0
0
0
0
0
0
0
0
0
0
0
0
0
0
0
0
0
0
0
0
0
0
0
0
0
0
0
0
0
0
0
0
0
0
0
0
0
0
0
0
0
0
0
0
0
0
0
0
0
0
0
0
0
0
0
0
0
0
0
0
184
192
158
125
180
142
114
78
8
-53
-152
-191
-234
-279
-253
-171
-133
-70
0
-9
32
29
26
42
66
109
124
160
104
32
21
-8
-29
-56
-118
-162
-156
-203
-271
-263
-245
-231
-182
-103
-11
52
27
-34
-68
-81
-82
-55
16
93
143
168
179
164
127
88
38
-4
-14
-31
-90
-125
-165
-259
-315
-333
-364
-349
-224
-149
-95
-18
-4
64
95
95
143
195
274
338
386
357
276
202
101
14
-52
-75
-90
-159
-240
-278
-295
-313
-296
-257
-213
-164
-62
71
121
234
356
339
356
356
353
397
407
449
447
425
411
323
249
156
68
21
-54
-109
-169
-252
-334
-380
-345
-314
-279
-209
-137
-89
-10
70
34
85
225
250
217
140
93
55
23
17
-40
-62
-65
-29
-2
-79
-92
-135
-236
-234
-143
-59
-40
25
60
51
105
90
73
129
179
214
226
208
182
184
162
99
32
2
-7
-4
28
30
-32
-74
-75
-117
-125
-126
-69
-4
-103
-150
-180
-254
-293
-336
-336
-311
-288
-273
-253
-288
-310
-253
-219
-176
-91
1
45
47
-8
-7
11
14
95
110
123
91
12
-21
-128
-213
-241
-290
-361
-391
-423
-448
-426
-415
-399
-358
-246
-93
42
161
332
478
563
668
634
558
557
572
552
428
340
214
25
-68
-159
-237
-263
-298
-349
-390
-397
-417
-409
-354
-251
-151
-3
226
388
638
878
1060
1285
1463
1703
1832
1814
1738
1561
1384
1093
726
374
7
-300
-651
-1041
-1391
-1711
-1901
-1982
-1978
-1875
-1731
-1554
-1269
-920
-592
-260
5
188
374
531
658
801
916
968
962
924
896
767
600
414
145
-88
-341
-566
-763
-971
-1132
-1213
-1204
-1247
-1200
-987
-799
-554
-286
2
307
514
700
883
1041
1098
1067
1018
883
774
663
465
279
98
-79
-198
-258
-314
-286
-183
-176
-182
-171
-193
-249
-307
-296
-341
-418
-531
-659
-696
-762
-749
-599
-446
-263
-34
160
298
419
440
404
368
298
233
152
9
-166
-357
-571
-757
-904
-1007
-1083
-1140
-1161
-1173
-1187
-1175
-1154
-1125
-1066
-980
-915
-865
-707
-399
-20
432
996
1665
2366
3074
3804
4432
4899
5252
5364
5259
4994
4446
3692
2768
1647
541
-548
-1597
-2420
-3138
-3723
-4010
-4102
-3971
-3595
-3116
-2463
-1674
-960
-305
330
882
1320
1574
1631
1666
1731
1693
1542
1337
1099
884
622
270
-20
-256
-600
-1051
-1578
-2041
-2379
-2798
-3302
-3706
-3921
-3965
-3982
-3923
-3563
-2984
-2330
-1586
-724
271
1215
1898
2441
2960
3348
3469
3284
2942
2557
2022
1353
791
396
23
-361
-684
-867
-843
-703
-564
-376
-125
119
307
372
377
440
486
462
457
462
436
426
470
559
711
916
1063
1146
1217
1197
1113
1025
803
498
224
-131
-589
-1003
-1303
-1532
-1724
-1856
-1938
-1930
-1783
-1594
-1341
-935
-580
-389
-212
-10
182
344
406
406
465
524
465
417
473
500
498
546
554
507
450
305
149
53
-82
-249
-398
-584
-749
-839
-996
-1064
-1034
-982
-794
-656
-494
-232
26
303
485
586
666
670
647
654
540
367
314
195
40
-41
-94
-4
135
337
636
920
1201
1475
1805
2062
2266
2472
2524
2457
2296
2067
1799
1457
979
529
64
-495
-957
-1448
-1845
-2053
-2220
-2334
-2360
-2260
-2105
-1880
-1627
-1377
-1092
-765
-482
-343
-216
-69
-15
-4
36
68
81
77
110
228
254
170
59
-32
-170
-370
-627
-953
-1117
-1216
-1304
-1334
-1358
-1225
-964
-628
-224
229
662
1099
1470
1751
2039
2167
2220
2124
1852
1592
1209
749
333
-90
-486
-811
-1101
-1219
-1118
-1068
-980
-805
-644
-373
-162
-35
92
114
65
-22
-75
-177
-275
-332
-408
-406
-363
-248
-56
158
311
448
543
560
594
557
462
200
-69
-278
-534
-753
-1007
-1187
-1348
-1464
-1462
-1471
-1407
-1368
-1442
-1553
-1579
-1620
-1767
-1872
-1936
-1938
-1787
-1469
-982
-298
615
1589
2629
3788
4951
6132
7201
8048
8604
8856
8747
8183
7313
6093
4575
2934
1196
-637
-2361
-3874
-5155
-6075
-6765
-7021
-6728
-6191
-5422
-4483
-3467
-2354
-1251
-342
458
1171
1612
1837
1950
2031
2074
1943
1704
1551
1461
1306
1068
823
579
246
-209
-792
-1428
-2044
-2725
-3527
-4367
-5000
-5326
-5588
-5729
-5495
-4963
-4234
-3407
-2509
-1348
-71
971
1816
2547
3152
3592
3706
3525
3269
2996
2630
2188
1828
1604
1378
1131
1037
1193
1461
1617
1677
1763
1819
1714
1464
1148
762
239
-393
-1001
-1432
-1648
-1781
-1818
-1668
-1343
-859
-286
346
946
1371
1683
1955
1976
1782
1560
1111
586
21
-580
-1052
-1486
-1905
-2291
-2336
-2247
-2213
-1982
-1728
-1420
-1157
-1001
-720
-406
-240
-268
-314
-299
-281
-238
-173
-136
-23
109
155
318
494
504
471
368
173
1
-209
-536
-987
-1484
-1881
-2207
-2479
-2567
-2463
-2217
-1810
-1199
-366
563
1515
2612
3891
5140
6203
7049
7618
7883
7907
7654
6972
5942
4762
3370
1780
273
-1077
-2274
-3372
-4450
-5177
-5386
-5409
-5322
-5022
-4534
-3923
-3326
-2653
-1759
-869
-268
64
371
853
1330
1523
1489
1552
1790
1892
1764
1724
1896
1934
1493
861
533
302
-257
-1193
-2243
-2995
-3547
-4266
-4900
-5142
-5130
-5067
-4978
-4530
-3521
-2429
-1692
-1103
-285
750
1656
2223
2579
2905
3196
3288
3212
3222
3310
3149
2698
2333
2275
2235
1936
1504
1134
775
314
-168
-494
-717
-1071
-1566
-1869
-1789
-1557
-1408
-1262
-970
-567
-113
390
868
1217
1463
1655
1747
1684
1505
1232
834
345
-97
-389
-555
-734
-987
-1180
-1213
-1150
-1088
-1012
-915
-923
-1089
-1278
-1410
-1542
-1825
-2215
-2415
-2453
-2516
-2451
-2226
-1958
-1711
-1537
-1243
-779
-474
-346
-207
-119
-77
27
244
578
984
1463
2091
2919
3934
5073
6225
7265
8052
8564
8856
8791
8273
7363
6051
4457
2729
835
-1067
-2842
-4500
-5870
-6888
-7501
-7521
-7166
-6694
-5953
-4846
-3553
-2300
-1205
-216
635
1243
1564
1731
1933
2117
2059
1811
1668
1741
1829
1772
1690
1693
1648
1344
768
137
-450
-1199
-2259
-3405
-4335
-5034
-5669
-6253
-6583
-6476
-6047
-5512
-4772
-3605
-2173
-882
162
1172
2243
3168
3705
3919
4070
4134
3914
3491
3142
2931
2732
2479
2207
2020
1969
1890
1663
1447
1267
921
355
-282
-846
-1379
-1970
-2475
-2792
-2932
-2885
-2744
-2432
-1817
-1083
-247
657
1331
1866
2433
2802
2854
2743
2567
2247
1690
1007
372
-165
-691
-1270
-1715
-1907
-1998
-2105
-2117
-1880
-1614
-1634
-1749
-1719
-1611
-1554
-1701
-1865
-1791
-1746
-1838
-1761
-1453
-1105
-891
-752
-464
-95
139
250
323
344
295
269
410
704
1052
1448
1958
2652
3527
4549
5621
6563
7246
7693
7945
7920
7494
6657
5475
3995
2278
467
-1280
-2871
-4284
-5505
-6456
-6926
-6853
-6485
-5993
-5233
-4201
-3215
-2391
-1501
-491
337
699
692
746
1061
1300
1183
1007
1117
1375
1512
1591
1829
2217
2421
2162
1725
1524
1352
687
-499
-1736
-2736
-3700
-4711
-5574
-6128
-6280
-6201
-5995
-5377
-4254
-2941
-1797
-888
164
1436
2405
2917
3303
3753
4082
3990
3639
3433
3327
3054
2624
2280
2135
2033
1773
1361
939
535
-17
-629
-1079
-1490
-2045
-2637
-3075
-3216
-3105
-2946
-2707
-2231
-1584
-837
-17
792
1583
2204
2542
2794
2976
2940
2733
2367
1850
1284
802
497
229
-118
-408
-567
-663
-783
-871
-866
-1009
-1391
-1718
-1851
-1926
-2173
-2594
-2832
-2855
-2935
-2973
-2794
-2511
-2236
-1997
-1676
-1145
-651
-393
-164
171
529
868
1233
1759
2386
2936
3517
4237
5071
6008
6836
7372
7699
7875
7845
7488
6682
5435
3907
2236
448
-1398
-3093
-4538
-5849
-7048
-7901
-8136
-7813
-7250
-6593
-5693
-4469
-3187
-2123
-1128
1
1019
1512
1595
1839
2373
2681
2477
2095
2063
2382
2567
2577
2716
2870
2804
2412
1864
1554
1243
359
-966
-2220
-3118
-3814
-4664
-5578
-6136
-6253
-6180
-5978
-5338
-4137
-2831
-1841
-968
166
1484
2552
3133
3459
3806
4082
4043
3764
3561
3421
3036
2488
2116
2007
1950
1557
885
436
150
-300
-818
-1311
-1809
-2355
-2935
-3287
-3303
-3174
-2954
-2608
-2128
-1495
-725
132
921
1493
1921
2372
2821
3058
2975
2735
2476
2132
1647
1154
749
324
-187
-602
-784
-897
-1109
-1321
-1413
-1500
-1725
-1998
-2155
-2250
-2449
-2687
-2761
-2692
-2679
-2727
-2657
-2407
-2112
-1856
-1540
-1086
-623
-296
1
483
1098
1611
2040
2570
3210
3820
4394
5095
5944
6717
7238
7517
7661
7628
7230
6484
5472
4142
2565
835
-938
-2639
-4312
-5815
-6970
-7952
-8612
-8588
-8082
-7446
-6712
-5739
-4437
-3079
-1897
-720
522
1488
1921
2162
2677
3288
3442
3126
2936
3199
3471
3293
2968
2959
3021
2632
1922
1462
1282
768
-398
-1724
-2637
-3276
-4097
-5052
-5690
-5861
-5801
-5714
-5424
-4611
-3412
-2380
-1632
-704
619
1912
2723
3151
3561
4036
4305
4186
4026
4103
3977
3436
2881
2544
2346
1975
1280
624
160
-359
-977
-1590
-2082
-2494
-3081
-3700
-3947
-3851
-3728
-3627
-3290
-2689
-1963
-1129
-154
744
1443
2033
2600
3111
3290
3289
3244
3075
2660
2095
1719
1295
849
313
-200
-380
-628
-940
-1082
-1160
-1402
-1719
-2010
-2096
-2160
-2587
-2849
-2923
-3038
-3152
-3136
-2857
-2651
-2556
-2357
-1841
-1218
-814
-419
120
703
1177
1666
2312
3024
3636
4181
4828
5583
6314
6909
7329
7505
7431
7197
6833
6186
5093
3707
2269
807
-872
-2700
-4297
-5511
-6673
-7817
-8423
-8368
-7986
-7733
-7303
-6238
-4860
-3572
-2606
-1422
-12
920
1412
1944
2806
3462
3493
3286
3353
3749
3942
3668
3377
3488
3529
3013
2305
1851
1560
831
-569
-1877
-2586
-3210
-4183
-5269
-5961
-6094
-6142
-6276
-5976
-5020
-3900
-3102
-2387
-1203
332
1594
2374
3026
3813
4473
4661
4581
4653
4741
4390
3676
3148
2941
2637
2007
1312
818
412
-176
-881
-1384
-1732
-2242
-2858
-3221
-3247
-3271
-3406
-3246
-2759
-2281
-1780
-1131
-381
299
767
1307
1990
2408
2574
2741
2827
2704
2398
2046
1729
1346
830
361
162
-15
-490
-917
-1049
-1212
-1575
-1982
-2156
-2140
-2390
-2842
-3001
-2944
-3028
-3235
-3226
-2855
-2466
-2256
-1897
-1246
-636
-309
-19
623
1381
1791
2109
2764
3446
3862
4270
4825
5454
5973
6181
6299
6504
6470
6182
5812
5132
4073
2770
1402
121
-1346
-2995
-4329
-5418
-6556
-7524
-7982
-7850
-7488
-7190
-6637
-5599
-4374
-3252
-2144
-844
471
1338
1751
2196
2933
3566
3619
3364
3409
3696
3701
3355
3035
3071
3090
2574
1869
1500
1297
709
-328
-1449
-2254
-2857
-3807
-4809
-5385
-5522
-5467
-5558
-5324
-4574
-3649
-2759
-2099
-1034
536
1726
2394
2851
3547
4352
4597
4406
4331
4358
4029
3324
2788
2610
2299
1636
991
598
259
-239
-777
-1258
-1809
-2428
-2903
-3185
-3412
-3577
-3533
-3308
-3090
-2830
-2235
-1341
-469
234
852
1583
2375
2891
3109
3258
3429
3427
3030
2624
2501
2185
1536
919
452
77
-371
-904
-1305
-1632
-2081
-2586
-2895
-3043
-3462
-4041
-4198
-4018
-3863
-3805
-3747
-3386
-2812
-2380
-1856
-963
-155
355
873
1544
2209
2705
3234
3828
4307
4410
4546
5126
5554
5804
5929
6039
6181
5943
5567
5284
4697
3532
2171
839
-353
-1759
-3466
-4694
-5674
-6694
-7608
-8024
-7721
-7318
-7065
-6533
-5387
-4012
-2871
-1942
-788
637
1536
1861
2368
3238
3844
3706
3301
3324
3648
3653
3242
2942
3008
3004
2591
2054
1772
1559
826
-360
-1363
-1939
-2453
-3431
-4622
-5239
-5350
-5455
-5593
-5473
-4735
-3778
-3220
-2594
-1378
97
1277
1898
2436
3287
3987
4181
4146
4225
4289
3983
3468
3107
2884
2595
1987
1198
756
498
-78
-682
-1035
-1440
-1968
-2444
-2706
-2769
-2948
-3123
-2952
-2674
-2421
-2059
-1515
-734
-41
384
953
1690
2227
2476
2684
2959
2953
2654
2439
2273
2048
1652
1058
680
542
208
-401
-1048
-1489
-1856
-2328
-2705
-3014
-3364
-3684
-3924
-3912
-3787
-3716
-3412
-2997
-2706
-2294
-1646
-799
-61
271
657
1361
1988
2440
2925
3554
4096
4244
4340
4823
5384
5598
5603
5688
5713
5421
4925
4354
3580
2482
1169
-103
-1310
-2656
-4033
-5100
-5877
-6637
-7217
-7204
-6724
-6206
-5667
-4792
-3527
-2262
-1264
-247
951
1922
2300
2421
2965
3653
3588
3025
2874
3134
3222
2850
2386
2359
2508
2232
1618
1205
1134
840
-162
-1373
-2087
-2505
-3216
-4287
-5139
-5317
-5289
-5517
-5563
-5029
-4063
-3157
-2571
-1676
-187
1187
2015
2478
3075
3995
4607
4618
4545
4620
4552
4044
3337
2976
2813
2270
1413
771
440
-7
-691
-1230
-1557
-2029
-2624
-2969
-2987
-2974
-3083
-3072
-2802
-2484
-2131
-1512
-704
-8
460
893
1579
2262
2416
2419
2787
3052
2857
2463
2149
2049
1786
1146
677
483
188
-302
-916
-1378
-1716
-2182
-2526
-2713
-3031
-3388
-3589
-3526
-3386
-3464
-3404
-2937
-2464
-2125
-1655
-979
-361
-49
153
618
1276
1720
1933
2383
3123
3623
3808
4187
4906
5618
5982
5963
5943
6047
5808
5143
4372
3394
2094
690
-674
-1936
-3145
-4444
-5683
-6637
-7246
-7362
-7070
-6787
-6476
-5715
-4467
-3164
-2144
-1164
135
1381
1934
2057
2551
3391
3747
3401
3091
3305
3595
3377
2873
2783
3087
2971
2212
1586
1550
1467
568
-776
-1642
-2063
-2689
-3746
-4775
-5152
-5110
-5304
-5506
-5151
-4288
-3380
-2771
-2117
-916
513
1491
2002
2558
3356
3934
3930
3766
3871
4009
3663
3003
2628
2584
2273
1471
767
361
86
-321
-781
-1111
-1618
-2076
-2397
-2572
-2615
-2713
-2636
-2363
-2075
-1879
-1454
-676
57
421
706
1393
2037
2342
2404
2503
2808
2721
2302
2026
1900
1654
1100
712
452
79
-269
-836
-1284
-1501
-2058
-2651
-2913
-3166
-3515
-3751
-3734
-3505
-3446
-3406
-2914
-2365
-2105
-1729
-1078
-338
266
528
919
1634
2050
2186
2623
3312
3778
3992
4211
4846
5619
5814
5663
5639
5878
5773
4991
4089
3126
2041
687
-867
-2240
-3528
-4703
-5823
-6784
-7261
-7328
-7033
-6709
-6353
-5556
-4387
-3076
-1983
-902
412
1437
1920
2108
2738
3657
3833
3328
2953
3282
3613
3252
2708
2640
3008
2925
2282
1769
1776
1748
863
-562
-1502
-1893
-2670
-3763
-4807
-5377
-5350
-5602
-5910
-5617
-4769
-3773
-3093
-2470
-1349
172
1375
1965
2469
3285
3968
4128
4022
4058
4249
4035
3370
2970
2851
2392
1647
1055
684
348
-143
-717
-1124
-1500
-2005
-2385
-2525
-2651
-2832
-2832
-2571
-2298
-2143
-1749
-965
-292
19
357
1036
1739
2052
2152
2437
2690
2550
2294
2233
2461
2292
1532
1025
801
590
17
-753
-1099
-1370
-1992
-2674
-3015
-3225
-3519
-3801
-3887
-3677
-3515
-3410
-3077
-2605
-2184
-1769
-1224
-590
-129
121
610
1392
1978
2327
2793
3427
4034
4436
4739
5366
6115
6268
6000
6043
6247
5939
4982
3784
2742
1641
30
-1707
-2977
-3999
-5169
-6463
-7469
-7735
-7485
-7203
-6859
-6197
-5096
-3775
-2689
-1775
-523
877
1707
1931
2239
2997
3631
3527
2997
2870
3306
3569
3134
2692
2959
3260
2940
2179
1774
2035
1738
559
-565
-1193
-1594
-2539
-3792
-4571
-4859
-5008
-5376
-5507
-5047
-4351
-3722
-3161
-2242
-981
281
1140
1654
2336
3255
3825
3778
3810
3993
4094
3862
3252
2886
2598
2208
1723
1006
431
102
-309
-824
-1320
-1871
-2258
-2353
-2481
-2719
-2759
-2524
-2263
-2093
-1847
-1235
-435
1
144
529
1188
1703
1818
1785
2065
2407
2206
1809
1851
1996
1719
1139
690
560
345
-310
-965
-1299
-1643
-2171
-2664
-2963
-3158
-3385
-3612
-3699
-3490
-3166
-2958
-2636
-2130
-1635
-1070
-434
132
607
1005
1543
2156
2526
2849
3385
3970
4354
4571
4989
5653
6098
6083
5887
5935
6008
5393
4247
3213
2111
654
-976
-2581
-3922
-5022
-6231
-7466
-8218
-8284
-7944
-7593
-7192
-6226
-4774
-3462
-2401
-1225
191
1472
2088
2109
2683
3754
4177
3774
3179
3444
4027
3810
3232
3157
3548
3487
2710
2055
2232
2278
1343
-30
-980
-1317
-2006
-3235
-4367
-4901
-5084
-5500
-5845
-5728
-4982
-4040
-3450
-2986
-2072
-700
429
1034
1562
2368
3174
3545
3526
3519
3745
3888
3608
3107
2809
2687
2348
1654
934
465
69
-475
-1148
-1736
-2012
-2148
-2404
-2648
-2726
-2529
-2047
-1687
-1547
-1093
-231
444
618
706
1176
1797
1931
1575
1544
2001
2071
1546
1066
999
1208
1071
379
-41
17
-209
-815
-1303
-1509
-1609
-2006
-2715
-3167
-3200
-3207
-3298
-3334
-3227
-2911
-2446
-2025
-1667
-1119
-290
394
663
972
1666
2353
2593
2614
2966
3606
3931
3876
4146
4997
5710
5728
5496
5610
5835
5500
4502
3431
2615
1609
1
-1782
-3109
-4154
-5460
-6899
-7832
-8041
-7855
-7620
-7359
-6736
-5486
-3960
-2786
-1834
-539
901
1713
1956
2398
3307
4005
3747
3121
3103
3638
3764
3156
2844
3151
3458
3039
2163
2128
2532
2070
921
-115
-673
-1173
-2267
-3483
-4169
-4385
-4592
-5165
-5460
-5098
-4436
-3885
-3486
-2731
-1640
-605
102
681
1471
2336
2940
3145
3209
3295
3564
3706
3413
3149
2880
2514
1958
1139
667
356
-135
-661
-1320
-1762
-1861
-2003
-2310
-2585
-2448
-1936
-1565
-1499
-1208
-411
397
622
601
1068
1839
2051
1624
1423
1794
2093
1587
860
788
953
772
162
-231
-105
-145
-575
-1211
-1575
-1552
-1819
-2360
-2814
-3005
-2987
-3136
-3374
-3467
-3204
-2646
-2280
-2147
-1738
-865
-73
216
418
1078
1966
2525
2785
3250
4069
4694
4842
5113
5886
6518
6358
5888
5894
6113
5751
4697
3522
2499
1225
-483
-2062
-3246
-4376
-5628
-6916
-7766
-8044
-7987
-7793
-7650
-6897
-5543
-4418
-3388
-2326
-1028
359
1061
1463
2255
3187
3585
3331
3066
3266
3698
3640
3196
3124
3442
3508
3044
2592
2623
2691
2057
955
60
-322
-720
-1838
-3091
-3816
-4090
-4495
-5189
-5308
-4811
-4291
-3909
-3488
-2581
-1490
-621
106
766
1545
2266
2834
3192
3185
3181
3301
3378
3373
2995
2464
2303
2075
1477
934
565
237
-344
-1249
-1881
-1932
-1856
-2146
-2710
-2939
-2577
-2104
-1865
-1577
-885
-109
211
268
644
1320
1730
1579
1282
1342
1585
1478
1024
750
788
763
522
217
-18
-127
-211
-433
-796
-1092
-1189
-1353
-1842
-2419
-2621
-2362
-2348
-2911
-3149
-2717
-2331
-2244
-2152
-1601
-701
-273
-123
571
1591
2342
2684
2999
3747
4537
4818
4954
5486
6113
6134
5685
5472
5510
5229
4347
3212
2215
1165
-111
-1515
-2871
-3998
-5150
-6371
-7105
-7359
-7353
-7103
-6899
-6518
-5564
-4418
-3329
-2140
-837
399
1185
1573
2166
3049
3618
3530
3246
3336
3627
3603
3260
3079
3242
3215
2625
2029
2038
2193
1662
596
-165
-480
-1023
-2097
-3139
-3633
-3902
-4451
-5051
-5183
-4859
-4467
-4141
-3623
-2761
-1741
-852
-156
543
1298
2044
2771
3197
3235
3308
3460
3477
3468
3404
3090
2574
2135
1948
1683
1082
450
-113
-862
-1613
-1936
-1940
-2151
-2690
-3087
-2959
-2430
-1874
-1427
-873
-142
452
809
1231
1778
2132
2056
1666
1289
1093
1066
927
306
-407
-606
-480
-486
-816
-1142
-976
-731
-954
-1342
-1455
-1213
-1184
-1936
-2639
-2374
-1851
-2051
-2639
-2678
-2024
-1397
-1225
-1001
-182
708
993
1179
1898
2773
3298
3530
3744
4073
4411
4739
5114
5292
5138
4965
4888
4763
4435
3706
2720
1741
625
-628
-1781
-2812
-3834
-4997
-6138
-6706
-6703
-6731
-6893
-6687
-5938
-5020
-4175
-3335
-2314
-1018
65
529
963
1890
2853
3216
2965
2812
3331
3918
3735
3140
3007
3372
3498
2926
2333
2515
2790
2031
643
-163
-193
-428
-1585
-3010
-3677
-3800
-4210
-4800
-4988
-4714
-4333
-4194
-4022
-3149
-1856
-897
-336
103
814
1826
2521
2818
3089
3315
3466
3454
3259
3111
2961
2574
1928
1269
881
574
131
-419
-1100
-1604
-1688
-1681
-1848
-2106
-2098
-1642
-1238
-1110
-765
-152
265
381
489
853
1320
1382
994
789
915
858
558
291
120
16
-176
-382
-424
-639
-928
-921
-994
-1293
-1521
-1576
-1469
-1617
-2138
-2447
-2330
-2122
-2248
-2512
-2150
-1480
-1274
-1196
-749
-76
374
546
975
1796
2601
3096
3417
3957
4515
4844
5363
5972
6211
6093
5772
5615
5556
4921
3778
2661
1595
350
-1061
-2228
-3118
-4345
-5914
-7053
-7310
-7149
-7177
-7168
-6644
-5652
-4621
-3799
-2830
-1406
-103
563
823
1222
2195
3041
2989
2546
2467
2907
3144
2861
2528
2661
3279
3260
2508
2303
2700
2761
1781
435
-42
-75
-766
-2146
-3249
-3518
-3560
-4177
-5015
-5001
-4339
-4016
-3966
-3414
-2331
-1392
-893
-482
198
1093
1965
2558
2783
2817
2894
3111
3315
3263
2983
2634
2239
1767
1192
672
312
-296
-1301
-2141
-2436
-2311
-2243
-2574
-2805
-2374
-1671
-1186
-794
-193
604
1179
1315
1513
2030
2345
2074
1419
839
666
677
414
-124
-616
-896
-938
-798
-845
-1126
-1137
-933
-946
-1132
-1331
-1257
-1090
-1643
-2535
-2581
-2011
-1926
-2531
-2853
-2188
-1334
-1179
-1218
-554
568
1173
1318
1982
3181
4032
4257
4394
4886
5582
6099
6312
6351
6305
6066
5765
5562
5029
3982
2845
1782
625
-802
-2191
-3033
-3825
-5220
-6546
-6882
-6541
-6609
-7118
-6953
-5896
-4837
-4282
-3700
-2315
-710
-26
130
790
1998
2869
2727
2324
2648
3279
3429
3035
2627
2764
3084
2798
2177
1992
2201
2120
1284
88
-504
-447
-803
-1980
-3116
-3443
-3314
-3580
-4282
-4605
-4205
-3767
-3816
-3708
-2714
-1391
-751
-679
-249
772
1741
2189
2317
2495
2786
2951
2860
2701
2639
2493
2023
1328
678
216
-109
-545
-1293
-2138
-2573
-2449
-2199
-2224
-2299
-1941
-1272
-818
-562
6
839
1286
1180
1209
1771
2272
2060
1481
1266
1309
1005
451
183
145
-127
-605
-825
-675
-609
-938
-1307
-1287
-1130
-1259
-1475
-1490
-1549
-1848
-2061
-1943
-1750
-1760
-1815
-1616
-1239
-981
-744
-196
462
756
873
1398
2279
2959
3293
3630
4156
4696
5156
5654
6146
6338
6124
5789
5533
5148
4376
3289
2114
889
-469
-1808
-2894
-3892
-5164
-6491
-7204
-7194
-7041
-7037
-6786
-6017
-5047
-4240
-3422
-2230
-860
16
192
374
1239
2372
2771
2323
2003
2427
2987
2949
2625
2736
3140
3070
2462
2138
2491
2732
2002
718
17
55
-165
-1177
-2267
-2715
-2891
-3455
-4170
-4296
-3847
-3537
-3623
-3566
-2907
-1909
-1124
-697
-325
307
1184
1979
2419
2628
2913
3263
3395
3236
2989
2795
2534
2008
1238
494
-27
-486
-1181
-2023
-2526
-2487
-2347
-2560
-2805
-2435
-1579
-1014
-870
-397
643
1445
1470
1385
1909
2586
2501
1715
1133
1153
1159
560
-267
-576
-419
-511
-1016
-1297
-995
-638
-787
-1257
-1500
-1391
-1296
-1570
-2096
-2428
-2372
-2243
-2402
-2670
-2516
-1873
-1372
-1387
-1328
-585
361
761
935
1691
2866
3629
3868
4214
4915
5592
5974
6185
6350
6404
6281
6004
5569
4901
3980
2887
1689
343
-1057
-2255
-3258
-4438
-5876
-6964
-7253
-7162
-7256
-7326
-6860
-5863
-4872
-4180
-3206
-1694
-282
348
459
1164
2361
3039
2876
2442
2566
2984
3131
2842
2391
2582
2905
2525
1909
1759
2121
2131
1269
211
-98
93
-238
-1408
-2534
-2674
-2699
-3286
-3821
-3948
-3581
-3348
-3494
-3212
-2337
-1391
-925
-745
-198
714
1602
2149
2484
2800
3066
3280
3360
3297
3131
2839
2345
1651
893
222
-272
-773
-1541
-2401
-2885
-2899
-2778
-2785
-2776
-2481
-1915
-1372
-994
-359
642
1234
1245
1361
1745
2039
1930
1580
1389
1164
790
512
193
-160
-435
-751
-925
-950
-1068
-1212
-1270
-1305
-1497
-1791
-1754
-1546
-1632
-1963
-2195
-2062
-1846
-1848
-1725
-1349
-1027
-742
-410
75
754
1245
1582
2029
2796
3602
3978
4292
4729
5285
5798
6146
6374
6332
6295
6213
5737
4936
4044
3049
1722
208
-1192
-2383
-3536
-4865
-6258
-7239
-7543
-7504
-7479
-7383
-6882
-5927
-4930
-4106
-3038
-1485
-125
415
661
1437
2532
3109
2985
2743
2840
3113
3134
2843
2684
2891
2973
2502
1982
2091
2473
2204
1207
330
50
-143
-876
-1967
-2716
-2971
-3258
-3821
-4271
-4219
-3878
-3763
-3794
-3439
-2563
-1567
-949
-620
-16
921
1816
2378
2586
2809
3085
3034
2809
2662
2398
1932
1324
575
-151
-610
-951
-1549
-2296
-2809
-2923
-2699
-2552
-2651
-2486
-1935
-1420
-1024
-545
217
1096
1471
1327
1408
1932
2273
1983
1483
1375
1372
970
430
100
-81
-245
-616
-1065
-1157
-1037
-1059
-1165
-1352
-1590
-1614
-1546
-1693
-1927
-1990
-1876
-1803
-1809
-1682
-1278
-779
-496
-472
-192
659
1350
1784
2376
3112
3882
4358
4670
5140
5946
6566
6614
6599
6605
6585
6211
5334
4453
3597
2560
1340
-120
-1529
-2588
-3698
-4924
-6177
-7072
-7263
-7324
-7425
-7228
-6417
-5393
-4601
-3836
-2749
-1132
161
591
960
1907
2997
3291
2801
2574
2998
3222
2844
2413
2348
2631
2743
2253
1703
1756
2033
1731
747
-113
-254
-347
-1229
-2457
-3129
-3218
-3518
-4297
-4836
-4594
-4091
-4040
-4071
-3512
-2271
-1216
-827
-426
454
1683
2385
2461
2627
3018
3346
3174
2831
2661
2471
2052
1265
448
-115
-543
-942
-1488
-2274
-2825
-2850
-2739
-2775
-2869
-2720
-2225
-1764
-1427
-876
-29
668
895
875
1055
1544
1812
1721
1425
1223
1230
934
542
278
70
-212
-716
-1003
-1022
-1074
-1172
-1245
-1397
-1572
-1545
-1506
-1557
-1633
-1666
-1597
-1449
-1221
-953
-653
-317
-110
65
631
1413
1971
2468
3127
3871
4567
5021
5316
5890
6645
6984
6821
6618
6640
6570
6006
5098
4150
3086
1759
265
-1160
-2419
-3660
-4988
-6265
-7214
-7647
-7692
-7695
-7652
-7105
-5998
-4891
-3979
-2839
-1398
-175
527
1048
1958
3151
3715
3294
2857
3177
3607
3340
2720
2525
2742
2719
2183
1646
1657
1797
1330
405
-202
-331
-515
-1207
-2259
-3048
-3494
-3821
-4327
-4856
-4929
-4749
-4497
-4359
-4014
-3099
-2072
-1284
-824
-223
781
1815
2524
2829
2995
3149
3185
3029
2754
2399
1963
1405
639
-125
-543
-714
-1174
-2025
-2705
-2844
-2687
-2646
-2765
-2725
-2351
-1909
-1634
-1255
-466
376
713
714
995
1669
2129
1965
1621
1587
1626
1420
1040
660
353
-4
-446
-799
-1019
-1203
-1393
-1608
-1782
-1811
-1710
-1627
-1720
-1928
-1981
-1789
-1547
-1422
-1303
-970
-519
-239
-27
502
1290
1924
2374
3106
4220
5138
5586
6028
6767
7499
7874
7874
7776
7743
7488
6723
5658
4545
3297
1827
244
-1333
-2795
-4086
-5344
-6640
-7659
-8137
-8238
-8249
-8162
-7634
-6544
-5396
-4502
-3408
-1840
-387
369
798
1714
3003
3664
3431
3189
3559
4039
3900
3346
3161
3380
3258
2542
1895
1913
2102
1575
503
-278
-626
-984
-1638
-2516
-3319
-3893
-4332
-4725
-4969
-4952
-4815
-4780
-4701
-4231
-3305
-2281
-1562
-1081
-396
658
1681
2321
2732
3152
3471
3524
3374
3130
2789
2318
1661
805
-42
-591
-903
-1409
-2274
-2989
-3058
-2734
-2665
-2893
-2850
-2346
-1823
-1541
-1194
-483
284
645
698
865
1371
1899
1943
1681
1604
1655
1651
1529
1271
941
466
-59
-340
-538
-900
-1241
-1519
-1839
-2122
-2230
-2180
-2180
-2340
-2421
-2229
-1878
-1549
-1336
-1068
-597
-176
193
856
1699
2386
2926
3538
4431
5385
5983
6528
7376
8070
8262
8226
8233
8208
7739
6702
5618
4610
3271
1559
-223
-1802
-3172
-4551
-6016
-7315
-8160
-8442
-8502
-8623
-8416
-7628
-6489
-5529
-4643
-3315
-1692
-396
192
880
2008
3023
3534
3440
3535
4061
4268
3895
3491
3519
3687
3361
2507
2008
2121
1988
1139
42
-614
-816
-1266
-2273
-3253
-3732
-3966
-4368
-4875
-5020
-4711
-4388
-4238
-3973
-3322
-2364
-1575
-1093
-491
375
1330
2188
2705
2991
3316
3567
3586
3380
3009
2594
2088
1343
490
-206
-670
-1141
-1956
-2910
-3438
-3472
-3344
-3400
-3617
-3476
-2914
-2407
-1973
-1398
-703
-80
218
420
960
1729
2208
2157
1901
1905
2039
1988
1712
1325
1052
677
197
-123
-372
-586
-1047
-1520
-1645
-1884
-2011
-1983
-2186
-2368
-2386
-2116
-1753
-1581
-1355
-937
-517
-123
439
1094
1858
2454
2895
3673
4605
5395
5879
6433
7155
7651
7871
7906
8017
7956
7330
6245
5120
4131
2862
1102
-710
-2084
-3386
-5025
-6622
-7651
-8012
-8198
-8544
-8531
-7820
-6812
-5845
-4965
-3865
-2315
-941
-175
429
1321
2427
3139
3096
3056
3597
4121
4129
3787
3535
3676
3670
3026
2456
2439
2423
1827
707
-271
-686
-1045
-1851
-2872
-3565
-3805
-4093
-4663
-5041
-4903
-4549
-4392
-4347
-3924
-3062
-2243
-1707
-1202
-443
497
1269
1785
2308
2849
3256
3439
3413
3365
3174
2608
1916
1213
445
-256
-987
-1848
-2649
-3260
-3618
-3734
-3721
-3649
-3410
-2852
-2150
-1485
-757
-4
669
1157
1416
1738
2108
2143
1952
1776
1547
1236
880
599
417
115
-318
-636
-768
-901
-1199
-1487
-1507
-1448
-1614
-1913
-2018
-1946
-2032
-2335
-2464
-2187
-1760
-1517
-1387
-1031
-374
315
930
1615
2408
3216
3990
4767
5511
6183
6996
7863
8322
8377
8387
8502
8456
7778
6681
5622
4455
3097
1560
-114
-1567
-2947
-4630
-6253
-7313
-7729
-7915
-8347
-8680
-8332
-7413
-6415
-5569
-4561
-3127
-1726
-873
-266
794
2246
3167
3150
2980
3476
4313
4535
4034
3694
3978
4166
3580
2782
2681
2977
2545
1243
140
-216
-506
-1472
-2812
-3714
-4104
-4471
-5019
-5463
-5374
-4942
-4817
-4837
-4390
-3443
-2391
-1682
-1231
-497
511
1380
1974
2424
2904
3312
3491
3447
3232
2972
2634
2075
1364
591
-41
-545
-1235
-2055
-2811
-3224
-3157
-3240
-3622
-3575
-2998
-2313
-1854
-1569
-923
-59
441
654
1015
1659
2060
1878
1601
1682
1752
1544
1140
590
298
31
-487
-808
-1018
-1263
-1618
-2025
-2149
-2144
-2035
-2003
-2076
-1931
-1851
-1712
-1314
-1035
-864
-606
-310
-59
243
828
1597
2154
2582
3246
4091
4869
5520
6281
7225
7965
8260
8357
8529
8617
8242
7297
6097
4950
3715
2074
189
-1516
-3067
-4737
-6399
-7669
-8390
-8711
-8908
-9046
-8797
-7920
-6709
-5613
-4617
-3323
-1759
-494
239
1004
2260
3348
3546
3453
3853
4491
4683
4215
3768
3964
4235
3845
3106
2733
2744
2367
1245
139
-320
-615
-1443
-2710
-3685
-4062
-4381
-4974
-5484
-5567
-5252
-4949
-4902
-4600
-3691
-2600
-1751
-1189
-539
557
1696
2373
2724
3077
3503
3737
3583
3222
2893
2543
1912
1065
329
-301
-883
-1483
-2282
-2962
-3173
-3179
-3258
-3393
-3304
-2760
-2118
-1734
-1393
-798
-76
367
499
760
1269
1620
1514
1195
1118
1251
1178
740
299
214
198
-134
-603
-939
-1095
-1264
-1618
-1951
-2131
-2251
-2255
-2273
-2365
-2209
-1833
-1545
-1344
-1109
-751
-230
289
752
1341
2103
2891
3536
4168
5059
5944
6547
7128
7796
8349
8524
8340
8329
8321
7575
6318
5138
4025
2709
1004
-748
-2155
-3561
-5217
-6707
-7613
-7944
-8195
-8612
-8596
-7796
-6798
-6036
-5302
-4171
-2610
-1313
-652
66
1319
2570
3089
2957
3041
3720
4277
4089
3578
3518
3824
3705
3009
2471
2522
2589
1934
811
86
-85
-442
-1451
-2601
-3210
-3445
-3944
-4740
-5184
-4999
-4690
-4671
-4630
-4098
-3172
-2372
-1898
-1416
-605
421
1283
1819
2227
2651
3052
3246
3054
2803
2732
2412
1701
921
296
-90
-543
-1314
-2070
-2482
-2612
-2772
-3083
-3208
-2947
-2524
-2207
-1924
-1327
-485
153
456
704
1263
1907
2072
1961
1901
1844
1748
1395
876
552
225
-207
-618
-1057
-1392
-1685
-2064
-2357
-2534
-2625
-2618
-2620
-2614
-2557
-2336
-1959
-1708
-1475
-1041
-551
-75
381
972
1908
2795
3336
3901
4770
5704
6366
6778
7277
7854
8061
7831
7701
7872
7674
6625
5263
4237
3332
2021
353
-1173
-2420
-3828
-5514
-6854
-7388
-7502
-7891
-8420
-8263
-7343
-6339
-5532
-4697
-3490
-2020
-953
-306
624
1950
3015
3322
3249
3564
4235
4524
4121
3605
3625
3838
3433
2569
2176
2385
2265
1266
96
-362
-376
-933
-2145
-3063
-3237
-3336
-3922
-4578
-4639
-4171
-3868
-3965
-3842
-3059
-2126
-1658
-1452
-984
-188
614
1144
1419
1716
2185
2613
2732
2557
2329
2215
2006
1389
545
4
-271
-819
-1785
-2594
-2768
-2595
-2713
-3209
-3398
-2926
-2337
-2128
-1878
-1097
-99
477
565
896
1594
2141
2136
1775
1742
1806
1638
1182
648
408
172
-238
-744
-1124
-1317
-1568
-1928
-2323
-2590
-2688
-2699
-2812
-3044
-2941
-2506
-2089
-1911
-1795
-1190
-404
97
467
1008
1987
2811
3192
3786
4744
5703
6165
6490
7270
8005
8209
8025
7982
8179
7899
6803
5516
4604
3623
2040
205
-1296
-2565
-4042
-5649
-6896
-7471
-7701
-8117
-8444
-8020
-7021
-6021
-5159
-4228
-2954
-1598
-659
66
1008
2087
2878
3029
2884
3162
3758
3930
3495
3101
3264
3473
2999
2239
2018
2219
2019
1054
85
-117
-120
-770
-1857
-2740
-3137
-3375
-3883
-4371
-4365
-4055
-3854
-3826
-3594
-2865
-1954
-1369
-1088
-666
96
861
1248
1403
1658
2022
2244
2132
1908
1867
1795
1430
830
196
-244
-595
-1149
-1769
-2302
-2568
-2530
-2587
-2795
-2744
-2286
-1917
-1701
-1325
-671
-8
341
691
1082
1609
2011
1904
1810
1810
1671
1343
1017
746
338
-238
-827
-1278
-1707
-2001
-2369
-2768
-2914
-3124
-3193
-3067
-3018
-2914
-2850
-2513
-1878
-1480
-1171
-683
-37
479
864
1553
2470
3216
3764
4375
5128
5835
6348
6888
7616
8130
8106
7907
7978
8026
7496
6445
5343
4353
3140
1497
-169
-1453
-2688
-4297
-5892
-6836
-7205
-7532
-7960
-8108
-7638
-6734
-5834
-4974
-3802
-2349
-1143
-424
243
1268
2403
3055
3071
2945
3236
3747
3759
3213
2883
3061
3095
2561
1965
1893
2057
1707
716
-145
-331
-392
-1087
-2153
-2774
-2910
-3188
-3788
-4224
-4123
-3707
-3420
-3315
-3021
-2284
-1483
-1043
-744
-221
471
1057
1402
1575
1660
1759
1839
1735
1578
1386
1004
617
125
-541
-944
-1247
-1762
-2347
-2884
-3059
-2876
-2895
-3038
-2877
-2443
-1953
-1638
-1161
-434
230
713
985
1409
2032
2425
2324
2238
2195
1966
1857
1385
969
680
63
-470
-941
-1322
-1865
-2356
-2545
-2830
-3081
-3139
-3098
-3020
-3014
-2942
-2448
-1805
-1427
-1117
-611
95
656
1048
1715
2588
3213
3660
4369
5354
6221
6808
7359
7973
8416
8472
8309
8227
7993
7113
5738
4477
3391
2033
372
-1177
-2514
-3972
-5587
-6827
-7352
-7577
-7948
-8201
-7894
-7123
-6232
-5289
-4164
-2813
-1492
-559
149
1143
2419
3341
3547
3464
3654
4095
4327
4035
3567
3408
3295
2824
2155
1732
1736
1537
545
-549
-933
-916
-1295
-2292
-3203
-3455
-3499
-3915
-4482
-4628
-4303
-4009
-3914
-3622
-2851
-1883
-1227
-857
-319
525
1391
1927
2206
2487
2661
2679
2595
2315
1986
1621
1080
494
-197
-853
-1193
-1578
-2203
-2778
-3097
-3073
-3053
-3307
-3402
-3070
-2529
-2089
-1776
-1256
-469
186
499
770
1405
2084
2236
2035
1955
2148
2235
1884
1494
1203
779
306
-236
-767
-1130
-1667
-2218
-2485
-2894
-3235
-3222
-3084
-3133
-3365
-3091
-2465
-2084
-1859
-1544
-793
13
473
1002
1828
2901
3740
4242
5003
5940
6641
7182
7797
8354
8574
8457
8281
8213
7719
6592
5391
4245
2924
1203
-570
-2028
-3417
-4827
-6262
-7216
-7494
-7785
-8181
-8207
-7512
-6423
-5609
-4881
-3676
-2080
-671
67
734
1939
3115
3760
3671
3637
4201
4533
4323
3838
3573
3613
3380
2651
2047
1790
1426
748
-291
-983
-1199
-1602
-2377
-3394
-4016
-4156
-4235
-4426
-4613
-4488
-4133
-3806
-3452
-2830
-2000
-1195
-547
23
721
1576
2360
2777
2856
2910
3091
3196
2979
2556
2171
1752
1037
100
-706
-1245
-1681
-2218
-2897
-3511
-3807
-3823
-3866
-3998
-3909
-3437
-2854
-2432
-1983
-1205
-325
230
571
1149
1919
2404
2484
2507
2624
2620
2362
2007
1697
1285
697
119
-321
-752
-1321
-1846
-2149
-2451
-2848
-3129
-3176
-3140
-3318
-3488
-3144
-2574
-2232
-2002
-1638
-937
-191
303
1028
2121
3110
3883
4598
5455
6375
7034
7597
8275
8772
8862
8712
8541
8173
7278
6056
4919
3754
2195
340
-1274
-2510
-3859
-5493
-6806
-7352
-7597
-8068
-8368
-7866
-6809
-5940
-5369
-4447
-2828
-1185
-248
369
1513
2982
3756
3671
3596
4115
4696
4556
3834
3447
3610
3484
2686
1786
1585
1630
990
-155
-1071
-1212
-1363
-2165
-3156
-3741
-3765
-3890
-4262
-4456
-4216
-3748
-3459
-3295
-2851
-1998
-1089
-424
12
657
1510
2269
2744
2874
3004
3056
2942
2606
2222
1993
1547
900
18
-866
-1391
-1852
-2464
-3152
-3745
-3996
-3952
-4005
-4133
-3997
-3462
-2859
-2429
-1882
-1026
-131
333
563
1071
1903
2521
2582
2501
2630
2957
2785
2201
1867
1495
999
322
-325
-716
-1262
-1889
-2355
-2786
-3143
-3401
-3546
-3501
-3626
-3829
-3554
-2976
-2559
-2377
-2007
-1187
-322
308
1022
2097
3352
4266
4802
5579
6636
7730
8431
8753
9129
9221
9098
8831
8220
7279
5970
4521
3070
1627
85
-1511
-3032
-4590
-6148
-7232
-7471
-7565
-8091
-8422
-7967
-6967
-6032
-5275
-4154
-2553
-1190
-439
266
1579
3138
3881
3681
3617
4307
5028
4918
4293
4083
4293
4072
3165
2320
2165
2183
1349
-110
-1050
-1222
-1383
-2264
-3563
-4244
-4246
-4411
-4921
-5209
-4872
-4271
-4023
-3946
-3314
-2095
-988
-423
-18
737
1723
2493
2911
3180
3448
3605
3514
3235
2897
2528
2008
1207
232
-598
-1151
-1640
-2377
-3334
-4079
-4314
-4221
-4213
-4393
-4326
-3791
-3189
-2729
-2186
-1276
-214
305
458
1039
1992
2714
2860
2673
2744
2953
2795
2463
2099
1685
1221
628
-62
-640
-1037
-1570
-2132
-2795
-3303
-3544
-3783
-3847
-4257
-4491
-4123
-3725
-3341
-3021
-2411
-1561
-776
-112
665
1901
3229
4286
5072
5923
7075
8157
8786
9164
9469
9662
9747
9486
8836
7885
6541
5046
3463
1695
84
-1410
-3093
-4814
-6341
-7412
-7872
-8195
-8637
-8758
-8124
-6949
-6056
-5287
-4028
-2430
-1077
-358
431
1758
3158
3831
3661
3824
4637
5278
5066
4346
4208
4427
4111
3080
2162
2138
2096
1090
-471
-1448
-1468
-1713
-2846
-4137
-4646
-4485
-4598
-5102
-5250
-4669
-4023
-3852
-3735
-2968
-1535
-561
-268
120
932
2086
2804
2990
3182
3520
3884
3992
3758
3346
3101
2770
1981
764
-404
-1125
-1703
-2526
-3806
-4725
-4796
-4797
-5159
-5521
-5063
-4065
-3505
-3329
-2845
-1573
-269
235
416
1170
2396
2785
2415
2453
3015
3396
2849
2049
1944
2120
1758
821
-21
-412
-719
-1356
-2121
-2703
-2942
-3303
-3942
-4432
-4547
-4233
-4007
-3936
-3775
-3307
-2461
-1715
-1109
-380
754
2099
3127
3976
5000
6269
7495
8290
8781
9392
9877
9924
9709
9315
8612
7542
6257
4873
3430
1755
129
-1278
-2813
-4420
-5958
-6845
-7167
-7710
-8276
-8318
-7674
-6868
-6309
-5651
-4349
-2749
-1717
-1095
-96
1523
2998
3572
3661
4214
5179
5649
5283
4844
4985
5065
4410
3245
2537
2467
1995
680
-921
-1749
-1964
-2673
-3907
-4960
-5204
-5133
-5430
-5778
-5693
-4896
-4071
-3746
-3330
-2352
-945
36
454
992
1870
2855
3361
3464
3590
3768
3833
3582
3118
2649
2301
1924
1181
160
-686
-1266
-1879
-2745
-3740
-4304
-4333
-4497
-4949
-5175
-4808
-4175
-3817
-3669
-3055
-1779
-755
-142
479
1420
2558
2893
2839
3101
3510
3844
3492
3036
2812
2326
1789
976
165
-413
-1095
-1699
-2361
-2995
-3455
-3812
-4039
-4386
-4734
-4662
-4191
-3742
-3454
-3067
-2377
-1568
-939
-290
730
2010
3099
3922
4834
5930
6960
7787
8467
8992
9312
9444
9403
9095
8401
7370
6162
4839
3332
1677
106
-1292
-2788
-4571
-6238
-7234
-7669
-8116
-8673
-8784
-8145
-7214
-6496
-5758
-4490
-2868
-1610
-848
125
1739
3344
4045
4024
4273
5105
5745
5600
5151
5096
5235
4794
3697
2822
2613
2280
1016
-645
-1613
-1875
-2363
-3495
-4670
-5152
-5110
-5279
-5749
-5839
-5231
-4491
-4146
-3839
-2938
-1530
-324
241
636
1465
2491
3238
3611
3757
3969
4191
4055
3656
3252
2886
2443
1597
384
-572
-1034
-1534
-2499
-3674
-4361
-4411
-4504
-4889
-5151
-4913
-4294
-3867
-3685
-3009
-1851
-831
-147
162
955
2135
2746
3046
3128
3389
3720
3531
3297
2960
2532
1995
1191
529
-259
-1003
-1550
-2287
-3054
-3739
-4029
-4126
-4443
-4712
-4722
-4324
-3771
-3520
-3229
-2390
-1337
-503
192
1103
2361
3435
4110
4891
6030
7206
8044
8599
9086
9415
9484
9407
9088
8300
7118
5842
4567
3100
1358
-416
-1974
-3457
-5141
-6721
-7611
-7937
-8362
-8961
-9066
-8342
-7314
-6483
-5599
-4193
-2475
-1195
-400
660
2169
3494
4030
4016
4412
5302
5720
5387
4936
4884
4958
4405
3321
2606
2381
1844
519
-940
-1666
-1885
-2504
-3777
-4868
-5119
-5077
-5354
-5698
-5608
-4919
-4143
-3749
-3313
-2386
-1179
-104
560
1064
1862
2834
3536
3811
3902
4115
4398
4427
4072
3543
3148
2739
1889
626
-496
-1137
-1756
-2848
-4101
-4795
-4934
-5129
-5572
-5758
-5294
-4662
-4196
-3758
-2845
-1541
-516
177
743
1690
2599
3069
3278
3433
3789
3739
3424
3166
2920
2613
1925
1156
511
-155
-858
-1436
-2146
-2880
-3510
-4109
-4355
-4668
-5092
-5230
-4951
-4526
-4342
-4019
-3242
-2171
-1265
-373
970
2589
3983
4963
5936
7150
8368
9232
9732
10043
10186
10120
9855
9230
8044
6596
5092
3585
1895
126
-1382
-2920
-4544
-6228
-7496
-7978
-8240
-8658
-9047
-8731
-7762
-6869
-6100
-4941
-3307
-1906
-1103
-304
1144
2850
3855
4018
4200
5040
5969
6107
5615
5354
5527
5395
4521
3475
2936
2601
1622
-74
-1542
-2173
-2583
-3609
-4993
-5836
-5973
-6053
-6405
-6598
-6192
-5357
-4548
-3878
-3027
-1764
-403
557
1144
1854
2887
3877
4410
4530
4616
4858
4909
4449
3757
3256
2867
2126
964
-175
-870
-1306
-2016
-3169
-4250
-4633
-4693
-4974
-5453
-5514
-4873
-4297
-4038
-3730
-2899
-1693
-882
-362
257
1249
2294
2795
3067
3431
3924
4217
4063
3824
3480
3061
2509
1699
818
-142
-1052
-1928
-2819
-3655
-4281
-4545
-4785
-5268
-5598
-5331
-4764
-4374
-4050
-3385
-2313
-1235
-405
448
1671
3062
4179
5045
5979
7083
8197
9088
9616
9860
9926
9824
9544
9011
8061
6701
5226
3711
1986
146
-1521
-3054
-4667
-6330
-7607
-8130
-8400
-8850
-9250
-8995
-7983
-7058
-6266
-5055
-3396
-1795
-951
-218
1259
3038
4247
4452
4565
5337
6182
6381
5841
5411
5506
5325
4310
3053
2466
2277
1401
-311
-1786
-2368
-2732
-3778
-5234
-6116
-6230
-6224
-6459
-6531
-6004
-5096
-4327
-3758
-2922
-1610
-243
717
1377
2155
3120
3953
4401
4544
4646
4803
4812
4482
3956
3478
2997
2271
1215
-9
-1067
-1862
-2769
-4027
-5147
-5574
-5648
-5959
-6374
-6217
-5401
-4559
-4135
-3695
-2592
-1149
-72
463
1088
2130
3001
3412
3565
3870
4049
3829
3387
2865
2627
2195
1376
685
-17
-791
-1468
-2195
-2953
-3580
-4137
-4557
-4803
-4991
-5081
-5013
-4706
-4326
-4091
-3574
-2480
-1350
-405
717
2116
3664
5034
6106
7299
8675
9825
10435
10476
10417
10415
10033
9207
8017
6519
5026
3523
1794
44
-1477
-2820
-4267
-5828
-6933
-7292
-7449
-7880
-8246
-7901
-6880
-6021
-5487
-4466
-2902
-1612
-927
-269
1085
2738
3570
3650
3946
4755
5563
5674
5371
5240
5259
5082
4305
3491
3069
2618
1646
-6
-1377
-1926
-2464
-3594
-5024
-5812
-5895
-6067
-6308
-6278
-5750
-4979
-4494
-3976
-3048
-1691
-443
222
796
1504
2352
3109
3510
3579
3358
3305
3474
3421
2933
2284
1843
1416
604
-500
-1210
-1346
-1697
-2828
-3973
-4103
-3584
-3604
-4298
-4571
-3998
-3331
-3361
-3365
-2432
-1199
-488
-304
302
1443
2299
2602
2632
2956
3351
3349
3091
2812
2484
1989
1417
766
-15
-794
-1483
-2210
-3071
-3875
-4369
-4525
-4670
-4966
-4991
-4419
-3716
-3428
-3259
-2627
-1620
-797
-213
664
2003
3185
3808
4365
5345
6458
7241
7697
8084
8529
8919
9077
8994
8653
7824
6568
5299
3990
2372
725
-687
-2220
-4016
-5552
-6389
-6866
-7448
-7990
-8076
-7506
-6812
-6328
-5475
-4036
-2690
-1755
-995
201
2111
3510
4072
4249
4617
5537
5883
5687
5411
5245
5266
4782
3824
2949
2584
2209
1013
-655
-1760
-2009
-2607
-3901
-5085
-5671
-5690
-5927
-6206
-6033
-5334
-4475
-4116
-3449
-2305
-1132
-109
510
1159
1793
2382
2911
3207
3344
3344
3307
3267
3142
2636
1991
1598
1143
361
-518
-1167
-1580
-2139
-3069
-3818
-3872
-3634
-3879
-4461
-4453
-3827
-3402
-3297
-2854
-1838
-905
-390
95
800
1698
2336
2441
2620
2869
2867
2978
2951
2603
2322
1851
1238
793
25
-980
-1666
-2253
-3028
-3906
-4493
-4542
-4608
-4828
-4569
-3820
-3124
-2669
-2382
-1517
-227
373
788
1646
2548
3209
3827
4291
5291
6530
7044
7513
7815
8461
8865
8581
8076
7215
6297
4732
3622
1982
138
-665
-2720
-4033
-5333
-6728
-6035
-6944
-7622
-7058
-7108
-5861
-5223
-4845
-3272
-1864
-1039
-413
560
1614
3064
3596
3296
3705
4331
4950
4855
4279
4447
4849
4223
3197
2737
2476
1992
887
-457
-1396
-1912
-2348
-3336
-4510
-5097
-5196
-5102
-5151
-5304
-4845
-3843
-3397
-3137
-2163
-1068
-79
510
864
1759
2509
3059
3517
3553
3610
3481
3297
3168
2781
2517
2114
1307
474
-202
-781
-1379
-2112
-2791
-3086
-3401
-3775
-3971
-4223
-4102
-3643
-3376
-3044
-2605
-1890
-929
-462
-78
609
1154
1762
2047
2165
2778
2881
2904
3080
2653
2541
2293
1652
1176
353
-579
-1506
-2552
-3514
-4470
-4968
-5015
-5195
-5207
-4929
-4360
-3617
-3298
-2901
-1993
-1097
-401
168
981
2036
2954
3658
4088
4823
6002
6724
7161
7526
7759
8239
8291
7823
7332
6339
5245
4145
2458
895
-465
-2007
-3530
-5285
-6451
-6720
-7262
-7837
-7960
-7444
-6380
-5654
-5038
-3864
-2259
-1017
-568
-18
1244
2847
3589
3450
3785
4652
5523
5458
4873
5096
5361
5095
4271
3240
2942
2715
1473
-118
-1075
-1644
-2116
-3037
-4519
-5058
-4976
-5130
-5274
-5310
-4676
-3946
-3606
-3254
-2449
-1321
-441
148
414
1017
1975
2642
2750
2837
3102
3137
3344
3271
3161
3067
2609
2204
1585
692
-179
-765
-1352
-2105
-3224
-3842
-3836
-4376
-4674
-4747
-4481
-3901
-3661
-3325
-2331
-1151
-664
-83
501
1232
2087
2205
2446
2683
2701
2669
2517
2477
2382
1978
1457
1009
519
-154
-1157
-1952
-2709
-3364
-3652
-4091
-4240
-4244
-4270
-4143
-3831
-3443
-3245
-2617
-1699
-843
13
915
2157
3459
4369
5197
6410
7563
8229
8382
8353
8428
8446
8055
7242
6452
5579
4464
2813
1121
-271
-1733
-3137
-4787
-6060
-6753
-7147
-7493
-8059
-7804
-6860
-5960
-5453
-4628
-2818
-1353
-757
-565
467
2234
2950
2993
3010
3764
4790
4650
4407
4300
4498
4619
3731
3122
2862
2847
2433
887
-182
-822
-1440
-2342
-4056
-4925
-5101
-5705
-6093
-6191
-5783
-4828
-4162
-3692
-2899
-1869
-675
317
888
1474
2172
2834
3293
3422
3448
3506
3550
3399
3058
2762
2592
2313
1627
899
315
29
-293
-1218
-2111
-2628
-2707
-2936
-3631
-3838
-3529
-3212
-3204
-3119
-2458
-1605
-898
-693
-405
714
1605
1888
2140
2308
2622
2752
2515
2266
2001
1928
1540
915
471
-218
-620
-1204
-2322
-3032
-3824
-4179
-4178
-4848
-4923
-4434
-4031
-3598
-3627
-3157
-1905
-1157
-606
51
1057
2422
3103
3610
4353
5341
6320
6786
7252
7412
7734
8028
7687
7453
6728
5796
5001
3865
2497
887
-330
-1688
-3465
-5051
-6417
-6851
-7323
-8178
-8323
-7835
-6832
-6113
-5483
-4271
-2709
-1165
-502
-26
1374
3049
3901
3818
4013
4853
5612
5490
4522
4291
4605
4161
3175
2217
1975
1909
983
-315
-1299
-1586
-1837
-2913
-4152
-4873
-4939
-5000
-5512
-5717
-5306
-4399
-3747
-3477
-2653
-1501
-352
391
619
1254
2344
3117
3467
3551
3704
4106
4080
3569
2889
2426
2107
1342
430
-432
-831
-887
-1412
-2025
-2412
-2384
-2219
-2440
-2778
-3015
-2631
-2413
-2626
-2397
-2022
-1142
-561
-604
-150
543
1324
1799
1845
2116
2523
2605
2590
2372
2198
2267
1786
1258
595
-170
-648
-1686
-2828
-3695
-4256
-4418
-4806
-4966
-4721
-4245
-3472
-3163
-2887
-1980
-1054
-361
62
598
1719
2814
3467
4079
4928
5895
6655
7070
7407
7656
7895
8033
7658
7082
6207
5331
4410
2705
1029
-500
-1965
-3338
-5092
-6478
-7080
-7454
-8041
-8412
-7884
-6746
-5809
-5340
-4343
-2614
-1251
-541
-114
1052
2801
3524
3556
3597
4075
4971
4785
4027
3896
3970
3950
3251
2456
2424
2380
1873
471
-758
-1054
-1608
-2607
-3889
-4809
-5253
-5473
-5687
-5863
-5307
-4576
-3848
-3362
-2822
-1569
-354
636
1138
1621
2660
3544
4084
4282
4303
4177
4055
3976
3303
2627
2134
1437
763
-47
-581
-774
-1057
-1542
-2179
-2540
-2490
-2613
-3199
-3538
-3362
-3098
-2992
-2979
-2401
-1425
-902
-488
81
704
1408
1657
1735
2255
2485
2598
2833
2589
2590
2440
1941
1565
589
-296
-969
-1885
-2712
-3665
-4458
-4598
-4553
-4745
-4638
-4243
-3761
-3217
-2963
-2467
-1537
-714
-270
188
1281
2304
3014
3742
4512
5910
6964
7199
7618
8054
8378
8305
7641
7060
6319
5107
3808
2241
627
-871
-2428
-3929
-5474
-6469
-6888
-7193
-7472
-7765
-7306
-6185
-5327
-4733
-3704
-2247
-1070
-486
-52
1207
2886
3611
3425
3485
4230
4997
4867
4220
4179
4383
4096
3061
2256
2316
2197
1304
-270
-1263
-1451
-1961
-3041
-4320
-4929
-5077
-5329
-5526
-5406
-4868
-4269
-3765
-3172
-2236
-1010
212
1123
1706
2339
3192
3999
4319
4136
3876
3836
3807
3409
2705
2137
1797
1321
533
-222
-625
-829
-1315
-2233
-3047
-3243
-3085
-3278
-3727
-3794
-3347
-3018
-2977
-2502
-1582
-715
-256
27
570
1222
1614
1470
1547
1986
2234
2437
2371
2360
2412
1971
1529
995
188
-546
-1611
-2646
-3375
-4217
-4533
-4460
-4554
-4507
-4513
-4023
-3166
-3012
-2738
-2129
-1472
-645
-206
619
1997
2945
3583
4176
5368
6754
7466
7731
7809
8171
8333
7946
7342
6527
5686
4581
3225
1731
282
-916
-2502
-4315
-5679
-6445
-6819
-7209
-7560
-7336
-6275
-5330
-4711
-3750
-2521
-1098
-395
-231
700
2120
3276
3465
3387
4098
5090
5447
4772
4447
4727
4391
3645
2646
2191
2364
1636
126
-974
-1452
-2004
-2948
-4140
-4984
-5242
-5586
-6046
-6157
-5634
-4823
-4322
-3935
-3090
-1730
-346
552
1025
1596
2374
3026
3339
3457
3563
3593
3485
3219
2804
2386
2032
1633
969
118
-471
-749
-1053
-1610
-2359
-2656
-2438
-2607
-3169
-3404
-3205
-2879
-2890
-3138
-2781
-1851
-1181
-870
-349
577
1466
1805
1876
2100
2297
2421
2322
1938
1727
1573
1153
838
402
-273
-821
-1677
-2411
-2998
-3725
-3835
-3930
-4071
-3922
-3778
-3180
-2725
-2720
-2302
-1599
-923
-359
118
1072
2351
3365
4089
4905
6185
7351
7850
8011
8210
8684
8804
8385
7905
7019
6104
4923
3127
1708
237
-1413
-3013
-4911
-6144
-6665
-7052
-7347
-7678
-7321
-6355
-5452
-4642
-3808
-2426
-1120
-551
-15
1017
2630
3682
3690
3725
4290
5101
5165
4454
4003
3978
3695
2722
1789
1581
1567
957
-228
-1225
-1473
-1707
-2786
-4139
-5166
-5763
-6023
-6457
-6843
-6483
-5644
-4920
-4279
-3270
-1743
-291
652
1286
1915
2676
3340
3590
3579
3580
3627
3634
3489
3072
2439
1960
1560
825
-93
-653
-917
-1314
-2027
-2694
-2765
-2635
-2714
-3135
-3458
-3058
-2670
-2564
-2440
-2003
-1133
-724
-485
189
1081
1856
1935
1928
2094
2240
2522
2358
2139
1967
1505
1307
990
238
-449
-1217
-1956
-2695
-3684
-3942
-3857
-4008
-3979
-4014
-3433
-2628
-2385
-1970
-1425
-690
-84
109
872
2105
3145
3773
4337
5383
6699
7527
7677
7968
8416
8527
8025
7209
6469
5504
4397
2840
1208
101
-1185
-2712
-4394
-5701
-6201
-6603
-6976
-7281
-7081
-6134
-5386
-4896
-4108
-2676
-1275
-863
-590
413
1813
2851
2970
2954
3742
4571
4743
4463
4201
4431
4357
3421
2666
2529
2489
1896
551
-609
-1106
-1661
-2786
-4166
-5108
-5443
-5782
-6217
-6375
-6016
-5226
-4675
-4082
-3143
-1998
-682
95
747
1551
2194
3089
3574
3697
3984
3975
4030
3965
3495
3026
2559
2018
1405
791
244
-97
-609
-1407
-2044
-2380
-2466
-2697
-3198
-3656
-3623
-3413
-3456
-3493
-3045
-2193
-1734
-1215
-594
109
894
1003
1191
1489
1522
1545
1368
1307
1350
1123
1075
1173
825
306
-348
-1166
-1961
-2831
-3483
-3726
-3860
-4128
-4078
-3625
-2880
-2344
-2263
-1776
-1130
-545
-119
381
1479
2485
3246
4049
5220
6618
7460
7683
7795
8173
8500
8261
7437
6529
5721
4669
3151
1483
202
-888
-2327
-4094
-5430
-5898
-5984
-6351
-6717
-6447
-5711
-5043
-4757
-4046
-2732
-1597
-983
-738
238
1724
2766
3159
3252
3914
4672
4779
4458
4315
4514
4517
3854
2923
2636
2667
2173
1104
-53
-702
-1149
-2295
-3867
-4945
-5551
-6044
-6492
-6820
-6647
-5941
-5177
-4475
-3685
-2517
-1167
-210
512
1409
2275
3103
3701
3760
4100
4351
4284
4126
3465
3015
2671
2147
1427
649
106
-312
-729
-1460
-2034
-2523
-2712
-2851
-3533
-3767
-3640
-3481
-3449
-3582
-3259
-2455
-1946
-1815
-1309
-623
70
542
814
1588
2295
2781
3113
3045
3161
2892
2349
1994
1110
420
-178
-1211
-2013
-2825
-3368
-3499
-3821
-4162
-4352
-4103
-3531
-3222
-2991
-2590
-1954
-1331
-894
-251
900
2263
3011
3466
4403
5906
7245
7696
7962
8288
8665
8785
8075
7328
6584
5649
4429
2623
1030
-212
-1347
-2860
-4864
-6142
-6607
-6698
-7022
-7508
-7050
-5944
-5101
-4613
-3617
-1961
-635
-156
95
1038
2385
3038
2806
2846
3546
4203
4062
3508
3544
3723
3571
2863
2209
2356
2278
1602
545
-475
-823
-1424
-2743
-4220
-5321
-5552
-5736
-6262
-6533
-6283
-5310
-4441
-3817
-2923
-1820
-536
271
862
1657
2504
3275
3516
3618
3899
4256
4383
3957
3311
2812
2460
1911
1107
438
192
119
-292
-957
-1411
-1479
-1534
-1980
-2609
-2902
-2805
-2722
-2839
-2880
-2476
-1937
-1734
-1563
-1170
-451
259
454
778
1425
2055
2593
2726
2704
2646
2361
1937
1245
406
-330
-1093
-1862
-2592
-3269
-3797
-3965
-4005
-4284
-4301
-3958
-3502
-3131
-3117
-2715
-1833
-1108
-499
179
1105
2111
2908
3743
4950
6145
6915
7368
7661
8005
8127
7794
7200
6250
5258
4209
2735
1308
49
-1259
-2726
-4333
-5550
-6099
-6159
-6198
-6213
-5780
-5099
-4373
-3840
-3256
-2151
-1335
-1191
-999
-147
1197
2053
2221
2717
3760
4508
4534
4228
4275
4349
3873
3119
2577
2559
2478
1886
1068
252
-319
-1026
-2141
-3298
-4286
-4948
-5607
-6358
-6662
-6366
-5664
-5013
-4447
-3542
-2291
-1083
-212
489
1330
2293
3065
3508
3761
4019
4242
4143
3657
3006
2468
2049
1531
787
199
28
16
-201
-666
-969
-1063
-1041
-1417
-2071
-2226
-2272
-2236
-2357
-2616
-2150
-1669
-1598
-1489
-1225
-522
104
234
582
1159
1712
2141
2265
2515
2606
2253
1902
1307
595
-23
-909
-1797
-2715
-3543
-3832
-3990
-4046
-3991
-3935
-3325
-2696
-2560
-2135
-1580
-1098
-690
-437
368
1464
2374
3014
3726
5133
6401
6915
7051
7290
7667
7600
6946
6059
5303
4569
3439
2077
995
-26
-1370
-2919
-4426
-5431
-5928
-6350
-6686
-6621
-5879
-4821
-4263
-3864
-2798
-1510
-863
-867
-670
354
1494
1860
1845
2383
3506
4195
3945
3590
3822
4129
3703
2736
2286
2631
2755
1888
702
211
112
-632
-2127
-3594
-4475
-4993
-5604
-6258
-6524
-6034
-5078
-4395
-3855
-2842
-1495
-308
429
925
1723
2644
3301
3699
3830
3911
3976
3714
3202
2679
2197
1850
1325
605
262
196
176
-127
-667
-961
-968
-891
-1414
-2111
-2229
-2083
-2038
-2517
-2686
-2099
-1777
-1702
-1704
-1331
-433
-17
226
575
997
1621
1752
1892
2202
2080
1877
1444
984
492
-343
-867
-1430
-2267
-2881
-3229
-3235
-3381
-3620
-3506
-3056
-2525
-2390
-2164
-1506
-847
-388
48
927
1970
2629
3299
4366
5561
6512
6859
6855
7084
7183
6750
5941
5056
4340
3347
1952
777
-114
-1036
-2268
-3723
-4792
-5331
-5783
-6070
-6059
-5694
-4991
-4408
-3758
-2985
-2018
-1083
-770
-503
-6
903
1624
1656
1854
2532
3401
3602
3178
3072
3356
3370
2706
2044
2070
2407
2135
1194
394
117
-198
-1224
-2622
-3591
-3966
-4267
-4755
-5008
-4665
-4045
-3622
-3297
-2600
-1504
-556
-80
241
873
1790
2536
2920
3147
3342
3412
3251
2953
2577
2033
1532
1158
722
314
105
127
234
-48
-548
-540
-334
-493
-982
-1445
-1475
-1253
-1411
-1871
-1794
-1485
-1459
-1599
-1636
-1076
-607
-377
-15
248
672
1048
1221
1385
1322
1104
816
464
199
-439
-1135
-1525
-2253
-2924
-3475
-3626
-3175
-3208
-3391
-3114
-2573
-2139
-1955
-1537
-723
-56
355
903
1665
2593
3187
3807
4779
5744
6407
6411
6619
6975
6804
6064
5055
4429
3645
2435
1197
171
-675
-1775
-3083
-4196
-4826
-5188
-5594
-5860
-5531
-4715
-4019
-3532
-2912
-1936
-956
-507
-343
-20
615
1194
1300
1476
2073
2863
3346
3230
3205
3489
3625
3285
2554
2218
2252
1919
1120
288
-73
-310
-1054
-2212
-3240
-3734
-4021
-4528
-5047
-4985
-4326
-3762
-3479
-3117
-2208
-1057
-353
105
599
1303
1971
2375
2768
3052
3215
3216
3001
2643
2207
1812
1369
824
253
-145
-243
-168
-76
-264
-436
-223
-48
-213
-615
-719
-512
-704
-1118
-1296
-1113
-907
-1201
-1463
-1269
-825
-433
-330
-195
133
509
796
930
1042
1078
886
554
232
-149
-684
-1273
-1815
-2334
-2838
-3147
-3208
-3206
-3234
-3129
-2777
-2347
-1985
-1519
-792
-90
309
714
1528
2482
3133
3666
4449
5289
5859
6248
6642
6857
6577
5786
4808
3966
3173
2085
758
-287
-989
-1914
-3146
-4086
-4525
-4908
-5455
-5773
-5543
-4949
-4393
-4038
-3456
-2363
-1381
-992
-783
-207
725
1317
1198
1217
1975
2879
3147
2798
2718
3264
3670
3293
2617
2361
2481
2185
1258
413
-16
-144
-793
-1924
-2796
-3275
-3378
-3890
-4466
-4467
-3984
-3322
-3115
-2764
-1835
-754
-68
181
690
1535
2187
2394
2520
2803
3021
2973
2802
2664
2454
2176
1799
1304
711
192
27
50
-123
-465
-685
-530
-250
-484
-947
-977
-806
-907
-1258
-1359
-1010
-736
-870
-968
-665
-198
-92
-224
-55
185
533
737
616
775
866
866
681
63
-398
-876
-1352
-1801
-2494
-3005
-3374
-3445
-3407
-3608
-3469
-3033
-2636
-2452
-2156
-1360
-700
-389
99
899
1761
2417
2879
3662
4727
5521
5932
6156
6532
6837
6588
5858
5025
4320
3557
2318
1008
121
-758
-1650
-2866
-3986
-4509
-5086
-5595
-6043
-5986
-5295
-4715
-4278
-3709
-2672
-1546
-804
-470
-22
955
1679
1716
1544
1752
2372
2835
2724
2541
2861
3273
3234
2848
2642
2756
2629
1886
929
389
186
-419
-1550
-2534
-3019
-3287
-3739
-4224
-4282
-3995
-3576
-3174
-2904
-2276
-1245
-463
68
633
1300
1975
2365
2573
2763
2820
2850
2802
2525
2217
1921
1631
1337
829
359
289
270
-34
-389
-514
-299
-169
-537
-879
-877
-809
-911
-1261
-1451
-1110
-902
-1095
-1205
-1064
-486
-153
-232
-77
171
597
791
908
1282
1234
1010
724
188
-242
-726
-1301
-1761
-2412
-2933
-3175
-3244
-3195
-3508
-3510
-3073
-2680
-2390
-2157
-1534
-853
-404
40
837
1766
2577
3049
3341
4334
5143
5465
5740
5880
6078
6005
5614
5050
4490
3643
2311
1079
128
-713
-1714
-2873
-3837
-4371
-4658
-5003
-5471
-5537
-4846
-4161
-3798
-3252
-2352
-1287
-527
-324
3
725
1355
1648
1396
1467
2208
2661
2575
2256
2588
3177
2951
2441
2133
2314
2372
1551
646
77
-98
-435
-1462
-2369
-2848
-3158
-3666
-4312
-4466
-4067
-3593
-3341
-3032
-2299
-1225
-300
296
829
1485
2138
2565
2789
2949
3168
3242
3161
2871
2449
2201
1891
1435
712
76
-59
-91
-278
-653
-783
-527
-394
-651
-957
-1017
-998
-1123
-1441
-1590
-1394
-1166
-1241
-1288
-990
-534
-99
-46
-1
330
666
953
1027
1102
1209
1072
764
274
-235
-709
-1219
-1791
-2378
-2724
-3002
-3169
-3302
-3476
-3264
-2945
-2585
-2094
-1716
-1268
-721
-288
138
751
1468
1982
2193
2616
3523
4435
5013
5379
5752
6065
6146
5979
5558
4940
4168
3156
1964
820
-114
-953
-2034
-3261
-4244
-4839
-5068
-5253
-5576
-5541
-4959
-4300
-3785
-3204
-2272
-1199
-590
-435
-34
880
1727
1897
1693
1853
2431
2814
2714
2620
2930
3222
2975
2463
2392
2747
2596
1751
933
538
305
-438
-1648
-2616
-3048
-3427
-3958
-4369
-4442
-4016
-3647
-3364
-2876
-2229
-1198
-281
219
673
1331
2151
2749
2958
3006
3130
3226
3064
2617
2151
1780
1384
896
350
16
62
198
22
-386
-566
-409
-404
-776
-1204
-1463
-1559
-1818
-2165
-2251
-2112
-1798
-1643
-1507
-1040
-508
3
332
597
1074
1481
1740
1774
1680
1626
1364
943
431
-199
-869
-1549
-2152
-2659
-3009
-3151
-3272
-3481
-3571
-3334
-2926
-2604
-2385
-1993
-1387
-816
-337
91
805
1674
2264
2690
3170
4050
4988
5477
5771
6029
6345
6475
6089
5488
4927
4329
3400
2062
889
-59
-1092
-2197
-3524
-4501
-4837
-5137
-5464
-5696
-5446
-4749
-4225
-3762
-3098
-2104
-1092
-635
-299
402
1288
1795
1634
1554
1881
2257
2356
2089
2087
2414
2492
2259
2024
2112
2200
1888
1317
742
341
-62
-731
-1651
-2480
-2965
-3305
-3642
-4004
-4057
-3726
-3379
-2993
-2492
-1671
-717
-15
608
1159
1756
2298
2627
2904
2978
3018
2991
2775
2368
1731
1330
996
621
218
-97
-69
-51
-36
-118
-114
-5
-160
-464
-818
-1006
-1230
-1648
-2078
-2311
-2225
-2109
-2115
-1928
-1370
-747
-220
208
733
1290
1648
1880
1868
1837
1722
1317
892
360
-218
-826
-1529
-2061
-2504
-2855
-3119
-3372
-3346
-3211
-3058
-2801
-2601
-2241
-1717
-1125
-657
-370
174
831
1435
1882
2252
2962
3882
4665
5076
5331
5689
5968
6020
5773
5264
4612
3872
2917
1807
790
-157
-1196
-2346
-3372
-4001
-4328
-4681
-4994
-4937
-4499
-3954
-3493
-2976
-2176
-1301
-771
-558
-255
380
1011
1126
939
1083
1519
1762
1644
1499
1697
1996
1971
1733
1655
1833
1958
1658
1084
671
395
-112
-923
-1748
-2386
-2830
-3173
-3506
-3649
-3474
-3172
-2826
-2460
-2033
-1361
-599
-15
477
1033
1693
2260
2557
2743
2902
2972
2866
2465
1963
1585
1244
837
333
-80
-164
-112
-203
-373
-407
-173
64
-34
-291
-440
-572
-858
-1318
-1653
-1588
-1468
-1520
-1438
-1118
-628
-123
176
481
875
1139
1252
1119
920
880
669
323
83
-195
-473
-827
-1311
-1717
-2142
-2562
-2801
-3007
-3155
-3153
-3023
-2762
-2448
-1999
-1360
-741
-193
326
840
1434
1994
2423
2866
3442
4093
4615
4900
5116
5415
5665
5589
5147
4613
4123
3460
2448
1307
382
-366
-1299
-2480
-3526
-4157
-4552
-4999
-5400
-5436
-5066
-4571
-4121
-3523
-2612
-1641
-991
-663
-289
307
862
1071
1039
1136
1467
1724
1755
1817
2031
2314
2389
2131
1924
1959
1925
1498
879
358
97
-92
-722
-1427
-1867
-2196
-2488
-2990
-3282
-3099
-2830
-2605
-2535
-2211
-1440
-690
-117
306
859
1551
2062
2306
2417
2486
2432
2094
1577
1220
885
545
300
104
-8
151
538
614
567
629
798
939
652
314
64
-199
-407
-785
-1123
-1123
-1052
-1139
-1197
-1051
-640
-228
-58
136
554
999
1230
1231
1262
1376
1210
741
260
-148
-515
-1135
-1996
-2564
-2908
-3255
-3451
-3556
-3513
-3264
-2948
-2515
-2103
-1663
-967
-388
-39
406
938
1521
2029
2398
2912
3592
4228
4674
4835
4944
5202
5333
5033
4395
3786
3265
2497
1403
318
-528
-1332
-2333
-3319
-3892
-4069
-4200
-4430
-4545
-4358
-3963
-3544
-3141
-2634
-1981
-1384
-1023
-719
-145
618
1097
1120
1080
1337
1707
1814
1672
1609
1745
1803
1537
1183
1161
1393
1352
873
425
334
314
-26
-627
-1129
-1398
-1656
-2030
-2351
-2379
-2107
-1853
-1737
-1444
-894
-341
152
542
847
1287
1692
1788
1826
1905
1909
1837
1482
976
698
507
286
60
-208
-260
-105
-9
22
40
194
456
529
384
196
138
52
-326
-607
-611
-709
-912
-1073
-1033
-731
-511
-362
-74
210
533
858
989
1023
937
669
374
24
-466
-973
-1541
-2132
-2599
-2983
-3219
-3292
-3255
-3224
-3013
-2588
-2125
-1576
-1199
-768
-221
184
638
1137
1679
2133
2484
2875
3255
3622
3876
3971
3981
4055
4086
3853
3524
3111
2609
1974
1115
357
-334
-1084
-1876
-2734
-3214
-3381
-3478
-3431
-3303
-2888
-2420
-2145
-1809
-1335
-736
-338
-235
-34
431
959
1194
1133
1097
1207
1227
1021
795
764
808
659
405
394
673
846
614
165
-164
-339
-558
-932
-1323
-1561
-1685
-1843
-1926
-1757
-1458
-1189
-953
-668
-297
176
627
925
1115
1344
1618
1723
1707
1478
1157
897
585
385
154
-89
-292
-410
-308
-238
-78
199
362
374
394
561
699
643
459
378
366
275
66
-259
-494
-615
-818
-973
-930
-786
-549
-352
-299
-157
95
265
320
292
210
37
-283
-653
-993
-1320
-1615
-1828
-1931
-1956
-1924
-1805
-1616
-1410
-1189
-943
-701
-500
-325
-113
112
319
582
980
1435
1813
2148
2575
3032
3312
3366
3337
3266
3049
2719
2391
2026
1551
951
260
-390
-867
-1237
-1731
-2333
-2733
-2830
-2718
-2507
-2349
-2084
-1538
-975
-532
-126
293
711
849
662
651
927
1082
944
687
571
627
622
468
296
245
287
121
-257
-446
-479
-715
-1107
-1492
-1743
-1757
-1761
-1921
-1961
-1724
-1345
-967
-619
-168
412
896
1176
1421
1747
2028
2121
2016
1839
1703
1613
1507
1286
928
559
258
-24
-242
-372
-417
-382
-353
-291
-123
129
286
257
28
-239
-256
-219
-271
-352
-303
-39
150
238
361
485
399
52
-212
-310
-451
-637
-767
-857
-869
-745
-558
-404
-447
-645
-763
-846
-952
-1067
-1216
-1386
-1446
-1405
-1366
-1227
-1113
-1045
-1016
-955
-597
-225
18
232
396
575
735
856
1086
1376
1543
1599
1678
1955
2270
2412
2413
2270
2161
2120
2014
1739
1288
830
334
-150
-538
-905
-1117
-1351
-1793
-2103
-2063
-1785
-1534
-1413
-1288
-990
-477
36
423
786
1157
1392
1426
1401
1510
1658
1454
867
361
137
-67
-419
-859
-1248
-1554
-1873
-2141
-2225
-2124
-1951
-1866
-1816
-1651
-1390
-1037
-684
-469
-208
196
552
877
1227
1520
1806
2048
2159
2245
2263
2091
1806
1384
860
480
258
2
-335
-620
-716
-735
-758
-698
-601
-513
-382
-301
-264
-91
171
306
312
384
591
830
958
925
920
1005
946
701
411
101
-248
-672
-1150
-1513
-1660
-1687
-1733
-1766
-1651
-1405
-1145
-974
-924
-862
-774
-722
-672
-639
-545
-393
-340
-278
-158
-83
19
42
-78
-106
-52
-26
2
32
127
280
409
526
607
677
756
838
1013
1236
1409
1595
1726
1745
1803
1915
1878
1611
1249
868
474
97
-256
-536
-701
-830
-970
-1076
-1077
-855
-563
-419
-277
-25
236
457
705
931
1104
1142
1050
1003
897
743
483
28
-437
-893
-1305
-1635
-1889
-2070
-2233
-2304
-2352
-2301
-2020
-1753
-1539
-1310
-1013
-555
-156
228
683
935
1085
1350
1625
1710
1665
1622
1433
1143
905
781
798
643
330
132
2
-79
-215
-427
-627
-731
-761
-777
-691
-599
-450
-155
143
475
792
989
1143
1173
1112
1160
1152
958
726
489
279
97
-112
-361
-730
-1149
-1453
-1599
-1640
-1660
-1651
-1590
-1527
-1435
-1207
-926
-714
-487
-309
-145
54
181
295
340
371
475
509
439
189
4
-19
-142
-243
-364
-446
-394
-428
-348
-208
-118
21
128
354
566
721
912
1102
1341
1488
1696
1939
1990
2018
1998
1777
1465
1139
708
285
-37
-354
-659
-937
-1164
-1206
-1017
-753
-571
-446
-220
96
363
554
663
711
692
571
472
427
264
-18
-367
-751
-1108
-1394
-1583
-1781
-1993
-2055
-2048
-1975
-1652
-1261
-970
-694
-473
-294
-56
247
530
722
895
1098
1223
1279
1363
1377
1274
1102
889
631
435
339
227
66
-162
-241
-213
-217
-279
-350
-293
-355
-327
-165
-71
111
282
459
587
723
978
1118
1149
1117
1053
973
837
628
302
-44
-448
-796
-1135
-1584
-1875
-2084
-2099
-2010
-1998
-1846
-1645
-1379
-1085
-816
-588
-438
-230
-31
36
92
278
407
383
358
339
252
123
-13
-121
-172
-231
-254
-301
-406
-409
-302
-142
-12
174
428
626
897
1191
1481
1816
2048
2204
2268
2278
2340
2308
2098
1702
1238
858
494
116
-235
-517
-750
-953
-1015
-912
-785
-672
-590
-562
-472
-309
-114
37
58
151
372
519
580
532
383
213
-47
-373
-743
-1163
-1484
-1782
-2060
-2077
-1944
-1693
-1408
-1205
-901
-670
-492
-228
-59
112
349
567
780
944
1046
1085
1048
969
820
717
698
609
515
395
248
168
33
-70
-131
-342
-460
-481
-575
-498
-310
-174
9
171
314
513
664
748
708
606
530
469
476
472
483
366
129
-47
-256
-444
-678
-1019
-1285
-1481
-1576
-1575
-1456
-1225
-1042
-847
-744
-497
-209
69
169
150
182
294
389
414
417
305
311
236
125
58
56
25
-119
-250
-364
-430
-441
-453
-408
-299
-179
-30
257
581
925
1268
1499
1757
1844
1927
1935
1867
1658
1413
1084
712
408
153
-30
-202
-347
-479
-490
-459
-529
-455
-362
-315
-262
-196
-26
175
282
315
278
182
79
-61
-171
-362
-635
-849
-1059
-1164
-1228
-1273
-1263
-1203
-1080
-967
-830
-711
-572
-360
-194
-130
-14
168
259
306
343
378
480
659
708
680
731
698
686
675
564
420
260
175
108
35
-18
-39
-23
-55
-81
-43
15
68
142
204
217
248
337
392
333
253
224
183
122
81
48
19
54
113
22
-156
-252
-363
-509
-587
-676
-771
-808
-849
-880
-852
-788
-708
-634
-559
-466
-349
-198
-121
-72
23
59
66
133
175
98
19
-74
-194
-247
-263
-186
-143
-135
-91
-109
-50
53
136
219
233
280
355
445
552
691
845
840
829
865
797
752
704
646
635
615
594
557
520
456
377
251
92
53
-14
-99
-128
-223
-223
-148
-56
31
-4
-17
-41
-80
-98
-145
-133
-182
-245
-251
-266
-252
-283
-409
-516
-530
-577
-581
-515
-452
-388
-384
-345
-315
-254
-151
-79
3
48
77
61
31
20
-13
4
29
1
-15
-10
-41
-23
55
67
44
17
-17
16
54
43
54
77
78
105
116
136
177
129
113
112
88
124
142
157
143
166
217
231
257
248
253
238
200
141
47
13
-2
-77
-132
-146
-189
-171
-154
-143
-131
-152
-145
-173
-161
-129
-85
-76
-195
-214
-140
-107
-92
-45
-28
-55
-38
-24
-20
60
181
195
126
108
104
95
70
-4
-5
44
-15
-2
94
68
35
35
0
0
0
0
0
0
0
0
0
0
0
0
0
0
0
0
0
0
0
0
0
0
0
0
0
0
0
0
0
0
0
0
0
0
0
0
0
0
0
0
0
0
0
0
0
0
0
0
0
0
0
0
0
0
0
0
0
0
0
0
0
0
0
0
0
0
0
0
0
0
0
0
0
0
0
0
0
0
0
0
0
0
0
0
0
0
0
0
0
0
0
0
0
0
0
0
0
0
0
0
0
0
0
0
0
0
0
0
0
0
0
0
0
0
0
0
0
0
0
0
0
0
0
0
0
0
0
0
0
0
0
0
0
0
0
0
0
0
0
0
0
0
0
0
0
0
0
0
0
0
0
0
0
0
0
0
0
0
0
0
0
0
0
0
0
0
0
0
0
0
0
0
0
0
0
0
0
0
0
0
0
0
0
0
0
0
0
0
0
0
0
0
0
0
0
0
0
0
0
0
0
0
0
0
0
0
0
0
0
0
0
0
0
0
0
0
0
0
0
0
0
0
0
0
0
0
0
0
0
0
0
0
0
0
0
0
0
0
0
0
0
0
0
0
0
0
0
0
0
0
0
0
0
0
0
0
0
0
0
0
0
0
0
0
0
0
0
0
0
0
0
0
0
0
0
0
0
0
0
0
0
0
0
0
0
0
0
0
0
0
0
0
0
0
0
0
0
0
0
0
0
0
0
0
0
0
0
0
0
0
0
0
0
0
0
0
0
0
0
0
0
0
0
0
0
0
0
0
0
0
0
0
0
0
0
0
0
0
0
0
0
0
0
0
0
0
0
0
0
0
0
0
0
0
0
0
0
0
0
0
0
0
0
0
0
0
0
0
0
0
0
0
0
0
0
0
0
0
0
0
0
0
0
0
0
0
0
0
0
0
0
0
0
0
0
0
0
0
0
0
