0
0
0
0
0
0
0
0
0
0
0
0
0
0
0
0
0
0
0
0
0
0
0
0
0
0
0
0
0
0
0
0
0
0
0
0
0
0
0
0
0
0
0
0
0
0
0
0
0
0
0
0
0
0
0
0
0
0
0
0
0
0
0
0
0
0
0
0
0
0
0
0
0
0
0
0
0
0
0
0
0
0
0
0
0
0
0
0
0
0
0
0
0
0
0
0
0
0
0
0
0
0
0
0
0
0
0
0
0
0
0
0
0
0
0
0
0
0
0
0
0
0
0
0
0
0
0
0
0
0
0
0
0
0
0
0
0
0
0
0
0
0
0
0
0
0
0
0
0
0
0
0
0
0
0
0
0
0
0
0
0
0
0
0
0
0
0
0
0
0
0
0
0
0
0
0
0
0
0
0
0
0
0
0
0
0
0
0
0
0
0
0
0
0
0
0
0
0
0
0
0
0
0
0
0
0
0
0
0
0
0
0
0
0
0
0
0
0
0
0
0
0
0
0
0
0
0
0
0
0
0
0
0
0
0
0
0
0
0
0
0
0
0
0
0
0
0
0
0
0
0
0
0
0
0
0
0
0
0
0
0
0
0
0
0
0
0
0
0
0
0
0
0
0
0
0
0
0
0
0
0
0
0
0
0
0
0
0
0
0
0
0
0
0
0
0
0
0
0
0
0
0
0
0
0
0
0
0
0
0
0
0
0
0
0
0
0
0
0
0
0
0
0
0
0
0
0
0
0
0
0
0
0
0
0
0
0
0
0
0
0
0
0
0
0
0
0
0
0
0
0
0
0
0
0
0
0
0
0
0
0
0
0
0
0
0
0
0
0
0
0
0
0
0
0
0
0
0
0
0
0
0
0
0
0
0
0
0
0
0
0
0
0
0
0
0
0
0
0
0
91
146
170
183
157
168
156
101
77
42
16
-34
-25
-36
-85
-51
-81
-109
-69
-35
-26
-50
-95
-133
-143
-164
-163
-132
-94
-58
16
124
208
294
413
475
478
569
566
525
588
549
533
553
529
488
442
403
366
355
310
240
95
-65
-212
-369
-459
-486
-480
-587
-681
-747
-765
-709
-679
-539
-485
-483
-407
-381
-310
-232
-133
-12
54
90
117
237
365
385
379
263
109
40
-73
-126
-106
-131
-203
-274
-325
-400
-405
-385
-390
-353
-366
-334
-283
-268
-158
-124
-73
70
192
325
433
562
644
750
811
811
885
856
803
691
540
354
157
-20
-185
-170
-194
-237
-229
-233
-238
-223
-118
-139
-196
-165
-155
-187
-225
-201
-128
-99
-124
-99
-51
-26
-8
9
21
7
-22
-45
-16
-24
-24
2
22
36
-47
-107
-192
-317
-387
-432
-414
-415
-404
-381
-360
-265
-174
-57
140
331
497
617
630
609
597
526
435
303
122
-5
-42
-24
-40
-86
-98
-115
-172
-226
-258
-305
-367
-444
-500
-497
-449
-389
-338
-209
-48
144
388
568
754
952
1161
1302
1421
1586
1645
1682
1647
1447
1191
885
559
238
-93
-425
-753
-1089
-1386
-1607
-1730
-1758
-1739
-1657
-1533
-1399
-1242
-1044
-792
-554
-365
-175
-39
37
147
248
330
442
533
616
715
769
778
785
799
794
721
588
422
236
-7
-310
-638
-914
-1128
-1282
-1353
-1383
-1330
-1242
-1070
-862
-665
-415
-138
211
497
755
972
1129
1338
1396
1427
1424
1279
1153
1000
844
679
533
469
399
306
163
48
-33
-171
-224
-226
-287
-368
-472
-520
-528
-626
-733
-726
-697
-734
-764
-719
-632
-548
-404
-218
-113
-42
85
204
250
271
313
345
340
312
276
218
187
195
190
211
230
189
127
152
123
0
-43
-137
-255
-331
-423
-505
-619
-740
-874
-975
-998
-1111
-1265
-1339
-1422
-1417
-1345
-1279
-1117
-954
-645
-208
128
546
1032
1505
2032
2540
2977
3375
3719
3989
4174
4196
4066
3868
3544
3032
2397
1705
989
263
-520
-1303
-2039
-2766
-3336
-3690
-3958
-4087
-4044
-3953
-3734
-3369
-2978
-2594
-2144
-1560
-1026
-640
-276
131
450
776
1155
1392
1628
1813
1897
1988
2073
2117
1959
1724
1521
1249
910
478
46
-346
-766
-1188
-1633
-2087
-2344
-2453
-2535
-2488
-2338
-2100
-1766
-1461
-1142
-744
-290
206
644
946
1209
1534
1780
1920
2023
2151
2227
2104
2029
1983
1840
1656
1458
1332
1184
969
691
370
94
-170
-440
-667
-866
-1105
-1291
-1299
-1241
-1265
-1306
-1212
-1026
-853
-675
-512
-387
-196
-22
-5
21
119
170
157
139
172
199
167
188
250
254
216
191
212
204
139
117
93
27
-34
-146
-224
-233
-288
-330
-376
-491
-589
-689
-819
-920
-1016
-1101
-1176
-1295
-1431
-1529
-1590
-1646
-1675
-1571
-1374
-1246
-1145
-915
-546
-104
407
983
1610
2288
2995
3654
4226
4714
5088
5316
5420
5369
5161
4810
4249
3538
2756
1834
844
-116
-1058
-1913
-2679
-3426
-4075
-4525
-4785
-4935
-5001
-4895
-4653
-4307
-3839
-3333
-2794
-2233
-1712
-1253
-722
-199
267
747
1104
1463
1854
2167
2358
2443
2554
2590
2535
2410
2162
1856
1456
948
376
-224
-810
-1312
-1725
-2161
-2506
-2732
-2844
-2814
-2744
-2497
-2152
-1814
-1378
-941
-483
-7
356
633
1007
1396
1608
1807
2043
2214
2295
2296
2342
2395
2389
2272
2157
2095
1892
1643
1356
1109
846
453
86
-275
-571
-893
-1226
-1470
-1636
-1673
-1684
-1590
-1427
-1272
-1078
-892
-622
-374
-196
37
197
288
337
350
397
417
427
425
422
357
207
151
67
-17
-44
-104
-128
-217
-327
-457
-582
-697
-864
-1000
-1204
-1362
-1568
-1866
-2066
-2240
-2365
-2436
-2463
-2474
-2408
-2224
-2016
-1820
-1642
-1385
-971
-436
124
733
1318
1932
2633
3301
4043
4736
5327
5867
6332
6682
6814
6760
6520
6129
5538
4737
3805
2739
1535
255
-965
-2113
-3164
-4204
-5142
-5814
-6239
-6446
-6591
-6470
-6015
-5503
-4934
-4264
-3524
-2741
-1986
-1336
-678
-19
533
988
1370
1745
2074
2303
2483
2689
2839
2878
2812
2650
2455
2142
1707
1166
606
64
-575
-1222
-1879
-2518
-3057
-3489
-3794
-3929
-3829
-3652
-3438
-2998
-2453
-1875
-1133
-419
185
839
1520
2145
2603
2962
3373
3684
3803
3849
3857
3777
3613
3350
3043
2794
2474
2050
1699
1415
1046
493
-83
-525
-935
-1410
-1831
-2073
-2281
-2460
-2567
-2617
-2498
-2321
-2160
-1887
-1498
-1123
-822
-457
-7
361
627
912
1210
1381
1426
1485
1529
1436
1248
1068
858
603
297
-97
-449
-795
-1155
-1386
-1646
-1973
-2226
-2446
-2569
-2721
-2957
-3025
-3053
-3048
-3009
-2988
-2782
-2555
-2414
-2143
-1758
-1374
-945
-428
194
927
1640
2376
3261
4178
5002
5737
6471
7221
7748
7983
8140
8179
8019
7602
6874
5949
4843
3547
2136
644
-917
-2405
-3826
-5195
-6342
-7237
-7812
-8161
-8344
-8183
-7721
-7005
-6255
-5490
-4425
-3324
-2389
-1606
-809
102
841
1350
1704
2093
2510
2757
2913
3057
3259
3342
3267
3156
2964
2787
2459
1956
1403
665
-140
-953
-1815
-2648
-3415
-4016
-4458
-4779
-4881
-4673
-4353
-3980
-3436
-2732
-1847
-1041
-322
536
1439
2158
2605
3024
3480
3798
3872
3890
4053
4160
4011
3781
3727
3668
3331
2854
2473
2170
1730
1078
446
-70
-616
-1200
-1735
-2151
-2439
-2756
-3059
-3084
-2896
-2747
-2558
-2142
-1571
-1084
-720
-323
131
546
932
1251
1457
1594
1631
1595
1544
1394
1161
931
687
454
228
-3
-229
-528
-898
-1286
-1663
-2011
-2388
-2695
-2886
-3146
-3423
-3588
-3713
-3763
-3738
-3643
-3408
-3135
-2870
-2486
-2009
-1536
-1088
-584
74
850
1657
2465
3291
4199
5132
5966
6744
7552
8275
8753
8991
9070
8975
8565
7780
6704
5431
4038
2473
684
-1098
-2694
-4264
-5826
-7120
-7989
-8472
-8707
-8758
-8428
-7680
-6882
-6219
-5415
-4271
-3030
-2071
-1383
-624
283
1013
1354
1554
1937
2366
2524
2548
2778
3140
3333
3284
3132
3021
2942
2706
2217
1623
1051
382
-479
-1451
-2389
-3114
-3645
-4200
-4703
-4856
-4707
-4466
-4136
-3581
-2708
-1703
-922
-299
475
1310
1964
2421
2846
3357
3720
3770
3815
4023
4132
4001
3772
3641
3602
3359
2848
2409
2080
1582
925
343
-112
-596
-1221
-1818
-2179
-2405
-2694
-2962
-3000
-2829
-2643
-2445
-2079
-1593
-1153
-742
-283
153
502
835
1165
1390
1499
1598
1647
1579
1473
1350
1156
876
541
208
-156
-576
-1024
-1521
-1914
-2165
-2530
-2977
-3286
-3503
-3697
-3856
-3851
-3626
-3447
-3447
-3364
-3044
-2570
-2132
-1832
-1487
-1007
-551
-107
473
1200
2041
2944
3873
4869
5915
6957
7979
8817
9374
9792
10096
10048
9517
8602
7451
6039
4299
2399
536
-1245
-2957
-4678
-6302
-7501
-8217
-8634
-8899
-8962
-8579
-7861
-7169
-6430
-5519
-4514
-3524
-2706
-1954
-1073
-167
518
859
1134
1716
2375
2776
3045
3383
3764
3945
3804
3641
3646
3489
2926
2139
1401
757
-51
-1136
-2172
-2942
-3596
-4274
-4910
-5232
-5147
-4928
-4753
-4389
-3654
-2757
-2005
-1370
-581
479
1499
2083
2412
2939
3528
3801
3877
4156
4659
4894
4592
4275
4334
4336
3918
3305
2806
2415
1792
875
123
-357
-938
-1684
-2297
-2566
-2678
-2870
-2950
-2771
-2560
-2368
-2022
-1511
-1050
-707
-310
166
576
866
1082
1256
1374
1437
1468
1465
1409
1249
997
776
535
229
27
-144
-545
-1111
-1549
-1786
-2116
-2715
-3231
-3448
-3656
-4032
-4298
-4241
-4086
-4090
-4057
-3708
-3190
-2827
-2608
-2232
-1611
-1000
-536
-35
659
1398
2113
2973
3948
4855
5773
6816
7814
8543
9076
9596
9951
9839
9270
8446
7500
6260
4528
2644
977
-644
-2429
-4304
-5992
-7164
-7855
-8418
-8916
-8977
-8417
-7598
-6857
-6076
-4981
-3593
-2473
-1880
-1274
-318
584
924
861
1144
1826
2189
2084
2062
2505
3061
3151
2995
3101
3326
3241
2666
1932
1469
1042
212
-938
-2007
-2754
-3417
-4290
-5092
-5387
-5216
-5031
-5023
-4755
-3846
-2698
-1961
-1493
-592
715
1615
1893
2306
3225
3956
3948
3730
4002
4451
4337
3805
3631
3901
3893
3299
2729
2594
2422
1750
902
415
127
-521
-1438
-2068
-2361
-2643
-3003
-3136
-2845
-2468
-2253
-1908
-1334
-775
-307
161
636
1017
1324
1592
1658
1494
1330
1312
1220
886
531
408
284
-107
-564
-865
-999
-1407
-2053
-2466
-2623
-2739
-3178
-3508
-3482
-3549
-3772
-3930
-3699
-3357
-3168
-2944
-2609
-2217
-1920
-1661
-1252
-715
-209
226
739
1448
2342
3216
4030
4940
6034
7180
7987
8603
9206
9671
9780
9222
8383
7522
6488
4960
2839
919
-618
-2204
-4100
-5967
-6958
-7355
-7863
-8505
-8646
-7851
-6968
-6415
-5765
-4592
-3031
-1933
-1435
-895
122
1068
1183
912
1079
1626
1884
1715
1643
2006
2439
2420
2126
2153
2554
2661
2104
1347
961
768
144
-992
-2051
-2672
-3194
-3952
-4657
-4845
-4608
-4454
-4486
-4207
-3310
-2221
-1532
-1115
-348
859
1860
2269
2564
3221
3833
3823
3556
3719
4078
3925
3374
3151
3375
3383
2829
2243
2120
2059
1483
684
262
15
-596
-1411
-1903
-2084
-2357
-2743
-2906
-2715
-2379
-2021
-1551
-954
-377
149
681
1192
1558
1771
1926
1967
1849
1660
1523
1343
985
541
246
39
-356
-807
-1210
-1488
-1910
-2491
-2794
-2998
-3224
-3613
-3872
-3801
-3856
-4053
-4097
-3782
-3410
-3218
-3011
-2505
-1963
-1740
-1461
-975
-303
218
586
1361
2251
3025
3699
4338
5242
6210
7122
7835
8213
8601
8927
8942
8541
7746
6811
5758
4379
2631
881
-608
-2137
-3993
-5714
-6671
-7053
-7513
-8107
-8175
-7451
-6526
-5874
-5192
-4072
-2762
-1795
-1224
-589
320
1063
1212
1105
1366
1915
2204
2139
2115
2335
2572
2590
2449
2396
2543
2559
2025
1144
480
79
-609
-1731
-2726
-3290
-3722
-4371
-5128
-5334
-4858
-4513
-4558
-4319
-3345
-2088
-1351
-1015
-167
1130
1942
2159
2498
3275
3875
3808
3545
3727
4089
3987
3503
3177
3345
3451
3042
2626
2418
2299
1872
1097
555
121
-465
-1264
-1973
-2107
-2289
-2789
-3067
-2954
-2655
-2415
-1953
-1156
-409
110
621
1220
1781
2152
2244
2289
2306
2125
1787
1483
1039
362
-141
-562
-968
-1486
-1980
-2168
-2377
-2610
-2902
-3032
-2983
-3278
-3547
-3403
-3269
-3341
-3410
-3229
-2930
-2922
-2817
-2277
-1861
-1700
-1498
-1046
-351
210
722
1556
2493
3241
3836
4498
5389
6293
6977
7484
7882
8148
8215
8034
7532
6671
5688
4616
3270
1674
22
-1438
-2807
-4314
-5786
-6570
-6764
-7100
-7445
-7392
-6622
-5603
-5109
-4517
-3322
-2000
-1111
-748
-178
857
1650
1896
1801
1946
2568
2806
2521
2386
2539
2851
2822
2356
2172
2241
1981
1208
153
-483
-775
-1442
-2535
-3567
-3989
-4213
-4759
-5199
-5110
-4519
-4016
-3844
-3353
-2282
-1244
-689
-232
524
1591
2431
2605
2853
3466
3839
3642
3336
3639
3987
3753
3238
3061
3311
3218
2664
2087
1808
1604
894
25
-537
-945
-1542
-2485
-3184
-3353
-3431
-3630
-3722
-3276
-2691
-2269
-1552
-756
20
802
1480
2175
2620
2891
3120
3135
3012
2780
2514
2215
1716
1171
685
92
-434
-811
-1241
-1631
-1961
-2388
-2841
-3151
-3325
-3527
-3738
-3828
-3961
-4198
-4127
-3798
-3653
-3509
-3104
-2612
-2184
-1829
-1325
-650
-133
385
1174
2081
3010
3789
4397
5144
6029
6880
7561
7940
8215
8405
8184
7644
7000
6109
4905
3500
1943
296
-1304
-2707
-4063
-5563
-6751
-7297
-7594
-7824
-7862
-7485
-6577
-5629
-4873
-3839
-2475
-1195
-406
27
845
1938
2450
2401
2449
2897
3370
3370
3153
3200
3383
3267
2810
2486
2442
2291
1719
754
-110
-602
-1200
-2189
-3309
-4101
-4405
-4819
-5536
-5826
-5414
-4792
-4459
-4225
-3432
-2130
-1045
-521
23
1289
2537
2807
2869
3544
4270
4302
3870
3929
4448
4414
3827
3437
3444
3520
3114
2272
1710
1474
941
-44
-1042
-1606
-1962
-2761
-3724
-3985
-3747
-3799
-4089
-3994
-3303
-2511
-2024
-1565
-806
155
975
1475
1913
2535
3076
3192
3070
3100
3186
2975
2490
2003
1583
1193
712
53
-655
-1145
-1556
-2191
-2762
-3060
-3246
-3665
-4094
-4159
-4068
-4061
-4159
-3840
-3426
-3333
-3072
-2528
-1915
-1543
-1266
-715
94
719
1216
1932
2807
3797
4468
5138
6127
7015
7565
7728
7876
8126
8076
7352
6412
5453
4246
2802
1102
-508
-1958
-3203
-4520
-6037
-7042
-7302
-7288
-7621
-7903
-7370
-6315
-5451
-4891
-3998
-2525
-1152
-482
-51
962
2287
2964
2884
3021
3698
4124
3926
3595
3756
3997
3659
3057
2589
2461
2261
1585
626
-336
-934
-1468
-2440
-3584
-4462
-4776
-4935
-5593
-5957
-5414
-4722
-4429
-4429
-3764
-2309
-1223
-770
-266
938
2258
2751
2880
3567
4574
4825
4269
4172
4870
5163
4525
3861
3808
3747
3070
2228
1601
1090
443
-658
-1686
-2130
-2529
-3182
-3980
-4556
-4472
-4342
-4445
-4183
-3690
-3087
-2307
-1619
-783
255
1108
1762
2190
2612
3304
3764
3686
3468
3389
3308
2982
2520
2162
1828
1294
512
-203
-555
-810
-1385
-2151
-2719
-3060
-3460
-3967
-4341
-4526
-4713
-4903
-4835
-4496
-4181
-3951
-3559
-2944
-2272
-1607
-866
20
945
1765
2570
3579
4664
5426
5975
6747
7661
8179
8224
8158
8162
8022
7387
6439
5329
4138
2795
1120
-588
-2183
-3440
-4696
-6311
-7574
-8001
-8008
-8426
-8898
-8397
-7147
-6132
-5555
-4613
-2995
-1444
-607
-14
1108
2539
3382
3467
3688
4509
5169
4975
4483
4541
4870
4632
3850
3267
3073
2684
1726
510
-476
-1113
-1759
-2841
-4128
-4883
-5065
-5448
-6191
-6466
-5916
-5274
-5130
-5010
-4135
-2642
-1499
-1098
-574
810
2285
2827
2977
3859
5058
5315
4814
4893
5649
5842
5095
4365
4284
4241
3518
2423
1557
971
266
-848
-1926
-2555
-3118
-3962
-4884
-5297
-5030
-4857
-4964
-4672
-3976
-3133
-2196
-1416
-739
87
970
1692
2177
2682
3329
3717
3692
3633
3719
3713
3334
2732
2342
2080
1589
914
162
-514
-982
-1631
-2496
-3058
-3352
-3753
-4288
-4623
-4551
-4575
-4810
-4704
-4357
-4079
-3702
-3203
-2703
-2198
-1593
-848
-128
653
1671
2701
3536
4346
5320
6324
7135
7782
8309
8637
8751
8673
8371
7695
6623
5421
4129
2668
1135
-585
-2407
-3953
-5350
-6798
-7969
-8515
-8639
-8910
-9211
-8715
-7451
-6385
-5749
-4751
-3048
-1414
-514
137
1273
2663
3439
3477
3658
4453
5116
4945
4478
4527
4822
4615
3958
3442
3159
2738
1978
949
-39
-714
-1332
-2420
-3846
-4725
-4902
-5322
-6131
-6458
-6101
-5609
-5408
-5228
-4356
-2922
-1836
-1331
-680
697
2110
2588
2752
3716
4969
5259
4860
5102
5879
5955
5233
4646
4650
4565
3720
2633
1898
1315
504
-790
-2081
-2707
-3154
-4024
-4927
-5291
-5144
-5084
-5189
-4811
-3996
-3264
-2503
-1623
-793
154
1187
1958
2418
2824
3435
3895
3749
3588
3744
3651
3215
2722
2357
2030
1412
709
149
-395
-883
-1529
-2319
-2819
-3140
-3550
-4102
-4623
-4774
-4900
-5200
-5124
-4795
-4630
-4418
-3920
-3251
-2626
-1890
-966
-143
752
1906
3089
4211
5177
6015
6911
7815
8687
9251
9290
9215
9065
8565
7847
6855
5485
3932
2322
675
-1060
-2719
-4050
-5394
-7003
-8215
-8525
-8498
-8807
-9041
-8470
-7377
-6531
-5874
-4774
-3176
-1729
-903
-289
810
2222
3109
3310
3651
4542
5192
5170
5167
5501
5722
5409
4699
4199
3888
3271
2318
1071
-163
-1056
-2007
-3230
-4462
-5417
-5963
-6548
-7246
-7459
-7143
-6595
-6124
-5808
-4947
-3445
-2292
-1659
-647
1006
2347
2896
3563
4802
5811
6125
6245
6700
7220
7180
6607
6098
5873
5401
4272
2990
2108
1341
90
-1537
-2686
-3276
-4179
-5394
-6089
-6144
-6152
-6407
-6346
-5499
-4477
-3793
-2988
-1732
-361
726
1495
2226
3116
3941
4329
4356
4497
4799
4726
4213
3796
3593
3237
2522
1695
1104
588
-132
-1021
-2008
-2775
-3263
-4018
-4970
-5599
-5878
-6016
-6273
-6493
-6260
-5838
-5547
-5167
-4471
-3448
-2456
-1730
-824
534
1914
2950
3950
5293
6620
7492
8227
9222
10180
10522
10322
10127
9931
9369
8278
6838
5410
3855
1850
-385
-2424
-3979
-5441
-7394
-9141
-9910
-10177
-10512
-10864
-10579
-9395
-8181
-7306
-6185
-4451
-2470
-1119
-325
997
2839
4172
4571
4823
5794
6758
6670
6157
6246
6595
6217
5202
4465
4091
3527
2485
1049
-237
-1081
-2111
-3576
-4866
-5719
-6441
-7299
-8139
-8414
-8132
-7781
-7336
-6769
-6030
-4714
-3142
-1964
-948
473
2188
3343
3980
5214
6695
7250
7187
7395
7961
8032
7155
6355
6230
5910
4715
3135
2087
1426
176
-1641
-3099
-3753
-4361
-5687
-6833
-6813
-6396
-6551
-6880
-6361
-5024
-3974
-3321
-2220
-676
606
1492
2384
3441
4391
4966
5136
5234
5562
5702
5324
4717
4227
3830
3152
2259
1471
706
-233
-1188
-2110
-3059
-3678
-4316
-5246
-5948
-6304
-6423
-6777
-7242
-6986
-6438
-6097
-5690
-4938
-3897
-3066
-2287
-1215
-14
1232
2341
3408
4673
6069
7312
8113
8874
9959
10857
10880
10690
10856
10625
9716
8235
6785
5353
3507
1392
-910
-2773
-4428
-6370
-8360
-9746
-10041
-10262
-11023
-11324
-10426
-9064
-8053
-7119
-5638
-3622
-2013
-1020
121
1723
3379
4191
4237
4654
5718
6366
6037
5777
6070
6356
5767
4764
4406
4161
3593
2262
875
49
-839
-1935
-3468
-4928
-5742
-6320
-7373
-8166
-8187
-7920
-7587
-7577
-6925
-5556
-4161
-2895
-1940
-636
1167
2727
3517
4440
5925
7265
7553
7202
7820
8597
8356
7231
6366
6366
5654
4008
2619
1713
868
-658
-2572
-3585
-4123
-4995
-6224
-7268
-6988
-6551
-6924
-6964
-6007
-4729
-3985
-3272
-1977
-304
839
1659
2519
3381
4477
4989
5151
5382
5656
5663
5069
4533
4184
3702
2839
1972
1235
563
-153
-1149
-2061
-2915
-3477
-4170
-5239
-5812
-6054
-6328
-6797
-7045
-6600
-6318
-6147
-5579
-4837
-3874
-3038
-2257
-1115
82
1328
2553
3545
4789
6086
7063
8044
8969
9881
10409
10409
10578
10533
9951
9056
7817
6410
4740
2800
790
-1309
-3297
-4998
-6781
-8589
-9685
-10215
-10719
-11062
-10870
-9749
-8454
-7673
-6525
-4690
-2747
-1275
-293
874
2352
3714
4347
4478
5137
6019
6207
5873
5848
6179
6068
5362
4638
4186
3734
2901
1603
256
-692
-1488
-2740
-4336
-5489
-6058
-6701
-7606
-8211
-8154
-7777
-7497
-7200
-6451
-5099
-3638
-2632
-1753
-234
1702
3036
3628
4559
6142
7183
7234
7353
8036
8427
7811
6790
6449
6345
5337
3628
2296
1568
572
-1137
-2888
-3702
-4160
-5328
-6670
-7076
-6453
-6309
-6785
-6461
-5216
-4128
-3653
-2854
-1416
15
966
1772
2729
3714
4444
4604
4739
5040
5363
5280
4688
4281
3958
3595
2932
2099
1485
714
-279
-1466
-2451
-3013
-3778
-4872
-5887
-6450
-6662
-7047
-7407
-7293
-6852
-6481
-6198
-5469
-4288
-3220
-2489
-1679
-412
1014
2262
3232
4418
5898
7025
7881
8807
9964
10760
10882
10876
10861
10609
9791
8455
6902
5403
3673
1456
-853
-2807
-4431
-6492
-8615
-9835
-10297
-10735
-11495
-11680
-10762
-9448
-8476
-7623
-6046
-3847
-2078
-1144
-1
1918
3666
4455
4537
5190
6401
6720
6346
6192
6519
6758
6151
5179
4703
4490
3636
2236
949
44
-739
-2017
-3674
-4994
-5802
-6598
-7577
-8321
-8561
-8375
-8054
-7750
-7192
-5985
-4402
-3291
-2403
-957
971
2640
3533
4404
5762
6986
7545
7593
8012
8619
8396
7525
6846
6706
6112
4521
3015
2107
1267
-352
-2413
-3563
-4109
-5229
-6652
-7283
-6970
-6860
-7444
-7401
-6104
-4733
-3985
-3272
-1874
-151
989
1665
2683
3994
4818
4923
4965
5402
5805
5630
5040
4569
4286
3752
2836
1985
1396
718
-339
-1591
-2616
-3301
-3997
-4920
-5855
-6463
-6671
-6895
-7284
-7327
-6920
-6455
-6132
-5635
-4546
-3291
-2634
-2037
-675
997
2295
3195
4390
5876
7073
7959
8751
9902
10873
11067
10860
10790
10846
10194
8732
7223
5950
4242
2004
-243
-2172
-3836
-5884
-7951
-9391
-10028
-10276
-10881
-11426
-10981
-9583
-8452
-7737
-6320
-4172
-2406
-1431
-399
1319
3189
4186
4417
4797
5822
6678
6419
5935
6109
6498
6042
5001
4568
4461
3780
2326
893
74
-606
-1773
-3368
-4708
-5562
-6394
-7413
-8215
-8439
-8221
-8014
-7926
-7416
-6221
-4693
-3320
-2325
-1209
572
2399
3502
4402
5750
7070
7644
7690
8088
8872
8915
7917
7039
6836
6400
4983
3211
2053
1225
-256
-2225
-3511
-3945
-4787
-6539
-7820
-7653
-7172
-7461
-7667
-6722
-5206
-4294
-3679
-2320
-517
837
1705
2474
3504
4683
5340
5338
5326
5617
5742
5308
4771
4592
4331
3508
2427
1607
1058
395
-645
-1898
-2933
-3647
-4462
-5520
-6309
-6628
-7026
-7628
-7773
-7259
-6766
-6634
-6282
-5249
-3984
-3087
-2335
-1129
438
1778
2899
4253
5756
6998
7953
8976
10212
11172
11416
11280
11276
11255
10544
9031
7473
6016
4060
1679
-590
-2527
-4354
-6498
-8722
-10145
-10608
-10859
-11410
-11704
-10962
-9527
-8314
-7348
-5777
-3535
-1713
-852
81
1915
3803
4568
4526
5058
6173
6789
6525
6120
6385
6619
6047
4963
4309
4370
3882
2368
770
-107
-736
-2161
-3911
-5233
-6139
-6956
-8052
-8911
-9030
-8539
-8207
-8357
-7874
-6295
-4489
-3328
-2421
-827
1227
2802
3773
5001
6734
8041
8307
8335
9035
9802
9490
8261
7368
7058
6222
4416
2678
1728
709
-1226
-3308
-4347
-4734
-5720
-7255
-8021
-7693
-7390
-7577
-7375
-6245
-4956
-4126
-3281
-1848
-227
956
1815
2698
3724
4529
5081
5494
5648
5766
5730
5446
4882
4307
3983
3322
2249
1280
740
146
-1019
-2293
-3061
-3591
-4490
-5636
-6384
-6548
-6883
-7546
-7878
-7465
-6758
-6618
-6394
-5340
-3931
-2995
-2368
-978
843
2192
3215
4560
6218
7575
8583
9590
10675
11419
11582
11494
11321
10954
9949
8335
6734
5056
3048
682
-1596
-3341
-5199
-7391
-9317
-10470
-10893
-11405
-11837
-11404
-10246
-9061
-8239
-7050
-4983
-2823
-1468
-673
647
2661
4195
4555
4673
5553
6607
6783
6449
6674
7275
7186
6186
5135
4792
4738
3818
1846
140
-485
-1089
-2816
-4932
-6143
-6652
-7570
-8956
-9670
-9216
-8535
-8652
-8908
-7837
-5554
-3827
-3160
-2026
253
2416
3318
3968
5676
7653
8456
8052
8204
9376
9857
8928
7777
7591
7303
5673
3689
2533
1828
161
-2271
-3887
-4668
-5618
-7133
-8221
-8247
-8000
-7978
-7901
-7078
-5714
-4595
-3662
-2293
-552
801
1577
2358
3459
4431
5045
5321
5502
5650
5512
5355
5257
5131
4616
3656
2763
2027
1440
670
-461
-1725
-2810
-3548
-4370
-5487
-6417
-6926
-7365
-7917
-8259
-7898
-7079
-6668
-6497
-5719
-4363
-3032
-2024
-1076
307
1986
3376
4606
6075
7566
8740
9646
10530
11399
11860
11839
11685
11244
10242
8941
7469
5672
3582
1329
-900
-2953
-5036
-7141
-8921
-10169
-10970
-11529
-11797
-11518
-10619
-9620
-8549
-7052
-5236
-3362
-2013
-951
435
2162
3629
4197
4581
5428
6238
6541
6530
6572
6708
6594
5869
5086
4822
4530
3621
2231
900
-111
-1096
-2428
-4043
-5437
-6360
-7258
-8427
-9195
-9046
-8486
-8309
-8483
-7820
-6038
-4274
-3358
-2491
-472
1744
2967
3654
5037
7151
8367
8248
8170
9145
10058
9457
8166
7674
7561
6375
4295
2758
1985
767
-1374
-3360
-4392
-5107
-6354
-7672
-8081
-7776
-7768
-8031
-7574
-6289
-5088
-4301
-3236
-1600
-59
969
1880
3040
4217
4936
5258
5524
5669
5670
5547
5189
4863
4583
3972
3089
2191
1575
1111
180
-1060
-2034
-2773
-3483
-4458
-5475
-6027
-6467
-7185
-7841
-7948
-7388
-6881
-6843
-6447
-5249
-3890
-2849
-1815
-423
1017
2168
3370
4873
6391
7635
8654
9620
10491
11089
11399
11507
11334
10631
9378
7928
6473
4768
2618
309
-1777
-3777
-5985
-8082
-9478
-10242
-10977
-11687
-11674
-10766
-9571
-8571
-7497
-5809
-3719
-2065
-944
309
1843
3179
3908
4205
4739
5625
6119
6045
6040
6247
6496
6284
5516
5012
4718
4065
2827
1481
542
-503
-1973
-3630
-5110
-6008
-6687
-7641
-8576
-9091
-8907
-8466
-8345
-7879
-6543
-4770
-3505
-2710
-1188
925
2577
3566
4627
6196
7575
8101
8198
8698
9439
9414
8412
7431
7019
6346
4828
3185
2096
1009
-799
-2759
-3993
-4768
-5862
-7091
-7752
-7887
-7872
-7818
-7247
-6251
-5274
-4242
-3126
-1749
-450
641
1729
2727
3634
4320
4885
5281
5406
5355
5438
5390
4816
4167
3686
3335
2596
1696
1162
639
-282
-1597
-2547
-3008
-3688
-4884
-5796
-6106
-6468
-7084
-7533
-7165
-6606
-6326
-6076
-5411
-4212
-3269
-2374
-1135
401
1818
2971
4295
5608
6881
8160
9326
10134
10583
11039
11405
11302
10633
9698
8595
7097
5117
2942
925
-1002
-3127
-5402
-7298
-8507
-9392
-10330
-11056
-11030
-10282
-9441
-8721
-7653
-5959
-4110
-2663
-1534
-184
1420
2706
3381
3731
4415
5258
5603
5565
5500
5726
5886
5591
5199
4866
4711
4314
3180
1914
1026
354
-916
-2793
-4191
-5044
-5961
-7247
-8329
-8574
-8499
-8616
-8726
-8382
-7083
-5421
-4439
-3415
-1681
292
1880
2910
4294
6101
7299
7525
7780
8773
9480
9138
8302
7897
7746
6922
5341
3846
2929
1823
-153
-2251
-3368
-4025
-5464
-7237
-7901
-7621
-7687
-8055
-7664
-6409
-5366
-4680
-3594
-2087
-533
567
1339
2204
3159
4055
4524
4707
4971
5147
5138
5010
4861
4546
3938
3412
2783
1851
1199
618
-300
-1321
-2376
-3089
-3785
-4970
-5748
-6153
-6665
-7070
-7320
-6983
-6356
-6100
-5770
-4988
-4002
-3021
-1978
-808
430
1685
2965
4193
5404
6700
7948
9030
9873
10419
10895
11324
11153
10343
9436
8418
6947
4991
2917
1029
-986
-3291
-5492
-7369
-8841
-9907
-10737
-11280
-11279
-10644
-9724
-8813
-7551
-5811
-4062
-2431
-957
326
1762
3231
4127
4397
4721
5412
5902
5658
5357
5642
5961
5633
4773
4279
4172
3880
2846
1264
432
-144
-1356
-2962
-4462
-5142
-5828
-7155
-8128
-8344
-7974
-7727
-7978
-7624
-6382
-5019
-3947
-3222
-1801
378
1750
2451
3503
5240
6858
7140
7293
8356
9316
9204
8341
8007
7992
7249
5607
3831
2695
1581
-388
-2666
-4091
-4815
-5925
-7483
-8379
-8182
-7804
-7796
-7554
-6487
-5005
-3814
-2755
-1436
67
1346
2198
2943
3633
4216
4751
4968
4793
4700
4712
4482
4190
3676
3226
3019
2363
1595
855
172
-311
-1370
-2478
-3158
-3968
-4774
-5651
-6366
-6675
-6983
-7190
-7013
-6617
-6210
-5641
-4769
-3681
-2606
-1424
-104
1104
2444
3836
5097
6313
7326
8327
9395
9953
10087
10413
10704
10322
9206
8046
7120
5788
3761
1679
23
-1673
-3773
-5980
-7490
-8259
-9107
-10151
-10825
-10443
-9500
-8895
-8243
-6927
-4944
-3229
-2222
-1052
694
2589
3592
3762
4304
5332
6041
5819
5443
5722
6031
5725
4903
4321
4195
3877
2946
1672
715
126
-745
-2223
-3680
-4525
-5199
-6367
-7678
-8264
-8123
-7934
-7985
-7860
-7095
-5822
-4680
-3855
-2656
-748
1026
1995
2894
4567
6373
7198
7274
7689
8608
9096
8640
7893
7579
7261
6029
4181
2925
2312
1046
-1144
-2970
-3737
-4390
-5765
-7037
-7307
-7098
-7203
-7203
-6457
-5281
-4382
-3628
-2390
-1094
158
1177
1968
2995
3733
4352
4778
4962
5211
5106
4747
4356
4086
3702
3084
2355
1490
763
197
-390
-1267
-2342
-3020
-3406
-4261
-5254
-5552
-5641
-6206
-6897
-6889
-6142
-5653
-5564
-5091
-4228
-3330
-2487
-1539
-212
1245
2380
3411
4516
5743
7049
8009
8803
9381
9788
10196
10215
9927
9071
7906
6825
5362
3734
2089
480
-1225
-3401
-5281
-6622
-7919
-8832
-9478
-10001
-9981
-9536
-8675
-7600
-6509
-4977
-3466
-2113
-715
428
1866
3154
3727
4066
4404
5137
5603
5319
5168
5394
5503
5156
4414
3800
3649
3181
1892
587
-167
-765
-1906
-3515
-4700
-5258
-5984
-7006
-7754
-7860
-7519
-7384
-7461
-6956
-5606
-4200
-3381
-2645
-1088
910
2234
2913
3917
5580
6728
6856
6974
7689
8388
7992
7042
6594
6406
5651
4128
2850
2096
1016
-768
-2511
-3422
-4033
-5146
-6387
-6856
-6615
-6468
-6520
-6125
-5103
-4126
-3469
-2688
-1476
-49
1057
1927
2741
3472
4204
4675
4902
5006
5070
5065
4582
3917
3518
3262
2795
1833
993
635
0
-1021
-1972
-2704
-3251
-4136
-5211
-5697
-5839
-6143
-6658
-6831
-6172
-5514
-5330
-5001
-4149
-3000
-2251
-1609
-393
966
2058
2976
4046
5264
6469
7659
8497
9101
9567
9937
10184
9828
9057
8105
6918
5462
3703
1826
86
-1623
-3574
-5589
-7142
-7981
-8718
-9531
-9973
-9758
-9013
-8260
-7382
-6223
-4745
-3200
-1947
-701
628
2100
3308
3821
4178
4743
5318
5572
5439
5261
5337
5422
5024
4367
3921
3713
3228
2046
862
165
-405
-1531
-3310
-4583
-5198
-6059
-7076
-7796
-7929
-7530
-7341
-7370
-6903
-5611
-3983
-3031
-2336
-877
1047
2477
3023
3903
5632
6730
6663
6521
7221
7904
7439
6571
6068
5818
5146
3578
2222
1665
855
-745
-2421
-3269
-3635
-4653
-5931
-6417
-6189
-6062
-6284
-5895
-4808
-3896
-3349
-2634
-1291
105
1017
1666
2409
3332
4115
4537
4800
5029
5084
4956
4576
4185
3905
3521
2863
1786
940
472
-237
-1270
-2384
-3076
-3510
-4376
-5334
-5757
-5766
-6014
-6712
-6845
-6028
-5332
-5090
-4739
-3827
-2682
-2041
-1411
-163
1251
2400
3317
4320
5566
6678
7712
8561
8925
9299
9756
10006
9668
8765
7803
6647
5130
3303
1499
-88
-1717
-3720
-5806
-7230
-8027
-8734
-9711
-10100
-9535
-8881
-8222
-7342
-5986
-4308
-2805
-1607
-527
847
2400
3417
3781
4159
4745
5295
5497
5254
5049
5192
5223
4732
4089
3676
3520
2875
1509
453
-130
-891
-2273
-3675
-4580
-5300
-6035
-6979
-7737
-7772
-7318
-7158
-7339
-6791
-5183
-3672
-2957
-2062
-220
1870
3004
3538
4642
6166
7160
7129
7129
7792
8247
7763
6699
6129
5890
4987
3276
1755
1111
292
-1492
-3183
-3932
-4523
-5635
-6729
-7024
-6680
-6508
-6438
-5831
-4823
-3829
-2929
-2042
-899
378
1319
2110
2945
3658
4357
4881
5009
5056
5053
4827
4479
3984
3471
3151
2595
1552
577
17
-509
-1530
-2658
-3130
-3542
-4533
-5369
-5682
-5706
-5827
-6276
-6234
-5509
-4966
-4603
-4134
-3344
-2253
-1493
-723
464
1531
2525
3511
4407
5521
6606
7499
8282
8671
8921
9295
9333
8771
7848
6947
6000
4534
2662
891
-677
-2332
-4280
-6157
-7373
-8063
-8851
-9698
-9859
-9158
-8283
-7599
-6714
-5259
-3436
-1812
-656
423
1775
3060
3800
4160
4622
5245
5650
5582
5264
5072
4978
4655
4033
3399
3018
2715
2017
817
-312
-989
-1691
-2883
-4179
-5034
-5608
-6342
-7180
-7669
-7566
-7164
-6916
-6719
-5990
-4571
-3108
-2158
-1315
120
1880
3092
3816
4936
6407
7190
7057
6983
7500
7837
7204
6078
5454
5186
4267
2690
1460
730
-366
-2011
-3382
-4026
-4479
-5314
-6198
-6387
-5999
-5790
-5743
-5184
-4155
-3285
-2560
-1520
-291
725
1534
2352
3143
3741
4229
4664
4837
4755
4619
4480
4165
3572
3086
2703
1944
961
45
-648
-1125
-2013
-3056
-3550
-4018
-4762
-5470
-5802
-5590
-5679
-6159
-5950
-5176
-4472
-4095
-3853
-2985
-1840
-1040
-46
1211
2431
3532
4329
5124
6198
7285
8139
8595
8799
9066
9243
8975
8162
7114
6175
5063
3319
1269
-349
-1583
-3264
-5522
-7346
-8074
-8440
-9254
-10062
-9880
-8775
-7802
-7225
-6196
-4329
-2446
-1266
-428
949
2770
3956
4426
4697
5274
5924
5867
5507
5149
5038
5027
4346
3614
3235
3015
2526
1282
138
-585
-1199
-2091
-3557
-4646
-5202
-5814
-6632
-7482
-7594
-7060
-6769
-6692
-6210
-5059
-3566
-2538
-1865
-630
1126
2623
3512
4366
5723
6890
7055
6778
7063
7664
7476
6439
5628
5315
4610
3170
1734
748
-250
-1687
-3188
-4136
-4628
-5244
-6086
-6544
-6286
-5922
-5738
-5174
-4104
-3032
-2183
-1250
34
1159
1820
2523
3262
3717
4065
4370
4591
4592
4257
3947
3807
3429
2809
2283
1855
1311
495
-202
-636
-1326
-2437
-3317
-3770
-4346
-5112
-5807
-5790
-5688
-6028
-5934
-5439
-4565
-4025
-3794
-2888
-1658
-707
34
1148
2489
3591
4127
4878
6179
7279
8014
8123
8377
8861
8951
8519
7627
6800
5805
4495
2855
1092
-367
-1725
-3320
-5221
-6781
-7469
-7774
-8498
-9338
-9262
-8288
-7446
-7061
-6171
-4307
-2326
-1190
-600
682
2672
3925
4119
4390
5204
5900
5820
5328
5246
5454
5186
4283
3368
3034
2925
2228
941
-188
-779
-1288
-2311
-3648
-4593
-5000
-5516
-6504
-7264
-7090
-6483
-6398
-6587
-6017
-4560
-3200
-2527
-1760
-106
1831
2962
3467
4433
5939
6827
6765
6797
7256
7560
6968
5905
5391
4945
4011
2551
1144
334
-595
-2096
-3483
-4103
-4498
-5204
-5988
-6326
-6038
-5632
-5368
-4901
-4069
-3222
-2464
-1600
-387
861
1641
2309
2942
3589
4266
4579
4781
4848
4608
4378
4096
3724
3224
2564
1872
1060
189
-577
-1137
-1826
-2803
-3480
-3936
-4495
-4928
-5295
-5344
-5226
-5526
-5447
-4833
-4155
-3600
-3337
-2547
-1460
-692
32
932
2141
3209
3936
4545
5430
6565
7330
7624
7758
8112
8437
8139
7364
6584
5706
4507
2977
1183
-444
-1740
-3192
-4996
-6652
-7513
-7729
-8197
-8955
-8985
-8025
-6934
-6273
-5500
-3940
-2030
-738
-107
787
2370
3749
4107
3999
4382
5123
5286
4793
4471
4555
4611
4111
3060
2406
2433
2176
1149
-80
-707
-917
-1759
-3156
-4190
-4696
-5149
-6033
-6965
-7022
-6421
-6080
-6168
-5887
-4654
-3156
-2182
-1457
-295
1480
2973
3610
4303
5583
6743
7086
6765
6720
7072
6828
5826
4816
4205
3623
2388
804
-183
-727
-1666
-3022
-4017
-4330
-4537
-5045
-5480
-5428
-5039
-4693
-4372
-3802
-3028
-2297
-1605
-746
221
1107
1855
2512
3099
3604
4085
4391
4360
4162
3992
3752
3400
2905
2266
1722
1064
428
-219
-926
-1414
-2152
-2791
-3227
-3768
-4134
-4491
-4575
-4473
-4707
-4783
-4497
-4077
-3588
-3337
-2764
-1713
-872
-105
651
1746
2951
3679
4460
5351
6400
7335
7577
7673
7985
8181
7813
6956
6012
5083
3954
2292
567
-961
-2312
-3651
-5459
-6916
-7649
-7943
-8251
-8835
-8571
-7466
-6390
-5733
-5031
-3284
-1456
-423
201
1074
2615
3759
4173
4339
4781
5598
5781
5309
4914
4994
5080
4404
3344
2751
2667
2206
1001
-295
-907
-1138
-2005
-3451
-4539
-4934
-5227
-6082
-7129
-7246
-6494
-6082
-6264
-6030
-4686
-3006
-2112
-1594
-254
1719
3044
3460
4081
5467
6624
6666
6197
6252
6656
6384
5253
4206
3781
3332
2194
795
-100
-669
-1680
-3023
-3854
-3998
-4212
-4878
-5418
-5248
-4713
-4353
-3950
-3298
-2473
-1766
-1153
-249
758
1673
2267
2624
3233
3790
4090
4198
4156
4115
3871
3534
3071
2447
1964
1394
676
-73
-699
-1128
-1813
-2571
-3061
-3524
-3863
-4259
-4850
-5024
-4949
-4957
-4771
-4480
-3893
-3099
-2600
-1945
-1041
-162
722
1365
2099
3148
3972
4568
5394
6276
7029
7377
7252
7505
7910
7777
6990
5883
5059
4027
2332
404
-1168
-2294
-3680
-5568
-7176
-7744
-7703
-8050
-8641
-8335
-7018
-5933
-5516
-4769
-2995
-1092
-218
143
1068
2610
3716
3728
3658
4287
5082
5098
4387
4199
4631
4665
3852
2875
2695
2758
2151
863
-351
-670
-1033
-2337
-3797
-4661
-4919
-5294
-6275
-6950
-6645
-6152
-6130
-6197
-5543
-4021
-2560
-1822
-1210
190
2045
3182
3597
4409
5786
6599
6365
6061
6490
6894
6307
5116
4355
4062
3281
1813
471
-204
-812
-1976
-3275
-3856
-3936
-4430
-5114
-5449
-5129
-4791
-4723
-4268
-3563
-2615
-1865
-1151
-94
824
1621
2165
2699
3263
3669
3969
4010
3913
3899
3790
3420
2959
2427
1998
1426
712
104
-601
-1086
-1713
-2523
-3053
-3563
-3837
-4191
-4613
-4640
-4683
-4602
-4414
-4073
-3407
-2926
-2466
-1818
-1017
-106
698
1564
2567
3474
4146
4852
5817
6789
7366
7573
7751
7915
7815
7225
6191
5091
4108
2836
1003
-829
-2034
-3046
-4744
-6700
-7644
-7593
-7658
-8288
-8640
-7735
-6240
-5537
-5292
-4126
-2053
-471
-70
294
1755
3449
3987
3644
3807
4810
5523
5143
4425
4493
4906
4594
3423
2496
2617
2692
1722
153
-771
-812
-1314
-2726
-4128
-4705
-4798
-5563
-6771
-7183
-6747
-6194
-6268
-6469
-5270
-3248
-2039
-1637
-790
1229
3089
3672
4013
5183
6586
6894
6326
6096
6527
6627
5497
4267
3824
3461
2530
1098
87
-356
-1139
-2426
-3485
-3834
-3918
-4398
-5117
-5178
-4687
-4443
-4226
-3803
-3062
-2189
-1690
-1148
-339
619
1556
2164
2597
3069
3597
3894
3863
3782
3761
3676
3122
2459
2146
1705
1123
379
-425
-804
-1237
-1994
-2687
-3249
-3533
-3791
-4274
-4470
-4447
-4422
-4251
-4046
-3663
-3222
-2816
-2123
-1280
-522
258
1253
2365
3313
4013
4761
5825
6706
7169
7371
7455
7696
7617
7112
6224
5166
4221
2831
1346
-193
-1687
-2854
-4258
-5835
-7178
-7738
-7758
-8064
-8561
-8388
-7233
-6147
-5583
-4705
-3026
-1173
-37
525
1431
3005
4226
4427
4256
4500
5211
5293
4642
4286
4439
4656
3895
2744
2568
2772
2509
1203
-319
-776
-982
-1797
-3332
-4668
-4909
-5199
-6301
-7253
-7017
-6082
-5825
-6326
-6048
-4246
-2513
-1876
-1386
39
1985
3090
3406
4230
5645
6539
6399
5999
6380
6797
6214
5083
4226
3763
2992
1710
458
-261
-934
-1947
-3046
-3916
-4015
-4204
-4754
-5047
-4995
-4280
-3730
-3533
-3063
-2324
-1295
-606
-178
509
1195
1844
2191
2434
2942
3368
3572
3404
3311
3534
3309
2787
2221
1676
1406
650
-494
-1083
-1511
-2083
-2837
-3735
-4062
-4195
-4483
-4594
-4613
-4303
-4134
-4094
-3721
-3295
-2501
-1750
-1309
-563
421
1587
2735
3498
4294
5486
6596
7297
7646
7936
8439
8752
8349
7376
6464
5704
4470
2657
920
-416
-1725
-3385
-5121
-6374
-7086
-7690
-8387
-8858
-8693
-7918
-7059
-6423
-5677
-4234
-2507
-1327
-707
111
1584
2805
3254
3384
3826
4534
4904
4806
4569
5065
5412
4846
4113
3593
3746
3469
2188
944
61
-506
-1374
-2970
-4233
-4636
-5119
-6062
-7101
-7253
-6378
-5914
-6219
-6014
-4640
-3116
-2354
-2064
-841
1180
2384
2857
3400
4879
6309
6257
5906
6268
6895
6706
5732
4938
4542
3937
2564
1224
541
-193
-1287
-2523
-3462
-3877
-4335
-4810
-4961
-4939
-4769
-4601
-4131
-3354
-2770
-2232
-1539
-661
82
581
1217
1952
2470
2806
3134
3423
3495
3370
3369
3234
2818
2440
2092
1744
1003
134
-321
-803
-1409
-2116
-2843
-3190
-3514
-3999
-4204
-4175
-4016
-3965
-4131
-3860
-3228
-2821
-2514
-2002
-1142
-280
516
1625
2714
3599
4462
5454
6619
7455
7765
7998
8377
8602
8339
7482
6375
5491
4365
2600
618
-1082
-2313
-3891
-5933
-7351
-7841
-8050
-8718
-9296
-8926
-7827
-6873
-6473
-5658
-3904
-2105
-1212
-797
367
2131
3207
3190
3184
4044
5055
5145
4659
4711
5352
5573
4844
4070
4048
4159
3486
1957
638
273
-221
-1692
-3388
-4357
-4505
-4974
-6291
-7092
-6773
-6115
-5943
-6424
-5949
-4167
-2881
-2421
-1913
-431
1532
2317
2379
3207
4798
5820
5577
5229
5701
6322
5942
4874
4362
4245
3563
2176
933
393
-42
-1061
-2393
-3237
-3440
-3617
-4125
-4492
-4494
-4277
-4037
-3950
-3583
-2858
-2041
-1418
-1011
-293
612
1355
1841
2146
2752
3376
3467
3200
3111
3454
3327
2483
1857
1587
1411
701
-286
-604
-983
-1688
-2328
-2972
-3154
-3273
-3797
-4069
-4099
-3977
-3740
-3759
-3546
-3053
-2632
-2055
-1484
-826
-57
564
1449
2515
3290
4043
5081
6181
7125
7747
8026
8425
8740
8556
7896
6675
5557
4479
2763
712
-1079
-2443
-3967
-5836
-7433
-8117
-8237
-8521
-8973
-8853
-7682
-6606
-6096
-5256
-3608
-1831
-1094
-850
154
1796
2994
3236
3121
3710
4770
4941
4493
4457
4925
5282
4664
3684
3620
3940
3540
2203
742
370
211
-1002
-2669
-3867
-4233
-4612
-5896
-7048
-6774
-6035
-6080
-6616
-6333
-4573
-3065
-2621
-2086
-509
1578
2443
2555
3437
5069
6033
5571
5205
5752
6167
5522
4318
3819
3798
3202
2006
906
448
84
-797
-1794
-2492
-2764
-3060
-3601
-3909
-3946
-3839
-3819
-3854
-3441
-2782
-2114
-1539
-1109
-513
139
800
1376
1721
2195
2753
3072
3051
2994
3203
3247
2870
2354
1897
1458
850
17
-733
-1235
-1781
-2628
-3502
-3857
-3943
-4154
-4180
-4194
-4045
-3601
-3398
-3042
-2551
-2165
-1540
-1057
-532
288
983
1765
2591
3285
4132
5080
6001
6853
7414
7780
8198
8418
8239
7574
6608
5641
4273
2477
715
-867
-2296
-3983
-5875
-7186
-7770
-8123
-8669
-9176
-8756
-7576
-6736
-6211
-5160
-3455
-1952
-1286
-793
415
1947
2827
2890
2981
3768
4644
4697
4305
4442
5080
5243
4479
3762
3875
4026
3316
2004
912
489
91
-1159
-2812
-3749
-4008
-4693
-6051
-6891
-6520
-5858
-5993
-6430
-5746
-4059
-2818
-2370
-1693
-44
1818
2583
2677
3524
4931
5522
5072
4803
5322
5639
4969
3979
3519
3377
2820
1819
997
553
-16
-1022
-2028
-2544
-2783
-3144
-3565
-3799
-3732
-3592
-3507
-3293
-3025
-2680
-2067
-1399
-932
-305
533
1179
1497
1708
2320
2969
3244
3056
2982
3357
3224
2795
2323
1966
1605
742
-46
-544
-914
-1547
-2540
-3397
-3732
-3859
-4237
-4456
-4390
-4092
-3869
-3722
-3223
-2714
-2283
-1810
-1323
-606
260
1106
2020
2728
3440
4419
5288
6159
6911
7465
7975
8168
8194
8045
7266
6209
5322
4035
2278
543
-1004
-2297
-4005
-6002
-7238
-7820
-8287
-8816
-9164
-8560
-7516
-6979
-6345
-5222
-3616
-2150
-1531
-923
345
1889
2758
2887
3191
4003
4754
4705
4388
4649
5266
5277
4441
3783
3962
4219
3508
2124
1116
896
425
-980
-2561
-3431
-3706
-4583
-5941
-6641
-6363
-5848
-6031
-6308
-5631
-4084
-2790
-2305
-1634
-96
1483
2141
2418
3356
4668
5147
4688
4519
5156
5585
4932
3899
3515
3425
2662
1400
592
276
-347
-1452
-2353
-2640
-2713
-3061
-3532
-3633
-3376
-3152
-3050
-2839
-2426
-1947
-1483
-1049
-631
-43
712
1232
1477
1777
2372
2983
3074
2912
2954
3072
2873
2288
1657
1374
1172
321
-696
-1289
-1756
-2338
-3143
-3672
-3744
-3833
-4024
-4249
-4194
-3675
-3413
-3343
-2950
-2555
-2037
-1472
-910
-159
587
1480
2431
3164
3905
4979
6114
6998
7557
7805
8088
8157
7857
7309
6428
5613
4580
2923
1201
-227
-1401
-2819
-4704
-6359
-7233
-7583
-8099
-8678
-8563
-7742
-6995
-6565
-5782
-4315
-2653
-1609
-1226
-440
1094
2265
2442
2423
3061
4047
4390
4046
4003
4509
4869
4565
3864
3709
4142
3977
2934
1808
1121
677
-350
-1992
-3247
-3738
-4038
-4957
-6314
-6805
-6289
-5924
-6085
-6084
-4996
-3325
-2357
-1880
-853
905
2308
2685
2894
4028
5259
5345
4842
4735
5277
5224
4273
3427
3088
2995
2081
794
121
-123
-546
-1442
-2270
-2647
-2751
-3058
-3470
-3701
-3614
-3313
-3072
-2767
-2420
-1829
-1166
-781
-318
384
1237
1730
1822
2241
2909
3308
3142
2862
3035
3032
2546
1844
1269
1081
613
-342
-1094
-1484
-1848
-2526
-3363
-3676
-3745
-4094
-4334
-4238
-3918
-3722
-3648
-3177
-2549
-2137
-1635
-1030
-316
472
1111
1983
2942
3702
4399
4962
5823
6773
7215
7388
7544
7761
7708
7062
6136
5198
4107
2581
801
-638
-1844
-3337
-5138
-6685
-7374
-7689
-8253
-8690
-8552
-7631
-6592
-6225
-5557
-3890
-2181
-1233
-954
-244
1303
2457
2743
2740
3119
4039
4409
3988
3868
4429
4956
4528
3767
3608
3986
3938
2731
1487
829
628
-118
-1908
-3132
-3453
-3743
-4838
-6215
-6240
-5365
-5151
-5687
-5753
-4535
-2971
-2381
-2155
-1092
704
2107
2334
2551
3837
5049
5125
4681
4687
5088
5004
4175
3332
2935
2624
1794
596
-226
-630
-1162
-1868
-2552
-3029
-3129
-3160
-3397
-3459
-3186
-2828
-2447
-2123
-1753
-1123
-407
81
333
746
1370
1771
1836
1961
2243
2529
2612
2392
2294
2217
2081
1662
1053
682
138
-355
-914
-1515
-2030
-2703
-3160
-3546
-3828
-4002
-4145
-4095
-4031
-3767
-3237
-2769
-2391
-1866
-1147
-282
390
999
2100
3227
3862
4252
4908
6013
7034
7267
7185
7467
7825
7737
6958
6073
5229
4219
2731
882
-337
-1387
-2783
-4633
-6406
-7104
-7330
-7764
-8444
-8632
-7863
-6907
-6300
-5647
-4292
-2553
-1352
-949
-360
1115
2589
3073
2834
2928
3819
4607
4435
4044
4331
4902
4819
3955
3388
3662
3806
2907
1418
636
633
8
-1629
-3225
-3878
-3967
-4752
-6062
-6479
-5912
-5405
-5620
-5913
-4999
-3292
-2288
-2096
-1501
243
1922
2271
2358
3372
4648
5026
4475
4260
4812
4960
4217
3296
2853
2767
2242
1142
244
-152
-528
-1273
-2069
-2415
-2473
-2661
-2967
-3138
-3012
-2710
-2400
-2143
-1861
-1334
-657
-130
169
488
1025
1612
1818
1858
2202
2588
2719
2372
2151
2376
2214
1721
1056
648
463
-412
-1192
-1475
-1769
-2200
-3009
-3556
-3622
-3741
-3888
-4046
-3961
-3640
-3368
-3059
-2622
-2069
-1613
-1078
-424
230
1156
2117
2998
3735
4254
5119
6159
6953
7367
7460
7734
7876
7637
7090
6191
5334
4195
2591
915
-636
-1954
-3348
-5114
-6851
-7789
-8077
-8361
-8805
-8869
-8013
-6872
-6246
-5723
-4367
-2587
-1397
-1060
-482
1064
2412
2834
2612
2912
3931
4486
4276
3979
4388
4985
4966
4202
3659
4110
4391
3611
2071
1034
945
455
-1114
-2757
-3511
-3709
-4458
-5902
-6562
-5993
-5372
-5686
-6100
-5150
-3473
-2369
-2056
-1345
350
1761
2231
2484
3331
4275
4382
3990
4060
4444
4233
3455
2801
2664
2471
1568
651
267
-103
-713
-1330
-1670
-1844
-2239
-2636
-2796
-2946
-2881
-2607
-2415
-2153
-1875
-1420
-754
-240
213
703
1305
1753
1853
2129
2614
2887
2630
2232
2261
2327
2053
1348
791
704
185
-599
-1115
-1505
-1792
-2444
-3280
-3619
-3752
-3879
-3987
-4162
-3893
-3496
-3304
-2832
-2265
-1724
-1166
-730
-148
739
1508
2277
3080
3680
4536
5451
6325
6992
7241
7549
7768
7813
7363
6452
5658
4753
3496
1719
-133
-1449
-2686
-4246
-5988
-7180
-7470
-7601
-8077
-8499
-8162
-7208
-6326
-5748
-4807
-3164
-1635
-805
-509
314
1736
2698
2927
2976
3562
4278
4337
3894
3871
4563
4951
4278
3434
3554
4013
3751
2621
1422
898
621
-479
-2264
-3289
-3602
-4192
-5530
-6779
-6469
-5492
-5430
-6005
-5863
-4435
-2815
-2066
-1601
-339
1326
2248
2386
2906
4224
5149
4939
4426
4447
4739
4550
3704
2891
2481
1951
1079
191
-466
-889
-1338
-2010
-2653
-2917
-2870
-2875
-3053
-3131
-2881
-2360
-1921
-1736
-1432
-775
-96
211
430
1076
1885
2142
1999
2078
2526
2972
2673
2095
1857
1809
1630
805
218
95
-303
-826
-1595
-2175
-2334
-2719
-3198
-3651
-3950
-3829
-3941
-4120
-3822
-3485
-2959
-2470
-2321
-1786
-866
87
767
1146
2090
3246
3889
4535
5387
6522
7484
7499
7340
7655
7983
7815
6737
5611
4931
3852
2194
212
-1143
-1904
-3275
-5176
-6795
-7326
-7300
-7771
-8402
-8350
-7408
-6421
-6040
-5518
-3983
-2160
-1147
-834
-280
1111
2472
2714
2447
2919
3933
4479
4126
3672
4102
4771
4541
3642
3281
3595
3692
2757
1311
728
658
-5
-1575
-3050
-3501
-3741
-4599
-5824
-6376
-5881
-5267
-5462
-5604
-4435
-2684
-1654
-1429
-639
982
2252
2688
2870
3733
4761
4895
4407
4265
4593
4550
3879
3120
2614
2091
1294
419
-269
-786
-1344
-1924
-2356
-2616
-2751
-2804
-2858
-2939
-2879
-2574
-2139
-1821
-1668
-1256
-607
-113
154
496
1177
1627
1705
1935
2326
2623
2438
2027
1941
2001
1804
1186
811
763
231
-520
-1108
-1441
-1632
-2279
-3085
-3313
-3217
-3309
-3589
-3706
-3411
-3059
-2904
-2642
-2160
-1631
-1175
-690
-5
769
1522
2328
3162
3908
4681
5626
6515
7002
7206
7434
7627
7455
6809
5890
4971
3992
2639
902
-677
-1818
-2952
-4516
-6228
-7214
-7451
-7693
-8227
-8508
-7808
-6680
-6036
-5655
-4510
-2490
-1011
-505
-109
949
2613
3413
3126
3174
3781
4348
4226
3687
3887
4572
4687
3845
3024
3309
3794
3260
1780
712
590
252
-1034
-2682
-3465
-3513
-4107
-5447
-6246
-5748
-5078
-5426
-6029
-5343
-3613
-2333
-2079
-1540
129
1738
2428
2748
3797
5108
5433
4906
4485
4739
4741
3786
2619
2023
1774
1132
191
-490
-887
-1218
-1672
-2204
-2367
-2383
-2608
-2648
-2599
-2558
-2350
-2130
-1762
-1298
-1073
-665
-105
165
496
818
1174
1566
1680
1891
2249
2324
2098
2072
2103
1900
1572
973
636
404
-330
-1051
-1576
-1930
-2253
-2913
-3308
-3191
-3244
-3346
-3353
-3230
-2798
-2622
-2503
-2062
-1766
-1372
-927
-488
315
1037
1749
2590
3349
4188
4974
5797
6598
7031
7232
7366
7565
7509
6863
5958
5039
3970
2478
646
-1011
-2143
-3366
-5268
-7011
-7725
-7835
-8241
-8811
-8636
-7609
-6637
-6119
-5391
-3790
-1789
-643
-400
44
1439
2971
3372
3070
3126
3901
4475
4171
3831
4085
4602
4361
3379
2904
3212
3482
2693
1309
654
513
-13
-1357
-2707
-3215
-3563
-4480
-5663
-6147
-5645
-5133
-5450
-5812
-4919
-3289
-2275
-1940
-1052
805
2382
2882
3129
4162
5429
5568
4775
4408
4686
4504
3560
2565
2007
1743
1072
95
-653
-1192
-1499
-1889
-2380
-2601
-2580
-2406
-2488
-2708
-2596
-2184
-1585
-1366
-1481
-1095
-281
254
303
369
956
1643
1720
1590
1816
2319
2462
2058
1844
1909
1781
1239
643
235
-183
-638
-1269
-1764
-1973
-2452
-3004
-3297
-3430
-3282
-3339
-3574
-3339
-3113
-2762
-2160
-1777
-1342
-844
-272
475
1176
1824
2664
3467
4053
4771
5704
6785
7471
7579
7723
7842
7711
7068
5998
5065
3939
2290
370
-1265
-2267
-3371
-5027
-6672
-7566
-7754
-8000
-8477
-8484
-7722
-6836
-6341
-5836
-4515
-2736
-1551
-1076
-509
864
2340
2934
2863
3218
4240
4803
4570
4211
4452
5160
4951
3865
3331
3528
3738
3015
1571
872
732
27
-1335
-2829
-3351
-3376
-4403
-5654
-6165
-5865
-5343
-5563
-5762
-4880
-3392
-2372
-2001
-1326
266
1825
2342
2624
3483
4633
5172
4854
4769
5100
5154
4631
3773
3233
2803
1991
950
-87
-849
-1473
-2130
-2721
-3213
-3544
-3630
-3563
-3547
-3422
-2959
-2304
-1844
-1558
-1046
-290
363
730
913
1245
1768
1892
1786
1931
2120
2167
1895
1618
1608
1591
1133
620
310
-171
-435
-910
-1401
-1671
-2299
-2686
-2929
-3203
-3244
-3368
-3554
-3438
-3220
-3082
-2637
-2144
-1761
-1232
-631
177
1057
1806
2719
3629
4321
5181
6078
6873
7602
7881
7810
7716
7455
6937
6110
5002
3761
2348
767
-795
-2153
-3399
-4842
-6386
-7473
-7895
-8053
-8303
-8369
-7844
-7018
-6408
-5788
-4541
-2834
-1598
-1145
-658
528
1912
2606
2669
2912
3619
4205
4228
4110
4422
4881
4753
4072
3677
3941
4118
3390
2086
1222
960
418
-874
-2282
-3127
-3615
-4369
-5415
-6016
-5701
-5159
-5293
-5613
-4960
-3452
-2320
-1977
-1514
-212
1311
2072
2314
3033
4206
4774
4467
4270
4676
4937
4387
3412
2788
2455
1810
819
-131
-770
-1186
-1782
-2424
-2818
-3091
-3156
-3153
-3373
-3356
-2874
-2315
-1839
-1518
-1146
-384
393
733
956
1468
2138
2420
2222
2245
2652
2770
2432
1970
1744
1740
1289
522
156
-107
-621
-1229
-1764
-2033
-2322
-2858
-3332
-3548
-3488
-3508
-3708
-3606
-3353
-3089
-2726
-2565
-2192
-1391
-745
-149
544
1353
2474
3369
3924
4723
5735
6685
7314
7508
7643
7851
7858
7475
6740
5893
4948
3610
1877
134
-1256
-2435
-3924
-5769
-7258
-7843
-7967
-8351
-8834
-8524
-7462
-6593
-6081
-5246
-3562
-1816
-1017
-777
-8
1367
2475
2754
2523
3042
4004
4144
3871
3774
4300
4912
4434
3553
3377
3758
3754
2706
1289
696
570
-302
-1748
-2867
-3279
-3579
-4678
-5851
-5959
-5259
-4850
-5404
-5560
-4330
-2899
-2127
-1772
-774
1040
2267
2597
3174
4316
5248
5374
4760
4603
4932
4609
3826
2884
2162
1739
1082
174
-597
-1065
-1510
-2013
-2499
-2732
-2763
-2915
-3133
-3238
-3003
-2522
-2125
-1922
-1679
-1190
-593
-153
196
674
1171
1527
1632
1836
2253
2583
2631
2342
2212
2202
2051
1645
1035
581
82
-519
-1223
-1827
-2071
-2476
-3052
-3454
-3697
-3602
-3480
-3654
-3512
-3110
-2766
-2383
-2210
-1845
-1159
-676
-128
597
1426
2433
3110
3658
4562
5535
6445
6942
6998
7293
7582
7442
7041
6360
5506
4476
3095
1602
168
-1168
-2410
-3946
-5695
-6890
-7369
-7644
-7998
-8253
-7895
-6986
-6250
-5741
-4814
-3278
-1719
-933
-671
219
1607
2460
2496
2474
3036
3782
3985
3667
3796
4297
4501
4070
3382
3437
3652
3363
2364
1207
732
348
-398
-1739
-2952
-3247
-3572
-4677
-5856
-6014
-5343
-5041
-5460
-5407
-4196
-2762
-2041
-1601
-399
1272
2241
2528
3218
4474
5249
5058
4654
4721
4795
4227
3349
2775
2313
1483
539
-30
-437
-995
-1591
-2155
-2498
-2569
-2643
-2640
-2552
-2607
-2578
-2222
-1771
-1501
-1333
-880
-276
-75
29
449
956
1288
1455
1610
1910
2253
2121
1933
1909
1811
1582
872
463
321
-184
-792
-1459
-1786
-1957
-2484
-2939
-3145
-3305
-3286
-3264
-3337
-3106
-2748
-2475
-2279
-2017
-1357
-643
-91
485
1205
2203
3026
3591
4330
5216
6061
6637
6977
7286
7598
7626
7224
6596
5814
4934
3816
2297
620
-752
-1850
-3138
-4820
-6376
-7178
-7502
-7892
-8430
-8414
-7670
-6843
-6286
-5666
-4321
-2751
-1614
-1123
-564
819
2058
2695
2749
2852
3628
4123
3989
3803
4015
4527
4396
3484
3041
3381
3689
3060
1664
886
808
392
-855
-2198
-2777
-3033
-3887
-5202
-5729
-5270
-4853
-5215
-5629
-4975
-3517
-2262
-1828
-1205
337
1878
2562
2727
3511
4717
5233
4858
4412
4493
4550
3942
2927
2166
1694
1069
149
-740
-1272
-1573
-1945
-2455
-2839
-2855
-2637
-2550
-2707
-2694
-2159
-1514
-1377
-1485
-1139
-334
255
375
534
1124
1847
2137
2058
2270
2739
2836
2464
2035
1900
1770
1205
567
102
-325
-764
-1423
-1926
-2141
-2686
-3155
-3274
-3555
-3741
-3810
-3820
-3487
-3158
-2844
-2456
-2185
-1719
-1213
-700
128
813
1524
2516
3238
3872
4737
5794
6906
7410
7468
7789
8065
7936
7393
6458
5452
4355
2855
1112
-452
-1705
-2994
-4635
-6297
-7325
-7645
-7757
-8062
-8212
-7699
-6942
-6315
-5579
-4513
-2982
-1464
-895
-579
559
1873
2762
2899
2927
3612
4160
4284
4001
3896
4331
4319
3709
2990
2812
3138
2700
1422
464
161
52
-921
-2409
-3064
-3302
-3781
-4886
-5858
-5617
-5048
-5065
-5494
-5115
-3600
-2369
-2027
-1479
109
1903
2765
2906
3539
4661
5403
5273
4843
4903
4962
4568
3636
2830
2278
1557
708
-350
-1186
-1736
-2073
-2523
-3286
-3704
-3532
-3101
-2977
-2979
-2610
-1888
-1337
-1224
-991
-278
572
801
624
860
1591
2041
1688
1504
1864
2157
2167
1718
1557
1794
1402
816
333
-52
-151
-753
-1536
-2039
-2479
-2596
-3016
-3605
-3730
-3836
-3774
-3653
-3700
-3359
-2892
-2517
-2069
-1630
-658
443
1022
1752
2775
3867
4781
5425
6321
7280
7691
7776
7861
7879
7785
7161
6017
4957
3854
2560
1003
-747
-2121
-3321
-4837
-6446
-7467
-7643
-7772
-8186
-8300
-7685
-6717
-6092
-5490
-4413
-2851
-1476
-1124
-700
691
2103
2741
2604
2751
3717
4364
4055
3668
4059
4720
4561
3597
3025
3331
3565
2800
1444
686
582
8
-1311
-2554
-3126
-3284
-4017
-5304
-5809
-5338
-4820
-4916
-5300
-4599
-2954
-1984
-1619
-881
438
1832
2460
2755
3656
4683
5049
4751
4405
4500
4562
4053
3126
2225
1623
1068
388
-370
-1111
-1509
-1807
-2347
-2775
-3005
-2921
-2629
-2796
-3009
-2599
-1938
-1382
-1206
-1084
-297
485
673
738
1127
1751
2015
1839
1793
2188
2435
2132
1672
1482
1470
1061
559
105
-422
-705
-1304
-1840
-2049
-2523
-2773
-3109
-3516
-3461
-3463
-3289
-3180
-3333
-2964
-2438
-2086
-1696
-1196
-507
199
759
1511
2753
3706
4329
5086
5983
7039
7553
7775
7984
7999
7848
7115
6255
5420
4179
2533
759
-799
-2060
-3257
-4817
-6369
-7248
-7530
-7750
-8153
-8182
-7396
-6438
-6023
-5622
-4374
-2585
-1453
-1199
-704
654
2120
2624
2420
2732
3672
4203
3844
3447
3975
4646
4260
3354
2986
3381
3735
3003
1727
1114
1019
492
-882
-2231
-2716
-3096
-4100
-5277
-5813
-5411
-4946
-5276
-5642
-4920
-3357
-2227
-1964
-1352
289
1848
2364
2532
3449
4659
4986
4391
3907
3982
4019
3345
2288
1557
920
309
-370
-916
-1316
-1788
-1869
-2065
-2333
-2371
-2162
-1742
-1735
-1883
-1664
-959
-472
-517
-446
144
772
756
766
1195
1863
2032
1452
1430
1865
2066
1770
1093
1027
1079
685
149
-506
-748
-1016
-1791
-2414
-2695
-2794
-3011
-3446
-3654
-3553
-3312
-2931
-2747
-2703
-2308
-1785
-1432
-1109
-553
240
918
1458
2194
3161
4098
4871
5627
6537
7371
7810
7993
8257
8456
8089
7143
6119
5174
3882
2056
177
-1299
-2607
-4254
-6076
-7386
-7948
-8261
-8760
-9099
-8713
-7765
-6891
-6187
-5188
-3522
-1822
-923
-475
358
1741
2764
2934
2762
3090
3846
3901
3502
3391
3836
4431
3972
3270
3294
3642
3790
2810
1703
1428
1125
247
-1185
-2276
-2650
-3153
-4485
-5632
-5831
-5485
-5265
-5768
-5635
-4418
-3129
-2358
-1994
-929
679
1807
2141
2515
3446
4188
4239
3798
3527
3495
3176
2361
1474
946
615
87
-674
-1294
-1656
-1801
-1875
-1980
-2078
-1914
-1500
-1245
-1218
-1185
-661
-111
4
-57
102
736
1000
818
626
833
1206
922
736
859
1089
1275
940
726
754
470
147
-188
-638
-902
-1238
-1619
-1916
-2421
-2738
-2885
-3105
-3077
-2961
-2764
-2366
-2183
-2030
-1552
-1091
-829
-582
-86
648
1296
1873
2648
3531
4221
4773
5627
6785
7642
7932
7974
8090
8157
7725
6708
5582
4513
3021
1045
-702
-1922
-3158
-4785
-6453
-7557
-7935
-8094
-8459
-8594
-7960
-6921
-6086
-5327
-4152
-2566
-1201
-610
-327
612
1999
2656
2405
2336
2940
3494
3362
3058
3355
4031
4170
3537
3078
3341
3677
3196
2093
1288
1140
825
-413
-1783
-2635
-2977
-3725
-5019
-5739
-5774
-5376
-5535
-6046
-5623
-4360
-3135
-2674
-2161
-791
896
1809
2172
2836
3751
4417
4139
3780
3819
3646
3163
2117
1268
875
317
-274
-1072
-1704
-1906
-2010
-1981
-2103
-2104
-1661
-1238
-1155
-1181
-736
90
541
319
100
512
1141
1216
837
859
1329
1386
887
670
1050
1329
912
226
-45
-24
-46
-319
-751
-898
-1028
-1434
-1664
-1803
-1919
-1900
-2110
-2361
-2404
-2302
-1872
-1616
-1682
-1435
-1021
-604
-237
26
759
1629
2080
2707
3570
4299
4933
5535
6347
7212
7600
7596
7594
7684
7441
6478
5300
4389
3233
1407
-553
-1881
-2850
-4239
-5967
-7330
-7919
-8101
-8345
-8531
-8100
-7075
-6069
-5342
-4398
-2699
-1108
-247
98
750
2100
2977
3089
2814
2988
3637
3658
3230
3001
3459
3839
3336
2696
2638
3122
3166
2159
1152
1026
968
182
-1160
-2257
-2586
-3098
-4417
-5497
-5575
-5236
-5318
-5849
-5827
-4652
-3357
-2824
-2424
-1315
263
1289
1585
2150
3190
3840
3743
3358
3313
3493
3153
2289
1495
905
419
-104
-833
-1509
-1848
-2022
-2161
-2268
-2246
-1959
-1598
-1469
-1399
-1044
-392
222
302
87
328
973
1193
937
939
1378
1656
1144
762
1074
1390
1226
445
150
369
174
-244
-682
-731
-675
-1179
-1639
-1752
-1804
-1820
-2176
-2427
-2285
-2256
-1943
-1684
-1533
-1259
-1059
-672
-229
191
729
1453
1948
2537
3337
4054
4995
5757
6502
7125
7499
7839
7960
8022
7668
6908
5925
4785
3479
1804
73
-1431
-2824
-4433
-6122
-7371
-7952
-8267
-8662
-8845
-8356
-7283
-6338
-5591
-4537
-2920
-1339
-502
-130
576
1867
2710
2786
2719
3016
3694
3731
3226
3209
3719
4102
3701
2941
2925
3566
3608
2552
1282
817
770
24
-1411
-2557
-2972
-3414
-4629
-5959
-6208
-5559
-5398
-6074
-6197
-4892
-3230
-2518
-2348
-1459
120
1260
1650
2146
3189
3960
3622
2929
2962
3268
2939
1999
1060
531
182
-478
-1180
-1482
-1648
-1879
-2086
-2102
-2017
-1722
-1292
-1062
-947
-818
-227
401
545
509
623
1113
1262
947
847
1137
1458
1162
857
1094
1387
1277
738
618
714
445
-53
-658
-782
-898
-1419
-1846
-2133
-2307
-2455
-2573
-2476
-2231
-2137
-1943
-1737
-1507
-974
-654
-390
-48
342
954
1456
2056
2892
3622
4365
5130
5968
7007
7743
8070
8298
8363
8266
7824
6940
5911
4721
3219
1417
-264
-1630
-3110
-4767
-6471
-7703
-8095
-8320
-8637
-8712
-8268
-7352
-6381
-5422
-4157
-2591
-1306
-618
-182
603
1852
2642
2650
2497
2613
3165
3437
3193
3240
3657
3867
3386
2743
2848
3344
3246
2180
1051
809
758
-47
-1506
-2649
-3029
-3574
-4615
-5573
-5774
-5371
-5439
-5895
-5786
-4641
-3294
-2738
-2296
-1188
290
1273
1679
2269
3138
3645
3467
3111
3031
2968
2489
1712
995
419
-143
-750
-1251
-1602
-1871
-2037
-2084
-2109
-2024
-1675
-1279
-1185
-1238
-865
-266
115
253
284
617
1058
1217
1116
1091
1462
1559
1120
874
1083
1354
985
361
189
182
14
-524
-922
-876
-1110
-1674
-2022
-2053
-1902
-1986
-2200
-2032
-1837
-1622
-1339
-1141
-682
-371
-225
119
559
1209
1710
2048
2687
3331
3955
4777
5593
6408
7072
7519
7876
7979
8006
7896
7181
6193
5164
3944
2384
514
-1165
-2659
-4178
-5826
-7323
-8058
-8325
-8725
-9123
-8890
-8034
-6997
-6196
-5317
-3709
-2044
-949
-325
452
1716
2707
2928
2686
2858
3462
3638
3314
2975
3248
3713
3470
2875
2612
2955
3144
2416
1459
1023
927
360
-883
-1999
-2443
-2839
-3879
-4997
-5465
-5327
-5200
-5510
-5738
-5069
-3866
-3101
-2629
-1618
-88
1032
1405
1691
2510
3445
3627
3042
2568
2623
2400
1640
830
349
30
-667
-1311
-1685
-1863
-1869
-2095
-2395
-2360
-2010
-1645
-1254
-985
-813
-451
50
501
605
776
1150
1225
1088
1003
1248
1472
1199
778
656
1012
1162
800
540
358
164
-154
-570
-633
-673
-1112
-1636
-1876
-1625
-1367
-1662
-1871
-1842
-1761
-1504
-1330
-1014
-744
-748
-541
-175
387
1100
1695
2301
2905
3684
4713
5634
6440
7277
7940
8203
8292
8415
8347
7746
6669
5492
4241
2815
1029
-837
-2079
-3400
-5261
-6892
-7911
-8215
-8463
-9023
-9064
-8336
-7262
-6499
-5841
-4325
-2412
-1171
-625
19
1170
2294
2773
2653
2672
3135
3521
3468
3141
3110
3474
3561
3052
2603
2841
3185
2776
1811
1222
1145
743
-377
-1716
-2364
-2640
-3451
-4611
-5358
-5205
-5055
-5505
-5736
-5168
-4013
-3157
-2810
-2202
-850
500
1049
1364
2116
2999
3241
2843
2642
2849
2698
1969
1157
532
191
-125
-732
-1344
-1643
-1788
-1962
-2208
-2298
-2078
-1806
-1568
-1422
-1195
-732
-328
91
482
805
1095
1183
1216
1202
1336
1617
1425
1052
974
1121
1183
904
621
495
386
45
-446
-600
-570
-946
-1559
-1865
-1835
-1731
-1893
-2074
-2150
-2112
-1805
-1655
-1437
-1048
-727
-422
-83
382
993
1798
2512
3107
3741
4606
5520
6205
6854
7424
7960
8170
8094
8029
7692
6971
5844
4623
3332
1721
-4
-1489
-2833
-4411
-6056
-7272
-7858
-8164
-8522
-8712
-8286
-7346
-6475
-5734
-4502
-2704
-1259
-370
308
1144
2300
3019
3099
2962
3026
3259
3087
2689
2574
2844
2911
2391
1924
1922
2360
2514
1772
901
647
760
218
-1053
-1935
-2262
-2749
-3895
-5009
-5164
-4832
-4942
-5563
-5614
-4584
-3472
-2946
-2449
-1398
-231
626
1197
1867
2847
3354
3179
2814
2705
2733
2245
1492
870
365
-132
-657
-1000
-1246
-1558
-1888
-2183
-2264
-2026
-1796
-1660
-1475
-1328
-1074
-622
-286
-89
143
436
755
1015
1105
1244
1570
1676
1497
1388
1603
1759
1431
1109
918
787
587
10
-389
-458
-726
-1271
-1863
-2109
-2118
-2386
-2596
-2594
-2538
-2241
-2033
-1872
-1345
-832
-434
28
509
1175
1896
2572
3357
4070
4756
5511
6357
7291
7922
8248
8384
8442
8443
8013
7187
6171
4975
3550
1846
48
-1507
-2851
-4455
-6177
-7418
-7989
-8188
-8535
-8925
-8710
-7881
-7030
-6268
-5199
-3684
-2224
-1378
-881
-77
1077
2015
2365
2454
2776
3277
3488
3298
3092
3190
3380
3079
2524
2334
2572
2736
2173
1434
1144
974
414
-758
-1740
-2145
-2666
-3612
-4711
-5185
-5019
-5052
-5348
-5353
-4617
-3591
-2986
-2519
-1551
-209
747
1134
1574
2430
3189
3298
2996
2810
2820
2633
2058
1403
865
345
-171
-745
-1303
-1599
-1842
-2201
-2401
-2381
-2248
-1995
-1775
-1697
-1538
-1066
-408
12
169
391
694
913
1073
1237
1472
1672
1524
1285
1360
1563
1579
1265
889
683
451
-14
-449
-671
-937
-1272
-1749
-2063
-2032
-2049
-2051
-2139
-2215
-1940
-1687
-1474
-1105
-835
-467
-41
358
1033
1748
2650
3549
4006
4622
5499
6350
7042
7465
7787
8035
8072
7853
7399
6719
5813
4635
3214
1637
73
-1294
-2610
-4101
-5634
-6801
-7441
-7859
-8361
-8687
-8331
-7440
-6630
-6024
-5035
-3470
-1983
-1081
-334
772
1954
2714
2873
2981
3326
3623
3577
3114
2928
3064
3038
2695
2202
2108
2263
2182
1647
922
531
325
-244
-1279
-2131
-2496
-2900
-3757
-4780
-5140
-4947
-4968
-5252
-5330
-4642
-3651
-3117
-2638
-1750
-449
563
959
1577
2559
3357
3541
3254
3143
3139
2858
2259
1533
984
484
-117
-728
-1147
-1376
-1626
-1857
-2103
-2175
-2064
-1839
-1624
-1689
-1576
-1258
-831
-534
-401
-12
372
650
697
905
1397
1603
1445
1190
1327
1549
1418
1039
762
725
549
92
-253
-336
-521
-939
-1486
-1721
-1745
-1895
-2037
-2258
-2106
-1805
-1665
-1335
-983
-667
-222
248
791
1571
2168
2871
3736
4284
4984
5723
6423
7116
7474
7613
7760
7824
7497
6871
6063
5148
3967
2386
805
-569
-1884
-3346
-4864
-6113
-6958
-7503
-7934
-8240
-8195
-7693
-7006
-6373
-5591
-4376
-2965
-1850
-1054
-220
820
1841
2526
2850
3124
3549
3866
3790
3542
3510
3625
3461
2907
2414
2392
2530
2126
1138
332
111
-139
-1027
-2124
-2677
-2859
-3432
-4449
-5106
-4995
-4753
-5038
-5441
-5108
-4094
-3248
-2845
-2263
-1149
-14
672
1207
2026
2907
3291
3134
2957
3050
3087
2698
2030
1424
897
319
-280
-824
-1317
-1716
-1985
-2183
-2388
-2419
-2158
-1895
-1847
-1816
-1426
-803
-442
-420
-259
180
559
608
456
691
1025
1095
964
725
964
1181
960
729
603
735
457
-129
-304
-449
-603
-936
-1316
-1420
-1581
-1678
-1870
-1984
-1705
-1546
-1436
-1128
-765
-312
89
396
984
1778
2559
3326
3987
4651
5320
5994
6738
7375
7819
7997
7916
7748
7287
6498
5632
4572
3286
1737
-44
-1569
-2847
-4206
-5582
-6803
-7543
-7898
-8289
-8407
-7969
-7276
-6635
-6122
-5249
-3750
-2321
-1438
-759
170
1358
2296
2719
3017
3494
3923
3982
3804
3836
4165
4288
3818
3102
2822
2968
2751
1915
1051
499
58
-695
-1822
-2654
-2929
-3365
-4305
-5138
-5214
-4813
-4840
-5250
-5130
-4330
-3577
-3148
-2650
-1749
-708
-26
378
923
1770
2443
2548
2369
2462
2717
2564
2110
1538
1195
786
108
-354
-738
-821
-1010
-1423
-1684
-1843
-1594
-1351
-1357
-1420
-1275
-810
-492
-463
-405
-68
227
187
17
84
524
819
695
525
591
892
970
617
368
340
155
-88
-459
-667
-462
-869
-1440
-1639
-1714
-1463
-1624
-1778
-1538
-1364
-1163
-1064
-873
-398
85
379
825
1482
2386
3444
4142
4912
5833
6582
7340
7859
8069
8174
8015
7608
7008
6104
5157
4135
2719
1056
-403
-1451
-2471
-3857
-5324
-6331
-6779
-7113
-7617
-7864
-7412
-6633
-6098
-5618
-4562
-3002
-1785
-1306
-920
57
1315
2038
2100
2288
2973
3516
3470
3255
3506
4010
3957
3314
2867
2900
3008
2547
1457
763
553
106
-770
-1755
-2266
-2640
-3320
-4259
-4931
-4823
-4531
-4672
-5017
-4762
-3774
-2958
-2757
-2378
-1266
-265
124
410
1102
2013
2368
2011
1745
1912
2024
1708
1102
783
620
243
-255
-737
-918
-1033
-1213
-1438
-1801
-1861
-1615
-1449
-1442
-1471
-1227
-774
-556
-501
-408
33
615
568
395
598
1065
1273
920
729
777
883
750
295
212
314
151
-308
-744
-692
-632
-870
-1185
-1401
-1441
-1551
-1745
-1715
-1418
-1195
-1058
-986
-860
-302
277
742
1255
1822
2700
3542
4198
4909
5770
6723
7297
7562
7855
8110
8125
7599
6780
6026
5190
4002
2438
891
-376
-1559
-2956
-4457
-5626
-6249
-6613
-7069
-7457
-7381
-6850
-6306
-5935
-5340
-4203
-2899
-2066
-1677
-1079
18
1088
1567
1679
2050
2735
3169
3130
3126
3535
3922
3698
3090
2859
3149
3196
2491
1515
956
689
60
-978
-1787
-2128
-2509
-3412
-4459
-4766
-4422
-4293
-4591
-4801
-4354
-3404
-2787
-2567
-2044
-1087
-232
110
322
967
1729
1988
1734
1573
1849
1964
1563
1114
863
657
334
-127
-474
-647
-837
-1012
-1167
-1342
-1410
-1315
-1203
-1194
-1104
-812
-478
-305
-260
-214
50
349
263
178
387
764
838
598
658
840
892
524
108
214
101
-235
-620
-943
-862
-1052
-1269
-1333
-1493
-1349
-1346
-1438
-1289
-1181
-1013
-891
-773
-411
36
452
895
1355
1998
2952
3715
4231
4859
5547
6422
7051
7196
7467
7710
7649
7239
6439
5686
4948
3734
2197
678
-566
-1745
-3262
-4716
-5728
-6218
-6619
-7251
-7556
-7293
-6703
-6198
-5794
-5002
-3799
-2694
-2042
-1538
-689
424
1252
1573
1772
2288
2942
3177
3064
3141
3542
3812
3541
3146
3173
3400
3348
2715
1770
1285
1145
541
-554
-1461
-1827
-2241
-3249
-4310
-4652
-4369
-4319
-4885
-5128
-4385
-3433
-3039
-2930
-2337
-1167
-341
-242
-56
742
1603
1801
1471
1357
1590
1605
1161
673
495
425
122
-320
-582
-588
-524
-641
-905
-1015
-793
-504
-433
-505
-449
-162
-11
-83
-174
-87
208
225
-33
-118
147
465
317
93
140
308
321
-147
-370
-185
-205
-507
-989
-1133
-1000
-1121
-1414
-1573
-1553
-1410
-1420
-1608
-1390
-1072
-830
-601
-502
-128
385
923
1475
1983
2632
3267
3830
4425
5033
5769
6526
6885
6996
7160
7270
7196
6771
6035
5202
4254
3021
1506
65
-1019
-2115
-3596
-5064
-5929
-6258
-6603
-7124
-7318
-6841
-6163
-5849
-5547
-4556
-3116
-2140
-1820
-1437
-454
709
1307
1381
1663
2380
2898
2804
2640
3032
3675
3830
3404
3067
3234
3480
3204
2490
1961
1792
1421
455
-658
-1348
-1692
-2273
-3352
-4213
-4386
-4214
-4350
-4825
-4712
-4028
-3471
-3253
-2977
-2049
-1017
-584
-418
60
858
1328
1210
1136
1334
1564
1462
923
658
566
278
-19
-326
-411
-405
-551
-725
-832
-783
-630
-586
-646
-674
-579
-302
-187
-248
-212
10
297
171
-31
90
294
355
42
-130
125
263
41
-421
-555
-352
-445
-783
-1030
-1035
-1025
-1314
-1597
-1577
-1389
-1378
-1493
-1494
-1299
-925
-603
-268
18
256
604
874
1368
2003
2591
3267
3748
4121
4628
5272
5977
6501
6654
6677
6766
6632
6310
5788
5103
4433
3349
2048
826
-339
-1362
-2672
-4095
-5172
-5832
-6226
-6625
-6883
-6775
-6294
-5818
-5382
-4630
-3576
-2505
-1778
-1314
-645
351
1113
1253
1282
1699
2256
2487
2412
2406
2711
3089
3115
2904
2994
3379
3405
2832
2195
1943
1785
1172
118
-820
-1365
-1881
-2740
-3666
-4068
-3992
-4065
-4487
-4670
-4157
-3377
-2932
-2658
-2080
-1274
-692
-459
-163
440
946
990
813
773
917
1014
871
621
434
207
-87
-316
-416
-437
-561
-811
-986
-1028
-924
-693
-580
-605
-512
-261
-42
10
-14
114
331
364
233
166
268
382
236
-8
30
183
90
-198
-397
-343
-313
-574
-876
-1000
-956
-930
-1124
-1319
-1318
-1269
-1232
-1256
-1198
-873
-566
-407
-217
57
471
923
1260
1673
2256
2866
3389
3775
4195
4832
5527
6065
6423
6613
6706
6722
6497
5991
5362
4629
3647
2395
1109
-35
-1137
-2325
-3592
-4684
-5276
-5572
-6011
-6486
-6593
-6236
-5751
-5373
-4817
-3815
-2694
-1977
-1604
-1019
-116
625
926
1050
1460
2073
2343
2241
2210
2538
3000
3015
2714
2727
2980
3056
2702
2069
1733
1662
1315
555
-316
-889
-1322
-2115
-3042
-3558
-3591
-3595
-3986
-4329
-4066
-3468
-3048
-2914
-2633
-1914
-1192
-815
-587
-188
386
673
586
603
828
977
853
555
410
394
241
-47
-339
-473
-445
-488
-615
-655
-589
-474
-449
-563
-561
-295
-22
58
33
76
249
363
289
236
339
387
204
-25
-54
37
49
-96
-300
-345
-300
-410
-621
-771
-751
-740
-957
-1111
-1011
-894
-861
-926
-930
-688
-416
-227
-29
209
602
967
1138
1445
2054
2717
3189
3501
3932
4552
5130
5553
5846
6085
6271
6223
5835
5296
4800
4218
3299
2123
1007
61
-867
-1929
-3079
-4003
-4524
-4903
-5335
-5635
-5628
-5344
-5062
-4902
-4514
-3742
-2972
-2491
-2125
-1537
-727
-51
346
667
1095
1558
1801
1799
1891
2255
2587
2594
2370
2311
2519
2605
2385
2074
1882
1627
1153
524
-27
-357
-854
-1626
-2450
-3051
-3274
-3432
-3678
-3878
-3803
-3460
-3152
-2942
-2561
-1920
-1322
-975
-728
-331
147
489
509
456
677
800
699
500
284
254
202
6
-164
-291
-297
-266
-392
-452
-303
-48
118
44
31
232
454
505
374
289
302
324
230
72
75
139
59
-146
-293
-301
-383
-547
-644
-651
-560
-609
-735
-700
-650
-622
-646
-695
-606
-489
-452
-436
-298
-39
143
170
199
370
645
973
1247
1510
1951
2446
2823
3202
3685
4230
4712
5016
5216
5421
5638
5631
5165
4587
4159
3566
2665
1629
659
-146
-1013
-2079
-3057
-3668
-4057
-4574
-5079
-5215
-5011
-4689
-4489
-4316
-3749
-2959
-2378
-1936
-1453
-824
-164
189
337
618
1004
1278
1354
1396
1597
1872
1961
1828
1822
2070
2257
2197
1955
1751
1671
1381
858
403
-15
-421
-912
-1549
-2008
-2233
-2441
-2708
-3053
-3171
-2927
-2722
-2613
-2403
-2128
-1790
-1466
-1248
-974
-585
-283
-168
-90
69
225
242
164
105
95
83
29
-71
-138
-111
-23
27
-10
-54
-28
54
122
148
236
341
272
141
90
128
206
91
-137
-192
-168
-175
-224
-347
-371
-394
-611
-742
-734
-696
-696
-744
-718
-686
-578
-469
-420
-342
-242
-96
53
229
384
502
653
808
961
1162
1377
1514
1651
1896
2296
2713
3053
3367
3680
4032
4272
4379
4398
4360
4232
3853
3417
2970
2401
1726
831
-42
-775
-1511
-2221
-2893
-3334
-3624
-3969
-4295
-4416
-4204
-3880
-3656
-3371
-2746
-2024
-1542
-1215
-813
-206
313
554
633
820
1152
1258
1225
1232
1296
1499
1591
1553
1617
1718
1710
1501
1265
1160
1058
814
436
21
-309
-565
-972
-1513
-1920
-2150
-2355
-2625
-2875
-2877
-2663
-2549
-2552
-2501
-2210
-1778
-1385
-975
-594
-220
13
132
327
560
771
800
662
527
501
566
516
331
170
140
147
68
-25
-61
4
-3
-143
-253
-276
-191
-215
-327
-367
-364
-312
-291
-183
-5
77
18
-170
-166
-122
-274
-445
-647
-715
-682
-718
-732
-784
-711
-538
-447
-332
-162
58
222
297
352
411
553
629
672
763
853
999
1135
1269
1492
1783
2044
2291
2544
2807
3118
3334
3471
3532
3561
3507
3290
3030
2611
2065
1484
813
141
-457
-1051
-1658
-2202
-2638
-2908
-3117
-3273
-3300
-3165
-2957
-2708
-2260
-1807
-1387
-1000
-702
-392
-38
290
471
561
651
799
872
840
849
899
1003
953
930
1121
1245
1219
999
841
779
617
472
183
-130
-306
-568
-911
-1265
-1485
-1591
-1743
-1914
-2046
-2016
-1911
-1808
-1648
-1425
-1128
-879
-682
-476
-259
-89
-79
-41
24
51
124
121
90
101
135
155
84
10
43
92
35
-58
-87
-102
-180
-266
-310
-354
-367
-335
-336
-333
-223
-57
-2
-34
1
110
154
100
62
74
46
-99
-285
-411
-494
-503
-524
-614
-676
-616
-520
-521
-463
-398
-320
-218
-202
-100
41
200
358
401
482
628
789
932
1046
1277
1548
1790
2053
2259
2465
2674
2889
3111
3165
3118
2989
2763
2501
2105
1582
1024
525
45
-519
-1019
-1379
-1713
-2037
-2221
-2214
-2126
-2048
-1924
-1698
-1369
-969
-675
-528
-322
-90
7
41
124
194
157
62
54
207
370
388
389
522
664
719
766
718
694
705
610
499
378
293
102
-219
-530
-797
-942
-1044
-1165
-1313
-1370
-1328
-1266
-1252
-1245
-1128
-1015
-871
-759
-644
-439
-363
-412
-448
-295
-92
-46
-69
-77
-41
40
96
60
10
-71
-138
-178
-183
-147
-110
-92
-241
-318
-293
-372
-435
-480
-547
-535
-387
-274
-190
-36
131
169
52
73
172
217
167
55
49
91
81
-39
-164
-216
-288
-374
-419
-379
-285
-244
-316
-306
-98
56
116
221
342
467
580
632
657
742
821
799
739
733
825
835
842
1007
1069
1138
1313
1452
1609
1673
1751
1794
1689
1583
1380
1160
920
617
309
-35
-302
-572
-883
-1090
-1211
-1264
-1311
-1306
-1186
-1069
-924
-779
-677
-532
-448
-471
-448
-323
-201
-105
-55
-90
-36
33
17
-27
-71
-32
-26
-37
-22
17
113
170
223
235
221
216
158
41
-54
-100
-189
-372
-570
-630
-641
-645
-675
-724
-660
-584
-479
-429
-384
-257
-154
-39
56
138
172
200
206
220
265
313
309
154
93
79
50
23
-4
41
-5
-61
-132
-189
-172
0
0
0
0
0
0
0
0
0
0
0
0
0
0
0
0
0
0
0
0
0
0
0
0
0
0
0
0
0
0
0
0
0
0
0
0
0
0
0
0
0
0
0
0
0
0
0
0
0
0
0
0
0
0
0
0
0
0
0
0
0
0
0
0
0
0
0
0
0
0
0
0
0
0
0
0
0
0
0
0
0
0
0
0
0
0
0
0
0
0
0
0
0
0
0
0
0
0
0
0
0
0
0
0
0
0
0
0
0
0
0
0
0
0
0
0
0
0
0
0
0
0
0
0
0
0
0
0
0
0
0
0
0
0
0
0
0
0
0
0
0
0
0
0
0
0
0
0
0
0
0
0
0
0
0
0
0
0
0
0
0
0
0
0
0
0
0
0
0
0
0
0
0
0
0
0
0
0
0
0
0
0
0
0
0
0
0
0
0
0
0
0
0
0
0
0
0
0
0
0
0
0
0
0
0
0
0
0
0
0
0
0
0
0
0
0
0
0
0
0
0
0
0
0
0
0
0
0
0
0
0
0
0
0
0
0
0
0
0
0
0
0
0
0
0
0
0
0
0
0
0
0
0
0
0
0
0
0
0
0
0
0
0
0
0
0
0
0
0
0
0
0
0
0
0
0
0
0
0
0
0
0
0
0
0
0
0
0
0
0
0
0
0
0
0
0
0
0
0
0
0
0
0
0
0
0
0
0
0
0
0
0
0
0
0
0
0
0
0
0
0
0
0
0
0
0
0
0
0
0
0
0
0
0
0
0
0
0
0
0
0
0
0
0
0
0
0
0
0
0
0
0
0
0
0
0
0
0
0
0
0
0
0
0
0
0
0
0
0
0
0
0
0
0
0
0
0
0
0
0
0
0
0
0
0
0
0
0
0
0
0
0
0
0
0
0
0
0
0
0
