0
0
0
0
0
0
0
0
0
0
0
0
0
0
0
0
0
0
0
0
0
0
0
0
0
0
0
0
0
0
0
0
0
0
0
0
0
0
0
0
0
0
0
0
0
0
0
0
0
0
0
0
0
0
0
0
0
0
0
0
0
0
0
0
0
0
0
0
0
0
0
0
0
0
0
0
0
0
0
0
0
0
0
0
0
0
0
0
0
0
0
0
0
0
0
0
0
0
0
0
0
0
0
0
0
0
0
0
0
0
0
0
0
0
0
0
0
0
0
0
0
0
0
0
0
0
0
0
0
0
0
0
0
0
0
0
0
0
0
0
0
0
0
0
0
0
0
0
0
0
0
0
0
0
0
0
0
0
0
0
0
0
0
0
0
0
0
0
0
0
0
0
0
0
0
0
0
0
0
0
0
0
0
0
0
0
0
0
0
0
0
0
0
0
0
0
0
0
0
0
0
0
0
0
0
0
0
0
0
0
0
0
0
0
0
0
0
0
0
0
0
0
0
0
0
0
0
0
0
0
0
0
0
0
0
0
0
0
0
0
0
0
0
0
0
0
0
0
0
0
0
0
0
0
0
0
0
0
0
0
0
0
0
0
0
0
0
0
0
0
0
0
0
0
0
0
0
0
0
0
0
0
0
0
0
0
0
0
0
0
0
0
0
0
0
0
0
0
0
0
0
0
0
0
0
0
0
0
0
0
0
0
0
0
0
0
0
0
0
0
0
0
0
0
0
0
0
0
0
0
0
0
0
0
0
0
0
0
0
0
0
0
0
0
0
0
0
0
0
0
0
0
0
0
0
0
0
0
0
0
0
0
0
0
0
0
0
0
0
0
0
0
0
0
0
0
0
0
0
0
0
0
0
0
0
0
0
0
0
0
0
0
0
0
0
0
0
0
0
0
156
274
146
-62
-86
0
14
-39
1
98
2
-174
-127
-3
0
-73
-124
-58
22
-19
-49
-18
-2
22
15
-30
2
32
-18
-15
22
-22
-122
-196
-160
-90
-134
-241
-307
-348
-468
-665
-720
-676
-718
-750
-747
-730
-723
-838
-889
-778
-778
-795
-544
-91
313
595
895
1087
986
1130
1961
2885
3078
2491
1899
2107
2811
2853
1894
949
914
1291
948
-86
-663
-515
-719
-1681
-2253
-1718
-1239
-1979
-2988
-2691
-1534
-1213
-1846
-1909
-890
-77
-233
-336
483
1263
899
307
1010
2351
2268
737
93
1307
2245
1142
-382
-74
980
203
-1793
-2064
-498
-235
-2286
-3621
-2231
-603
-1479
-3133
-2377
-156
-13
-1927
-2274
-49
1414
174
-1154
-57
1701
1400
68
501
2283
2532
986
485
2000
2942
1691
319
913
2082
1551
61
-111
837
770
-479
-913
-78
202
-752
-1328
-636
-8
-493
-1126
-828
-206
-243
-590
-385
190
366
159
211
604
818
736
747
903
861
597
429
367
195
18
39
50
-177
-435
-498
-511
-584
-586
-595
-914
-1408
-1444
-855
-432
-744
-1116
-781
-261
-337
-539
-138
336
104
-323
-85
429
367
62
333
847
667
-13
-90
533
773
307
11
215
124
-466
-603
-132
-80
-719
-1282
-1252
-937
-1023
-1349
-1269
-1074
-1238
-1265
-684
46
356
529
984
1318
1294
1597
2646
3625
3437
2486
2417
3573
4253
3314
1920
1647
2155
1992
885
-76
-284
-476
-1342
-2288
-2463
-2200
-2474
-3327
-3754
-3208
-2510
-2627
-3084
-2705
-1607
-978
-1006
-695
217
702
357
413
1643
2546
1576
131
619
2263
2157
205
-589
743
1338
-584
-2327
-1232
431
-783
-3297
-3128
-881
-633
-2789
-3471
-1233
432
-961
-2608
-1155
1572
1780
130
193
2172
2973
1824
1411
2971
4112
2958
1432
1998
3438
3005
1160
619
1585
1652
220
-667
-178
25
-989
-1803
-1318
-658
-1166
-2118
-1987
-964
-601
-1232
-1483
-683
39
-144
-340
205
669
335
-94
143
676
718
269
20
229
380
98
-172
-53
-88
-552
-888
-906
-905
-1110
-1455
-1546
-1432
-1461
-1585
-1814
-1992
-1840
-1700
-1818
-1935
-1805
-1422
-1252
-1403
-1183
-544
-144
-17
412
1320
2157
2565
2847
3104
3193
3567
4713
5795
5307
3569
2926
4338
5535
4148
1413
501
1691
2034
169
-1630
-1484
-1074
-2438
-4156
-3797
-2327
-2580
-4406
-4902
-3175
-1675
-2170
-3133
-2467
-777
-68
-397
-85
1090
1431
578
539
2190
3238
1751
-240
318
2504
2461
-409
-2066
-261
1258
-1131
-4089
-2804
542
-131
-4225
-5064
-1521
283
-2788
-5119
-2029
1597
-74
-3794
-2602
2027
2865
-460
-1379
2029
3983
1525
-311
2437
5466
3683
139
852
4665
5349
2091
326
2229
3602
1714
-193
768
2018
566
-1556
-1157
330
-340
-2340
-2415
-743
-352
-1753
-2509
-1464
-597
-1105
-1516
-740
159
-191
-565
254
1136
1055
709
1091
1344
854
675
1271
1456
611
-3
436
735
-219
-1245
-1123
-370
-353
-1087
-1583
-1870
-2015
-1927
-1399
-1214
-2025
-2814
-2795
-2115
-1860
-2080
-2210
-2345
-2438
-2246
-1591
-1146
-1244
-1299
-780
-217
-5
466
1527
2766
3245
3130
2991
3123
4067
5645
6723
5890
3892
3472
5396
6829
5032
1875
1332
3187
3300
495
-1524
-606
216
-1933
-4598
-4129
-2024
-2480
-5246
-6030
-3814
-2354
-3614
-4782
-3426
-1481
-1500
-2358
-1560
285
625
-509
-345
1954
3129
1158
-1010
380
3586
3398
88
-1090
1422
2673
-409
-3027
-880
2241
503
-3974
-4359
-613
702
-2495
-4580
-2058
523
-1400
-4345
-2620
1643
1859
-1894
-2916
896
3688
1722
-541
1490
4448
3215
226
1196
4883
5031
1573
407
2993
4273
1632
-458
1045
2700
1007
-1651
-1150
816
236
-2063
-2298
-382
-119
-1961
-2544
-1042
-111
-1018
-1471
-428
53
-767
-1035
362
1433
577
-417
119
1229
1056
234
435
987
702
-122
-132
314
68
-503
-767
-528
-543
-976
-1388
-1624
-1396
-1189
-1537
-2225
-2560
-2390
-2240
-2585
-3196
-3157
-2502
-2109
-2130
-1940
-1538
-1653
-1962
-1143
545
1312
1194
1928
3363
3478
2436
3182
6305
8006
6021
3578
4248
6836
7831
6007
3325
2318
3078
3515
2347
528
-328
-277
-957
-2843
-4234
-3964
-3436
-4333
-5593
-5208
-4001
-4205
-5392
-5162
-3269
-2005
-2424
-2733
-1555
-374
-654
-646
1566
3696
2367
-512
115
3984
5292
2036
-522
1404
3746
1623
-2017
-1199
2570
2189
-2908
-5128
-1549
1079
-2007
-5621
-3540
723
-377
-5196
-5380
-123
2558
-705
-3463
-832
2574
1578
-566
1247
4588
3921
563
471
3970
5440
2936
965
2357
3827
2373
402
940
2288
1425
-565
-730
495
378
-1304
-2098
-1022
-119
-877
-1997
-2046
-1426
-996
-839
-669
-611
-801
-703
-180
-46
-265
93
750
539
-393
-468
740
1300
261
-469
300
1101
402
-920
-732
590
522
-882
-1300
-581
-695
-1806
-1867
-758
-922
-2789
-3793
-2750
-1663
-2238
-3282
-3130
-2384
-2377
-2847
-2694
-1757
-773
-189
363
1353
2412
2674
2273
2741
4852
6982
6976
5066
3942
5538
8092
8177
5376
2866
3175
4633
3940
1445
94
178
-632
-2813
-4044
-3256
-2791
-4491
-6445
-6161
-4520
-4038
-4939
-5273
-4192
-2906
-2552
-2459
-1457
-217
-265
-825
462
3174
3792
1290
-310
2104
5159
3904
240
138
3268
3238
-1023
-2765
863
3154
-949
-5569
-3404
1423
42
-5623
-5893
-225
1729
-3198
-6446
-2431
2346
666
-3505
-2413
2166
2609
-901
-1072
3254
5175
1965
-449
2081
5187
3880
844
1258
3857
3634
704
-264
1728
2674
644
-1266
-457
975
124
-1828
-1954
-606
-356
-1478
-2036
-1437
-862
-948
-1097
-827
-331
117
327
104
-410
-313
758
1537
811
-234
281
1513
1355
42
-17
1132
1227
51
-619
50
342
-315
-752
-465
-384
-1363
-1998
-1566
-1115
-1834
-2903
-3040
-2816
-2806
-2989
-2842
-2827
-3131
-3286
-3139
-2681
-2175
-1285
-592
-517
-81
1439
2901
2602
2117
3860
6585
6958
4870
3907
5721
7945
7867
5970
4399
3960
4136
3933
2953
1490
224
-334
-1037
-2286
-3284
-3405
-3297
-4229
-5459
-5315
-4133
-3835
-4833
-5189
-3809
-2417
-2596
-2780
-1614
-705
-1125
-846
1796
3836
1830
-1048
463
4483
4970
1606
245
2801
3784
474
-1820
998
4244
1592
-3857
-3959
621
1557
-2887
-5335
-2121
642
-2242
-6153
-4576
168
1033
-2490
-4116
-1175
1428
122
-1312
890
3505
2041
-1076
-172
3891
5014
2112
251
1880
3702
2832
1146
1440
2691
2215
305
-379
631
931
-503
-1614
-904
-17
-912
-2477
-2426
-1060
-417
-967
-1409
-1109
-706
-563
-392
136
1009
1331
498
-331
304
2055
2852
1675
430
842
1861
1789
680
135
709
852
-20
-585
-290
-328
-1584
-2565
-1755
-912
-2185
-4245
-4527
-3236
-2870
-4019
-4592
-3827
-3381
-3968
-4148
-2979
-1657
-1396
-1379
-102
2105
3157
2201
1433
3389
7016
8570
6640
4267
4929
7933
9458
7545
4427
3411
4597
5049
3082
575
-129
130
-983
-3182
-4119
-3541
-3676
-5355
-6500
-5584
-4345
-4951
-6213
-5561
-3448
-2484
-2871
-2364
-741
-110
-722
-154
2622
4609
3012
455
1240
4471
5353
2602
837
2827
4361
1705
-1698
-775
2730
2338
-2519
-4989
-2091
424
-2313
-6022
-4317
-104
-860
-5518
-6244
-1452
1800
-814
-4123
-2266
1639
1563
-893
134
4114
4627
594
-1121
2630
6027
4413
1226
1372
3531
3382
1328
1091
2569
2361
-28
-1412
-231
920
-311
-2188
-2151
-996
-1125
-2619
-3266
-2078
-854
-1101
-1851
-1795
-996
-229
-16
-29
530
1325
1325
597
417
1713
3353
3285
1439
433
1504
2527
1793
219
-101
498
344
-516
-1059
-996
-1352
-2299
-2682
-2186
-2385
-3878
-5060
-4629
-3246
-2870
-3560
-4087
-3734
-3189
-3235
-2875
-1633
-128
775
1438
2263
2647
2704
3288
5476
8097
8511
6099
3671
5128
9169
10344
6602
2313
2478
4934
4495
1050
-997
-22
-96
-3230
-5779
-4620
-2605
-4053
-7134
-7350
-4917
-4086
-5876
-6666
-4667
-2454
-2339
-2819
-1839
-342
-136
-243
1541
4286
4591
1915
309
2725
6161
5789
2473
1444
3624
4114
915
-1095
1274
3350
155
-4690
-4485
-518
-67
-4222
-6038
-2789
-582
-3832
-7174
-4325
721
586
-3538
-4099
91
2254
-180
-1721
1608
5114
3286
-473
430
4676
5629
2753
1591
3551
4092
1462
-152
1866
3889
2098
-1117
-1416
215
-139
-2272
-2783
-1340
-965
-2718
-4111
-3461
-2148
-1689
-1700
-1485
-1451
-1811
-1427
138
1253
1093
1056
1890
2372
1799
1668
3288
4847
3890
1662
1090
2014
2130
1029
518
1218
1173
-748
-2716
-2832
-1754
-1372
-2255
-3377
-4087
-4759
-5277
-4762
-3377
-2733
-3627
-4729
-4624
-3685
-2903
-2198
-890
941
2296
2280
1272
1074
3182
6714
9002
8382
5790
3849
4713
7937
10124
8259
3920
1846
3413
4663
2533
-466
-861
-244
-2190
-5367
-5534
-3397
-3825
-7134
-8139
-5169
-3192
-5528
-8297
-6730
-2627
-1145
-2641
-3036
-1207
-82
-302
1224
4911
6110
2655
-289
2326
7234
7549
3346
1363
3849
4941
1378
-1279
1499
4682
1685
-4389
-5162
-642
575
-4193
-7233
-3890
-583
-3729
-8479
-6525
-266
705
-4442
-6305
-1130
2964
271
-2784
591
5449
3939
-761
64
5594
7108
3049
1038
4161
6115
2971
-78
1672
4317
2553
-1308
-1887
155
110
-2375
-3355
-1911
-1417
-3247
-4512
-3330
-1809
-2002
-2619
-1914
-836
-956
-1482
-693
1049
1966
1704
1539
2066
2522
2498
2680
3401
3765
3073
2015
1609
1788
1778
1308
781
487
-32
-1342
-2815
-2973
-1863
-1591
-3288
-5226
-5522
-4849
-4744
-4864
-4159
-3433
-4145
-5427
-4978
-2795
-1280
-1221
-452
2208
4283
3217
976
1984
6764
10731
10084
6459
4468
6224
9397
10178
7650
4608
3734
4283
3735
1644
5
-222
-953
-3684
-6229
-5923
-4441
-5282
-7924
-8773
-6965
-5451
-6299
-7666
-6714
-4072
-2701
-2954
-2466
-857
-176
-287
1553
5291
6684
3797
1160
3378
7581
7723
4259
2951
4861
4899
1346
-477
2619
5141
1298
-4746
-4839
-207
445
-4556
-7334
-4138
-1580
-4977
-8938
-6301
-416
-115
-5388
-7279
-2246
2418
874
-1949
522
4903
3979
-183
522
6097
8251
4461
1696
4044
6431
4434
1743
2720
4461
2412
-1304
-1743
305
231
-2303
-3561
-2650
-2448
-4029
-5037
-4070
-2848
-3000
-3595
-3167
-2191
-1853
-1814
-1011
288
1059
1325
1692
2059
2327
3046
3981
3921
2952
2698
3351
3263
2132
1571
1918
1601
177
-957
-1266
-1661
-2329
-2512
-2556
-3697
-5473
-5814
-4472
-3764
-4748
-5478
-4733
-4219
-4982
-4950
-2606
96
1094
1426
2398
2846
2198
3026
6887
10422
9697
6361
5414
7959
10092
8892
6050
4778
5432
5490
3147
-60
-1189
-322
-757
-3819
-6556
-6446
-5451
-6628
-8860
-8615
-6103
-5311
-7221
-8063
-5952
-3802
-3552
-3084
-1058
201
-713
-773
2799
6765
5850
1836
1859
6738
9165
5840
2894
5082
7461
4108
-1006
-43
5167
5275
-1244
-5301
-2146
1024
-2421
-7421
-6232
-1796
-2698
-8494
-10139
-4794
-471
-3166
-7559
-6034
-808
555
-1931
-1328
3489
5524
2073
-67
3842
8270
6968
3440
4344
7879
7332
3021
1689
4718
5849
2046
-1665
-1138
413
-1119
-3823
-3889
-2402
-3086
-5732
-6596
-4650
-2986
-3542
-4416
-3762
-2704
-2561
-2223
-481
1446
1930
1603
1893
2594
3060
3824
4993
5176
3930
2947
3277
3712
3158
2341
2114
1923
904
-635
-1734
-2111
-2242
-2505
-3075
-4315
-6142
-7213
-6360
-4703
-4382
-5446
-6200
-5986
-5324
-4321
-2867
-1330
131
1672
2776
2758
2496
4088
7802
10649
9825
6842
5975
8628
11352
10253
6146
3746
5301
7086
4677
-109
-1802
14
60
-3777
-6901
-5851
-4233
-6563
-10376
-10041
-6108
-4567
-7142
-8823
-6516
-3805
-3978
-4319
-1759
833
-167
-1803
986
5983
6318
2023
913
5874
9519
6305
2203
4441
8462
5720
-533
-115
5997
6428
-1310
-6284
-2323
2093
-1419
-7418
-6640
-1841
-2635
-8659
-9967
-3995
-33
-3693
-7958
-5422
-11
725
-1913
-1116
3353
4890
1724
355
4376
7957
5906
2648
4144
7528
6510
2407
1646
4719
5573
1927
-1322
-703
529
-1082
-3325
-3063
-2044
-3369
-5821
-6243
-4782
-3880
-4086
-4072
-3490
-3254
-3407
-2674
-571
1368
1678
1211
1645
2788
3394
3630
4511
5613
5546
4246
3056
2906
3468
3842
3396
2316
1257
272
-1127
-2510
-2578
-1459
-1437
-3885
-6857
-7586
-6278
-5162
-4960
-4856
-4995
-6096
-7058
-5870
-2938
-854
-408
316
1923
2256
968
1663
6249
10656
10165
6369
4849
7473
10628
10539
7680
5374
5409
6085
4792
1841
105
545
472
-2182
-5210
-5548
-4420
-5339
-8071
-8897
-6945
-5682
-7005
-8284
-7042
-4898
-4331
-4312
-2544
-284
-471
-1667
516
5326
6728
3175
923
4278
8546
7677
4081
4157
6977
5967
1179
93
4417
6151
663
-5147
-3770
863
4
-5591
-7305
-3438
-2068
-6973
-10767
-7123
-1497
-2321
-7364
-7781
-2658
196
-2008
-2682
1837
5332
2676
-637
2456
8379
8796
4512
3570
7191
8258
4467
2324
5124
6943
3394
-657
-90
1613
-578
-4056
-3802
-1623
-2636
-6138
-7176
-5111
-4015
-5203
-5505
-3584
-2385
-3508
-4087
-1793
1117
1677
819
1120
2466
3081
3114
4069
5590
5821
4555
3485
3525
3840
3553
2865
2353
1972
1102
-535
-2156
-2586
-1908
-1807
-3499
-5849
-6723
-6003
-5566
-6082
-6047
-4958
-4820
-6436
-7144
-4965
-2003
-589
501
2497
3166
1185
397
4658
10794
12113
7970
4655
6434
10420
11574
9145
6343
5756
6630
6207
3408
518
10
566
-1036
-4477
-6212
-5471
-5511
-7793
-9306
-7763
-5806
-6860
-9260
-8764
-5579
-3713
-3967
-3366
-1344
-577
-1306
-170
3895
6695
4648
1112
2161
6924
8579
5379
3214
5170
6354
2936
-424
1886
6120
4244
-2695
-5432
-1295
1451
-2607
-7250
-5534
-1678
-3727
-9487
-9706
-3449
-49
-4130
-8301
-5479
-197
-97
-2695
-483
5016
5549
904
-99
5568
10102
7945
4361
5511
8130
6420
2861
3497
6720
5879
765
-2231
-873
35
-2493
-5034
-4486
-3413
-5063
-7620
-7520
-5350
-4298
-4876
-4910
-3738
-2960
-3046
-2248
213
2420
2644
1871
1980
3147
4303
4919
5310
5634
5441
4514
3592
3456
3787
3718
2909
1615
269
-877
-1794
-2163
-1619
-1219
-2875
-6105
-7697
-6277
-4484
-4766
-5890
-5925
-5775
-6796
-7394
-5406
-2133
-489
-387
384
1661
1574
1309
4228
9387
11253
7868
4556
6411
10928
11939
8411
5226
5789
7655
6766
3400
1144
1073
418
-2443
-5088
-4996
-3836
-5153
-8746
-10490
-8372
-5689
-6089
-8149
-8202
-6233
-4826
-4050
-2087
165
38
-1543
-460
3880
6614
4581
1695
3297
7566
8086
4406
3002
5932
6719
2000
-1277
2500
6825
3240
-4298
-5677
-861
839
-3729
-7193
-4706
-2094
-5543
-10398
-8520
-2104
-493
-5220
-8079
-4630
-366
-545
-1927
491
4400
4344
1440
1720
5905
8177
6249
5131
7614
8569
4378
820
3746
8152
5934
-647
-3121
-668
220
-2442
-4165
-3215
-3261
-5960
-7772
-6198
-3855
-3852
-5089
-4963
-3716
-3143
-3038
-1904
45
1279
1624
2204
3069
3272
3076
3939
5984
7248
6134
3731
2613
3506
4522
4162
3092
2070
536
-1626
-3078
-2742
-1411
-1322
-3937
-7599
-8759
-6689
-4715
-5352
-6933
-7103
-6671
-7157
-7105
-4450
-819
498
-319
-388
1037
2561
4442
7796
10570
9318
5599
5467
10508
14277
11396
5755
4528
7495
8400
5009
1658
1521
1706
-1319
-5285
-5727
-3541
-3572
-7004
-10137
-9996
-7799
-6703
-7444
-7653
-6198
-5283
-5913
-5396
-2360
256
287
19
1911
4110
3628
1967
3377
7454
8564
4889
2400
5217
7917
4567
-185
1486
6322
4711
-2664
-5401
-763
1968
-2634
-7395
-5259
-1333
-3968
-10166
-10081
-3456
-287
-4549
-8341
-5628
-1411
-1733
-3414
-712
4063
4473
1136
927
5495
8450
6251
4345
7436
10545
7270
1652
2334
7888
8515
2021
-2931
-1133
1641
-630
-4454
-4161
-2131
-3784
-7611
-7922
-4542
-2983
-5071
-6611
-5222
-3221
-2631
-2441
-978
790
928
429
1395
3301
4135
3568
3534
5207
6619
5373
2711
2204
4304
5528
3979
1879
1210
655
-1253
-2849
-2106
-592
-1694
-5570
-8304
-7244
-4838
-4543
-5894
-6437
-6120
-6671
-7299
-5483
-1876
644
1039
225
-269
662
3327
7278
10254
9442
5760
4293
8055
12767
11969
6637
3810
5888
7679
5137
1439
1067
2190
110
-4355
-6097
-4244
-3314
-5761
-8577
-8506
-6874
-6970
-8469
-7881
-4880
-3408
-4838
-5585
-3331
-544
55
89
2187
4576
3851
1333
1950
6405
8775
5849
3002
4775
7107
4730
472
1140
5697
5636
-946
-5382
-2357
1505
-1205
-6448
-6006
-1840
-2692
-8689
-10536
-4914
-442
-3802
-8813
-6982
-1263
-85
-3266
-3066
2132
4881
1952
-68
3620
8304
7680
4062
4541
8699
9329
5081
2464
4634
6646
4247
588
49
1055
-333
-3427
-4342
-2901
-2835
-5390
-7412
-6398
-4345
-4279
-5451
-5488
-4282
-3207
-2597
-1408
317
974
613
842
2049
3532
4522
4602
4249
4227
4638
4843
4258
3315
2985
3219
2970
1767
271
-883
-1760
-2225
-1995
-1934
-3145
-5193
-6491
-6029
-4884
-4759
-5263
-5531
-5903
-6112
-5361
-3737
-1845
-59
1343
1464
214
186
3570
8215
9749
7190
4466
5427
9219
11339
8960
5081
4532
6853
7366
4072
501
328
1318
-578
-4200
-5503
-4032
-3560
-6380
-9328
-8472
-5546
-5305
-7726
-7973
-4789
-2814
-4258
-5030
-2215
824
778
344
2806
5308
3694
714
2457
7766
8945
4321
1688
5184
7596
2941
-1938
1310
7136
4620
-3922
-6490
-982
2066
-2733
-7339
-4591
-589
-4064
-10640
-9478
-1728
723
-5249
-9224
-4840
418
-1037
-4388
-1710
4253
5132
1109
186
4593
7627
5693
4205
7191
9532
6053
1477
3135
8318
8120
1805
-2254
-290
1919
-115
-2923
-2887
-2587
-5031
-7688
-6844
-3908
-3129
-5072
-6343
-5171
-3529
-3184
-2956
-1354
568
917
181
528
2324
3571
3374
3450
4827
5615
4159
2195
2507
4558
5067
2916
835
923
1253
-476
-2523
-2069
-631
-2013
-5683
-7024
-4692
-2864
-4475
-6690
-6130
-4529
-5104
-6362
-4591
-583
1330
84
-1072
2
2238
4526
6936
8452
7335
4866
5145
8911
11156
8351
4483
4915
7489
6254
1774
101
2234
2571
-1413
-5182
-4795
-2845
-3783
-6898
-7891
-6119
-5466
-7370
-8318
-6091
-3384
-3152
-4456
-4611
-2904
-889
305
1537
3306
3620
1482
379
3508
7522
6997
3460
3032
5857
5805
1591
-270
3390
6081
1960
-3945
-3443
1179
840
-4815
-6692
-2200
-164
-5442
-9992
-6468
-845
-2121
-7275
-7056
-1778
-9
-3503
-4584
199
4180
2305
-385
2035
6218
5923
2964
3701
7760
8597
4659
1969
3974
6332
4862
2025
1497
1880
43
-2861
-3110
-787
-267
-3498
-6799
-6552
-4261
-3271
-3917
-4371
-3784
-2953
-2744
-2637
-1366
750
1802
1157
408
996
2514
3641
3896
3887
3980
3642
2659
2010
2558
3622
3576
1902
-20
-762
-826
-1302
-1867
-2019
-2658
-4252
-5359
-4835
-3789
-3942
-5189
-5887
-5212
-4230
-3984
-3710
-2205
40
1317
785
-242
718
4290
7780
8141
5747
4065
5636
8781
9294
6250
3696
4579
6319
5196
2011
324
981
1216
-892
-3345
-3497
-2626
-3773
-6351
-6948
-5023
-3934
-5648
-7537
-6283
-3032
-1612
-2697
-3372
-2178
-773
-200
995
3391
4351
2056
-82
2224
6461
6466
2788
2020
5252
5976
1668
-1141
2171
5745
2441
-3823
-4002
894
1270
-4705
-7753
-3281
535
-3501
-9213
-7283
-1023
-826
-6626
-8200
-2517
1510
-1575
-4906
-1535
3742
3024
-927
324
6008
7473
3308
1632
5805
8883
5973
2215
3302
6127
5072
1526
585
2187
1917
-1181
-3210
-2005
-534
-2025
-4981
-5810
-4381
-3521
-4146
-4432
-3537
-2823
-3044
-3017
-1692
291
1517
1374
641
759
2048
3229
3536
3756
4156
3694
2379
1842
2751
3834
3645
2038
258
-433
-439
-965
-1791
-2079
-2575
-4176
-5496
-4871
-3555
-3950
-5600
-5990
-4724
-3869
-4215
-4129
-2445
-205
931
603
13
805
3339
6055
7062
6282
5510
6309
8043
8486
6842
5162
5507
6735
5988
2958
544
684
1547
422
-2167
-3617
-3521
-4046
-6066
-7386
-6087
-4100
-4905
-7914
-8668
-5577
-2442
-2368
-3447
-2889
-1503
-1012
-151
2707
5202
3882
671
1116
5517
7731
5015
2625
4552
6225
2829
-1137
931
5552
4188
-2218
-4557
-870
800
-3328
-6429
-3498
-382
-3585
-8640
-7365
-1713
-692
-5501
-7741
-3370
990
-602
-3867
-2167
2425
3385
852
681
4165
6100
4117
2892
5786
8565
6283
2011
2222
5911
6453
2453
-780
57
1425
-442
-3014
-2905
-1766
-2690
-5291
-6200
-4469
-3311
-4130
-4708
-3782
-2533
-2469
-2962
-2103
-151
1155
1622
2089
2499
2119
1542
2537
4883
6007
4518
1925
951
2362
3760
3271
2079
1332
431
-890
-1664
-1081
-449
-1903
-4644
-5681
-4278
-2997
-3961
-5792
-6103
-5158
-4565
-4378
-3472
-1774
-493
-159
-46
457
1405
3034
5352
6931
6329
4945
5699
8562
9829
7250
3992
4267
6972
7324
3673
-45
-265
715
-596
-3014
-3620
-2625
-2933
-5532
-7419
-6257
-4192
-4392
-6308
-6836
-5344
-4124
-3941
-3177
-1426
-390
-671
-230
2192
4069
2763
757
2446
6377
6828
3356
1800
4379
5889
2832
-77
2115
5396
2922
-2977
-3986
256
1355
-3544
-6948
-4082
-1043
-3940
-8189
-6485
-1434
-1229
-5919
-7387
-2795
980
-1068
-4002
-1672
2778
2688
-295
729
5557
7065
3655
2095
5574
8386
6006
2497
3374
6292
5401
1380
-468
1164
2064
-623
-3297
-2514
-1013
-2145
-5053
-6175
-4280
-3209
-4768
-5611
-4223
-2409
-2074
-2984
-2648
-752
630
1290
1798
2091
2215
1912
1834
3284
5124
5173
3384
1499
1541
3309
4200
3354
1884
213
-1159
-1584
-1290
-1035
-1808
-3694
-5144
-4950
-3916
-3786
-4811
-5544
-5215
-4574
-4365
-4112
-2864
-875
419
231
-441
334
3181
6261
7079
5562
4496
6069
8760
9179
6646
4228
4646
6605
6559
3595
646
187
794
-85
-1977
-2752
-2626
-3613
-5700
-6663
-5625
-4473
-5068
-6629
-6947
-5422
-3676
-3165
-3325
-2719
-1334
-261
520
1794
2741
2082
1315
2886
5442
5449
3337
3058
5169
5481
2341
266
2716
5435
2728
-2651
-3278
638
1416
-3061
-5842
-3140
-878
-4105
-7914
-5767
-868
-1149
-6174
-7740
-3151
688
-1154
-3856
-1665
2263
1896
-789
559
5158
6306
3053
1742
5054
7677
5579
2613
3591
6171
5197
1473
42
1684
2277
36
-2199
-2315
-1968
-2972
-4305
-4332
-3590
-3660
-4614
-5050
-4217
-2877
-2053
-1895
-1883
-1346
-39
1201
1463
1426
2106
2741
2335
1964
3089
4797
4811
2879
1389
2012
3150
2568
1083
672
632
-585
-2028
-2028
-1430
-2271
-3947
-4183
-3261
-3379
-4993
-6181
-5390
-3889
-3541
-3749
-3150
-1553
236
798
60
184
2718
5972
6698
4586
3286
5401
8676
9029
6154
3884
4724
6596
6241
3727
1626
994
452
-913
-2123
-2303
-2343
-3549
-5533
-6515
-5787
-4715
-4796
-5741
-6090
-5316
-4244
-3489
-2892
-2153
-1314
-699
263
2278
3673
2636
1055
2119
5222
6310
4085
2684
4541
5478
2399
-388
1723
5267
3263
-2827
-4133
376
1895
-2848
-6496
-3605
-11
-3050
-8258
-7147
-1730
-650
-5358
-7692
-3297
831
-1116
-4245
-2163
2562
2927
-339
25
4530
6206
3145
1547
4949
8095
6028
2375
2672
5401
5324
2176
423
1352
1486
-637
-2106
-1374
-999
-2752
-4694
-4745
-3656
-3332
-4101
-4526
-3719
-2677
-2478
-2609
-2232
-1441
-490
582
1499
2033
2232
2104
1896
2367
3765
4941
4442
2516
1254
1951
3205
2983
1505
284
-401
-1082
-1419
-1112
-1274
-2861
-4584
-4556
-3386
-3286
-4503
-5210
-4672
-3988
-3847
-3638
-2705
-1070
628
1336
574
-319
954
4619
7580
6833
3830
3100
6036
8834
7919
4856
3654
5000
5823
4106
1561
773
1413
961
-1368
-3347
-3172
-2425
-3710
-6283
-6870
-4964
-3979
-5771
-7374
-5750
-2870
-2460
-3881
-3636
-1580
-645
-886
708
3845
4209
1130
74
3960
7587
5865
2389
3071
5590
3714
-701
-87
5124
5890
-460
-5120
-2095
2093
-350
-5574
-5168
-646
-790
-6548
-9046
-4260
117
-2604
-7091
-5366
-321
-243
-4316
-4209
1401
4501
1387
-1228
2077
6229
4873
1604
3451
8308
8311
3158
682
4029
7038
4676
551
-15
1417
396
-2134
-2235
-524
-1144
-4414
-6023
-4284
-2477
-2923
-4108
-3944
-2917
-2825
-3201
-2471
-1059
-20
396
553
1081
1546
1379
1519
2434
3489
4321
4144
2540
1118
1438
2934
3604
2264
441
-166
-424
-1208
-1815
-1829
-1953
-3149
-4630
-4548
-3525
-3660
-4768
-5037
-4009
-3078
-3006
-2563
-982
409
453
96
1285
4099
5893
5024
3623
4616
7703
9292
6944
3571
3811
6805
7592
4618
1478
1293
2041
357
-2212
-2366
-1135
-1824
-4862
-6905
-5842
-4463
-5182
-6260
-5945
-4978
-4795
-4874
-3645
-2239
-2303
-2424
-749
2094
3292
1533
49
1966
5326
6103
3809
2452
4449
6019
3475
159
1295
5240
5219
-200
-3871
-1144
2357
238
-4251
-4329
-1170
-1744
-6407
-7430
-2431
570
-3695
-8815
-6843
-772
646
-2863
-3803
-305
1762
-284
-1175
3065
6989
4796
945
2294
6944
7794
3968
2175
4766
6170
3576
828
1265
2715
1473
-1277
-2187
-1528
-1539
-2880
-4088
-3806
-3240
-3812
-4478
-4149
-3233
-2361
-2012
-2010
-1752
-1260
-485
525
1211
1710
1993
1803
1838
2329
2990
3638
3616
2941
2171
1706
2002
2263
1466
284
-253
25
-27
-1565
-3331
-3651
-3042
-2771
-3207
-3948
-4727
-5568
-5796
-4537
-2533
-1737
-2363
-2251
-596
530
191
751
3825
6744
5986
2891
2565
6650
10341
8707
3824
2060
5032
7607
5818
2304
1330
2042
736
-2346
-3273
-1235
-366
-3289
-6895
-7223
-5247
-4465
-5268
-5429
-4621
-4518
-5049
-4297
-2294
-1407
-2122
-1759
991
3228
2158
26
1068
4714
6075
3591
1734
3908
6495
4371
3
359
5087
5944
210
-4149
-1284
2892
632
-4818
-5063
-917
-836
-6079
-8166
-3353
536
-3030
-8396
-7009
-1133
596
-2682
-3841
-341
2208
437
-996
2105
5796
4754
1769
2970
6958
7214
3451
1923
4758
6889
4729
1376
678
1369
576
-868
-852
-506
-2005
-4370
-5049
-3882
-2849
-3121
-4032
-4419
-3969
-3131
-2344
-1843
-1593
-1251
-649
36
861
1885
2480
2183
1866
2561
3719
3955
3080
2305
2484
2970
2663
1698
1052
796
175
-618
-825
-1090
-2631
-4379
-4074
-2260
-1965
-4054
-5985
-5708
-4213
-3318
-2993
-2296
-1481
-1329
-1362
-604
885
2610
4405
5560
4980
3442
3805
7086
9846
8219
3913
2431
5049
6993
4927
1687
997
1575
133
-2599
-3119
-1316
-1080
-4137
-7112
-6648
-4442
-4252
-6012
-6527
-5004
-3928
-4442
-4464
-2566
-708
-906
-1440
452
3292
3195
824
1132
4914
6673
3785
1472
4017
6902
4244
-539
209
5237
5713
-202
-3940
-631
2834
-375
-5310
-3941
647
-564
-6671
-8036
-2686
311
-3901
-8184
-5588
-434
-467
-4139
-4029
365
2255
-341
-1291
2507
5376
2953
252
3081
7728
7131
2759
1794
5155
6735
3925
1156
1663
2600
988
-1137
-1099
-506
-1929
-4130
-4308
-2796
-2334
-3715
-4835
-4132
-2850
-2617
-2719
-1846
-643
-442
-740
75
1786
2549
1752
906
1616
3178
3761
3236
2471
2095
2205
2086
1828
1881
1497
426
-609
-907
-480
-807
-2287
-3380
-3362
-2752
-2863
-4121
-5015
-5163
-5116
-4421
-3190
-2217
-1913
-1661
-489
557
445
902
3402
6377
6596
3794
2610
5870
9658
9070
5022
2711
4380
6425
5218
2384
1515
2229
1127
-1959
-3108
-1108
-120
-3001
-6692
-6944
-4360
-3300
-5303
-6631
-4961
-3418
-4232
-4905
-3185
-896
-998
-2049
-211
2947
2678
-104
34
4216
6714
3810
656
2805
6323
4418
-482
-174
5051
5995
-10
-4312
-1137
3178
848
-4607
-4663
-352
-239
-5418
-7436
-2925
427
-3084
-7650
-5799
-550
53
-3768
-4541
-391
2258
82
-1618
1569
5388
4293
1125
2390
6985
7795
3685
1403
4199
6768
4712
1541
1666
2806
1013
-1838
-1657
315
-392
-3782
-5436
-3806
-2397
-3668
-5201
-4293
-2545
-2620
-3519
-2786
-991
-383
-777
-145
1576
2330
1472
884
1928
3345
3473
2789
2629
2759
2171
1368
1676
2629
2245
200
-1400
-1096
-159
-537
-2162
-3317
-3125
-2648
-3114
-3952
-4012
-3786
-4281
-4727
-3952
-2668
-2075
-1607
-310
895
593
-109
1492
5170
6957
4859
2657
4647
8769
9349
5648
2867
4287
6861
6284
3143
1273
1674
1479
-827
-2649
-1820
-698
-2451
-5767
-6774
-4902
-3548
-4813
-6618
-6304
-4591
-3917
-4215
-3475
-1945
-1677
-2307
-1154
2135
3783
1567
-427
1968
5794
5707
2527
1894
4879
5635
1813
-317
3108
6109
2705
-2899
-2537
2396
2748
-2637
-5275
-2044
226
-3283
-7155
-4898
-684
-2027
-6595
-6760
-2202
-37
-3175
-5476
-2271
1870
1360
-1269
-230
3506
4019
1239
1345
5603
7948
5066
1621
2722
5645
5078
2497
2056
2825
1623
-1035
-1581
180
226
-2362
-4259
-3650
-2405
-3035
-4447
-4100
-3001
-2999
-3422
-3066
-1939
-1128
-1011
-412
859
1576
1387
1152
1791
3076
3641
3254
2802
2376
2078
2326
2810
3034
2404
909
-234
-601
-591
-465
-1092
-2597
-3630
-3637
-3432
-3719
-4095
-4104
-4440
-5234
-5174
-3759
-2143
-1272
-639
234
437
-203
507
3880
7055
6373
3338
3122
6752
9197
6921
3393
3698
6614
6842
3475
931
1513
2230
402
-2004
-2177
-1227
-2109
-4632
-5831
-4756
-3772
-4687
-6172
-6077
-4690
-3872
-3899
-3531
-2476
-1969
-2379
-1745
949
3168
2320
-118
68
3521
5535
3964
2663
4194
5421
2785
-594
1155
5623
5131
-287
-3012
-66
2191
-1224
-5110
-3388
208
-1159
-5872
-6602
-2618
-964
-4368
-6809
-3914
-297
-1566
-4703
-3486
998
2517
95
-787
2125
4372
3170
2026
4352
7202
5824
2284
2327
5394
6090
3277
1030
1609
2203
305
-1860
-1534
-275
-1086
-3488
-4396
-3215
-2769
-4052
-4754
-3677
-2275
-2306
-3327
-3059
-1316
-17
282
320
801
1398
1216
1128
2184
3542
3948
2871
1621
1939
2991
3250
2531
1465
1030
893
127
-695
-937
-1198
-2181
-3385
-3518
-2845
-2960
-3990
-4614
-4369
-4129
-4326
-4198
-3176
-1649
-271
412
202
-150
871
3657
6121
5852
3841
3755
6674
9005
7521
4255
3610
5868
6877
4470
1640
1424
2045
533
-1932
-2276
-1038
-1533
-4355
-6328
-5370
-3642
-4180
-6241
-6621
-4741
-3341
-3940
-4627
-3570
-1980
-1647
-1567
249
2634
2369
-173
-404
3351
6306
4664
2099
3259
5287
3109
-541
881
5691
5538
-612
-3882
-5
3454
-17
-4901
-3547
618
-676
-6117
-7016
-2082
348
-3648
-7118
-4275
-163
-1469
-4938
-3391
1702
2895
-592
-1910
1696
4725
3323
1687
4202
7452
5976
1815
1362
4969
6809
4316
1329
1084
1560
192
-1446
-835
648
-471
-3873
-5430
-3834
-2134
-2474
-3753
-3994
-3127
-2741
-3042
-2674
-1380
-193
68
-285
-37
882
1303
1281
1908
3092
3613
2730
1430
1466
2666
3356
2859
1640
592
264
30
-397
-378
-519
-1805
-3254
-3514
-2966
-2981
-3917
-4479
-4049
-3677
-3790
-3652
-2810
-1440
-110
541
286
-152
728
3313
5671
5667
4031
3822
6046
7769
6395
3867
3861
6008
6446
3893
1334
1083
1631
746
-963
-1627
-1401
-2047
-3974
-5415
-5081
-4141
-4351
-5538
-6048
-5138
-4034
-3871
-3899
-3129
-2001
-1410
-1139
86
2048
2175
365
505
3598
5557
3957
1851
2976
5056
3257
-97
1124
5312
5068
-534
-3745
-410
2784
-233
-4469
-3257
210
-1153
-6066
-6708
-2039
-59
-4060
-7146
-4331
-356
-1261
-4589
-3773
633
2134
-402
-1192
2249
4849
2998
1073
3610
7264
6510
2703
1643
4303
5994
4175
1753
1714
2244
679
-1312
-1258
-207
-600
-2761
-4276
-3733
-2931
-3224
-3804
-3650
-2805
-2515
-3092
-3239
-2315
-752
352
255
9
452
773
788
1440
2911
4008
3502
1919
1230
2275
3573
3391
2087
1115
626
51
-387
-528
-879
-1846
-3082
-3444
-2902
-2830
-3473
-4138
-4354
-3973
-3707
-3629
-2798
-1261
169
529
-315
-367
1812
4719
5764
4340
3256
5101
7876
7855
5129
3332
4524
6440
5920
3309
1425
1281
1084
-364
-1543
-1201
-1005
-2703
-5211
-6115
-4933
-3913
-4568
-5726
-6010
-5155
-3990
-3566
-3351
-2803
-2432
-1895
-545
1237
2103
1172
421
2127
4574
4657
2863
2662
4740
5006
1783
42
3113
5898
2745
-2536
-2423
1794
2151
-2597
-4977
-1575
911
-2944
-7534
-5571
-701
-1160
-5818
-6491
-1913
336
-2870
-5137
-1969
2111
1463
-1381
-57
4102
4564
1476
914
4757
7573
5205
1965
2876
5485
5306
2710
1511
2522
2273
-206
-1861
-1163
-65
-1105
-3442
-4102
-3163
-2941
-3816
-4332
-3587
-2499
-2440
-3099
-3030
-1829
-622
-228
-51
560
1191
1223
988
1553
3051
3981
3161
1612
1282
2345
3181
2816
1896
1185
541
-241
-720
-682
-820
-1702
-2728
-3019
-2817
-3080
-3956
-4623
-4460
-3698
-3027
-2836
-2698
-1835
-413
374
147
311
2116
4472
5088
3726
2918
4692
7473
7805
5136
2929
3901
6180
6181
3719
1625
1159
776
-521
-1457
-1055
-758
-2368
-5077
-6334
-5298
-3809
-3733
-4804
-5613
-5550
-4974
-4175
-3090
-1996
-1541
-1537
-732
1088
2033
1066
471
2554
5231
4789
2251
2190
4943
5521
2146
17
2778
5602
2667
-2656
-2715
1716
2502
-2251
-5136
-2242
266
-2910
-6835
-4888
-340
-937
-5793
-6913
-2511
375
-2170
-4814
-2452
1393
1131
-1296
-265
3485
4232
1407
718
4348
7121
5101
1886
2324
4876
5001
2648
1366
2049
2092
311
-1122
-579
148
-1150
-3365
-3905
-2766
-2156
-2954
-3823
-3570
-2763
-2502
-2661
-2296
-1348
-646
-422
-91
575
1090
1052
881
1481
2942
3967
3341
1748
1056
1922
3038
2965
1839
705
13
-354
-396
-320
-841
-2165
-3416
-3675
-3111
-2751
-3267
-4187
-4615
-4384
-3802
-2968
-2012
-1136
-255
361
7
-638
600
4024
6543
5562
3024
3118
6277
8257
6311
3439
3776
6150
6121
3167
1165
1903
2672
1125
-1185
-1729
-974
-1484
-3956
-5961
-5409
-3712
-3671
-5358
-6267
-5290
-4122
-4053
-3880
-2466
-1210
-1712
-2197
-115
2708
2543
290
619
4251
5917
3172
1123
3422
5736
3235
-667
637
5067
4362
-1579
-4048
81
3248
-309
-5106
-3979
-49
-924
-5751
-6593
-2085
-68
-4008
-7105
-3934
627
-410
-4412
-3771
1027
2751
-9
-969
2512
4885
2735
983
3941
7579
6089
1606
960
4555
6260
3740
1135
1392
2122
620
-1370
-1102
122
-540
-2674
-3815
-3383
-3130
-3857
-3944
-2751
-2036
-2710
-3571
-3267
-1933
-778
-144
469
803
395
-206
53
1524
3277
3947
3245
1967
1176
1539
2611
3344
3102
1736
7
-841
-607
-110
-259
-1378
-2805
-3586
-3353
-2863
-2998
-3403
-3732
-4169
-4269
-3706
-2841
-1877
-553
998
1146
-684
-1430
1537
6047
7449
4669
2253
3967
7279
7635
5015
3511
5215
7018
5435
1920
433
1576
2059
30
-2161
-2175
-1517
-2781
-5322
-6039
-4148
-2812
-4324
-6491
-6280
-4196
-3042
-3473
-3317
-2121
-1948
-2600
-1181
2637
4640
1958
-1279
449
4883
5680
2954
2484
5172
5203
818
-1325
2656
6417
3378
-2438
-2729
1639
2023
-3258
-5796
-1675
1502
-2435
-7716
-6314
-1151
-732
-4988
-6235
-2400
43
-2722
-5263
-1943
3100
2745
-1137
-1334
2668
4603
2575
2125
5566
7340
3994
449
2104
6123
6122
2430
414
1264
1512
-286
-1533
-650
-96
-1923
-4062
-3929
-2605
-2558
-3411
-3377
-2617
-2399
-2933
-3184
-2340
-905
344
1005
847
441
523
1098
1945
2834
3495
3447
2223
884
1185
2769
3539
2507
798
-198
-594
-1001
-1085
-585
-462
-1739
-3630
-4165
-3267
-3037
-4001
-4528
-3952
-3320
-3650
-4158
-3013
-471
1086
357
-1070
-464
2345
4926
5428
4070
3210
4830
7217
7264
4941
3409
4769
6703
5887
3083
1443
1665
1529
37
-983
-640
-725
-2621
-4948
-5403
-4190
-3582
-4500
-5759
-5793
-4518
-3500
-3475
-3362
-2639
-2118
-1867
-650
1647
2666
971
-603
1297
4631
4689
2057
1932
4803
4980
949
-1022
2569
5823
2678
-2671
-2179
2247
1815
-3652
-5401
-1101
1226
-3104
-7619
-5542
-888
-1292
-5369
-5771
-1709
-6
-3130
-4824
-1267
2541
1696
-865
263
3773
4113
1652
1890
5617
7393
4245
906
2326
5630
5521
2498
831
1576
1562
-407
-1662
-930
-199
-1403
-3671
-4531
-3700
-3115
-3521
-3843
-3293
-2632
-2870
-3431
-2955
-1301
291
683
271
274
934
1454
1610
2291
3845
4720
3352
958
589
2790
4427
3241
877
-182
-110
-429
-886
-417
-64
-1443
-3665
-4290
-2901
-2009
-3043
-4180
-3960
-3306
-3518
-4202
-3442
-874
1192
808
-1172
-1649
1053
4544
5610
4171
2858
3864
6215
7203
5994
4263
4105
5527
6110
4275
1584
564
1246
1209
-648
-2278
-2075
-1750
-3386
-5658
-5593
-3586
-3278
-5484
-6751
-5058
-2746
-2741
-3973
-3330
-1368
-917
-1211
555
3210
2667
-574
-747
3597
6233
3701
1146
3019
5230
2535
-1288
856
6091
5239
-1505
-4434
-51
3224
-779
-5344
-2970
1416
-573
-6459
-7031
-1704
527
-3666
-6883
-3771
468
-990
-4880
-3459
1831
3058
-588
-1896
1989
5054
3191
1121
3734
7460
6115
1542
975
5002
6829
3475
-220
229
2257
1073
-2190
-2668
-316
146
-2715
-4902
-3790
-2058
-2569
-3777
-3356
-2160
-2182
-3186
-2985
-1054
399
82
-707
-240
1198
1673
1096
1515
3189
4055
2822
960
992
2811
3876
2837
1058
493
699
-25
-1013
-693
-163
-1372
-3536
-4138
-2814
-2028
-3161
-4394
-3897
-2653
-2740
-3862
-3407
-866
997
656
-463
-401
1436
3706
4730
4371
3676
3990
5547
6520
5410
3624
3790
5666
5939
3333
876
990
1881
1004
-938
-1759
-1571
-2180
-3758
-4806
-4407
-3334
-3517
-5194
-6045
-4945
-3381
-2958
-3469
-3308
-2260
-1564
-806
1128
2897
2019
-296
390
4123
5647
3291
1642
3631
5228
2364
-697
1781
5962
4281
-1655
-3308
759
2449
-1799
-4846
-1841
1102
-2266
-7338
-6228
-1091
-469
-4851
-6524
-2865
-12
-2349
-5183
-2644
1966
1849
-1510
-1449
2513
4422
2151
1042
4485
7580
5429
1515
2008
5890
6748
3287
901
1946
2756
870
-1391
-1059
433
-519
-3267
-4403
-3327
-2158
-2536
-3458
-3255
-2624
-2621
-2902
-2747
-1595
-64
466
17
-126
614
1310
1318
1644
2936
3886
2896
832
505
2356
3685
2763
816
72
438
-108
-1300
-1255
-595
-1298
-3202
-4178
-3403
-2722
-3526
-4582
-4362
-3406
-3175
-3599
-3133
-1250
522
573
-383
-50
2213
4403
4676
3730
3650
5122
6674
6658
5309
4329
4737
5754
5799
4239
2137
1031
964
590
-574
-1498
-1718
-2385
-4109
-5353
-4652
-3260
-3619
-5670
-6677
-5216
-3219
-2906
-3622
-3417
-2342
-1564
-671
1012
2180
1348
-74
972
4003
5010
3095
1987
3704
4813
2308
116
2419
5223
3021
-1856
-2661
1179
2402
-1841
-4701
-1933
826
-2083
-6609
-5458
-724
-604
-5313
-6975
-2949
145
-2199
-4883
-2314
1891
1605
-1317
-746
3112
4275
1607
930
4439
6786
4513
1549
2541
5570
5673
2919
1295
1876
2139
518
-1181
-924
-92
-1032
-3151
-4085
-3174
-2200
-2569
-3406
-3304
-2540
-2481
-3057
-2775
-1310
106
290
-440
-434
613
1306
1335
1848
3298
4143
2836
865
862
2797
4103
2904
781
218
520
-53
-989
-1025
-553
-1241
-3060
-3765
-2740
-2289
-3786
-5216
-4362
-2632
-2709
-3922
-3378
-662
1332
521
-1043
74
3382
5339
4548
3063
3433
5723
7338
6344
4023
3245
4732
5957
4798
2497
1284
1197
698
-602
-1430
-1165
-1092
-2662
-4970
-5557
-4227
-3232
-3853
-5229
-5648
-4642
-3471
-2976
-2761
-2384
-1976
-1629
-465
1513
1994
482
258
2999
5333
3996
1660
2653
5247
4438
615
-195
3756
5646
1184
-3421
-1572
2667
1271
-4026
-4557
-84
724
-4678
-8060
-3829
1048
-1564
-6991
-6079
-448
980
-3171
-4914
-784
2684
879
-1468
820
4471
3700
687
1805
6074
6910
3306
883
2762
5388
4666
2059
1015
1249
726
-509
-1127
-784
-662
-1722
-3144
-3619
-3101
-2607
-2890
-3427
-3239
-2484
-2018
-2076
-2047
-1197
118
666
393
416
978
1345
1397
1942
3179
3717
2535
999
1169
2712
3291
2047
715
540
370
-746
-1660
-1342
-897
-1763
-3126
-3310
-2827
-3340
-4745
-5147
-3619
-1928
-1865
-2590
-2441
-1172
-59
-6
482
2699
4732
4346
2492
2298
5086
8120
7708
4181
2038
3778
6036
5162
2745
1994
2417
1139
-1658
-2334
-182
697
-2028
-5196
-5304
-3801
-3924
-5078
-4665
-3094
-3007
-4622
-5160
-3363
-1548
-1548
-1590
311
2287
1353
-967
-176
3893
5965
3331
549
2280
5483
4413
378
-69
3905
5330
745
-3610
-1594
2705
1429
-3766
-4628
-750
192
-4319
-7290
-3495
1036
-1296
-6745
-6817
-1676
857
-2030
-3828
-833
1581
-302
-1975
1253
5695
4730
600
764
4933
6578
3878
1587
3142
5340
4061
1397
1151
2235
1669
-335
-1276
-618
-725
-2424
-3593
-3236
-2447
-2258
-2912
-3667
-3661
-3072
-2322
-1750
-1494
-1038
-591
-781
-614
719
2123
2237
1119
675
1996
3250
3029
2224
1953
2230
2058
1351
1149
1082
243
-685
-885
-865
-1601
-2791
-3064
-2311
-2026
-3119
-4621
-5040
-4281
-3238
-2316
-1472
-927
-1027
-1462
-1105
852
3663
5328
4502
2310
1761
4471
8062
8433
5139
2402
3338
5547
5063
2603
1918
3026
2057
-1703
-3769
-1602
849
-787
-4454
-5363
-3743
-3656
-5595
-5913
-3575
-2174
-3768
-5375
-4066
-1803
-1621
-1974
236
3038
1830
-2092
-2056
3495
7416
4440
-234
910
5301
4746
-80
-451
4894
6620
432
-5022
-1961
3750
2335
-3760
-4436
526
1128
-5228
-8614
-3102
2914
57
-7006
-7404
-1435
1115
-2211
-3471
669
3009
-789
-3740
633
6738
5850
444
-203
4707
6984
3585
993
3426
5954
3662
-7
242
2559
1871
-1225
-2134
-406
-76
-2559
-4579
-3708
-1826
-1716
-3171
-4168
-3949
-3273
-2668
-1919
-898
-121
-319
-1474
-2085
-476
2506
3752
2174
581
1426
3025
2722
1504
1997
3515
3073
716
-323
911
1565
12
-1538
-1186
-627
-1859
-3385
-2775
-1267
-2053
-4678
-5441
-3464
-1736
-1633
-1196
256
399
-1568
-2383
802
5466
6380
2903
257
2375
6567
7589
4917
2855
3903
5368
4090
1684
1694
3349
2627
-857
-2864
-1415
42
-1497
-3769
-3567
-2402
-3603
-6156
-6203
-3580
-2131
-3384
-4507
-3544
-2466
-2987
-2999
-140
3377
3140
-740
-2788
556
5627
6421
3076
1218
3099
4459
2298
502
3176
6509
3973
-2405
-3980
881
3775
-199
-4554
-2694
757
-1878
-7573
-7120
-657
1951
-3195
-8023
-5726
-1037
-1091
-3387
-1481
2505
1417
-3460
-3456
2844
6819
3822
88
1642
5069
4720
2336
2942
5686
5599
2237
192
1390
2539
1136
-781
-773
-43
-901
-2865
-3849
-3367
-2518
-2096
-2296
-3151
-4050
-3915
-2666
-1371
-587
61
350
-558
-1833
-963
2309
4355
2676
187
719
2807
2651
1059
1778
4261
4067
512
-1709
8
2110
911
-1673
-2017
-915
-1511
-3455
-3644
-1902
-1552
-3850
-5681
-4352
-1645
-730
-1438
-1455
-560
-333
-444
1263
4516
5812
3529
1265
3198
7383
7798
3646
1337
4414
7384
4665
55
332
3759
3171
-1696
-3702
-482
1360
-2470
-6427
-4576
-808
-2087
-6523
-6848
-2799
-996
-3468
-4973
-2812
-1215
-3002
-3839
191
4612
2863
-2532
-2989
2732
6536
3917
581
2259
5227
3300
-891
101
5521
6517
366
-4373
-1268
3565
1556
-4203
-4464
434
1226
-4550
-8282
-4321
919
-525
-5558
-5789
-1525
-342
-3368
-3595
1074
3491
-271
-3546
-48
5468
5192
1123
979
4793
5542
2019
872
4468
6638
3649
406
1263
2803
1011
-1389
-468
1540
353
-2876
-3872
-2473
-2041
-3169
-3289
-2016
-1893
-3578
-4482
-3051
-986
-207
-360
-438
-565
-865
-385
1365
2993
2884
1569
903
1241
1357
1055
1636
3113
3237
811
-1864
-1873
213
1275
89
-1453
-1758
-1800
-2778
-3560
-2742
-1628
-2294
-3873
-3763
-1769
-162
-116
-505
-242
344
990
2454
4584
5184
3289
1935
4212
7679
7128
2859
1009
4082
6707
4178
80
118
2585
1637
-2494
-3820
-828
705
-2840
-6723
-5393
-1589
-1779
-5507
-6585
-3555
-1567
-3280
-4789
-2929
-789
-1822
-3067
-158
3934
2791
-2060
-2311
3650
7439
4122
144
2114
5566
3257
-1402
171
6219
6506
-683
-5097
-964
3827
898
-4863
-3906
1496
950
-6024
-8529
-2421
2510
-1444
-7430
-5688
476
941
-3777
-3931
1896
4106
-845
-3906
973
6415
4272
-775
331
5557
5900
1207
38
4446
6751
3131
-384
1029
3246
1377
-1723
-1140
1277
345
-3409
-4798
-2634
-1029
-2199
-3569
-2996
-2104
-2651
-3351
-2430
-624
258
-57
-590
-734
-382
566
1735
2149
1687
1539
2087
2034
1007
786
2292
3518
2397
-32
-1142
-393
270
-467
-1581
-1798
-1682
-2228
-2869
-2614
-2121
-2643
-3625
-3422
-2115
-1343
-1403
-946
187
509
-76
592
3380
5636
4654
2032
2039
5619
8424
6484
2149
1173
4259
6089
3765
953
1194
2205
402
-2692
-2891
-383
195
-2926
-5773
-5004
-2979
-3316
-5075
-5064
-3340
-2668
-3705
-4153
-2839
-1597
-1749
-1407
1074
3172
1615
-1482
-806
3696
6015
3367
682
2443
5165
3410
-450
265
4799
5234
-370
-4022
-671
3383
894
-4369
-4088
503
624
-5052
-7654
-2809
1729
-1283
-6682
-5656
-227
813
-3015
-3681
864
3082
-643
-3281
712
5584
4081
-207
653
5303
5987
2124
755
4069
6109
3327
155
877
2694
1378
-1315
-1220
756
375
-2708
-4627
-3454
-1469
-1221
-2382
-3235
-3189
-2855
-2580
-1987
-898
46
111
-583
-1119
-507
1293
2751
2332
1004
1075
2338
2335
822
481
2287
3408
1542
-1160
-1237
587
724
-1234
-2198
-1256
-1056
-2703
-3655
-2340
-1244
-2755
-4780
-3925
-1234
-512
-1921
-1930
223
1152
-328
-486
2991
6329
5131
1505
1354
5692
8969
6983
2821
2066
4693
5858
3618
1306
1662
2516
631
-2644
-3211
-973
-225
-2746
-5223
-4900
-3542
-3825
-5028
-4816
-3376
-2980
-3898
-3953
-2580
-1836
-2374
-1894
758
2906
1729
-1005
-785
3031
5694
4024
1410
2283
4668
3618
212
337
4399
5579
743
-3739
-1750
2592
1495
-3568
-4279
166
1247
-4203
-7859
-3564
2019
93
-5940
-6371
-1157
860
-2503
-3627
687
3317
-191
-3224
439
5643
4733
406
424
4396
5463
2444
1021
3305
4650
2413
373
1409
2409
482
-1691
-1061
424
-292
-2338
-3121
-2583
-2379
-2673
-2421
-1974
-2525
-3367
-2760
-1166
-450
-646
-486
-22
-51
18
1202
2620
2453
1085
868
2246
2807
1464
544
1682
2618
1070
-1041
-816
593
122
-1873
-2497
-1423
-1206
-2651
-3419
-2208
-1306
-2766
-4514
-3500
-883
-181
-1403
-1367
461
1092
-202
112
3772
6777
5084
1273
1248
5717
9053
7084
2765
1843
4608
5836
3145
533
1406
2780
464
-3554
-4027
-1062
-92
-3137
-5826
-4907
-3267
-4304
-6101
-5200
-2707
-2207
-3766
-4296
-2896
-1842
-2044
-1201
1834
3796
1534
-2009
-1151
3677
6133
3695
1222
2676
4766
2856
-588
529
5292
5961
362
-3767
-920
3200
1186
-3712
-3200
1627
1526
-5079
-8371
-2952
2827
158
-6119
-5995
-712
546
-3203
-3840
824
2902
-1167
-3822
318
5049
3277
-951
168
4383
4274
722
341
3773
4936
1713
-260
1755
3016
821
-1322
-355
1350
205
-2209
-2474
-1495
-1575
-2085
-1585
-964
-1719
-2685
-1973
-508
-74
-166
374
683
-419
-1249
442
2875
2429
-81
-461
1659
2221
67
-893
1200
2639
534
-2248
-1759
402
-90
-2498
-2835
-1313
-1302
-3244
-4020
-2213
-915
-2342
-3703
-2340
-183
-34
-866
16
1791
1613
203
1061
4595
6843
5052
2023
2436
6173
8312
5929
2294
2209
4930
5367
2156
-63
1573
3017
67
-4140
-3973
-660
-383
-4215
-6572
-4544
-2467
-4291
-6874
-5530
-2075
-1577
-3794
-4137
-1945
-1146
-2486
-1790
2121
4094
836
-2799
-809
4390
5655
2369
794
3261
4564
1476
-1098
1868
6470
5283
-773
-3312
521
3633
621
-3381
-1591
2494
644
-5798
-7245
-1448
2508
-1251
-6269
-4902
-582
-866
-4086
-2896
1897
2163
-2977
-4703
670
5198
2766
-991
810
4591
3653
201
813
4558
4978
1426
-367
1451
2384
269
-1235
148
1313
-361
-2674
-2740
-1363
-806
-1155
-1209
-1130
-1708
-2200
-1416
-68
419
305
449
303
-655
-984
678
2598
2002
-182
-340
1586
1763
-503
-1127
1311
2635
157
-2680
-2017
256
-61
-2433
-2843
-1024
-795
-2927
-3761
-2017
-1054
-2666
-3877
-2226
163
361
-782
-745
413
1102
1819
4009
6220
5379
2261
1701
5565
9054
7224
2548
1468
4627
6031
2760
-371
991
3199
853
-3697
-4001
-435
192
-4080
-7048
-4612
-1518
-3300
-7010
-6349
-2259
-976
-3494
-4591
-2310
-913
-2445
-2431
1821
4908
1732
-2952
-1478
4165
5666
2020
444
3598
5141
1139
-2244
1300
6841
5363
-1548
-3977
632
3918
410
-3965
-2084
2360
918
-5262
-6794
-1394
2258
-1361
-6007
-4465
-284
-1006
-4870
-3903
1827
3514
-1551
-4807
-416
5030
3709
-519
511
5026
4981
442
-692
3527
6054
3101
-72
1019
2740
759
-1986
-860
2001
1403
-2180
-3814
-2214
-797
-1356
-1894
-1114
-707
-1927
-3031
-2073
-65
792
405
3
-322
-767
-352
1282
2447
1790
455
198
713
510
-252
157
1673
1710
-692
-2709
-1917
-67
-211
-2000
-2629
-1534
-1109
-2473
-3520
-2630
-1496
-2104
-3211
-2277
373
1718
372
-1324
-553
2235
4500
5088
4543
3475
2838
4099
6752
7522
4806
1933
2597
4974
4564
1538
283
1749
1710
-1736
-4325
-2637
-217
-1844
-5580
-6116
-3480
-2556
-4821
-6195
-4137
-1877
-2671
-4243
-3224
-1307
-1634
-2438
-185
3190
2629
-1270
-2140
2218
5853
4003
818
2139
5232
3548
-1121
-761
4917
6758
966
-4128
-1370
3684
2220
-3236
-3544
1163
1693
-4142
-7278
-2601
2319
-266
-5828
-5504
-507
730
-2968
-3932
708
3691
-14
-4251
-1656
4170
4661
229
-958
3154
5358
1768
-1509
1171
5414
4315
-102
-904
1952
2369
-957
-2580
157
2596
342
-3752
-4083
-801
890
-909
-2494
-1492
-358
-1290
-2461
-1317
1088
1791
347
-1237
-1245
170
1365
1525
1162
708
488
411
-24
-306
280
1162
1169
-182
-1906
-2337
-1328
-516
-981
-1806
-1880
-1793
-2458
-3164
-2647
-1381
-1159
-2138
-2198
-271
1658
1365
-302
-589
1514
4214
5245
4236
2708
2536
4422
6868
7064
4404
2033
2631
4244
3494
1176
646
1725
837
-2521
-4195
-2154
-345
-2420
-5598
-5348
-2863
-2667
-4854
-5294
-2980
-1520
-2727
-3761
-2320
-710
-1521
-2352
251
3925
3191
-1283
-2336
2335
6007
3853
284
1436
4883
3464
-1379
-1217
4408
6528
874
-4646
-1989
3416
2136
-3427
-4134
593
1731
-3956
-7516
-3158
1973
-115
-5772
-5837
-723
769
-2813
-3837
442
3336
198
-3431
-904
4371
4733
781
-259
3231
5198
2638
178
1732
4359
3657
783
-138
1194
1487
-340
-1690
-685
960
523
-1897
-3430
-2198
87
368
-1407
-2366
-1350
-509
-1227
-1599
0
1735
1123
-1005
-1712
-193
1293
1041
229
376
763
220
-651
-744
-87
663
857
-49
-1706
-2636
-1934
-691
-589
-1461
-1692
-1103
-1416
-3003
-3549
-1830
-323
-1278
-2532
-965
1830
1819
-627
-963
2443
5919
6016
3873
2601
3243
4894
6381
6401
4483
2581
2907
4051
2907
290
-92
1603
1096
-2429
-4292
-2137
-233
-2425
-5592
-4936
-2093
-2243
-5277
-6107
-3377
-1499
-2853
-4004
-2226
-387
-1508
-2809
-257
3775
3439
-858
-2208
2073
5950
4216
726
1661
4957
3955
-520
-738
4449
6361
619
-4725
-1934
3533
2015
-4199
-4880
585
2016
-4036
-7953
-3147
2628
140
-6133
-5946
-330
1115
-2960
-3935
1078
3913
-315
-4353
-967
4889
4626
121
-466
3330
4658
1754
173
2427
4169
2400
238
805
2082
1151
-805
-1069
66
446
-478
-1720
-2580
-2674
-1734
-577
-633
-1705
-2126
-1587
-1394
-1583
-598
1396
1853
-158
-1849
-693
1681
2203
1117
830
1451
1148
-14
-124
1091
1899
1411
350
-673
-1595
-1883
-1088
-240
-735
-2066
-2647
-2545
-3005
-3641
-2895
-1320
-1282
-2757
-2744
-171
1857
882
-845
65
3054
5053
4968
3970
3205
3482
5230
6950
6143
3339
2142
3620
4393
2424
532
1165
1694
-882
-3951
-3152
-93
-327
-4366
-6687
-4601
-2280
-3544
-5767
-4884
-2282
-2044
-3859
-3846
-1388
-195
-1624
-1850
1467
4141
1910
-1707
-341
4655
5981
2277
249
3198
5324
1906
-1790
1037
6364
4890
-2298
-4550
1037
4639
88
-5004
-2604
2020
-333
-6667
-6584
22
2360
-3374
-7739
-3950
1221
-305
-4449
-3008
1901
1966
-2587
-3249
2101
5489
2438
-853
1319
4892
4037
893
840
3404
4054
1972
548
1197
1621
408
-772
-460
409
445
-560
-2080
-3090
-2484
-792
-223
-1533
-2653
-2048
-1192
-1581
-1654
327
2362
1337
-1582
-2140
516
2623
1852
568
1172
2028
865
-839
-327
1697
2257
711
-924
-1436
-1466
-1529
-1261
-738
-841
-1924
-3166
-3606
-3125
-2250
-1656
-1788
-2322
-2273
-1155
359
1207
1105
840
1542
3351
4953
4830
3150
2112
3712
6774
7542
4653
1654
2112
4232
3899
1399
536
1666
1019
-2207
-3696
-1349
584
-1711
-5352
-5580
-3200
-2601
-4458
-5202
-3384
-2005
-3090
-4054
-2356
-266
-940
-2491
-905
2664
3053
-335
-1825
1623
5219
4020
960
1606
4450
3658
-242
-560
3980
6053
1365
-3773
-2056
3047
2833
-2448
-4226
-230
1623
-2963
-6836
-3415
1862
464
-5149
-6043
-1608
417
-2440
-3852
-407
2289
-352
-3424
-815
4018
3954
306
-145
3063
4375
2343
1237
2956
4180
2567
625
1043
2173
1274
-663
-949
151
338
-853
-2083
-2658
-2554
-1625
-545
-702
-1989
-2678
-2097
-1330
-942
-149
1149
1393
-197
-1550
-299
2336
3063
1569
645
1312
1531
403
-155
972
2027
1285
-436
-1388
-1329
-1161
-1190
-970
-653
-1065
-2211
-3032
-2929
-2380
-2010
-2039
-2332
-2406
-1874
-1016
-337
106
464
815
1627
3319
4835
4353
2360
2095
5057
7861
6428
2330
1068
3739
5289
2905
489
1362
2255
-477
-3723
-2677
544
16
-4196
-6195
-3945
-2044
-3489
-5116
-3874
-2123
-2968
-4558
-3370
-549
-228
-2442
-2593
1013
3764
1763
-1552
-462
3861
5144
2181
499
2782
4368
1652
-1089
1330
5546
4301
-1537
-3678
453
3573
417
-3870
-2639
1147
129
-4759
-5624
-911
1739
-1933
-5942
-4192
-176
-223
-2740
-1909
1552
1696
-1848
-2754
1358
4693
2761
-413
650
3785
3446
461
313
3423
4576
1905
-396
544
2027
1045
-890
-921
352
273
-1523
-2837
-2345
-1107
-652
-1105
-1636
-1783
-1667
-1469
-1162
-545
464
1142
470
-898
-804
1101
2459
1858
862
1041
1494
858
-96
312
1706
1937
426
-1080
-1372
-1114
-1086
-1165
-1153
-1295
-1876
-2627
-2812
-2314
-1928
-1998
-1982
-1673
-1337
-962
-506
-93
345
849
1471
2665
4145
4282
2658
1816
3970
7148
7175
3566
863
2332
4914
4013
961
400
1935
944
-2700
-3866
-1189
135
-2909
-6013
-4918
-2359
-2941
-5349
-5146
-2628
-2003
-3817
-4195
-1855
-370
-1741
-2655
-50
3150
2232
-1210
-1077
3321
5722
3138
684
2650
5213
3204
-646
144
4736
5520
343
-3500
-831
3074
1342
-3308
-3523
296
908
-3490
-6210
-3073
803
-656
-4814
-5049
-1450
35
-2128
-2736
582
2706
-30
-2930
-480
4161
4233
682
-90
2885
4365
1975
115
2188
4407
2795
-47
7
2011
1757
-1021
-1937
66
1080
-681
-2914
-3145
-1619
-801
-1583
-2157
-1768
-1510
-1882
-2106
-1077
693
1189
106
-931
-753
662
2023
2113
1601
1434
1406
1168
720
634
1297
1644
913
-229
-1213
-1480
-929
-562
-740
-1219
-1781
-2165
-2752
-3142
-2412
-1432
-1374
-2230
-2789
-1625
120
517
-58
-151
1200
3103
3919
3742
3141
2837
4079
6154
6622
4453
1957
2401
4551
4255
1658
573
1637
1353
-1626
-3595
-1818
356
-1446
-5313
-5917
-3326
-2475
-4471
-5432
-3740
-2375
-3204
-4013
-2605
-838
-1440
-2631
-888
2605
3018
-33
-1401
1592
4620
3453
904
1562
4418
3608
-352
-806
3333
5924
1828
-3134
-1878
2386
2330
-2397
-3755
87
1785
-2240
-6014
-3532
1167
747
-3866
-5186
-1570
711
-1669
-3820
-952
2755
1226
-2422
-1393
3115
4253
677
-1011
2507
5392
3229
-123
603
3855
3787
577
-379
1532
2303
113
-2176
-1084
1096
256
-2424
-3349
-1704
-279
-1235
-2671
-2223
-1139
-1077
-1797
-1867
-401
743
343
-707
-575
577
1100
1132
968
1624
1968
891
141
276
1183
1388
705
381
-261
-1320
-1782
-1070
-193
-514
-1797
-2619
-2406
-2398
-2305
-1650
-1348
-1445
-2322
-2460
-759
497
929
535
6
994
2560
4097
4354
2958
2469
4229
6443
5960
3175
1677
3285
4934
3581
1290
1032
2045
901
-1837
-2649
-1005
-17
-2008
-4429
-4603
-3342
-3113
-4118
-4033
-3049
-3114
-3936
-3764
-2182
-1065
-2008
-2777
-631
2311
2180
-687
-1268
2441
4941
2897
565
2124
5015
3610
-537
-497
4093
5782
965
-3143
-736
3126
1486
-3687
-3780
842
1555
-3229
-6352
-2904
1196
-648
-5062
-4778
-336
709
-2821
-4302
-510
2637
126
-2943
-549
3982
3581
-704
-1081
3692
5839
2252
-844
1232
4619
3573
201
139
2548
2274
-791
-2001
203
1930
-247
-3282
-3272
-1163
57
-1247
-2691
-2103
-1274
-1558
-2219
-1520
401
875
-440
-1554
-753
1293
1820
1063
665
1236
2035
1203
121
485
1614
2440
1728
228
-308
-322
-550
-342
-124
-544
-1498
-2691
-2914
-2318
-1805
-1758
-2664
-3296
-2554
-1950
-1863
-949
538
1234
212
-1018
550
4483
6115
3480
779
2112
6034
6979
3822
1276
2440
5175
4408
1416
916
1857
1493
-960
-2759
-1553
22
-607
-3430
-5217
-3947
-2494
-2582
-3565
-4044
-3362
-2694
-2668
-2427
-1490
-1157
-1775
-1168
1345
2553
439
-1620
335
4229
4337
817
143
3785
5054
906
-1926
1645
5857
3509
-2191
-2929
1409
2795
-1511
-4469
-1307
2353
-543
-6379
-6012
-385
1234
-3058
-5971
-3153
285
-1322
-4054
-1889
1893
1175
-2060
-1547
2760
4266
1170
-465
2634
5452
3680
786
1348
4252
4352
1731
524
1384
2029
158
-1343
-322
600
-279
-2290
-2905
-1900
-1186
-1523
-2054
-2049
-1899
-1865
-1943
-1274
-15
432
-170
-920
-644
644
1418
1109
745
1086
1883
1828
543
-77
999
2247
1941
428
-506
-322
-114
-326
-365
-261
-833
-2232
-3210
-2662
-1470
-1335
-2446
-3315
-2796
-2051
-2386
-2307
-490
1577
1544
-731
-1643
1232
4648
5084
3322
2235
3445
5437
5958
4900
3418
3099
4234
4589
2961
1185
994
1425
289
-1984
-2340
-619
-527
-3347
-5779
-4957
-2527
-2320
-4455
-5238
-3495
-2279
-3393
-4087
-2029
51
-680
-1962
-615
1990
1905
-525
-347
3253
4841
2065
-71
2367
5023
2479
-1531
27
4959
4853
-923
-3815
-169
2931
47
-3584
-1707
1776
-403
-5809
-5747
141
2788
-1751
-6191
-4144
81
-364
-3446
-2765
965
1562
-1630
-2577
1089
4044
2414
-88
1140
4105
3937
1318
923
3140
4313
2864
1127
1327
1806
819
-325
-563
63
507
-848
-2574
-2766
-1936
-946
-1135
-2225
-2219
-1507
-1541
-1872
-1546
-71
977
-43
-1015
-228
1578
1668
128
479
2155
2451
464
-629
1222
2680
1655
-383
-356
1147
588
-1565
-1923
-274
-359
-2598
-3593
-2165
-849
-2254
-3935
-3388
-1728
-1508
-3334
-2970
-141
1578
1115
-447
-366
1598
3440
4220
4175
3503
3379
4667
5643
5148
3636
3071
4247
4525
2848
1295
1029
1347
776
-1067
-2080
-1218
-676
-2359
-4768
-4924
-3004
-2134
-3331
-4372
-3817
-3065
-3555
-3864
-2250
-504
-923
-2042
-1225
948
1085
-1036
-572
3347
4870
1864
-506
1672
4603
2672
-1084
434
5191
4835
-1086
-3850
383
4118
1124
-3294
-1905
1960
132
-5701
-6060
170
3268
-1755
-7020
-4851
387
688
-2753
-3302
35
1666
-981
-2194
1259
4464
2368
-1643
-10
4820
5628
2141
-374
1724
4127
2732
779
1426
2915
1368
-2236
-2302
961
2167
-509
-3921
-3597
-664
-134
-1921
-3013
-1946
-665
-1775
-2605
-1198
640
665
-1061
-1074
882
1998
1102
-36
1178
2796
1993
365
279
1701
2634
1472
244
524
447
-547
-1260
-586
658
-248
-2515
-2907
-1909
-1766
-2476
-2623
-1923
-1976
-3269
-4141
-3358
-1194
858
1388
403
-828
-1020
616
3468
5582
5240
2836
1686
3623
6347
6072
3286
2388
4461
5370
1958
-944
748
3221
1542
-3045
-3686
-303
184
-4139
-7194
-4203
-13
-1088
-5530
-6285
-2815
-1352
-3086
-3444
-626
1070
-1669
-4054
-1199
3212
3011
-610
-629
3029
3577
543
-110
3614
5726
1850
-2126
127
4625
3690
-1327
-2173
1824
3282
-910
-4339
-1522
2057
114
-4347
-4467
-620
199
-3267
-5058
-2170
793
-550
-3688
-3353
126
1448
-211
-939
1279
3111
1349
-353
1582
4629
4441
1330
500
2800
3798
2147
685
1164
1806
686
-1050
-922
102
-171
-1515
-2609
-2091
-1315
-1757
-2365
-2230
-1499
-1008
-988
-1093
-1095
-647
188
651
605
573
1196
1551
880
1160
2148
2421
1420
141
830
1898
1727
779
19
11
-490
-1384
-1003
248
-120
-2236
-3504
-2453
-1159
-2005
-3249
-3031
-2328
-2504
-3135
-2332
-367
607
345
-299
-699
114
2149
4236
4847
3381
1840
2536
4784
5821
4491
2918
3200
4027
3165
1281
789
1869
1970
-144
-2175
-1925
-753
-1302
-3397
-4260
-3025
-2249
-3472
-4835
-4225
-2312
-1690
-2747
-2850
-1425
-1034
-2102
-1722
1147
2987
949
-1678
-313
3081
3403
1157
1245
3887
3583
-591
-1885
2449
5725
2534
-2665
-2384
1848
2267
-1496
-2645
362
1584
-2130
-5419
-3149
733
167
-3395
-4449
-1922
-172
-1786
-3158
-1120
1351
816
-1072
-801
1587
2565
1305
1142
3030
4129
2821
984
1327
3008
3298
2311
1523
1343
1112
12
-852
-241
622
214
-1441
-2903
-2817
-1958
-1666
-1790
-1674
-1350
-1505
-2147
-2205
-1152
279
879
268
-479
-279
585
1114
1298
1940
2510
1847
485
-3
999
2078
1795
998
456
-357
-1178
-1242
-380
322
-635
-2302
-2763
-2284
-1982
-2148
-2144
-1623
-1716
-2840
-3480
-2570
-714
811
1217
589
-349
-300
1533
4038
5052
3780
2029
2336
4527
5580
3880
1968
2775
4682
3922
842
-392
1413
2325
-233
-2882
-1803
487
-930
-4898
-5765
-2640
-695
-2607
-4710
-3724
-2012
-2719
-3968
-2430
297
165
-2139
-2121
739
1997
46
-978
1536
3982
2764
547
1547
4017
3235
68
-80
3309
4478
935
-2282
-796
2284
1709
-1618
-2633
-425
398
-2513
-5068
-3291
91
-244
-3810
-5216
-2678
-511
-1718
-3253
-1598
1194
732
-1607
-1157
2080
3519
1388
256
2481
4380
2856
568
1631
4067
3850
1541
539
1457
1598
117
-849
-70
628
-564
-2430
-2731
-1691
-1143
-1466
-1791
-1628
-1608
-2161
-2287
-1361
-10
634
72
-539
-544
-22
1078
1803
2251
2348
1770
1205
549
770
1636
2058
2044
1370
548
-362
-1051
-917
9
569
-310
-2074
-3308
-3183
-2935
-2636
-1700
-1007
-1817
-3929
-4735
-3231
-1142
-175
187
612
426
-678
-1117
1235
4714
6124
4460
2011
1861
3859
5932
6098
4676
3669
3593
3183
1820
929
1434
1900
573
-1763
-2855
-2277
-1897
-2947
-4145
-3980
-3158
-3346
-4542
-5178
-4375
-2890
-1907
-1726
-1878
-1864
-1614
-1066
245
1946
2420
1335
532
1307
2763
3344
2984
2969
3239
2198
477
863
3280
4049
1326
-1615
-1129
1031
890
-1351
-2253
-1072
-1139
-3820
-5098
-2419
159
-1586
-5079
-5035
-1745
-274
-2161
-3284
-1039
1197
36
-1775
-202
2979
3255
886
501
3363
5137
3260
998
1801
4091
4176
1986
778
1517
1729
354
-701
-207
569
-119
-1973
-2947
-2178
-1091
-1259
-2395
-2865
-2059
-1310
-1657
-2097
-1273
197
479
-477
-629
766
1926
1561
785
1405
2896
2813
1135
654
2094
2978
1767
184
191
759
184
-869
-1001
-539
-1072
-2906
-3983
-3052
-1863
-2188
-3325
-3694
-3084
-2881
-3647
-3697
-2056
-445
-474
-1139
-436
1205
1529
833
1695
4359
5939
4588
2603
3254
5683
6597
5367
4070
3888
3813
2857
1853
1872
2231
1517
-300
-1912
-2537
-2706
-2886
-2892
-2843
-3225
-4226
-5123
-4837
-3721
-2800
-2293
-2348
-2764
-2899
-2432
-1165
172
836
1416
1598
685
112
1335
3331
3810
2591
2086
2746
2244
468
259
2423
3763
1756
-1166
-1311
309
-16
-2149
-2369
-130
378
-2732
-5481
-4335
-1387
-786
-2629
-3193
-1688
-1376
-2723
-2539
200
2408
1284
-850
-219
1989
2554
1548
1429
2998
3792
2438
1254
1785
2621
2480
1941
1852
1564
354
-788
-759
-65
89
-587
-1485
-2221
-2662
-2424
-1504
-789
-977
-1548
-1764
-1790
-1711
-788
962
1875
790
-822
-629
1157
2198
1860
1860
2636
2364
637
-185
1219
2810
2282
415
-470
-80
-82
-915
-1121
-281
-154
-1727
-3322
-3194
-2172
-1982
-2443
-2342
-1984
-2623
-3831
-3720
-1878
-178
-171
-1017
-864
490
1515
1481
1567
2770
4127
4194
3272
2929
3782
4790
4716
3674
2799
2620
2648
2368
1734
934
205
-282
-632
-1135
-1707
-1989
-2115
-2490
-3043
-3150
-2578
-2278
-2876
-3472
-3156
-2092
-1171
-1065
-1382
-1603
-1585
-897
447
1550
1492
390
-138
951
2323
2494
1991
1968
2034
1119
84
778
2469
2414
191
-1406
-694
321
-494
-1839
-1431
-182
-907
-3417
-4286
-2144
44
-530
-2390
-2484
-1011
-491
-1207
-930
908
1862
502
-942
65
2422
3029
1567
784
1768
2638
2143
1295
1387
1921
1568
609
311
719
854
108
-959
-1319
-890
-450
-640
-1257
-1636
-1631
-1498
-1447
-1265
-587
-205
-699
-969
-300
713
1056
515
456
1258
1464
796
456
1248
2328
1889
441
232
1134
1294
332
-438
-43
353
-703
-1979
-1824
-990
-920
-1879
-2669
-2341
-2090
-2730
-3041
-2329
-1311
-1230
-2208
-2486
-1435
-413
42
579
1518
2018
1257
492
1568
3894
5060
4084
2730
2820
3720
3882
3316
3050
3097
2536
1351
538
505
674
380
-447
-1334
-1800
-1915
-2092
-2419
-2678
-2826
-2875
-2734
-2478
-2322
-2319
-2315
-2039
-1326
-472
-174
-572
-746
-19
997
1343
1000
843
1225
1515
1263
812
1022
1669
1329
198
-8
825
1260
355
-861
-490
339
-286
-1577
-1814
-711
-378
-1640
-2495
-1613
-181
-170
-1457
-1896
-606
482
282
-118
272
786
371
86
981
2221
2176
914
307
932
1680
1543
1006
907
954
593
-49
-261
3
31
-457
-902
-654
-365
-685
-1279
-1510
-1038
-496
-228
-343
-698
-728
-369
138
436
522
500
475
519
784
1225
1389
1178
678
597
1058
1168
534
-252
-112
520
430
-497
-1319
-1268
-918
-1029
-1396
-1626
-1846
-2233
-2520
-2184
-1288
-868
-1243
-1596
-1557
-1316
-966
-169
945
1610
1218
275
504
1932
3134
3369
2946
2696
2615
2531
2518
2614
2670
2252
1465
959
960
890
353
-218
-406
-546
-1016
-1459
-1574
-1692
-2060
-2279
-2015
-1672
-1741
-2011
-1948
-1513
-1107
-955
-946
-852
-502
76
511
456
112
102
644
1177
1151
865
913
1059
628
-78
-33
737
960
82
-819
-759
-347
-592
-1105
-888
-268
-491
-1438
-1541
-447
295
-244
-839
-301
607
614
131
379
1129
1343
807
612
1158
1354
834
393
917
1511
870
-282
-613
-15
308
-54
-359
-390
-692
-1493
-1995
-1484
-505
-175
-663
-1280
-1552
-1381
-740
233
977
888
44
-617
-235
849
1599
1640
1366
1052
759
660
953
1475
1729
1349
542
9
22
72
-290
-669
-533
-239
-643
-1656
-2059
-1522
-839
-835
-1189
-1202
-1310
-1735
-2037
-1537
-527
-176
-426
-486
2
417
380
690
1737
2573
2234
1340
1135
1732
2255
2277
2099
1871
1374
652
322
632
887
472
-242
-657
-875
-1170
-1349
-1230
-1065
-1042
-1024
-988
-1041
-1015
-672
-129
303
492
491
398
300
334
725
1410
1751
1214
298
-45
308
649
517
181
-152
-682
-1405
-1706
-1280
-766
-1010
-1910
-2478
-2379
-1929
-1679
-1622
-1310
-982
-873
-1094
-1068
-280
637
995
715
589
980
1360
1497
1728
2248
2472
1942
1248
1181
1575
1699
1367
911
521
55
-341
-394
-267
-239
-554
-913
-936
-847
-819
-1050
-1225
-958
-669
-610
-805
-837
-500
-338
-244
24
395
618
306
-154
-97
537
990
696
267
251
309
144
71
388
799
627
-219
-810
-445
221
173
-330
-439
-238
-328
-693
-688
-170
62
-337
-574
-189
192
-90
-669
-726
-276
25
38
139
373
322
-71
-180
349
996
1056
599
286
320
434
586
810
925
721
267
63
330
540
271
-141
-182
43
43
-168
-206
-61
-24
-147
-122
161
383
343
167
47
75
258
550
629
159
-400
-339
127
220
-287
-759
-632
-387
-761
-1320
-1069
-274
-269
-1215
-1656
-873
-30
-277
-943
-782
-80
-16
-612
-691
149
697
175
0
0
0
0
0
0
0
0
0
0
0
0
0
0
0
0
0
0
0
0
0
0
0
0
0
0
0
0
0
0
0
0
0
0
0
0
0
0
0
0
0
0
0
0
0
0
0
0
0
0
0
0
0
0
0
0
0
0
0
0
0
0
0
0
0
0
0
0
0
0
0
0
0
0
0
0
0
0
0
0
0
0
0
0
0
0
0
0
0
0
0
0
0
0
0
0
0
0
0
0
0
0
0
0
0
0
0
0
0
0
0
0
0
0
0
0
0
0
0
0
0
0
0
0
0
0
0
0
0
0
0
0
0
0
0
0
0
0
0
0
0
0
0
0
0
0
0
0
0
0
0
0
0
0
0
0
0
0
0
0
0
0
0
0
0
0
0
0
0
0
0
0
0
0
0
0
0
0
0
0
0
0
0
0
0
0
0
0
0
0
0
0
0
0
0
0
0
0
0
0
0
0
0
0
0
0
0
0
0
0
0
0
0
0
0
0
0
0
0
0
0
0
0
0
0
0
0
0
0
0
0
0
0
0
0
0
0
0
0
0
0
0
0
0
0
0
0
0
0
0
0
0
0
0
0
0
0
0
0
0
0
0
0
0
0
0
0
0
0
0
0
0
0
0
0
0
0
0
0
0
0
0
0
0
0
0
0
0
0
0
0
0
0
0
0
0
0
0
0
0
0
0
0
0
0
0
0
0
0
0
0
0
0
0
0
0
0
0
0
0
0
0
0
0
0
0
0
0
0
0
0
0
0
0
0
0
0
0
0
0
0
0
0
0
0
0
0
0
0
0
0
0
0
0
0
0
0
0
0
0
0
0
0
0
0
0
0
0
0
0
0
0
0
0
0
0
0
0
0
0
0
0
0
0
0
0
0
0
0
0
0
0
0
0
0
0
0
0
0
0
